    3    1    E
    2    0    0   10
    1  0.000000E+00
    1  T  1  1 0  -9.00000E+00
    2  T  1  2 0  -2.25000E+00
    3  T  1  3 0  -1.00000E+00
    4  T  1  4 0  -5.62500E-01
    5  T  1  5 0  -3.60000E-01
    6  T  1  6 0  -2.50000E-01
    7  T  1  7 0  -1.83673E-01
    8  T  1  8 0  -1.40625E-01
    9  T  1  9 0  -1.11111E-01
   10  T  1 10 0  -9.00000E-02
    2    1    1    9
    1  0.000000E+00
    1  T  1  2 1  -2.25000E+00
    2  T  1  3 1  -1.00000E+00
    3  T  1  4 1  -5.62500E-01
    4  T  1  5 1  -3.60000E-01
    5  T  1  6 1  -2.50000E-01
    6  T  1  7 1  -1.83673E-01
    7  T  1  8 1  -1.40625E-01
    8  T  1  9 1  -1.11111E-01
    9  T  1 10 1  -9.00000E-02
    2    2    0    8
    1  0.000000E+00
    1  T  1  3 2  -1.00000E+00
    2  T  1  4 2  -5.62500E-01
    3  T  1  5 2  -3.60000E-01
    4  T  1  6 2  -2.50000E-01
    5  T  1  7 2  -1.83673E-01
    6  T  1  8 2  -1.40625E-01
    7  T  1  9 2  -1.11111E-01
    8  T  1 10 2  -9.00000E-02
    2    3    1    7
    1  0.000000E+00
    1  T  1  4 3  -5.62500E-01
    2  T  1  5 3  -3.60000E-01
    3  T  1  6 3  -2.50000E-01
    4  T  1  7 3  -1.83673E-01
    5  T  1  8 3  -1.40625E-01
    6  T  1  9 3  -1.11111E-01
    7  T  1 10 3  -9.00000E-02
    2    4    0    6
    1  0.000000E+00
    1  T  1  5 4  -3.60000E-01
    2  T  1  6 4  -2.50000E-01
    3  T  1  7 4  -1.83673E-01
    4  T  1  8 4  -1.40625E-01
    5  T  1  9 4  -1.11111E-01
    6  T  1 10 4  -9.00000E-02
    2    5    1    5
    1  0.000000E+00
    1  T  1  6 5  -2.50000E-01
    2  T  1  7 5  -1.83673E-01
    3  T  1  8 5  -1.40625E-01
    4  T  1  9 5  -1.11111E-01
    5  T  1 10 5  -9.00000E-02
    2    6    0    4
    1  0.000000E+00
    1  T  1  7 6  -1.83673E-01
    2  T  1  8 6  -1.40625E-01
    3  T  1  9 6  -1.11111E-01
    4  T  1 10 6  -9.00000E-02
    2    7    1    3
    1  0.000000E+00
    1  T  1  8 7  -1.40625E-01
    2  T  1  9 7  -1.11111E-01
    3  T  1 10 7  -9.00000E-02
    2    8    0    2
    1  0.000000E+00
    1  T  1  9 8  -1.11111E-01
    2  T  1 10 8  -9.00000E-02
    2    9    1    1
    1  0.000000E+00
    1  T  1 10 9  -9.00000E-02
    0    0    0    0
