    3    3    E
    2    0    0    9
    1  0.000000E+00
    1  T  1  2 0  -3.95287E-01
    2  T  1  3 0  -1.48117E-01
    3  T  1  4 0  -7.71402E-02
    4  T  1  5 0  -4.72310E-02
    5  T  1  6 0  -3.18671E-02
    6  T  1  7 0  -2.29424E-02
    7  T  1  8 0  -1.73028E-02
    8  T  1  9 0  -1.35134E-02
    9  T  1 10 0  -1.08452E-02
    2    1    1    9
    1  0.000000E+00
    1  T  1  2 1  -2.60086E-01
    2  T  1  3 1  -1.14344E-01
    3  T  1  4 1  -6.38932E-02
    4  T  1  5 1  -4.07192E-02
    5  T  1  6 1  -2.81956E-02
    6  T  1  7 1  -2.06718E-02
    7  T  1  8 1  -1.58018E-02
    8  T  1  9 1  -1.24700E-02
    9  T  1 10 1  -1.00906E-02
    2    2    0    8
    1  0.000000E+00
    1  T  1  3 2  -1.11183E-01
    2  T  1  4 2  -6.25392E-02
    3  T  1  5 2  -4.00221E-02
    4  T  1  6 2  -2.77912E-02
    5  T  1  7 2  -2.04168E-02
    6  T  1  8 2  -1.56309E-02
    7  T  1  9 2  -1.23499E-02
    8  T  1 10 2  -1.00031E-02
    0    0    0    0
