    5    5    E
    2    0    0    9
    1  0.000000E+00
    1  T  1  3 0  -2.44426E-01
    2  T  1  4 0  -1.08225E-01
    3  T  1  5 0  -6.14024E-02
    4  T  1  6 0  -3.96803E-02
    5  T  1  7 0  -2.78721E-02
    6  T  1  8 0  -2.08146E-02
    7  T  1  9 0: -1.63766E-02
    8  C  1  0 0: -1.34610E-02
    9  T  1 10 0: -1.12469E-02
    2    0    1    8
    4  9.074620E-01
    1  T  4  3 1   7.21135E-01
    2  T  4  4 1   8.18684E-01
    3  T  4  5 1   8.55112E-01
    4  T  4  6 1   8.72875E-01
    5  T  4  7 1   8.82898E-01
    6  T  4  8 1   8.89114E-01
    7  T  4  9 1   8.93235E-01
    8  T  4 10 1   8.96108E-01
    4    0    0    8
    2  3.403570E-01
    1  T  2  3 1   1.76231E-01
    2  T  2  4 1   2.57775E-01
    3  T  2  5 1   2.90648E-01
    4  T  2  6 1   3.07150E-01
    5  T  2  7 1   3.16608E-01
    6  T  2  8 1   3.22531E-01
    7  T  2  9 1   3.26485E-01
    8  T  2 10 1   3.29255E-01
    4    0    1    9
    4  9.074620E-01
    1  C  2  0 0:  2.83248E-01
    2  T  4  3 1   7.55242E-01
    3  T  4  4 1   8.30293E-01
    4  T  4  5 1   8.60407E-01
    5  T  4  6 1   8.75744E-01
    6  T  4  7 1   8.84628E-01
    7  T  4  8 1   8.90238E-01
    8  T  4  9 1   8.94006E-01
    9  T  4 10 1   8.96660E-01
    2    1    0    9
    2  3.403570E-01
    1  C  1  0 0   6.43677E-02
    2  T  2  3 1   1.86919E-01
    3  T  2  4 1   2.58031E-01
    4  T  2  5 1   2.90312E-01
    5  T  2  6 1   3.06870E-01
    6  T  2  7 1   3.16408E-01
    7  T  2  8 1   3.22389E-01
    8  T  2  9 1   3.26383E-01
    9  T  2 10 1   3.29179E-01
    2    1    1    9
    1  0.000000E+00
    1  T  1  2 1  -6.02229E-01
    2  T  1  3 1  -1.65932E-01
    3  T  1  4 1  -8.29332E-02
    4  T  1  5 1  -4.98949E-02
    5  T  1  6 1  -3.33174E-02
    6  T  1  7 1  -2.38201E-02
    7  T  1  8 1  -1.78744E-02
    8  T  1  9 1  -1.39065E-02
    9  T  1 10 1  -1.11270E-02
    4    1    0    9
    2  3.403570E-01
    1  C  1  0 0  -3.42687E-01
    2  T  2  3 1   1.79762E-01
    3  T  2  4 1   2.59945E-01
    4  T  2  5 1   2.91752E-01
    5  T  2  6 1   3.07780E-01
    6  T  2  7 1   3.16999E-01
    7  T  2  8 1   3.22789E-01
    8  T  2  9 1   3.26663E-01
    9  T  2 10 1   3.29384E-01
    4    1    1   16
    2  3.403570E-01
    1  T  2  3 0   9.62312E-02
    2  T  2  3 2   2.29219E-01
    3  T  2  4 0   2.33789E-01
    4  T  2  4 2   2.77261E-01
    5  T  2  5 0   2.80085E-01
    6  T  2  5 2   2.99979E-01
    7  T  2  6 0   3.01552E-01
    8  T  2  6 2   3.12339E-01
    9  T  2  7 0   3.13287E-01
   10  T  2  7 2   3.19789E-01
   11  T  2  8 0   3.20401E-01
   12  T  2  8 2   3.24621E-01
   13  T  2  9 0   3.25037E-01
   14  T  2  9 2   3.27932E-01
   15  T  2 10 0   3.28227E-01
   16  T  2 11 0   3.30298E-01
    2    2    0    9
    1  0.000000E+00
    1  C  1  0 0  -1.65427E-01
    2  T  1  3 2  -1.09523E-01
    3  T  1  4 2  -6.28113E-02
    4  T  1  5 2  -4.03108E-02
    5  T  1  6 2  -2.79988E-02
    6  T  1  7 2  -2.05618E-02
    7  T  1  8 2  -1.57340E-02
    8  T  1  9 2  -1.24250E-02
    9  T  1 10 2  -1.00593E-02
    2    2    1    8
    2  3.403570E-01
    1  T  2  3 2   2.08888E-01
    2  T  2  4 2   2.63648E-01
    3  T  2  5 2:  2.90709E-01
    4  T  2  6 2:  3.06179E-01
    5  T  2  7 2:  3.15647E-01
    6  T  2  8 2:  3.21756E-01
    7  T  2  9 2:  3.25887E-01
    8  T  2 10 2:  3.28795E-01
    4    2    0   14
    2  3.403570E-01
    1  T  2  3 1   1.62404E-01
    2  T  2  4 1   2.53838E-01
    3  T  2  4 3   2.78203E-01
    4  T  2  5 1   2.88925E-01
    5  T  2  5 3   3.00529E-01
    6  T  2  6 1   3.06240E-01
    7  T  2  6 3   3.12675E-01
    8  T  2  7 1   3.16068E-01
    9  T  2  7 3   3.20008E-01
   10  T  2  8 1   3.22184E-01
   11  T  2  8 3   3.24771E-01
   12  T  2  9 1   3.26249E-01
   13  T  2  9 3   3.28038E-01
   14  T  2 10 1   3.29087E-01
    4    2    1    8
    2  3.403570E-01
    1  T  2  3 2   2.21802E-01
    2  T  2  4 2   2.74882E-01
    3  T  2  5 2   2.98822E-01
    4  T  2  6 2   3.11688E-01
    5  T  2  7 2   3.19388E-01
    6  T  2  8 2   3.24356E-01
    7  T  2  9 2   3.27747E-01
    8  T  2 10 2   3.30165E-01
    2    3    0    7
    2  3.403570E-01
    1  T  2  4 3   2.77048E-01
    2  T  2  5 3   2.99914E-01
    3  T  2  6 3   3.12317E-01
    4  T  2  7 3   3.19781E-01
    5  T  2  8 3   3.24619E-01
    6  T  2  9 3   3.27931E-01
    7  T  2 10 3   3.30298E-01
    2    3    1    7
    1  0.000000E+00
    1  T  1  4 3  -6.27946E-02
    2  T  1  5 3  -4.01790E-02
    3  T  1  6 3  -2.78884E-02
    4  T  1  7 3  -2.04803E-02
    5  T  1  8 3  -1.56744E-02
    6  T  1  9 3  -1.23809E-02
    7  T  1 10 3  -1.00259E-02
    4    3    0    7
    2  3.403570E-01
    1  T  2  4 3   2.77054E-01
    2  T  2  5 3   2.99919E-01
    3  T  2  6 3   3.12321E-01
    4  T  2  7 3   3.19784E-01
    5  T  2  8 3   3.24620E-01
    6  T  2  9 3   3.27932E-01
    7  T  2 10 3   3.30299E-01
    4    3    1   13
    2  3.403570E-01
    1  T  2  3 2   2.23497E-01
    2  T  2  4 2   2.74744E-01
    3  T  2  5 2   2.98632E-01
    4  T  2  5 4   3.00391E-01
    5  T  2  6 2   3.11544E-01
    6  T  2  6 4   3.12607E-01
    7  T  2  7 2   3.19284E-01
    8  T  2  7 4   3.19969E-01
    9  T  2  8 2   3.24282E-01
   10  T  2  8 4   3.24746E-01
   11  T  2  9 2   3.27693E-01
   12  T  2  9 4   3.28022E-01
   13  T  2 10 2   3.30124E-01
    2    4    0    6
    1  0.000000E+00
    1  T  1  5 4  -4.00210E-02
    2  T  1  6 4  -2.77962E-02
    3  T  1  7 4  -2.04220E-02
    4  T  1  8 4  -1.56352E-02
    5  T  1  9 4  -1.23532E-02
    6  T  1 10 4  -1.00057E-02
    2    4    1    6
    2  3.403570E-01
    1  T  2  5 4   3.00282E-01
    2  T  2  6 4   3.12516E-01
    3  T  2  7 4   3.19903E-01
    4  T  2  8 4   3.24699E-01
    5  T  2  9 4   3.27987E-01
    6  T  2 10 4   3.30338E-01
    4    4    0   11
    2  3.403570E-01
    1  T  2  4 3   2.77900E-01
    2  T  2  5 3   3.00365E-01
    3  T  2  6 3   3.12560E-01
    4  T  2  6 5   3.12600E-01
    5  T  2  7 3   3.19933E-01
    6  T  2  7 5   3.19965E-01
    7  T  2  8 3   3.24720E-01
    8  T  2  8 5   3.24744E-01
    9  T  2  9 3   3.28002E-01
   10  T  2  9 5   3.28020E-01
   11  T  2 10 3   3.30350E-01
    4    4    1    6
    2  3.403570E-01
    1  T  2  5 4   3.00282E-01
    2  T  2  6 4   3.12516E-01
    3  T  2  7 4   3.19903E-01
    4  T  2  8 4   3.24699E-01
    5  T  2  9 4   3.27987E-01
    6  T  2 10 4   3.30338E-01
    0    0    0    0
