    5    2    E               
    1    0    0   10          
    1  0.000000E+00           
    1  C  1  0 0  -1.90270E+01
    2  T  1  2 0  -4.15040E+00
    3  T  1  3 0  -1.82210E+00
    4  T  1  4 0  -1.01867E+00
    5  T  1  5 0  -6.49568E-01
    6  T  1  6 0  -4.49977E-01
    7  T  1  7 0  -3.30011E-01
    8  T  1  8 0  -2.52330E-01
    9  T  1  9 0  -1.99166E-01
   10  T  1 10 0  -1.61191E-01
    3    0    0    9          
    1  0.000000E+00           
    1  T  1  2 0  -4.46759E+00
    2  T  1  3 0  -1.90615E+00
    3  T  1  4 0  -1.05264E+00
    4  T  1  5 0  -6.66556E-01
    5  T  1  6 0  -4.59680E-01
    6  T  1  7 0  -3.36071E-01
    7  T  1  8 0  -2.56366E-01
    8  T  1  9 0  -2.01988E-01
    9  T  1 10 0  -1.63242E-01
    1    2    0    8          
    1  0.000000E+00           
    1  T  1  3 2  -1.77817E+00
    2  T  1  4 2  -1.00015E+00
    3  T  1  5 2  -6.40086E-01
    4  T  1  6 2  -4.44491E-01
    5  T  1  7 2  -3.26557E-01
    6  T  1  8 2  -2.50017E-01
    7  T  1  9 2  -1.97543E-01
    8  T  1 10 2  -1.60008E-01
    3    2    0    8          
    1  0.000000E+00           
    1  T  1  3 2  -1.77953E+00
    2  T  1  4 2  -1.00090E+00
    3  T  1  5 2  -6.40508E-01
    4  T  1  6 2  -4.44747E-01
    5  T  1  7 2  -3.26723E-01
    6  T  1  8 2  -2.50130E-01
    7  T  1  9 2  -1.97623E-01
    8  T  1 10 2  -1.60067E-01
    1    1    1    9          
    1  0.000000E+00           
    1  T  1  2 1  -3.95294E+00
    2  T  1  3 1  -1.76490E+00
    3  T  1  4 1  -9.94754E-01
    4  T  1  5 1  -6.37373E-01
    5  T  1  6 1  -4.42940E-01
    6  T  1  7 1  -3.25588E-01
    7  T  1  8 1  -2.49371E-01
    8  T  1  9 1  -1.97090E-01
    9  T  1 10 1  -1.59679E-01
    3    1    1    9          
    1  0.000000E+00           
    1  T  1  2 1  -4.14556E+00
    2  T  1  3 1  -1.81993E+00
    3  T  1  4 1  -1.01761E+00
    4  T  1  5 1  -6.48982E-01
    5  T  1  6 1  -4.49626E-01
    6  T  1  7 1  -3.29786E-01
    7  T  1  8 1  -2.52177E-01
    8  T  1  9 1  -1.99058E-01
    9  T  1 10 1  -1.61112E-01
    0    0    0    0          
