    5    1    E
    2    0    0   10
    1  0.000000E+00
    1  T  1  1 0  -2.50000E+01
    2  T  1  2 0  -6.25000E+00
    3  T  1  3 0  -2.77778E+00
    4  T  1  4 0  -1.56250E+00
    5  T  1  5 0  -1.00000E+00
    6  T  1  6 0  -6.94444E-01
    7  T  1  7 0  -5.10204E-01
    8  T  1  8 0  -3.90625E-01
    9  T  1  9 0  -3.08642E-01
   10  T  1 10 0  -2.50000E-01
    2    1    1    9
    1  0.000000E+00
    1  T  1  2 1  -6.25000E+00
    2  T  1  3 1  -2.77778E+00
    3  T  1  4 1  -1.56250E+00
    4  T  1  5 1  -1.00000E+00
    5  T  1  6 1  -6.94444E-01
    6  T  1  7 1  -5.10204E-01
    7  T  1  8 1  -3.90625E-01
    8  T  1  9 1  -3.08642E-01
    9  T  1 10 1  -2.50000E-01
    2    2    0    8
    1  0.000000E+00
    1  T  1  3 2  -2.77778E+00
    2  T  1  4 2  -1.56250E+00
    3  T  1  5 2  -1.00000E+00
    4  T  1  6 2  -6.94444E-01
    5  T  1  7 2  -5.10204E-01
    6  T  1  8 2  -3.90625E-01
    7  T  1  9 2  -3.08642E-01
    8  T  1 10 2  -2.50000E-01
    2    3    1    7
    1  0.000000E+00
    1  T  1  4 3  -1.56250E+00
    2  T  1  5 3  -1.00000E+00
    3  T  1  6 3  -6.94444E-01
    4  T  1  7 3  -5.10204E-01
    5  T  1  8 3  -3.90625E-01
    6  T  1  9 3  -3.08642E-01
    7  T  1 10 3  -2.50000E-01
    2    4    0    6
    1  0.000000E+00
    1  T  1  5 4  -1.00000E+00
    2  T  1  6 4  -6.94444E-01
    3  T  1  7 4  -5.10204E-01
    4  T  1  8 4  -3.90625E-01
    5  T  1  9 4  -3.08642E-01
    6  T  1 10 4  -2.50000E-01
    2    5    1    5
    1  0.000000E+00
    1  T  1  6 5  -6.94444E-01
    2  T  1  7 5  -5.10204E-01
    3  T  1  8 5  -3.90625E-01
    4  T  1  9 5  -3.08642E-01
    5  T  1 10 5  -2.50000E-01
    2    6    0    4
    1  0.000000E+00
    1  T  1  7 6  -5.10204E-01
    2  T  1  8 6  -3.90625E-01
    3  T  1  9 6  -3.08642E-01
    4  T  1 10 6  -2.50000E-01
    2    7    1    3
    1  0.000000E+00
    1  T  1  8 7  -3.90625E-01
    2  T  1  9 7  -3.08642E-01
    3  T  1 10 7  -2.50000E-01
    2    8    0    2
    1  0.000000E+00
    1  T  1  9 8  -3.08642E-01
    2  T  1 10 8  -2.50000E-01
    2    9    1    1
    1  0.000000E+00
    1  T  1 10 9  -2.50000E-01
    0    0    0    0
