    6    3    E               
    2    0    0    9          
    1  0.000000E+00           
    1  T  1  2 0  -4.73567E+00
    2  T  1  3 0  -1.97910E+00
    3  T  1  4 0  -1.08232E+00
    4  T  1  5 0  -6.81451E-01
    5  T  1  6 0  -4.68185E-01
    6  T  1  7 0  -3.41376E-01
    7  T  1  8 0  -2.59894E-01
    8  T  1  9 0  -2.04453E-01
    9  T  1 10 0  -1.65031E-01
    2    1    1    9          
    1  0.000000E+00           
    1  T  1  2 1  -4.14785E+00
    2  T  1  3 1  -1.82214E+00
    3  T  1  4 1  -1.01876E+00
    4  T  1  5 1  -6.49614E-01
    5  T  1  6 1  -4.50009E-01
    6  T  1  7 1  -3.30034E-01
    7  T  1  8 1  -2.52347E-01
    8  T  1  9 1  -1.99179E-01
    9  T  1 10 1  -1.61201E-01
    2    2    0    8          
    1  0.000000E+00           
    1  T  1  3 2  -1.77946E+00
    2  T  1  4 2  -1.00086E+00
    3  T  1  5 2  -6.40477E-01
    4  T  1  6 2  -4.44731E-01
    5  T  1  7 2  -3.26715E-01
    6  T  1  8 2  -2.50125E-01
    7  T  1  9 2  -1.97620E-01
    8  T  1 10 2  -1.60065E-01
    0    0    0    0          
