    9    7    E
    2    0    0   12
    2  2.261699E-01
    1  C  2  0 0  -2.34097E+00
    2  T  3  3 0  -1.17576E+00
    3  T  2  3 2  -7.63791E-01
    4  T  2  4 2  -3.49898E-01
    5  T  3  4 0  -3.14313E-01
    6  T  2  5 2  -1.36431E-01
    7  T  2  6 2  -2.65934E-02
    8  T  3  5 0   6.44906E-03
    9  T  2  7 2   4.16607E-02
   10  T  2  8 2   8.46856E-02
   11  T  2  9 2   1.14356E-01
   12  T  2 10 2   1.35588E-01
    2    0    1    8
    1  0.000000E+00
    1  T  1  3 1  -1.46813E+00
    2  T  1  4 1  -7.32427E-01
    3  T  1  5 1  -4.41967E-01
    4  T  1  6 1  -2.95832E-01
    5  T  1  7 1  -2.11892E-01
    6  T  1  8 1  -1.59230E-01
    7  T  1  9 1  -1.24022E-01
    8  T  1 10 1  -9.93249E-02
    2    1    0   20
    1  0.000000E+00
    1  C  2  0 0  -2.17169E+00
    2  T  1  3 0  -1.64211E+00
    3  T  1  3 2  -1.05297E+00
    4  T  1  4 0  -8.01272E-01
    5  T  2  3 2  -7.88559E-01
    6  T  1  4 2  -5.86269E-01
    7  T  1  5 0  -4.74466E-01
    8  T  1  5 2  -3.74601E-01
    9  T  2  4 2  -3.44908E-01
   10  T  1  6 0  -3.13617E-01
   11  T  1  6 2  -2.57603E-01
   12  T  1  7 0  -2.22651E-01
   13  T  1  7 2  -1.88801E-01
   14  T  1  8 0  -1.66221E-01
   15  T  1  8 2  -1.45129E-01
   16  T  2  5 2  -1.38493E-01
   17  T  1  9 0  -1.28815E-01
   18  T  1  9 2  -1.13429E-01
   19  T  1 10 0  -1.02754E-01
   20  T  1 10 2  -9.18115E-02
    2    1    1   17
    1  0.000000E+00
    1  C  1  0 0  -4.14741E+00
    2  C  3  0 0  -1.31752E+00
    3  T  2  3 1  -1.09314E+00
    4  T  5  3 2  -9.57321E-01
    5  T  3  3 1  -8.79790E-01
    6  T  1  3 1  -6.72243E-01
    7  T  2  4 1  -4.70104E-01
    8  T  1  4 1  -4.09997E-01
    9  T  2  4 3  -3.33774E-01
   10  T  1  5 1  -2.81793E-01
   11  T  3  4 1  -2.21305E-01
   12  T  1  6 1  -2.04065E-01
   13  T  2  5 1  -1.93639E-01
   14  T  1  7 1  -1.52623E-01
   15  T  2  5 3  -1.32475E-01
   16  T  1  8 1  -1.19802E-01
   17  T  1  9 1  -9.64592E-02
    2    2    0   18
    1  0.000000E+00
    1  C  2  0 0  -2.70532E+00
    2  T  2  3 0  -1.45553E+00
    3  T  1  3 2  -1.00003E+00
    4  T  2  3 2  -8.09301E-01
    5  T  2  4 0  -5.89593E-01
    6  T  1  4 2  -5.69643E-01
    7  T  3  3 2  -5.45877E-01
    8  T  1  5 2  -3.61452E-01
    9  T  2  4 2  -3.52577E-01
   10  T  2  5 0  -2.54120E-01
   11  T  1  6 2  -2.50977E-01
   12  T  1  7 2  -1.84442E-01
   13  T  2  5 2  -1.43811E-01
   14  T  1  8 2  -1.40981E-01
   15  T  2  5 4  -1.33605E-01
   16  T  1  9 2  -1.11782E-01
   17  T  3  4 2  -9.83553E-02
   18  T  1 10 2  -9.03357E-02
    2    2    1   22
    1  0.000000E+00
    1  C  1  0 0  -4.31449E+00
    2  T  1  3 1  -1.35772E+00
    3  T  2  3 1  -1.13215E+00
    4  T  1  4 1  -6.88605E-01
    5  T  1  4 3  -5.66036E-01
    6  T  2  4 1  -4.86057E-01
    7  T  1  5 1  -4.18657E-01
    8  T  1  5 3  -3.62261E-01
    9  T  2  4 3  -3.36838E-01
   10  T  1  6 1  -2.86177E-01
   11  T  5  3 0  -2.58357E-01
   12  T  1  6 3  -2.51386E-01
   13  T  1  7 1  -2.08808E-01
   14  T  2  5 1  -1.85997E-01
   15  T  1  7 3  -1.84546E-01
   16  T  1  8 1  -1.53531E-01
   17  T  1  8 3  -1.41277E-01
   18  T  2  5 3  -1.34352E-01
   19  T  1  9 1  -1.20734E-01
   20  T  1  9 3  -1.11578E-01
   21  T  1 10 1  -9.72124E-02
   22  T  1 10 3  -9.03466E-02
    2    3    0   18
    1  0.000000E+00
    1  T  1  3 2  -1.03669E+00
    2  T  2  3 2  -8.36931E-01
    3  T  1  4 2  -5.77048E-01
    4  T  1  5 2  -3.76593E-01
    5  T  1  5 4  -3.60211E-01
    6  T  2  4 2  -3.56248E-01
    7  T  1  6 2  -2.54607E-01
    8  T  1  6 4  -2.50185E-01
    9  T  1  7 2  -1.87176E-01
   10  T  1  7 4  -1.83816E-01
   11  T  2  5 2  -1.50174E-01
   12  T  1  8 2  -1.41113E-01
   13  T  1  8 4  -1.40723E-01
   14  T  2  5 4  -1.33866E-01
   15  T  1  9 2  -1.12447E-01
   16  T  1  9 4  -1.11191E-01
   17  T  1 10 2  -9.10980E-02
   18  T  1 10 4  -9.00610E-02
    2    3    1   11
    1  0.000000E+00
    1  T  2  3 1  -1.16474E+00
    2  T  1  4 3  -5.61256E-01
    3  T  2  4 1  -4.82661E-01
    4  T  1  5 3  -3.59436E-01
    5  T  2  4 3  -3.39904E-01
    6  T  1  6 3  -2.49726E-01
    7  T  2  5 1  -2.04753E-01
    8  T  1  7 3  -1.83521E-01
    9  T  1  8 3  -1.40536E-01
   10  T  2  5 3  -1.36273E-01
   11  T  1  9 3  -1.11055E-01
    2    4    0    9
    1  0.000000E+00
    1  T  2  3 2  -8.19135E-01
    2  T  1  5 4  -3.59814E-01
    3  T  2  4 2  -3.59814E-01
    4  T  1  6 4  -2.49882E-01
    5  T  1  7 4  -1.83586E-01
    6  T  2  5 2  -1.46681E-01
    7  T  1  8 4  -1.40561E-01
    8  T  2  5 4  -1.34071E-01
    9  T  1  9 4  -1.11064E-01
    2    4    1   14
    1  0.000000E+00
    1  T  1  4 3  -5.64563E-01
    2  T  1  5 3  -3.61354E-01
    3  T  2  4 3  -3.40455E-01
    4  T  1  6 3  -2.50877E-01
    5  T  1  6 5  -2.50000E-01
    6  T  1  7 3  -1.84267E-01
    7  T  1  7 5  -1.83674E-01
    8  T  1  8 3  -1.41048E-01
    9  T  1  8 5  -1.40626E-01
   10  T  2  5 3  -1.36390E-01
   11  T  1  9 3  -1.11412E-01
   12  T  1  9 5  -1.11113E-01
   13  T  1 10 3  -9.02255E-02
   14  T  1 10 5  -9.00015E-02
    4    0    0    8
    6  1.593081E+00
    1  T  6  3 1   1.96628E-01
    2  T  6  4 1   8.82335E-01
    3  T  6  5 1   1.16128E+00
    4  T  6  6 1   1.30284E+00
    5  T  6  7 1   1.38460E+00
    6  T  6  8 1   1.43608E+00
    7  T  6  9 1   1.47060E+00
    8  T  6 10 1   1.49486E+00
    4    0    1   11
    1  0.000000E+00
    1  C  1  0 0  -4.63597E+00
    2  T  1  3 1  -1.34635E+00
    3  T  4  3 0  -9.17263E-01
    4  T  1  4 1  -6.74469E-01
    5  T  1  5 1  -4.19083E-01
    6  T  1  6 1  -2.84472E-01
    7  T  1  7 1  -2.05896E-01
    8  T  1  8 1  -1.56496E-01
    9  T  1  9 1  -1.24980E-01
   10  T  4  4 0  -1.08632E-01
   11  T  1 10 1  -9.39966E-02
    6    0    1    8
    4  6.723000E-01
    1  T  4  3 0  -1.04856E+00
    2  T  4  4 0  -1.50549E-01
    3  T  4  5 0   1.88716E-01
    4  T  4  6 0   3.53972E-01
    5  T  4  7 0   4.46901E-01
    6  T  4  8 0   5.04335E-01
    7  T  4  9 0   5.42307E-01
    8  T  4 10 0   5.68715E-01
    4    1    0   18
    1  0.000000E+00
    1  C  2  0 0  -3.25546E+00
    2  T  1  3 0  -1.71508E+00
    3  T  1  3 2  -1.04252E+00
    4  T  1  4 0  -8.23518E-01
    5  T  4  3 1  -6.45696E-01
    6  T  1  4 2  -5.79216E-01
    7  T  1  5 0  -4.83931E-01
    8  T  1  5 2  -3.69642E-01
    9  T  1  6 0  -3.18832E-01
   10  T  1  6 2  -2.55753E-01
   11  T  1  7 0  -2.25831E-01
   12  T  1  7 2  -1.87360E-01
   13  T  1  8 0  -1.68316E-01
   14  T  1  8 2  -1.43123E-01
   15  T  1  9 0  -1.30279E-01
   16  T  1  9 2  -1.12881E-01
   17  T  1 10 0  -1.03820E-01
   18  T  1 10 2  -9.12991E-02
    4    1    1    8
    1  0.000000E+00
    1  T  1  3 1  -1.40316E+00
    2  T  1  4 1  -7.14403E-01
    3  T  1  5 1  -4.33969E-01
    4  T  1  6 1  -2.91792E-01
    5  T  1  7 1  -2.09755E-01
    6  T  1  8 1  -1.58165E-01
    7  T  1  9 1  -1.23691E-01
    8  T  1 10 1  -9.96915E-02
    6    1    0    8
    4  6.723000E-01
    1  T  4  3 1  -7.42104E-01
    2  T  4  4 1  -4.38250E-02
    3  T  4  5 1   2.38170E-01
    4  T  4  6 1   3.80846E-01
    5  T  4  7 1   4.63101E-01
    6  T  4  8 1   5.14845E-01
    7  T  4  9 1   5.49509E-01
    8  T  4 10 1   5.73863E-01
    4    2    0    8
    1  0.000000E+00
    1  T  1  3 2  -1.04889E+00
    2  T  1  4 2  -5.88792E-01
    3  T  1  5 2  -3.74281E-01
    4  T  1  6 2  -2.58477E-01
    5  T  1  7 2  -1.89084E-01
    6  T  1  8 2  -1.44280E-01
    7  T  1  9 2  -1.13693E-01
    8  T  1 10 2  -9.18917E-02
    4    2    1   17
    1  0.000000E+00
    1  T  1  3 1  -1.42573E+00
    2  T  1  4 1  -7.21273E-01
    3  T  1  4 3  -5.66085E-01
    4  T  1  5 1  -4.39370E-01
    5  T  1  5 3  -3.62355E-01
    6  T  4  3 2  -3.40296E-01
    7  T  5  3 0  -3.39537E-01
    8  T  1  6 1  -2.88373E-01
    9  T  1  6 3  -2.51432E-01
   10  T  1  7 1  -2.08852E-01
   11  T  1  7 3  -1.84626E-01
   12  T  1  8 1  -1.57416E-01
   13  T  1  8 3  -1.41285E-01
   14  T  1  9 1  -1.22820E-01
   15  T  1  9 3  -1.11585E-01
   16  T  1 10 1  -9.84789E-02
   17  T  1 10 3  -9.03513E-02
    6    2    1    8
    4  6.723000E-01
    1  T  4  3 2  -3.95842E-01
    2  T  4  4 2   7.62147E-02
    3  T  4  5 2   2.94391E-01
    4  T  4  6 2   4.11769E-01
    5  T  4  7 2   4.81945E-01
    6  T  4  8 2   5.27182E-01
    7  T  4  9 2   5.58027E-01
    8  T  4 10 2   5.79993E-01
    4    3    0   14
    1  0.000000E+00
    1  T  1  3 2  -1.07322E+00
    2  T  1  4 2  -5.96693E-01
    3  T  1  5 2  -3.78102E-01
    4  T  1  5 4  -3.60205E-01
    5  T  1  6 2  -2.60632E-01
    6  T  1  6 4  -2.50188E-01
    7  T  1  7 2  -1.90425E-01
    8  T  1  7 4  -1.83819E-01
    9  T  1  8 2  -1.45177E-01
   10  T  1  8 4  -1.40733E-01
   11  T  1  9 2  -1.14328E-01
   12  T  1  9 4  -1.11193E-01
   13  T  1 10 2  -9.23644E-02
   14  T  1 10 4  -9.00621E-02
    4    3    1    7
    1  0.000000E+00
    1  T  1  4 3  -5.61862E-01
    2  T  1  5 3  -3.59939E-01
    3  T  1  6 3  -2.50084E-01
    4  T  1  7 3  -1.83779E-01
    5  T  1  8 3  -1.40721E-01
    6  T  1  9 3  -1.11192E-01
    7  T  1 10 3  -9.00660E-02
    6    3    0    7
    4  6.723000E-01
    1  T  4  4 3   1.09191E-01
    2  T  4  5 3   3.11822E-01
    3  T  4  6 3   4.21969E-01
    4  T  4  7 3   4.88398E-01
    5  T  4  8 3   5.31513E-01
    6  T  4  9 3   5.61071E-01
    7  T  4 10 3   5.82213E-01
    4    4    0    5
    1  0.000000E+00
    1  T  1  5 4  -3.59867E-01
    2  T  1  6 4  -2.49887E-01
    3  T  1  7 4  -1.83590E-01
    4  T  1  8 4  -1.40565E-01
    5  T  1  9 4  -1.11067E-01
    4    4    1   12
    1  0.000000E+00
    1  T  1  4 3  -5.65087E-01
    2  T  1  5 3  -3.61790E-01
    3  T  1  6 3  -2.51199E-01
    4  T  1  6 5  -2.50002E-01
    5  T  1  7 3  -1.84498E-01
    6  T  1  7 5  -1.83676E-01
    7  T  1  8 3  -1.41212E-01
    8  T  1  8 5  -1.40628E-01
    9  T  1  9 3  -1.11541E-01
   10  T  1  9 5  -1.11114E-01
   11  T  1 10 3  -9.03234E-02
   12  T  1 10 5  -9.00028E-02
    6    4    1    6
    4  6.723000E-01
    1  T  4  5 4   3.12297E-01
    2  T  4  6 4   4.22297E-01
    3  T  4  7 4   4.88624E-01
    4  T  4  8 4   5.31674E-01
    5  T  4  9 4   5.61188E-01
    6  T  4 10 4   5.82300E-01
    0    0    0    0
