    9    8    E                            
    1    0    0    9                       
    3  4.698761E-01                        
    1  C  1  0 0  -2.14191E+00             
    2  T  3  3 1  -1.29731E-01             
    3  T  3  4 1   1.62110E-01             
    4  T  3  5 1   2.81908E-01             
    5  T  3  6 1   3.43090E-01             
    6  T  3  7 1   3.78576E-01             
    7  T  3  8 1   4.00992E-01             
    8  T  3  9 1   4.16060E-01             
    9  T  3 10 1   4.26668E-01             
    1    1    0   18                       
    2  3.107600E-01                        
    1  T  2  3 1  -4.13664E-01             
    2  T  3  3 1  -2.32211E-01             
    3  T  2  4 1  -3.74627E-02             
    4  T  2  4 3   6.05588E-02             
    5  T  2  5 1   1.01586E-01             
    6  T  3  4 1   1.25533E-01             
    7  T  2  5 3   1.50669E-01             
    8  T  2  6 1   1.73874E-01             
    9  T  2  6 3   1.99561E-01             
   10  T  2  7 1   2.13123E-01             
   11  T  2  7 3   2.29060E-01             
   12  T  2  8 1   2.37637E-01             
   13  T  2  8 3   2.48206E-01             
   14  T  2  9 1   2.53842E-01             
   15  T  2  9 3   2.61305E-01             
   16  T  3  5 1   2.63338E-01             
   17  T  2 10 1   2.66383E-01             
   18  T  2 10 3   2.70744E-01             
    1    2    0   19                       
    2  3.107600E-01                        
    1  C  1  0 0  -2.37164E+00             
    2  T  2  3 1  -3.14349E-01             
    3  T  3  3 1  -1.99181E-01             
    4  T  2  4 1  -4.97356E-03             
    5  T  2  4 3   6.05772E-02             
    6  T  2  5 1   1.17120E-01             
    7  T  3  4 1   1.36971E-01             
    8  T  2  5 3   1.50734E-01             
    9  T  2  6 1   1.82072E-01             
   10  T  2  6 3   1.99557E-01             
   11  T  2  7 1   2.18110E-01             
   12  T  3  4 3   2.19741E-01             
   13  T  2  7 3   2.29090E-01             
   14  T  2  8 1   2.40919E-01             
   15  T  2  8 3   2.48216E-01             
   16  T  2  9 1   2.56175E-01             
   17  T  2  9 3   2.61333E-01             
   18  T  2 10 1   2.66557E-01             
   19  T  3  5 1   2.69766E-01             
    1    3    0   15                       
    2  3.107600E-01                        
    1  T  2  3 1  -3.89027E-01             
    2  T  2  4 1  -3.27505E-02             
    3  T  2  4 3   6.06336E-02             
    4  T  2  5 1   1.06076E-01             
    5  T  2  5 3   1.50671E-01             
    6  T  2  6 1   1.74830E-01             
    7  T  2  6 3   1.99586E-01             
    8  T  2  7 1   2.13903E-01             
    9  T  3  4 3   2.19770E-01             
   10  T  2  7 3   2.29092E-01             
   11  T  2  8 1   2.38275E-01             
   12  T  2  8 3   2.48232E-01             
   13  T  2  9 1   2.54465E-01             
   14  T  2  9 3   2.61356E-01             
   15  T  2 10 1   2.65777E-01             
    1    4    0    7                       
    2  3.107600E-01                        
    1  T  2  4 3   6.06356E-02             
    2  T  2  5 3   1.50672E-01             
    3  T  2  6 3   1.99583E-01             
    4  T  3  4 3   2.19735E-01             
    5  T  2  7 3   2.29100E-01             
    6  T  2  8 3   2.48234E-01             
    7  T  2  9 3   2.61357E-01             
    1    5    0    6                       
    2  3.107600E-01                        
    1  T  2  4 3   6.05852E-02             
    2  T  2  5 3   1.50635E-01             
    3  T  2  6 3   1.99564E-01             
    4  T  2  7 3   2.29069E-01             
    5  T  2  8 3   2.48218E-01             
    6  T  2  9 3   2.61346E-01             
    1    0    1    8                       
    2  3.107600E-01                        
    1  T  2  3 2  -1.51016E-01             
    2  T  2  4 2   5.13932E-02             
    3  T  2  5 2   1.45552E-01             
    4  T  2  6 2   1.96522E-01             
    5  T  2  7 2   2.27118E-01             
    6  T  2  8 2   2.46898E-01             
    7  T  2  9 2   2.60413E-01             
    8  T  2 10 2   2.70053E-01             
    1    1    1   14                       
    2  3.107600E-01                        
    1  T  3  3 0  -4.76908E-01             
    2  C  2  0 0  -3.68206E-01             
    3  T  2  3 2  -1.27544E-01             
    4  T  3  3 2   2.53536E-02             
    5  T  2  4 2:  5.23684E-02             
    6  T  3  4 0:  6.86216E-02             
    7  T  2  5 2   1.50002E-01             
    8  T  2  6 2   1.98651E-01             
    9  T  3  4 2   2.19826E-01             
   10  T  2  7 2   2.28297E-01             
   11  T  3  5 0   2.35712E-01             
   12  T  2  8 2   2.48181E-01             
   13  T  2  9 2   2.61200E-01             
   14  T  2 10 2   2.70596E-01             
    1    2    1   18                       
    2  3.107600E-01                        
    1  T  2  3 0  -5.95164E-01             
    2  T  2  3 2  -1.38261E-01             
    3  T  2  4 0  -1.01131E-01             
    4  T  3  3 2   1.23506E-02             
    5  T  2  4 2   5.96492E-02             
    6  T  2  5 0   7.56148E-02             
    7  T  2  5 2   1.49496E-01             
    8  T  2  6 0   1.58511E-01             
    9  T  3  4 2   1.98424E-01             
   10  T  2  6 2   2.04090E-01             
   11  T  2  7 0   2.13360E-01             
   12  T  2  7 2   2.28921E-01             
   13  T  2  8 0   2.32093E-01             
   14  T  2  8 2   2.48001E-01             
   15  T  2  9 0   2.50242E-01             
   16  T  2  9 2   2.61166E-01             
   17  T  2 10 0   2.62772E-01             
   18  T  2 10 2   2.70591E-01             
    1    3    1    9                       
    2  3.107600E-01                        
    1  T  2  3 2  -1.35271E-01             
    2  T  3  3 2   1.91913E-02             
    3  T  2  4 2   5.98204E-02             
    4  T  2  5 2   1.50172E-01             
    5  T  2  6 2   1.99280E-01             
    6  T  3  4 2   2.16362E-01             
    7  T  2  7 2   2.48094E-01             
    8  T  2  8 2   2.61258E-01             
    9  T  2  9 2   2.61374E-01             
    1    4    1    8                       
    2  3.107600E-01                        
    1  T  2  3 2  -1.46780E-01             
    2  T  2  4 2   5.36260E-02             
    3  T  2  5 2   1.46773E-01             
    4  T  2  6 2   1.97248E-01             
    5  T  2  7 2   2.27582E-01             
    6  T  2  8 2   2.47211E-01             
    7  T  2  9 2   2.60634E-01             
    8  T  2 10 2   2.70214E-01             
    3    0    0    8                       
    3  4.698761E-01                        
    1  T  3  3 1  -2.50209E-01             
    2  T  3  4 1   1.19534E-01             
    3  T  3  5 1   2.62071E-01             
    4  T  3  6 1   3.32264E-01             
    5  T  3  7 1   3.72026E-01             
    6  T  3  8 1   3.96732E-01             
    7  T  3  9 1   4.13132E-01             
    8  T  3 10 1   4.24572E-01             
    3    1    0   11                       
    1  0.000000E+00                        
    1  C  1  0 0  -2.56920E+00             
    2  T  1  3 1  -6.67876E-01             
    3  T  2  3 1  -3.74506E-01             
    4  T  1  4 1  -3.16960E-01             
    5  T  3  3 1  -2.16935E-01 :WAS T 3 3 0
    6  T  1  5 1  -1.93200E-01             
    7  T  1  6 1  -1.32305E-01             
    8  T  1  7 1  -9.50824E-02             
    9  T  1  8 1  -7.15888E-02             
   10  T  1  9 1  -5.58708E-02             
   11  T  1 10 1  -4.48672E-02             
    3    2    0   19                       
    2  3.107600E-01                        
    1  T  2  3 1  -4.07964E-01             
    2  T  3  3 1  -2.38873E-01             
    3  T  2  4 1  -3.84123E-02             
    4  T  2  4 3   6.05576E-02             
    5  T  2  5 1   1.02917E-01             
    6  T  3  4 1   1.23334E-01             
    7  T  2  5 3   1.50670E-01             
    8  T  2  6 1   1.73469E-01             
    9  T  2  6 3   1.99546E-01             
   10  T  2  7 1   2.13050E-01             
   11  T  3  4 3   2.19651E-01             
   12  T  2  7 3   2.29082E-01             
   13  T  2  8 1   2.37682E-01             
   14  T  2  8 3   2.48209E-01             
   15  T  2  9 1   2.54015E-01             
   16  T  2  9 3   2.61294E-01             
   17  T  3  5 1   2.63491E-01             
   18  T  2 10 1   2.65719E-01             
   19  T  2 10 3   2.70746E-01             
    3    3    0    8                       
    1  0.000000E+00                        
    1  T  2  3 1  -3.96624E-01             
    2  T  1  4 3  -2.50134E-01             
    3  T  1  5 3  -1.60093E-01             
    4  T  1  6 3  -1.11173E-01             
    5  T  1  7 3  -8.16752E-02             
    6  T  1  8 3  -6.25304E-02             
    7  T  1  9 3  -4.94048E-02             
    8  T  1 10 3  -4.00172E-02             
    3    4    0    7                       
    2  3.107600E-01                        
    1  T  2  4 3   6.05400E-02 :WAS T 1    
    2  T  2  5 3   1.50594E-01 :WAS T 1    
    3  T  2  6 3   1.99528E-01 :WAS T 1    
    4  T  3  4 3   2.19674E-01 :WAS T 2    
    5  T  2  7 3   2.29064E-01 :WAS T 1    
    6  T  2  8 3   2.48207E-01 : WAS T 1   
    7  T  2  9 3   2.61337E-01 :WAS T 1    
    3    0    1    9                       
    1  0.000000E+00                        
    1  T  1  3 0  -8.91232E-01             
    2  T  1  4 0  -4.07488E-01             
    3  T  1  5 0  -2.33512E-01             
    4  T  1  6 0  -1.51356E-01             
    5  T  2  3 2  -1.38411E-01             
    6  T  1  7 0  -1.05977E-01             
    7  T  1  8 0  -7.83668E-02             
    8  T  1  9 0  -6.02956E-02             
    9  T  1 10 0  -4.78256E-02             
    3    1    1   14                       
    2  3.107600E-01                        
    1  C  2  0 0  -1.05584E+00             
    2  T  3  3 0  -4.62852E-01             
    3  T  2  3 2  -1.37538E-01             
    4  T  3  3 2   1.35101E-02             
    5  T  3  4 0   4.66492E-02             
    6  T  2  4 2   6.19128E-02             
    7  T  2  5 2   1.49221E-01             
    8  T  2  6 2   1.98436E-01             
    9  T  3  4 2   2.13436E-01             
   10  T  2  7 2   2.27652E-01             
   11  T  3  5 0   2.31986E-01             
   12  T  2  8 2   2.47931E-01             
   13  T  2  9 2   2.61091E-01             
   14  T  2 10 2   2.70534E-01             
    3    2    1   11                       
    1  0.000000E+00                        
    1  T  2  3 0  -6.25204E-01             
    2  T  1  3 2  -4.50004E-01             
    3  T  1  4 2  -2.53390E-01             
    4  T  1  5 2  -1.62646E-01             
    5  T  2  3 2  -1.46324E-01             
    6  T  1  6 2  -1.12264E-01             
    7  T  2  4 0  -1.09585E-01             
    8  T  1  7 2  -8.22988E-02             
    9  T  1  8 2  -6.29764E-02             
   10  T  1  9 2  -4.97304E-02             
   11  T  1 10 2  -4.02608E-02             
    3    3    1   10                       
    2  3.107600E-01                        
    1  T  2  3 2  -1.50709E-01             
    2  T  3  3 2   1.01000E-02             
    3  T  2  4 2   5.27392E-02             
    4  T  2  5 2   1.45804E-01             
    5  T  2  5 4   1.50755E-01             
    6  T  2  6 2   1.96399E-01             
    7  T  3  4 2   2.12049E-01             
    8  T  2  7 2   2.27407E-01             
    9  T  2  8 2   2.47012E-01             
   10  T  2  9 2   2.60476E-01             
    3    4    1    1                       
    1  0.000000E+00                        
    1  T  2  3 2  -1.47922E-01             
    5    1    0    8                       
    1  0.000000E+00                        
    1  T  1  3 1  -7.17604E-01             
    2  T  1  4 1  -3.49579E-01             
    3  T  1  5 1  -2.07475E-01             
    4  T  1  6 1  -1.37442E-01             
    5  T  1  7 1  -9.77504E-02             
    6  T  1  8 1  -7.30808E-02             
    7  T  1  9 1  -5.67012E-02             
    8  T  1 10 1  -4.52720E-02             
    5    2    0    8                       
    4  1.385779E+00                        
    1  T  4  3 2   9.18600E-01             
    2  T  4  4 2   1.12436E+00             
    3  T  4  5 2   1.21956E+00             
    4  T  4  6 2   1.27097E+00             
    5  T  4  7 2   1.30178E+00             
    6  T  4  8 2   1.32168E+00             
    7  T  4  9 2   1.33527E+00             
    8  T  4 10 2   1.34495E+00             
    5    3    0    7                       
    1  0.000000E+00                        
    1  T  1  4 3  -2.50215E-01             
    2  T  1  5 3  -1.60158E-01             
    3  T  1  6 3  -1.11219E-01             
    4  T  1  7 3  -8.17072E-02             
    5  T  1  8 3  -6.25528E-02             
    6  T  1  9 3  -4.94212E-02             
    7  T  1 10 3  -4.00288E-02             
    5    0    1    8                       
    1  0.000000E+00                        
    1  T  1  3 0  -9.51232E-01             
    2  T  1  4 0  -4.24488E-01             
    3  T  1  5 0  -2.40707E-01             
    4  T  1  6 0  -1.55025E-01             
    5  T  1  7 0  -1.08161E-01             
    6  T  1  8 0  -7.97468E-02             
    7  T  1  9 0  -6.12240E-02             
    8  T  1 10 0  -4.84804E-02             
    5    1    1    8                       
    4  1.385779E+00                        
    1  T  4  3 1   6.58116E-01             
    2  T  4  4 1   1.03401E+00             
    3  T  4  5 1   1.17743E+00             
    4  T  4  6 1   1.24790E+00             
    5  T  4  7 1   1.28778E+00             
    6  T  4  8 1   1.31254E+00             
    7  T  4  9 1   1.32897E+00             
    8  T  4 10 1   1.34043E+00             
    5    2    1    8                       
    1  0.000000E+00                        
    1  T  1  3 2  -4.61308E-01             
    2  T  1  4 2  -2.59135E-01             
    3  T  1  5 2  -1.65084E-01             
    4  T  1  6 2  -1.14164E-01             
    5  T  1  7 2  -8.35940E-02             
    6  T  1  8 2  -6.38292E-02             
    7  T  1  9 2  -5.03232E-02             
    8  T  1 10 2  -4.06892E-02             
    5    3    1    7                       
    4  1.385779E+00                        
    1  T  4  4 3   1.13519E+00             
    2  T  4  5 3   1.22537E+00             
    3  T  4  6 3   1.27440E+00             
    4  T  4  7 3   1.30397E+00             
    5  T  4  8 3   1.32316E+00             
    6  T  4  9 3   1.33631E+00             
    7  T  4 10 3   1.34571E+00             
    0    0    0    0                       
