   10    4    E               
    1    0    0   13          
    1  0.000000E+00           
    1  C  1  0 0  -1.52071E+01
    2  C  2  0 0  -1.15830E+01
    3  T  1  3 0  -6.12882E+00
    4  T  2  3 1  -4.23000E+00
    5  T  1  4 0  -3.31731E+00
    6  T  1  5 0  -2.12161E+00
    7  T  2  4 1  -1.86697E+00
    8  T  1  6 0  -1.43544E+00
    9  T  1  7 0  -1.05244E+00
   10  T  1  8 0: -8.23640E-01
   11  T  2  5 1: -7.67335E-01
   12  T  1  9 0  -6.24797E-01
   13  T  1 10 0  -5.05848E-01
    3    0    0   11          
    1  0.000000E+00           
    1  T  1  3 0  -6.31133E+00
    2  T  2  3 1  -4.61363E+00
    3  T  1  4 0  -3.39299E+00
    4  T  1  5 0  -2.14702E+00
    5  T  2  4 1  -2.00307E+00
    6  T  1  6 0  -1.45392E+00
    7  T  1  7 0  -1.06083E+00
    8  T  2  5 1  -8.61990E-01
    9  T  1  8 0  -7.97343E-01
   10  T  1  9 0  -6.30930E-01
   11  T  1 10 0  -5.09374E-01
    1    1    0    8          
    2  1.170364E+00           
    1  T  2  3 1  -4.76716E+00
    2  T  2  4 1  -2.07916E+00
    3  T  2  5 1  -8.80852E-01
    4  T  2  6 1  -2.42245E-01
    5  T  2  7 1   1.38414E-01
    6  T  2  8 1   3.83537E-01
    7  T  2  9 1   5.50630E-01
    8  T  2 10 1   6.69627E-01
    1    1    1   15          
    1  0.000000E+00           
    1  T  1  2 1  -1.32344E+01
    2  T  1  3 1  -5.88185E+00
    3  T  2  3 0  -4.85035E+00
    4  T  2  3 2  -4.12724E+00
    5  T  1  4 1  -3.20370E+00
    6  T  2  4 0  -2.17663E+00
    7  T  1  5 1  -2.00969E+00
    8  T  2  4 2  -1.83780E+00
    9  T  1  6 1  -1.40123E+00
   10  T  1  7 1  -1.03242E+00
   11  T  2  5 0  -9.17814E-01
   12  T  1  8 1  -7.87389E-01
   13  T  2  5 2  -7.59894E-01
   14  T  1  9 1  -6.15445E-01
   15  T  1 10 1  -4.98430E-01
    3    1    0    9          
    2  1.170364E+00           
    1  C  2  0 0  -1.25649E+01
    2  T  2  3 1  -4.54603E+00
    3  T  2  4 1  -2.00881E+00
    4  T  2  5 1  -8.49050E-01
    5  T  2  6 1  -2.25100E-01
    6  T  2  7 1   1.48766E-01
    7  T  2  8 1   3.90286E-01
    8  T  2  9 1   5.55282E-01
    9  T  2 10 1   6.72972E-01
    3    1    1   15          
    1  0.000000E+00           
    1  T  1  2 1  -1.41929E+01
    2  T  1  3 1  -5.85405E+00
    3  T  2  3 0  -5.01673E+00
    4  T  2  3 2  -4.29910E+00
    5  T  1  4 1  -3.21884E+00
    6  T  2  4 0  -2.18900E+00
    7  T  1  5 1  -2.04638E+00
    8  T  2  4 2  -1.90328E+00
    9  T  1  6 1  -1.40533E+00
   10  T  1  7 1  -1.02931E+00
   11  T  2  5 0  -9.37110E-01
   12  T  2  5 2  -8.08889E-01
   13  T  1  8 1  -7.76664E-01
   14  T  1  9 1  -6.17253E-01
   15  T  1 10 1  -4.99245E-01
    1    2    0   14          
    1  0.000000E+00           
    1  C  2  0 0  -1.23112E+01
    2  T  1  3 2  -5.45824E+00
    3  T  2  3 1  -4.43552E+00
    4  T  1  4 2  -3.07489E+00
    5  T  1  5 2: -1.97531E+00
    6  T  2  4 1: -1.96043E+00
    7  T  2  4 3  -1.86772E+00
    8  T  1  6 2  -1.36604E+00
    9  T  1  7 2  -1.00341E+00
   10  T  2  5 1  -8.30633E-01
   11  T  2  5 3  -7.77440E-01
   12  T  1  8 2  -7.67621E-01
   13  T  1  9 2  -6.06524E-01
   14  T  1 10 2  -4.91194E-01
    1    2    1    8          
    2  1.170364E+00           
    1  T  2  3 2  -4.48702E+00
    2  T  2  4 2  -1.97314E+00
    3  T  2  5 2  -8.28986E-01
    4  T  2  6 2  -2.12961E-01
    5  T  2  7 2   1.56579E-01
    6  T  2  8 2   3.95583E-01
    7  T  2  9 2   5.59030E-01
    8  T  2 10 2   6.75718E-01
    3    2    0   13          
    1  0.000000E+00           
    1  T  1  3 2  -5.62367E+00
    2  T  2  3 1  -4.70539E+00
    3  T  1  4 2  -3.12995E+00
    4  T  2  4 1  -2.06115E+00
    5  T  1  5 2  -1.99136E+00
    6  T  2  4 3  -1.87536E+00
    7  T  1  6 2  -1.37993E+00
    8  T  1  7 2  -1.01209E+00
    9  T  2  5 1  -8.72280E-01
   10  T  2  5 3  -7.84649E-01
   11  T  1  8 2  -7.71522E-01
   12  T  1  9 2  -6.10249E-01
   13  T  1 10 2  -4.93910E-01
    3    2    1    8          
    2  1.170364E+00           
    1  T  2  3 2  -4.35397E+00
    2  T  2  4 2  -1.92724E+00
    3  T  2  5 2  -8.07552E-01
    4  T  2  6 2  -2.01202E-01
    5  T  2  7 2   1.63757E-01
    6  T  2  8 2   4.00298E-01
    7  T  2  9 2   5.62297E-01
    8  T  2 10 2   6.78076E-01
    1    3    0    7          
    2  1.170364E+00           
    1  T  2  4 3  -1.91741E+00
    2  T  2  5 3  -8.02347E-01
    3  T  2  6 3  -1.97958E-01
    4  T  2  7 3   1.65832E-01
    5  T  2  8 3   4.01693E-01
    6  T  2  9 3   5.63277E-01
    7  T  2 10 3   6.78793E-01
    1    3    1   11          
    1  0.000000E+00           
    1  T  2  3 2  -4.19003E+00
    2  T  1  4 3  -3.04958E+00
    3  T  1  5 3  -1.97565E+00
    4  T  2  4 2  -1.84696E+00
    5  T  1  6 3  -1.35799E+00
    6  T  1  7 3  -9.99755E-01
    7  T  2  5 2  -7.86024E-01
    8  T  2  5 4  -7.84650E-01
    9  T  1  8 3  -7.56360E-01
   10  T  1  9 3  -6.03868E-01
   11  T  1 10 3  -4.89538E-01
    3    3    0    7          
    2  1.170364E+00           
    1  T  2  4 3  -1.91529E+00
    2  T  2  5 3  -8.01001E-01
    3  T  2  6 3  -1.97127E-01
    4  T  2  7 3   1.66372E-01
    5  T  2  8 3   4.02061E-01
    6  T  2  9 3   5.63539E-01
    7  T  2 10 3   6.78984E-01
    3    3    1   11          
    1  0.000000E+00           
    1  T  2  3 2  -4.49940E+00
    2  T  1  4 3  -3.06611E+00
    3  T  2  4 2  -1.99060E+00
    4  T  1  5 3  -1.94824E+00
    5  T  1  6 3  -1.36351E+00
    6  T  1  7 3  -1.00189E+00
    7  T  2  5 2  -8.30349E-01
    8  T  2  5 4  -7.84760E-01
    9  T  1  8 3  -7.66542E-01
   10  T  1  9 3  -6.05798E-01
   11  T  1 10 3  -4.90669E-01
    1    4    0    8          
    1  0.000000E+00           
    1  T  1  5 4: -1.98934E+00
    2  T  2  4 3: -1.86519E+00
    3  T  1  6 4  -1.35960E+00
    4  T  1  7 4  -1.00081E+00
    5  T  2  5 3  -7.96264E-01
    6  T  1  8 4  -7.59208E-01
    7  T  1  9 4  -6.04227E-01
    8  T  1 10 4  -4.89772E-01
    3    4    0    8          
    1  0.000000E+00           
    1  T  1  5 4: -1.99066E+00
    2  T  2  4 3: -1.87218E+00
    3  T  1  6 4  -1.35979E+00
    4  T  1  7 4  -1.00085E+00
    5  T  2  5 3  -8.00371E-01
    6  T  1  8 4  -7.60450E-01
    7  T  1  9 4  -6.04347E-01
    8  T  1 10 4  -4.89829E-01
    0    0    0    0          
