   10    9    E
    2    0    0   11
    2  2.326000E-01
    1  C  2  0 0  -1.02895E+00
    2  T  3  3 0  -4.73171E-01
    3  T  2  3 2  -2.19581E-01
    4  T  2  4 2  -2.24857E-02
    5  T  3  4 0:  6.51972E-02
    6  T  2  5 2:  7.65181E-02
    7  T  2  6 2   1.20324E-01
    8  T  2  7 2   1.50106E-01
    9  T  2  8 2   1.69485E-01
   10  T  2  9 2   1.82769E-01
   11  T  2 10 2   1.92264E-01
    2    1    0   17
    1  0.000000E+00
    1  T  1  3 0  -9.53671E-01
    2  T  1  3 2  -4.45162E-01
    3  T  1  4 0  -4.25800E-01
    4  T  1  4 2  -2.51711E-01
    5  T  1  5 0  -2.41484E-01
    6  T  2  3 2  -2.24209E-01
    7  T  1  5 2  -1.60635E-01
    8  T  1  6 0  -1.55459E-01
    9  T  1  6 2  -1.11597E-01
   10  T  1  7 0  -1.08428E-01
   11  T  1  7 2  -8.19840E-02
   12  T  1  8 0  -7.99207E-02
   13  T  1  8 2  -6.27612E-02
   14  T  1  9 0  -6.13432E-02
   15  T  1  9 2  -4.95856E-02
   16  T  1 10 0  -4.85653E-02
   17  T  1 10 2  -4.01672E-02
    2    2    0   11
    1  0.000000E+00
    1  T  2  3 0  -7.50400E-01
    2  T  1  3 2  -4.51613E-01
    3  T  1  4 2  -2.53633E-01
    4  T  2  3 2  -2.19443E-01
    5  T  2  4 0  -2.00517E-01
    6  T  1  5 2  -1.61652E-01
    7  T  1  6 2  -1.12132E-01
    8  T  1  7 2  -8.23002E-02
    9  T  1  8 2  -6.29621E-02
   10  T  1  9 2  -4.97192E-02
   11  T  1 10 2  -4.02570E-02
    2    3    0    9
    1  0.000000E+00
    1  T  1  3 2  -4.51284E-01
    2  T  1  4 2  -2.54046E-01
    3  T  2  3 2  -2.15046E-01
    4  T  1  5 2  -1.62320E-01
    5  T  1  6 2  -1.12535E-01
    6  T  1  7 2  -8.25585E-02
    7  T  1  8 2  -6.31328E-02
    8  T  1  9 2  -4.98333E-02
    9  T  1 10 2  -4.03318E-02
    2    4    0    1
    1  0.000000E+00
    1  T  2  3 2  -2.25954E-01
    2    0    1    8
    1  0.000000E+00
    1  T  1  3 1  -7.02299E-01
    2  T  1  4 1  -3.46140E-01
    3  T  1  5 1  -2.06091E-01
    4  T  1  6 1  -1.36734E-01
    5  T  1  7 1  -9.73369E-02
    6  T  1  8 1  -7.28173E-02
    7  T  1  9 1  -5.65228E-02
    8  T  1 10 1  -4.51455E-02
    2    1    1   12
    1  0.000000E+00
    1  C  1  0 0  -3.00651E+00
    2  T  1  3 1  -6.84636E-01
    3  T  2  3 1  -4.83651E-01
    4  T  1  4 1  -3.27942E-01
    5  T  3  3 1  -2.19968E-01
    6  T  1  5 1  -1.97041E-01
    7  T  1  6 1  -1.37094E-01
    8  T  2  4 1  -1.15013E-01
    9  T  1  7 1  -9.27028E-02
   10  T  1  8 1  -7.06014E-02
   11  T  1  9 1  -5.51946E-02
   12  T  1 10 1  -4.42732E-02
    2    2    1   16
    1  0.000000E+00
    1  T  1  3 1  -7.15443E-01
    2  T  2  3 1  -4.76595E-01
    3  T  1  4 1  -3.48950E-01
    4  T  1  4 3  -2.49787E-01
    5  T  1  5 1  -2.07278E-01
    6  T  1  5 3  -1.59847E-01
    7  T  1  6 1  -1.37385E-01
    8  T  2  4 1  -1.15406E-01
    9  T  1  6 3  -1.11011E-01
   10  T  1  7 1  -9.76630E-02
   11  T  1  7 3  -8.15660E-02
   12  T  1  8 1  -7.30386E-02
   13  T  1  8 3  -6.24538E-02
   14  T  1  9 1  -5.66752E-02
   15  T  1  9 3  -4.93496E-02
   16  T  1 10 1  -4.52545E-02
    2    3    1    9
    1  0.000000E+00
    1  T  2  3 1  -5.02335E-01
    2  T  1  4 3  -2.50421E-01
    3  T  1  5 3  -1.60297E-01
    4  T  2  4 1  -1.22447E-01
    5  T  1  6 3  -1.11305E-01
    6  T  1  7 3  -8.17634E-02
    7  T  1  8 3  -6.25911E-02
    8  T  1  9 3  -4.94483E-02
    9  T  1 10 3  -4.00487E-02
    2    4    1    6
    1  0.000000E+00
    1  T  1  4 3  -2.49964E-01
    2  T  1  5 3  -1.59974E-01
    3  T  1  6 3  -1.11093E-01
    4  T  1  7 3  -8.16194E-02
    5  T  1  8 3  -6.24905E-02
    6  T  1  9 3  -4.93757E-02
    4    0    0    8
    4  1.861500E+00
    1  T  4  3 1   1.09492E+00
    2  T  4  4 1   1.49771E+00
    3  T  4  5 1   1.64771E+00
    4  T  4  6 1   1.72069E+00
    5  T  4  7 1   1.76174E+00
    6  T  4  8 1   1.78713E+00
    7  T  4  9 1   1.80392E+00
    8  T  4 10 1   1.81560E+00
    4    1    0   16
    1  0.000000E+00
    1  T  1  3 0  -9.98063E-01
    2  T  1  3 2  -4.50744E-01
    3  T  1  4 0  -4.36807E-01
    4  T  1  4 2  -2.53867E-01
    5  T  1  5 0  -2.46208E-01
    6  T  1  5 2  -1.62278E-01
    7  T  1  6 0  -1.57907E-01
    8  T  1  6 2  -1.12520E-01
    9  T  1  7 0  -1.09851E-01
   10  T  1  7 2  -8.25535E-02
   11  T  1  8 0  -8.08197E-02
   12  T  1  8 2  -6.31310E-02
   13  T  1  9 0  -6.19469E-02
   14  T  1  9 2  -4.98326E-02
   15  T  1 10 0  -4.89901E-02
   16  T  1 10 2  -4.03314E-02
    4    2    0    8
    1  0.000000E+00
    1  T  1  3 2  -4.63786E-01
    2  T  1  4 2  -2.59742E-01
    3  T  1  5 2  -1.65312E-01
    4  T  1  6 2  -1.14277E-01
    5  T  1  7 2  -8.36589E-02
    6  T  1  8 2  -6.38705E-02
    7  T  1  9 2  -5.03512E-02
    8  T  1 10 2  -4.07090E-02
    4    3    0    8
    1  0.000000E+00
    1  T  1  3 2  -4.53833E-01
    2  T  1  4 2  -2.55444E-01
    3  T  1  5 2  -1.63120E-01
    4  T  1  6 2  -1.13015E-01
    5  T  1  7 2  -8.28668E-02
    6  T  1  8 2  -6.33416E-02
    7  T  1  9 2  -4.99807E-02
    8  T  1 10 2  -4.04395E-02
    4    0    1    8
    1  0.000000E+00
    1  T  1  3 1  -7.00568E-01
    2  T  1  4 1  -3.45514E-01
    3  T  1  5 1  -2.05803E-01
    4  T  1  6 1  -1.36578E-01
    5  T  1  7 1  -9.72430E-02
    6  T  1  8 1  -7.27565E-02
    7  T  1  9 1  -5.64813E-02
    8  T  1 10 1  -4.51158E-02
    4    1    1    8
    1  0.000000E+00
    1  T  1  3 1  -7.57753E-01
    2  T  1  4 1  -3.62012E-01
    3  T  1  5 1  -2.13099E-01
    4  T  1  6 1  -1.40463E-01
    5  T  1  7 1  -9.95592E-02
    6  T  1  8 1  -7.42483E-02
    7  T  1  9 1  -5.74984E-02
    8  T  1 10 1  -4.58403E-02
    4    2    1   14
    1  0.000000E+00
    1  T  1  3 1  -7.31663E-01
    2  T  1  4 1  -3.54533E-01
    3  T  1  4 3  -2.49815E-01
    4  T  1  5 1  -2.09774E-01
    5  T  1  5 3  -1.59870E-01
    6  T  1  6 1  -1.38688E-01
    7  T  1  6 3  -1.11027E-01
    8  T  1  7 1  -9.85001E-02
    9  T  1  7 3  -8.15772E-02
   10  T  1  8 1  -7.35657E-02
   11  T  1  8 3  -6.24619E-02
   12  T  1  9 1  -5.70329E-02
   13  T  1  9 3  -4.93555E-02
   14  T  1 10 1  -4.55087E-02
    4    3    1    7
    1  0.000000E+00
    1  T  1  4 3  -2.50483E-01
    2  T  1  5 3  -1.60348E-01
    3  T  1  6 3  -1.11342E-01
    4  T  1  7 3  -8.17887E-02
    5  T  1  8 3  -6.26091E-02
    6  T  1  9 3  -4.94616E-02
    7  T  1 10 3  -4.00586E-02
    4    4    1    6
    1  0.000000E+00
    1  T  1  4 3  -2.49980E-01
    2  T  1  5 3  -1.59986E-01
    3  T  1  6 3  -1.11100E-01
    4  T  1  7 3  -8.16242E-02
    5  T  1  8 3  -6.24936E-02
    6  T  1  9 3  -4.93779E-02
    0    0    0    0
