   10   10    E
    1    0    0    9
    1  0.000000E+00
    1  C  1  0 0  -1.66120E+00
    2  T  1  3 1  -1.88492E-01
    3  T  1  4 1  -9.02508E-02
    4  T  1  5 1  -5.31489E-02
    5  T  1  6 1  -3.50440E-02
    6  T  1  7 1  -2.48452E-02
    7  T  1  8 1  -1.85327E-02
    8  T  1  9 1  -1.43542E-02
    9  T  1 10 1  -1.14454E-02
    3    0    0    8
    1  0.000000E+00
    1  T  1  3 1  -2.28449E-01
    2  T  1  4 1  -1.03282E-01
    3  T  1  5 1  -5.89691E-02
    4  T  1  6 1  -3.81332E-02
    5  T  1  7 1  -2.66773E-02
    6  T  1  8 1  -1.97069E-02
    7  T  1  9 1  -1.51514E-02
    8  T  1 10 1  -1.20111E-02
    1    1    0    8
    1  0.000000E+00
    1  T  1  3 1  -2.10847E-01
    2  T  1  4 1  -9.80915E-02
    3  T  1  5 1  -5.67419E-02
    4  T  1  6 1  -3.69758E-02
    5  T  1  7 1  -2.59997E-02
    6  T  1  8 1  -1.92763E-02
    7  T  1  9 1  -1.48609E-02
    8  T  1 10 1  -1.18059E-02
    3    1    0    8
    1  0.000000E+00
    1  T  1  3 1  -2.10635E-01
    2  T  1  4 1  -9.80184E-02
    3  T  1  5 1  -5.67089E-02
    4  T  1  6 1  -3.69582E-02
    5  T  1  7 1  -2.59892E-02
    6  T  1  8 1  -1.92696E-02
    7  T  1  9 1  -1.48563E-02
    8  T  1 10 1  -1.18026E-02
    1    1    1   17
    1  0.000000E+00
    1  T  1  3 0  -3.37101E-01
    2  T  1  4 0  -1.33706E-01
    3  T  1  3 2  -1.11400E-01
    4  T  1  5 0  -7.15451E-02
    5  T  1  4 2  -6.26508E-02
    6  T  1  6 0  -4.45036E-02
    7  T  1  5 2  -4.00829E-02
    8  T  1  7 0  -3.03393E-02
    9  T  1  6 2  -2.78274E-02
   10  T  1  8 0  -2.20024E-02
   11  T  1  7 2  -2.04400E-02
   12  T  1  9 0  -1.66839E-02
   13  T  1  8 2  -1.56466E-02
   14  T  1 10 0  -1.30846E-02
   15  T  1  9 2  -1.23609E-02
   16  T  1 11 0  -1.05360E-02
   17  T  1 10 2  -1.00112E-02
    3    1    1   17
    1  0.000000E+00
    1  T  1  3 0  -3.50232E-01
    2  T  1  4 0  -1.36937E-01
    3  T  1  3 2  -1.11898E-01
    4  T  1  5 0  -7.28005E-02
    5  T  1  4 2  -6.29416E-02
    6  T  1  6 0  -4.51172E-02
    7  T  1  5 2  -4.02512E-02
    8  T  1  7 0  -3.06839E-02
    9  T  1  6 2  -2.79308E-02
   10  T  1  8 0  -2.22149E-02
   11  T  1  7 2  -2.05075E-02
   12  T  1  9 0  -1.68241E-02
   13  T  1  8 2  -1.56928E-02
   14  T  1 10 0  -1.31819E-02
   15  T  1  9 2  -1.23939E-02
   16  T  1 11 0  -1.06062E-02
   17  T  1 10 2  -1.00354E-02
    1    2    0   15
    1  0.000000E+00
    1  T  1  3 1  -2.13085E-01
    2  T  1  4 1  -9.86694E-02
    3  T  1  4 3  -6.25057E-02
    4  T  1  5 1  -5.69761E-02
    5  T  1  5 3  -4.00046E-02
    6  T  1  6 1  -3.70941E-02
    7  T  1  6 3  -2.77811E-02
    8  T  1  7 1  -2.60679E-02
    9  T  1  7 3  -2.04104E-02
   10  T  1  8 1  -1.93193E-02
   11  T  1  8 3  -1.56266E-02
   12  T  1  9 1  -1.48897E-02
   13  T  1  9 3  -1.23469E-02
   14  T  1 10 1  -1.18261E-02
   15  T  1 10 3  -1.00009E-02
    3    2    0   15
    1  0.000000E+00
    1  T  1  3 1  -2.16733E-01
    2  T  1  4 1  -9.98832E-02
    3  T  1  4 3  -6.25067E-02
    4  T  1  5 1  -5.75179E-02
    5  T  1  5 3  -4.00054E-02
    6  T  1  6 1  -3.73809E-02
    7  T  1  6 3  -2.77816E-02
    8  T  1  7 1  -2.62375E-02
    9  T  1  7 3  -2.04109E-02
   10  T  1  8 1  -1.94278E-02
   11  T  1  8 3  -1.56269E-02
   12  T  1  9 1  -1.49632E-02
   13  T  1  9 3  -1.23471E-02
   14  T  1 10 1  -1.18782E-02
   15  T  1 10 3  -1.00011E-02
    1    2    1    8
    1  0.000000E+00
    1  T  1  3 2  -1.11017E-01
    2  T  1  4 2  -6.24642E-02
    3  T  1  5 2  -3.99840E-02
    4  T  1  6 2  -2.77695E-02
    5  T  1  7 2  -2.04033E-02
    6  T  1  8 2  -1.56220E-02
    7  T  1  9 2  -1.23436E-02
    8  T  1 10 2  -9.99856E-03
    3    2    1    8
    1  0.000000E+00
    1  T  1  3 2  -1.11015E-01
    2  T  1  4 2  -6.24630E-02
    3  T  1  5 2  -3.99833E-02
    4  T  1  6 2  -2.77691E-02
    5  T  1  7 2  -2.04031E-02
    6  T  1  8 2  -1.56218E-02
    7  T  1  9 2  -1.23435E-02
    8  T  1 10 2  -9.99846E-03
    1    3    0    7
    1  0.000000E+00
    1  T  1  4 3  -6.24945E-02
    2  T  1  5 3  -3.99956E-02
    3  T  1  6 3  -2.77746E-02
    4  T  1  7 3  -2.04060E-02
    5  T  1  8 3  -1.56234E-02
    6  T  1  9 3  -1.23445E-02
    7  T  1 10 3  -9.99913E-03
    3    3    0    7
    1  0.000000E+00
    1  T  1  4 3  -6.24945E-02
    2  T  1  5 3  -3.99956E-02
    3  T  1  6 3  -2.77746E-02
    4  T  1  7 3  -2.04060E-02
    5  T  1  8 3  -1.56234E-02
    6  T  1  9 3  -1.23445E-02
    7  T  1 10 3  -9.99913E-03
    1    3    1   14
    1  0.000000E+00
    1  T  1  3 2  -1.11507E-01
    2  T  1  4 2  -6.27251E-02
    3  T  1  5 2  -4.01289E-02
    4  T  1  5 4  -4.00000E-02
    5  T  1  6 2  -2.78567E-02
    6  T  1  6 4  -2.77778E-02
    7  T  1  7 2  -2.04595E-02
    8  T  1  7 4  -2.04081E-02
    9  T  1  8 2  -1.56601E-02
   10  T  1  8 4  -1.56250E-02
   11  T  1  9 2  -1.23706E-02
   12  T  1  9 4  -1.23457E-02
   13  T  1 10 2  -1.00184E-02
   14  T  1 10 4  -9.99999E-03
    3    3    1   14
    1  0.000000E+00
    1  T  1  3 2  -1.11596E-01
    2  T  1  4 2  -6.27767E-02
    3  T  1  5 2  -4.01589E-02
    4  T  1  5 4  -4.00000E-02
    5  T  1  6 2  -2.78751E-02
    6  T  1  6 4  -2.77778E-02
    7  T  1  7 2  -2.04715E-02
    8  T  1  7 4  -2.04081E-02
    9  T  1  8 2  -1.56683E-02
   10  T  1  8 4  -1.56250E-02
   11  T  1  9 2  -1.23765E-02
   12  T  1  9 4  -1.23457E-02
   13  T  1 10 2  -1.00227E-02
   14  T  1 10 4  -9.99999E-03
    1    4    0   12
    1  0.000000E+00
    1  T  1  4 3  -6.25027E-02
    2  T  1  5 3  -4.00022E-02
    3  T  1  6 3  -2.77794E-02
    4  T  1  6 5  -2.77778E-02
    5  T  1  7 3  -2.04093E-02
    6  T  1  7 5  -2.04082E-02
    7  T  1  8 3  -1.56258E-02
    8  T  1  8 5  -1.56250E-02
    9  T  1  9 3  -1.23463E-02
   10  T  1  9 5  -1.23457E-02
   11  T  1 10 3  -1.00004E-02
   12  T  1 10 5  -1.00000E-02
    3    4    0   12
    1  0.000000E+00
    1  T  1  4 3  -6.25029E-02
    2  T  1  5 3  -4.00024E-02
    3  T  1  6 3  -2.77795E-02
    4  T  1  6 5  -2.77778E-02
    5  T  1  7 3  -2.04094E-02
    6  T  1  7 5  -2.04082E-02
    7  T  1  8 3  -1.56259E-02
    8  T  1  8 5  -1.56250E-02
    9  T  1  9 3  -1.23463E-02
   10  T  1  9 5  -1.23457E-02
   11  T  1 10 3  -1.00005E-02
   12  T  1 10 5  -1.00000E-02
    1    4    1    6
    1  0.000000E+00
    1  T  1  5 4  -4.00000E-02
    2  T  1  6 4  -2.77777E-02
    3  T  1  7 4  -2.04081E-02
    4  T  1  8 4  -1.56250E-02
    5  T  1  9 4  -1.23457E-02
    6  T  1 10 4  -9.99998E-03
    3    4    1    6
    1  0.000000E+00
    1  T  1  5 4  -4.00000E-02
    2  T  1  6 4  -2.77777E-02
    3  T  1  7 4  -2.04081E-02
    4  T  1  8 4  -1.56250E-02
    5  T  1  9 4  -1.23457E-02
    6  T  1 10 4  -9.99998E-03
    0    0    0    0
