   10    8    E               
    1    0    0   10          
    3  5.690070E-01           
    1  C  1  0 0  -4.13059E+00
    2  T  3  3 1  -6.84233E-01
    3  C  3  0 0  -2.65549E-01
    4  T  3  4 1  -8.63975E-02
    5  T  3  5 1   1.63390E-01
    6  T  3  6 1   2.93137E-01
    7  T  3  7 1   3.69239E-01
    8  T  3  8 1   4.17689E-01
    9  T  3  9 1   4.50431E-01
   10  T  3 10 1   4.73591E-01
    1    1    0   19          
    2  3.759210E-01           
    1  T  2  3 1  -1.10353E+00
    2  T  3  3 1  -8.64700E-01
    3  T  2  4 1  -3.56395E-01
    4  T  2  4 3  -1.87749E-01
    5  T  3  4 1  -1.57982E-01
    6  T  2  5 1  -6.49869E-02
    7  T  2  5 3   1.52207E-02
    8  T  2  6 1   7.92514E-02
    9  T  2  6 3   1.25145E-01
   10  T  3  5 1   1.29548E-01
   11  T  2  7 1   1.64401E-01
   12  T  2  7 3   1.91911E-01
   13  T  2  8 1   2.16548E-01
   14  T  2  8 3   2.35046E-01
   15  T  2  9 1   2.51581E-01
   16  T  2  9 3   2.64607E-01
   17  T  3  6 1   2.73181E-01
   18  T  2 10 1   2.77678E-01
   19  T  2 10 3   2.85798E-01
    1    2    0   22          
    2  3.759210E-01           
    1  C  1  0 0  -4.41337E+00
    2  T  2  3 1  -9.31995E-01
    3  T  3  3 1  -8.03943E-01
    4  T  2  4 1  -2.96402E-01
    5  T  2  4 3  -1.87595E-01
    6  T  3  4 1  -1.36148E-01
    7  T  2  5 1  -3.68186E-02
    8  T  3  4 3   5.28806E-03
    9  T  2  5 3   1.59529E-02
   10  T  2  6 1   9.50004E-02
   11  T  2  6 3   1.25405E-01
   12  T  3  5 1   1.39380E-01
   13  T  2  7 1   1.73768E-01
   14  T  2  7 3   1.91884E-01
   15  T  3  5 3   2.08665E-01
   16  T  2  8 1   2.22739E-01
   17  T  2  8 3   2.35124E-01
   18  T  2  9 1   2.55898E-01
   19  T  2  9 3   2.64649E-01
   20  T  3  6 1:  2.77921E-01
   21  T  2 10 1:  2.81227E-01
   22  T  2 10 3   2.85835E-01
    1    3    0   16          
    2  3.759210E-01           
    1  T  2  3 1  -1.05899E+00
    2  T  2  4 1  -3.46095E-01
    3  T  2  4 3  -1.87165E-01
    4  T  2  5 1  -6.15662E-02
    5  T  3  4 3   5.74612E-03
    6  T  2  5 3   1.56661E-02
    7  T  2  6 1   8.24400E-02
    8  T  2  6 3   1.25648E-01
    9  T  2  7 1   1.65404E-01
   10  T  2  7 3   1.92037E-01
   11  T  3  5 3   2.08528E-01
   12  T  2  8 1   2.17601E-01
   13  T  2  8 3   2.35170E-01
   14  T  2  9 1   2.52504E-01
   15  T  2  9 3   2.64712E-01
   16  T  2 10 1   2.77025E-01
    1    4    0    8          
    2  3.759210E-01           
    1  T  2  4 3  -1.87132E-01
    2  T  3  4 3   5.62891E-03
    3  T  2  5 3   1.58656E-02
    4  T  2  6 3   1.25680E-01
    5  T  2  7 3   1.92038E-01
    6  T  3  5 3   2.08651E-01
    7  T  2  8 3   2.35194E-01
    8  T  2  9 3   2.64726E-01
    1    5    0    6          
    2  3.759210E-01           
    1  T  2  4 3  -1.87337E-01
    2  T  2  5 3   1.53820E-02
    3  T  2  6 3   1.25554E-01
    4  T  2  7 3   1.91994E-01
    5  T  2  8 3   2.35116E-01
    6  T  2  9 3   2.64678E-01
    1    0    1    8          
    2  3.759210E-01           
    1  T  2  3 2  -6.83998E-01
    2  T  2  4 2  -2.16839E-01
    3  T  2  5 2  -2.46438E-04
    4  T  2  6 2   1.16405E-01
    5  T  2  7 2   1.86202E-01
    6  T  2  8 2   2.31225E-01
    7  T  2  9 2   2.61942E-01
    8  T  2 10 2   2.83826E-01
    1    1    1   16          
    2  3.759210E-01           
    1  C  2  0 0  -1.99111E+00
    2  T  3  3 0  -1.17076E+00
    3  T  2  3 2  -6.50355E-01
    4  T  3  3 2  -4.31041E-01
    5  T  3  4 0  -2.64130E-01
    6  T  2  4 2  -1.99021E-01
    7  T  3  4 2  -5.92199E-04
    8  T  2  5 2   1.24996E-02
    9  T  3  5 0   8.04876E-02
   10  T  2  6 2   1.21161E-01
   11  T  2  7 2   1.88493E-01
   12  T  3  5 2   2.08190E-01
   13  T  2  8 2   2.32931E-01
   14  T  3  6 0   2.47859E-01
   15  T  2  9 2   2.63379E-01
   16  T  2 10 2   2.84742E-01
    1    2    1   18          
    2  3.759210E-01           
    1  T  2  3 0  -1.37149E+00
    2  T  2  3 2  -6.42825E-01
    3  T  3  3 2  -4.77692E-01
    4  T  2  4 0  -4.50822E-01
    5  T  2  4 2  -1.93847E-01
    6  T  2  5 0  -1.13416E-01
    7  T  3  4 2  -1.86395E-02
    8  T  2  5 2   1.40824E-02
    9  T  2  6 0   5.44301E-02
   10  T  2  6 2   1.23434E-01
   11  T  2  7 0   1.48397E-01
   12  T  2  7 2   1.88952E-01
   13  T  3  5 2   1.97974E-01
   14  T  2  8 0   2.06823E-01
   15  T  2  8 2   2.34417E-01
   16  T  2  9 0   2.44993E-01
   17  T  2  9 2   2.64066E-01
   18  T  2 10 0   2.71642E-01
    1    3    1   10          
    2  3.759210E-01           
    1  T  2  3 2  -6.31388E-01
    2  T  3  3 2  -4.54439E-01
    3  T  2  4 2  -1.91065E-01
    4  T  3  4 2  -6.30910E-03
    5  T  2  5 2   1.34753E-02
    6  T  2  6 2   1.24371E-01
    7  T  2  7 2   1.91189E-01
    8  T  3  5 2   2.02086E-01
    9  T  2  8 2   2.34620E-01
   10  T  2  9 2   2.64322E-01
    1    4    1    8          
    2  3.759210E-01           
    1  T  2  3 2  -6.69775E-01
    2  T  2  4 2  -2.10071E-01
    3  T  2  5 2   3.26287E-03
    4  T  2  6 2   1.18435E-01
    5  T  2  7 2   1.87478E-01
    6  T  2  8 2   2.32078E-01
    7  T  2  9 2   2.62539E-01
    8  T  2 10 2   2.84261E-01
    3    0    0    8          
    3  5.690070E-01           
    1  T  3  3 1  -9.01548E-01
    2  T  3  4 1  -1.65822E-01
    3  T  3  5 1   1.25337E-01
    4  T  3  6 1   2.72036E-01
    5  T  3  7 1   3.56345E-01
    6  T  3  8 1   4.09242E-01
    7  T  3  9 1   4.44600E-01
    8  T  3 10 1   4.69398E-01
    3    1    0   14          
    1  0.000000E+00           
    1  C  1  0 0  -4.65545E+00
    2  T  1  3 1  -1.38692E+00
    3  T  2  3 1  -1.00075E+00
    4  T  3  3 1  -8.39532E-01
    5  T  1  4 1  -6.90853E-01
    6  T  1  5 1  -4.29545E-01
    7  T  2  4 1  -3.32871E-01
    8  T  1  6 1  -2.83823E-01
    9  T  1  7 1  -2.06887E-01
   10  T  2  4 3  -1.87482E-01
   11  T  1  8 1  -1.58348E-01
   12  T  3  4 1  -1.47533E-01
   13  T  1  9 1  -1.21512E-01
   14  T  1 10 1  -9.78659E-02
    3    2    0   21          
    2  3.759210E-01           
    1  T  2  3 1  -1.09296E+00
    2  T  3  3 1  -8.80234E-01
    3  T  2  4 1  -3.57254E-01
    4  T  2  4 3  -1.87796E-01
    5  T  3  4 1  -1.59210E-01
    6  T  2  5 1  -6.67028E-02
    7  T  3  4 3   4.92663E-03
    8  T  2  5 3   1.58265E-02
    9  T  2  6 1   7.91521E-02
   10  T  2  6 3   1.25051E-01
   11  T  3  5 1   1.28835E-01
   12  T  2  7 1   1.63589E-01
   13  T  2  7 3   1.91847E-01
   14  T  3  5 3   2.08335E-01
   15  T  2  8 1   2.16252E-01
   16  T  2  8 3   2.35093E-01
   17  T  2  9 1   2.51499E-01
   18  T  2  9 3   2.64619E-01
   19  T  3  6 1   2.73359E-01
   20  T  2 10 1   2.76739E-01
   21  T  2 10 3   2.85804E-01
    3    3    0   10          
    1  0.000000E+00           
    1  T  2  3 1  -1.07228E+00
    2  T  1  4 3  -5.63135E-01
    3  T  1  5 3  -3.60472E-01
    4  T  2  4 1  -3.60472E-01
    5  T  1  6 3  -2.50312E-01
    6  T  2  4 3  -1.87571E-01
    7  T  1  7 3  -1.83887E-01
    8  T  1  8 3  -1.40782E-01
    9  T  1  9 3  -1.11226E-01
   10  T  1 10 3  -9.00872E-02
    3    4    0    8          
    2  3.759210E-01           
    1  T  2  4 3  -1.87628E-01
    2  T  3  4 3   5.24657E-03
    3  T  2  5 3   1.55386E-02
    4  T  2  6 3   1.25393E-01
    5  T  2  7 3   1.91824E-01
    6  T  3  5 3   2.08412E-01
    7  T  2  8 3   2.35057E-01
    8  T  2  9 3   2.64622E-01
    3    5    0    1          
    1  0.000000E+00           
    1  T  2  4 3  -1.87361E-01
    3    0    1   10          
    1  0.000000E+00           
    1  T  1  3 0  -1.72483E+00
    2  T  1  4 0  -8.25664E-01
    3  T  2  3 2  -6.42272E-01
    4  T  1  5 0  -4.86081E-01
    5  T  1  6 0  -3.20017E-01
    6  T  1  7 0  -2.26527E-01
    7  T  2  4 2  -1.96511E-01
    8  T  1  8 0  -1.68738E-01
    9  T  1  9 0  -1.30541E-01
   10  T  1 10 0  -1.03986E-01
    3    1    1   16          
    2  3.759210E-01           
    1  C  2  0 0  -2.78300E+00
    2  T  3  3 0  -1.22145E+00
    3  T  2  3 2  -6.46210E-01
    4  T  3  3 2  -4.73577E-01
    5  T  3  4 0  -2.78577E-01
    6  T  2  4 2  -1.97570E-01
    7  T  3  4 2  -1.65595E-02
    8  T  2  5 2   8.72490E-03
    9  T  3  5 0   7.38246E-02
   10  T  2  6 2   1.21790E-01
   11  T  2  7 2   1.89129E-01
   12  T  3  5 2   1.96678E-01
   13  T  2  8 2   2.33021E-01
   14  T  3  6 0   2.44179E-01
   15  T  2  9 2   2.63384E-01
   16  T  2 10 2   2.84754E-01
    3    2    1   14          
    1  0.000000E+00           
    1  T  2  3 0  -1.41747E+00
    2  T  1  3 2  -1.02182E+00
    3  T  2  3 2  -6.71760E-01
    4  T  1  4 2  -5.72473E-01
    5  T  2  4 0  -4.79867E-01
    6  T  3  3 2  -4.56096E-01
    7  T  1  5 2  -3.65772E-01
    8  T  1  6 2  -2.54285E-01
    9  T  2  4 2  -2.09972E-01
   10  T  1  7 2  -1.85214E-01
   11  T  1  8 2  -1.42089E-01
   12  T  2  5 0  -1.19826E-01
   13  T  1  9 2  -1.12206E-01
   14  T  1 10 2  -9.08478E-02
    3    3    1   11          
    2  3.759210E-01           
    1  T  2  3 2  -6.83354E-01
    2  T  3  3 2  -4.80186E-01
    3  T  2  4 2  -2.14870E-01
    4  T  3  4 2  -2.11972E-02
    5  T  2  5 2   2.32461E-03
    6  T  2  6 2   1.16933E-01
    7  T  2  7 2   1.85858E-01
    8  T  3  5 2   1.95599E-01
    9  T  2  8 2   2.31543E-01
   10  T  2  9 2   2.62105E-01
   11  T  2 10 2   2.83911E-01
    3    4    1    2          
    1  0.000000E+00           
    1  T  2  3 2  -6.73607E-01
    2  T  2  4 2  -2.11948E-01
    5    1    0    9          
    1  0.000000E+00           
    1  T  1  3 1  -1.46658E+00
    2  T  1  4 1  -7.33803E-01
    3  T  1  5 1  -4.43580E-01
    4  T  1  6 1  -2.97374E-01
    5  T  1  7 1  -2.13476E-01
    6  T  1  8 1  -1.61212E-01
    7  T  1  9 1  -1.27951E-01
    8  T  4  3 0  -1.11784E-01
    9  T  1 10 1  -9.68733E-02
    5    2    0    8          
    4  1.678329E+00           
    1  T  4  3 2   6.05805E-01
    2  T  4  4 2   1.08116E+00
    3  T  4  5 2   1.29997E+00
    4  T  4  6 2   1.41755E+00
    5  T  4  7 2   1.48783E+00
    6  T  4  8 2   1.53310E+00
    7  T  4  9 2   1.56398E+00
    8  T  4 10 2   1.58597E+00
    5    3    0    7          
    1  0.000000E+00           
    1  T  1  4 3  -5.63561E-01
    2  T  1  5 3  -3.60804E-01
    3  T  1  6 3  -2.50563E-01
    4  T  1  7 3  -1.84068E-01
    5  T  1  8 3  -1.40908E-01
    6  T  1  9 3  -1.11319E-01
    7  T  1 10 3  -9.01566E-02
    5    0    1    8          
    1  0.000000E+00           
    1  T  1  3 0  -1.81673E+00
    2  T  1  4 0  -8.54464E-01
    3  T  1  5 0  -4.98802E-01
    4  T  1  6 0  -3.26744E-01
    5  T  1  7 0  -2.30517E-01
    6  T  1  8 0  -1.71301E-01
    7  T  1  9 0  -1.32286E-01
    8  T  1 10 0  -1.05226E-01
    5    1    1    8          
    4  1.678329E+00           
    1  T  4  3 1   2.00324E-01
    2  T  4  4 1   9.43101E-01
    3  T  4  5 1   1.23479E+00
    4  T  4  6 1   1.38155E+00
    5  T  4  7 1   1.46584E+00
    6  T  4  8 1   1.51870E+00
    7  T  4  9 1   1.55403E+00
    8  T  4 10 1   1.57881E+00
    5    2    1    8          
    1  0.000000E+00           
    1  T  1  3 2  -1.05820E+00
    2  T  1  4 2  -5.92020E-01
    3  T  1  5 2  -3.75808E-01
    4  T  1  6 2  -2.59318E-01
    5  T  1  7 2  -1.89599E-01
    6  T  1  8 2  -1.44617E-01
    7  T  1  9 2  -1.13925E-01
    8  T  1 10 2  -9.20565E-02
    5    3    1    7          
    4  1.678319E+00           
    1  T  4  4 3   1.11361E+00
    2  T  4  5 3   1.31688E+00
    3  T  4  6 3   1.42740E+00
    4  T  4  7 3   1.49404E+00
    5  T  4  8 3   1.53727E+00
    6  T  4  9 3   1.56691E+00
    7  T  4 10 3   1.58809E+00
    0    0    0    0          
