   10    7    E
    2    0    0   14
    2  2.692000E-01
    1  C  2  0 0  -4.41535E+00
    2  T  3  3 0  -2.13501E+00
    3  T  2  3 2  -1.51160E+00
    4  T  3  4 0  -7.91495E-01
    5  T  2  4 2  -7.30161E-01
    6  T  2  5 2  -3.80501E-01
    7  T  3  5 0  -2.47725E-01
    8  T  6  3 1  -2.19406E-01
    9  T  2  6 2  -1.75924E-01
   10  T  2  7 2  -6.03907E-02
   11  T  2  8 2   1.62006E-02
   12  T  3  6 0   3.61993E-02
   13  T  2  9 2   7.03629E-02
   14  T  2 10 2   1.08063E-01
    2    0    1    9
    1  0.000000E+00
    1  T  1  3 1  -2.44678E+00
    2  T  1  4 1  -1.25024E+00
    3  T  1  5 1  -7.61452E-01
    4  T  1  6 1  -5.13541E-01
    5  T  1  7 1  -3.70244E-01
    6  T  1  8 1  -2.81286E-01
    7  T  5  3 2  -2.58458E-01
    8  T  1  9 1  -2.17775E-01
    9  T  1 10 1  -1.75801E-01
    4    0    0    8
    6  1.890000E+00
    1  T  6  3 1  -4.61089E-01
    2  T  6  4 1   6.73939E-01
    3  T  6  5 1   1.14469E+00
    4  T  6  6 1   1.38634E+00
    5  T  6  7 1   1.52688E+00
    6  T  6  8 1   1.61582E+00
    7  T  6  9 1   1.67565E+00
    8  T  6 10 1   1.71784E+00
    4    0    1   13
    1  0.000000E+00
    1  C  1  0 0  -7.17393E+00
    2  T  1  3 1  -2.28359E+00
    3  T  4  3 0  -1.78238E+00
    4  T  1  4 1  -1.17660E+00
    5  T  1  5 1  -7.32084E-01
    6  T  4  4 0  -5.28719E-01
    7  T  1  6 1  -4.80431E-01
    8  T  1  7 1  -3.56480E-01
    9  T  1  8 1  -2.71351E-01
   10  T  5  3 2  -2.27104E-01
   11  T  1  9 1  -2.09193E-01
   12  T  8  3 0  -1.74426E-01
   13  T  1 10 1  -1.69110E-01
    6    0    1    8
    4  7.987040E-01
    1  T  4  3 0  -1.97958E+00
    2  T  4  4 0  -5.70509E-01
    3  T  4  5 0  -1.86086E-02
    4  T  4  6 0   2.55549E-01
    5  T  4  7 0   4.11612E-01
    6  T  4  8 0   5.08888E-01
    7  T  4  9 0   5.73604E-01
    8  T  4 10 0   6.18828E-01
    2    1    0   23
    1  0.000000E+00
    1  C  2  0 0  -4.22366E+00
    2  T  1  3 0  -2.68151E+00
    3  T  1  3 2  -1.88548E+00
    4  T  2  3 2  -1.54456E+00
    5  T  1  4 0  -1.34220E+00
    6  T  1  4 2  -1.04789E+00
    7  T  1  5 0  -8.06380E-01
    8  T  2  4 2  -7.53507E-01
    9  T  5  3 1  -7.41521E-01
   10  T  1  5 2  -6.61501E-01
   11  T  1  6 0  -5.37510E-01
   12  T  1  6 2  -4.59145E-01
   13  T  6  3 1  -3.96004E-01
   14  T  2  5 2  -3.82679E-01
   15  T  1  7 0  -3.80680E-01
   16  T  1  7 2  -3.34532E-01
   17  T  1  8 0  -2.87429E-01
   18  T  1  8 2  -2.55900E-01
   19  T  1  9 0  -2.23559E-01
   20  T  1  9 2  -2.02058E-01
   21  T  2  6 2  -1.82618E-01
   22  T  1 10 0  -1.78784E-01
   23  T  1 10 2  -1.62778E-01
    2    1    1   22
    1  0.000000E+00
    1  C  1  0 0  -6.58619E+00
    2  C  3  0 0  -2.74030E+00
    3  T  1  3 1  -2.24541E+00
    4  T  2  3 1  -1.96068E+00
    5  T  3  3 1  -1.72710E+00
    6  T  1  4 1  -1.16435E+00
    7  T  2  4 1  -9.23323E-01
    8  T  1  5 1  -7.26961E-01
    9  T  2  4 3  -7.25015E-01
   10  T  6  3 0  -7.14105E-01
   11  T  3  4 1  -6.09718E-01
   12  T  1  6 1  -4.94421E-01
   13  T  2  5 1  -4.55850E-01
   14  T  2  5 3  -3.69381E-01
   15  T  1  7 1  -3.54383E-01
   16  T  1  8 1  -2.70036E-01
   17  T  2  6 1  -2.28183E-01
   18  T  1  9 1  -2.11675E-01
   19  T  5  3 2  -2.04638E-01
   20  T  2  6 3  -1.75249E-01
   21  T  1 10 1  -1.70095E-01
   22  T  3  5 1  -1.60797E-01
    4    1    0   21
    1  0.000000E+00
    1  C  2  0 0  -5.50464E+00
    2  T  1  3 0  -2.77303E+00
    3  T  1  3 2  -1.85915E+00
    4  T  4  3 1  -1.44321E+00
    5  T  1  4 0  -1.36982E+00
    6  T  1  4 2  -1.03618E+00
    7  T  1  5 0  -8.21978E-01
    8  T  1  5 2  -6.60470E-01
    9  T  5  3 1  -6.46181E-01
   10  T  1  6 0  -5.43354E-01
   11  T  1  6 2  -4.55781E-01
   12  T  4  4 1  -4.08928E-01
   13  T  1  7 0  -3.79041E-01
   14  T  6  3 1  -3.38806E-01
   15  T  1  7 2  -3.32652E-01
   16  T  1  8 0  -2.88680E-01
   17  T  1  8 2  -2.54658E-01
   18  T  1  9 0  -2.24685E-01
   19  T  1  9 2  -2.00837E-01
   20  T  1 10 0  -1.79681E-01
   21  T  1 10 2  -1.62424E-01
    4    1    1   10
    1  0.000000E+00
    1  T  1  3 1  -2.35950E+00
    2  T  1  4 1  -1.22253E+00
    3  T  6  3 0  -8.32203E-01
    4  T  1  5 1  -7.38245E-01
    5  T  1  6 1  -5.03503E-01
    6  T  1  7 1  -3.63509E-01
    7  T  1  8 1  -2.75118E-01
    8  T  5  3 2  -2.36180E-01
    9  T  1  9 1  -2.13380E-01
   10  T  1 10 1  -1.71977E-01
    6    1    0    8
    4  7.987040E-01
    1  T  4  3 1  -1.57415E+00
    2  T  4  4 1  -4.24027E-01
    3  T  4  5 1   5.05903E-02
    4  T  4  6 1   2.93598E-01
    5  T  4  7 1   4.34738E-01
    6  T  4  8 1   5.23980E-01
    7  T  4  9 1   5.83992E-01
    8  T  4 10 1   6.26281E-01
    2    2    0   23
    1  0.000000E+00
    1  C  2  0 0  -4.84708E+00
    2  T  2  3 0  -2.46350E+00
    3  T  1  3 2  -1.78542E+00
    4  T  2  3 2  -1.58180E+00
    5  T  3  3 2  -1.27847E+00
    6  T  2  4 0  -1.09054E+00
    7  T  1  4 2  -1.00516E+00
    8  T  2  4 2  -7.66575E-01
    9  T  1  5 2  -6.45301E-01
   10  T  5  3 1  -5.76837E-01
   11  T  2  5 0  -5.39670E-01
   12  T  3  4 2  -4.65568E-01
   13  T  1  6 2  -4.45024E-01
   14  T  2  5 2  -3.89080E-01
   15  T  2  5 4  -3.69323E-01
   16  T  6  3 1  -3.53958E-01
   17  T  1  7 2  -3.26495E-01
   18  T  2  6 0  -2.71981E-01
   19  T  1  8 2  -2.50829E-01
   20  T  1  9 2  -1.98296E-01
   21  T  2  6 2  -1.85313E-01
   22  T  2  6 4  -1.74390E-01
   23  T  1 10 2  -1.60578E-01
    2    2    1   26
    1  0.000000E+00
    1  C  1  0 0  -6.78628E+00
    2  T  1  3 1  -2.30046E+00
    3  T  2  3 1  -2.01749E+00
    4  T  1  4 1  -1.18860E+00
    5  T  5  3 0  -1.04477E+00
    6  T  1  4 3  -1.00906E+00
    7  T  2  4 1  -9.05984E-01
    8  T  2  4 3  -7.32910E-01
    9  T  1  5 1  -7.27551E-01
   10  T  1  5 3  -6.45220E-01
   11  T  1  6 1  -5.02036E-01
   12  T  2  5 1  -4.64356E-01
   13  T  1  6 3  -4.48026E-01
   14  T  2  5 3  -3.72723E-01
   15  T  1  7 1  -3.58539E-01
   16  T  1  7 3  -3.29214E-01
   17  T  1  8 1  -2.74686E-01
   18  T  1  8 3  -2.52417E-01
   19  T  7  3 0  -2.43326E-01
   20  T  2  6 1  -2.17444E-01
   21  T  1  9 1  -2.10664E-01
   22  T  5  3 2  -2.03095E-01
   23  T  1  9 3  -1.94475E-01
   24  T  2  6 3  -1.76621E-01
   25  T  1 10 1  -1.69478E-01
   26  T  1 10 3  -1.60490E-01
    4    2    0   10
    1  0.000000E+00
    1  T  1  3 2  -1.87952E+00
    2  T  1  4 2  -1.04999E+00
    3  T  5  3 1  -7.66214E-01
    4  T  1  5 2  -6.66871E-01
    5  T  1  6 2  -4.61199E-01
    6  T  6  3 1  -4.44415E-01
    7  T  1  7 2  -3.36453E-01
    8  T  1  8 2  -2.56693E-01
    9  T  1  9 2  -2.02244E-01
   10  T  1 10 2  -1.63440E-01
    4    2    1   19
    1  0.000000E+00
    1  T  1  3 1  -2.38971E+00
    2  T  1  4 1  -1.24288E+00
    3  T  5  3 0  -1.12396E+00
    4  T  1  4 3  -1.01107E+00
    5  T  4  3 2  -1.00557E+00
    6  T  1  5 1  -7.49149E-01
    7  T  1  5 3  -6.45293E-01
    8  T  1  6 1  -5.06320E-01
    9  T  1  6 3  -4.48105E-01
   10  T  1  7 1  -3.65064E-01
   11  T  1  7 3  -3.29529E-01
   12  T  5  3 2  -2.96005E-01
   13  T  1  8 1  -2.74824E-01
   14  T  1  8 3  -2.51584E-01
   15  T  1  9 1  -2.15354E-01
   16  T  4  4 2  -2.03405E-01
   17  T  1  9 3  -1.98265E-01
   18  T  1 10 1  -1.72630E-01
   19  T  1 10 3  -1.60966E-01
    6    2    1    8
    4  7.987040E-01
    1  T  4  3 2  -1.11241E+00
    2  T  4  4 2  -2.63270E-01
    3  T  4  5 2   1.26291E-01
    4  T  4  6 2   3.35382E-01
    5  T  4  7 2   4.60265E-01
    6  T  4  8 2   5.40725E-01
    7  T  4  9 2   5.95572E-01
    8  T  4 10 2   6.34624E-01
    2    3    0   21
    1  0.000000E+00
    1  T  1  3 2  -1.85288E+00
    2  T  2  3 2  -1.61662E+00
    3  T  1  4 2  -1.02976E+00
    4  T  2  4 2  -7.84025E-01
    5  T  5  3 1  -7.08671E-01
    6  T  1  5 2  -6.50296E-01
    7  T  1  5 4  -6.41294E-01
    8  T  1  6 2  -4.54241E-01
    9  T  1  6 4  -4.45290E-01
   10  T  2  5 2  -3.96617E-01
   11  T  2  5 4  -3.71004E-01
   12  T  1  7 2  -3.31220E-01
   13  T  1  7 4  -3.27069E-01
   14  T  1  8 2  -2.53803E-01
   15  T  1  8 4  -2.50361E-01
   16  T  1  9 2  -2.01514E-01
   17  T  1  9 4  -1.97786E-01
   18  T  2  6 2  -1.89442E-01
   19  T  2  6 4  -1.75416E-01
   20  T  1 10 2  -1.61545E-01
   21  T  1 10 4  -1.60186E-01
    2    3    1   16
    1  0.000000E+00
    1  T  2  3 1  -2.07278E+00
    2  T  1  4 3  -9.97711E-01
    3  T  2  4 1  -9.43941E-01
    4  T  2  4 3  -7.39975E-01
    5  T  1  5 3  -6.39675E-01
    6  T  2  5 1  -4.74983E-01
    7  T  1  6 3  -4.44573E-01
    8  T  3  4 3  -4.28149E-01
    9  T  2  5 3  -3.75339E-01
   10  T  1  7 3  -3.26891E-01
   11  T  1  8 3  -2.50640E-01
   12  T  2  6 1  -2.33893E-01
   13  T  1  9 3  -2.00472E-01
   14  T  5  3 2  -1.90194E-01
   15  T  2  6 3  -1.78665E-01
   16  T  2  6 5  -1.74955E-01
    4    3    0   16
    1  0.000000E+00
    1  T  1  3 2  -1.91666E+00
    2  T  1  4 2  -1.06300E+00
    3  T  5  3 1  -7.50943E-01
    4  T  1  5 2  -6.71833E-01
    5  T  1  5 4  -6.41295E-01
    6  T  1  6 2  -4.63209E-01
    7  T  1  6 4  -4.45291E-01
    8  T  1  7 2  -3.38384E-01
    9  T  1  7 4  -3.27070E-01
   10  T  1  8 2  -2.57950E-01
   11  T  1  8 4  -2.50363E-01
   12  T  1  9 2  -2.03242E-01
   13  T  4  4 3  -2.01403E-01
   14  T  1  9 4  -1.97787E-01
   15  T  1 10 2  -1.64062E-01
   16  T  1 10 4  -1.60187E-01
    4    3    1    8
    1  0.000000E+00
    1  T  1  4 3  -9.99498E-01
    2  T  1  5 3  -6.41342E-01
    3  T  1  6 3  -4.46100E-01
    4  T  1  7 3  -3.30573E-01
    5  T  5  3 2  -3.11670E-01
    6  T  1  8 3  -2.50391E-01
    7  T  1  9 3  -1.98147E-01
    8  T  1 10 3  -1.60626E-01
    6    3    0    7
    4  7.987040E-01
    1  T  4  4 3  -2.02919E-01
    2  T  4  5 3   1.57445E-01
    3  T  4  6 3   3.53396E-01
    4  T  4  7 3   4.71579E-01
    5  T  4  8 3   5.48284E-01
    6  T  4  9 3   6.00868E-01
    7  T  4 10 3   6.38477E-01
    2    4    0   11
    1  0.000000E+00
    1  T  2  3 2  -1.60160E+00
    2  T  2  4 2  -7.76283E-01
    3  T  1  5 4  -6.39141E-01
    4  T  1  6 4  -4.43945E-01
    5  T  2  5 2  -3.95223E-01
    6  T  2  5 4  -3.72297E-01
    7  T  1  7 4  -3.26246E-01
    8  T  1  8 4  -2.49825E-01
    9  T  1  9 4  -1.97416E-01
   10  T  2  6 2  -1.89644E-01
   11  T  2  6 4  -1.76228E-01
    2    4    1   16
    1  0.000000E+00
    1  T  1  4 3  -1.00541E+00
    2  T  2  4 3  -7.40943E-01
    3  T  1  5 3  -6.43429E-01
    4  T  1  6 3  -4.47346E-01
    5  T  1  6 5  -4.44643E-01
    6  T  2  5 3  -3.76494E-01
    7  T  1  7 3  -3.30011E-01
    8  T  1  7 5  -3.26698E-01
    9  T  5  3 2  -2.66868E-01
   10  T  1  8 5  -2.50129E-01
   11  T  1  8 3  -2.43867E-01
   12  T  1  9 5  -1.97629E-01
   13  T  1  9 3  -1.96661E-01
   14  T  2  6 3  -1.78596E-01
   15  T  2  6 5  -1.75286E-01
   16  T  1 10 5  -1.60075E-01
    4    4    0    5
    1  0.000000E+00
    1  T  1  5 4  -6.39157E-01
    2  T  1  6 4  -4.43961E-01
    3  T  1  7 4  -3.26260E-01
    4  T  1  8 4  -2.49836E-01
    5  T  1  9 4  -1.97424E-01
    4    4    1   12
    1  0.000000E+00
    1  T  1  4 3  -1.00706E+00
    2  T  1  5 3  -6.45225E-01
    3  T  1  6 3  -4.49566E-01
    4  T  1  6 5  -4.44643E-01
    5  T  1  7 3  -3.36032E-01
    6  T  1  7 5  -3.26699E-01
    7  T  5  3 2  -2.93940E-01
    8  T  1  8 5  -2.50129E-01
    9  T  1  8 3  -2.46751E-01
   10  T  1  9 5  -1.97629E-01
   11  T  1  9 3  -1.96666E-01
   12  T  1 10 5  -1.60075E-01
    6    4    1    6
    4  7.987040E-01
    1  T  4  5 4   1.58693E-01
    2  T  4  6 4   3.54246E-01
    3  T  4  7 4   4.72162E-01
    4  T  4  8 4   5.48695E-01
    5  T  4  9 4   6.01167E-01
    6  T  4 10 4   6.38700E-01
    0    0    0    0
