   11    7    E
    2    0    0   15
    2  3.119500E-01
    1  C  2  0 0  -6.99908E+00
    2  T  3  3 0  -3.32037E+00
    3  T  2  3 2  -2.49092E+00
    4  T  3  4 0  -1.37151E+00
    5  T  2  4 2  -1.26897E+00
    6  T  6  3 1  -1.04585E+00
    7  T  2  5 2  -7.04160E-01
    8  T  3  5 0  -5.60904E-01
    9  T  2  6 2  -3.91386E-01
   10  T  9  3 1  -2.55880E-01
   11  T  2  7 2  -2.04339E-01
   12  T  3  6 0  -1.46279E-01
   13  T  2  8 2  -8.25410E-02
   14  T  2  9 2   3.42525E-04
   15  T  2 10 2   5.95016E-02
    2    0    1   10
    1  0.000000E+00
    1  T  1  3 1  -3.65243E+00
    2  T  1  4 1  -1.89594E+00
    3  T  1  5 1  -1.17750E+00
    4  T  5  3 2  -1.05457E+00
    5  T  8  3 0  -9.84823E-01
    6  T  1  6 1  -7.74855E-01
    7  T  1  7 1  -5.62478E-01
    8  T  1  8 1  -4.25620E-01
    9  T  1  9 1  -3.33119E-01
   10  T  1 10 1  -2.67768E-01
    4    0    0    8
    6  2.187724E+00
    1  T  6  3 1  -1.34680E+00
    2  T  6  4 1   3.38223E-01
    3  T  6  5 1   1.04739E+00
    4  T  6  6 1   1.41423E+00
    5  T  6  7 1   1.62859E+00
    6  T  6  8 1   1.76471E+00
    7  T  6  9 1   1.85653E+00
    8  T  6 10 1   1.92140E+00
    4    0    1   14
    1  0.000000E+00
    1  C  1  0 0  -1.02169E+01
    2  T  1  3 1  -3.45006E+00
    3  T  4  3 0  -2.87337E+00
    4  T  1  4 1  -1.80349E+00
    5  T  1  5 1  -1.14889E+00
    6  T  8  3 0  -1.08379E+00
    7  T  4  4 0  -1.02783E+00
    8  T  5  3 2  -9.79723E-01
    9  T  1  6 1  -7.58667E-01
   10  T  1  7 1  -5.51692E-01
   11  T  1  8 1  -4.18908E-01
   12  T  1  9 1  -3.29473E-01
   13  T  4  5 0  -2.75633E-01
   14  T  1 10 1  -2.58431E-01
    6    0    1    8
    4  9.303499E-01
    1  T  4  3 0  -3.13398E+00
    2  T  4  4 0  -1.11338E+00
    3  T  4  5 0  -3.02449E-01
    4  T  4  6 0   1.05721E-01
    5  T  4  7 0   3.40018E-01
    6  T  4  8 0   4.86920E-01
    7  T  4  9 0   5.85079E-01
    8  T  4 10 0   6.53906E-01
    2    1    0   25
    1  0.000000E+00
    1  C  2  0 0  -6.78999E+00
    2  T  1  3 0  -3.94523E+00
    3  T  1  3 2  -2.94958E+00
    4  T  2  3 2  -2.52974E+00
    5  T  1  4 0  -2.01161E+00
    6  T  5  3 1  -1.67937E+00
    7  T  1  4 2  -1.62731E+00
    8  T  2  4 2  -1.28857E+00
    9  T  6  3 1  -1.26162E+00
   10  T  1  5 0  -1.21298E+00
   11  T  1  5 2  -1.03580E+00
   12  T  1  6 0  -8.18243E-01
   13  T  1  6 2  -7.22780E-01
   14  T  2  5 2  -7.02539E-01
   15  T  7  3 1  -6.76403E-01
   16  T  1  7 0  -5.87421E-01
   17  T  1  7 2  -5.23842E-01
   18  T  1  8 0  -4.45433E-01
   19  T  1  8 2  -4.04586E-01
   20  T  2  6 2  -3.95287E-01
   21  T  8  3 1  -3.84915E-01
   22  T  1  9 0  -3.39348E-01
   23  T  1  9 2  -3.15123E-01
   24  T  1 10 0  -2.73797E-01
   25  T  1 10 2  -2.55287E-01
    2    1    1   24
    1  0.000000E+00
    1  C  1  0 0  -9.53103E+00
    2  C  3  0 0  -5.03342E+00
    3  T  1  3 1  -3.40281E+00
    4  T  2  3 1  -3.05600E+00
    5  T  3  3 1  -2.80326E+00
    6  T  1  4 1  -1.78563E+00
    7  T  6  3 0  -1.67164E+00
    8  T  2  4 1  -1.48141E+00
    9  T  2  4 3  -1.24511E+00
   10  T  3  4 1  -1.16604E+00
   11  T  1  5 1  -1.10261E+00
   12  T  5  3 2  -9.85299E-01
   13  T  2  5 1  -8.23783E-01
   14  T  1  6 1  -7.57482E-01
   15  T  9  3 0  -7.38965E-01
   16  T  2  5 3  -6.87325E-01
   17  T  6  3 2  -5.70869E-01
   18  T  1  7 1  -5.45482E-01
   19  T  3  5 1  -4.64872E-01
   20  T  2  6 1  -4.51089E-01
   21  T  1  8 1  -4.13264E-01
   22  T  2  6 3  -3.83154E-01
   23  T  1  9 1  -3.25660E-01
   24  T  1 10 1  -2.63120E-01
    4    1    0   22
    1  0.000000E+00
    1  C  2  0 0  -8.25986E+00
    2  T  1  3 0  -4.05725E+00
    3  T  1  3 2  -2.90578E+00
    4  T  4  3 1  -2.46217E+00
    5  T  1  4 0  -2.05131E+00
    6  T  1  4 2  -1.62053E+00
    7  T  5  3 1  -1.52712E+00
    8  T  6  3 1  -1.26638E+00
    9  T  1  5 0  -1.20502E+00
   10  T  1  5 2  -1.02973E+00
   11  T  4  4 1  -8.54758E-01
   12  T  1  6 0  -8.23763E-01
   13  T  1  6 2  -7.12161E-01
   14  T  8  3 1  -6.27394E-01
   15  T  1  7 0  -5.86610E-01
   16  T  1  7 2  -5.20863E-01
   17  T  1  8 0  -4.43020E-01
   18  T  1  8 2  -3.97914E-01
   19  T  1  9 0  -3.45213E-01
   20  T  1  9 2  -3.13796E-01
   21  T  1 10 0  -2.76501E-01
   22  T  1 10 2  -2.53774E-01
    4    1    1   11
    1  0.000000E+00
    1  T  1  3 1  -3.54358E+00
    2  T  1  4 1  -1.88664E+00
    3  T  6  3 0  -1.77127E+00
    4  T  1  5 1  -1.14276E+00
    5  T  5  3 2  -1.02004E+00
    6  T  1  6 1  -7.75811E-01
    7  T  6  3 2  -7.36330E-01
    8  T  1  7 1  -5.58652E-01
    9  T  1  8 1  -4.22913E-01
   10  T  1  9 1  -3.31196E-01
   11  T  1 10 1  -2.66370E-01
    6    1    0    8
    4  9.303499E-01
    1  T  4  3 1  -2.63019E+00
    2  T  4  4 1  -9.27023E-01
    3  T  4  5 1  -2.13211E-01
    4  T  4  6 1   1.55208E-01
    5  T  4  7 1   3.70269E-01
    6  T  4  8 1   5.06743E-01
    7  T  4  9 1   5.98765E-01
    8  T  4 10 1   6.63748E-01
    2    2    0   27
    1  0.000000E+00
    1  C  2  0 0  -7.49634E+00
    2  T  2  3 0  -3.69791E+00
    3  T  1  3 2  -2.79843E+00
    4  T  2  3 2  -2.58531E+00
    5  T  3  3 2  -2.23292E+00
    6  T  2  4 0  -1.72391E+00
    7  T  1  4 2  -1.57701E+00
    8  T  5  3 1  -1.45116E+00
    9  T  2  4 2  -1.30384E+00
   10  T  6  3 1  -1.20836E+00
   11  T  1  5 2  -1.01036E+00
   12  T  3  4 2  -9.54069E-01
   13  T  2  5 0  -9.18003E-01
   14  T  2  5 2  -7.16442E-01
   15  T  1  6 2  -6.98391E-01
   16  T  2  5 4  -6.85808E-01
   17  T  7  3 1  -6.23672E-01
   18  T  1  7 2  -5.13564E-01
   19  T  2  6 0  -5.06047E-01
   20  T  2  6 2  -4.00050E-01
   21  T  1  8 2  -3.93058E-01
   22  T  2  6 4  -3.81495E-01
   23  T  3  5 2  -3.64845E-01
   24  T  1  9 2  -3.10284E-01
   25  T  9  3 1  -3.00591E-01
   26  T  2  7 0  -2.66687E-01
   27  T  1 10 2  -2.50962E-01
    2    2    1   27
    1  0.000000E+00
    1  C  1  0 0  -9.76348E+00
    2  T  1  3 1  -3.47189E+00
    3  T  2  3 1  -3.13018E+00
    4  T  5  3 0  -2.01324E+00
    5  T  1  4 1  -1.81338E+00
    6  T  1  4 3  -1.57858E+00
    7  T  2  4 1  -1.51106E+00
    8  T  2  4 3  -1.25572E+00
    9  T  7  3 0  -1.14655E+00
   10  T  1  5 1  -1.09519E+00
   11  T  1  5 3  -1.01783E+00
   12  T  5  3 2  -9.61298E-01
   13  T  2  5 1  -8.21840E-01
   14  T  1  6 1  -7.59700E-01
   15  T  1  6 3  -7.12463E-01
   16  T  2  5 3  -6.93135E-01
   17  T  6  3 2  -6.66723E-01
   18  T  1  7 1  -5.51933E-01
   19  T  1  7 3  -5.12443E-01
   20  T  2  6 1  -4.59457E-01
   21  T  1  8 1  -4.17255E-01
   22  T  1  8 3  -3.93084E-01
   23  T  2  6 3  -3.87377E-01
   24  T  1  9 1  -3.28126E-01
   25  T  1  9 3  -3.10776E-01
   26  T  1 10 1  -2.64968E-01
   27  T  1 10 3  -2.51886E-01
    4    2    0   10
    1  0.000000E+00
    1  T  1  3 2  -2.94335E+00
    2  T  5  3 1  -1.69821E+00
    3  T  1  4 2  -1.64010E+00
    4  T  6  3 1  -1.32499E+00
    5  T  1  5 2  -1.04072E+00
    6  T  1  6 2  -7.18195E-01
    7  T  1  7 2  -5.25206E-01
    8  T  1  8 2  -4.00695E-01
    9  T  1  9 2  -3.15724E-01
   10  T  1 10 2  -2.55168E-01
    4    2    1   20
    1  0.000000E+00
    1  T  1  3 1  -3.58119E+00
    2  T  5  3 0  -2.16835E+00
    3  T  4  3 2  -1.89828E+00
    4  T  1  4 1  -1.85646E+00
    5  T  1  4 3  -1.57868E+00
    6  T  1  5 1  -1.14925E+00
    7  T  5  3 2  -1.08839E+00
    8  T  1  5 3  -1.01031E+00
    9  T  1  6 1  -7.79707E-01
   10  T  6  3 2  -7.38051E-01
   11  T  1  6 3  -6.91083E-01
   12  T  4  4 2  -6.36947E-01
   13  T  1  7 1  -5.61076E-01
   14  T  1  7 3  -5.12326E-01
   15  T  1  8 1  -4.24675E-01
   16  T  1  8 3  -3.93169E-01
   17  T  1  9 1  -3.32607E-01
   18  T  1  9 3  -3.10989E-01
   19  T  1 10 1  -2.67659E-01
   20  T  1 10 3  -2.52128E-01
    6    2    1    8
    4  9.303499E-01
    1  T  4  3 2  -2.05827E+00
    2  T  4  4 2  -7.26255E-01
    3  T  4  5 2  -1.18178E-01
    4  T  4  6 2   2.07851E-01
    5  T  4  7 2   4.02512E-01
    6  T  4  8 2   5.27933E-01
    7  T  4  9 2   6.13440E-01
    8  T  4 10 2   6.74332E-01
    2    3    0   22
    1  0.000000E+00
    1  T  1  3 2  -2.90201E+00
    2  T  2  3 2  -2.62132E+00
    3  T  5  3 1  -1.63704E+00
    4  T  1  4 2  -1.59284E+00
    5  T  2  4 2  -1.32640E+00
    6  T  1  5 2  -1.02155E+00
    7  T  1  5 4  -1.00223E+00
    8  T  2  5 2  -7.34864E-01
    9  T  1  6 2  -7.03084E-01
   10  T  1  6 4  -6.95717E-01
   11  T  2  5 4  -6.88506E-01
   12  T  7  3 1  -6.65158E-01
   13  T  1  7 2  -5.18565E-01
   14  T  1  7 4  -5.11028E-01
   15  T  2  6 2  -4.08791E-01
   16  T  1  8 2  -3.92605E-01
   17  T  1  8 4  -3.91197E-01
   18  T  2  6 4  -3.82848E-01
   19  T  1  9 2  -3.12451E-01
   20  T  1  9 4  -3.09062E-01
   21  T  1 10 2  -2.53160E-01
   22  T  1 10 4  -2.50316E-01
    2    3    1   18
    1  0.000000E+00
    1  T  2  3 1  -3.20885E+00
    2  T  1  4 3  -1.56079E+00
    3  T  2  4 1  -1.53354E+00
    4  T  2  4 3  -1.26661E+00
    5  T  1  5 3  -1.00623E+00
    6  T  5  3 2  -9.45793E-01
    7  T  3  4 3  -9.01933E-01
    8  T  2  5 1  -8.27096E-01
    9  T  1  6 3  -7.05153E-01
   10  T  2  5 3  -6.98937E-01
   11  T  6  3 2  -6.44356E-01
   12  T  1  7 3  -5.06666E-01
   13  T  2  6 1  -4.61346E-01
   14  T  2  6 3  -3.93232E-01
   15  T  1  8 3  -3.89113E-01
   16  T  2  6 5  -3.81913E-01
   17  T  3  5 3  -3.37580E-01
   18  T  1  9 3  -3.07784E-01
    4    3    0   16
    1  0.000000E+00
    1  T  1  3 2  -2.99273E+00
    2  T  5  3 1  -1.68491E+00
    3  T  1  4 2  -1.64854E+00
    4  T  1  5 2  -1.04819E+00
    5  T  1  5 4  -1.00223E+00
    6  T  1  6 2  -7.22398E-01
    7  T  1  6 4  -6.95724E-01
    8  T  4  4 3  -6.32682E-01
    9  T  1  7 2  -5.27771E-01
   10  T  1  7 4  -5.11032E-01
   11  T  1  8 2  -4.02387E-01
   12  T  1  8 4  -3.91204E-01
   13  T  1  9 2  -3.16896E-01
   14  T  1  9 4  -3.09065E-01
   15  T  1 10 2  -2.56013E-01
   16  T  1 10 4  -2.50318E-01
    4    3    1    8
    1  0.000000E+00
    1  T  1  4 3  -1.56500E+00
    2  T  5  3 2  -1.13948E+00
    3  T  1  5 3  -1.00577E+00
    4  T  6  3 2  -7.73840E-01
    5  T  1  6 3  -6.80694E-01
    6  T  1  7 3  -5.07410E-01
    7  T  1  8 3  -3.89444E-01
    8  T  1  9 3  -3.08026E-01
    6    3    0    7
    4  9.303499E-01
    1  T  4  4 3  -6.35368E-01
    2  T  4  5 3  -7.20837E-02
    3  T  4  6 3   2.34255E-01
    4  T  4  7 3   4.19018E-01
    5  T  4  8 3   5.38933E-01
    6  T  4  9 3   6.21135E-01
    7  T  4 10 3   6.79925E-01
    2    4    0   12
    1  0.000000E+00
    1  T  2  3 2  -2.61676E+00
    2  T  2  4 2  -1.32169E+00
    3  T  1  5 4  -9.98721E-01
    4  T  2  5 2  -7.25680E-01
    5  T  1  6 4  -6.93888E-01
    6  T  2  5 4  -6.90577E-01
    7  T  1  7 4  -5.09917E-01
    8  T  2  6 2  -4.04440E-01
    9  T  1  8 4  -3.90448E-01
   10  T  2  6 4  -3.83993E-01
   11  T  3  5 4  -3.33822E-01
   12  T  1  9 4  -3.08526E-01
    2    4    1   14
    1  0.000000E+00
    1  T  1  4 3  -1.57269E+00
    2  T  2  4 3  -1.26778E+00
    3  T  5  3 2  -1.06953E+00
    4  T  1  5 3  -9.88614E-01
    5  T  1  6 3  -6.99032E-01
    6  T  1  7 3  -5.11032E-01
    7  T  1  7 5  -5.10554E-01
    8  T  1  8 3  -3.92328E-01
    9  T  1  8 5  -3.90807E-01
   10  T  2  6 3  -3.90807E-01
   11  T  2  6 5  -3.82596E-01
   12  T  1  9 3  -3.09169E-01
   13  T  1  9 5  -3.08822E-01
   14  T  1 10 3  -2.50428E-01
    4    4    0    5
    1  0.000000E+00
    1  T  1  5 4  -9.98758E-01
    2  T  1  6 4  -6.93930E-01
    3  T  1  7 4  -5.09950E-01
    4  T  1  8 4  -3.90476E-01
    5  T  1  9 4  -3.08546E-01
    4    4    1   13
    1  0.000000E+00
    1  T  1  4 3  -1.57729E+00
    2  T  5  3 2  -1.12627E+00
    3  T  1  5 3  -9.90824E-01
    4  T  1  6 3  -6.94890E-01
    5  T  1  6 5  -6.94890E-01
    6  T  1  7 3  -5.11232E-01
    7  T  1  7 5  -5.10554E-01
    8  T  1  8 3  -3.91502E-01
    9  T  1  8 5  -3.90876E-01
   10  T  1  9 3  -3.09340E-01
   11  T  1  9 5  -3.08821E-01
   12  T  1 10 3  -2.50552E-01
   13  T  1 10 5  -2.50132E-01
    6    4    1    6
    4  9.303499E-01
    1  T  4  5 4  -6.96863E-02
    2  T  4  6 4   2.35870E-01
    3  T  4  7 4   4.20119E-01
    4  T  4  8 4   5.39706E-01
    5  T  4  9 4   6.21696E-01
    6  T  4 10 4   6.80342E-01
    0    0    0    0
