   11    9    E
    2    0    0   12
    2  2.760029E-01
    1  C  2  0 0  -2.85255E+00
    2  T  3  3 0  -1.28020E+00
    3  T  2  3 2  -7.59910E-01
    4  T  2  4 2  -3.09377E-01
    5  T  3  4 0  -2.70140E-01
    6  T  2  5 2  -9.30580E-02
    7  T  2  6 2   2.02552E-02
    8  T  2  7 2   8.67394E-02
    9  T  3  5 0   9.53224E-02
   10  T  2  8 2   1.33183E-01
   11  T  2  9 2   1.63254E-01
   12  T  2 10 2   1.84777E-01
    2    1    0   18
    1  0.000000E+00
    1  T  1  3 0  -1.84023E+00
    2  T  1  3 2  -1.01062E+00
    3  T  1  4 0  -8.64328E-01
    4  T  2  3 2  -7.65854E-01
    5  T  1  4 2  -5.69260E-01
    6  T  1  5 0  -5.02396E-01
    7  T  1  5 2  -3.65307E-01
    8  T  1  6 0  -3.28385E-01
    9  T  2  4 2  -3.06123E-01
   10  T  1  6 2  -2.52215E-01
   11  T  1  7 0  -2.31388E-01
   12  T  1  7 2  -1.85441E-01
   13  T  1  8 0  -1.71815E-01
   14  T  1  8 2  -1.41967E-01
   15  T  1  9 0  -1.32613E-01
   16  T  1  9 2  -1.12283E-01
   17  T  1 10 0  -1.05448E-01
   18  T  2  5 2  -9.52874E-02
    2    2    0   14
    1  0.000000E+00
    1  T  2  3 0  -1.60906E+00
    2  T  1  3 2  -1.02262E+00
    3  T  2  3 2  -7.53088E-01
    4  T  2  4 0  -6.01687E-01
    5  T  1  4 2  -5.72077E-01
    6  T  3  3 2  -4.33690E-01
    7  T  1  5 2  -3.65243E-01
    8  T  2  4 2  -3.01595E-01
    9  T  1  6 2  -2.52687E-01
   10  T  2  5 0  -2.32036E-01
   11  T  1  7 2  -1.85610E-01
   12  T  1  8 2  -1.42025E-01
   13  T  1  9 2  -1.12232E-01
   14  T  2  5 2  -9.37343E-02
    2    3    0   11
    1  0.000000E+00
    1  T  1  3 2  -1.02906E+00
    2  T  2  3 2  -7.45371E-01
    3  T  1  4 2  -5.78554E-01
    4  T  1  5 2  -3.68990E-01
    5  T  2  4 2  -3.00512E-01
    6  T  1  6 2  -2.55355E-01
    7  T  1  7 2  -1.87129E-01
    8  T  1  8 2  -1.42974E-01
    9  T  1  9 2  -1.12781E-01
   10  T  2  5 2  -9.22456E-02
   11  T  1 10 2  -9.10530E-02
    2    4    0    3
    1  0.000000E+00
    1  T  2  3 2  -7.73597E-01
    2  T  2  4 2  -3.11078E-01
    3  T  2  5 2  -9.72849E-02
    2    0    1    8
    1  0.000000E+00
    1  T  1  3 1  -1.45541E+00
    2  T  1  4 1  -7.34730E-01
    3  T  1  5 1  -4.43087E-01
    4  T  1  6 1  -2.96394E-01
    5  T  1  7 1  -2.12202E-01
    6  T  1  8 1  -1.59415E-01
    7  T  1  9 1  -1.24141E-01
    8  T  1 10 1  -9.94053E-02
    2    1    1   15
    1  0.000000E+00
    1  C  1  0 0  -5.25676E+00
    2  T  1  3 1  -1.43815E+00
    3  T  2  3 1  -1.16898E+00
    4  T  3  3 1  -8.87724E-01
    5  T  1  4 1  -7.04241E-01
    6  T  2  4 1  -4.75869E-01
    7  T  1  5 1  -4.17098E-01
    8  T  2  4 3  -2.89284E-01
    9  T  1  6 1  -2.88778E-01
   10  T  1  7 1  -2.10160E-01
   11  T  2  5 1  -1.72493E-01
   12  T  1  8 1  -1.53413E-01
   13  T  3  4 1  -1.42150E-01
   14  T  1  9 1  -1.21054E-01
   15  T  1 10 1  -9.76223E-02
    2    2    1   18
    1  0.000000E+00
    1  T  1  3 1  -1.47647E+00
    2  T  2  3 1  -1.19094E+00
    3  T  1  4 1  -7.39185E-01
    4  T  1  4 3  -5.61750E-01
    5  T  2  4 1  -4.62295E-01
    6  T  1  5 1  -4.44672E-01
    7  T  1  5 3  -3.59548E-01
    8  T  1  6 1  -2.97428E-01
    9  T  2  4 3  -2.87503E-01
   10  T  1  6 3  -2.49735E-01
   11  T  1  7 1  -2.12841E-01
   12  T  1  7 3  -1.83510E-01
   13  T  2  5 1  -1.68579E-01
   14  T  1  8 1  -1.59750E-01
   15  T  1  8 3  -1.40517E-01
   16  T  1  9 1  -1.24409E-01
   17  T  1  9 3  -1.11037E-01
   18  T  1 10 1  -9.96006E-02
    2    3    1   11
    1  0.000000E+00
    1  T  2  3 1  -1.23449E+00
    2  T  1  4 3  -5.64191E-01
    3  T  2  4 1  -4.73960E-01
    4  T  1  5 3  -3.61108E-01
    5  T  2  4 3  -2.85953E-01
    6  T  1  6 3  -2.50707E-01
    7  T  1  7 3  -1.84145E-01
    8  T  2  5 1  -1.73916E-01
    9  T  1  8 3  -1.40947E-01
   10  T  1  9 3  -1.11342E-01
   11  T  1 10 3  -9.01711E-02
    2    4    1    7
    1  0.000000E+00
    1  T  1  4 3  -5.62432E-01
    2  T  1  5 3  -3.59987E-01
    3  T  2  4 3  -2.85568E-01
    4  T  1  6 3  -2.50039E-01
    5  T  1  7 3  -1.83712E-01
    6  T  1  8 3  -1.40657E-01
    7  T  1  9 3  -1.11137E-01
    2    5    1    1
    1  0.000000E+00
    1  T  2  4 3  -2.87884E-01
    4    0    0    8
    4  2.220318E+00
    1  T  4  3 1   6.59781E-01
    2  T  4  4 1   1.45626E+00
    3  T  4  5 1   1.76412E+00
    4  T  4  6 1   1.91689E+00
    5  T  4  7 1   2.00390E+00
    6  T  4  8 1   2.05818E+00
    7  T  4  9 1   2.09431E+00
    8  T  4 10 1   2.11958E+00
    4    1    0   16
    1  0.000000E+00
    1  T  1  3 0  -1.90788E+00
    2  T  1  3 2  -1.02591E+00
    3  T  1  4 0  -8.84189E-01
    4  T  1  4 2  -5.78570E-01
    5  T  1  5 0  -5.10999E-01
    6  T  1  5 2  -3.69155E-01
    7  T  1  6 0  -3.32887E-01
    8  T  1  6 2  -2.55546E-01
    9  T  1  7 0  -2.34041E-01
   10  T  1  7 2  -1.87251E-01
   11  T  1  8 0  -1.73508E-01
   12  T  1  8 2  -1.43057E-01
   13  T  1  9 0  -1.33760E-01
   14  T  1  9 2  -1.12835E-01
   15  T  1 10 0  -1.06260E-01
   16  T  1 10 2  -9.12645E-02
    4    2    0    8
    1  0.000000E+00
    1  T  1  3 2  -1.06530E+00
    2  T  1  4 2  -5.93738E-01
    3  T  1  5 2  -3.76689E-01
    4  T  1  6 2  -2.59840E-01
    5  T  1  7 2  -1.89930E-01
    6  T  1  8 2  -1.44839E-01
    7  T  1  9 2  -1.14081E-01
    8  T  1 10 2  -9.21693E-02
    4    3    0    8
    1  0.000000E+00
    1  T  1  3 2  -1.03846E+00
    2  T  1  4 2  -5.83433E-01
    3  T  1  5 2  -3.71577E-01
    4  T  1  6 2  -2.56929E-01
    5  T  1  7 2  -1.88115E-01
    6  T  1  8 2  -1.43632E-01
    7  T  1  9 2  -1.13237E-01
    8  T  1 10 2  -9.15568E-02
    4    0    1    8
    1  0.000000E+00
    1  T  1  3 1  -1.45246E+00
    2  T  1  4 1  -7.33668E-01
    3  T  1  5 1  -4.42595E-01
    4  T  1  6 1  -2.96126E-01
    5  T  1  7 1  -2.12041E-01
    6  T  1  8 1  -1.59310E-01
    7  T  1  9 1  -1.24069E-01
    8  T  1 10 1  -9.93537E-02
    4    1    1    8
    1  0.000000E+00
    1  T  1  3 1  -1.55049E+00
    2  T  1  4 1  -7.62957E-01
    3  T  1  5 1  -4.56086E-01
    4  T  1  6 1  -3.03520E-01
    5  T  1  7 1  -2.16543E-01
    6  T  1  8 1  -1.62257E-01
    7  T  1  9 1  -1.26103E-01
    8  T  1 10 1  -1.00817E-01
    4    2    1   14
    1  0.000000E+00
    1  T  1  3 1  -1.50591E+00
    2  T  1  4 1  -7.49334E-01
    3  T  1  4 3  -5.61916E-01
    4  T  1  5 1  -4.49663E-01
    5  T  1  5 3  -3.59683E-01
    6  T  1  6 1  -2.99939E-01
    7  T  1  6 3  -2.49830E-01
    8  T  1  7 1  -2.14334E-01
    9  T  1  7 3  -1.83576E-01
   10  T  1  8 1  -1.60797E-01
   11  T  1  8 3  -1.40565E-01
   12  T  1  9 1  -1.25088E-01
   13  T  1  9 3  -1.11071E-01
   14  T  1 10 1  -1.00082E-01
    4    3    1    7
    1  0.000000E+00
    1  T  1  4 3  -5.64561E-01
    2  T  1  5 3  -3.61406E-01
    3  T  1  6 3  -2.50914E-01
    4  T  1  7 3  -1.84286E-01
    5  T  1  8 3  -1.41051E-01
    6  T  1  9 3  -1.11418E-01
    7  T  1 10 3  -9.02277E-02
    4    4    1    6
    1  0.000000E+00
    1  T  1  4 3  -5.62518E-01
    2  T  1  5 3  -3.60056E-01
    3  T  1  6 3  -2.50074E-01
    4  T  1  7 3  -1.83737E-01
    5  T  1  8 3  -1.40675E-01
    6  T  1  9 3  -1.11150E-01
    0    0    0    0
