   11   11    E
    2    0    0    9
    1  0.000000E+00
    1  T  1  3 0  -3.70418E-01
    2  T  1  4 0  -1.41553E-01
    3  T  1  5 0  -7.45946E-02
    4  T  1  6 0  -4.59925E-02
    5  T  1  7 0  -3.11745E-02
    6  T  1  8 0  -2.25169E-02
    7  T  1  9 0  -1.70230E-02
    8  T  1 10 0  -1.33198E-02
    9  T  1 11 0  -1.07057E-02
    2    1    1    8
    1  0.000000E+00
    1  T  1  3 1  -2.20380E-01
    2  T  1  4 1  -1.00968E-01
    3  T  1  5 1  -5.80040E-02
    4  T  1  6 1  -3.76394E-02
    5  T  1  7 1  -2.63909E-02
    6  T  1  8 1  -1.95260E-02
    7  T  1  9 1  -1.50298E-02
    8  T  1 10 1  -1.19254E-02
    2    2    0    8
    1  0.000000E+00
    1  T  1  3 2  -1.11549E-01
    2  T  1  4 2  -6.28073E-02
    3  T  1  5 2  -4.01834E-02
    4  T  1  6 2  -2.78914E-02
    5  T  1  7 2  -2.04824E-02
    6  T  1  8 2  -1.56759E-02
    7  T  1  9 2  -1.23819E-02
    8  T  1 10 2  -1.00267E-02
    2    3    1    7
    1  0.000000E+00
    1  T  1  4 3  -6.25133E-02
    2  T  1  5 3  -4.00099E-02
    3  T  1  6 3  -2.77844E-02
    4  T  1  7 3  -2.04127E-02
    5  T  1  8 3  -1.56282E-02
    6  T  1  9 3  -1.23480E-02
    7  T  1 10 3  -1.00017E-02
    0    0    0    0
