   11   10    E
    1    0    0    9
    1  0.000000E+00
    1  C  1  0 0  -3.55749E+00
    2  T  1  3 1  -6.49335E-01
    3  T  1  4 1  -3.24724E-01
    4  T  1  5 1  -1.95843E-01
    5  T  1  6 1  -1.31090E-01
    6  T  1  7 1  -9.39094E-02
    7  T  1  8 1  -7.05835E-02
    8  T  1  9 1  -5.49874E-02
    9  T  1 10 1  -4.40453E-02
    3    0    0    8
    1  0.000000E+00
    1  T  1  3 1  -7.92103E-01
    2  T  1  4 1  -3.72607E-01
    3  T  1  5 1  -2.17815E-01
    4  T  1  6 1  -1.42974E-01
    5  T  1  7 1  -1.01054E-01
    6  T  1  8 1  -7.52092E-02
    7  T  1  9 1  -5.81525E-02
    8  T  1 10 1  -4.63055E-02
    1    1    0    8
    1  0.000000E+00
    1  T  1  3 1  -7.36178E-01
    2  T  1  4 1  -3.56619E-01
    3  T  1  5 1  -2.10837E-01
    4  T  1  6 1  -1.39289E-01
    5  T  1  7 1  -9.88695E-02
    6  T  1  8 1  -7.38081E-02
    7  T  1  9 1  -5.72001E-02
    8  T  1 10 1  -4.56287E-02
    3    1    0    8
    1  0.000000E+00
    1  T  1  3 1  -7.35412E-01
    2  T  1  4 1  -3.56350E-01
    3  T  1  5 1  -2.10713E-01
    4  T  1  6 1  -1.39222E-01
    5  T  1  7 1  -9.88296E-02
    6  T  1  8 1  -7.37823E-02
    7  T  1  9 1  -5.71825E-02
    8  T  1 10 1  -4.56162E-02
    1    1    1   17
    1  0.000000E+00
    1  T  1  3 0  -1.01023E+00
    2  T  1  3 2  -4.48491E-01
    3  T  1  4 0  -4.41454E-01
    4  T  1  4 2  -2.51559E-01
    5  T  1  5 0  -2.48266E-01
    6  T  1  5 2  -1.60765E-01
    7  T  1  6 0  -1.58994E-01
    8  T  1  6 2  -1.11544E-01
    9  T  1  7 0  -1.10491E-01
   10  T  1  7 2  -8.19017E-02
   11  T  1  8 0  -8.12272E-02
   12  T  1  8 2  -6.26788E-02
   13  T  1  9 0  -6.22220E-02
   14  T  1  9 2  -4.95076E-02
   15  T  1 10 0  -4.91844E-02
   16  T  1 10 2  -4.00907E-02
   17  T  1 11 0  -3.98538E-02
    3    1    1   17
    1  0.000000E+00
    1  T  1  3 0  -1.03969E+00
    2  T  1  3 2  -4.59934E-01
    3  T  1  4 0  -4.48248E-01
    4  T  1  4 2  -2.57437E-01
    5  T  1  5 0  -2.51267E-01
    6  T  1  5 2  -1.64015E-01
    7  T  1  6 0  -1.60544E-01
    8  T  1  6 2  -1.13497E-01
    9  T  1  7 0  -1.11391E-01
   10  T  1  7 2  -8.31577E-02
   11  T  1  8 0  -8.17953E-02
   12  T  1  8 2  -6.35311E-02
   13  T  1  9 0  -6.26029E-02
   14  T  1  9 2  -5.01113E-02
   15  T  1 10 0  -4.94521E-02
   16  T  1 10 2  -4.05333E-02
   17  T  1 11 0  -4.00490E-02
    1    2    0   15
    1  0.000000E+00
    1  T  1  3 1  -7.41710E-01
    2  T  1  4 1  -3.57588E-01
    3  T  1  4 3  -2.50154E-01
    4  T  1  5 1  -2.11174E-01
    5  T  1  5 3  -1.60117E-01
    6  T  1  6 1  -1.39447E-01
    7  T  1  6 3  -1.11190E-01
    8  T  1  7 1  -9.89573E-02
    9  T  1  7 3  -8.16869E-02
   10  T  1  8 1  -7.38622E-02
   11  T  1  8 3  -6.25382E-02
   12  T  1  9 1  -5.72359E-02
   13  T  1  9 3  -4.94105E-02
   14  T  1 10 1  -4.56537E-02
   15  T  1 10 3  -4.00207E-02
    3    2    0   15
    1  0.000000E+00
    1  T  1  3 1  -7.55354E-01
    2  T  1  4 1  -3.62196E-01
    3  T  1  4 3  -2.50190E-01
    4  T  1  5 1  -2.13268E-01
    5  T  1  5 3  -1.60146E-01
    6  T  1  6 1  -1.40572E-01
    7  T  1  6 3  -1.11211E-01
    8  T  1  7 1  -9.96296E-02
    9  T  1  7 3  -8.17018E-02
   10  T  1  8 1  -7.42957E-02
   11  T  1  8 3  -6.25489E-02
   12  T  1  9 1  -5.75316E-02
   13  T  1  9 3  -4.94183E-02
   14  T  1 10 1  -4.58643E-02
   15  T  1 10 3  -4.00266E-02
    1    2    1    8
    1  0.000000E+00
    1  T  1  3 2  -4.46838E-01
    2  T  1  4 2  -2.51798E-01
    3  T  1  5 2  -1.61122E-01
    4  T  1  6 2  -1.11824E-01
    5  T  1  7 2  -8.21061E-02
    6  T  1  8 2  -6.28278E-02
    7  T  1  9 2  -4.96180E-02
    8  T  1 10 2  -4.01741E-02
    3    2    1    8
    1  0.000000E+00
    1  T  1  3 2  -4.46791E-01
    2  T  1  4 2  -2.51771E-01
    3  T  1  5 2  -1.61106E-01
    4  T  1  6 2  -1.11814E-01
    5  T  1  7 2  -8.20997E-02
    6  T  1  8 2  -6.28233E-02
    7  T  1  9 2  -4.96148E-02
    8  T  1 10 2  -4.01718E-02
    1    3    0    7
    1  0.000000E+00
    1  T  1  4 3  -2.49857E-01
    2  T  1  5 3  -1.59894E-01
    3  T  1  6 3  -1.11040E-01
    4  T  1  7 3  -8.15846E-02
    5  T  1  8 3  -6.24663E-02
    6  T  1  9 3  -4.93584E-02
    7  T  1 10 3  -3.99819E-02
    3    3    0    7
    1  0.000000E+00
    1  T  1  4 3  -2.49857E-01
    2  T  1  5 3  -1.59894E-01
    3  T  1  6 3  -1.11040E-01
    4  T  1  7 3  -8.15843E-02
    5  T  1  8 3  -6.24662E-02
    6  T  1  9 3  -4.93582E-02
    7  T  1 10 3  -3.99818E-02
    1    3    1   14
    1  0.000000E+00
    1  T  1  3 2  -4.51406E-01
    2  T  1  4 2  -2.53784E-01
    3  T  1  5 2  -1.62127E-01
    4  T  1  5 4  -1.60001E-01
    5  T  1  6 2  -1.12400E-01
    6  T  1  6 4  -1.11112E-01
    7  T  1  7 2  -8.24652E-02
    8  T  1  7 4  -8.16338E-02
    9  T  1  8 2  -6.30668E-02
   10  T  1  8 4  -6.25010E-02
   11  T  1  9 2  -4.97850E-02
   12  T  1  9 4  -4.93835E-02
   13  T  1 10 2  -4.02955E-02
   14  T  1 10 4  -4.00006E-02
    3    3    1   14
    1  0.000000E+00
    1  T  1  3 2  -4.53177E-01
    2  T  1  4 2  -2.54776E-01
    3  T  1  5 2  -1.62688E-01
    4  T  1  5 4  -1.60001E-01
    5  T  1  6 2  -1.12740E-01
    6  T  1  6 4  -1.11113E-01
    7  T  1  7 2  -8.26852E-02
    8  T  1  7 4  -8.16339E-02
    9  T  1  8 2  -6.32165E-02
   10  T  1  8 4  -6.25010E-02
   11  T  1  9 2  -4.98913E-02
   12  T  1  9 4  -4.93835E-02
   13  T  1 10 2  -4.03735E-02
   14  T  1 10 4  -4.00006E-02
    1    4    0   12
    1  0.000000E+00
    1  T  1  4 3  -2.50090E-01
    2  T  1  5 3  -1.60070E-01
    3  T  1  6 3  -1.11159E-01
    4  T  1  6 5  -1.11111E-01
    5  T  1  7 3  -8.16658E-02
    6  T  1  7 5  -8.16326E-02
    7  T  1  8 3  -6.25235E-02
    8  T  1  8 5  -6.24999E-02
    9  T  1  9 3  -4.93999E-02
   10  T  1  9 5  -4.93826E-02
   11  T  1 10 3  -4.00128E-02
   12  T  1 10 5  -3.99999E-02
    3    4    0   12
    1  0.000000E+00
    1  T  1  4 3  -2.50099E-01
    2  T  1  5 3  -1.60077E-01
    3  T  1  6 3  -1.11165E-01
    4  T  1  6 5  -1.11111E-01
    5  T  1  7 3  -8.16697E-02
    6  T  1  7 5  -8.16326E-02
    7  T  1  8 3  -6.25263E-02
    8  T  1  8 5  -6.24999E-02
    9  T  1  9 3  -4.94019E-02
   10  T  1  9 5  -4.93826E-02
   11  T  1 10 3  -4.00144E-02
   12  T  1 10 5  -3.99999E-02
    1    4    1    6
    1  0.000000E+00
    1  T  1  5 4  -1.59997E-01
    2  T  1  6 4  -1.11108E-01
    3  T  1  7 4  -8.16299E-02
    4  T  1  8 4  -6.24978E-02
    5  T  1  9 4  -4.93810E-02
    6  T  1 10 4  -3.99987E-02
    3    4    1    6
    1  0.000000E+00
    1  T  1  5 4  -1.59997E-01
    2  T  1  6 4  -1.11108E-01
    3  T  1  7 4  -8.16299E-02
    4  T  1  8 4  -6.24978E-02
    5  T  1  9 4  -4.93810E-02
    6  T  1 10 4  -3.99987E-02
    0    0    0    0
