   11    6    E
    1    0    1   10
    5  2.593620E+00
    1  T  5  3 1  -2.29837E+00
    2  T  7  3 2  -4.97981E-01
    3  T  5  4 1   1.90602E-02
    4  T  5  5 1   9.88924E-01
    5  T  7  4 2   1.39518E+00
    6  T  5  6 1   1.51007E+00
    7  T  5  7 1   1.80366E+00
    8  T  5  8 1   1.99412E+00
    9  T  5  9 1   2.12313E+00
   10  T  5 10 1   2.21431E+00
    1    1    1   22
    1  0.000000E+00
    1  C  2  0 0  -9.44432E+00
    2  T  1  3 0  -5.20747E+00
    3  T  1  3 2  -4.02242E+00
    4  T  3  3 1  -2.80141E+00
    5  T  1  4 0  -2.72035E+00
    6  T  4  3 1  -2.30209E+00
    7  T  1  4 2  -2.24470E+00
    8  T  5  3 1  -1.89719E+00
    9  T  1  5 0  -1.65470E+00
   10  T  1  5 2  -1.42967E+00
   11  T  1  6 0  -1.12899E+00
   12  T  1  6 2  -9.89624E-01
   13  T  8  3 0  -8.54918E-01
   14  T  1  7 0  -8.14865E-01
   15  T  1  7 2  -7.28159E-01
   16  T  1  8 0  -6.17045E-01
   17  T  3  4 1  -5.89586E-01
   18  T  1  8 2  -5.58596E-01
   19  T  1  9 0  -4.81788E-01
   20  T  1  9 2  -4.42309E-01
   21  T  3  4 3  -4.06123E-01
   22  T  1 10 0  -3.87122E-01
    1    2    1   14
    1  0.000000E+00
    1  C  2  0 0  -9.80208E+00
    2  T  1  3 2  -4.27696E+00
    3  T  3  3 1  -2.89789E+00
    4  T  1  4 2  -2.36020E+00
    5  T  5  3 1  -2.00499E+00
    6  T  1  5 2  -1.47182E+00
    7  T  7  3 0  -1.32511E+00
    8  T  1  6 2  -1.01557E+00
    9  T  1  7 2  -7.45849E-01
   10  T  3  4 1  -6.38026E-01
   11  T  1  8 2  -5.70078E-01
   12  T  1  9 2  -4.50647E-01
   13  T  3  4 3  -4.21541E-01
   14  T  1 10 2  -3.64782E-01
    1    3    1   16
    1  0.000000E+00
    1  T  1  3 2  -4.03961E+00
    2  T  3  3 1  -2.84002E+00
    3  T  1  4 2  -2.27095E+00
    4  T  1  5 4  -1.43978E+00
    5  T  1  5 2  -1.43191E+00
    6  T  1  6 4  -1.00019E+00
    7  T  1  6 2  -9.90991E-01
    8  T  1  7 4  -7.35116E-01
    9  T  1  7 2  -7.29918E-01
   10  T  3  4 1  -6.70064E-01
   11  T  1  8 4  -5.62983E-01
   12  T  1  8 2  -5.58650E-01
   13  T  7  3 2  -4.49335E-01
   14  T  1  9 4  -4.43222E-01
   15  T  1  9 2  -4.41757E-01
   16  T  1 10 4  -3.60272E-01
    1    4    1    7
    1  0.000000E+00
    1  T  1  5 4  -1.44348E+00
    2  T  1  6 4  -1.00289E+00
    3  T  1  7 4  -7.37166E-01
    4  T  1  8 4  -5.67666E-01
    5  T  7  3 2  -5.43085E-01
    6  T  1  9 4  -4.44974E-01
    7  T  1 10 4  -3.60809E-01
    1    5    1   10
    1  0.000000E+00
    1  T  1  5 4  -1.44028E+00
    2  T  1  6 4  -1.00056E+00
    3  T  1  7 4  -7.35467E-01
    4  T  1  7 6  -7.34684E-01
    5  T  1  8 4  -5.63535E-01
    6  T  1  8 6  -5.62496E-01
    7  T  1  9 4  -4.46590E-01
    8  T  1  9 6  -4.44446E-01
    9  T  3  4 3  -3.92813E-01
   10  T  1 10 6  -3.60005E-01
    1    6    1    4
    1  0.000000E+00
    1  T  1  7 6  -7.34717E-01
    2  T  1  8 6  -5.62530E-01
    3  T  1  9 6  -4.44474E-01
    4  T  1 10 6  -3.60026E-01
    3    0    1   13
    1  1.007208E+00
    1  C  2  0 0  -9.72188E+00
    2  T  2  3 1  -3.85624E+00
    3  T  5  3 1  -2.10075E+00
    4  T  6  3 0  -1.73320E+00
    5  T  2  4 1  -1.45671E+00
    6  T  2  5 1  -5.86508E-01
    7  T  7  3 2  -2.61314E-01
    8  T  2  6 1  -8.31366E-02
    9  T  5  4 1   1.08704E-01
   10  T  2  7 1   2.16597E-01
   11  T  2  8 1   4.05846E-01
   12  T  2  9 1   5.33645E-01
   13  T  2 10 1   6.21087E-01
    3    1    1   26
    1  0.000000E+00
    1  C  2  0 0  -1.04649E+01
    2  T  1  3 0  -5.29987E+00
    3  T  1  3 2  -4.14743E+00
    4  T  2  3 1  -3.52703E+00
    5  T  3  3 1  -2.82165E+00
    6  T  1  4 0  -2.68691E+00
    7  T  1  4 2  -2.32254E+00
    8  T  4  3 1  -2.29844E+00
    9  T  5  3 1  -2.14729E+00
   10  T  1  5 0  -1.67949E+00
   11  T  1  5 2  -1.45516E+00
   12  T  2  4 1  -1.44049E+00
   13  T  1  6 0  -1.13732E+00
   14  T  1  6 2  -1.00450E+00
   15  T  8  3 0  -9.05201E-01
   16  T  1  7 0  -8.21544E-01
   17  T  1  7 2  -7.38210E-01
   18  T  3  4 1  -6.52572E-01
   19  T  1  8 0  -6.13466E-01
   20  T  1  8 2  -5.65681E-01
   21  T  2  5 1  -5.22337E-01
   22  T  1  9 0  -4.81352E-01
   23  T  1  9 2  -4.47110E-01
   24  T  3  4 3  -3.99336E-01
   25  T  1 10 0  -3.87855E-01
   26  T  1 10 2  -3.62304E-01
    3    2    1   20
    1  0.000000E+00
    1  C  2  0 0  -1.08137E+01
    2  T  1  3 2  -4.18305E+00
    3  T  2  3 1  -3.61706E+00
    4  T  3  3 1  -2.83721E+00
    5  T  1  4 2  -2.32957E+00
    6  T  5  3 1  -2.20427E+00
    7  T  2  4 1  -1.50867E+00
    8  T  1  5 2  -1.45602E+00
    9  T  7  3 0  -1.37073E+00
   10  T  2  4 3  -1.27714E+00
   11  T  1  6 2  -1.00571E+00
   12  T  6  3 2  -7.75233E-01
   13  T  1  7 2  -7.38866E-01
   14  T  3  4 1  -6.76891E-01
   15  T  1  8 2  -5.66180E-01
   16  T  2  5 1  -5.40162E-01
   17  T  3  4 3  -4.54978E-01
   18  T  1  9 2  -4.47419E-01
   19  T  2  5 3  -4.19043E-01
   20  T  1 10 2  -3.62539E-01
    3    3    1   20
    1  0.000000E+00
    1  T  1  3 2  -4.27197E+00
    2  T  3  3 1  -2.90406E+00
    3  T  1  4 2  -2.36180E+00
    4  T  1  5 2  -1.47310E+00
    5  T  1  5 4  -1.43976E+00
    6  T  2  4 3  -1.23056E+00
    7  T  1  6 2  -1.01634E+00
    8  T  1  6 4  -1.00022E+00
    9  T  1  7 2  -7.46688E-01
   10  T  1  7 4  -7.35189E-01
   11  T  3  4 1  -6.94902E-01
   12  T  1  8 2  -5.70755E-01
   13  T  1  8 4  -5.63464E-01
   14  T  7  3 2  -5.47448E-01
   15  T  1  9 2  -4.50917E-01
   16  T  1  9 4  -4.44800E-01
   17  T  2  5 3  -4.27628E-01
   18  T  3  4 3  -3.66075E-01
   19  T  1 10 2  -3.64802E-01
   20  T  1 10 4  -3.60197E-01
    3    4    1    9
    1  0.000000E+00
    1  T  1  5 4  -1.44346E+00
    2  T  2  4 3  -1.25022E+00
    3  T  1  6 4  -1.00287E+00
    4  T  1  7 4  -7.37130E-01
    5  T  1  8 4  -5.66685E-01
    6  T  7  3 2  -5.36733E-01
    7  T  1  9 4  -4.45211E-01
    8  T  2  5 3  -4.35251E-01
    9  T  3  4 3  -3.71389E-01
    3    5    1   10
    1  0.000000E+00
    1  T  1  5 4  -1.44040E+00
    2  T  1  6 4  -1.00069E+00
    3  T  1  7 4  -7.35594E-01
    4  T  1  7 6  -7.34687E-01
    5  T  1  8 4  -5.63680E-01
    6  T  1  8 6  -5.62497E-01
    7  T  1  9 4  -4.46908E-01
    8  T  1  9 6  -4.44446E-01
    9  T  3  4 3  -3.95401E-01
   10  T  1 10 6  -3.60005E-01
    3    6    1    4
    1  0.000000E+00
    1  T  1  7 6  -7.34717E-01
    2  T  1  8 6  -5.62530E-01
    3  T  1  9 6  -4.44474E-01
    4  T  1 10 6  -3.60026E-01
    5    0    1   11
    2  1.007208E+00
    1  C  2  0 0  -1.17591E+01
    2  T  2  3 1  -3.58693E+00
    3  T  6  3 0  -1.89255E+00
    4  T  2  4 1  -1.47779E+00
    5  T  2  5 1  -5.51845E-01
    6  T  2  6 1  -6.09719E-02
    7  T  2  7 1   2.29843E-01
    8  T  2  8 1   4.16098E-01
    9  T  2  9 1   5.42096E-01
   10  T  6  4 0   6.01133E-01
   11  T  2 10 1   6.34272E-01
    5    1    1    8
    2  1.007208E+00
    1  T  2  3 1  -3.74359E+00
    2  T  2  4 1  -1.53150E+00
    3  T  2  5 1  -5.75742E-01
    4  T  2  6 1  -7.36755E-02
    5  T  2  7 1   2.22388E-01
    6  T  2  8 1   4.11511E-01
    7  T  2  9 1   5.39644E-01
    8  T  2 10 1   6.30460E-01
    5    2    1   16
    2  1.007208E+00
    1  T  2  3 1  -3.79756E+00
    2  T  2  4 1  -1.55225E+00
    3  T  2  4 3  -1.28248E+00
    4  T  6  3 2  -9.13089E-01
    5  T  2  5 1  -5.81724E-01
    6  T  2  5 3  -4.30998E-01
    7  T  2  6 1  -7.76886E-02
    8  T  2  6 3   5.24363E-03
    9  T  2  7 1   2.19808E-01
   10  T  2  7 3   2.70631E-01
   11  T  2  8 1   4.09750E-01
   12  T  2  8 3   4.43175E-01
   13  T  2  9 1   5.38378E-01
   14  T  2  9 3   5.61534E-01
   15  T  2 10 1   6.29510E-01
   16  T  2 10 3   6.46209E-01
    5    3    1    7
    2  1.007208E+00
    1  T  2  4 3  -1.23653E+00
    2  T  2  5 3  -4.31853E-01
    3  T  2  6 3   7.28588E-03
    4  T  2  7 3   2.72411E-01
    5  T  2  8 3   4.44573E-01
    6  T  2  9 3   5.62635E-01
    7  T  2 10 3   6.47095E-01
    5    4    1   12
    2  1.007208E+00
    1  T  2  4 3  -1.25508E+00
    2  T  2  5 3  -4.40178E-01
    3  T  2  6 3   2.53565E-03
    4  T  2  6 5   7.02675E-03
    5  T  2  7 3   2.69424E-01
    6  T  2  7 5   2.72307E-01
    7  T  2  8 3   4.42571E-01
    8  T  2  8 5   4.44524E-01
    9  T  2  9 3   5.61229E-01
   10  T  2  9 5   5.62610E-01
   11  T  2 10 3   6.46070E-01
   12  T  2 10 5   6.47081E-01
    1    0    0   13
    1  0.000000E+00
    1  C  1  0 0  -1.19646E+01
    2  C  3  0 0  -7.37269E+00
    3  T  1  3 1  -4.40119E+00
    4  T  4  3 0  -2.70891E+00
    5  T  1  4 1  -2.41392E+00
    6  T  3  3 2  -2.06569E+00
    7  T  1  5 1  -1.52332E+00
    8  T  1  6 1  -1.04884E+00
    9  T  1  7 1  -7.65653E-01
   10  T  1  8 1  -5.83506E-01
   11  T  1  9 1  -4.60044E-01
   12  T  3  4 2  -4.01731E-01
   13  T  1 10 1  -3.68723E-01
    1    1    0   14
    1  0.000000E+00
    1  T  1  3 1  -4.88232E+00
    2  T  5  3 0  -2.67880E+00
    3  T  1  4 1  -2.49797E+00
    4  T  3  3 2  -2.15556E+00
    5  T  5  3 2  -1.64848E+00
    6  T  1  5 1  -1.58564E+00
    7  T  1  6 1  -1.09040E+00
    8  T  7  3 1  -1.00344E+00
    9  T  1  7 1  -7.91362E-01
   10  T  1  8 1  -6.00756E-01
   11  T  1  9 1  -4.73399E-01
   12  T  8  3 1  -4.42821E-01
   13  T  3  4 2  -3.98054E-01
   14  T  1 10 1  -3.77880E-01
    1    2    0   23
    1  0.000000E+00
    1  C  1  0 0  -1.23312E+01
    2  C  3  0 0  -8.05944E+00
    3  T  1  3 1  -4.57087E+00
    4  T  3  3 0  -3.24607E+00
    5  T  1  4 1  -2.47599E+00
    6  T  1  4 3  -2.26321E+00
    7  T  3  3 2  -2.19348E+00
    8  T  4  3 2  -1.70770E+00
    9  T  1  5 1  -1.56372E+00
   10  T  1  5 3  -1.46132E+00
   11  T  5  3 2  -1.37060E+00
   12  T  1  6 1  -1.06436E+00
   13  T  1  6 3  -9.92987E-01
   14  T  3  4 0  -8.70047E-01
   15  T  1  7 1  -7.74023E-01
   16  T  1  7 3  -7.31786E-01
   17  T  7  3 1  -5.94844E-01
   18  T  1  8 1  -5.89227E-01
   19  T  1  8 3  -5.60879E-01
   20  T  1  9 1  -4.63810E-01
   21  T  1  9 3  -4.43593E-01
   22  T  3  4 2  -4.22220E-01
   23  T  1 10 1  -3.73335E-01
    1    3    0   11
    1  0.000000E+00
    1  T  3  3 2  -2.36356E+00
    2  T  1  4 3  -2.24649E+00
    3  T  5  3 2  -1.58072E+00
    4  T  1  5 3  -1.40659E+00
    5  T  1  6 3  -1.00061E+00
    6  T  7  3 1  -9.33954E-01
    7  T  1  7 3  -7.35968E-01
    8  T  1  8 3  -5.63943E-01
    9  T  3  4 2  -4.55486E-01
   10  T  1  9 3  -4.45366E-01
   11  T  1 10 3  -3.60985E-01
    1    4    0   13
    1  0.000000E+00
    1  T  3  3 2  -2.31668E+00
    2  T  1  4 3  -2.20997E+00
    3  T  1  5 3  -1.43964E+00
    4  T  1  6 3  -1.00044E+00
    5  T  1  6 5  -9.99769E-01
    6  T  1  7 3  -7.35110E-01
    7  T  1  7 5  -7.34558E-01
    8  T  1  8 3  -5.62917E-01
    9  T  1  8 5  -5.62422E-01
   10  T  3  4 2  -4.56153E-01
   11  T  1  9 5  -4.44419E-01
   12  T  1  9 3  -4.43424E-01
   13  T  1 10 3  -3.60066E-01
    1    5    0    5
    1  0.000000E+00
    1  T  1  6 5  -1.00028E+00
    2  T  1  7 5  -7.35000E-01
    3  T  1  8 5  -5.62764E-01
    4  T  1  9 5  -4.44658E-01
    5  T  1 10 5  -3.60171E-01
    1    6    0    5
    1  0.000000E+00
    1  T  1  6 5  -9.99977E-01
    2  T  1  7 5  -7.34680E-01
    3  T  1  8 5  -5.62495E-01
    4  T  1  9 5  -4.44444E-01
    5  T  1 10 5  -3.60003E-01
    3    0    0   12
    1  0.000000E+00
    1  T  1  3 1  -4.75838E+00
    2  T  4  3 0  -2.85879E+00
    3  T  1  4 1  -2.53396E+00
    4  T  3  3 2  -2.17532E+00
    5  T  1  5 1  -1.58128E+00
    6  T  1  6 1  -1.08147E+00
    7  T  1  7 1  -7.85908E-01
    8  T  1  8 1  -5.97115E-01
    9  T  4  4 0  -5.12256E-01
   10  T  1  9 1  -4.69844E-01
   11  T  3  4 2  -4.20493E-01
   12  T  1 10 1  -3.78098E-01
    3    1    0   22
    1  0.000000E+00
    1  C  1  0 0  -1.26509E+01
    2  C  3  0 0  -8.32134E+00
    3  T  1  3 1  -4.71430E+00
    4  T  2  3 0  -4.02445E+00
    5  T  2  3 2  -3.14284E+00
    6  T  5  3 0  -2.67272E+00
    7  T  1  4 1  -2.50805E+00
    8  T  3  3 2  -2.23060E+00
    9  T  2  4 0  -1.68582E+00
   10  T  1  5 1  -1.58125E+00
   11  T  5  3 2  -1.53888E+00
   12  T  6  3 1  -1.29972E+00
   13  T  2  4 2  -1.28344E+00
   14  T  1  6 1  -1.07376E+00
   15  T  1  7 1  -7.82695E-01
   16  T  7  3 1  -7.56797E-01
   17  T  2  5 0  -6.36488E-01
   18  T  1  8 1  -5.90519E-01
   19  T  3  4 2  -4.71041E-01
   20  T  1  9 1  -4.59275E-01
   21  T  2  5 2  -4.25265E-01
   22  T  1 10 1  -3.74750E-01
    3    2    0   25
    1  0.000000E+00
    1  T  1  3 1  -4.82383E+00
    2  T  3  3 0  -3.40209E+00
    3  T  2  3 2  -2.94684E+00
    4  T  1  4 1  -2.56316E+00
    5  T  3  3 2  -2.32212E+00
    6  T  1  4 3  -2.26592E+00
    7  T  4  3 2  -1.78537E+00
    8  T  5  3 2  -1.65087E+00
    9  T  1  5 1  -1.57167E+00
   10  T  1  5 3  -1.41462E+00
   11  T  2  4 2  -1.23003E+00
   12  T  1  6 1  -1.08722E+00
   13  T  7  3 1  -1.01072E+00
   14  T  1  6 3  -9.94351E-01
   15  T  3  4 0  -8.69210E-01
   16  T  1  7 1  -7.84865E-01
   17  T  1  7 3  -7.32932E-01
   18  T  1  8 1  -5.97494E-01
   19  T  1  8 3  -5.61911E-01
   20  T  3  4 2  -4.77851E-01
   21  T  1  9 1  -4.66050E-01
   22  T  8  3 1  -4.47970E-01
   23  T  1  9 3  -4.43853E-01
   24  T  2  5 2  -4.09154E-01
   25  T  1 10 1  -3.77412E-01
    3    3    0   15
    1  0.000000E+00
    1  T  2  3 2  -3.07871E+00
    2  T  3  3 2  -2.41062E+00
    3  T  1  4 3  -2.27412E+00
    4  T  5  3 2  -1.70721E+00
    5  T  1  5 3  -1.42818E+00
    6  T  2  4 2  -1.27329E+00
    7  T  1  6 3  -1.00203E+00
    8  T  7  3 1  -9.57866E-01
    9  T  1  7 3  -7.36354E-01
   10  T  1  8 3  -5.64512E-01
   11  T  3  4 2  -5.10389E-01
   12  T  1  9 3  -4.46018E-01
   13  T  2  5 4  -4.35210E-01
   14  T  2  5 2  -4.15583E-01
   15  T  1 10 3  -3.60546E-01
    3    4    0   14
    1  0.000000E+00
    1  T  3  3 2  -2.41838E+00
    2  T  1  4 3  -2.21737E+00
    3  T  1  5 3  -1.44077E+00
    4  T  1  6 3  -1.00183E+00
    5  T  1  6 5  -9.99895E-01
    6  T  1  7 3  -7.36571E-01
    7  T  1  7 5  -7.34619E-01
    8  T  1  8 3  -5.65219E-01
    9  T  1  8 5  -5.62452E-01
   10  T  3  4 2  -4.95460E-01
   11  T  1  9 5  -4.44418E-01
   12  T  1  9 3  -4.43295E-01
   13  T  2  5 4  -4.30590E-01
   14  T  1 10 3  -3.60034E-01
    3    5    0    6
    1  0.000000E+00
    1  T  1  6 5  -1.00028E+00
    2  T  1  7 5  -7.35000E-01
    3  T  1  8 5  -5.62764E-01
    4  T  1  9 5  -4.44658E-01
    5  T  2  5 4  -4.33873E-01
    6  T  1 10 5  -3.60171E-01
    3    6    0    5
    1  0.000000E+00
    1  T  1  6 5  -9.99978E-01
    2  T  1  7 5  -7.34682E-01
    3  T  1  8 5  -5.62496E-01
    4  T  1  9 5  -4.44446E-01
    5  T  1 10 5  -3.60004E-01
    5    1    0   17
    2  1.007208E+00
    1  T  2  3 0  -4.28227E+00
    2  T  2  3 2  -3.16236E+00
    3  T  2  4 0  -1.74248E+00
    4  T  6  3 1  -1.43040E+00
    5  T  2  4 2  -1.30880E+00
    6  T  2  5 0  -6.74365E-01
    7  T  2  5 2  -4.47162E-01
    8  T  2  6 0  -1.29107E-01
    9  T  2  6 2   2.50742E-03
   10  T  2  7 0   1.88121E-01
   11  T  2  7 2   2.68944E-01
   12  T  2  8 0   3.88817E-01
   13  T  2  8 2   4.41496E-01
   14  T  2  9 0   5.23800E-01
   15  T  2  9 2   5.59944E-01
   16  T  2 10 0   6.18908E-01
   17  T  2 10 2   6.44782E-01
    5    2    0    8
    2  1.007208E+00
    1  T  2  3 2  -3.22012E+00
    2  T  2  4 2  -1.34238E+00
    3  T  2  5 2  -4.60386E-01
    4  T  2  6 2  -5.71767E-03
    5  T  2  7 2   2.63473E-01
    6  T  2  8 2   4.37756E-01
    7  T  2  9 2   5.57332E-01
    8  T  2 10 2   6.42934E-01
    5    3    0   14
    2  1.007208E+00
    1  T  2  3 2  -3.29215E+00
    2  T  2  4 2  -1.36451E+00
    3  T  2  5 2  -4.69826E-01
    4  T  2  5 4  -4.35156E-01
    5  T  2  6 2  -1.14350E-02
    6  T  2  6 4   5.28060E-03
    7  T  2  7 2   2.59708E-01
    8  T  2  7 4   2.71005E-01
    9  T  2  8 2   4.35181E-01
   10  T  2  8 4   4.43523E-01
   11  T  2  9 2   5.55511E-01
   12  T  2  9 4   5.61819E-01
   13  T  2 10 2   6.41608E-01
   14  T  2 10 4   6.46440E-01
    5    4    0    5
    2  1.007208E+00
    1  T  2  5 4  -4.30713E-01
    2  T  2  6 4   8.56977E-03
    3  T  2  7 4   2.73332E-01
    4  T  2  8 4   4.45224E-01
    5  T  2  9 4   5.63106E-01
    5    5    0    9
    2  1.007208E+00
    1  T  2  5 4  -4.33965E-01
    2  T  2  6 4   6.31499E-03
    3  T  2  7 6   2.72503E-01
    4  T  2  7 4   2.72503E-01
    5  T  2  8 6   4.44696E-01
    6  T  2  8 4   4.44696E-01
    7  T  2  9 6   5.62750E-01
    8  T  2  9 4   5.62750E-01
    9  T  2 10 6   6.47194E-01
    0    0    0    0
