   12    6    E
    1    0    1   11
    5  2.898056E+00
    1  T  5  3 1  -3.60518E+00
    2  T  7  3 2  -1.54196E+00
    3  T  5  4 1  -5.55885E-01
    4  T  5  5 1   7.41737E-01
    5  T  7  4 2   1.02668E+00
    6  T  5  6 1   1.43362E+00
    7  T  5  7 1   1.83246E+00
    8  T  5  8 1   2.08743E+00
    9  T  7  5 2   2.18899E+00
   10  T  5  9 1   2.26437E+00
   11  T  5 10 1   2.38642E+00
    1    1    1   26
    1  0.000000E+00
    1  C  2  0 0  -1.29113E+01
    2  T  1  3 0  -6.87432E+00
    3  T  1  3 2  -5.48521E+00
    4  T  3  3 1  -4.13998E+00
    5  T  1  4 0  -3.64606E+00
    6  T  4  3 1  -3.56658E+00
    7  T  5  3 1  -3.10257E+00
    8  T  1  4 2  -3.08103E+00
    9  T  1  5 0  -2.23156E+00
   10  T  1  5 2  -1.97724E+00
   11  T  8  3 0  -1.93958E+00
   12  T  1  6 0  -1.51816E+00
   13  T  7  3 2  -1.40593E+00
   14  T  1  6 2  -1.37089E+00
   15  T  3  4 1  -1.22778E+00
   16  T  1  7 0  -1.09730E+00
   17  T  1  7 2  -1.00847E+00
   18  T  3  4 3  -9.84118E-01
   19  T  1  8 0  -8.31362E-01
   20  T  1  8 2  -7.70736E-01
   21  T  4  4 1  -6.82125E-01
   22  T  1  9 0  -6.50994E-01
   23  T  1  9 2  -6.08689E-01
   24  T  8  3 2  -5.44334E-01
   25  T  1 10 0  -5.22686E-01
   26  T  1 10 2  -4.91590E-01
    1    2    1   16
    1  0.000000E+00
    1  C  2  0 0  -1.33117E+01
    2  T  1  3 2  -5.79842E+00
    3  T  3  3 1  -4.26197E+00
    4  T  5  3 1  -3.25548E+00
    5  T  1  4 2  -3.20403E+00
    6  T  7  3 0  -2.48486E+00
    7  T  1  5 2  -2.03296E+00
    8  T  1  6 2  -1.40377E+00
    9  T  7  3 2  -1.33526E+00
   10  T  3  4 1  -1.24213E+00
   11  T  3  4 3  -1.05145E+00
   12  T  1  7 2  -1.02606E+00
   13  T  8  3 2  -7.96445E-01
   14  T  1  8 2  -7.77728E-01
   15  T  1  9 2  -6.16645E-01
   16  T  1 10 2  -4.98598E-01
    1    3    1   19
    1  0.000000E+00
    1  T  1  3 2  -5.50222E+00
    2  T  3  3 1  -4.19032E+00
    3  T  1  4 2  -3.09312E+00
    4  T  1  5 2  -1.97966E+00
    5  T  1  5 4  -1.95988E+00
    6  T  1  6 2  -1.37638E+00
    7  T  1  6 4  -1.36259E+00
    8  T  3  4 1  -1.33906E+00
    9  T  7  3 2  -1.22809E+00
   10  T  1  7 2  -1.00786E+00
   11  T  1  7 4  -1.00120E+00
   12  T  3  4 3  -9.82504E-01
   13  T  8  3 2  -7.80939E-01
   14  T  1  8 2  -7.70467E-01
   15  T  1  8 4  -7.60277E-01
   16  T  1  9 2  -6.08512E-01
   17  T  1  9 4  -6.05463E-01
   18  T  1 10 2  -4.92638E-01
   19  T  1 10 4  -4.90869E-01
    1    4    1    8
    1  0.000000E+00
    1  T  1  5 4  -1.96498E+00
    2  T  7  3 2  -1.53703E+00
    3  T  1  6 4  -1.36444E+00
    4  T  1  7 4  -1.00584E+00
    5  T  3  4 3  -9.70176E-01
    6  T  1  8 4  -7.67401E-01
    7  T  1  9 4  -6.06567E-01
    8  T  1 10 4  -4.91449E-01
    1    5    1   10
    1  0.000000E+00
    1  T  1  5 4  -1.96053E+00
    2  T  1  6 4  -1.36256E+00
    3  T  1  7 4  -1.01091E+00
    4  T  1  7 6  -1.00001E+00
    5  T  3  4 3  -9.66306E-01
    6  T  1  8 6  -7.65649E-01
    7  T  1  8 4  -7.64586E-01
    8  T  1  9 6  -6.04976E-01
    9  T  1  9 4  -6.04581E-01
   10  T  1 10 6  -4.90045E-01
    1    6    1    4
    1  0.000000E+00
    1  T  1  7 6  -1.00003E+00
    2  T  1  8 6  -7.65669E-01
    3  T  1  9 6  -6.04980E-01
    4  T  1 10 6  -4.90037E-01
    3    0    1   14
    1  1.133174E+00
    1  C  2  0 0  -1.32365E+01
    2  T  2  3 1  -5.33985E+00
    3  T  5  3 1  -3.37986E+00
    4  T  6  3 0  -2.87749E+00
    5  T  2  4 1  -2.26921E+00
    6  T  7  3 2  -1.25215E+00
    7  T  2  5 1  -1.01038E+00
    8  T  5  4 1  -4.55635E-01
    9  T  2  6 1  -3.33966E-01
   10  T  2  7 1   5.41303E-02
   11  T  6  4 0   1.83458E-01
   12  T  2  8 1   3.32775E-01
   13  T  2  9 1   5.00872E-01
   14  T  2 10 1   6.22590E-01
    3    1    1   29
    1  0.000000E+00
    1  C  2  0 0  -1.40529E+01
    2  T  1  3 0  -6.98058E+00
    3  T  1  3 2  -5.64249E+00
    4  T  2  3 1  -4.95526E+00
    5  T  3  3 1  -4.09323E+00
    6  T  1  4 0  -3.70121E+00
    7  T  4  3 1  -3.56345E+00
    8  T  5  3 1  -3.40226E+00
    9  T  1  4 2  -3.15216E+00
   10  T  1  5 0  -2.25335E+00
   11  T  2  4 1  -2.18635E+00
   12  T  8  3 0  -2.01728E+00
   13  T  1  5 2  -2.00892E+00
   14  T  1  6 0  -1.52960E+00
   15  T  1  6 2  -1.39033E+00
   16  T  7  3 2  -1.33444E+00
   17  T  3  4 1  -1.25754E+00
   18  T  1  7 0  -1.09997E+00
   19  T  3  4 3  -1.02980E+00
   20  T  1  7 2  -1.01805E+00
   21  T  2  5 1  -9.41804E-01
   22  T  1  8 0  -8.37601E-01
   23  T  8  3 2  -8.24544E-01
   24  T  1  8 2  -7.77887E-01
   25  T  4  4 1  -6.82372E-01
   26  T  1  9 0  -6.50845E-01
   27  T  1  9 2  -6.13223E-01
   28  T  1 10 0  -5.28196E-01
   29  T  1 10 2  -4.96389E-01
    3    2    1   23
    1  0.000000E+00
    1  C  2  0 0  -1.44454E+01
    2  T  1  3 2  -5.68168E+00
    3  T  2  3 1  -5.06042E+00
    4  T  3  3 1  -4.18328E+00
    5  T  5  3 1  -3.49954E+00
    6  T  1  4 2  -3.16010E+00
    7  T  7  3 0  -2.60072E+00
    8  T  2  4 1  -2.20716E+00
    9  T  2  4 3  -2.03122E+00
   10  T  1  5 2  -2.01236E+00
   11  T  6  3 2  -1.77003E+00
   12  T  7  3 2  -1.42658E+00
   13  T  1  6 2  -1.39160E+00
   14  T  3  4 1  -1.29730E+00
   15  T  1  7 2  -1.01933E+00
   16  T  3  4 3  -1.00776E+00
   17  T  2  5 1  -9.58252E-01
   18  T  2  5 3  -8.35243E-01
   19  T  8  3 2  -8.11758E-01
   20  T  1  8 2  -7.77372E-01
   21  T  1  9 2  -6.13858E-01
   22  T  5  4 1  -5.11094E-01
   23  T  1 10 2  -4.95333E-01
    3    3    1   21
    1  0.000000E+00
    1  T  1  3 2  -5.79211E+00
    2  T  3  3 1  -4.26519E+00
    3  T  1  4 2  -3.20553E+00
    4  T  1  5 2  -2.03428E+00
    5  T  1  5 4  -1.95996E+00
    6  T  2  4 3  -1.91403E+00
    7  T  7  3 2  -1.58031E+00
    8  T  1  6 2  -1.40439E+00
    9  T  1  6 4  -1.36190E+00
   10  T  3  4 1  -1.32482E+00
   11  T  1  7 2  -1.02662E+00
   12  T  3  4 3  -1.01725E+00
   13  T  1  7 4  -1.00190E+00
   14  T  8  3 2  -9.30267E-01
   15  T  2  5 3  -8.19238E-01
   16  T  1  8 2  -7.82890E-01
   17  T  1  8 4  -7.66114E-01
   18  T  1  9 2  -6.17114E-01
   19  T  1  9 4  -6.05844E-01
   20  T  1 10 2  -4.98863E-01
   21  T  1 10 4  -4.91195E-01
    3    4    1   10
    1  0.000000E+00
    1  T  1  5 4  -1.96495E+00
    2  T  2  4 3  -1.93937E+00
    3  T  7  3 2  -1.54743E+00
    4  T  1  6 4  -1.36456E+00
    5  T  1  7 4  -1.00888E+00
    6  T  3  4 3  -9.83470E-01
    7  T  2  5 3  -8.31169E-01
    8  T  1  8 4  -7.67345E-01
    9  T  1  9 4  -6.06525E-01
   10  T  1 10 4  -4.91416E-01
    3    5    1    9
    1  0.000000E+00
    1  T  1  5 4  -1.96072E+00
    2  T  1  6 4  -1.36282E+00
    3  T  1  7 4  -1.01274E+00
    4  T  1  7 6  -1.00001E+00
    5  T  3  4 3  -9.68757E-01
    6  T  1  8 6  -7.65649E-01
    7  T  1  8 4  -7.64599E-01
    8  T  1  9 6  -6.04979E-01
    9  T  1  9 4  -6.04612E-01
    3    6    1    4
    1  0.000000E+00
    1  T  1  7 6  -1.00003E+00
    2  T  1  8 6  -7.65669E-01
    3  T  1  9 6  -6.04980E-01
    4  T  1 10 6  -4.90037E-01
    5    0    1   11
    2  1.133174E+00
    1  C  2  0 0  -1.55159E+01
    2  T  2  3 1  -5.02251E+00
    3  T  6  3 0  -3.15686E+00
    4  T  2  4 1  -2.21399E+00
    5  T  2  5 1  -9.66985E-01
    6  T  2  6 1  -3.08020E-01
    7  T  2  7 1   7.41333E-02
    8  T  6  4 0   1.06341E-01
    9  T  2  8 1   3.35072E-01
   10  T  2  9 1   5.05294E-01
   11  T  2 10 1   6.26434E-01
    5    1    1    8
    2  1.133174E+00
    1  T  2  3 1  -5.20836E+00
    2  T  2  4 1  -2.27516E+00
    3  T  2  5 1  -9.94025E-01
    4  T  2  6 1  -3.22160E-01
    5  T  2  7 1   7.45754E-02
    6  T  2  8 1   3.28586E-01
    7  T  2  9 1   5.01016E-01
    8  T  2 10 1   6.23412E-01
    5    2    1   17
    2  1.133174E+00
    1  T  2  3 1  -5.27069E+00
    2  T  2  4 1  -2.30751E+00
    3  T  6  3 2  -2.11230E+00
    4  T  2  4 3  -1.87064E+00
    5  T  2  5 1  -1.00249E+00
    6  T  2  5 3  -8.31224E-01
    7  T  2  6 1  -3.27293E-01
    8  T  2  6 3  -2.32219E-01
    9  T  2  7 1   7.10996E-02
   10  T  2  7 3   1.29699E-01
   11  T  2  8 1   3.25781E-01
   12  T  2  8 3   3.64283E-01
   13  T  2  9 1   4.94920E-01
   14  T  6  4 2   5.15985E-01
   15  T  2  9 3   5.38257E-01
   16  T  2 10 1   6.23211E-01
   17  T  2 10 3   6.43059E-01
    5    3    1    7
    2  1.133174E+00
    1  T  2  4 3  -1.92241E+00
    2  T  2  5 3  -8.26360E-01
    3  T  2  6 3  -2.28264E-01
    4  T  2  7 3   1.32776E-01
    5  T  2  8 3   3.67204E-01
    6  T  2  9 3   5.27957E-01
    7  T  2 10 3   6.42953E-01
    5    4    1   12
    2  1.133174E+00
    1  T  2  4 3  -1.94564E+00
    2  T  2  5 3  -8.36636E-01
    3  T  2  6 3  -2.34127E-01
    4  T  2  6 5  -2.28178E-01
    5  T  2  7 3   1.29090E-01
    6  T  2  7 5   1.32901E-01
    7  T  2  8 3   3.64735E-01
    8  T  2  8 5   3.67312E-01
    9  T  2  9 3   5.26223E-01
   10  T  2  9 5   5.28044E-01
   11  T  2 10 3   6.41689E-01
   12  T  2 10 5   6.43022E-01
    1    0    0   15
    1  0.000000E+00
    1  C  1  0 0  -1.57527E+01
    2  C  3  0 0  -1.05526E+01
    3  T  1  3 1  -5.92801E+00
    4  T  4  3 0  -4.06032E+00
    5  T  3  3 2  -3.31948E+00
    6  T  1  4 1  -3.22714E+00
    7  T  1  5 1  -2.05912E+00
    8  T  1  6 1  -1.41865E+00
    9  T  8  3 1  -1.07128E+00
   10  T  1  7 1  -1.03843E+00
   11  T  3  4 2  -9.80094E-01
   12  T  1  8 1  -7.90458E-01
   13  T  4  4 0  -7.80568E-01
   14  T  1  9 1  -6.21338E-01
   15  T  1 10 1  -5.02056E-01
    1    1    0   15
    1  0.000000E+00
    1  T  1  3 1  -6.49490E+00
    2  T  5  3 0  -3.96603E+00
    3  T  1  4 1  -3.47430E+00
    4  T  3  3 2  -3.35697E+00
    5  T  5  3 2  -2.83144E+00
    6  T  1  5 1  -2.14777E+00
    7  T  7  3 1  -2.12660E+00
    8  T  8  3 1  -1.49033E+00
    9  T  1  6 1  -1.46338E+00
   10  T  1  7 1  -1.06996E+00
   11  T  3  4 2  -9.92999E-01
   12  T  1  8 1  -8.14124E-01
   13  T  5  4 0  -6.99623E-01
   14  T  1  9 1  -6.29078E-01
   15  T  1 10 1  -5.10642E-01
    1    2    0   25
    1  0.000000E+00
    1  C  1  0 0  -1.61663E+01
    2  C  3  0 0  -1.13225E+01
    3  T  1  3 1  -6.12979E+00
    4  T  3  3 0  -4.66037E+00
    5  T  3  3 2  -3.44375E+00
    6  T  1  4 1  -3.33198E+00
    7  T  1  4 3  -3.11928E+00
    8  T  4  3 2  -2.84836E+00
    9  T  5  3 2  -2.55688E+00
   10  T  1  5 1  -2.09070E+00
   11  T  1  5 3  -1.94647E+00
   12  T  7  3 1  -1.74689E+00
   13  T  3  4 0  -1.45079E+00
   14  T  1  6 1  -1.42942E+00
   15  T  1  6 3  -1.35717E+00
   16  T  8  3 1  -1.31974E+00
   17  T  1  7 1  -1.05033E+00
   18  T  3  4 2  -1.01705E+00
   19  T  1  7 3  -9.97981E-01
   20  T  1  8 1  -7.97410E-01
   21  T  1  8 3  -7.64887E-01
   22  T  1  9 1  -6.27551E-01
   23  T  1  9 3  -6.04933E-01
   24  T  1 10 1  -5.06761E-01
   25  T  1 10 3  -4.90965E-01
    1    3    0   11
    1  0.000000E+00
    1  T  3  3 2  -3.60087E+00
    2  T  1  4 3  -3.11854E+00
    3  T  5  3 2  -2.68644E+00
    4  T  7  3 1  -2.04751E+00
    5  T  1  5 3  -1.95860E+00
    6  T  1  6 3  -1.36544E+00
    7  T  3  4 2  -1.05913E+00
    8  T  1  7 3  -1.00373E+00
    9  T  1  8 3  -7.68808E-01
   10  T  1  9 3  -6.07634E-01
   11  T  1 10 3  -4.92395E-01
    1    4    0   13
    1  0.000000E+00
    1  T  3  3 2  -3.53743E+00
    2  T  1  4 3  -3.05587E+00
    3  T  1  5 3  -1.96044E+00
    4  T  1  6 3  -1.36193E+00
    5  T  1  6 5  -1.36090E+00
    6  T  3  4 2  -1.05710E+00
    7  T  1  7 3  -1.00020E+00
    8  T  1  7 5  -9.99776E-01
    9  T  1  8 3  -7.65984E-01
   10  T  1  8 5  -7.65531E-01
   11  T  1  9 3  -6.05224E-01
   12  T  1  9 5  -6.04881E-01
   13  T  1 10 3  -4.90223E-01
    1    5    0    5
    1  0.000000E+00
    1  T  1  6 5  -1.36152E+00
    2  T  1  7 5  -1.00044E+00
    3  T  1  8 5  -7.66003E-01
    4  T  1  9 5  -6.05245E-01
    5  T  1 10 5  -4.90246E-01
    1    6    0    5
    1  0.000000E+00
    1  T  1  6 5  -1.36108E+00
    2  T  1  7 5  -9.99987E-01
    3  T  1  8 5  -7.65627E-01
    4  T  1  9 5  -6.04950E-01
    5  T  1 10 5  -4.90015E-01
    3    0    0   13
    1  0.000000E+00
    1  T  1  3 1  -6.35121E+00
    2  T  4  3 0  -4.22906E+00
    3  T  3  3 2  -3.47848E+00
    4  T  1  4 1  -3.34958E+00
    5  T  1  5 1  -2.12726E+00
    6  T  8  3 1  -1.56057E+00
    7  T  1  6 1  -1.45773E+00
    8  T  1  7 1  -1.06713E+00
    9  T  3  4 2  -1.03485E+00
   10  T  4  4 0  -9.16747E-01
   11  T  1  8 1  -7.99819E-01
   12  T  1  9 1  -6.30888E-01
   13  T  1 10 1  -5.09189E-01
    3    1    0   24
    1  0.000000E+00
    1  C  1  0 0  -1.65289E+01
    2  C  3  0 0  -1.16273E+01
    3  T  1  3 1  -6.30147E+00
    4  T  2  3 0  -5.52884E+00
    5  T  2  3 2  -4.51081E+00
    6  T  5  3 0  -4.03237E+00
    7  T  3  3 2  -3.49884E+00
    8  T  1  4 1  -3.36403E+00
    9  T  5  3 2  -2.73988E+00
   10  T  6  3 1  -2.51406E+00
   11  T  2  4 0  -2.38648E+00
   12  T  1  5 1  -2.10732E+00
   13  T  2  4 2  -2.00586E+00
   14  T  7  3 1  -1.81784E+00
   15  T  1  6 1  -1.44999E+00
   16  T  8  3 1  -1.39356E+00
   17  T  2  5 0  -1.09315E+00
   18  T  1  7 1  -1.04888E+00
   19  T  3  4 2  -1.03491E+00
   20  T  2  5 2  -8.65122E-01
   21  T  1  8 1  -8.02378E-01
   22  T  5  4 0  -7.19083E-01
   23  T  1  9 1  -6.28951E-01
   24  T  1 10 1  -5.08345E-01
    3    2    0   26
    1  0.000000E+00
    1  T  1  3 1  -6.42723E+00
    2  T  3  3 0  -4.84329E+00
    3  T  2  3 2  -4.26510E+00
    4  T  3  3 2  -3.59715E+00
    5  T  1  4 1  -3.43437E+00
    6  T  1  4 3  -3.14289E+00
    7  T  4  3 2  -2.95246E+00
    8  T  5  3 2  -2.77728E+00
    9  T  1  5 1  -2.13800E+00
   10  T  7  3 1  -2.12365E+00
   11  T  1  5 3  -1.95463E+00
   12  T  2  4 2  -1.91600E+00
   13  T  3  4 0  -1.58740E+00
   14  T  8  3 1  -1.48735E+00
   15  T  1  6 1  -1.45282E+00
   16  T  1  6 3  -1.35857E+00
   17  T  3  4 2  -1.08110E+00
   18  T  1  7 1  -1.05573E+00
   19  T  1  7 3  -9.99363E-01
   20  T  2  5 2  -8.28293E-01
   21  T  1  8 1  -8.07003E-01
   22  T  1  8 3  -7.65868E-01
   23  T  1  9 1  -6.34416E-01
   24  T  1  9 3  -6.06009E-01
   25  T  1 10 1  -5.12310E-01
   26  T  1 10 3  -4.94642E-01
    3    3    0   15
    1  0.000000E+00
    1  T  2  3 2  -4.42827E+00
    2  T  3  3 2  -3.67524E+00
    3  T  1  4 3  -3.15150E+00
    4  T  5  3 2  -2.85082E+00
    5  T  7  3 1  -2.07749E+00
    6  T  1  5 3  -1.97990E+00
    7  T  2  4 2  -1.95183E+00
    8  T  1  6 3  -1.36558E+00
    9  T  3  4 2  -1.11512E+00
   10  T  1  7 3  -1.00306E+00
   11  T  2  5 2  -8.45423E-01
   12  T  2  5 4  -8.30097E-01
   13  T  1  8 3  -7.67907E-01
   14  T  1  9 3  -6.07156E-01
   15  T  1 10 3  -4.92086E-01
    3    4    0   14
    1  0.000000E+00
    1  T  3  3 2  -3.67612E+00
    2  T  1  4 3  -3.05449E+00
    3  T  1  5 3  -1.96317E+00
    4  T  1  6 3  -1.36498E+00
    5  T  1  6 5  -1.36100E+00
    6  T  3  4 2  -1.10862E+00
    7  T  1  7 5  -9.99994E-01
    8  T  1  7 3  -9.99523E-01
    9  T  2  5 4  -8.23878E-01
   10  T  1  8 3  -7.66529E-01
   11  T  1  8 5  -7.65564E-01
   12  T  1  9 3  -6.05753E-01
   13  T  1  9 5  -6.04903E-01
   14  T  1 10 3  -4.90667E-01
    3    5    0    6
    1  0.000000E+00
    1  T  1  6 5  -1.36152E+00
    2  T  1  7 5  -1.00044E+00
    3  T  2  5 4  -8.28209E-01
    4  T  1  8 5  -7.66002E-01
    5  T  1  9 5  -6.05245E-01
    6  T  1 10 5  -4.90246E-01
    3    6    0    5
    1  0.000000E+00
    1  T  1  6 5  -1.36108E+00
    2  T  1  7 5  -9.99990E-01
    3  T  1  8 5  -7.65630E-01
    4  T  1  9 5  -6.04952E-01
    5  T  1 10 5  -4.90017E-01
    5    1    0   18
    2  1.133174E+00
    1  T  2  3 0  -5.83416E+00
    2  T  2  3 2  -4.53144E+00
    3  T  6  3 1  -2.63844E+00
    4  T  2  4 0  -2.49922E+00
    5  T  2  4 2  -2.02175E+00
    6  T  2  5 0  -1.11573E+00
    7  T  2  5 2  -8.76494E-01
    8  T  2  6 0  -3.91309E-01
    9  T  2  6 2  -2.56977E-01
   10  T  2  7 0   3.14751E-02
   11  T  2  7 2   1.14634E-01
   12  T  2  8 0   2.92164E-01
   13  T  6  4 1   3.19294E-01
   14  T  2  8 2   3.57025E-01
   15  T  2  9 0   4.82481E-01
   16  T  2  9 2   5.20026E-01
   17  T  2 10 0   6.09841E-01
   18  T  2 10 2   6.37146E-01
    5    2    0    8
    2  1.133174E+00
    1  T  2  3 2  -4.60739E+00
    2  T  2  4 2  -2.05737E+00
    3  T  2  5 2  -8.93777E-01
    4  T  2  6 2  -2.66512E-01
    5  T  2  7 2   1.09104E-01
    6  T  2  8 2   3.51548E-01
    7  T  2  9 2   5.17064E-01
    8  T  2 10 2   6.35067E-01
    5    3    0   14
    2  1.133174E+00
    1  T  2  3 2  -4.69150E+00
    2  T  2  4 2  -2.08405E+00
    3  T  2  5 2  -9.05651E-01
    4  T  2  5 4  -8.30167E-01
    5  T  2  6 2  -2.72928E-01
    6  T  2  6 4  -2.30882E-01
    7  T  2  7 2   1.05185E-01
    8  T  2  7 4   1.30564E-01
    9  T  2  8 2   3.48949E-01
   10  T  2  8 4   3.64975E-01
   11  T  2  9 2   5.15203E-01
   12  T  2  9 4   5.24936E-01
   13  T  6  4 3   6.30171E-01
   14  T  2 10 2   6.34396E-01
    5    4    0    5
    2  1.133174E+00
    1  T  2  5 4  -8.24054E-01
    2  T  2  6 4  -2.26199E-01
    3  T  2  7 4   1.34201E-01
    4  T  2  8 4   3.68198E-01
    5  T  2  9 4   5.28674E-01
    5    5    0    8
    2  1.133174E+00
    1  T  2  5 4  -8.28350E-01
    2  T  2  6 4  -2.29099E-01
    3  T  2  7 6   1.33189E-01
    4  T  2  7 4   1.33189E-01
    5  T  2  8 6   3.67562E-01
    6  T  2  8 4   3.67562E-01
    7  T  2  9 6   5.28247E-01
    8  T  2  9 4   5.28247E-01
    0    0    0    0
