   12    7    E
    2    0    0   16
    2  3.549960E-01
    1  C  2  0 0  -1.00889E+01
    2  T  3  3 0  -4.73057E+00
    3  T  2  3 2  -3.69858E+00
    4  T  6  3 1  -2.11801E+00
    5  T  3  4 0  -2.06828E+00
    6  T  2  4 2  -1.91818E+00
    7  T  9  3 1  -1.21080E+00
    8  T  2  5 2  -1.10893E+00
    9  T  3  5 0  -9.49672E-01
   10  T  2  6 2  -6.59112E-01
   11  T  3  6 0  -4.01562E-01
   12  T  2  7 2  -3.85454E-01
   13  T  2  8 2  -2.13869E-01
   14  T  2  9 2  -9.45333E-02
   15  T  3  7 0  -7.44113E-02
   16  T  2 10 2  -8.61995E-03
    2    0    1   11
    1  0.000000E+00
    1  T  1  3 1  -5.08340E+00
    2  T  1  4 1  -2.67597E+00
    3  T  8  3 0  -2.10275E+00
    4  T  5  3 2  -2.08160E+00
    5  T  1  5 1  -1.62593E+00
    6  T  1  6 1  -1.10850E+00
    7  T  7  3 2  -8.89769E-01
    8  T  1  7 1  -8.02299E-01
    9  T  1  8 1  -6.07479E-01
   10  T  1  9 1  -4.75889E-01
   11  T  1 10 1  -3.82882E-01
    4    0    0    8
    6  2.487096E+00
    1  T  6  3 1  -2.45823E+00
    2  T  6  4 1  -1.23008E-01
    3  T  6  5 1   8.70649E-01
    4  T  6  6 1   1.38753E+00
    5  T  6  7 1   1.69070E+00
    6  T  6  8 1   1.88371E+00
    7  T  6  9 1   2.01417E+00
    8  T  6 10 1   2.10646E+00
    4    0    1   14
    1  0.000000E+00
    1  C  1  0 0  -1.37633E+01
    2  T  1  3 1  -4.84372E+00
    3  T  4  3 0  -4.19222E+00
    4  T  1  4 1  -2.55995E+00
    5  T  8  3 0  -2.22131E+00
    6  T  5  3 2  -1.98376E+00
    7  T  4  4 0  -1.71266E+00
    8  T  1  5 1  -1.57302E+00
    9  T  1  6 1  -1.08462E+00
   10  T  1  7 1  -7.89442E-01
   11  T  4  5 0  -6.37097E-01
   12  T  1  8 1  -5.92648E-01
   13  T  1  9 1  -4.68408E-01
   14  T  1 10 1  -3.77771E-01
    6    0    1    8
    4  1.058111E+00
    1  T  4  3 0  -4.51529E+00
    2  T  4  4 0  -1.78643E+00
    3  T  4  5 0  -6.71107E-01
    4  T  4  6 0  -1.04206E-01
    5  T  4  7 0   2.23260E-01
    6  T  4  8 0   4.29484E-01
    7  T  4  9 0   5.67729E-01
    8  T  4 10 0   6.64907E-01
    2    1    0   28
    1  0.000000E+00
    1  C  2  0 0  -9.86439E+00
    2  T  1  3 0  -5.43372E+00
    3  T  1  3 2  -4.24244E+00
    4  T  2  3 2  -3.74203E+00
    5  T  5  3 1  -2.83874E+00
    6  T  1  4 0  -2.79673E+00
    7  T  1  4 2  -2.36261E+00
    8  T  6  3 1  -2.33218E+00
    9  T  2  4 2  -1.94933E+00
   10  T  1  5 0  -1.72704E+00
   11  T  7  3 1  -1.70182E+00
   12  T  1  5 2  -1.49048E+00
   13  T  8  3 1  -1.36263E+00
   14  T  9  3 1  -1.19109E+00
   15  T  1  6 0  -1.14797E+00
   16  T  2  5 2  -1.11415E+00
   17  T  1  6 2  -1.02712E+00
   18  T  1  7 0  -8.27913E-01
   19  T  1  7 2  -7.53538E-01
   20  T  2  6 2  -6.62437E-01
   21  T  1  8 0  -6.24482E-01
   22  T  1  8 2  -5.74778E-01
   23  T  5  4 1  -5.47210E-01
   24  T  1  9 0  -4.87476E-01
   25  T  1  9 2  -4.53216E-01
   26  T  1 10 0  -3.92370E-01
   27  T  2  7 2  -3.90110E-01
   28  T  1 10 2  -3.65861E-01
    2    1    1   28
    1  0.000000E+00
    1  C  1  0 0  -1.29803E+01
    2  C  3  0 0  -7.83332E+00
    3  T  1  3 1  -4.78691E+00
    4  T  2  3 1  -4.37704E+00
    5  T  3  3 1  -4.10585E+00
    6  T  6  3 0  -2.83130E+00
    7  T  1  4 1  -2.53412E+00
    8  T  2  4 1  -2.19737E+00
    9  T  5  3 2  -1.99310E+00
   10  T  2  4 3  -1.89263E+00
   11  T  3  4 1  -1.85062E+00
   12  T  9  3 0  -1.80269E+00
   13  T  1  5 1  -1.57338E+00
   14  T  6  3 2  -1.48851E+00
   15  T  2  5 1  -1.23895E+00
   16  T  2  5 3  -1.09240E+00
   17  T  1  6 1  -1.07394E+00
   18  T  7  3 2  -9.07132E-01
   19  T  3  5 1  -8.50706E-01
   20  T  1  7 1  -7.82923E-01
   21  T  2  6 1  -7.28935E-01
   22  T  2  6 3  -6.68064E-01
   23  T  1  8 1  -5.93720E-01
   24  T  9  3 2  -5.37224E-01
   25  T  1  9 1  -4.67541E-01
   26  T  2  7 1  -4.33907E-01
   27  T  1 10 1  -3.76083E-01
   28  T  2  7 3  -3.67679E-01
    4    1    0   25
    1  0.000000E+00
    1  C  2  0 0  -1.15196E+01
    2  T  1  3 0  -5.56636E+00
    3  T  1  3 2  -4.18022E+00
    4  T  4  3 1  -3.71209E+00
    5  T  1  4 0  -2.87153E+00
    6  T  5  3 1  -2.62051E+00
    7  T  1  4 2  -2.33552E+00
    8  T  6  3 1  -2.31554E+00
    9  T  1  5 0  -1.73589E+00
   10  T  8  3 1  -1.65880E+00
   11  T  1  5 2  -1.48122E+00
   12  T  4  4 1  -1.47160E+00
   13  T  1  6 0  -1.16141E+00
   14  T  1  6 2  -1.02404E+00
   15  T  1  7 0  -8.35309E-01
   16  T  1  7 2  -7.49953E-01
   17  T  1  8 0  -6.29704E-01
   18  T  1  8 2  -5.72784E-01
   19  T  4  5 1  -5.59892E-01
   20  T  1  9 0  -4.92497E-01
   21  T  1  9 2  -4.51851E-01
   22  T 10  3 0  -4.48932E-01
   23  T  5  4 1  -4.24707E-01
   24  T  1 10 0  -3.90483E-01
   25  T  1 10 2  -3.65224E-01
    4    1    1   11
    1  0.000000E+00
    1  T  1  3 1  -4.95339E+00
    2  T  6  3 0  -3.01734E+00
    3  T  1  4 1  -2.60330E+00
    4  T  5  3 2  -2.03526E+00
    5  T  6  3 2  -1.73228E+00
    6  T  1  5 1  -1.61136E+00
    7  T  1  6 1  -1.09913E+00
    8  T  1  7 1  -7.96640E-01
    9  T  1  8 1  -6.03922E-01
   10  T  1  9 1  -4.73758E-01
   11  T  1 10 1  -3.82529E-01
    6    1    0    8
    4  1.058111E+00
    1  T  4  3 1  -3.91450E+00
    2  T  4  4 1  -1.56012E+00
    3  T  4  5 1  -5.61610E-01
    4  T  4  6 1  -4.31072E-02
    5  T  4  7 1   2.60758E-01
    6  T  4  8 1   4.54126E-01
    7  T  4  9 1   5.84780E-01
    8  T  4 10 1   6.77191E-01
    2    2    0   30
    1  0.000000E+00
    1  C  2  0 0  -1.06513E+01
    2  T  2  3 0  -5.15709E+00
    3  T  1  3 2  -4.03822E+00
    4  T  2  3 2  -3.81665E+00
    5  T  3  3 2  -3.41582E+00
    6  T  5  3 1  -2.56646E+00
    7  T  2  4 0  -2.47450E+00
    8  T  6  3 1  -2.30747E+00
    9  T  1  4 2  -2.25214E+00
   10  T  2  4 2  -1.97041E+00
   11  T  7  3 1  -1.62992E+00
   12  T  3  4 2  -1.57950E+00
   13  T  1  5 2  -1.44967E+00
   14  T  2  5 0  -1.36970E+00
   15  T  9  3 1  -1.25736E+00
   16  T  2  5 2  -1.12493E+00
   17  T  2  5 4  -1.08206E+00
   18  T  1  6 2  -1.00728E+00
   19  T  2  6 0  -8.01862E-01
   20  T  1  7 2  -7.43514E-01
   21  T  3  5 2  -7.23060E-01
   22  T  2  6 2  -6.68257E-01
   23  T  2  6 4  -6.43789E-01
   24  T  1  8 2  -5.65673E-01
   25  T  2  7 0  -4.77971E-01
   26  T  1  9 2  -4.46986E-01
   27  T  5  4 1  -4.08176E-01
   28  T  2  7 2  -3.93275E-01
   29  T  2  7 4  -3.79010E-01
   30  T  1 10 2  -3.61789E-01
    2    2    1   32
    1  0.000000E+00
    1  C  1  0 0  -1.32450E+01
    2  T  1  3 1  -4.86963E+00
    3  T  2  3 1  -4.46868E+00
    4  T  5  3 0  -3.22007E+00
    5  T  1  4 1  -2.57380E+00
    6  T  1  4 3  -2.27923E+00
    7  T  7  3 0  -2.26792E+00
    8  T  2  4 1  -2.18871E+00
    9  T  5  3 2  -1.96033E+00
   10  T  2  4 3  -1.90600E+00
   11  T  6  3 2  -1.65244E+00
   12  T  1  5 1  -1.58311E+00
   13  T  1  5 3  -1.44841E+00
   14  T  2  5 1  -1.25670E+00
   15  T  2  5 3  -1.11107E+00
   16  T  1  6 1  -1.08541E+00
   17  T  7  3 2  -1.03287E+00
   18  T  1  6 3  -9.80966E-01
   19  T  8  3 2  -8.17861E-01
   20  T  1  7 1  -7.86379E-01
   21  T  2  6 1  -7.44074E-01
   22  T  1  7 3  -7.23020E-01
   23  T  5  4 0  -6.60867E-01
   24  T  2  6 3  -6.58152E-01
   25  T  1  8 1  -5.96428E-01
   26  T  1  8 3  -5.62038E-01
   27  T  9  3 2  -5.40353E-01
   28  T  1  9 1  -4.69744E-01
   29  T  1  9 3  -4.43456E-01
   30  T  2  7 1  -4.35392E-01
   31  T  1 10 1  -3.77379E-01
   32  T  2  7 3  -3.72007E-01
    4    2    0   11
    1  0.000000E+00
    1  T  1  3 2  -4.23645E+00
    2  T  5  3 1  -2.85437E+00
    3  T  5  3 3  -2.43463E+00
    4  T  1  4 2  -2.35315E+00
    5  T  1  5 2  -1.49582E+00
    6  T  1  6 2  -1.03239E+00
    7  T  1  7 2  -7.55165E-01
    8  T  1  8 2  -5.76265E-01
    9  T  5  4 1  -5.08433E-01
   10  T  1  9 2  -4.54090E-01
   11  T  1 10 2  -3.67048E-01
    4    2    1   23
    1  0.000000E+00
    1  T  1  3 1  -4.99829E+00
    2  T  5  3 0  -3.41129E+00
    3  T  4  3 2  -3.01906E+00
    4  T  1  4 1  -2.62418E+00
    5  T  1  4 3  -2.27934E+00
    6  T  5  3 2  -2.11420E+00
    7  T  6  3 2  -1.70887E+00
    8  T  1  5 1  -1.61894E+00
    9  T  1  5 3  -1.45032E+00
   10  T  4  4 2  -1.21943E+00
   11  T  1  6 1  -1.10725E+00
   12  T  1  6 3  -1.04054E+00
   13  T  8  3 2  -9.43632E-01
   14  T  1  7 1  -7.99966E-01
   15  T  1  7 3  -7.31305E-01
   16  T  5  4 0  -7.23468E-01
   17  T  1  8 1  -6.03380E-01
   18  T  1  8 3  -5.61913E-01
   19  T  1  9 1  -4.73449E-01
   20  T  1  9 3  -4.44593E-01
   21  T  4  5 2  -4.05473E-01
   22  T  1 10 1  -3.81164E-01
   23  T  1 10 3  -3.60229E-01
    6    2    1    8
    4  1.058111E+00
    1  T  4  3 2  -3.23639E+00
    2  T  4  4 2  -1.31972E+00
    3  T  4  5 2  -4.47223E-01
    4  T  4  6 2   2.04614E-02
    5  T  4  7 2   2.99775E-01
    6  T  4  8 2   4.79807E-01
    7  T  4  9 2   6.02585E-01
    8  T  4 10 2   6.90044E-01
    2    3    0   25
    1  0.000000E+00
    1  T  1  3 2  -4.18125E+00
    2  T  2  3 2  -3.84940E+00
    3  T  5  3 1  -2.76070E+00
    4  T  1  4 2  -2.31435E+00
    5  T  2  4 2  -1.99690E+00
    6  T  7  3 1  -1.69212E+00
    7  T  1  5 2  -1.47076E+00
    8  T  1  5 4  -1.44323E+00
    9  T  2  5 2  -1.13999E+00
   10  T  2  5 4  -1.08575E+00
   11  T  1  6 2  -1.01603E+00
   12  T  1  6 4  -1.00186E+00
   13  T  1  7 2  -7.47727E-01
   14  T  1  7 4  -7.35988E-01
   15  T  2  6 2  -6.75122E-01
   16  T  2  6 4  -6.45617E-01
   17  T  1  8 2  -5.70032E-01
   18  T  1  8 4  -5.63453E-01
   19  T  5  4 1  -4.79455E-01
   20  T  1  9 2  -4.50082E-01
   21  T  1  9 4  -4.45163E-01
   22  T  2  7 2  -3.99275E-01
   23  T  2  7 4  -3.80167E-01
   24  T  1 10 2  -3.63332E-01
   25  T  1 10 4  -3.60563E-01
    2    3    1   23
    1  0.000000E+00
    1  T  2  3 1  -4.57068E+00
    2  T  1  4 3  -2.25451E+00
    3  T  2  4 1  -2.24803E+00
    4  T  5  3 2  -1.93062E+00
    5  T  2  4 3  -1.92194E+00
    6  T  6  3 2  -1.61938E+00
    7  T  3  4 3  -1.50174E+00
    8  T  1  5 3  -1.42618E+00
    9  T  2  5 1  -1.26277E+00
   10  T  2  5 3  -1.13526E+00
   11  T  1  6 3  -9.96731E-01
   12  T  7  3 2  -9.76485E-01
   13  T  2  6 1  -7.46837E-01
   14  T  1  7 3  -7.33056E-01
   15  T  3  5 3  -7.06830E-01
   16  T  2  6 3  -6.44341E-01
   17  T  2  6 5  -6.44013E-01
   18  T  9  3 2  -5.76457E-01
   19  T  1  8 3  -5.61062E-01
   20  T  1  9 3  -4.43850E-01
   21  T  2  7 1  -4.38401E-01
   22  T  2  7 5  -3.79084E-01
   23  T  2  7 3  -3.78724E-01
    4    3    0   18
    1  0.000000E+00
    1  T  1  3 2  -4.29772E+00
    2  T  5  3 1  -2.82833E+00
    3  T  1  4 2  -2.37691E+00
    4  T  1  5 2  -1.50510E+00
    5  T  1  5 4  -1.44323E+00
    6  T  4  4 3  -1.19286E+00
    7  T  1  6 2  -1.03757E+00
    8  T  1  6 4  -1.00187E+00
    9  T  1  7 2  -7.58340E-01
   10  T  1  7 4  -7.35994E-01
   11  T  1  8 2  -5.78402E-01
   12  T  1  8 4  -5.63459E-01
   13  T  5  4 1  -5.02696E-01
   14  T  1  9 2  -4.55372E-01
   15  T  1  9 4  -4.45170E-01
   16  T  4  5 3  -3.82733E-01
   17  T  1 10 2  -3.67968E-01
   18  T  1 10 4  -3.60567E-01
    4    3    1    9
    1  0.000000E+00
    1  T  1  4 3  -2.26873E+00
    2  T  5  3 2  -2.18124E+00
    3  T  6  3 2  -1.76330E+00
    4  T  1  5 3  -1.42914E+00
    5  T  1  6 3  -9.97712E-01
    6  T  1  7 3  -7.34045E-01
    7  T  1  8 3  -5.62396E-01
    8  T  1  9 3  -4.44574E-01
    9  T  1 10 3  -3.60287E-01
    6    3    0    7
    4  1.058111E+00
    1  T  4  4 3  -1.19720E+00
    2  T  4  5 3  -3.85857E-01
    3  T  4  6 3   5.54342E-02
    4  T  4  7 3   3.21589E-01
    5  T  4  8 3   4.94324E-01
    6  T  4  9 3   6.12733E-01
    7  T  4 10 3   6.97414E-01
    2    4    0   16
    1  0.000000E+00
    1  T  2  3 2  -3.86078E+00
    2  T  2  4 2  -1.99399E+00
    3  T  1  5 4  -1.43834E+00
    4  T  2  5 2  -1.13677E+00
    5  T  2  5 4  -1.08861E+00
    6  T  1  6 4  -9.99405E-01
    7  T  1  7 4  -7.34409E-01
    8  T  3  5 4  -6.83011E-01
    9  T  2  6 2  -6.75083E-01
   10  T  2  6 4  -6.46814E-01
   11  T  1  8 4  -5.62353E-01
   12  T  1  9 4  -4.44380E-01
   13  T  2  7 2  -3.98721E-01
   14  T  2  7 4  -3.81079E-01
   15  T  2  7 6  -3.79476E-01
   16  T  1 10 4  -3.59987E-01
    2    4    1   20
    1  0.000000E+00
    1  T  1  4 3  -2.27591E+00
    2  T  5  3 2  -2.06366E+00
    3  T  2  4 3  -1.92016E+00
    4  T  1  5 3  -1.44249E+00
    5  T  2  5 3  -1.13274E+00
    6  T  1  6 3  -1.00347E+00
    7  T  1  6 5  -1.00069E+00
    8  T  7  3 2  -9.84603E-01
    9  T  1  7 3  -7.36260E-01
   10  T  1  7 5  -7.35210E-01
   11  T  2  6 5  -6.45178E-01
   12  T  2  6 3  -6.44386E-01
   13  T  1  8 3  -5.63696E-01
   14  T  1  8 5  -5.62851E-01
   15  T  1  9 3  -4.45392E-01
   16  T  1  9 5  -4.44689E-01
   17  T  2  7 3  -3.81213E-01
   18  T  2  7 5  -3.79827E-01
   19  T  1 10 3  -3.60798E-01
   20  T  1 10 5  -3.60177E-01
    4    4    0    6
    1  0.000000E+00
    1  T  1  5 4  -1.43841E+00
    2  T  1  6 4  -9.99481E-01
    3  T  1  7 4  -7.34472E-01
    4  T  1  8 4  -5.62406E-01
    5  T  1  9 4  -4.44422E-01
    6  T  1 10 4  -3.60023E-01
    4    4    1   14
    1  0.000000E+00
    1  T  1  4 3  -2.30106E+00
    2  T  5  3 2  -2.12343E+00
    3  T  1  5 3  -1.44288E+00
    4  T  1  6 3  -1.00314E+00
    5  T  1  6 5  -1.00069E+00
    6  T  1  7 3  -7.37157E-01
    7  T  1  7 5  -7.35208E-01
    8  T  1  8 3  -5.64460E-01
    9  T  1  8 5  -5.62850E-01
   10  T  1  9 3  -4.46117E-01
   11  T  1  9 5  -4.44689E-01
   12  T  4  5 4  -3.81908E-01
   13  T  1 10 3  -3.61628E-01
   14  T  1 10 5  -3.60177E-01
    6    4    1    6
    4  1.058111E+00
    1  T  4  5 4  -3.81974E-01
    2  T  4  6 4   5.80260E-02
    3  T  4  7 4   3.23348E-01
    4  T  4  8 4   4.95556E-01
    5  T  4  9 4   6.13623E-01
    6  T  4 10 4   6.98076E-01
    0    0    0    0
