   12    3    E               
    2    0    0    9          
    1  0.000000E+00           
    1  T  1  2 0  -2.69545E+01
    2  T  1  3 0  -1.16574E+01
    3  T  1  4 0  -6.47566E+00
    4  T  1  5 0  -4.11431E+00
    5  T  1  6 0  -2.84350E+00
    6  T  1  7 0  -2.08203E+00
    7  T  1  8 0  -1.59003E+00
    8  T  1  9 0  -1.25386E+00
    9  T  1 10 0  -1.01404E+00
    2    1    1    9          
    1  0.000000E+00           
    1  T  1  2 1  -2.55049E+01
    2  T  1  3 1  -1.12596E+01
    3  T  1  4 1  -6.31266E+00
    4  T  1  5 1  -4.03203E+00
    5  T  1  6 1  -2.79628E+00
    6  T  1  7 1  -2.05245E+00
    7  T  1  8 1  -1.57029E+00
    8  T  1  9 1  -1.24004E+00
    9  T  1 10 1  -1.00398E+00
    2    2    0    8          
    1  0.000000E+00           
    1  T  1  3 2  -1.11175E+01
    2  T  1  4 2  -6.25333E+00
    3  T  1  5 2  -4.00186E+00
    4  T  1  6 2  -2.77890E+00
    5  T  1  7 2  -2.04154E+00
    6  T  1  8 2  -1.56299E+00
    7  T  1  9 2  -1.23492E+00
    8  T  1 10 2  -1.00026E+00
    0    0    0    0          
