   12   10    E
    1    0    0    9
    1  0.000000E+00
    1  C  1  0 0  -5.97537E+00
    2  T  1  3 1  -1.34890E+00
    3  T  1  4 1  -6.91607E-01
    4  T  1  5 1  -4.22559E-01
    5  T  1  6 1  -2.85103E-01
    6  T  1  7 1  -2.05344E-01
    7  T  1  8 1  -1.54941E-01
    8  T  1  9 1  -1.21062E-01
    9  T  1 10 1  -9.71968E-02
    3    0    0    8
    1  0.000000E+00
    1  T  1  3 1  -1.61640E+00
    2  T  1  4 1  -7.83596E-01
    3  T  1  5 1  -4.65441E-01
    4  T  1  6 1  -3.08534E-01
    5  T  1  7 1  -2.19530E-01
    6  T  1  8 1  -1.64176E-01
    7  T  1  9 1  -1.27407E-01
    8  T  1 10 1  -1.01743E-01
    1    1    0    8
    1  0.000000E+00
    1  T  1  3 1  -1.51946E+00
    2  T  1  4 1  -7.55362E-01
    3  T  1  5 1  -4.52720E-01
    4  T  1  6 1  -3.01671E-01
    5  T  1  7 1  -2.15402E-01
    6  T  1  8 1  -1.61500E-01
    7  T  1  9 1  -1.25574E-01
    8  T  1 10 1  -1.00432E-01
    3    1    0    8
    1  0.000000E+00
    1  T  1  3 1  -1.51810E+00
    2  T  1  4 1  -7.54878E-01
    3  T  1  5 1  -4.52496E-01
    4  T  1  6 1  -3.01549E-01
    5  T  1  7 1  -2.15329E-01
    6  T  1  8 1  -1.61452E-01
    7  T  1  9 1  -1.25541E-01
    8  T  1 10 1  -1.00409E-01
    1    1    1   16
    1  0.000000E+00
    1  T  1  3 0  -1.93888E+00
    2  T  1  3 2  -1.00782E+00
    3  T  1  4 0  -8.95240E-01
    4  T  1  4 2  -5.65596E-01
    5  T  1  5 0  -5.16134E-01
    6  T  1  5 2  -3.61581E-01
    7  T  1  6 0  -3.35652E-01
    8  T  1  6 2  -2.50921E-01
    9  T  1  7 0  -2.35689E-01
   10  T  1  7 2  -1.84258E-01
   11  T  1  8 0  -1.74567E-01
   12  T  1  8 2  -1.41019E-01
   13  T  1  9 0  -1.34479E-01
   14  T  1  9 2  -1.11389E-01
   15  T  1 10 0  -1.06771E-01
   16  T  1 10 2  -9.02031E-02
    3    1    1   16
    1  0.000000E+00
    1  T  1  3 0  -1.98378E+00
    2  T  1  3 2  -1.04811E+00
    3  T  1  4 0  -9.08189E-01
    4  T  1  4 2  -5.86285E-01
    5  T  1  5 0  -5.21695E-01
    6  T  1  5 2  -3.72870E-01
    7  T  1  6 0  -3.38544E-01
    8  T  1  6 2  -2.57642E-01
    9  T  1  7 0  -2.37383E-01
   10  T  1  7 2  -1.88554E-01
   11  T  1  8 0  -1.75644E-01
   12  T  1  8 2  -1.43922E-01
   13  T  1  9 0  -1.35206E-01
   14  T  1  9 2  -1.13439E-01
   15  T  1 10 0  -1.07284E-01
   16  T  1 10 2  -9.17027E-02
    1    2    0   15
    1  0.000000E+00
    1  T  1  3 1  -1.52766E+00
    2  T  1  4 1  -7.56383E-01
    3  T  1  4 3  -5.63249E-01
    4  T  1  5 1  -4.53043E-01
    5  T  1  5 3  -3.60532E-01
    6  T  1  6 1  -3.01820E-01
    7  T  1  6 3  -2.50350E-01
    8  T  1  7 1  -2.15485E-01
    9  T  1  7 3  -1.83909E-01
   10  T  1  8 1  -1.61551E-01
   11  T  1  8 3  -1.40789E-01
   12  T  1  9 1  -1.25608E-01
   13  T  1  9 3  -1.11229E-01
   14  T  1 10 1  -1.00456E-01
   15  T  1 10 3  -9.00874E-02
    3    2    0   15
    1  0.000000E+00
    1  T  1  3 1  -1.55302E+00
    2  T  1  4 1  -7.65066E-01
    3  T  1  4 3  -5.63482E-01
    4  T  1  5 1  -4.57033E-01
    5  T  1  5 3  -3.60720E-01
    6  T  1  6 1  -3.03979E-01
    7  T  1  6 3  -2.50481E-01
    8  T  1  7 1  -2.16784E-01
    9  T  1  7 3  -1.84001E-01
   10  T  1  8 1  -1.62393E-01
   11  T  1  8 3  -1.40854E-01
   12  T  1  9 1  -1.26184E-01
   13  T  1  9 3  -1.11277E-01
   14  T  1 10 1  -1.00868E-01
   15  T  1 10 3  -9.01235E-02
    1    2    1    8
    1  0.000000E+00
    1  T  1  3 2  -1.01662E+00
    2  T  1  4 2  -5.73263E-01
    3  T  1  5 2  -3.66319E-01
    4  T  1  6 2  -2.53892E-01
    5  T  1  7 2  -1.86210E-01
    6  T  1  8 2  -1.42360E-01
    7  T  1  9 2  -1.12346E-01
    8  T  1 10 2  -9.09087E-02
    3    2    1    8
    1  0.000000E+00
    1  T  1  3 2  -1.01641E+00
    2  T  1  4 2  -5.73141E-01
    3  T  1  5 2  -3.66250E-01
    4  T  1  6 2  -2.53851E-01
    5  T  1  7 2  -1.86183E-01
    6  T  1  8 2  -1.42342E-01
    7  T  1  9 2  -1.12333E-01
    8  T  1 10 2  -9.08993E-02
    1    3    0    7
    1  0.000000E+00
    1  T  1  4 3  -5.61896E-01
    2  T  1  5 3  -3.59602E-01
    3  T  1  6 3  -2.49750E-01
    4  T  1  7 3  -1.83511E-01
    5  T  1  8 3  -1.40514E-01
    6  T  1  9 3  -1.11032E-01
    7  T  1 10 3  -8.99422E-02
    3    3    0    7
    1  0.000000E+00
    1  T  1  4 3  -5.61892E-01
    2  T  1  5 3  -3.59599E-01
    3  T  1  6 3  -2.49748E-01
    4  T  1  7 3  -1.83509E-01
    5  T  1  8 3  -1.40513E-01
    6  T  1  9 3  -1.11031E-01
    7  T  1 10 3  -8.99415E-02
    1    3    1   14
    1  0.000000E+00
    1  T  1  3 2  -1.02824E+00
    2  T  1  4 2  -5.77292E-01
    3  T  1  5 2  -3.68181E-01
    4  T  1  5 4  -3.60018E-01
    5  T  1  6 2  -2.54911E-01
    6  T  1  6 4  -2.50019E-01
    7  T  1  7 2  -1.86829E-01
    8  T  1  7 4  -1.83690E-01
    9  T  1  8 2  -1.42766E-01
   10  T  1  8 4  -1.40638E-01
   11  T  1  9 2  -1.12627E-01
   12  T  1  9 4  -1.11121E-01
   13  T  1 10 2  -9.11110E-02
   14  T  1 10 4  -9.00076E-02
    3    3    1   14
    1  0.000000E+00
    1  T  1  3 2  -1.03544E+00
    2  T  1  4 2  -5.81076E-01
    3  T  1  5 2  -3.70256E-01
    4  T  1  5 4  -3.60019E-01
    5  T  1  6 2  -2.56148E-01
    6  T  1  6 4  -2.50020E-01
    7  T  1  7 2  -1.87620E-01
    8  T  1  7 4  -1.83690E-01
    9  T  1  8 2  -1.43300E-01
   10  T  1  8 4  -1.40638E-01
   11  T  1  9 2  -1.13004E-01
   12  T  1  9 4  -1.11121E-01
   13  T  1 10 2  -9.13870E-02
   14  T  1 10 4  -9.00078E-02
    1    4    0   12
    1  0.000000E+00
    1  T  1  4 3  -5.62977E-01
    2  T  1  5 3  -3.60352E-01
    3  T  1  6 3  -2.50237E-01
    4  T  1  6 5  -2.49999E-01
    5  T  1  7 3  -1.83836E-01
    6  T  1  7 5  -1.83672E-01
    7  T  1  8 3  -1.40739E-01
    8  T  1  8 5  -1.40624E-01
    9  T  1  9 3  -1.11194E-01
   10  T  1  9 5  -1.11110E-01
   11  T  1 10 3  -9.00618E-02
   12  T  1 10 5  -8.99993E-02
    3    4    0   12
    1  0.000000E+00
    1  T  1  4 3  -5.63038E-01
    2  T  1  5 3  -3.60401E-01
    3  T  1  6 3  -2.50271E-01
    4  T  1  6 5  -2.49999E-01
    5  T  1  7 3  -1.83859E-01
    6  T  1  7 5  -1.83673E-01
    7  T  1  8 3  -1.40756E-01
    8  T  1  8 5  -1.40624E-01
    9  T  1  9 3  -1.11206E-01
   10  T  1  9 5  -1.11110E-01
   11  T  1 10 3  -9.00710E-02
   12  T  1 10 5  -8.99994E-02
    1    4    1    6
    1  0.000000E+00
    1  T  1  5 4  -3.59974E-01
    2  T  1  6 4  -2.49974E-01
    3  T  1  7 4  -1.83652E-01
    4  T  1  8 4  -1.40608E-01
    5  T  1  9 4  -1.11098E-01
    6  T  1 10 4  -8.99901E-02
    3    4    1    6
    1  0.000000E+00
    1  T  1  5 4  -3.59974E-01
    2  T  1  6 4  -2.49974E-01
    3  T  1  7 4  -1.83652E-01
    4  T  1  8 4  -1.40608E-01
    5  T  1  9 4  -1.11098E-01
    6  T  1 10 4  -8.99901E-02
    0    0    0    0
