   12    2    E               
    1    0    0   10          
    1  0.000000E+00           
    1  C  1  0 0  -1.29273E+02
    2  T  1  2 0  -3.06547E+01
    3  T  1  3 0  -1.35697E+01
    4  T  1  4 0  -7.61606E+00
    5  T  1  5 0  -4.86760E+00
    6  T  1  6 0  -3.37712E+00
    7  T  1  7 0  -2.47948E+00
    8  T  1  8 0  -1.89739E+00
    9  T  1  9 0  -1.49858E+00
   10  T  1 10 0  -1.21347E+00
    3    0    0    9          
    1  0.000000E+00           
    1  T  1  2 0  -3.15851E+01
    2  T  1  3 0  -1.38157E+01
    3  T  1  4 0  -7.71569E+00
    4  T  1  5 0  -4.91758E+00
    5  T  1  6 0  -3.40574E+00
    6  T  1  7 0  -2.49739E+00
    7  T  1  8 0  -1.90934E+00
    8  T  1  9 0  -1.50695E+00
    9  T  1 10 0  -1.21955E+00
    1    2    0    8          
    1  0.000000E+00           
    1  T  1  3 2  -1.34435E+01
    2  T  1  4 2  -7.56195E+00
    3  T  1  5 2  -4.83976E+00
    4  T  1  6 2  -3.36092E+00
    5  T  1  7 2  -2.46925E+00
    6  T  1  8 2  -1.89053E+00
    7  T  1  9 2  -1.49376E+00
    8  T  1 10 2  -1.20995E+00
    3    2    0    8          
    1  0.000000E+00           
    1  T  1  3 2  -1.34507E+01
    2  T  1  4 2  -7.56584E+00
    3  T  1  5 2  -4.84194E+00
    4  T  1  6 2  -3.36224E+00
    5  T  1  7 2  -2.47011E+00
    6  T  1  8 2  -1.89111E+00
    7  T  1  9 2  -1.49417E+00
    8  T  1 10 2  -1.21026E+00
    1    1    1    9          
    1  0.000000E+00           
    1  T  1  2 1  -3.00699E+01
    2  T  1  3 1  -1.34000E+01
    3  T  1  4 1  -7.54502E+00
    4  T  1  5 1  -4.83144E+00
    5  T  1  6 1  -3.35624E+00
    6  T  1  7 1  -2.46634E+00
    7  T  1  8 1  -1.88859E+00
    8  T  1  9 1  -1.49240E+00
    9  T  1 10 1  -1.20897E+00
    3    1    1    9          
    1  0.000000E+00           
    1  T  1  2 1  -3.07304E+01
    2  T  1  3 1  -1.35810E+01
    3  T  1  4 1  -7.61930E+00
    4  T  1  5 1  -4.86898E+00
    5  T  1  6 1  -3.37780E+00
    6  T  1  7 1  -2.47986E+00
    7  T  1  8 1  -1.89762E+00
    8  T  1  9 1  -1.49874E+00
    9  T  1 10 1  -1.21358E+00
    0    0    0    0          
