   13    1    E
    2    0    0   10
    1  0.000000E+00
    1  T  1  1 0  -1.69000E+02
    2  T  1  2 0  -4.22500E+01
    3  T  1  3 0  -1.87778E+01
    4  T  1  4 0  -1.05625E+01
    5  T  1  5 0  -6.76000E+00
    6  T  1  6 0  -4.69444E+00
    7  T  1  7 0  -3.44898E+00
    8  T  1  8 0  -2.64063E+00
    9  T  1  9 0  -2.08642E+00
   10  T  1 10 0  -1.69000E+00
    2    1    1    9
    1  0.000000E+00
    1  T  1  2 1  -4.22500E+01
    2  T  1  3 1  -1.87778E+01
    3  T  1  4 1  -1.05625E+01
    4  T  1  5 1  -6.76000E+00
    5  T  1  6 1  -4.69444E+00
    6  T  1  7 1  -3.44898E+00
    7  T  1  8 1  -2.64063E+00
    8  T  1  9 1  -2.08642E+00
    9  T  1 10 1  -1.69000E+00
    2    2    0    8
    1  0.000000E+00
    1  T  1  3 2  -1.87778E+01
    2  T  1  4 2  -1.05625E+01
    3  T  1  5 2  -6.76000E+00
    4  T  1  6 2  -4.69444E+00
    5  T  1  7 2  -3.44898E+00
    6  T  1  8 2  -2.64063E+00
    7  T  1  9 2  -2.08642E+00
    8  T  1 10 2  -1.69000E+00
    2    3    1    7
    1  0.000000E+00
    1  T  1  4 3  -1.05625E+01
    2  T  1  5 3  -6.76000E+00
    3  T  1  6 3  -4.69444E+00
    4  T  1  7 3  -3.44898E+00
    5  T  1  8 3  -2.64063E+00
    6  T  1  9 3  -2.08642E+00
    7  T  1 10 3  -1.69000E+00
    2    4    0    6
    1  0.000000E+00
    1  T  1  5 4  -6.76000E+00
    2  T  1  6 4  -4.69444E+00
    3  T  1  7 4  -3.44898E+00
    4  T  1  8 4  -2.64063E+00
    5  T  1  9 4  -2.08642E+00
    6  T  1 10 4  -1.69000E+00
    2    5    1    5
    1  0.000000E+00
    1  T  1  6 5  -4.69444E+00
    2  T  1  7 5  -3.44898E+00
    3  T  1  8 5  -2.64063E+00
    4  T  1  9 5  -2.08642E+00
    5  T  1 10 5  -1.69000E+00
    2    6    0    4
    1  0.000000E+00
    1  T  1  7 6  -3.44898E+00
    2  T  1  8 6  -2.64063E+00
    3  T  1  9 6  -2.08642E+00
    4  T  1 10 6  -1.69000E+00
    2    7    1    3
    1  0.000000E+00
    1  T  1  8 7  -2.64063E+00
    2  T  1  9 7  -2.08642E+00
    3  T  1 10 7  -1.69000E+00
    2    8    0    2
    1  0.000000E+00
    1  T  1  9 8  -2.08642E+00
    2  T  1 10 8  -1.69000E+00
    2    9    1    1
    1  0.000000E+00
    1  T  1 10 9  -1.69000E+00
    0    0    0    0
