   13    9    E
    2    0    0   14
    2  3.627250E-01
    1  C  2  0 0  -8.05043E+00
    2  T  3  3 0  -3.58818E+00
    3  T  2  3 2  -2.55171E+00
    4  T  3  4 0  -1.37036E+00
    5  T  2  4 2  -1.25781E+00
    6  T  2  5 2  -6.75565E-01
    7  T  4  3 1  -5.27404E-01
    8  T  3  5 0  -4.87275E-01
    9  T  2  6 2  -3.47655E-01
   10  T  2  7 2  -1.59191E-01
   11  T  3  6 0  -6.30534E-02
   12  T  2  8 2  -3.50579E-02
   13  T  2  9 2   4.85194E-02
   14  T  2 10 2   1.08545E-01
    2    1    0   21
    1  0.000000E+00
    1  T  1  3 0  -4.31075E+00
    2  T  1  3 2  -2.85314E+00
    3  T  2  3 2  -2.54525E+00
    4  T  1  4 0  -2.13524E+00
    5  T  1  4 2  -1.59984E+00
    6  T  1  5 0  -1.27759E+00
    7  T  2  4 2  -1.26468E+00
    8  T  1  5 2  -1.01890E+00
    9  T  1  6 0  -8.49730E-01
   10  T  4  3 1  -7.18423E-01
   11  T  1  6 2  -7.00227E-01
   12  T  2  5 2  -6.66329E-01
   13  T  1  7 0  -6.04685E-01
   14  T  1  7 2  -5.17036E-01
   15  T  1  8 0  -4.53036E-01
   16  T  1  8 2  -3.96394E-01
   17  T  1  9 0  -3.52355E-01
   18  T  2  6 2  -3.51402E-01
   19  T  1  9 2  -3.11560E-01
   20  T  1 10 0  -2.81223E-01
   21  T  1 10 2  -2.52559E-01
    2    2    0   21
    1  0.000000E+00
    1  T  2  3 0  -4.02176E+00
    2  T  1  3 2  -2.86284E+00
    3  T  2  3 2  -2.52731E+00
    4  T  3  3 2  -2.12041E+00
    5  T  2  4 0  -1.79560E+00
    6  T  1  4 2  -1.59670E+00
    7  T  2  4 2  -1.25966E+00
    8  T  1  5 2  -1.01892E+00
    9  T  2  5 0  -9.26148E-01
   10  T  3  4 2  -8.38620E-01
   11  T  4  3 1  -7.35728E-01
   12  T  1  6 2  -6.98699E-01
   13  T  2  5 2  -6.65321E-01
   14  T  2  5 4  -6.37992E-01
   15  T  1  7 2  -5.15826E-01
   16  T  2  6 0  -4.91660E-01
   17  T  1  8 2  -3.95379E-01
   18  T  2  6 2  -3.50744E-01
   19  T  2  6 4  -3.32375E-01
   20  T  1  9 2  -3.11333E-01
   21  T  1 10 2  -2.53119E-01
    2    3    0   12
    1  0.000000E+00
    1  T  1  3 2  -2.89932E+00
    2  T  2  3 2  -2.52235E+00
    3  T  1  4 2  -1.62369E+00
    4  T  2  4 2  -1.25895E+00
    5  T  1  5 2  -1.03268E+00
    6  T  1  6 2  -7.13950E-01
    7  T  2  5 2  -6.69189E-01
    8  T  1  7 2  -5.22542E-01
    9  T  1  8 2  -3.98991E-01
   10  T  2  6 2  -3.50748E-01
   11  T  1  9 2  -3.14500E-01
   12  T  1 10 2  -2.54303E-01
    2    4    0    4
    1  0.000000E+00
    1  T  2  3 2  -2.59379E+00
    2  T  2  4 2  -1.28266E+00
    3  T  2  5 2  -6.80871E-01
    4  T  2  6 2  -3.57275E-01
    2    0    1    8
    1  0.000000E+00
    1  T  1  3 1  -3.66468E+00
    2  T  1  4 1  -1.90170E+00
    3  T  1  5 1  -1.16585E+00
    4  T  1  6 1  -7.87884E-01
    5  T  1  7 1  -5.68012E-01
    6  T  1  8 1  -4.28865E-01
    7  T  1  9 1  -3.35245E-01
    8  T  1 10 1  -2.69250E-01
    2    1    1   20
    1  0.000000E+00
    1  C  1  0 0  -1.12937E+01
    2  T  1  3 1  -3.66361E+00
    3  T  2  3 1  -3.21958E+00
    4  T  3  3 1  -2.92481E+00
    5  T  1  4 1  -1.85703E+00
    6  T  2  4 1  -1.55558E+00
    7  T  4  3 0  -1.27784E+00
    8  T  2  4 3  -1.21209E+00
    9  T  1  5 1  -1.14952E+00
   10  T  3  4 1  -1.10418E+00
   11  T  2  5 1  -8.18357E-01
   12  T  1  6 1  -7.56942E-01
   13  T  2  5 3  -6.44947E-01
   14  T  1  7 1  -5.60492E-01
   15  T  2  6 1  -4.40114E-01
   16  T  1  8 1  -4.12432E-01
   17  T  3  5 1  -3.81379E-01
   18  T  2  6 3  -3.36555E-01
   19  T  1  9 1  -3.31250E-01
   20  T  1 10 1  -2.70446E-01
    2    2    1   22
    1  0.000000E+00
    1  T  1  3 1  -3.70115E+00
    2  T  2  3 1  -3.32272E+00
    3  T  1  4 1  -1.91034E+00
    4  T  1  4 3  -1.56059E+00
    5  T  2  4 1  -1.54521E+00
    6  T  2  4 3  -1.20497E+00
    7  T  1  5 1  -1.16991E+00
    8  T  1  5 3  -9.99558E-01
    9  T  2  5 1  -8.06466E-01
   10  T  1  6 1  -7.89845E-01
   11  T  1  6 3  -6.94543E-01
   12  T  2  5 3  -6.40999E-01
   13  T  1  7 1  -5.69462E-01
   14  T  1  7 3  -5.10454E-01
   15  T  1  8 1  -4.30226E-01
   16  T  2  6 1  -4.26418E-01
   17  T  1  8 3  -3.90915E-01
   18  T  1  9 1  -3.36006E-01
   19  T  2  6 3  -3.34227E-01
   20  T  1  9 3  -3.08917E-01
   21  T  1 10 1  -2.69760E-01
   22  T  1 10 3  -2.50260E-01
    2    3    1   15
    1  0.000000E+00
    1  T  2  3 1  -3.40073E+00
    2  T  1  4 3  -1.57068E+00
    3  T  2  4 1  -1.56711E+00
    4  T  2  4 3  -1.19884E+00
    5  T  1  5 3  -1.00474E+00
    6  T  2  5 1  -8.16917E-01
    7  T  3  4 3  -7.73342E-01
    8  T  1  6 3  -6.97646E-01
    9  T  2  5 3  -6.37140E-01
   10  T  1  7 3  -5.12492E-01
   11  T  2  6 1  -4.32729E-01
   12  T  1  8 3  -3.92330E-01
   13  T  2  6 3  -3.32152E-01
   14  T  1  9 3  -3.09964E-01
   15  T  1 10 3  -2.51064E-01
    2    4    1   10
    1  0.000000E+00
    1  T  1  4 3  -1.56290E+00
    2  T  2  4 3  -1.19702E+00
    3  T  1  5 3  -1.00066E+00
    4  T  1  6 3  -6.95067E-01
    5  T  2  5 3  -6.36214E-01
    6  T  1  7 3  -5.10683E-01
    7  T  1  8 3  -3.90983E-01
    8  T  2  6 3  -3.31248E-01
    9  T  1  9 3  -3.08910E-01
   10  T  1 10 3  -2.50204E-01
    2    5    1    3
    1  0.000000E+00
    1  T  2  4 3  -1.20579E+00
    2  T  2  5 3  -6.41165E-01
    3  T  2  6 3  -3.34228E-01
    4    0    0    8
    4  2.942650E+00
    1  T  4  3 1  -9.02719E-01
    2  T  4  4 1   9.88040E-01
    3  T  4  5 1   1.75220E+00
    4  T  4  6 1   2.14134E+00
    5  T  4  7 1   2.36652E+00
    6  T  4  8 1   2.50850E+00
    7  T  4  9 1   2.60378E+00
    8  T  4 10 1   2.67080E+00
    4    1    0   17
    1  0.000000E+00
    1  T  1  3 0  -4.42179E+00
    2  T  1  3 2  -2.89853E+00
    3  T  1  4 0  -2.17147E+00
    4  T  1  4 2  -1.62715E+00
    5  T  1  5 0  -1.29464E+00
    6  T  1  5 2  -1.03505E+00
    7  T  1  6 0  -8.62940E-01
    8  T  4  3 1  -7.36561E-01
    9  T  1  6 2  -7.12036E-01
   10  T  1  7 0  -6.06821E-01
   11  T  1  7 2  -5.23087E-01
   12  T  1  8 0  -4.55353E-01
   13  T  1  8 2  -3.99376E-01
   14  T  1  9 0  -3.53649E-01
   15  T  1  9 2  -3.14832E-01
   16  T  1 10 0  -2.82504E-01
   17  T  1 10 2  -2.54533E-01
    4    2    0    9
    1  0.000000E+00
    1  T  1  3 2  -3.00161E+00
    2  T  1  4 2  -1.66272E+00
    3  T  1  5 2  -1.05262E+00
    4  T  4  3 1  -8.05587E-01
    5  T  1  6 2  -7.23626E-01
    6  T  1  7 2  -5.29147E-01
    7  T  1  8 2  -4.03381E-01
    8  T  1  9 2  -3.17621E-01
    9  T  1 10 2  -2.56552E-01
    4    3    0    8
    1  0.000000E+00
    1  T  1  3 2  -2.93182E+00
    2  T  1  4 2  -1.63853E+00
    3  T  1  5 2  -1.04038E+00
    4  T  1  6 2  -7.18211E-01
    5  T  1  7 2  -5.25311E-01
    6  T  1  8 2  -4.00802E-01
    7  T  1  9 2  -3.15815E-01
    8  T  1 10 2  -2.55241E-01
    4    0    1    8
    1  0.000000E+00
    1  T  1  3 1  -3.65988E+00
    2  T  1  4 1  -1.89999E+00
    3  T  1  5 1  -1.16503E+00
    4  T  1  6 1  -7.87432E-01
    5  T  1  7 1  -5.67736E-01
    6  T  1  8 1  -4.28684E-01
    7  T  1  9 1  -3.35120E-01
    8  T  1 10 1  -2.69161E-01
    4    1    1    9
    1  0.000000E+00
    1  T  1  3 1  -3.83717E+00
    2  T  1  4 1  -1.96324E+00
    3  T  4  3 0  -1.43756E+00
    4  T  1  5 1  -1.17965E+00
    5  T  1  6 1  -7.98993E-01
    6  T  1  7 1  -5.75204E-01
    7  T  1  8 1  -4.33708E-01
    8  T  1  9 1  -3.38654E-01
    9  T  1 10 1  -2.71742E-01
    4    2    1   15
    1  0.000000E+00
    1  T  1  3 1  -3.75667E+00
    2  T  1  4 1  -1.92980E+00
    3  T  1  4 3  -1.56173E+00
    4  T  1  5 1  -1.17915E+00
    5  T  1  5 3  -1.00057E+00
    6  T  1  6 1  -7.95274E-01
    7  T  1  6 3  -6.95322E-01
    8  T  1  7 1  -5.72559E-01
    9  T  1  7 3  -5.11070E-01
   10  T  1  8 1  -4.31873E-01
   11  T  1  8 3  -3.91406E-01
   12  T  1  9 1  -3.37346E-01
   13  T  1  9 3  -3.09329E-01
   14  T  1 10 1  -2.70780E-01
   15  T  1 10 3  -2.50602E-01
    4    3    1    7
    1  0.000000E+00
    1  T  1  4 3  -1.57223E+00
    2  T  1  5 3  -1.00688E+00
    3  T  1  6 3  -6.99317E-01
    4  T  1  7 3  -5.13816E-01
    5  T  1  8 3  -3.93428E-01
    6  T  1  9 3  -3.10904E-01
    7  T  1 10 3  -2.51885E-01
    4    4    1    7
    1  0.000000E+00
    1  T  1  4 3  -1.56342E+00
    2  T  1  5 3  -1.00107E+00
    3  T  1  6 3  -6.95328E-01
    4  T  1  7 3  -5.10862E-01
    5  T  1  8 3  -3.91108E-01
    6  T  1  9 3  -3.09001E-01
    7  T  1 10 3  -2.50272E-01
    0    0    0    0
