   13    5    E
    2    0    0   18
    1  0.000000E+00
    1  C  1  0 0  -2.12108E+01
    2  T  1  3 0  -1.05626E+01
    3  T  2  3 1  -8.04282E+00
    4  T  3  3 1  -7.03121E+00
    5  T  1  4 0  -5.64715E+00
    6  T  6  3 0: -5.35580E+00
    7  T  5  3 2: -4.86906E+00
    8  T  2  4 1  -3.82461E+00
    9  T  1  5 0  -3.54377E+00
   10  T  3  4 1  -2.64513E+00
   11  T  1  6 0  -2.40290E+00
   12  T  2  5 1  -1.91787E+00
   13  T  1  7 0  -1.75611E+00
   14  T  1  8 0  -1.33621E+00
   15  T  5  4 2: -1.05699E+00
   16  T  1  9 0: -1.04617E+00
   17  T  2  6 1  -8.97635E-01
   18  T  1 10 0  -8.47893E-01
    4    0    0    8
    2  1.408670E+00
    1  T  2  3 1  -8.43811E+00
    2  T  2  4 1  -3.97906E+00
    3  T  2  5 1  -1.99221E+00
    4  T  2  6 1  -9.32787E-01
    5  T  2  7 1  -3.01569E-01
    6  T  2  8 1   1.04935E-01
    7  T  2  9 1   3.82052E-01
    8  T  2 10 1   5.79355E-01
    2    1    0   21
    2  1.408670E+00
    1  C  1  0 0  -2.10067E+01
    2  T  2  3 1  -8.59283E+00
    3  T  3  3 1  -7.16031E+00
    4  T  4  3 0  -6.44697E+00
    5  T  4  3 2  -5.65204E+00
    6  T  5  3 2  -4.96607E+00
    7  T  2  4 1  -4.00886E+00
    8  T  3  4 1  -2.66412E+00
    9  T  2  5 1  -2.05865E+00
   10  T  4  4 0  -1.85581E+00
   11  T  4  4 2  -1.53037E+00
   12  T  5  4 2  -1.06575E+00
   13  T  2  6 1  -9.40341E-01
   14  T  3  5 1  -6.71186E-01
   15  T  2  7 1  -3.08346E-01
   16  T  2  8 1   9.00397E-02
   17  T  4  5 0   1.67269E-01
   18  T  4  5 2   3.47449E-01
   19  T  3  6 1:  3.74058E-01
   20  T  2  9 1:  3.89892E-01
   21  T  2 10 1   5.78580E-01
    4    1    0   15
    2  1.408670E+00
    1  C  1  0 0  -2.29288E+01
    2  T  2  3 1  -8.33797E+00
    3  T  4  3 0  -6.76593E+00
    4  T  4  3 2  -5.51295E+00
    5  T  2  4 1  -3.95425E+00
    6  T  2  5 1: -2.00153E+00
    7  T  4  4 0: -1.96156E+00
    8  T  4  4 2  -1.49075E+00
    9  T  2  6 1  -9.27269E-01
   10  T  2  7 1  -2.98727E-01
   11  T  2  8 1   1.04200E-01
   12  T  4  5 0   1.28189E-01
   13  T  4  5 2   3.62801E-01
   14  T  2  9 1   3.86778E-01
   15  T  2 10 1   5.80536E-01
    2    2    0   26
    1  0.000000E+00
    1  C  1  0 0  -2.18935E+01
    2  T  1  3 2  -9.29259E+00
    3  T  2  3 1  -8.25231E+00
    4  T  3  3 1  -7.16792E+00
    5  T  5  3 0  -6.28247E+00
    6  T  4  3 2  -5.27483E+00
    7  T  1  4 2  -5.18258E+00
    8  T  5  3 2  -5.11144E+00
    9  T  6  3 2  -4.23706E+00
   10  T  2  4 1  -3.90146E+00
   11  T  2  4 3  -3.61505E+00
   12  T  1  5 2  -3.30114E+00
   13  T  3  4 1  -2.68307E+00
   14  T  3  4 3  -2.31577E+00
   15  T  1  6 2  -2.28455E+00
   16  T  2  5 1  -1.96457E+00
   17  T  2  5 3  -1.82176E+00
   18  T  1  7 2  -1.67521E+00
   19  T  5  4 0  -1.57121E+00
   20  T  4  4 2  -1.38154E+00
   21  T  1  8 2  -1.28047E+00
   22  T  5  4 2  -1.11102E+00
   23  T  1  9 2  -1.01042E+00
   24  T  2  6 1  -9.12452E-01
   25  T  2  6 3  -8.31513E-01
   26  T  1 10 2  -8.17324E-01
    4    2    0   17
    2  1.408670E+00
    1  T  2  3 1  -8.56016E+00
    2  T  4  3 2  -5.65936E+00
    3  T  2  4 1  -4.01816E+00
    4  T  2  4 3  -3.63625E+00
    5  T  2  5 1  -2.01508E+00
    6  T  2  5 3  -1.82944E+00
    7  T  4  4 2  -1.53774E+00
    8  T  2  6 1  -9.42415E-01
    9  T  2  6 3  -8.39236E-01
   10  T  2  7 1  -3.08051E-01
   11  T  2  7 3  -2.43875E-01
   12  T  2  8 1   1.00141E-01
   13  T  2  8 3   1.42987E-01
   14  T  4  5 2   3.39326E-01
   15  T  2  9 1   3.82194E-01
   16  T  2  9 3   4.09530E-01
   17  T  2 10 1   5.77611E-01
    2    3    0   16
    2  1.408670E+00
    1  T  4  3 2  -5.61717E+00
    2  T  5  3 2  -5.12554E+00
    3  T  2  4 3  -3.66407E+00
    4  T  3  4 3  -2.37458E+00
    5  T  2  5 3  -1.85194E+00
    6  T  4  4 2  -1.47680E+00
    7  T  5  4 2  -1.13789E+00
    8  T  2  6 3  -8.44940E-01
    9  T  3  5 3  -5.37184E-01
   10  T  2  7 3  -2.48806E-01
   11  T  2  8 3   1.38639E-01
   12  T  4  5 2   3.70721E-01
   13  T  4  5 4   4.01931E-01
   14  T  2  9 3   4.13507E-01
   15  T  3  6 3   4.59354E-01
   16  T  2 10 3   5.97776E-01
    4    3    0   11
    2  1.408670E+00
    1  T  4  3 2  -5.77996E+00
    2  T  2  4 3  -3.68012E+00
    3  T  2  5 3  -1.85252E+00
    4  T  4  4 2  -1.57660E+00
    5  T  2  6 3  -8.50920E-01
    6  T  2  7 3  -2.50978E-01
    7  T  2  8 3   1.38081E-01
    8  T  4  5 2   3.24475E-01
    9  T  4  5 4   4.01848E-01
   10  T  2  9 3   4.06476E-01
   11  T  2 10 3   5.96508E-01
    2    4    0   13
    1  0.000000E+00
    1  T  5  3 2  -5.27672E+00
    2  T  2  4 3  -3.64832E+00
    3  T  1  5 4  -3.24803E+00
    4  T  3  4 3  -2.36577E+00
    5  T  1  6 4  -2.22627E+00
    6  T  2  5 3  -1.82935E+00
    7  T  1  7 4  -1.65191E+00
    8  T  1  8 4  -1.26587E+00
    9  T  5  4 2  -1.15934E+00
   10  T  1  9 4  -1.00056E+00
   11  T  2  6 5: -8.40610E-01
   12  T  2  6 3: -8.39680E-01
   13  T  1 10 4  -8.10832E-01
    4    4    0   12
    2  1.408670E+00
    1  T  2  4 3  -3.66486E+00
    2  T  2  5 3  -1.83993E+00
    3  T  2  6 3  -8.47145E-01
    4  T  2  6 5  -8.40599E-01
    5  T  2  7 3  -2.48461E-01
    6  T  2  7 5  -2.44286E-01
    7  T  2  8 3   1.40193E-01
    8  T  2  8 5   1.42596E-01
    9  T  2  9 5:  3.98658E-01
   10  T  2  9 3:  4.06636E-01
   11  T  4  5 4:  4.23869E-01
   12  T  2 10 3   5.97155E-01
    2    0    1    8
    4  3.645647E+00
    1  T  4  3 1  -6.36118E+00
    2  T  4  4 1  -1.80298E+00
    3  T  4  5 1   2.15948E-01
    4  T  4  6 1   1.28839E+00
    5  T  4  7 1   1.92613E+00
    6  T  4  8 1   2.33596E+00
    7  T  4  9 1   2.61489E+00
    8  T  4 10 1   2.81333E+00
    4    0    1    9
    4  3.645647E+00
    1  C  2  0 0  -2.01039E+01
    2  T  4  3 1  -5.93967E+00
    3  T  4  4 1  -1.66659E+00
    4  T  4  5 1   2.78125E-01
    5  T  4  6 1   1.32212E+00
    6  T  4  7 1   1.94646E+00
    7  T  4  8 1   2.34922E+00
    8  T  4  9 1   2.62405E+00
    9  T  4 10 1   2.81992E+00
    2    1    1   28
    1  0.000000E+00
    1  T  1  2 1  -2.42014E+01
    2  C  2  0 0  -1.89481E+01
    3  T  1  3 1  -9.90720E+00
    4  T  2  3 0  -8.84159E+00
    5  T  3  3 0  -7.79164E+00
    6  T  2  3 2  -7.50427E+00
    7  T  3  3 2  -6.45953E+00
    8  T  4  3 1  -5.95421E+00
    9  T  5  3 1  -5.42744E+00
   10  T  1  4 1  -5.38702E+00
   11  T  6  3 1  -4.72750E+00
   12  T  2  4 0  -4.15465E+00
   13  T  2  4 2  -3.63955E+00
   14  T  1  5 1  -3.40871E+00
   15  T  3  4 0  -2.92311E+00
   16  T  3  4 2  -2.43538E+00
   17  T  1  6 1  -2.33002E+00
   18  T  2  5 0  -2.09729E+00
   19  T  2  5 2  -1.82882E+00
   20  T  1  7 1  -1.71097E+00
   21  T  4  4 1  -1.61602E+00
   22  T  1  8 1  -1.30534E+00
   23  T  5  4 1  -1.27269E+00
   24  T  1  9 1  -1.02955E+00
   25  T  5  4 3  -9.87585E-01
   26  T  2  6 0  -9.82540E-01
   27  T  2  6 2  -8.42171E-01
   28  T  1 10 1  -8.31394E-01
    4    1    1   19
    2  1.408670E+00
    1  T  2  3 0  -9.15460E+00
    2  T  2  3 2  -7.83163E+00
    3  T  4  3 1  -6.17031E+00
    4  T  2  4 0  -4.25903E+00
    5  T  2  4 2  -3.75683E+00
    6  T  2  5 0  -2.13880E+00
    7  T  2  5 2  -1.88490E+00
    8  T  4  4 1  -1.72996E+00
    9  T  2  6 0  -1.01071E+00
   10  T  2  6 2  -8.72049E-01
   11  T  2  7 0  -3.50784E-01
   12  T  2  7 2  -2.63920E-01
   13  T  2  8 0   7.09541E-02
   14  T  2  8 2   1.29859E-01
   15  T  4  5 1   2.47331E-01
   16  T  2  9 0   3.61356E-01
   17  T  2  9 2   3.99491E-01
   18  T  2 10 0   5.63399E-01
   19  T  2 10 2   5.91976E-01
    2    2    1   21
    2  1.408670E+00
    1  C  2  0 0  -1.95565E+01
    2  T  2  3 2  -7.88650E+00
    3  T  3  3 2  -6.56369E+00
    4  T  4  3 1  -6.09835E+00
    5  T  5  3 1  -5.57370E+00
    6  T  2  4 2  -3.76782E+00
    7  T  3  4 2  -2.46560E+00
    8  T  2  5 2  -1.88783E+00
    9  T  4  4 1  -1.67881E+00
   10  T  4  4 3  -1.43595E+00
   11  T  5  4 1  -1.31835E+00
   12  T  5  4 3  -1.02054E+00
   13  T  2  6 2  -8.75482E-01
   14  T  3  5 2  -5.81207E-01
   15  T  2  7 2  -2.64722E-01
   16  T  2  8 2   1.28832E-01
   17  T  4  5 1   2.78671E-01
   18  T  4  5 3   3.95345E-01
   19  T  2  9 2   3.97287E-01
   20  T  3  6 2   4.35538E-01
   21  T  2 10 2   5.91730E-01
    4    2    1   13
    2  1.408670E+00
    1  T  2  3 2  -7.90459E+00
    2  T  4  3 1  -6.24618E+00
    3  T  2  4 2  -3.77792E+00
    4  T  2  5 2  -1.89620E+00
    5  T  4  4 1  -1.76169E+00
    6  T  4  4 3  -1.43826E+00
    7  T  2  6 2  -8.76972E-01
    8  T  2  7 2  -2.66771E-01
    9  T  2  8 2   1.27884E-01
   10  T  4  5 1   2.34210E-01
   11  T  4  5 3   3.93177E-01
   12  T  2  9 2   3.98938E-01
   13  T  2 10 2   5.91087E-01
    2    3    1   19
    1  0.000000E+00
    1  T  2  3 2  -7.58411E+00
    2  T  3  3 2  -6.66317E+00
    3  T  5  3 1  -5.75884E+00
    4  T  1  4 3  -5.05678E+00
    5  T  2  4 2  -3.66352E+00
    6  T  1  5 3  -3.24650E+00
    7  T  3  4 2  -2.48676E+00
    8  T  1  6 3  -2.24828E+00
    9  T  2  5 2  -1.83872E+00
   10  T  2  5 4  -1.83539E+00
   11  T  1  7 3  -1.65458E+00
   12  T  4  4 3  -1.38443E+00
   13  T  5  4 1  -1.34985E+00
   14  T  1  8 3  -1.26738E+00
   15  T  5  4 3  -1.05691E+00
   16  T  1  9 3  -1.00155E+00
   17  T  2  6 2  -8.47656E-01
   18  T  2  6 4  -8.35337E-01
   19  T  1 10 3  -8.11168E-01
    4    3    1   15
    2  1.408670E+00
    1  T  2  3 2  -8.04463E+00
    2  T  2  4 2  -3.82933E+00
    3  T  2  5 2  -1.91827E+00
    4  T  2  5 4  -1.83566E+00
    5  T  4  4 3  -1.39835E+00
    6  T  2  6 2  -8.90465E-01
    7  T  2  6 4  -8.35774E-01
    8  T  2  7 2  -2.75101E-01
    9  T  2  7 4  -2.42648E-01
   10  T  2  8 2   1.22561E-01
   11  T  2  8 4   1.43296E-01
   12  T  2  9 2:  3.92341E-01
   13  T  2  9 4:  3.96718E-01
   14  T  4  5 3:  4.23933E-01
   15  T  2 10 2   5.88335E-01
    2    4    1   10
    2  1.408670E+00
    1  T  2  5 4  -1.85215E+00
    2  T  4  4 3  -1.42424E+00
    3  T  5  4 3  -1.07473E+00
    4  T  2  6 4  -8.41939E-01
    5  T  3  5 4  -5.23066E-01
    6  T  2  7 4  -2.46853E-01
    7  T  2  8 4   1.39938E-01
    8  T  4  5 3:  3.84559E-01
    9  T  2  9 4:  4.20678E-01
   10  T  2 10 4   4.64199E-01
    4    4    1    7
    2  1.408670E+00
    1  T  2  5 4  -1.85217E+00
    2  T  4  4 3  -1.43447E+00
    3  T  2  6 4  -8.42250E-01
    4  T  2  7 4  -2.46927E-01
    5  T  2  8 4   1.39942E-01
    6  T  4  5 3   3.80472E-01
    7  T  2  9 4   4.17843E-01
    0    0    0    0
