   13    7    E
    2    0    0   18
    2  4.233110E-01
    1  C  2  0 0  -1.36167E+01
    2  T  3  3 0  -6.40685E+00
    3  T  2  3 2  -5.09820E+00
    4  T  6  3 1  -3.36546E+00
    5  T  3  4 0  -2.94399E+00
    6  T  2  4 2  -2.68810E+00
    7  T  9  3 1  -2.26924E+00
    8  T  2  5 2  -1.57039E+00
    9  T  3  5 0  -1.46304E+00
   10  T  2  6 2  -9.57096E-01
   11  T  3  6 0  -7.26806E-01
   12  T  2  7 2  -5.90478E-01
   13  T  6  4 1  -5.56980E-01
   14  T  2  8 2  -3.50838E-01
   15  T  3  7 0  -2.92714E-01
   16  T  2  9 2  -1.87603E-01
   17  T 12  3 0  -1.82561E-01
   18  T  2 10 2  -7.11021E-02
    2    0    1   13
    1  0.000000E+00
    1  T  1  3 1  -6.72784E+00
    2  T  1  4 1  -3.62129E+00
    3  T  5  3 2  -3.34290E+00
    4  T  8  3 0  -3.27658E+00
    5  T  1  5 1  -2.18524E+00
    6  T  7  3 2  -1.89425E+00
    7  T  1  6 1  -1.49103E+00
    8  T  1  7 1  -1.08206E+00
    9  T  5  4 2  -8.41690E-01
   10  T  1  8 1  -8.09519E-01
   11  T 10  3 1  -7.32676E-01
   12  T  1  9 1  -6.41828E-01
   13  T  1 10 1  -5.17118E-01
    4    0    0    8
    6  2.776928E+00
    1  T  6  3 1  -3.80434E+00
    2  T  6  4 1  -7.18621E-01
    3  T  6  5 1   6.04830E-01
    4  T  6  6 1   1.29607E+00
    5  T  6  7 1   1.70269E+00
    6  T  6  8 1   1.96210E+00
    7  T  6  9 1   2.13770E+00
    8  T  6 10 1   2.26208E+00
    4    0    1   16
    1  0.000000E+00
    1  C  1  0 0  -1.78348E+01
    2  T  1  3 1  -6.47220E+00
    3  T  4  3 0  -5.82310E+00
    4  T  8  3 0  -3.52958E+00
    5  T  1  4 1  -3.40114E+00
    6  T  5  3 2  -3.19464E+00
    7  T  4  4 0  -2.61436E+00
    8  T  1  5 1  -2.13146E+00
    9  T  1  6 1  -1.46458E+00
   10  T  4  5 0  -1.21308E+00
   11  T  1  7 1  -1.06072E+00
   12  T 10  3 1  -8.19636E-01
   13  T  1  8 1  -7.99715E-01
   14  T  5  4 2  -7.08928E-01
   15  T  1  9 1  -6.33783E-01
   16  T  1 10 1  -5.13370E-01
    6    0    1    8
    4  1.044238E+00
    1  T  4  3 0  -6.22645E+00
    2  T  4  4 0  -2.71766E+00
    3  T  4  5 0  -1.25756E+00
    4  T  4  6 0  -5.09276E-01
    5  T  4  7 0  -7.47105E-02
    6  T  4  8 0   1.99974E-01
    7  T  4  9 0   3.84617E-01
    8  T  4 10 0   5.14685E-01
    2    1    0   31
    1  0.000000E+00
    1  C  2  0 0  -1.34258E+01
    2  T  1  3 0  -7.14176E+00
    3  T  1  3 2  -5.74971E+00
    4  T  2  3 2  -5.16903E+00
    5  T  5  3 1  -4.20030E+00
    6  T  1  4 0  -3.76608E+00
    7  T  6  3 1  -3.62434E+00
    8  T  1  4 2  -3.18436E+00
    9  T  7  3 1: -2.87381E+00
   10  T  2  4 2  -2.72249E+00
   11  T  8  3 1  -2.46703E+00
   12  T  9  3 1  -2.28367E+00
   13  T  1  5 0  -2.25632E+00
   14  T  1  5 2  -2.02114E+00
   15  T  2  5 2  -1.57951E+00
   16  T  1  6 0  -1.54149E+00
   17  T 10  3 0  -1.42457E+00
   18  T  1  6 2  -1.39630E+00
   19  T  1  7 0  -1.11456E+00
   20  T  5  4 1  -1.03796E+00
   21  T  1  7 2  -1.02153E+00
   22  T  2  6 2  -9.61481E-01
   23  T  1  8 0  -8.40716E-01
   24  T  1  8 2  -7.81286E-01
   25  T  5  4 3  -7.36947E-01
   26  T  6  4 1  -6.70988E-01
   27  T  1  9 0  -6.48256E-01
   28  T  1  9 2  -6.15728E-01
   29  T  2  7 2  -5.91697E-01
   30  T  1 10 0  -5.26886E-01
   31  T  1 10 2  -4.97563E-01
    2    1    1   32
    1  0.000000E+00
    1  C  1  0 0  -1.69195E+01
    2  C  3  0 0  -1.10673E+01
    3  T  1  3 1  -6.38565E+00
    4  T  2  3 1  -5.90265E+00
    5  T  3  3 1  -5.66589E+00
    6  T  6  3 0  -4.22764E+00
    7  T  1  4 1  -3.42108E+00
    8  T  5  3 2  -3.19423E+00
    9  T  9  3 0  -3.08424E+00
   10  T  2  4 1  -2.96454E+00
   11  T  3  4 1  -2.65932E+00
   12  T  6  3 2  -2.65160E+00
   13  T  2  4 3  -2.62515E+00
   14  T  1  5 1  -2.11785E+00
   15  T  7  3 2  -1.91413E+00
   16  T  2  5 1  -1.71714E+00
   17  T  2  5 3  -1.63701E+00
   18  T  1  6 1  -1.45474E+00
   19  T  9  3 2  -1.44370E+00
   20  T  3  5 1  -1.32797E+00
   21  T  1  7 1  -1.06546E+00
   22  T  2  6 1  -1.03795E+00
   23  T  2  6 3  -9.25766E-01
   24  T  6  4 0  -9.23279E-01
   25  T  1  8 1  -8.06606E-01
   26  T  5  4 2  -7.59737E-01
   27  T 10  3 1  -7.40153E-01
   28  T  3  6 1  -6.49846E-01
   29  T  2  7 1  -6.43328E-01
   30  T  1  9 1  -6.26387E-01
   31  T  2  7 3  -5.71484E-01
   32  T  1 10 1  -5.08910E-01
    4    1    0   27
    1  0.000000E+00
    1  C  2  0 0  -1.52644E+01
    2  T  1  3 0  -7.29598E+00
    3  T  1  3 2  -5.67827E+00
    4  T  4  3 1  -5.29199E+00
    5  T  5  3 1  -4.00940E+00
    6  T  1  4 0  -3.76861E+00
    7  T  6  3 1  -3.59875E+00
    8  T  1  4 2  -3.16306E+00
    9  T  8  3 1  -2.84277E+00
   10  T  4  4 1  -2.35267E+00
   11  T  1  5 0  -2.29665E+00
   12  T  1  5 2  -2.01105E+00
   13  T  1  6 0  -1.55683E+00
   14  T 10  3 0  -1.51477E+00
   15  T  1  6 2  -1.39128E+00
   16  T  1  7 0  -1.13331E+00
   17  T  4  5 1  -1.10859E+00
   18  T  1  7 2  -1.02209E+00
   19  T  5  4 1  -1.01431E+00
   20  T  1  8 0  -8.43983E-01
   21  T  1  8 2  -7.78574E-01
   22  T  5  4 3  -7.35230E-01
   23  T  6  4 1  -6.75094E-01
   24  T  1  9 0  -6.47394E-01
   25  T  1  9 2  -6.13842E-01
   26  T  1 10 0  -5.28513E-01
   27  T  1 10 2  -4.96605E-01
    4    1    1   14
    1  0.000000E+00
    1  T  1  3 1  -6.58382E+00
    2  T  6  3 0  -4.45029E+00
    3  T  1  4 1  -3.50473E+00
    4  T  5  3 2  -3.26922E+00
    5  T  6  3 2  -2.94862E+00
    6  T  1  5 1  -2.16919E+00
    7  T  1  6 1  -1.48171E+00
    8  T  1  7 1  -1.07998E+00
    9  T 10  3 1  -1.02540E+00
   10  T  6  4 0  -9.28098E-01
   11  T  1  8 1  -8.18087E-01
   12  T  5  4 2  -7.79830E-01
   13  T  1  9 1  -6.37677E-01
   14  T  1 10 1  -5.14461E-01
    6    1    0    8
    4  1.044238E+00
    1  T  4  3 1  -5.53700E+00
    2  T  4  4 1  -2.45127E+00
    3  T  4  5 1  -1.12782E+00
    4  T  4  6 1  -4.36585E-01
    5  T  4  7 1  -2.99626E-02
    6  T  4  8 1   2.29450E-01
    7  T  4  9 1   4.05050E-01
    8  T  4 10 1   5.29427E-01
    2    2    0   34
    1  0.000000E+00
    1  C  2  0 0  -1.42888E+01
    2  T  2  3 0  -6.81895E+00
    3  T  1  3 2  -5.50044E+00
    4  T  2  3 2  -5.24629E+00
    5  T  3  3 2  -4.85653E+00
    6  T  5  3 1  -3.87531E+00
    7  T  6  3 1  -3.60331E+00
    8  T  2  4 0  -3.34653E+00
    9  T  1  4 2  -3.08741E+00
   10  T  2  4 2  -2.74768E+00
   11  T  7  3 1  -2.71442E+00
   12  T  9  3 1  -2.38901E+00
   13  T  3  4 2  -2.33830E+00
   14  T  1  5 2  -1.97575E+00
   15  T  2  5 0  -1.86529E+00
   16  T  2  5 2  -1.58750E+00
   17  T  2  5 4  -1.53553E+00
   18  T  1  6 2  -1.37223E+00
   19  T  3  5 2  -1.19486E+00
   20  T  2  6 0  -1.12828E+00
   21  T 11  3 0  -1.10610E+00
   22  T  1  7 2  -1.00716E+00
   23  T  2  6 2  -9.68902E-01
   24  T  5  4 1  -9.40909E-01
   25  T  2  6 4  -9.36981E-01
   26  T  1  8 2  -7.70701E-01
   27  T  5  4 3  -7.30886E-01
   28  T  2  7 0  -6.94020E-01
   29  T  6  4 1  -6.35463E-01
   30  T  1  9 2  -6.08237E-01
   31  T  2  7 2  -5.94977E-01
   32  T  2  7 4  -5.76231E-01
   33  T  3  6 2  -5.70563E-01
   34  T  1 10 2  -4.92059E-01
    2    2    1   35
    1  0.000000E+00
    1  C  1  0 0  -1.72414E+01
    2  T  1  3 1  -6.47789E+00
    3  T  2  3 1  -6.00322E+00
    4  T  5  3 0  -4.64375E+00
    5  T  7  3 0  -3.52774E+00
    6  T  1  4 1  -3.39585E+00
    7  T  5  3 2  -3.21327E+00
    8  T  1  4 3  -3.08228E+00
    9  T  2  4 1  -3.02389E+00
   10  T  6  3 2  -2.81425E+00
   11  T  2  4 3  -2.66029E+00
   12  T  1  5 1  -2.14770E+00
   13  T  7  3 2  -2.07613E+00
   14  T  1  5 3  -1.96949E+00
   15  T  8  3 2  -1.79663E+00
   16  T  2  5 1  -1.73424E+00
   17  T  2  5 3  -1.60530E+00
   18  T  1  6 1  -1.46263E+00
   19  T  9  3 2  -1.45549E+00
   20  T  1  6 3  -1.35620E+00
   21  T  5  4 0  -1.33263E+00
   22  T  1  7 1  -1.07072E+00
   23  T  2  6 1  -1.03876E+00
   24  T  1  7 3  -1.00002E+00
   25  T  2  6 3  -9.31185E-01
   26  T  1  8 1  -8.08062E-01
   27  T 10  3 1  -7.98939E-01
   28  T  1  8 3  -7.65465E-01
   29  T  5  4 2  -7.28265E-01
   30  T  2  7 1  -6.49682E-01
   31  T  1  9 1  -6.30931E-01
   32  T  1  9 3  -6.05493E-01
   33  T  2  7 3  -5.74344E-01
   34  T  1 10 1  -5.11680E-01
   35  T  1 10 3  -4.90658E-01
    4    2    0   13
    1  0.000000E+00
    1  T  1  3 2  -5.75444E+00
    2  T  5  3 1  -4.22966E+00
    3  T  6  3 1  -3.76875E+00
    4  T  1  4 2  -3.19828E+00
    5  T  1  5 2  -2.03092E+00
    6  T  1  6 2  -1.40239E+00
    7  T  5  4 1  -1.14144E+00
    8  T  1  7 2  -1.02597E+00
    9  T  1  8 2  -7.83856E-01
   10  T  5  4 3  -7.46371E-01
   11  T  6  4 1  -7.00763E-01
   12  T  1  9 2  -6.16752E-01
   13  T  1 10 2  -4.98749E-01
    4    2    1   25
    1  0.000000E+00
    1  T  1  3 1  -6.63497E+00
    2  T  5  3 0  -4.87253E+00
    3  T  4  3 2  -4.48312E+00
    4  T  1  4 1  -3.52044E+00
    5  T  5  3 2  -3.35921E+00
    6  T  1  4 3  -3.11649E+00
    7  T  6  3 2  -2.88348E+00
    8  T  1  5 1  -2.19052E+00
    9  T  8  3 2  -2.09413E+00
   10  T  4  4 2  -2.05046E+00
   11  T  1  5 3  -1.91715E+00
   12  T  1  6 1  -1.48990E+00
   13  T  5  4 0  -1.39513E+00
   14  T  1  6 3  -1.35985E+00
   15  T  1  7 1  -1.07543E+00
   16  T  1  7 3  -1.00150E+00
   17  T  4  5 2  -9.47327E-01
   18  T 10  3 1  -8.76717E-01
   19  T  1  8 1  -8.22399E-01
   20  T  5  4 2  -8.04122E-01
   21  T  1  8 3  -7.66000E-01
   22  T  1  9 1  -6.39990E-01
   23  T  1  9 3  -6.06017E-01
   24  T  1 10 1  -5.15890E-01
   25  T  1 10 3  -4.91243E-01
    6    2    1    8
    4  1.044238E+00
    1  T  4  3 2  -4.75599E+00
    2  T  4  4 2  -2.17188E+00
    3  T  4  5 2  -9.94197E-01
    4  T  4  6 2  -3.62083E-01
    5  T  4  7 2   1.58657E-02
    6  T  4  8 2   2.59660E-01
    7  T  4  9 2   4.26021E-01
    8  T  4 10 2   5.44579E-01
    2    3    0   26
    1  0.000000E+00
    1  T  1  3 2  -5.67847E+00
    2  T  2  3 2  -5.28186E+00
    3  T  5  3 1  -4.11820E+00
    4  T  1  4 2  -3.14238E+00
    5  T  7  3 1  -2.84614E+00
    6  T  2  4 2  -2.74567E+00
    7  T  1  5 2  -1.99928E+00
    8  T  1  5 4  -1.96164E+00
    9  T  2  5 2  -1.60379E+00
   10  T  2  5 4  -1.53719E+00
   11  T  1  6 2  -1.38280E+00
   12  T  1  6 4  -1.36273E+00
   13  T  5  4 1  -1.10959E+00
   14  T  1  7 2  -1.01762E+00
   15  T  1  7 4  -1.00140E+00
   16  T  2  6 2  -9.72762E-01
   17  T  2  6 4  -9.38399E-01
   18  T  1  8 2  -7.75213E-01
   19  T  1  8 4  -7.67159E-01
   20  T  5  4 3  -7.19483E-01
   21  T  1  9 2  -6.15056E-01
   22  T  1  9 4  -6.05743E-01
   23  T  2  7 2  -5.97813E-01
   24  T  2  7 4  -5.77253E-01
   25  T  1 10 2  -4.94865E-01
   26  T  1 10 4  -4.90837E-01
    2    3    1   25
    1  0.000000E+00
    1  T  2  3 1  -6.13290E+00
    2  T  5  3 2  -3.15710E+00
    3  T  2  4 1  -3.07057E+00
    4  T  1  4 3  -3.05553E+00
    5  T  6  3 2  -2.78168E+00
    6  T  2  4 3  -2.68186E+00
    7  T  3  4 3  -2.25520E+00
    8  T  7  3 2  -2.04532E+00
    9  T  1  5 3  -1.95205E+00
   10  T  2  5 1  -1.75345E+00
   11  T  9  3 2  -1.60224E+00
   12  T  2  5 3  -1.51418E+00
   13  T  1  6 3  -1.35775E+00
   14  T  3  5 3  -1.13295E+00
   15  T  2  6 1  -1.05321E+00
   16  T  1  7 3  -9.98362E-01
   17  T  2  6 3  -9.38411E-01
   18  T  2  6 5  -9.37619E-01
   19  T  1  8 3  -7.65143E-01
   20  T  5  4 2  -7.32434E-01
   21  T  2  7 1  -6.49099E-01
   22  T  1  9 3  -6.04307E-01
   23  T  2  7 3  -5.78250E-01
   24  T  2  7 5  -5.76596E-01
   25  T  3  6 3  -5.38509E-01
    4    3    0   19
    1  0.000000E+00
    1  T  1  3 2  -5.83030E+00
    2  T  5  3 1  -4.19557E+00
    3  T  1  4 2  -3.22142E+00
    4  T  1  5 2  -2.04205E+00
    5  T  4  4 3  -2.01886E+00
    6  T  1  5 4  -1.96166E+00
    7  T  1  6 2  -1.40846E+00
    8  T  1  6 4  -1.36275E+00
    9  T  5  4 1  -1.13618E+00
   10  T  1  7 2  -1.02882E+00
   11  T  1  7 4  -1.00142E+00
   12  T  4  5 3  -9.16773E-01
   13  T  1  8 2  -7.85193E-01
   14  T  1  8 4  -7.67212E-01
   15  T  5  4 3  -7.23111E-01
   16  T  1  9 2  -6.18698E-01
   17  T  1  9 4  -6.05768E-01
   18  T  1 10 2  -5.00046E-01
   19  T  1 10 4  -4.90863E-01
    4    3    1   10
    1  0.000000E+00
    1  T  5  3 2  -3.46209E+00
    2  T  1  4 3  -3.13440E+00
    3  T  6  3 2  -2.92906E+00
    4  T  1  5 3  -1.95489E+00
    5  T  1  6 3  -1.36022E+00
    6  T  1  7 3  -1.00035E+00
    7  T  5  4 2  -8.61603E-01
    8  T  1  8 3  -7.65632E-01
    9  T  1  9 3  -6.05480E-01
   10  T  1 10 3  -4.91339E-01
    6    3    0    7
    4  1.044238E+00
    1  T  4  4 3  -2.02594E+00
    2  T  4  5 3  -9.21450E-01
    3  T  4  6 3  -3.20693E-01
    4  T  4  7 3   4.16390E-02
    5  T  4  8 3   2.76793E-01
    6  T  4  9 3   4.37986E-01
    7  T  4 10 3   5.53264E-01
    2    4    0   18
    1  0.000000E+00
    1  T  2  3 2  -5.31100E+00
    2  T  2  4 2  -2.76927E+00
    3  T  1  5 4  -1.95932E+00
    4  T  2  5 2  -1.60388E+00
    5  T  2  5 4  -1.53848E+00
    6  T  1  6 4  -1.36075E+00
    7  T  3  5 4  -1.13661E+00
    8  T  1  7 4  -9.99992E-01
    9  T  2  6 2  -9.76789E-01
   10  T  2  6 4  -9.39476E-01
   11  T  1  8 4  -7.66395E-01
   12  T  5  4 3  -7.11255E-01
   13  T  1  9 4  -6.04729E-01
   14  T  2  7 2  -6.01215E-01
   15  T  2  7 4  -5.78120E-01
   16  T  2  7 6  -5.76680E-01
   17  T  3  6 4  -5.37681E-01
   18  T  1 10 4  -4.90109E-01
    2    4    1   19
    1  0.000000E+00
    1  T  5  3 2  -3.33751E+00
    2  T  1  4 3  -3.05225E+00
    3  T  2  4 3  -2.67799E+00
    4  T  7  3 2  -2.05345E+00
    5  T  1  5 3  -1.96301E+00
    6  T  2  5 3  -1.53476E+00
    7  T  1  6 3  -1.36399E+00
    8  T  1  6 5  -1.36111E+00
    9  T  1  7 3  -1.00221E+00
   10  T  1  7 5  -1.00002E+00
   11  T  2  6 3  -9.41414E-01
   12  T  2  6 5  -9.37768E-01
   13  T  5  4 2  -8.10108E-01
   14  T  1  8 3  -7.66262E-01
   15  T  1  8 5  -7.65587E-01
   16  T  1  9 3  -6.05838E-01
   17  T  1  9 5  -6.04957E-01
   18  T  2  7 3  -5.79575E-01
   19  T  2  7 5  -5.76670E-01
    4    4    0    7
    1  0.000000E+00
    1  T  1  5 4  -1.95943E+00
    2  T  1  6 4  -1.36087E+00
    3  T  1  7 4  -1.00010E+00
    4  T  1  8 4  -7.66636E-01
    5  T  5  4 3  -7.17672E-01
    6  T  1  9 4  -6.04799E-01
    7  T  1 10 4  -4.90178E-01
    4    4    1   15
    1  0.000000E+00
    1  T  5  3 2  -3.45566E+00
    2  T  1  4 3  -3.05421E+00
    3  T  1  5 3  -1.96579E+00
    4  T  1  6 3  -1.36585E+00
    5  T  1  6 5  -1.36114E+00
    6  T  1  7 3  -1.00415E+00
    7  T  1  7 5  -1.00005E+00
    8  T  4  5 4  -9.15761E-01
    9  T  5  4 2  -8.55840E-01
   10  T  1  8 3  -7.66504E-01
   11  T  1  8 5  -7.65627E-01
   12  T  1  9 3  -6.06191E-01
   13  T  1  9 5  -6.04973E-01
   14  T  1 10 3  -4.91023E-01
   15  T  1 10 5  -4.90032E-01
    6    4    1    6
    4  1.044238E+00
    1  T  4  5 4  -9.15863E-01
    2  T  4  6 4  -3.16982E-01
    3  T  4  7 4   4.41475E-02
    4  T  4  8 4   2.78547E-01
    5  T  4  9 4   4.39252E-01
    6  T  4 10 4   5.54205E-01
    0    0    0    0
