   14   11    E
    2    0    0    8
    1  0.000000E+00
    1  T  1  3 0  -3.29537E+00
    2  T  1  4 0  -1.54306E+00
    3  T  1  5 0  -8.96239E-01
    4  T  1  6 0  -5.85365E-01
    5  T  1  7 0  -4.12254E-01
    6  T  1  8 0  -3.06008E-01
    7  T  1  9 0  -2.36129E-01
    8  T  1 10 0  -1.87723E-01
    2    1    1    8
    1  0.000000E+00
    1  T  1  3 1  -2.64623E+00
    2  T  1  4 1  -1.32109E+00
    3  T  1  5 1  -7.94824E-01
    4  T  1  6 1  -5.30810E-01
    5  T  1  7 1  -3.79593E-01
    6  T  1  8 1  -2.84925E-01
    7  T  1  9 1  -2.21737E-01
    8  T  1 10 1  -1.77465E-01
    2    2    0    8
    1  0.000000E+00
    1  T  1  3 2  -1.86094E+00
    2  T  1  4 2  -1.04073E+00
    3  T  1  5 2  -6.61258E-01
    4  T  1  6 2  -4.56880E-01
    5  T  1  7 2  -3.34417E-01
    6  T  1  8 2  -2.55307E-01
    7  T  1  9 2  -2.01270E-01
    8  T  1 10 2  -1.62732E-01
    2    3    1    7
    1  0.000000E+00
    1  T  1  4 3  -1.00159E+00
    2  T  1  5 3  -6.40995E-01
    3  T  1  6 3  -4.45081E-01
    4  T  1  7 3  -3.26956E-01
    5  T  1  8 3  -2.50296E-01
    6  T  1  9 3  -1.97744E-01
    7  T  1 10 3  -1.60158E-01
    0    0    0    0
