   14    7    E
    2    0    0   20
    2  4.659841E-01
    1  C  2  0 0  -1.77116E+01
    2  T  3  3 0  -8.26699E+00
    3  T  2  3 2  -6.75720E+00
    4  T  6  3 1  -4.87174E+00
    5  T  3  4 0  -3.95695E+00
    6  T  9  3 1  -3.62569E+00
    7  T  2  4 2  -3.59989E+00
    8  T  2  5 2  -2.13839E+00
    9  T  3  5 0  -2.03265E+00
   10  T 12  3 0  -1.47042E+00
   11  T  2  6 2  -1.33720E+00
   12  T  6  4 1  -1.19519E+00
   13  T  3  6 0  -1.08237E+00
   14  T  2  7 2  -8.55849E-01
   15  T 11  3 2  -7.32173E-01
   16  T  2  8 2  -5.46550E-01
   17  T  3  7 0  -5.29554E-01
   18  T  2  9 2  -3.31836E-01
   19  T  3  8 0  -1.83428E-01
   20  T  2 10 2  -1.76854E-01
    2    0    1   13
    1  0.000000E+00
    1  T  1  3 1  -8.60645E+00
    2  T  8  3 0  -4.99736E+00
    3  T  5  3 2  -4.82405E+00
    4  T  1  4 1  -4.48476E+00
    5  T  7  3 2  -3.23339E+00
    6  T  1  5 1  -2.82799E+00
    7  T 10  3 1  -2.00457E+00
    8  T  1  6 1  -1.93040E+00
    9  T  5  4 2  -1.52111E+00
   10  T  1  7 1  -1.39931E+00
   11  T  1  8 1  -1.06455E+00
   12  T  1  9 1  -8.37432E-01
   13  T  1 10 1  -6.84436E-01
    4    0    0    8
    6  3.063999E+00
    1  T  6  3 1  -5.37359E+00
    2  T  6  4 1  -1.44297E+00
    3  T  6  5 1   2.55257E-01
    4  T  6  6 1   1.14562E+00
    5  T  6  7 1   1.67064E+00
    6  T  6  8 1   2.00615E+00
    7  T  6  9 1   2.23354E+00
    8  T  6 10 1   2.39475E+00
    4    0    1   18
    1  0.000000E+00
    1  C  1  0 0  -2.23855E+01
    2  T  1  3 1  -8.31772E+00
    3  T  4  3 0  -7.59088E+00
    4  T  8  3 0  -5.08739E+00
    5  T  5  3 2  -4.67715E+00
    6  T  1  4 1  -4.40541E+00
    7  T  4  4 0  -3.52881E+00
    8  T  1  5 1  -2.76607E+00
    9  T 10  3 1  -1.99603E+00
   10  T  1  6 1  -1.90462E+00
   11  T  4  5 0  -1.73615E+00
   12  T  5  4 2  -1.47222E+00
   13  T  1  7 1  -1.37667E+00
   14  T  1  8 1  -1.05011E+00
   15  T  1  9 1  -8.32412E-01
   16  T  4  6 0  -8.02609E-01
   17  T  8  4 0  -6.85197E-01
   18  T  1 10 1  -6.59679E-01
    6    0    1    8
    4  1.164736E+00
    1  T  4  3 0  -8.05848E+00
    2  T  4  4 0  -3.64874E+00
    3  T  4  5 0  -1.79426E+00
    4  T  4  6 0  -8.38122E-01
    5  T  4  7 0  -2.80754E-01
    6  T  4  8 0   7.24834E-02
    7  T  4  9 0   3.10397E-01
    8  T  4 10 0   4.78243E-01
    2    1    0   33
    1  0.000000E+00
    1  C  2  0 0  -1.75076E+01
    2  T  1  3 0  -9.07808E+00
    3  T  1  3 2  -7.49334E+00
    4  T  2  3 2  -6.83490E+00
    5  T  5  3 1  -5.80897E+00
    6  T  6  3 1  -5.22620E+00
    7  T  1  4 0  -4.76377E+00
    8  T  7  3 1: -4.37003E+00
    9  T  1  4 2  -4.14808E+00
   10  T  8  3 1  -3.89148E+00
   11  T  9  3 1  -3.70117E+00
   12  T  2  4 2  -3.61528E+00
   13  T  1  5 0  -2.93225E+00
   14  T 10  3 0  -2.70808E+00
   15  T  1  5 2  -2.63630E+00
   16  T  2  5 2  -2.14683E+00
   17  T  1  6 0  -1.99319E+00
   18  T  5  4 1  -1.83930E+00
   19  T  1  6 2  -1.81813E+00
   20  T  5  4 3  -1.48300E+00
   21  T  1  7 0  -1.44339E+00
   22  T  6  4 1  -1.37846E+00
   23  T  2  6 2  -1.34788E+00
   24  T  1  7 2  -1.32781E+00
   25  T  1  8 0  -1.08722E+00
   26  T 10  3 2  -1.08044E+00
   27  T  1  8 2  -1.01726E+00
   28  T  2  7 2  -8.60852E-01
   29  T  1  9 0  -8.50767E-01
   30  T  1  9 2  -8.02572E-01
   31  T  1 10 0  -6.84763E-01
   32  T  1 10 2  -6.49915E-01
   33  T 11  3 2  -6.45898E-01
    2    1    1   35
    1  0.000000E+00
    1  C  1  0 0  -2.13737E+01
    2  C  3  0 0  -1.48712E+01
    3  T  1  3 1  -8.21881E+00
    4  T  2  3 1  -7.67352E+00
    5  T  3  3 1  -7.41992E+00
    6  T  6  3 0  -5.85117E+00
    7  T  5  3 2  -4.68618E+00
    8  T  9  3 0  -4.60308E+00
    9  T  1  4 1  -4.37127E+00
   10  T  6  3 2  -4.02850E+00
   11  T  2  4 1  -3.95897E+00
   12  T  3  4 1  -3.58839E+00
   13  T  2  4 3  -3.53619E+00
   14  T  7  3 2  -3.24879E+00
   15  T  9  3 2  -2.84239E+00
   16  T  1  5 1  -2.74929E+00
   17  T  2  5 1  -2.31117E+00
   18  T  2  5 3  -2.06973E+00
   19  T 10  3 1  -2.02845E+00
   20  T  1  6 1  -1.89935E+00
   21  T  3  5 1  -1.87018E+00
   22  T  6  4 0  -1.65982E+00
   23  T  5  4 2  -1.48141E+00
   24  T  2  6 1  -1.43660E+00
   25  T  1  7 1  -1.36837E+00
   26  T  2  6 3  -1.30480E+00
   27  T 11  3 1  -1.28403E+00
   28  T  1  8 1  -1.04673E+00
   29  T  3  6 1  -9.96982E-01
   30  T  6  4 2  -9.48936E-01
   31  T  2  7 1  -9.17512E-01
   32  T  2  7 3  -8.36104E-01
   33  T  1  9 1  -8.20189E-01
   34  T 12  3 1: -6.81005E-01
   35  T  1 10 1  -6.62481E-01
    4    1    0   29
    1  0.000000E+00
    1  C  2  0 0  -1.95285E+01
    2  T  1  3 0  -9.25261E+00
    3  T  1  3 2  -7.40359E+00
    4  T  4  3 1  -6.99388E+00
    5  T  5  3 1  -5.54982E+00
    6  T  6  3 1  -5.20028E+00
    7  T  1  4 0  -4.79113E+00
    8  T  8  3 1  -4.33738E+00
    9  T  1  4 2  -4.11568E+00
   10  T  4  4 1  -3.23755E+00
   11  T  1  5 0  -2.96018E+00
   12  T 10  3 0  -2.85848E+00
   13  T  1  5 2  -2.62415E+00
   14  T  1  6 0  -2.01334E+00
   15  T  5  4 1  -1.82255E+00
   16  T  1  6 2  -1.81432E+00
   17  T  4  5 1  -1.58308E+00
   18  T  5  4 3  -1.48783E+00
   19  T  1  7 0  -1.44860E+00
   20  T  6  4 1  -1.36776E+00
   21  T  1  7 2  -1.32953E+00
   22  T 10  3 2  -1.14031E+00
   23  T  1  8 0  -1.09095E+00
   24  T  1  8 2  -1.01573E+00
   25  T  1  9 0  -8.54369E-01
   26  T  1  9 2  -8.01371E-01
   27  T  4  6 1  -7.23711E-01
   28  T  1 10 0  -6.86841E-01
   29  T  1 10 2  -6.48262E-01
    4    1    1   15
    1  0.000000E+00
    1  T  1  3 1  -8.44199E+00
    2  T  6  3 0  -6.10522E+00
    3  T  5  3 2  -4.77206E+00
    4  T  1  4 1  -4.51387E+00
    5  T  6  3 2  -4.37405E+00
    6  T  1  5 1  -2.80757E+00
    7  T 10  3 1  -2.26702E+00
    8  T  1  6 1  -1.92441E+00
    9  T  6  4 0  -1.72533E+00
   10  T  5  4 2  -1.50980E+00
   11  T  1  7 1  -1.38767E+00
   12  T  6  4 2  -1.09925E+00
   13  T  1  8 1  -1.05346E+00
   14  T  1  9 1  -8.29445E-01
   15  T  1 10 1  -6.68741E-01
    6    1    0    8
    4  1.164736E+00
    1  T  4  3 1  -7.27285E+00
    2  T  4  4 1  -3.34223E+00
    3  T  4  5 1  -1.64401E+00
    4  T  4  6 1  -7.53645E-01
    5  T  4  7 1  -2.28627E-01
    6  T  4  8 1   1.06880E-01
    7  T  4  9 1   3.34273E-01
    8  T  4 10 1   4.95487E-01
    2    2    0   37
    1  0.000000E+00
    1  C  2  0 0  -1.84490E+01
    2  T  2  3 0  -8.72607E+00
    3  T  1  3 2  -7.19128E+00
    4  T  2  3 2  -6.92862E+00
    5  T  3  3 2  -6.49377E+00
    6  T  5  3 1  -5.43492E+00
    7  T  6  3 1  -5.13977E+00
    8  T  2  4 0  -4.41314E+00
    9  T  7  3 1  -4.13739E+00
   10  T  1  4 2  -4.03596E+00
   11  T  9  3 1  -3.80283E+00
   12  T  2  4 2  -3.65207E+00
   13  T  3  4 2  -3.22558E+00
   14  T  1  5 2  -2.58254E+00
   15  T  2  5 0  -2.48301E+00
   16  T 11  3 0  -2.36238E+00
   17  T  2  5 2  -2.15809E+00
   18  T  2  5 4  -2.09254E+00
   19  T  1  6 2  -1.79603E+00
   20  T  5  4 1  -1.73464E+00
   21  T  3  5 2  -1.71765E+00
   22  T  2  6 0  -1.53326E+00
   23  T  5  4 3  -1.46472E+00
   24  T  6  4 1  -1.35467E+00
   25  T  2  6 2  -1.34678E+00
   26  T  1  7 2  -1.31254E+00
   27  T  2  6 4  -1.31080E+00
   28  T 10  3 2  -1.08479E+00
   29  T  1  8 2  -1.00651E+00
   30  T  2  7 0  -9.79507E-01
   31  T  6  4 3  -9.14865E-01
   32  T  3  6 2  -9.04662E-01
   33  T  2  7 2  -8.63645E-01
   34  T  2  7 4  -8.39874E-01
   35  T  1  9 2  -7.94187E-01
   36  T  7  4 1  -6.97021E-01
   37  T  1 10 2  -6.43236E-01
    2    2    1   38
    1  0.000000E+00
    1  C  1  0 0  -2.17280E+01
    2  T  1  3 1  -8.32409E+00
    3  T  2  3 1  -7.79064E+00
    4  T  5  3 0  -6.30868E+00
    5  T  7  3 0  -5.06043E+00
    6  T  5  3 2  -4.65749E+00
    7  T  1  4 1  -4.45177E+00
    8  T  6  3 2  -4.24829E+00
    9  T  1  4 3  -4.01541E+00
   10  T  2  4 1  -3.99622E+00
   11  T  2  4 3  -3.59913E+00
   12  T  7  3 2: -3.40553E+00
   13  T  8  3 2  -3.12952E+00
   14  T  9  3 2  -2.84246E+00
   15  T  1  5 1  -2.76632E+00
   16  T  1  5 3  -2.55147E+00
   17  T  2  5 1  -2.33676E+00
   18  T  5  4 0  -2.17607E+00
   19  T  2  5 3  -2.08060E+00
   20  T 10  3 1  -1.98172E+00
   21  T  1  6 1  -1.89634E+00
   22  T  1  6 3  -1.77891E+00
   23  T 11  3 1  -1.56925E+00
   24  T  2  6 1  -1.44813E+00
   25  T  5  4 2  -1.44361E+00
   26  T  1  7 1  -1.37678E+00
   27  T  1  7 3  -1.30933E+00
   28  T  2  6 3  -1.30745E+00
   29  T  1  8 1  -1.06224E+00
   30  T  6  4 2  -1.03361E+00
   31  T  1  8 3  -1.00049E+00
   32  T  2  7 1  -9.24776E-01
   33  T  2  7 3  -8.39422E-01
   34  T  1  9 1  -8.23939E-01
   35  T  1  9 3  -7.91475E-01
   36  T  7  4 0  -6.80531E-01
   37  T  1 10 1  -6.60168E-01
   38  T  1 10 3  -6.41173E-01
    4    2    0   15
    1  0.000000E+00
    1  T  1  3 2  -7.49972E+00
    2  T  5  3 1  -5.84187E+00
    3  T  6  3 1  -5.33023E+00
    4  T  1  4 2  -4.16840E+00
    5  T  1  5 2  -2.64709E+00
    6  T  5  4 1  -1.91044E+00
    7  T  1  6 2  -1.82813E+00
    8  T 10  3 2  -1.55470E+00
    9  T  6  4 1  -1.42044E+00
   10  T  1  7 2  -1.33699E+00
   11  T  5  4 3  -1.29220E+00
   12  T  1  8 2  -1.02102E+00
   13  T  6  4 3  -9.34767E-01
   14  T  1  9 2  -8.04839E-01
   15  T  1 10 2  -6.50751E-01
    4    2    1   26
    1  0.000000E+00
    1  T  1  3 1  -8.50036E+00
    2  T  5  3 0  -6.57222E+00
    3  T  4  3 2  -6.05674E+00
    4  T  5  3 2  -4.85849E+00
    5  T  1  4 1  -4.53954E+00
    6  T  6  3 2  -4.35719E+00
    7  T  1  4 3  -4.02160E+00
    8  T  8  3 2  -3.42929E+00
    9  T  4  4 2  -2.88214E+00
   10  T  1  5 1  -2.81407E+00
   11  T  1  5 3  -2.55850E+00
   12  T  5  4 0  -2.24532E+00
   13  T 10  3 1  -2.09264E+00
   14  T  1  6 1  -1.91945E+00
   15  T  1  6 3  -1.78083E+00
   16  T  5  4 2  -1.56431E+00
   17  T  4  5 2  -1.41493E+00
   18  T  1  7 1  -1.39334E+00
   19  T  1  7 3  -1.30923E+00
   20  T  6  4 2  -1.08162E+00
   21  T  1  8 1  -1.05083E+00
   22  T  1  8 3  -1.00002E+00
   23  T  1  9 1  -8.31051E-01
   24  T  1  9 3  -7.91460E-01
   25  T  1 10 1  -6.70034E-01
   26  T  1 10 3  -6.41775E-01
    6    2    1    8
    4  1.164736E+00
    1  T  4  3 2  -6.38882E+00
    2  T  4  4 2  -3.02324E+00
    3  T  4  5 2  -1.49094E+00
    4  T  4  6 2  -6.68111E-01
    5  T  4  7 2  -1.75933E-01
    6  T  4  8 2   1.41653E-01
    7  T  4  9 2   3.58430E-01
    8  T  4 10 2   5.12953E-01
    2    3    0   29
    1  0.000000E+00
    1  T  1  3 2  -7.41068E+00
    2  T  2  3 2  -6.95708E+00
    3  T  5  3 1  -5.71139E+00
    4  T  7  3 1  -4.31540E+00
    5  T  1  4 2  -4.10156E+00
    6  T  2  4 2  -3.68086E+00
    7  T  1  5 2  -2.61008E+00
    8  T  1  5 4  -2.56244E+00
    9  T  2  5 2  -2.17520E+00
   10  T  2  5 4  -2.09487E+00
   11  T  5  4 1  -1.87759E+00
   12  T  1  6 2  -1.80329E+00
   13  T  1  6 4  -1.78043E+00
   14  T  5  4 3  -1.44860E+00
   15  T  2  6 2  -1.36499E+00
   16  T  1  7 2  -1.31861E+00
   17  T  2  6 4  -1.31293E+00
   18  T  1  7 4  -1.30817E+00
   19  T 10  3 2  -1.21843E+00
   20  T  1  8 2  -1.01265E+00
   21  T  1  8 4  -1.00236E+00
   22  T  6  4 3  -9.15135E-01
   23  T  2  7 2  -8.71013E-01
   24  T  2  7 4  -8.42445E-01
   25  T  1  9 2  -7.98305E-01
   26  T  1  9 4  -7.90620E-01
   27  T  7  4 1  -7.89278E-01
   28  T  1 10 2  -6.46427E-01
   29  T  1 10 4  -6.40434E-01
    2    3    1   27
    1  0.000000E+00
    1  T  2  3 1  -7.94363E+00
    2  T  5  3 2  -4.57855E+00
    3  T  6  3 2  -4.24862E+00
    4  T  2  4 1  -4.04422E+00
    5  T  1  4 3  -3.95406E+00
    6  T  2  4 3  -3.65296E+00
    7  T  7  3 2  -3.32559E+00
    8  T  3  4 3  -3.13666E+00
    9  T  9  3 2  -2.88406E+00
   10  T  1  5 3  -2.55252E+00
   11  T  2  5 1  -2.33233E+00
   12  T  2  5 3  -2.09504E+00
   13  T  1  6 3  -1.77475E+00
   14  T 11  3 1  -1.68627E+00
   15  T  3  5 3  -1.64944E+00
   16  T  2  6 1  -1.44955E+00
   17  T  5  4 2  -1.43464E+00
   18  T  2  6 3  -1.31410E+00
   19  T  2  6 5  -1.31167E+00
   20  T  1  7 3  -1.30446E+00
   21  T  6  4 2  -1.01877E+00
   22  T  1  8 3  -9.94911E-01
   23  T  2  7 1  -9.26191E-01
   24  T  3  6 3  -8.68581E-01
   25  T  2  7 3  -8.42468E-01
   26  T  2  7 5  -8.39969E-01
   27  T  1  9 3  -7.89137E-01
    4    3    0   21
    1  0.000000E+00
    1  T  1  3 2  -7.58746E+00
    2  T  5  3 1  -5.80116E+00
    3  T  1  4 2  -4.19468E+00
    4  T  4  4 3  -2.83704E+00
    5  T  1  5 2  -2.65944E+00
    6  T  1  5 4  -2.56246E+00
    7  T  5  4 1  -1.90854E+00
    8  T  1  6 2  -1.83236E+00
    9  T  1  6 4  -1.78049E+00
   10  T  5  4 3  -1.46041E+00
   11  T  4  5 3  -1.39613E+00
   12  T  1  7 2  -1.34212E+00
   13  T  1  7 4  -1.30878E+00
   14  T 10  3 2  -1.28184E+00
   15  T  1  8 2  -1.02380E+00
   16  T  1  8 4  -1.00310E+00
   17  T  6  4 3  -9.27846E-01
   18  T  1  9 2  -8.06794E-01
   19  T  1  9 4  -7.90161E-01
   20  T  1 10 2  -6.52184E-01
   21  T  1 10 4  -6.40426E-01
    4    3    1   11
    1  0.000000E+00
    1  T  5  3 2  -4.97126E+00
    2  T  6  3 2  -4.49007E+00
    3  T  1  4 3  -3.96692E+00
    4  T  1  5 3  -2.55712E+00
    5  T  1  6 3  -1.77845E+00
    6  T  5  4 2  -1.58856E+00
    7  T  1  7 3  -1.30751E+00
    8  T  6  4 2  -1.11789E+00
    9  T  1  8 3  -9.98874E-01
   10  T  1  9 3  -7.90094E-01
   11  T  1 10 3  -6.40123E-01
    6    3    0    7
    4  1.164736E+00
    1  T  4  4 3  -2.84587E+00
    2  T  4  5 3  -1.40304E+00
    3  T  4  6 3  -6.18259E-01
    4  T  4  7 3  -1.44941E-01
    5  T  4  8 3   1.62235E-01
    6  T  4  9 3   3.72794E-01
    7  T  4 10 3   5.23375E-01
    2    4    0   19
    1  0.000000E+00
    1  T  2  3 2  -7.00820E+00
    2  T  2  4 2  -3.69437E+00
    3  T  1  5 4  -2.55915E+00
    4  T  2  5 2  -2.17656E+00
    5  T  2  5 4  -2.09667E+00
    6  T  1  6 4  -1.77770E+00
    7  T  3  5 4  -1.64842E+00
    8  T  5  4 3  -1.40714E+00
    9  T  2  6 2  -1.35941E+00
   10  T  2  6 4  -1.31449E+00
   11  T  1  7 4  -1.30536E+00
   12  T  1  8 4  -1.00347E+00
   13  T  6  4 3  -9.48611E-01
   14  T 11  3 2  -9.20712E-01
   15  T  2  7 2  -8.70320E-01
   16  T  3  6 4  -8.66029E-01
   17  T  2  7 4  -8.41060E-01
   18  T  2  7 6  -8.40164E-01
   19  T  1  9 4  -7.88580E-01
    2    4    1   17
    1  0.000000E+00
    1  T  5  3 2  -4.80351E+00
    2  T  1  4 3  -4.00320E+00
    3  T  2  4 3  -3.64304E+00
    4  T  7  3 2  -3.35260E+00
    5  T  1  5 3  -2.56561E+00
    6  T  2  5 3  -2.10128E+00
    7  T  1  6 3  -1.78196E+00
    8  T  1  6 5  -1.77780E+00
    9  T  5  4 2  -1.52658E+00
   10  T  2  6 3  -1.31806E+00
   11  T  2  6 5  -1.31181E+00
   12  T  1  8 3  -1.00183E+00
   13  T  1  8 5  -1.00005E+00
   14  T  2  7 3  -8.44863E-01
   15  T  2  7 5  -8.40175E-01
   16  T  1  9 3  -7.91461E-01
   17  T  1  9 5  -7.90177E-01
    4    4    0    7
    1  0.000000E+00
    1  T  1  5 4  -2.55932E+00
    2  T  1  6 4  -1.77790E+00
    3  T  5  4 3  -1.41553E+00
    4  T  1  7 4  -1.30557E+00
    5  T  1  8 4  -1.00402E+00
    6  T  6  4 3  -9.44854E-01
    7  T  1  9 4  -7.88647E-01
    4    4    1   15
    1  0.000000E+00
    1  T  5  3 2  -4.94745E+00
    2  T  1  4 3  -4.00501E+00
    3  T  1  5 3  -2.56895E+00
    4  T  1  6 3  -1.78532E+00
    5  T  1  6 5  -1.77784E+00
    6  T  5  4 2  -1.58005E+00
    7  T  4  5 4  -1.39531E+00
    8  T  1  7 3  -1.30955E+00
    9  T  1  7 5  -1.30620E+00
   10  T  1  8 3  -1.00272E+00
   11  T  1  8 5  -1.00008E+00
   12  T  1  9 3  -7.92166E-01
   13  T  1  9 5  -7.90196E-01
   14  T  1 10 3  -6.41552E-01
   15  T  1 10 5  -6.40063E-01
    6    4    1    6
    4  1.164736E+00
    1  T  4  5 4  -1.39547E+00
    2  T  4  6 4  -6.13255E-01
    3  T  4  7 4  -1.41572E-01
    4  T  4  8 4   1.64585E-01
    5  T  4  9 4   3.74488E-01
    6  T  4 10 4   5.24632E-01
    0    0    0    0
