   14    6    E
    1    0    1   11
    5  3.504384E+00
    1  T  5  3 1  -6.89230E+00
    2  T  7  3 2  -4.30176E+00
    3  T  5  4 1  -2.08347E+00
    4  T  7  4 2  -1.39268E-01
    5  T  5  5 1   3.22412E-02
    6  T  5  6 1   1.10832E+00
    7  T  5  7 1   1.75238E+00
    8  T  7  5 2   1.81018E+00
    9  T  5  8 1   2.17978E+00
   10  T  5  9 1   2.46298E+00
   11  T  5 10 1   2.66412E+00
    1    1    1   28
    1  0.000000E+00
    1  C  2  0 0  -2.13551E+01
    2  T  1  3 0  -1.08768E+01
    3  T  1  3 2  -9.07524E+00
    4  T  3  3 1  -7.50496E+00
    5  T  4  3 1  -6.80872E+00
    6  T  5  3 1  -6.30136E+00
    7  T  1  4 0  -5.75218E+00
    8  T  1  4 2  -5.10638E+00
    9  T  8  3 0  -4.82869E+00
   10  T  7  3 2  -4.10841E+00
   11  T  1  5 0  -3.60843E+00
   12  T  1  5 2  -3.26992E+00
   13  T  8  3 2  -3.10412E+00
   14  T  3  4 1  -2.89102E+00
   15  T  1  6 0  -2.46319E+00
   16  T  3  4 3  -2.44248E+00
   17  T  1  6 2  -2.27023E+00
   18  T  4  4 1  -2.19048E+00
   19  T  5  4 1  -1.89607E+00
   20  T  1  7 0  -1.76138E+00
   21  T  1  7 2  -1.66316E+00
   22  T  1  8 0  -1.34843E+00
   23  T  1  8 2  -1.27275E+00
   24  T  1  9 0  -1.05877E+00
   25  T  1  9 2  -1.00510E+00
   26  T  3  5 1  -8.96786E-01
   27  T  1 10 0  -8.52293E-01
   28  T  1 10 2  -8.13774E-01
    1    2    1   19
    1  0.000000E+00
    1  C  2  0 0  -2.18404E+01
    2  T  1  3 2  -9.50746E+00
    3  T  3  3 1  -7.66305E+00
    4  T  5  3 1  -6.42977E+00
    5  T  7  3 0  -5.48821E+00
    6  T  1  4 2  -5.26490E+00
    7  T  7  3 2  -3.97253E+00
    8  T  8  3 2  -3.47956E+00
    9  T  1  5 2  -3.34177E+00
   10  T  3  4 1  -2.93994E+00
   11  T  3  4 3  -2.48300E+00
   12  T  1  6 2  -2.30729E+00
   13  T  5  4 1  -1.94158E+00
   14  T  1  7 2  -1.68903E+00
   15  T  5  4 3  -1.57547E+00
   16  T  1  8 2  -1.28958E+00
   17  T  1  9 2  -1.01686E+00
   18  T  3  5 1  -9.45196E-01
   19  T  1 10 2  -8.22168E-01
    1    3    1   21
    1  0.000000E+00
    1  T  1  3 2  -9.09021E+00
    2  T  3  3 1  -7.56472E+00
    3  T  1  4 2  -5.11210E+00
    4  T  7  3 2  -3.87272E+00
    5  T  8  3 2  -3.37286E+00
    6  T  1  5 2  -3.27218E+00
    7  T  1  5 4  -3.23973E+00
    8  T  3  4 1  -2.94528E+00
    9  T  3  4 3  -2.51426E+00
   10  T  1  6 2  -2.26823E+00
   11  T  1  6 4  -2.25310E+00
   12  T  4  4 3  -1.77907E+00
   13  T  1  7 2  -1.66493E+00
   14  T  1  7 4  -1.65663E+00
   15  T  5  4 3  -1.52242E+00
   16  T  1  8 2  -1.27352E+00
   17  T  1  8 4  -1.26175E+00
   18  T  1  9 2  -1.00570E+00
   19  T  1  9 4  -9.98620E-01
   20  T  3  5 1  -9.21353E-01
   21  T  1 10 2  -8.13962E-01
    1    4    1    9
    1  0.000000E+00
    1  T  7  3 2  -4.26356E+00
    2  T  1  5 4  -3.24811E+00
    3  T  3  4 3  -2.53936E+00
    4  T  1  6 4  -2.25595E+00
    5  T  1  7 4  -1.67134E+00
    6  T  5  4 3  -1.55751E+00
    7  T  1  8 4  -1.26411E+00
    8  T  1  9 4  -1.00022E+00
    9  T  1 10 4  -8.10607E-01
    1    5    1   10
    1  0.000000E+00
    1  T  1  5 4  -3.24182E+00
    2  T  3  4 3  -2.52467E+00
    3  T  1  6 4  -2.24590E+00
    4  T  1  7 6  -1.65316E+00
    5  T  1  7 4  -1.65245E+00
    6  T  1  8 6  -1.26584E+00
    7  T  1  8 4  -1.26584E+00
    8  T  1  9 4  -1.00030E+00
    9  T  1  9 6  -9.99916E-01
   10  T  1 10 4  -8.10560E-01
    1    6    1    4
    1  0.000000E+00
    1  T  1  7 6  -1.65313E+00
    2  T  1  8 6  -1.26571E+00
    3  T  1  9 6  -1.00008E+00
    4  T  1 10 6  -8.10066E-01
    3    0    1   16
    1  1.383966E+00
    1  C  2  0 0  -2.17750E+01
    2  T  2  3 1  -8.97832E+00
    3  T  5  3 1  -6.61269E+00
    4  T  6  3 0  -5.94879E+00
    5  T  2  4 1  -4.16720E+00
    6  T  7  3 2  -3.90585E+00
    7  T  2  5 1  -2.12087E+00
    8  T  5  4 1  -1.95177E+00
    9  T  6  4 0  -1.21543E+00
   10  T  2  6 1  -9.80721E-01
   11  T  2  7 1  -3.54000E-01
   12  T  7  4 2  -1.43063E-02
   13  T  2  8 1   5.99631E-02
   14  T  5  5 1   1.14116E-01
   15  T  2  9 1   3.43763E-01
   16  T  2 10 1   5.44217E-01
    3    1    1   32
    1  0.000000E+00
    1  C  2  0 0  -2.27366E+01
    2  T  1  3 0  -1.10108E+01
    3  T  1  3 2  -9.29889E+00
    4  T  2  3 1  -8.48584E+00
    5  T  3  3 1  -7.41969E+00
    6  T  4  3 1  -6.85524E+00
    7  T  5  3 1  -6.67357E+00
    8  T  1  4 0  -5.81665E+00
    9  T  1  4 2  -5.19550E+00
   10  T  8  3 0  -4.98051E+00
   11  T  2  4 1  -4.01469E+00
   12  T  7  3 2  -3.98998E+00
   13  T  1  5 0  -3.62969E+00
   14  T  8  3 2  -3.53161E+00
   15  T  1  5 2  -3.31271E+00
   16  T  3  4 1  -2.91592E+00
   17  T  3  4 3  -2.47624E+00
   18  T  1  6 0  -2.46931E+00
   19  T  1  6 2  -2.29405E+00
   20  T  4  4 1  -2.21915E+00
   21  T  2  5 1  -2.03439E+00
   22  T  5  4 1  -1.98889E+00
   23  T  1  7 0  -1.77950E+00
   24  T  1  7 2  -1.67886E+00
   25  T  1  8 0  -1.35382E+00
   26  T  1  8 2  -1.28293E+00
   27  T  1  9 0  -1.06316E+00
   28  T  1  9 2  -1.01214E+00
   29  T  2  6 1  -9.74317E-01
   30  T  3  5 1  -8.97403E-01
   31  T  1 10 0  -8.50133E-01
   32  T  1 10 2  -8.18793E-01
    3    2    1   27
    1  0.000000E+00
    1  C  2  0 0  -2.32155E+01
    2  T  1  3 2  -9.34465E+00
    3  T  2  3 1  -8.62033E+00
    4  T  3  3 1  -7.54940E+00
    5  T  5  3 1  -6.75189E+00
    6  T  7  3 0  -5.64176E+00
    7  T  1  4 2  -5.20646E+00
    8  T  6  3 2  -4.71364E+00
    9  T  7  3 2  -4.12671E+00
   10  T  2  4 1  -4.04314E+00
   11  T  2  4 3  -3.66759E+00
   12  T  8  3 2  -3.45130E+00
   13  T  1  5 2  -3.31460E+00
   14  T  3  4 1  -2.96119E+00
   15  T  3  4 3  -2.50474E+00
   16  T  1  6 2  -2.29441E+00
   17  T  2  5 1  -2.05639E+00
   18  T  5  4 1  -2.02111E+00
   19  T  2  5 3  -1.86169E+00
   20  T  1  7 2  -1.67989E+00
   21  T  5  4 3  -1.57236E+00
   22  T  1  8 2  -1.28348E+00
   23  T  1  9 2  -1.01258E+00
   24  T  2  6 1  -9.93022E-01
   25  T  3  5 1  -9.15669E-01
   26  T  2  6 3  -8.75465E-01
   27  T  1 10 2  -8.19107E-01
    3    3    1   24
    1  0.000000E+00
    1  T  1  3 2  -9.49897E+00
    2  T  3  3 1  -7.66020E+00
    3  T  1  4 2  -5.26489E+00
    4  T  7  3 2  -4.33391E+00
    5  T  2  4 3  -3.66471E+00
    6  T  8  3 2  -3.59951E+00
    7  T  1  5 2  -3.34409E+00
    8  T  1  5 4  -3.24028E+00
    9  T  3  4 1  -2.97980E+00
   10  T  3  4 3  -2.53959E+00
   11  T  1  6 2  -2.30902E+00
   12  T  1  6 4  -2.25342E+00
   13  T  2  5 3  -1.84677E+00
   14  T  4  4 3  -1.79133E+00
   15  T  1  7 2  -1.69013E+00
   16  T  1  7 4  -1.65707E+00
   17  T  5  4 3  -1.52803E+00
   18  T  1  8 2  -1.28981E+00
   19  T  1  8 4  -1.26192E+00
   20  T  1  9 2  -1.01710E+00
   21  T  1  9 4  -9.98704E-01
   22  T  3  5 1  -9.36364E-01
   23  T  2  6 3  -8.60870E-01
   24  T  1 10 2  -8.22114E-01
    3    4    1   13
    1  0.000000E+00
    1  T  7  3 2  -4.29163E+00
    2  T  2  4 3  -3.69008E+00
    3  T  1  5 4  -3.24811E+00
    4  T  3  4 3  -2.55417E+00
    5  T  1  6 4  -2.25583E+00
    6  T  2  5 3  -1.86279E+00
    7  T  1  7 4  -1.67135E+00
    8  T  5  4 3  -1.55993E+00
    9  T  1  8 4  -1.26418E+00
   10  T  1  9 4  -1.00024E+00
   11  T  2  6 3  -8.70376E-01
   12  T  2  6 5  -8.66472E-01
   13  T  1 10 4  -8.10654E-01
    3    5    1   11
    1  0.000000E+00
    1  T  1  5 4  -3.24225E+00
    2  T  3  4 3  -2.53189E+00
    3  T  1  6 4  -2.24590E+00
    4  T  1  7 6  -1.65318E+00
    5  T  1  7 4  -1.65257E+00
    6  T  1  8 4  -1.26591E+00
    7  T  1  8 6  -1.26549E+00
    8  T  1  9 4  -1.00042E+00
    9  T  1  9 6  -9.99943E-01
   10  T  2  6 5  -8.65516E-01
   11  T  1 10 4  -8.10747E-01
    3    6    1    5
    1  0.000000E+00
    1  T  1  7 6  -1.65313E+00
    2  T  1  8 6  -1.26571E+00
    3  T  1  9 6  -1.00008E+00
    4  T  2  6 5  -8.66293E-01
    5  T  1 10 6  -8.10066E-01
    5    0    1   11
    2  1.383966E+00
    1  C  2  0 0  -2.45346E+01
    2  T  2  3 1  -8.56756E+00
    3  T  6  3 0  -6.35812E+00
    4  T  2  4 1  -4.06518E+00
    5  T  2  5 1  -2.05594E+00
    6  T  6  4 0  -1.29410E+00
    7  T  2  6 1  -9.77328E-01
    8  T  2  7 1  -3.39368E-01
    9  T  2  8 1   7.15686E-02
   10  T  2  9 1   3.51278E-01
   11  T  2 10 1   5.50202E-01
    5    1    1    8
    2  1.383966E+00
    1  T  2  3 1  -8.81056E+00
    2  T  2  4 1  -4.14209E+00
    3  T  2  5 1  -2.08939E+00
    4  T  2  6 1  -9.98279E-01
    5  T  2  7 1  -3.50893E-01
    6  T  2  8 1   6.42634E-02
    7  T  2  9 1   3.46348E-01
    8  T  2 10 1   5.46736E-01
    5    2    1   17
    2  1.383966E+00
    1  T  2  3 1  -8.88929E+00
    2  T  6  3 2  -4.96177E+00
    3  T  2  4 1  -4.16300E+00
    4  T  2  4 3  -3.68723E+00
    5  T  2  5 1  -2.10145E+00
    6  T  2  5 3  -1.86736E+00
    7  T  2  6 1  -1.00743E+00
    8  T  2  6 3  -8.77099E-01
    9  T  6  4 2  -7.33985E-01
   10  T  2  7 1  -3.53427E-01
   11  T  2  7 3  -2.73228E-01
   12  T  2  8 1   6.21258E-02
   13  T  2  8 3   1.15156E-01
   14  T  2  9 1   3.44759E-01
   15  T  2  9 3   3.81585E-01
   16  T  2 10 1   5.45536E-01
   17  T  2 10 3   5.72154E-01
    5    3    1    7
    2  1.383966E+00
    1  T  2  4 3  -3.67104E+00
    2  T  2  5 3  -1.85708E+00
    3  T  2  6 3  -8.67530E-01
    4  T  2  7 3  -2.70345E-01
    5  T  2  8 3   1.17366E-01
    6  T  2  9 3   3.83211E-01
    7  T  2 10 3   5.73377E-01
    5    4    1   12
    2  1.383966E+00
    1  T  2  4 3  -3.70373E+00
    2  T  2  5 3  -1.87129E+00
    3  T  2  6 3  -8.75637E-01
    4  T  2  6 5  -8.66510E-01
    5  T  2  7 3  -2.75436E-01
    6  T  2  7 5  -2.69620E-01
    7  T  2  8 3   1.13960E-01
    8  T  2  8 5   1.17875E-01
    9  T  2  9 3   3.80822E-01
   10  T  2  9 5   3.83570E-01
   11  T  2 10 3   5.71637E-01
   12  T  2 10 5   5.73630E-01
    1    0    0   15
    1  0.000000E+00
    1  C  1  0 0  -2.48349E+01
    2  C  3  0 0  -1.84239E+01
    3  T  1  3 1  -9.65570E+00
    4  T  4  3 0  -7.43645E+00
    5  T  3  3 2  -6.38927E+00
    6  T  1  4 1  -5.33178E+00
    7  T  8  3 1  -3.63157E+00
    8  T  1  5 1  -3.38566E+00
    9  T  3  4 2  -2.55782E+00
   10  T  4  4 0  -2.41472E+00
   11  T  1  6 1  -2.32897E+00
   12  T  1  7 1  -1.70526E+00
   13  T  1  8 1  -1.30063E+00
   14  T  1  9 1  -1.02464E+00
   15  T  1 10 1  -8.28255E-01
    1    1    0   16
    1  0.000000E+00
    1  T  1  3 1  -1.03910E+01
    2  T  5  3 0  -7.33317E+00
    3  T  3  3 2  -6.53840E+00
    4  T  5  3 2  -5.89970E+00
    5  T  1  4 1  -5.56209E+00
    6  T  7  3 1  -5.05179E+00
    7  T  8  3 1  -4.25933E+00
    8  T  1  5 1  -3.50314E+00
    9  T  3  4 2  -2.56087E+00
   10  T  1  6 1  -2.41590E+00
   11  T  5  4 0  -2.25297E+00
   12  T  1  7 1  -1.75587E+00
   13  T  5  4 2  -1.71387E+00
   14  T  1  8 1  -1.32367E+00
   15  T  1  9 1  -1.04106E+00
   16  T  1 10 1  -8.40216E-01
    1    2    0   27
    1  0.000000E+00
    1  C  1  0 0  -2.53416E+01
    2  C  3  0 0  -1.93587E+01
    3  T  1  3 1  -9.92026E+00
    4  T  3  3 0  -8.16066E+00
    5  T  3  3 2  -6.58903E+00
    6  T  4  3 2  -5.96704E+00
    7  T  5  3 2  -5.59386E+00
    8  T  1  4 1  -5.37644E+00
    9  T  1  4 3  -5.00767E+00
   10  T  7  3 1  -4.49718E+00
   11  T  8  3 1  -4.05857E+00
   12  T  1  5 1  -3.43142E+00
   13  T  1  5 3  -3.23078E+00
   14  T  3  4 0  -3.18273E+00
   15  T  3  4 2  -2.59150E+00
   16  T  1  6 1  -2.35922E+00
   17  T  1  6 3  -2.24786E+00
   18  T  4  4 2  -1.87736E+00
   19  T  1  7 1  -1.72762E+00
   20  T  1  7 3  -1.65630E+00
   21  T  5  4 2  -1.57745E+00
   22  T  1  8 1  -1.30839E+00
   23  T  1  8 3  -1.26264E+00
   24  T  3  5 0  -1.04791E+00
   25  T  1  9 1  -1.02864E+00
   26  T  1  9 3  -9.98460E-01
   27  T  1 10 1  -8.32425E-01
    1    3    0   12
    1  0.000000E+00
    1  T  3  3 2  -6.79656E+00
    2  T  5  3 2  -5.76092E+00
    3  T  1  4 3  -5.05707E+00
    4  T  7  3 1  -4.93409E+00
    5  T  1  5 3  -3.25267E+00
    6  T  3  4 2  -2.64141E+00
    7  T  1  6 3  -2.26116E+00
    8  T  5  4 2  -1.69646E+00
    9  T  1  7 3  -1.62938E+00
   10  T  1  8 3  -1.26790E+00
   11  T  1  9 3  -1.00227E+00
   12  T  1 10 3  -8.11878E-01
    1    4    0   12
    1  0.000000E+00
    1  T  3  3 2  -6.70715E+00
    2  T  1  4 3  -5.06087E+00
    3  T  1  5 3  -3.24167E+00
    4  T  3  4 2  -2.63531E+00
    5  T  1  6 3  -2.25139E+00
    6  T  1  6 5  -2.24976E+00
    7  T  1  7 3  -1.65408E+00
    8  T  1  7 5  -1.65292E+00
    9  T  1  8 3  -1.26638E+00
   10  T  1  8 5  -1.26557E+00
   11  T  1  9 3  -1.00056E+00
   12  T  1  9 5  -9.99996E-01
    1    5    0    5
    1  0.000000E+00
    1  T  1  6 5  -2.25070E+00
    2  T  1  7 5  -1.65382E+00
    3  T  1  8 5  -1.26630E+00
    4  T  1  9 5  -1.00058E+00
    5  T  1 10 5  -8.10578E-01
    1    6    0    5
    1  0.000000E+00
    1  T  1  6 5  -2.24997E+00
    2  T  1  7 5  -1.65308E+00
    3  T  1  8 5  -1.26569E+00
    4  T  1  9 5  -1.00014E+00
    5  T  1 10 5  -8.10331E-01
    3    0    0   13
    1  0.000000E+00
    1  T  1  3 1  -1.02084E+01
    2  T  4  3 0  -7.65042E+00
    3  T  3  3 2  -6.58741E+00
    4  T  1  4 1  -5.51525E+00
    5  T  8  3 1  -4.36707E+00
    6  T  1  5 1  -3.47694E+00
    7  T  3  4 2  -2.62278E+00
    8  T  4  4 0  -2.52801E+00
    9  T  1  6 1  -2.36299E+00
   10  T  1  7 1  -1.73292E+00
   11  T  1  8 1  -1.31922E+00
   12  T  1  9 1  -1.03770E+00
   13  T  1 10 1  -8.37975E-01
    3    1    0   28
    1  0.000000E+00
    1  C  1  0 0  -2.57896E+01
    2  C  3  0 0  -1.97493E+01
    3  T  1  3 1  -1.01481E+01
    4  T  2  3 0  -9.20820E+00
    5  T  2  3 2  -7.91355E+00
    6  T  5  3 0  -7.43382E+00
    7  T  3  3 2  -6.65202E+00
    8  T  5  3 2  -5.78503E+00
    9  T  1  4 1  -5.48837E+00
   10  T  6  3 1  -5.45472E+00
   11  T  7  3 1  -4.66246E+00
   12  T  2  4 0  -4.32084E+00
   13  T  8  3 1  -4.14390E+00
   14  T  2  4 2  -3.79461E+00
   15  T  1  5 1  -3.45544E+00
   16  T  3  4 2  -2.62613E+00
   17  T  1  6 1  -2.38394E+00
   18  T  5  4 0  -2.29367E+00
   19  T  2  5 0  -2.18604E+00
   20  T  2  5 2  -1.92093E+00
   21  T  1  7 1  -1.73442E+00
   22  T  5  4 2  -1.66786E+00
   23  T  1  8 1  -1.31543E+00
   24  T  2  6 0  -1.06947E+00
   25  T  1  9 1  -1.03171E+00
   26  T  2  6 2  -9.18848E-01
   27  T  6  4 1  -8.88870E-01
   28  T  1 10 1  -8.35643E-01
    3    2    0   29
    1  0.000000E+00
    1  T  1  3 1  -1.03053E+01
    2  T  3  3 0  -8.39741E+00
    3  T  2  3 2  -7.56559E+00
    4  T  3  3 2  -6.79722E+00
    5  T  4  3 2  -6.09047E+00
    6  T  5  3 2  -5.92564E+00
    7  T  1  4 1  -5.53038E+00
    8  T  1  4 3  -5.04664E+00
    9  T  7  3 1  -5.01848E+00
   10  T  8  3 1  -4.31558E+00
   11  T  2  4 2  -3.67573E+00
   12  T  1  5 1  -3.49692E+00
   13  T  3  4 0  -3.26959E+00
   14  T  1  5 3  -3.23520E+00
   15  T  3  4 2  -2.66461E+00
   16  T  1  6 1  -2.38969E+00
   17  T  1  6 3  -2.25150E+00
   18  T  4  4 2  -1.94828E+00
   19  T  2  5 2  -1.85269E+00
   20  T  1  7 1  -1.75830E+00
   21  T  5  4 2  -1.70238E+00
   22  T  1  7 3  -1.64386E+00
   23  T  1  8 1  -1.32174E+00
   24  T  1  8 3  -1.26453E+00
   25  T  3  5 0  -1.08354E+00
   26  T  1  9 1  -1.03650E+00
   27  T  1  9 3  -9.99718E-01
   28  T  2  6 2  -8.70513E-01
   29  T  1 10 1  -8.38538E-01
    3    3    0   18
    1  0.000000E+00
    1  T  2  3 2  -7.79376E+00
    2  T  3  3 2  -6.88463E+00
    3  T  5  3 2  -6.03530E+00
    4  T  1  4 3  -5.07081E+00
    5  T  7  3 1  -4.97214E+00
    6  T  2  4 2  -3.74494E+00
    7  T  1  5 3  -3.25163E+00
    8  T  3  4 2  -2.70643E+00
    9  T  1  6 3  -2.25943E+00
   10  T  2  5 2  -1.89071E+00
   11  T  2  5 4  -1.86191E+00
   12  T  5  4 2  -1.76089E+00
   13  T  1  7 3  -1.65161E+00
   14  T  1  8 3  -1.26844E+00
   15  T  1  9 3  -1.00248E+00
   16  T  2  6 2  -8.95896E-01
   17  T  2  6 4  -8.75637E-01
   18  T  1 10 3  -8.12764E-01
    3    4    0   16
    1  0.000000E+00
    1  T  3  3 2  -6.90016E+00
    2  T  1  4 3  -5.06501E+00
    3  T  1  5 3  -3.24790E+00
    4  T  3  4 2  -2.70447E+00
    5  T  1  6 3  -2.25381E+00
    6  T  1  6 5  -2.24984E+00
    7  T  2  5 4  -1.85159E+00
    8  T  1  7 3  -1.65629E+00
    9  T  1  7 5  -1.65297E+00
   10  T  1  8 3  -1.26810E+00
   11  T  1  8 5  -1.26560E+00
   12  T  1  9 3  -1.00203E+00
   13  T  1  9 5  -1.00002E+00
   14  T  2  6 4  -8.63373E-01
   15  T  1 10 3  -8.13930E-01
   16  T  1 10 5  -8.10061E-01
    3    5    0    7
    1  0.000000E+00
    1  T  1  6 5  -2.25070E+00
    2  T  2  5 4  -1.85813E+00
    3  T  1  7 5  -1.65382E+00
    4  T  1  8 5  -1.26630E+00
    5  T  1  9 5  -1.00058E+00
    6  T  2  6 4  -8.67651E-01
    7  T  1 10 5  -8.10579E-01
    3    6    0    5
    1  0.000000E+00
    1  T  1  6 5  -2.24997E+00
    2  T  1  7 5  -1.65308E+00
    3  T  1  8 5  -1.26570E+00
    4  T  1  9 5  -1.00015E+00
    5  T  1 10 5  -8.10338E-01
    5    1    0   18
    2  1.383966E+00
    1  T  2  3 0  -9.60778E+00
    2  T  2  3 2  -7.93635E+00
    3  T  6  3 1  -5.67453E+00
    4  T  2  4 0  -4.45405E+00
    5  T  2  4 2  -3.81407E+00
    6  T  2  5 0  -2.24094E+00
    7  T  2  5 2  -1.92846E+00
    8  T  2  6 0  -1.09465E+00
    9  T  6  4 1  -1.00592E+00
   10  T  2  6 2  -9.03960E-01
   11  T  2  7 0  -4.02758E-01
   12  T  2  7 2  -2.94643E-01
   13  T  2  8 0   2.94671E-02
   14  T  2  8 2   1.01245E-01
   15  T  2  9 0   3.21947E-01
   16  T  2  9 2   3.71976E-01
   17  T  2 10 0   5.28967E-01
   18  T  2 10 2   5.65228E-01
    5    2    0    8
    2  1.383966E+00
    1  T  2  3 2  -8.04981E+00
    2  T  2  4 2  -3.86089E+00
    3  T  2  5 2  -1.95111E+00
    4  T  2  6 2  -9.20387E-01
    5  T  2  7 2  -3.02850E-01
    6  T  2  8 2   9.59503E-02
    7  T  2  9 2   3.68344E-01
    8  T  2 10 2   5.62627E-01
    5    3    0   15
    2  1.383966E+00
    1  T  2  3 2  -8.15780E+00
    2  T  2  4 2  -3.89569E+00
    3  T  2  5 2  -1.96650E+00
    4  T  2  5 4  -1.86200E+00
    5  T  2  6 2  -9.28919E-01
    6  T  2  6 4  -8.75736E-01
    7  T  6  4 3  -5.64410E-01
    8  T  2  7 2  -3.07685E-01
    9  T  2  7 4  -2.66409E-01
   10  T  2  8 2   9.26885E-02
   11  T  2  8 4   1.18195E-01
   12  T  2  9 2   3.66063E-01
   13  T  2  9 4   3.83491E-01
   14  T  2 10 2   5.60971E-01
   15  T  2 10 4   5.73465E-01
    5    4    0    5
    2  1.383966E+00
    1  T  2  5 4  -1.85191E+00
    2  T  2  6 4  -8.63682E-01
    3  T  2  7 4  -2.67810E-01
    4  T  2  8 4   1.19110E-01
    5  T  2  9 4   3.84466E-01
    5    5    0    8
    2  1.383966E+00
    1  T  2  5 4  -1.85839E+00
    2  T  2  6 4  -8.67907E-01
    3  T  2  7 4  -2.70570E-01
    4  T  2  7 6  -2.69117E-01
    5  T  2  8 4   1.17233E-01
    6  T  2  8 6   1.18314E-01
    7  T  2  9 4   3.83136E-01
    8  T  2  9 6   3.83937E-01
    0    0    0    0
