   14    9    E
    2    0    0   16
    2  4.063320E-01
    1  C  2  0 0  -1.14135E+01
    2  T  3  3 0  -5.08595E+00
    3  T  2  3 2  -3.79712E+00
    4  T  3  4 0  -2.10896E+00
    5  T  2  4 2  -1.93598E+00
    6  T  4  3 1  -1.56262E+00
    7  T  2  5 2  -1.08064E+00
    8  T  3  5 0  -9.12752E-01
    9  T  2  6 2  -6.21732E-01
   10  T  5  4 1  -5.40055E-01
   11  T  2  7 2  -3.46528E-01
   12  T  3  6 0  -3.10163E-01
   13  T  2  8 2  -1.67930E-01
   14  T  2  9 2  -4.65902E-02
   15  T  3  7 0   2.90025E-02
   16  T  2 10 2   4.07581E-02
    2    1    0   22
    1  0.000000E+00
    1  T  1  3 0  -5.89090E+00
    2  T  1  3 2  -4.12834E+00
    3  T  2  3 2  -3.77541E+00
    4  T  1  4 0  -2.96541E+00
    5  T  1  4 2  -2.30976E+00
    6  T  2  4 2  -1.93621E+00
    7  T  1  5 0  -1.80716E+00
    8  T  4  3 1  -1.76650E+00
    9  T  1  5 2  -1.46799E+00
   10  T  1  6 0  -1.19483E+00
   11  T  2  5 2  -1.08735E+00
   12  T  1  6 2  -1.01360E+00
   13  T  1  7 0  -8.54997E-01
   14  T  1  7 2  -7.46680E-01
   15  T  1  8 0  -6.42258E-01
   16  T  2  6 2  -6.25055E-01
   17  T  1  8 2  -5.70062E-01
   18  T  5  3 1  -5.28027E-01
   19  T  1  9 0  -4.97754E-01
   20  T  1  9 2  -4.49762E-01
   21  T  1 10 0  -3.99422E-01
   22  T  1 10 2  -3.65238E-01
    2    2    0   21
    1  0.000000E+00
    1  T  2  3 0  -5.57216E+00
    2  T  1  3 2  -4.13126E+00
    3  T  2  3 2  -3.75896E+00
    4  T  3  3 2  -3.31378E+00
    5  T  2  4 0  -2.58772E+00
    6  T  1  4 2  -2.30392E+00
    7  T  2  4 2  -1.93146E+00
    8  T  4  3 1  -1.81042E+00
    9  T  1  5 2  -1.47819E+00
   10  T  3  4 2  -1.44826E+00
   11  T  2  5 0  -1.39326E+00
   12  T  2  5 2  -1.08309E+00
   13  T  1  6 2  -1.01210E+00
   14  T  2  6 0  -7.98931E-01
   15  T  1  7 2  -7.44987E-01
   16  T  2  6 2  -6.26731E-01
   17  T  3  5 2  -6.04963E-01
   18  T  1  8 2  -5.66480E-01
   19  T  2  7 0  -4.49459E-01
   20  T  1  9 2  -4.48836E-01
   21  T  1 10 2  -3.64212E-01
    2    3    0   12
    1  0.000000E+00
    1  T  1  3 2  -4.18534E+00
    2  T  2  3 2  -3.76242E+00
    3  T  1  4 2  -2.34044E+00
    4  T  2  4 2  -1.93236E+00
    5  T  1  5 2  -1.48793E+00
    6  T  2  5 2  -1.08135E+00
    7  T  1  6 2  -1.02808E+00
    8  T  1  7 2  -7.52728E-01
    9  T  2  6 2  -6.21793E-01
   10  T  1  8 2  -5.74600E-01
   11  T  1  9 2  -4.53021E-01
   12  T  1 10 2  -3.66312E-01
    2    4    0    4
    1  0.000000E+00
    1  T  2  3 2  -3.85641E+00
    2  T  2  4 2  -1.96279E+00
    3  T  2  5 2  -1.09590E+00
    4  T  2  6 2  -6.30057E-01
    2    0    1    8
    1  0.000000E+00
    1  T  1  3 1  -5.11572E+00
    2  T  1  4 1  -2.67897E+00
    3  T  1  5 1  -1.65047E+00
    4  T  1  6 1  -1.11884E+00
    5  T  1  7 1  -8.08331E-01
    6  T  1  8 1  -6.11265E-01
    7  T  1  9 1  -4.78399E-01
    8  T  1 10 1  -3.84587E-01
    2    1    1   23
    1  0.000000E+00
    1  C  1  0 0  -1.50731E+01
    2  T  1  3 1  -5.12580E+00
    3  T  2  3 1  -4.58740E+00
    4  T  3  3 1  -4.28915E+00
    5  T  1  4 1  -2.62961E+00
    6  T  4  3 0  -2.50983E+00
    7  T  2  4 1  -2.23073E+00
    8  T  2  4 3  -1.86420E+00
    9  T  3  4 1  -1.80981E+00
   10  T  1  5 1  -1.61960E+00
   11  T  5  3 0  -1.33954E+00
   12  T  2  5 1  -1.22825E+00
   13  T  1  6 1  -1.09215E+00
   14  T  2  5 3  -1.04671E+00
   15  T  1  7 1  -8.02065E-01
   16  T  3  5 1  -7.70455E-01
   17  T  4  3 2  -7.48347E-01
   18  T  2  6 1  -7.10647E-01
   19  T  2  6 3  -6.03099E-01
   20  T  1  8 1  -6.01138E-01
   21  T  1  9 1  -4.73552E-01
   22  T  2  7 1  -4.04280E-01
   23  T  1 10 1  -3.78245E-01
    2    2    1   23
    1  0.000000E+00
    1  T  1  3 1  -5.15982E+00
    2  T  2  3 1  -4.73479E+00
    3  T  1  4 1  -2.69001E+00
    4  T  2  4 1  -2.28052E+00
    5  T  1  4 3  -2.24810E+00
    6  T  2  4 3  -1.85252E+00
    7  T  1  5 1  -1.65608E+00
    8  T  1  5 3  -1.44109E+00
    9  T  2  5 1  -1.24803E+00
   10  T  1  6 1  -1.12259E+00
   11  T  2  5 3  -1.04091E+00
   12  T  1  6 3  -1.00421E+00
   13  T  4  3 2  -8.33005E-01
   14  T  1  7 1  -8.03231E-01
   15  T  1  7 3  -7.28641E-01
   16  T  2  6 1  -7.14649E-01
   17  T  1  8 1  -6.11847E-01
   18  T  2  6 3  -5.98518E-01
   19  T  1  8 3  -5.61007E-01
   20  T  1  9 1  -4.78962E-01
   21  T  1  9 3  -4.43729E-01
   22  T  2  7 1  -4.03370E-01
   23  T  1 10 1  -3.84994E-01
    2    3    1   18
    1  0.000000E+00
    1  T  2  3 1  -4.82983E+00
    2  T  2  4 1  -2.30908E+00
    3  T  1  4 3  -2.26148E+00
    4  T  2  4 3  -1.84328E+00
    5  T  1  5 3  -1.44911E+00
    6  T  3  4 3  -1.36713E+00
    7  T  2  5 1  -1.26149E+00
    8  T  2  5 3  -1.03494E+00
    9  T  1  6 3  -1.01218E+00
   10  T  4  3 2  -8.65773E-01
   11  T  1  7 3  -7.30854E-01
   12  T  2  6 1  -7.22248E-01
   13  T  2  6 3  -5.95688E-01
   14  T  1  8 3  -5.62168E-01
   15  T  3  5 3  -5.55676E-01
   16  T  1  9 3  -4.44586E-01
   17  T  2  7 1  -4.08039E-01
   18  T  1 10 3  -3.60221E-01
    2    4    1   10
    1  0.000000E+00
    1  T  1  4 3  -2.25109E+00
    2  T  2  4 3  -1.84024E+00
    3  T  1  5 3  -1.44145E+00
    4  T  2  5 3  -1.03276E+00
    5  T  1  6 3  -1.00122E+00
    6  T  1  7 3  -7.35605E-01
    7  T  2  6 3  -5.93338E-01
    8  T  1  8 3  -5.63166E-01
    9  T  1  9 3  -4.44938E-01
   10  T  1 10 3  -3.60373E-01
    2    5    1    3
    1  0.000000E+00
    1  T  2  4 3  -1.85303E+00
    2  T  2  5 3  -1.03974E+00
    3  T  2  6 3  -5.97585E-01
    4    0    0    8
    4  3.308255E+00
    1  T  4  3 1  -2.02503E+00
    2  T  4  4 1   5.64632E-01
    3  T  4  5 1   1.62752E+00
    4  T  4  6 1   2.17284E+00
    5  T  4  7 1   2.48987E+00
    6  T  4  8 1   2.69044E+00
    7  T  4  9 1   2.82535E+00
    8  T  4 10 1   2.92043E+00
    4    1    0   17
    1  0.000000E+00
    1  T  1  3 0  -6.02271E+00
    2  T  1  3 2  -4.18758E+00
    3  T  1  4 0  -3.01060E+00
    4  T  1  4 2  -2.34655E+00
    5  T  1  5 0  -1.86437E+00
    6  T  4  3 1  -1.76492E+00
    7  T  1  5 2  -1.49013E+00
    8  T  1  6 0  -1.20305E+00
    9  T  1  6 2  -1.02983E+00
   10  T  1  7 0  -8.60189E-01
   11  T  1  7 2  -7.53723E-01
   12  T  1  8 0  -6.45310E-01
   13  T  1  8 2  -5.75344E-01
   14  T  1  9 0  -5.01922E-01
   15  T  1  9 2  -4.53509E-01
   16  T  1 10 0  -4.01509E-01
   17  T  1 10 2  -3.66629E-01
    4    2    0    9
    1  0.000000E+00
    1  T  1  3 2  -4.32388E+00
    2  T  1  4 2  -2.39271E+00
    3  T  4  3 1  -1.90579E+00
    4  T  1  5 2  -1.51221E+00
    5  T  1  6 2  -1.04227E+00
    6  T  1  7 2  -7.61412E-01
    7  T  1  8 2  -5.80428E-01
    8  T  1  9 2  -4.57045E-01
    9  T  1 10 2  -3.69188E-01
    4    3    0    8
    1  0.000000E+00
    1  T  1  3 2  -4.23158E+00
    2  T  1  4 2  -2.36071E+00
    3  T  1  5 2  -1.49827E+00
    4  T  1  5 4  -1.43964E+00
    5  T  1  6 2  -1.03419E+00
    6  T  1  7 4  -7.34498E-01
    7  T  1  8 4  -5.62365E-01
    8  T  1  9 4  -4.44349E-01
    4    0    1    8
    1  0.000000E+00
    1  T  1  3 1  -5.11023E+00
    2  T  1  4 1  -2.67700E+00
    3  T  1  5 1  -1.64953E+00
    4  T  1  6 1  -1.11832E+00
    5  T  1  7 1  -8.08011E-01
    6  T  1  8 1  -6.11056E-01
    7  T  1  9 1  -4.78254E-01
    8  T  1 10 1  -3.84483E-01
    4    1    1   10
    1  0.000000E+00
    1  T  1  3 1  -5.32670E+00
    2  T  1  4 1  -2.80420E+00
    3  T  4  3 0  -2.60046E+00
    4  T  1  5 1  -1.67677E+00
    5  T  1  6 1  -1.13579E+00
    6  T  4  3 2  -1.00073E+00
    7  T  1  7 1  -8.17095E-01
    8  T  1  8 1  -6.17390E-01
    9  T  1  9 1  -4.82738E-01
   10  T  1 10 1  -3.87762E-01
    4    2    1   15
    1  0.000000E+00
    1  T  1  3 1  -5.22838E+00
    2  T  1  4 1  -2.71422E+00
    3  T  1  4 3  -2.25036E+00
    4  T  1  5 1  -1.66771E+00
    5  T  1  5 3  -1.44368E+00
    6  T  1  6 1  -1.12951E+00
    7  T  1  6 3  -1.01004E+00
    8  T  4  3 2  -8.73560E-01
    9  T  1  7 1  -8.10268E-01
   10  T  1  7 3  -7.29032E-01
   11  T  1  8 1  -6.14256E-01
   12  T  1  8 3  -5.60926E-01
   13  T  1  9 1  -4.80610E-01
   14  T  1  9 3  -4.43728E-01
   15  T  1 10 1  -3.86219E-01
    4    3    1    8
    1  0.000000E+00
    1  T  1  4 3  -2.26636E+00
    2  T  1  5 3  -1.45476E+00
    3  T  1  6 3  -1.03432E+00
    4  T  4  3 2  -9.37032E-01
    5  T  1  7 3  -7.32060E-01
    6  T  1  8 3  -5.62455E-01
    7  T  1  9 3  -4.44810E-01
    8  T  1 10 3  -3.60412E-01
    4    4    1    7
    1  0.000000E+00
    1  T  1  4 3  -2.25198E+00
    2  T  1  5 3  -1.44212E+00
    3  T  1  6 3  -1.00167E+00
    4  T  1  7 3  -7.35906E-01
    5  T  1  8 3  -5.63378E-01
    6  T  1  9 3  -4.45091E-01
    7  T  1 10 3  -3.60486E-01
    0    0    0    0
