   14   13    E
    2    0    1    8
    5  1.184400E+00
    1  T  5  4 1   6.68685E-01
    2  T  5  5 1   9.19688E-01
    3  T  5  6 1   1.01881E+00
    4  T  5  7 1   1.07038E+00
    5  T  5  8 1   1.10106E+00
    6  T  5  9 1   1.12081E+00
    7  T  5 10 1   1.13428E+00
    8  T  5 11 1   1.14388E+00
    2    0    0    9
    1  0.000000E+00
    1  T  1  4 0  -6.03351E-01
    2  C  1  0 0  -4.86001E-01
    3  T  1  5 0  -3.06062E-01
    4  T  1  6 0  -1.86818E-01
    5  T  1  7 0  -1.26136E-01
    6  T  1  8 0  -9.08876E-02
    7  T  1  9 0  -6.86029E-02
    8  T  1 10 0  -5.36191E-02
    9  T  1 11 0  -4.30608E-02
    2    1    1   10
    1  0.000000E+00
    1  T  1  3 1  -1.19643E+00
    2  T  1  4 1  -4.61714E-01
    3  T  1  5 1  -2.53325E-01
    4  T  1  6 1  -1.61912E-01
    5  T  1  7 1  -1.15912E-01
    6  T  2  4 0  -1.00257E-01
    7  T  1  8 1  -8.01111E-02
    8  T  1  9 1  -6.21082E-02
    9  T  2  3 2  -5.10662E-02
   10  T  1 10 1  -4.77122E-02
    2    1    0   10
    2  4.828401E-01
    1  C  1  0 0  -4.23480E-01
    2  T  2  4 1  -5.42637E-03
    3  T  2  5 1   2.22078E-01
    4  T  3  4 1   2.98751E-01
    5  T  2  6 1   3.20621E-01
    6  T  2  7 1   3.69635E-01
    7  T  2  8 1   3.99796E-01
    8  T  2  9 1   4.19358E-01
    9  T  2 10 1   4.32748E-01
   10  T  2 11 1   4.42311E-01
    2    2    1   10
    2  4.828401E-01
    1  T  2  3 2  -2.26606E-01
    2  C  2  0 0   3.17187E-02
    3  T  2  4 2   1.69791E-01
    4  T  3  3 2   2.65541E-01
    5  T  2  5 2   3.20535E-01
    6  T  2  6 2   3.64553E-01
    7  T  2  7 2   3.95204E-01
    8  T  2  8 2   4.15756E-01
    9  T  2  9 2   4.29938E-01
   10  T  2 10 2   4.40072E-01
    2    2    0    9
    1  0.000000E+00
    1  C  1  0 0  -7.04104E-01
    2  T  1  3 2  -4.75414E-01
    3  T  1  4 2  -2.78566E-01
    4  T  1  5 2  -1.76051E-01
    5  T  1  6 2  -1.20754E-01
    6  T  1  7 2  -8.78185E-02
    7  T  1  8 2  -6.66947E-02
    8  T  1  9 2  -5.23562E-02
    9  T  1 10 2  -4.21840E-02
    2    3    1    7
    1  0.000000E+00
    1  T  1  4 3  -2.57690E-01
    2  T  1  5 3  -1.64645E-01
    3  T  1  6 3  -1.14069E-01
    4  T  1  7 3  -8.36185E-02
    5  T  1  8 3  -6.38918E-02
    6  T  1  9 3  -5.03928E-02
    7  T  1 10 3  -4.07543E-02
    2    3    0    7
    2  4.828401E-01
    1  T  2  4 3   2.15990E-01
    2  T  2  5 3   3.12990E-01
    3  T  2  6 3   3.65106E-01
    4  T  2  7 3   3.95934E-01
    5  T  2  8 3   4.15175E-01
    6  T  4  3 2   4.27171E-01
    7  T  2  9 3:  4.35746E-01
    2    4    1    6
    2  4.828401E-01
    1  T  2  5 4   3.20094E-01
    2  T  2  6 4   3.70229E-01
    3  T  2  7 4   4.00224E-01
    4  T  2  8 4   4.19661E-01
    5  T  2  9 4   4.32971E-01
    6  T  2 10 4   4.42481E-01
    2    4    0    6
    1  0.000000E+00
    1  T  1  5 4  -1.60913E-01
    2  T  1  6 4  -1.11688E-01
    3  T  1  7 4  -8.20248E-02
    4  T  1  8 4  -6.27763E-02
    5  T  1  9 4  -4.95834E-02
    6  T  1 10 4  -4.01497E-02
    2    5    1    5
    1  0.000000E+00
    1  T  1  6 5  -1.11186E-01
    2  T  1  7 5  -8.16951E-02
    3  T  1  8 5  -6.25466E-02
    4  T  1  9 5  -4.94174E-02
    5  T  1 10 5  -4.00262E-02
    4    0    1    8
    5  1.184400E+00
    1  C  2  0 0  -8.50258E-02
    2  T  5  4 1   7.23198E-01
    3  T  5  5 1   9.35666E-01
    4  T  5  6 1   1.02646E+00
    5  T  5  7 1   1.07465E+00
    6  T  5  8 1   1.10369E+00
    7  T  5  9 1   1.12255E+00
    8  T  5 10 1   1.13549E+00
    4    0    0    7
    2  4.828401E-01
    1  T  2  4 1   1.33569E-02
    2  T  2  5 1   2.33769E-01
    3  T  2  6 1   3.24136E-01
    4  T  2  7 1   3.72710E-01
    5  T  2  8 1   4.01895E-01
    6  T  2  9 1   4.20830E-01
    7  T  2 10 1   4.33815E-01
    4    1    1   16
    2  4.828401E-01
    1  T  2  4 0  -1.49883E-01
    2  T  2  3 2  -7.44929E-02
    3  T  2  5 0   1.72711E-01
    4  T  2  4 2   1.96414E-01
    5  T  2  6 0   2.94412E-01
    6  T  2  5 2   3.04795E-01
    7  T  2  7 0   3.55892E-01
    8  T  2  6 2   3.61402E-01
    9  T  2  8 0   3.91477E-01
   10  T  2  7 2   3.94770E-01
   11  T  2  9 0   4.13932E-01
   12  T  2  8 2   4.16063E-01
   13  T  2 10 0   4.29013E-01
   14  T  2  9 2   4.30473E-01
   15  T  2 11 0   4.39631E-01
   16  T  2 10 2   4.40675E-01
    4    1    0    8
    2  4.828401E-01
    1  C  1  0 0  -8.24251E-01
    2  T  2  4 1   5.71163E-03
    3  T  2  5 1   2.29664E-01
    4  T  2  6 1   3.22633E-01
    5  T  2  7 1   3.71797E-01
    6  T  2  8 1   4.01315E-01
    7  T  2  9 1   4.20440E-01
    8  T  2 10 1   4.33541E-01
    4    2    1    8
    2  4.828401E-01
    1  T  2  3 2  -7.78098E-02
    2  T  2  4 2   1.90318E-01
    3  T  2  5 2   3.01589E-01
    4  T  2  6 2   3.59581E-01
    5  T  2  7 2   3.93612E-01
    6  T  2  8 2   4.15274E-01
    7  T  2  9 2   4.29911E-01
    8  T  2 10 2   4.40262E-01
    4    2    0   14
    2  4.828401E-01
    1  T  2  4 1  -1.50087E-02
    2  T  2  5 1   2.23621E-01
    3  T  2  4 3   2.33346E-01
    4  T  2  6 1   3.18695E-01
    5  T  2  5 3   3.22978E-01
    6  T  2  7 1   3.69243E-01
    7  T  2  6 3   3.71763E-01
    8  T  2  8 1   3.99556E-01
    9  T  2  7 3   4.01224E-01
   10  T  2  8 3   4.19183E-01
   11  T  2  9 1   4.20350E-01
   12  T  2  9 3   4.32613E-01
   13  T  2 10 1   4.33463E-01
   14  T  2 10 3   4.42204E-01
    4    3    1   13
    2  4.828401E-01
    1  T  2  3 2  -1.72637E-01
    2  T  2  4 2   1.78452E-01
    3  T  2  5 2   2.97631E-01
    4  T  2  5 4   3.23449E-01
    5  T  2  6 2   3.57756E-01
    6  T  2  6 4   3.71965E-01
    7  T  2  7 2   3.92646E-01
    8  T  2  7 4   4.01342E-01
    9  T  2  8 2   4.14709E-01
   10  T  2  8 4   4.20425E-01
   11  T  2  9 2   4.29553E-01
   12  T  2  9 4   4.33514E-01
   13  T  2 10 2   4.40021E-01
    4    3    0    7
    2  4.828401E-01
    1  T  2  4 3   2.16838E-01
    2  T  2  5 3   3.13781E-01
    3  T  2  6 3   3.66006E-01
    4  T  2  7 3   3.97255E-01
    5  T  2  8 3   4.17459E-01
    6  T  2  9 3   4.31282E-01
    7  T  2 10 3   4.41152E-01
    4    4    1    6
    2  4.828401E-01
    1  T  2  5 4   3.20095E-01
    2  T  2  6 4   3.70230E-01
    3  T  2  7 4   4.00225E-01
    4  T  2  8 4   4.19661E-01
    5  T  2  9 4   4.32971E-01
    6  T  2 10 4   4.42481E-01
    4    4    0   11
    2  4.828401E-01
    1  T  2  4 3   2.27913E-01
    2  T  2  5 3   3.19726E-01
    3  T  2  6 3   3.69740E-01
    4  T  2  6 5   3.71971E-01
    5  T  2  7 3   3.99900E-01
    6  T  2  7 5   4.01364E-01
    7  T  2  8 3   4.19439E-01
    8  T  2  8 5   4.20441E-01
    9  T  2  9 3   4.32812E-01
   10  T  2  9 5   4.33526E-01
   11  T  2 10 3   4.42363E-01
    4    5    1    6
    2  4.828401E-01
    1  T  2  5 4   3.22728E-01
    2  T  2  6 4   3.71581E-01
    3  T  2  7 4   4.01094E-01
    4  T  2  8 4   4.20256E-01
    5  T  2  9 4   4.33393E-01
    6  T  2 10 4   4.42791E-01
    0    0    0    0
