   14    5    E
    2    0    0   20
    1  0.000000E+00
    1  C  1  0 0  -2.61283E+01
    2  T  1  3 0  -1.28584E+01
    3  T  2  3 1  -1.00841E+01
    4  T  3  3 1  -8.97430E+00
    5  T  6  3 0  -7.15547E+00
    6  T  1  4 0  -6.91227E+00
    7  T  5  3 2  -6.59656E+00
    8  T  2  4 1  -4.90483E+00
    9  T  1  5 0  -4.34728E+00
   10  T  3  4 1  -3.60266E+00
   11  T  1  6 0  -2.96218E+00
   12  T  2  5 1  -2.55914E+00
   13  T  1  7 0  -2.15913E+00
   14  T  5  4 2  -1.86206E+00
   15  T  1  8 0  -1.64351E+00
   16  T  6  4 0  -1.41225E+00
   17  T  1  9 0: -1.29815E+00
   18  T  2  6 1: -1.28445E+00
   19  T  3  5 1  -1.15888E+00
   20  T  1 10 0  -1.03581E+00
    4    0    0    8
    2  1.539599E+00
    1  T  2  3 1  -1.05242E+01
    2  T  2  4 1  -5.07659E+00
    3  T  2  5 1  -2.64163E+00
    4  T  2  6 1  -1.34119E+00
    5  T  2  7 1  -5.65674E-01
    6  T  2  8 1  -6.56884E-02
    7  T  2  9 1   2.75185E-01
    8  T  2 10 1   5.17935E-01
    2    1    0   22
    2  1.539599E+00
    1  C  1  0 0  -2.59123E+01
    2  T  2  3 1  -1.06948E+01
    3  T  3  3 1  -9.13228E+00
    4  T  4  3 0  -8.34613E+00
    5  T  4  3 2  -7.46800E+00
    6  T  5  3 2  -6.69975E+00
    7  T  2  4 1  -5.11226E+00
    8  T  3  4 1  -3.64358E+00
    9  T  4  4 0  -2.86058E+00
   10  T  2  5 1  -2.61636E+00
   11  T  4  4 2  -2.39410E+00
   12  T  5  4 2  -1.87630E+00
   13  T  2  6 1  -1.35273E+00
   14  T  3  5 1  -1.20271E+00
   15  T  2  7 1  -5.76492E-01
   16  T  4  5 0  -2.95422E-01
   17  T  4  5 2  -8.73381E-02
   18  T  2  8 1  -6.04163E-02
   19  T  3  6 1   8.77374E-02
   20  T  2  9 1   2.73695E-01
   21  T  5  5 2   3.87784E-01
   22  T  2 10 1   5.16064E-01
    4    1    0   15
    2  1.539599E+00
    1  C  1  0 0  -2.80128E+01
    2  T  2  3 1  -1.04121E+01
    3  T  4  3 0  -8.70680E+00
    4  T  4  3 2  -7.30987E+00
    5  T  2  4 1  -5.05003E+00
    6  T  4  4 0  -2.89909E+00
    7  T  2  5 1  -2.63364E+00
    8  T  4  4 2  -2.34987E+00
    9  T  2  6 1  -1.33581E+00
   10  T  2  7 1  -5.63080E-01
   11  T  4  5 0  -3.31615E-01
   12  T  2  8 1: -7.47058E-02
   13  T  4  5 2: -5.19739E-02
   14  T  2  9 1   2.76780E-01
   15  T  2 10 1   5.18924E-01
    2    2    0   28
    1  0.000000E+00
    1  C  1  0 0  -2.68752E+01
    2  T  1  3 2  -1.14481E+01
    3  T  2  3 1  -1.03163E+01
    4  T  3  3 1  -9.13597E+00
    5  T  5  3 0  -8.16770E+00
    6  T  4  3 2  -7.03444E+00
    7  T  5  3 2  -6.86341E+00
    8  T  1  4 2  -6.38911E+00
    9  T  6  3 2  -5.90389E+00
   10  T  2  4 1  -4.99236E+00
   11  T  2  4 3  -4.67057E+00
   12  T  1  5 2  -4.07059E+00
   13  T  3  4 1  -3.66331E+00
   14  T  3  4 3  -3.25378E+00
   15  T  1  6 2  -2.81823E+00
   16  T  2  5 1  -2.62167E+00
   17  T  2  5 3  -2.45609E+00
   18  T  5  4 0  -2.43469E+00
   19  T  4  4 2  -2.21742E+00
   20  T  1  7 2  -2.06617E+00
   21  T  5  4 2  -1.92882E+00
   22  T  1  8 2  -1.57953E+00
   23  T  2  6 1  -1.32162E+00
   24  T  1  9 2  -1.24717E+00
   25  T  2  6 3  -1.22973E+00
   26  T  3  5 1  -1.21624E+00
   27  T  3  5 3  -1.04180E+00
   28  T  1 10 2  -1.00866E+00
    4    2    0   18
    2  1.539599E+00
    1  T  2  3 1  -1.06586E+01
    2  T  4  3 2  -7.47465E+00
    3  T  2  4 1  -5.12087E+00
    4  T  2  4 3  -4.69299E+00
    5  T  2  5 1  -2.67144E+00
    6  T  2  5 3  -2.46826E+00
    7  T  4  4 2  -2.39008E+00
    8  T  2  6 1  -1.35258E+00
    9  T  2  6 3  -1.23657E+00
   10  T  2  7 1  -5.73234E-01
   11  T  2  7 3  -5.00985E-01
   12  T  4  5 2  -9.83427E-02
   13  T  2  8 1  -6.22029E-02
   14  T  2  8 3  -2.15845E-02
   15  T  2  9 1   2.72285E-01
   16  T  2  9 3   3.05228E-01
   17  T  2 10 1   5.15653E-01
   18  T  2 10 3   5.39655E-01
    2    3    0   18
    2  1.539599E+00
    1  T  4  3 2  -7.42465E+00
    2  T  5  3 2  -6.86678E+00
    3  T  2  4 3  -4.72766E+00
    4  T  3  4 3  -3.31806E+00
    5  T  2  5 3  -2.49920E+00
    6  T  4  4 2  -2.31934E+00
    7  T  5  4 2  -1.95627E+00
    8  T  2  6 3  -1.24497E+00
    9  T  3  5 3  -1.05078E+00
   10  T  2  7 3  -5.07336E-01
   11  T  4  5 2  -6.14511E-02
   12  T  4  5 4  -2.21497E-02
   13  T  2  8 3  -1.41205E-02
   14  T  3  6 3   1.78351E-01
   15  T  2  9 3   3.02501E-01
   16  T  5  5 2   3.44166E-01
   17  T  5  5 4   4.11094E-01
   18  T  2 10 3   5.38096E-01
    4    3    0   11
    2  1.539599E+00
    1  T  4  3 2  -7.60834E+00
    2  T  2  4 3  -4.74332E+00
    3  T  2  5 3: -2.50480E+00
    4  T  4  4 2: -2.42775E+00
    5  T  2  6 3  -1.24992E+00
    6  T  2  7 3  -5.09157E-01
    7  T  4  5 2  -1.09924E-01
    8  T  2  8 3  -2.68599E-02
    9  T  4  5 4  -2.19724E-02
   10  T  2  9 3   3.01520E-01
   11  T  2 10 3   5.36962E-01
    2    4    0   13
    1  0.000000E+00
    1  T  5  3 2  -7.04764E+00
    2  T  2  4 3  -4.70391E+00
    3  T  1  5 4  -4.01216E+00
    4  T  3  4 3  -3.28256E+00
    5  T  1  6 4  -2.77213E+00
    6  T  2  5 3  -2.45826E+00
    7  T  1  7 4  -2.04082E+00
    8  T  5  4 2  -1.98149E+00
    9  T  1  8 4  -1.56346E+00
   10  T  2  6 5: -1.23745E+00
   11  T  1  9 4: -1.23721E+00
   12  T  2  6 3: -1.23599E+00
   13  T  1 10 4  -1.04154E+00
    4    4    0   12
    2  1.539599E+00
    1  T  2  4 3  -4.72356E+00
    2  T  2  5 3  -2.47058E+00
    3  T  2  6 3  -1.24504E+00
    4  T  2  6 5  -1.23743E+00
    5  T  2  7 3  -5.05943E-01
    6  T  2  7 5  -5.01404E-01
    7  T  2  8 5: -3.46240E-02
    8  T  2  8 3: -2.61263E-02
    9  T  4  5 4:  3.21868E-03
   10  T  2  9 3   3.02713E-01
   11  T  2  9 5   3.05968E-01
   12  T  2 10 3   5.37880E-01
    2    0    1    8
    4  3.982200E+00
    1  T  4  3 1  -8.25667E+00
    2  T  4  4 1  -2.70116E+00
    3  T  4  5 1  -2.30891E-01
    4  T  4  6 1   1.08383E+00
    5  T  4  7 1   1.86673E+00
    6  T  4  8 1   2.37008E+00
    7  T  4  9 1   2.71297E+00
    8  T  4 10 1   2.95705E+00
    4    0    1    9
    4  3.982200E+00
    1  C  2  0 0  -2.49187E+01
    2  T  4  3 1  -7.78823E+00
    3  T  4  4 1  -2.55019E+00
    4  T  4  5 1  -1.62156E-01
    5  T  4  6 1   1.12106E+00
    6  T  4  7 1   1.88916E+00
    7  T  4  8 1   2.38476E+00
    8  T  4  9 1   2.72313E+00
    9  T  4 10 1   2.96438E+00
    2    1    1   31
    1  0.000000E+00
    1  T  1  2 1  -2.94106E+01
    2  C  2  0 0  -2.36416E+01
    3  T  1  3 1  -1.21320E+01
    4  T  2  3 0  -1.09696E+01
    5  T  3  3 0  -9.83035E+00
    6  T  2  3 2  -9.47846E+00
    7  T  3  3 2: -8.34438E+00
    8  T  4  3 1: -7.80137E+00
    9  T  5  3 1: -7.20726E+00
   10  T  1  4 1  -6.62394E+00
   11  T  6  3 1  -6.45814E+00
   12  T  2  4 0  -5.27589E+00
   13  T  2  4 2  -4.69709E+00
   14  T  1  5 1  -4.19491E+00
   15  T  3  4 0  -3.92957E+00
   16  T  3  4 2  -3.37027E+00
   17  T  1  6 1  -2.88527E+00
   18  T  2  5 0  -2.76869E+00
   19  T  4  4 1: -2.48915E+00
   20  T  2  5 2: -2.44936E+00
   21  T  1  7 1  -2.10875E+00
   22  T  5  4 1  -2.10271E+00
   23  T  5  4 3  -1.78972E+00
   24  T  1  8 1  -1.60839E+00
   25  T  2  6 0  -1.40315E+00
   26  T  3  5 0  -1.35629E+00
   27  T  1  9 1  -1.26526E+00
   28  T  2  6 2  -1.23768E+00
   29  T  6  4 1: -1.12069E+00
   30  T  3  5 2: -1.06731E+00
   31  T  1 10 1  -1.01889E+00
    4    1    1   19
    2  1.539599E+00
    1  T  2  3 0  -1.13183E+01
    2  T  2  3 2  -9.85038E+00
    3  T  4  3 1  -8.04403E+00
    4  T  2  4 0  -5.38933E+00
    5  T  2  4 2  -4.82874E+00
    6  T  2  5 0  -2.81650E+00
    7  T  4  4 1  -2.60936E+00
    8  T  2  5 2  -2.51991E+00
    9  T  2  6 0  -1.42908E+00
   10  T  2  6 2  -1.27329E+00
   11  T  2  7 0  -6.21479E-01
   12  T  2  7 2  -5.23552E-01
   13  T  4  5 1  -1.99174E-01
   14  T  2  8 0  -9.78021E-02
   15  T  2  8 2  -3.76813E-02
   16  T  2  9 0   2.50275E-01
   17  T  2  9 2   2.94660E-01
   18  T  2 10 0   4.99584E-01
   19  T  2 10 2   5.32043E-01
    2    2    1   23
    2  1.539599E+00
    1  C  2  0 0  -2.43067E+01
    2  T  2  3 2  -9.91031E+00
    3  T  3  3 2  -8.46332E+00
    4  T  4  3 1  -7.96319E+00
    5  T  5  3 1  -7.37777E+00
    6  T  2  4 2  -4.84144E+00
    7  T  3  4 2  -3.41957E+00
    8  T  4  4 1  -2.56926E+00
    9  T  2  5 2  -2.51919E+00
   10  T  4  4 3  -2.29009E+00
   11  T  5  4 1  -2.16191E+00
   12  T  5  4 3  -1.82725E+00
   13  T  2  6 2  -1.27880E+00
   14  T  3  5 2  -1.09854E+00
   15  T  2  7 2  -5.24936E-01
   16  T  4  5 1  -1.61119E-01
   17  T  2  8 2  -3.92187E-02
   18  T  4  5 3  -2.95002E-02
   19  T  3  6 2   1.49904E-01
   20  T  5  5 1   2.41661E-01
   21  T  2  9 2   2.94286E-01
   22  T  5  5 3   4.13373E-01
   23  T  2 10 2   5.31538E-01
    4    2    1   13
    2  1.539599E+00
    1  T  2  3 2  -9.92858E+00
    2  T  4  3 1  -8.12889E+00
    3  T  2  4 2  -4.85182E+00
    4  T  4  4 1  -2.66079E+00
    5  T  2  5 2  -2.52851E+00
    6  T  4  4 3  -2.29255E+00
    7  T  2  6 2  -1.27882E+00
    8  T  2  7 2  -5.26751E-01
    9  T  4  5 1  -2.10716E-01
   10  T  2  8 2  -4.03945E-02
   11  T  4  5 3  -3.07850E-02
   12  T  2  9 2   2.93217E-01
   13  T  2 10 2   5.30982E-01
    2    3    1   20
    1  0.000000E+00
    1  T  2  3 2  -9.56417E+00
    2  T  3  3 2  -8.56791E+00
    3  T  5  3 1  -7.58482E+00
    4  T  1  4 3  -6.24979E+00
    5  T  2  4 2  -4.72235E+00
    6  T  1  5 3  -4.01008E+00
    7  T  3  4 2  -3.43649E+00
    8  T  1  6 3  -2.78067E+00
    9  T  2  5 4  -2.47633E+00
   10  T  2  5 2  -2.46930E+00
   11  T  4  4 3  -2.21819E+00
   12  T  5  4 1  -2.19534E+00
   13  T  1  7 3  -2.04366E+00
   14  T  5  4 3  -1.86821E+00
   15  T  1  8 3  -1.56506E+00
   16  T  2  6 2  -1.24745E+00
   17  T  1  9 3  -1.23656E+00
   18  T  2  6 4  -1.23293E+00
   19  T  3  5 2  -1.10638E+00
   20  T  3  5 4  -1.05880E+00
    4    3    1   15
    2  1.539599E+00
    1  T  2  3 2  -1.00886E+01
    2  T  2  4 2  -4.90955E+00
    3  T  2  5 2  -2.55920E+00
    4  T  2  5 4  -2.47728E+00
    5  T  4  4 3  -2.23288E+00
    6  T  2  6 2  -1.29382E+00
    7  T  2  6 4  -1.23335E+00
    8  T  2  7 2  -5.35958E-01
    9  T  2  7 4  -4.99787E-01
   10  T  2  8 2  -4.69808E-02
   11  T  2  8 4: -3.68488E-02
   12  T  4  5 3:  1.93399E-03
   13  T  2  9 2   2.88993E-01
   14  T  2  9 4   3.06793E-01
   15  T  2 10 2   5.27933E-01
    2    4    1   12
    2  1.539599E+00
    1  T  2  5 4  -2.50162E+00
    2  T  4  4 3  -2.25553E+00
    3  T  5  4 3  -1.88648E+00
    4  T  2  6 4  -1.24084E+00
    5  T  3  5 4  -1.03574E+00
    6  T  2  7 4  -5.04987E-01
    7  T  2  8 4: -4.92518E-02
    8  T  4  5 3: -2.51773E-03
    9  T  3  6 4   1.83837E-01
   10  T  2  9 4   3.04844E-01
   11  T  5  5 3   3.88100E-01
   12  T  2 10 4   5.39028E-01
    4    4    1    8
    2  1.539599E+00
    1  T  2  5 4  -2.50243E+00
    2  T  4  4 3  -2.26708E+00
    3  T  2  6 4  -1.24108E+00
    4  T  2  7 4  -5.05032E-01
    5  T  2  8 4  -5.30267E-02
    6  T  4  5 3  -7.00281E-03
    7  T  2  9 4   3.04673E-01
    8  T  2 10 4   5.38946E-01
    0    0    0    0
