   16    4    E               
    1    0    0   14          
    1  0.000000E+00           
    1  C  1  0 0  -4.77638E+01
    2  C  2  0 0  -4.13314E+01
    3  T  1  3 0  -2.00962E+01
    4  T  2  3 1  -1.66489E+01
    5  T  1  4 0  -1.10876E+01
    6  T  2  4 1  -8.55619E+00
    7  T  1  5 0  -7.01126E+00
    8  T  1  6 0  -4.90229E+00
    9  T  2  5 1  -4.69784E+00
   10  T  1  7 0  -3.54202E+00
   11  T  1  8 0  -2.73632E+00
   12  T  2  6 1  -2.65110E+00
   13  T  1  9 0  -2.12901E+00
   14  T  1 10 0  -1.72312E+00
    3    0    0   12          
    1  0.000000E+00           
    1  T  1  3 0  -2.04327E+01
    2  T  2  3 1  -1.74146E+01
    3  T  1  4 0  -1.12082E+01
    4  T  2  4 1  -8.80355E+00
    5  T  1  5 0  -7.07384E+00
    6  T  1  6 0: -4.94220E+00
    7  T  2  5 1: -4.80353E+00
    8  T  1  7 0  -3.56137E+00
    9  T  2  6 1  -2.76590E+00
   10  T  1  8 0  -2.69698E+00
   11  T  1  9 0  -2.13828E+00
   12  T  1 10 0  -1.72888E+00
    1    1    0    8          
    2  2.025126E+00           
    1  T  2  3 1  -1.77078E+01
    2  T  2  4 1  -8.90327E+00
    3  T  2  5 1  -4.91445E+00
    4  T  2  6 1  -2.77073E+00
    5  T  2  7 1  -1.48692E+00
    6  T  2  8 1  -6.57447E-01
    7  T  2  9 1  -9.06206E-02
    8  T  2 10 1   3.13812E-01
    1    1    1   17          
    1  0.000000E+00           
    1  T  1  2 1  -4.42925E+01
    2  T  1  3 1  -1.96407E+01
    3  T  2  3 0  -1.78371E+01
    4  T  2  3 2  -1.64589E+01
    5  T  1  4 1  -1.08580E+01
    6  T  2  4 0  -9.03665E+00
    7  T  2  4 2  -8.44879E+00
    8  T  1  5 1  -6.89530E+00
    9  T  2  5 0  -5.01389E+00
   10  T  1  6 1  -4.77404E+00
   11  T  2  5 2  -4.67684E+00
   12  T  1  7 1  -3.49878E+00
   13  T  2  6 0  -2.82448E+00
   14  T  1  8 1  -2.67740E+00
   15  T  2  6 2  -2.63977E+00
   16  T  1  9 1  -2.10900E+00
   17  T  1 10 1  -1.70823E+00
    3    1    0    9          
    2  2.025126E+00           
    1  C  2  0 0  -4.30975E+01
    2  T  2  3 1  -1.73015E+01
    3  T  2  4 1  -8.77574E+00
    4  T  2  5 1  -4.85695E+00
    5  T  2  6 1  -2.73971E+00
    6  T  2  7 1  -1.46815E+00
    7  T  2  8 1  -6.45187E-01
    8  T  2  9 1  -8.21580E-02
    9  T  2 10 1   3.19905E-01
    3    1    1   17          
    1  0.000000E+00           
    1  T  1  2 1  -4.59622E+01
    2  T  1  3 1  -1.95923E+01
    3  T  2  3 0  -1.81723E+01
    4  T  2  3 2  -1.68188E+01
    5  T  1  4 1  -1.08809E+01
    6  T  2  4 0  -9.11061E+00
    7  T  2  4 2  -8.58329E+00
    8  T  1  5 1  -6.91491E+00
    9  T  2  5 0  -5.02457E+00
   10  T  1  6 1: -4.81776E+00
   11  T  2  5 2: -4.72659E+00
   12  T  1  7 1  -3.50441E+00
   13  T  2  6 0  -2.83451E+00
   14  T  2  6 2  -2.70084E+00
   15  T  1  8 1  -2.66279E+00
   16  T  1  9 1  -2.11208E+00
   17  T  1 10 1  -1.70919E+00
    1    2    0   16          
    1  0.000000E+00           
    1  C  2  0 0  -4.25856E+01
    2  T  1  3 2  -1.88200E+01
    3  T  2  3 1  -1.70639E+01
    4  T  1  4 2  -1.05964E+01
    5  T  2  4 1  -8.69203E+00
    6  T  2  4 3  -8.48861E+00
    7  T  1  5 2  -6.77984E+00
    8  T  2  5 1  -4.82371E+00
    9  T  2  5 3  -4.71056E+00
   10  T  1  6 2  -4.70187E+00
   11  T  1  7 2  -3.45727E+00
   12  T  2  6 1  -2.72034E+00
   13  T  2  6 3  -2.65663E+00
   14  T  1  8 2  -2.64417E+00
   15  T  1  9 2  -2.09047E+00
   16  T  1 10 2  -1.69311E+00
    1    2    1    8          
    2  2.025126E+00           
    1  T  2  3 2  -1.71802E+01
    2  T  2  4 2  -8.69922E+00
    3  T  2  5 2  -4.81382E+00
    4  T  2  6 2  -2.71362E+00
    5  T  2  7 2  -1.45139E+00
    6  T  2  8 2  -6.33820E-01
    7  T  2  9 2  -7.41096E-02
    8  T  2 10 2   3.25805E-01
    3    2    0   15          
    1  0.000000E+00           
    1  T  1  3 2  -1.91474E+01
    2  T  2  3 1  -1.75925E+01
    3  T  1  4 2  -1.07005E+01
    4  T  2  4 1  -8.86478E+00
    5  T  2  4 3  -8.50785E+00
    6  T  1  5 2  -6.82679E+00
    7  T  2  5 1  -4.90009E+00
    8  T  1  6 2  -4.74167E+00
    9  T  2  5 3  -4.71149E+00
   10  T  1  7 2  -3.47251E+00
   11  T  2  6 1  -2.76245E+00
   12  T  2  6 3  -2.66603E+00
   13  T  1  8 2  -2.65380E+00
   14  T  1  9 2  -2.09734E+00
   15  T  1 10 2  -1.69805E+00
    3    2    1    8          
    2  2.025126E+00           
    1  T  2  3 2  -1.69138E+01
    2  T  2  4 2  -8.61067E+00
    3  T  2  5 2  -4.77302E+00
    4  T  2  6 2  -2.69135E+00
    5  T  2  7 2  -1.43781E+00
    6  T  2  8 2  -6.24905E-01
    7  T  2  9 2  -6.79349E-02
    8  T  2 10 2   3.30262E-01
    1    3    0    7          
    2  2.025126E+00           
    1  T  2  4 3  -8.59005E+00
    2  T  2  5 3  -4.76177E+00
    3  T  2  6 3  -2.68441E+00
    4  T  2  7 3  -1.43342E+00
    5  T  2  8 3  -6.21945E-01
    6  T  2  9 3  -6.58426E-02
    7  T  2 10 3   3.31796E-01
    1    3    1   13          
    1  0.000000E+00           
    1  T  2  3 2  -1.65208E+01
    2  T  1  4 3  -1.05546E+01
    3  T  2  4 2  -8.47133E+00
    4  T  1  5 3  -6.75442E+00
    5  T  1  6 3  -4.72893E+00
    6  T  2  5 4  -4.72472E+00
    7  T  2  5 2  -4.67048E+00
    8  T  1  7 3  -3.44794E+00
    9  T  2  6 4: -2.66560E+00
   10  T  2  6 2: -2.66252E+00
   11  T  1  8 3  -2.63052E+00
   12  T  1  9 3  -2.08583E+00
   13  T  1 10 3  -1.68987E+00
    3    3    0    7          
    2  2.025126E+00           
    1  T  2  4 3  -8.58452E+00
    2  T  2  5 3  -4.75829E+00
    3  T  2  6 3  -2.68226E+00
    4  T  2  7 3  -1.43202E+00
    5  T  2  8 3  -6.20990E-01
    6  T  2  9 3  -6.51650E-02
    7  T  2 10 3   3.32293E-01
    3    3    1   13          
    1  0.000000E+00           
    1  T  2  3 2  -1.71899E+01
    2  T  1  4 3  -1.05803E+01
    3  T  2  4 2  -8.69697E+00
    4  T  1  5 3  -6.77158E+00
    5  T  2  5 2  -4.81284E+00
    6  T  2  5 4  -4.72511E+00
    7  T  1  6 3  -4.70175E+00
    8  T  1  7 3  -3.45392E+00
    9  T  2  6 2  -2.71359E+00
   10  T  2  6 4  -2.66421E+00
   11  T  1  8 3  -2.64391E+00
   12  T  1  9 3  -2.08887E+00
   13  T  1 10 3  -1.69182E+00
    1    4    0   10          
    1  0.000000E+00           
    1  T  2  4 3  -8.53115E+00
    2  T  1  5 4  -6.75579E+00
    3  T  2  5 3  -4.75035E+00
    4  T  1  6 4  -4.67395E+00
    5  T  1  7 4  -3.44843E+00
    6  T  2  6 3  -2.67293E+00
    7  T  2  6 5  -2.66666E+00
    8  T  1  8 4  -2.63399E+00
    9  T  1  9 4  -2.08612E+00
   10  T  1 10 4  -1.69005E+00
    3    4    0   10          
    1  0.000000E+00           
    1  T  2  4 3  -8.55430E+00
    2  T  1  5 4  -6.75660E+00
    3  T  2  5 3  -4.75996E+00
    4  T  1  6 4  -4.67962E+00
    5  T  1  7 4  -3.44883E+00
    6  T  2  6 3  -2.68005E+00
    7  T  2  6 5  -2.66666E+00
    8  T  1  8 4  -2.63638E+00
    9  T  1  9 4  -2.08636E+00
   10  T  1 10 4  -1.69018E+00
    0    0    0    0          
