   16    6    E
    1    0    1   12
    5  4.118597E+00
    1  T  5  3 1  -1.10571E+01
    2  T  7  3 2  -7.95941E+00
    3  T  5  4 1  -4.12238E+00
    4  T  7  4 2  -1.80512E+00
    5  T  5  5 1  -9.92494E-01
    6  T  5  6 1   6.01038E-01
    7  T  7  5 2   9.31018E-01
    8  T  5  7 1   1.55060E+00
    9  T  5  8 1   2.15928E+00
   10  T  7  6 2   2.55795E+00
   11  T  5  9 1   2.58268E+00
   12  T  5 10 1   2.87256E+00
    1    1    1   31
    1  0.000000E+00
    1  C  2  0 0  -3.18080E+01
    2  T  1  3 0  -1.57610E+01
    3  T  1  3 2  -1.35628E+01
    4  T  3  3 1  -1.17439E+01
    5  T  4  3 1  -1.09059E+01
    6  T  5  3 1  -1.02723E+01
    7  T  8  3 0  -8.60915E+00
    8  T  1  4 0  -8.48088E+00
    9  T  7  3 2  -7.72668E+00
   10  T  1  4 2  -7.66990E+00
   11  T  8  3 2  -6.45880E+00
   12  T  1  5 0  -5.26608E+00
   13  T  1  5 2  -5.05391E+00
   14  T  3  4 1  -5.04139E+00
   15  T  3  4 3  -4.48697E+00
   16  T  4  4 1  -4.20212E+00
   17  T  5  4 1  -3.89162E+00
   18  T  1  6 0  -3.56974E+00
   19  T  1  6 2  -3.45407E+00
   20  T  1  7 0  -2.61356E+00
   21  T  1  7 2  -2.51188E+00
   22  T  3  5 1  -2.05638E+00
   23  T  1  8 0  -1.98835E+00
   24  T  1  8 2  -1.91275E+00
   25  T  3  5 3  -1.79157E+00
   26  T  7  4 2  -1.71538E+00
   27  T  1  9 0  -1.56561E+00
   28  T  8  4 0  -1.55717E+00
   29  T  1  9 2  -1.50644E+00
   30  T  1 10 0  -1.26343E+00
   31  T  1 10 2  -1.21835E+00
    1    2    1   22
    1  0.000000E+00
    1  C  2  0 0  -3.23771E+01
    2  T  1  3 2  -1.41123E+01
    3  T  3  3 1  -1.19389E+01
    4  T  5  3 1  -1.04767E+01
    5  T  7  3 0  -9.37530E+00
    6  T  1  4 2  -7.88076E+00
    7  T  7  3 2  -7.54820E+00
    8  T  8  3 2  -6.93558E+00
    9  T  1  5 2  -5.14673E+00
   10  T  3  4 1  -5.10220E+00
   11  T  3  4 3  -4.52523E+00
   12  T  5  4 1  -3.94798E+00
   13  T  1  6 2  -3.49462E+00
   14  T  5  4 3  -3.46943E+00
   15  T  1  7 2  -2.53564E+00
   16  T  7  4 0  -2.41384E+00
   17  T  3  5 1  -2.02011E+00
   18  T  1  8 2  -1.92888E+00
   19  T  3  5 3  -1.80646E+00
   20  T  7  4 2  -1.58955E+00
   21  T  1  9 2  -1.51828E+00
   22  T  1 10 2  -1.22731E+00
    1    3    1   23
    1  0.000000E+00
    1  T  1  3 2  -1.35734E+01
    2  T  3  3 1  -1.18125E+01
    3  T  1  4 2  -7.68095E+00
    4  T  7  3 2  -7.39177E+00
    5  T  8  3 2  -6.81350E+00
    6  T  3  4 1  -5.12610E+00
    7  T  1  5 2  -5.04333E+00
    8  T  1  5 4  -4.84359E+00
    9  T  3  4 3  -4.56330E+00
   10  T  4  4 3  -3.65190E+00
   11  T  1  6 2  -3.45711E+00
   12  T  5  4 3  -3.44213E+00
   13  T  1  6 4  -3.32069E+00
   14  T  1  7 2  -2.51271E+00
   15  T  1  7 4  -2.45810E+00
   16  T  3  5 1  -2.07342E+00
   17  T  1  8 2  -1.91298E+00
   18  T  1  8 4  -1.88154E+00
   19  T  3  5 3  -1.82418E+00
   20  T  7  4 2  -1.55509E+00
   21  T  1  9 2  -1.50690E+00
   22  T  1  9 4  -1.48665E+00
   23  T  1 10 2  -1.21850E+00
    1    4    1   10
    1  0.000000E+00
    1  T  7  3 2  -7.89699E+00
    2  T  1  5 4  -4.85627E+00
    3  T  3  4 3  -4.58022E+00
    4  T  5  4 3  -3.49221E+00
    5  T  1  6 4  -3.33307E+00
    6  T  1  7 4  -2.46209E+00
    7  T  1  8 4  -1.88532E+00
    8  T  3  5 3  -1.84801E+00
    9  T  7  4 2  -1.73703E+00
   10  T  1  9 4  -1.48833E+00
    1    5    1   10
    1  0.000000E+00
    1  T  1  5 4  -4.84978E+00
    2  T  3  4 3  -4.54683E+00
    3  T  1  6 4  -3.35683E+00
    4  T  1  7 6  -2.46611E+00
    5  T  1  7 4  -2.46112E+00
    6  T  1  8 6  -1.88711E+00
    7  T  1  8 4  -1.88429E+00
    8  T  3  5 3  -1.80593E+00
    9  T  1  9 6  -1.49089E+00
   10  T  1  9 4  -1.48678E+00
    1    6    1    3
    1  0.000000E+00
    1  T  1  7 6  -2.46617E+00
    2  T  1  8 6  -1.88720E+00
    3  T  1  9 6  -1.49099E+00
    3    0    1   17
    2  1.644510E+00
    1  C  2  0 0  -3.23214E+01
    2  T  2  3 1  -1.34914E+01
    3  T  5  3 1  -1.07237E+01
    4  T  6  3 0  -9.91213E+00
    5  T  7  3 2  -7.45844E+00
    6  T  2  4 1  -6.55901E+00
    7  T  5  4 1  -3.97194E+00
    8  T  2  5 1  -3.49909E+00
    9  T  6  4 0  -3.05355E+00
   10  T  2  6 1  -1.85857E+00
   11  T  7  4 2  -1.62193E+00
   12  T  5  5 1  -9.38397E-01
   13  T  2  7 1  -9.04803E-01
   14  T  2  8 1  -3.14533E-01
   15  T  6  5 0   6.58466E-02
   16  T  2  9 1   1.28974E-01
   17  T  2 10 1   4.01566E-01
    3    1    1   35
    1  0.000000E+00
    1  C  2  0 0  -3.34280E+01
    2  T  1  3 0  -1.59245E+01
    3  T  1  3 2  -1.38523E+01
    4  T  2  3 1  -1.28880E+01
    5  T  3  3 1  -1.16253E+01
    6  T  4  3 1  -1.09607E+01
    7  T  5  3 1  -1.07688E+01
    8  T  8  3 0  -8.80077E+00
    9  T  1  4 0  -8.53724E+00
   10  T  1  4 2  -7.79120E+00
   11  T  7  3 2  -7.58219E+00
   12  T  8  3 2  -7.04353E+00
   13  T  2  4 1  -6.35536E+00
   14  T  1  5 0  -5.30420E+00
   15  T  1  5 2  -5.10340E+00
   16  T  3  4 1  -5.04809E+00
   17  T  3  4 3  -4.50859E+00
   18  T  4  4 1  -4.23002E+00
   19  T  5  4 1  -4.03065E+00
   20  T  1  6 0  -3.59229E+00
   21  T  1  6 2  -3.47814E+00
   22  T  2  5 1  -3.36636E+00
   23  T  1  7 0  -2.62269E+00
   24  T  1  7 2  -2.52605E+00
   25  T  3  5 1  -2.06445E+00
   26  T  1  8 0  -1.98755E+00
   27  T  1  8 2  -1.92223E+00
   28  T  2  6 1  -1.81027E+00
   29  T  3  5 3  -1.79131E+00
   30  T  7  4 2  -1.68987E+00
   31  T  8  4 0  -1.60133E+00
   32  T  1  9 0  -1.56679E+00
   33  T  1  9 2  -1.51367E+00
   34  T  1 10 0  -1.26591E+00
   35  T  1 10 2  -1.22379E+00
    3    2    1   31
    1  0.000000E+00
    1  C  2  0 0  -3.39918E+01
    2  T  1  3 2  -1.39043E+01
    3  T  2  3 1  -1.30525E+01
    4  T  3  3 1  -1.17881E+01
    5  T  5  3 1  -1.08813E+01
    6  T  7  3 0  -9.57213E+00
    7  T  6  3 2  -8.42130E+00
    8  T  1  4 2  -7.80519E+00
    9  T  7  3 2  -7.70722E+00
   10  T  8  3 2  -6.93707E+00
   11  T  2  4 1  -6.41348E+00
   12  T  2  4 3  -5.91990E+00
   13  T  3  4 1  -5.13386E+00
   14  T  1  5 2  -5.10200E+00
   15  T  3  4 3  -4.54571E+00
   16  T  5  4 1  -4.05858E+00
   17  T  1  6 2  -3.48328E+00
   18  T  5  4 3  -3.46378E+00
   19  T  2  5 1  -3.39889E+00
   20  T  2  5 3  -3.17675E+00
   21  T  1  7 2  -2.52708E+00
   22  T  7  4 0  -2.43791E+00
   23  T  6  4 2  -2.38565E+00
   24  T  3  5 1  -2.07812E+00
   25  T  1  8 2  -1.92293E+00
   26  T  2  6 1  -1.82177E+00
   27  T  3  5 3  -1.80741E+00
   28  T  7  4 2  -1.73013E+00
   29  T  2  6 3  -1.70717E+00
   30  T  1  9 2  -1.51419E+00
   31  T  1 10 2  -1.22408E+00
    3    3    1   26
    1  0.000000E+00
    1  T  1  3 2  -1.41017E+01
    2  T  3  3 1  -1.19297E+01
    3  T  7  3 2  -7.99588E+00
    4  T  1  4 2  -7.87765E+00
    5  T  8  3 2  -7.13202E+00
    6  T  2  4 3  -5.88724E+00
    7  T  3  4 1  -5.17468E+00
    8  T  1  5 2  -5.11923E+00
    9  T  1  5 4  -4.84397E+00
   10  T  3  4 3  -4.58536E+00
   11  T  4  4 3  -3.66637E+00
   12  T  1  6 2  -3.49711E+00
   13  T  5  4 3  -3.44804E+00
   14  T  1  6 4  -3.32325E+00
   15  T  2  5 3  -3.15217E+00
   16  T  1  7 2  -2.53591E+00
   17  T  1  7 4  -2.45827E+00
   18  T  3  5 1  -2.09229E+00
   19  T  1  8 2  -1.92882E+00
   20  T  1  8 4  -1.88173E+00
   21  T  3  5 3  -1.83072E+00
   22  T  7  4 2  -1.78296E+00
   23  T  2  6 3  -1.70622E+00
   24  T  1  9 2  -1.51854E+00
   25  T  1  9 4  -1.48675E+00
   26  T  1 10 2  -1.22732E+00
    3    4    1   14
    1  0.000000E+00
    1  T  7  3 2  -7.93614E+00
    2  T  2  4 3  -5.93232E+00
    3  T  1  5 4  -4.85660E+00
    4  T  3  4 3  -4.59678E+00
    5  T  5  4 3  -3.49554E+00
    6  T  1  6 4  -3.33432E+00
    7  T  2  5 3  -3.17335E+00
    8  T  1  7 4  -2.46210E+00
    9  T  1  8 4  -1.88524E+00
   10  T  3  5 3  -1.83624E+00
   11  T  7  4 2  -1.77628E+00
   12  T  2  6 3  -1.71581E+00
   13  T  2  6 5  -1.70657E+00
   14  T  1  9 4  -1.48828E+00
    3    5    1   11
    1  0.000000E+00
    1  T  1  5 4  -4.85123E+00
    2  T  3  4 3  -4.55615E+00
    3  T  1  6 4  -3.35705E+00
    4  T  1  7 6  -2.46611E+00
    5  T  1  7 4  -2.46138E+00
    6  T  1  8 6  -1.88712E+00
    7  T  1  8 4  -1.88506E+00
    8  T  3  5 3  -1.81261E+00
    9  T  2  6 5  -1.70508E+00
   10  T  1  9 6  -1.49089E+00
   11  T  1  9 4  -1.48686E+00
    3    6    1    4
    1  0.000000E+00
    1  T  1  7 6  -2.46617E+00
    2  T  1  8 6  -1.88720E+00
    3  T  2  6 5  -1.70623E+00
    4  T  1  9 6  -1.49099E+00
    5    0    1   12
    2  1.644510E+00
    1  C  2  0 0  -3.55585E+01
    2  T  2  3 1  -1.29839E+01
    3  T  6  3 0  -1.04443E+01
    4  T  2  4 1  -6.42944E+00
    5  T  2  5 1  -3.41316E+00
    6  T  6  4 0  -3.19659E+00
    7  T  2  6 1  -1.83003E+00
    8  T  2  7 1  -8.99196E-01
    9  T  2  8 1  -2.98284E-01
   10  T  6  5 0   4.28470E-02
   11  T  2  9 1   1.14649E-01
   12  T  2 10 1   4.06751E-01
    5    1    1    8
    2  1.644510E+00
    1  T  2  3 1  -1.32875E+01
    2  T  2  4 1  -6.52032E+00
    3  T  2  5 1  -3.44296E+00
    4  T  2  6 1  -1.85334E+00
    5  T  2  7 1  -9.13386E-01
    6  T  2  8 1  -3.07280E-01
    7  T  2  9 1   1.06719E-01
    8  T  2 10 1   4.01940E-01
    5    2    1   18
    2  1.644510E+00
    1  T  2  3 1  -1.33829E+01
    2  T  6  3 2  -8.74412E+00
    3  T  2  4 1  -6.54924E+00
    4  T  2  4 3  -5.94053E+00
    5  T  2  5 1  -3.45824E+00
    6  T  2  5 3  -3.18251E+00
    7  T  6  4 2  -2.55650E+00
    8  T  2  6 1  -1.85906E+00
    9  T  2  6 3  -1.72414E+00
   10  T  2  7 1  -9.17921E-01
   11  T  2  7 3  -8.33961E-01
   12  T  2  8 1  -3.10653E-01
   13  T  2  8 3  -2.52583E-01
   14  T  2  9 1   1.02716E-01
   15  T  2  9 3   1.44732E-01
   16  T  6  5 2   1.75688E-01
   17  T  2 10 1   4.00778E-01
   18  T  2 10 3   4.32059E-01
    5    3    1    7
    2  1.644510E+00
    1  T  2  4 3  -5.90925E+00
    2  T  2  5 3  -3.16731E+00
    3  T  2  6 3  -1.71681E+00
    4  T  2  7 3  -8.29249E-01
    5  T  2  8 3  -2.49403E-01
    6  T  2  9 3   1.48681E-01
    7  T  2 10 3   4.33362E-01
    5    4    1   12
    2  1.644510E+00
    1  T  2  4 3  -5.95070E+00
    2  T  2  5 3  -3.18568E+00
    3  T  2  6 3  -1.72751E+00
    4  T  2  6 5  -1.70659E+00
    5  T  2  7 3  -8.35709E-01
    6  T  2  7 5  -8.21975E-01
    7  T  2  8 3  -2.53563E-01
    8  T  2  8 5  -2.46235E-01
    9  T  2  9 3   1.45841E-01
   10  T  2  9 5   1.49494E-01
   11  T  2 10 5   4.29049E-01
   12  T  2 10 3   4.31333E-01
    1    0    0   17
    1  0.000000E+00
    1  C  1  0 0  -3.59233E+01
    2  C  3  0 0  -2.83077E+01
    3  T  1  3 1  -1.42586E+01
    4  T  4  3 0  -1.16691E+01
    5  T  3  3 2  -1.03753E+01
    6  T  1  4 1  -7.93137E+00
    7  T  8  3 1  -7.12087E+00
    8  T  1  5 1  -4.99281E+00
    9  T  3  4 2  -4.64782E+00
   10  T  4  4 0  -4.48013E+00
   11  T  1  6 1  -3.43788E+00
   12  T  1  7 1  -2.52054E+00
   13  T  3  5 2  -2.03071E+00
   14  T  1  8 1  -1.92457E+00
   15  T  1  9 1  -1.51994E+00
   16  T  4  5 0  -1.34001E+00
   17  T  1 10 1  -1.22977E+00
    1    1    0   20
    1  0.000000E+00
    1  T  1  3 1  -1.51675E+01
    2  T  5  3 0  -1.15883E+01
    3  T  3  3 2  -1.05677E+01
    4  T  5  3 2  -9.84312E+00
    5  T  7  3 1  -8.85776E+00
    6  T  1  4 1  -8.22355E+00
    7  T  8  3 1  -7.91466E+00
    8  T  1  5 1  -5.13089E+00
    9  T  3  4 2  -4.66093E+00
   10  T  5  4 0  -4.35488E+00
   11  T  5  4 2  -3.72395E+00
   12  T  1  6 1  -3.50325E+00
   13  T  1  7 1  -2.56738E+00
   14  T  7  4 1  -2.10825E+00
   15  T  3  5 2  -2.03449E+00
   16  T  1  8 1  -1.95718E+00
   17  T  1  9 1  -1.54383E+00
   18  T  7  4 3  -1.51218E+00
   19  T  5  5 0  -1.31390E+00
   20  T  1 10 1  -1.24551E+00
    1    2    0   32
    1  0.000000E+00
    1  C  1  0 0  -3.65212E+01
    2  C  3  0 0  -2.94052E+01
    3  T  1  3 1  -1.45875E+01
    4  T  3  3 0  -1.25364E+01
    5  T  3  3 2  -1.06328E+01
    6  T  4  3 2  -9.87633E+00
    7  T  5  3 2  -9.38227E+00
    8  T  7  3 1  -8.16288E+00
    9  T  1  4 1  -8.03334E+00
   10  T  8  3 1  -7.66544E+00
   11  T  1  4 3  -7.52122E+00
   12  T  3  4 0  -5.41712E+00
   13  T  1  5 1  -5.04014E+00
   14  T  1  5 3  -4.80096E+00
   15  T  3  4 2  -4.70186E+00
   16  T  4  4 2  -3.83855E+00
   17  T  5  4 2  -3.56798E+00
   18  T  1  6 1  -3.44107E+00
   19  T  1  6 3  -3.34584E+00
   20  T  1  7 1  -2.53835E+00
   21  T  1  7 3  -2.46819E+00
   22  T  3  5 0  -2.24428E+00
   23  T  3  5 2  -2.05985E+00
   24  T  1  8 1  -1.93843E+00
   25  T  1  8 3  -1.89061E+00
   26  T  7  4 1  -1.83625E+00
   27  T  3  5 4  -1.83526E+00
   28  T  1  9 1  -1.52931E+00
   29  T  7  4 3  -1.50701E+00
   30  T  1  9 3  -1.49365E+00
   31  T  1 10 1  -1.23721E+00
   32  T  1 10 3  -1.21176E+00
    1    3    0   16
    1  0.000000E+00
    1  T  3  3 2  -1.08857E+01
    2  T  5  3 2  -9.62721E+00
    3  T  7  3 1  -8.71758E+00
    4  T  1  4 3  -7.58124E+00
    5  T  1  5 3  -4.83103E+00
    6  T  3  4 2  -4.76760E+00
    7  T  5  4 2  -3.63921E+00
    8  T  1  6 3  -3.36264E+00
    9  T  1  7 3  -2.47893E+00
   10  T  3  5 2  -2.10708E+00
   11  T  7  4 1  -2.04111E+00
   12  T  1  8 3  -1.89771E+00
   13  T  3  5 4  -1.84675E+00
   14  T  1  9 3  -1.49895E+00
   15  T  7  4 3  -1.49798E+00
   16  T  1 10 3  -1.21362E+00
    1    4    0   15
    1  0.000000E+00
    1  T  3  3 2  -1.07705E+01
    2  T  1  4 3  -7.56085E+00
    3  T  1  5 3  -4.81140E+00
    4  T  3  4 2  -4.75727E+00
    5  T  1  6 3  -3.36034E+00
    6  T  1  6 5  -3.35013E+00
    7  T  1  7 3  -2.47292E+00
    8  T  1  7 5  -2.46554E+00
    9  T  3  5 2  -2.08309E+00
   10  T  1  8 3  -1.89327E+00
   11  T  1  8 5  -1.89032E+00
   12  T  3  5 4  -1.85545E+00
   13  T  7  4 3  -1.50246E+00
   14  T  1  9 3  -1.49520E+00
   15  T  1  9 5  -1.49400E+00
    1    5    0    7
    1  0.000000E+00
    1  T  1  6 5  -3.35141E+00
    2  T  1  7 5  -2.46684E+00
    3  T  1  8 5  -1.89246E+00
    4  T  3  5 4  -1.85302E+00
    5  T  7  4 3  -1.52842E+00
    6  T  1  9 5  -1.49457E+00
    7  T  1 10 5  -1.21110E+00
    1    6    0    8
    1  0.000000E+00
    1  T  1  6 5  -3.35030E+00
    2  T  1  7 5  -2.46574E+00
    3  T  1  8 5  -1.89201E+00
    4  T  1  8 7  -1.89033E+00
    5  T  3  5 4  -1.83255E+00
    6  T  1  9 5  -1.49371E+00
    7  T  1  9 7  -1.49336E+00
    8  T  1 10 5  -1.21029E+00
    3    0    0   16
    1  0.000000E+00
    1  T  1  3 1  -1.49450E+01
    2  T  4  3 0  -1.19331E+01
    3  T  3  3 2  -1.06296E+01
    4  T  1  4 1  -8.15571E+00
    5  T  8  3 1  -8.05817E+00
    6  T  1  5 1  -5.10128E+00
    7  T  3  4 2  -4.73738E+00
    8  T  4  4 0  -4.58094E+00
    9  T  1  6 1  -3.49341E+00
   10  T  1  7 1  -2.55726E+00
   11  T  3  5 2  -2.07048E+00
   12  T  1  8 1  -1.94980E+00
   13  T  1  9 1  -1.53897E+00
   14  T  4  5 0  -1.39044E+00
   15  T  8  4 1  -1.26173E+00
   16  T  1 10 1  -1.23798E+00
    3    1    0   32
    1  0.000000E+00
    1  C  1  0 0  -3.70543E+01
    2  C  3  0 0  -2.98816E+01
    3  T  1  3 1  -1.48745E+01
    4  T  2  3 0  -1.37604E+01
    5  T  2  3 2  -1.22078E+01
    6  T  5  3 0  -1.17159E+01
    7  T  3  3 2  -1.07122E+01
    8  T  5  3 2  -9.69920E+00
    9  T  6  3 1  -9.35306E+00
   10  T  7  3 1  -8.34881E+00
   11  T  1  4 1  -8.11536E+00
   12  T  8  3 1  -7.77622E+00
   13  T  2  4 0  -6.75956E+00
   14  T  2  4 2  -6.12823E+00
   15  T  1  5 1  -5.07690E+00
   16  T  3  4 2  -4.73772E+00
   17  T  5  4 0  -4.39433E+00
   18  T  5  4 2  -3.67060E+00
   19  T  2  5 0  -3.57998E+00
   20  T  1  6 1  -3.46977E+00
   21  T  2  5 2  -3.43822E+00
   22  T  6  4 1  -2.73682E+00
   23  T  1  7 1  -2.54993E+00
   24  T  3  5 2  -2.08466E+00
   25  T  7  4 1  -1.98389E+00
   26  T  1  8 1  -1.94922E+00
   27  T  2  6 0  -1.90822E+00
   28  T  2  6 2  -1.82703E+00
   29  T  1  9 1  -1.53427E+00
   30  T  7  4 3  -1.50294E+00
   31  T  5  5 0  -1.27136E+00
   32  T  1 10 1  -1.23918E+00
    3    2    0   35
    1  0.000000E+00
    1  T  1  3 1  -1.50637E+01
    2  T  3  3 0  -1.28301E+01
    3  T  2  3 2  -1.17588E+01
    4  T  3  3 2  -1.08957E+01
    5  T  4  3 2  -1.00379E+01
    6  T  5  3 2  -9.84949E+00
    7  T  7  3 1  -8.84587E+00
    8  T  1  4 1  -8.19181E+00
    9  T  8  3 1  -7.99120E+00
   10  T  1  4 3  -7.53350E+00
   11  T  2  4 2  -5.97065E+00
   12  T  3  4 0  -5.52839E+00
   13  T  1  5 1  -5.10153E+00
   14  T  1  5 3  -4.81129E+00
   15  T  3  4 2  -4.79056E+00
   16  T  4  4 2  -3.91747E+00
   17  T  5  4 2  -3.71406E+00
   18  T  1  6 1  -3.49414E+00
   19  T  2  5 2  -3.38027E+00
   20  T  1  6 3  -3.34726E+00
   21  T  1  7 1  -2.56352E+00
   22  T  1  7 3  -2.47124E+00
   23  T  3  5 0  -2.28474E+00
   24  T  3  5 2  -2.11683E+00
   25  T  7  4 1  -2.06422E+00
   26  T  1  8 1  -1.95361E+00
   27  T  1  8 3  -1.89277E+00
   28  T  3  5 4  -1.83535E+00
   29  T  2  6 2  -1.79857E+00
   30  T  1  9 1  -1.54025E+00
   31  T  7  4 3  -1.51043E+00
   32  T  1  9 3  -1.49508E+00
   33  T  8  4 1  -1.29505E+00
   34  T  1 10 1  -1.24565E+00
   35  T  1 10 3  -1.21340E+00
    3    3    0   23
    1  0.000000E+00
    1  T  2  3 2  -1.20512E+01
    2  T  3  3 2  -1.09845E+01
    3  T  5  3 2  -1.00017E+01
    4  T  7  3 1  -8.76756E+00
    5  T  1  4 3  -7.58353E+00
    6  T  2  4 2  -6.05974E+00
    7  T  3  4 2  -4.85795E+00
    8  T  1  5 3  -4.81569E+00
    9  T  5  4 2  -3.75248E+00
   10  T  2  5 2  -3.41522E+00
   11  T  1  6 3  -3.36331E+00
   12  T  2  5 4  -3.20698E+00
   13  T  1  7 3  -2.47867E+00
   14  T  6  4 3  -2.26945E+00
   15  T  3  5 2  -2.13821E+00
   16  T  7  4 1  -2.07136E+00
   17  T  1  8 3  -1.89744E+00
   18  T  3  5 4  -1.84687E+00
   19  T  2  6 2  -1.81172E+00
   20  T  2  6 4  -1.71071E+00
   21  T  7  4 3  -1.51277E+00
   22  T  1  9 3  -1.49810E+00
   23  T  1 10 3  -1.21307E+00
    3    4    0   19
    1  0.000000E+00
    1  T  3  3 2  -1.10209E+01
    2  T  1  4 3  -7.56986E+00
    3  T  3  4 2  -4.86745E+00
    4  T  1  5 3  -4.79932E+00
    5  T  1  6 3  -3.36563E+00
    6  T  1  6 5  -3.35015E+00
    7  T  2  5 4  -3.19019E+00
    8  T  1  7 3  -2.47686E+00
    9  T  1  7 5  -2.46555E+00
   10  T  3  5 2  -2.12093E+00
   11  T  1  8 3  -1.89515E+00
   12  T  1  8 5  -1.89033E+00
   13  T  3  5 4  -1.85574E+00
   14  T  2  6 4  -1.71051E+00
   15  T  7  4 3  -1.52043E+00
   16  T  1  9 3  -1.49682E+00
   17  T  1  9 5  -1.49414E+00
   18  T  1 10 3  -1.21195E+00
   19  T  1 10 5  -1.21079E+00
    3    5    0    9
    1  0.000000E+00
    1  T  1  6 5  -3.35141E+00
    2  T  2  5 4  -3.19909E+00
    3  T  1  7 5  -2.46684E+00
    4  T  1  8 5  -1.89245E+00
    5  T  3  5 4  -1.85271E+00
    6  T  2  6 4  -1.71580E+00
    7  T  7  4 3  -1.53019E+00
    8  T  1  9 5  -1.49457E+00
    9  T  1 10 5  -1.21110E+00
    3    6    0    8
    1  0.000000E+00
    1  T  1  6 5  -3.35031E+00
    2  T  1  7 5  -2.46575E+00
    3  T  1  8 5  -1.89205E+00
    4  T  1  8 7  -1.89033E+00
    5  T  3  5 4  -1.83277E+00
    6  T  1  9 5  -1.49372E+00
    7  T  1  9 7  -1.49342E+00
    8  T  1 10 5  -1.21030E+00
    5    1    0   19
    2  1.644510E+00
    1  T  2  3 0  -1.42599E+01
    2  T  2  3 2  -1.22364E+01
    3  T  6  3 1  -9.60750E+00
    4  T  2  4 0  -6.90542E+00
    5  T  2  4 2  -6.15079E+00
    6  T  2  5 0  -3.63326E+00
    7  T  2  5 2  -3.45602E+00
    8  T  6  4 1  -2.85961E+00
    9  T  2  6 0  -1.95733E+00
   10  T  2  6 2  -1.83341E+00
   11  T  2  7 0  -9.78761E-01
   12  T  2  7 2  -8.81304E-01
   13  T  2  8 0  -3.50987E-01
   14  T  2  8 2  -2.77622E-01
   15  T  2  9 0   7.52451E-02
   16  T  2  9 2   1.30590E-01
   17  T  6  5 1   2.12965E-01
   18  T  2 10 0   3.80808E-01
   19  T  2 10 2   4.21118E-01
    5    2    0    8
    2  1.644510E+00
    1  T  2  3 2  -1.23830E+01
    2  T  2  4 2  -6.20996E+00
    3  T  2  5 2  -3.48206E+00
    4  T  2  6 2  -1.84621E+00
    5  T  2  7 2  -8.88817E-01
    6  T  2  8 2  -2.82675E-01
    7  T  2  9 2   1.27230E-01
    8  T  2 10 2   4.18204E-01
    5    3    0   14
    2  1.644510E+00
    1  T  2  3 2  -1.25160E+01
    2  T  2  4 2  -6.25399E+00
    3  T  2  5 2  -3.49929E+00
    4  T  2  5 4  -3.20708E+00
    5  T  6  4 3  -2.28472E+00
    6  T  2  6 2  -1.85362E+00
    7  T  2  6 4  -1.71124E+00
    8  T  2  7 2  -8.93469E-01
    9  T  2  7 4  -8.17811E-01
   10  T  2  8 2  -2.85927E-01
   11  T  2  8 4  -2.39357E-01
   12  T  2  9 2   1.24819E-01
   13  T  2  9 4   1.55864E-01
   14  T  2 10 2   4.16275E-01
    5    4    0    5
    2  1.644510E+00
    1  T  2  5 4  -3.19070E+00
    2  T  2  6 4  -1.71097E+00
    3  T  2  7 4  -8.15219E-01
    4  T  2  8 4  -2.37097E-01
    5  T  2  9 4   1.57987E-01
    5    5    0    8
    2  1.644510E+00
    1  T  2  5 4  -3.19950E+00
    2  T  2  6 4  -1.71617E+00
    3  T  2  7 6  -8.21719E-01
    4  T  2  7 4  -8.18411E-01
    5  T  2  8 6  -2.42729E-01
    6  T  2  8 4  -2.39249E-01
    7  T  2  9 6   1.53486E-01
    8  T  2  9 4   1.56455E-01
    0    0    0    0
