   16    9    E
    2    0    0   17
    2  4.962561E-01
    1  C  2  0 0  -1.96550E+01
    2  T  3  3 0  -8.74730E+00
    3  T  2  3 2  -6.97638E+00
    4  T  4  3 1  -4.33441E+00
    5  T  3  4 0  -3.96740E+00
    6  T  2  4 2  -3.64820E+00
    7  T  5  3 1  -3.07775E+00
    8  T  2  5 2  -2.14804E+00
    9  T  3  5 0  -1.98295E+00
   10  T  2  6 2  -1.33095E+00
   11  T  6  3 0  -9.82553E-01
   12  T  2  7 2  -8.41255E-01
   13  T  2  8 2  -5.26374E-01
   14  T  4  4 1  -4.75048E-01
   15  T  3  6 0  -4.00353E-01
   16  T  2  9 2  -3.08437E-01
   17  T  2 10 2  -1.54872E-01
    2    1    0   23
    1  0.000000E+00
    1  T  1  3 0  -9.72272E+00
    2  T  1  3 2  -7.37659E+00
    3  T  2  3 2  -6.91058E+00
    4  T  1  4 0  -5.01326E+00
    5  T  4  3 1  -4.60492E+00
    6  T  1  4 2  -4.10406E+00
    7  T  2  4 2  -3.65620E+00
    8  T  5  3 1  -3.12189E+00
    9  T  1  5 0  -3.04581E+00
   10  T  1  5 2  -2.61465E+00
   11  T  2  5 2  -2.14725E+00
   12  T  1  6 0  -2.05691E+00
   13  T  1  6 2  -1.80943E+00
   14  T  1  7 0  -1.47938E+00
   15  T  2  6 2  -1.34545E+00
   16  T  1  7 2  -1.31326E+00
   17  T  1  8 0  -1.11470E+00
   18  T  1  8 2  -1.01486E+00
   19  T  1  9 0  -8.70229E-01
   20  T  2  7 2  -8.42873E-01
   21  T  1  9 2  -7.98971E-01
   22  T  1 10 0  -6.98271E-01
   23  T  1 10 2  -6.47960E-01
    2    2    0   24
    1  0.000000E+00
    1  T  2  3 0  -9.34040E+00
    2  T  1  3 2  -7.36149E+00
    3  T  2  3 2  -6.89996E+00
    4  T  3  3 2  -6.38903E+00
    5  T  4  3 1  -4.65827E+00
    6  T  2  4 0  -4.54166E+00
    7  T  1  4 2  -4.08437E+00
    8  T  2  4 2  -3.65045E+00
    9  T  5  3 1  -3.20710E+00
   10  T  3  4 2  -3.08295E+00
   11  T  1  5 2  -2.60637E+00
   12  T  2  5 0  -2.56976E+00
   13  T  2  5 2  -2.14433E+00
   14  T  1  6 2  -1.80597E+00
   15  T  2  6 0  -1.57361E+00
   16  T  3  5 2  -1.56281E+00
   17  T  2  6 2  -1.33988E+00
   18  T  1  7 2  -1.31400E+00
   19  T  1  8 2  -1.01311E+00
   20  T  2  7 0  -9.88188E-01
   21  T  2  7 2  -8.41850E-01
   22  T  1  9 2  -7.98748E-01
   23  T  3  6 2  -7.47772E-01
   24  T  1 10 2  -6.47251E-01
    2    3    0   13
    1  0.000000E+00
    1  T  1  3 2  -7.44870E+00
    2  T  2  3 2  -6.93281E+00
    3  T  1  4 2  -4.15456E+00
    4  T  2  4 2  -3.65704E+00
    5  T  1  5 2  -2.64305E+00
    6  T  2  5 2  -2.14671E+00
    7  T  1  6 2  -1.82720E+00
    8  T  1  7 2  -1.33890E+00
    9  T  2  6 2  -1.32988E+00
   10  T  1  8 2  -1.02136E+00
   11  T  2  7 2  -8.41595E-01
   12  T  1  9 2  -8.05114E-01
   13  T  1 10 2  -6.51016E-01
    2    4    0    5
    1  0.000000E+00
    1  T  2  3 2  -7.07210E+00
    2  T  2  4 2  -3.70167E+00
    3  T  2  5 2  -2.16820E+00
    4  T  2  6 2  -1.34300E+00
    5  T  2  7 2  -8.48868E-01
    2    0    1    8
    1  0.000000E+00
    1  T  1  3 1  -8.69342E+00
    2  T  1  4 1  -4.61420E+00
    3  T  1  5 1  -2.86465E+00
    4  T  1  6 1  -1.95085E+00
    5  T  1  7 1  -1.41373E+00
    6  T  1  8 1  -1.07141E+00
    7  T  1  9 1  -8.39920E-01
    8  T  1 10 1  -6.76097E-01
    2    1    1   27
    1  0.000000E+00
    1  C  1  0 0  -2.41438E+01
    2  T  1  3 1  -8.72599E+00
    3  T  2  3 1  -7.99876E+00
    4  T  3  3 1  -7.68806E+00
    5  T  4  3 0  -5.52371E+00
    6  T  1  4 1  -4.57751E+00
    7  T  5  3 0  -4.18425E+00
    8  T  2  4 1  -4.04827E+00
    9  T  3  4 1  -3.56764E+00
   10  T  2  4 3  -3.53807E+00
   11  T  4  3 2  -3.18144E+00
   12  T  1  5 1  -2.81688E+00
   13  T  2  5 1  -2.36872E+00
   14  T  2  5 3  -2.15669E+00
   15  T  1  6 1  -1.92447E+00
   16  T  5  3 2  -1.89078E+00
   17  T  3  5 1  -1.78772E+00
   18  T  2  6 1  -1.46626E+00
   19  T  1  7 1  -1.38969E+00
   20  T  2  6 3  -1.27839E+00
   21  T  1  8 1  -1.06244E+00
   22  T  2  7 1  -9.42309E-01
   23  T  4  4 0  -8.91610E-01
   24  T  3  6 1  -8.66750E-01
   25  T  1  9 1  -8.29542E-01
   26  T  2  7 3  -8.11397E-01
   27  T  1 10 1  -6.71529E-01
    2    2    1   26
    1  0.000000E+00
    1  T  1  3 1  -8.75301E+00
    2  T  2  3 1  -8.23185E+00
    3  T  1  4 1  -4.63223E+00
    4  T  2  4 1  -4.12956E+00
    5  T  1  4 3  -4.00514E+00
    6  T  2  4 3  -3.52907E+00
    7  T  4  3 2  -3.31788E+00
    8  T  1  5 1  -2.86902E+00
    9  T  1  5 3  -2.55608E+00
   10  T  2  5 1  -2.37493E+00
   11  T  2  5 3  -2.11086E+00
   12  T  1  6 1  -1.95453E+00
   13  T  5  3 2  -1.81908E+00
   14  T  1  6 3  -1.77654E+00
   15  T  2  6 1  -1.45697E+00
   16  T  1  7 1  -1.41603E+00
   17  T  1  7 3  -1.30608E+00
   18  T  2  6 3  -1.27711E+00
   19  T  1  8 1  -1.07310E+00
   20  T  1  8 3  -1.00008E+00
   21  T  2  7 1  -9.19111E-01
   22  T  1  9 1  -8.41132E-01
   23  T  2  7 3  -8.10186E-01
   24  T  1  9 3  -7.90219E-01
   25  T  1 10 1  -6.77027E-01
   26  T  1 10 3  -6.40103E-01
    2    3    1   22
    1  0.000000E+00
    1  T  2  3 1  -8.36027E+00
    2  T  2  4 1  -4.17096E+00
    3  T  1  4 3  -4.03238E+00
    4  T  2  4 3  -3.50955E+00
    5  T  4  3 2  -3.37498E+00
    6  T  3  4 3  -2.92901E+00
    7  T  1  5 3  -2.56490E+00
    8  T  2  5 1  -2.39763E+00
    9  T  2  5 3  -2.09558E+00
   10  T  5  3 2  -1.92352E+00
   11  T  1  6 3  -1.78203E+00
   12  T  3  5 3  -1.48064E+00
   13  T  2  6 1  -1.46553E+00
   14  T  1  7 3  -1.30931E+00
   15  T  2  6 3  -1.27971E+00
   16  T  1  8 3  -1.00226E+00
   17  T  2  7 1  -9.24976E-01
   18  T  2  7 3: -8.10231E-01
   19  T  2  7 5: -8.09784E-01
   20  T  1  9 3  -7.91754E-01
   21  T  3  6 3  -6.98895E-01
   22  T  1 10 3  -6.41227E-01
    2    4    1   10
    1  0.000000E+00
    1  T  1  4 3  -4.00480E+00
    2  T  2  4 3  -3.50060E+00
    3  T  1  5 3  -2.56535E+00
    4  T  2  5 3  -2.06536E+00
    5  T  1  6 3  -1.78146E+00
    6  T  1  7 3  -1.30857E+00
    7  T  2  6 3  -1.28321E+00
    8  T  1  8 3  -1.00167E+00
    9  T  1  9 3  -7.91307E-01
   10  T  1 10 3  -6.40869E-01
    2    5    1    4
    1  0.000000E+00
    1  T  2  4 3  -3.52353E+00
    2  T  2  5 3  -2.07685E+00
    3  T  2  6 3  -1.28964E+00
    4  T  2  7 3  -8.15091E-01
    4    0    0    8
    4  4.051968E+00
    1  T  4  3 1  -4.93039E+00
    2  T  4  4 1  -6.52179E-01
    3  T  4  5 1   1.14496E+00
    4  T  4  6 1   2.07799E+00
    5  T  4  7 1   2.62425E+00
    6  T  4  8 1   2.97145E+00
    7  T  4  9 1   3.20580E+00
    8  T  4 10 1   3.37139E+00
    4    1    0   17
    1  0.000000E+00
    1  T  1  3 0  -9.89408E+00
    2  T  1  3 2  -7.45862E+00
    3  T  1  4 0  -5.08970E+00
    4  T  4  3 1  -4.63657E+00
    5  T  1  4 2  -4.16102E+00
    6  T  1  5 0  -3.07809E+00
    7  T  1  5 2  -2.64758E+00
    8  T  1  6 0  -2.07099E+00
    9  T  1  6 2  -1.82998E+00
   10  T  1  7 0  -1.48792E+00
   11  T  1  7 2  -1.33951E+00
   12  T  1  8 0  -1.12064E+00
   13  T  1  8 2  -1.02259E+00
   14  T  1  9 0  -8.74637E-01
   15  T  1  9 2  -8.06131E-01
   16  T  1 10 0  -7.02473E-01
   17  T  1 10 2  -6.51911E-01
    4    2    0    9
    1  0.000000E+00
    1  T  1  3 2  -7.66123E+00
    2  T  4  3 1  -4.77335E+00
    3  T  1  4 2  -4.22698E+00
    4  T  1  5 2  -2.67982E+00
    5  T  1  6 2  -1.84796E+00
    6  T  1  7 2  -1.35056E+00
    7  T  1  8 2  -1.02989E+00
    8  T  1  9 2  -8.11265E-01
    9  T  1 10 2  -6.56058E-01
    4    3    0    8
    1  0.000000E+00
    1  T  1  3 2  -7.52396E+00
    2  T  1  4 2  -4.18578E+00
    3  T  1  5 2  -2.65875E+00
    4  T  1  6 2  -1.83615E+00
    5  T  1  7 2  -1.34325E+00
    6  T  1  8 2  -1.02499E+00
    7  T  1  9 2  -8.07716E-01
    8  T  1 10 2  -6.52840E-01
    4    0    1    8
    1  0.000000E+00
    1  T  1  3 1  -8.68684E+00
    2  T  1  4 1  -4.61181E+00
    3  T  1  5 1  -2.86350E+00
    4  T  1  6 1  -1.95021E+00
    5  T  1  7 1  -1.41334E+00
    6  T  1  8 1  -1.07116E+00
    7  T  1  9 1  -8.39743E-01
    8  T  1 10 1  -6.75969E-01
    4    1    1   11
    1  0.000000E+00
    1  T  1  3 1  -8.97953E+00
    2  T  4  3 0  -5.77883E+00
    3  T  1  4 1  -4.68839E+00
    4  T  4  3 2  -3.59861E+00
    5  T  1  5 1  -2.90316E+00
    6  T  1  6 1  -1.97404E+00
    7  T  1  7 1  -1.42952E+00
    8  T  1  8 1  -1.08770E+00
    9  T  4  4 0  -9.84681E-01
   10  T  1  9 1  -8.42538E-01
   11  T  1 10 1  -6.79364E-01
    4    2    1   16
    1  0.000000E+00
    1  T  1  3 1  -8.84669E+00
    2  T  1  4 1  -4.66621E+00
    3  T  1  4 3  -4.01452E+00
    4  T  4  3 2  -3.40303E+00
    5  T  1  5 1  -2.88434E+00
    6  T  1  5 3  -2.55638E+00
    7  T  1  6 1  -1.96313E+00
    8  T  1  6 3  -1.77819E+00
    9  T  1  7 1  -1.42143E+00
   10  T  1  7 3  -1.30690E+00
   11  T  1  8 1  -1.07657E+00
   12  T  1  8 3  -1.00072E+00
   13  T  1  9 1  -8.43556E-01
   14  T  1  9 3  -7.90730E-01
   15  T  1 10 1  -6.78776E-01
   16  T  1 10 3  -6.40510E-01
    4    3    1    8
    1  0.000000E+00
    1  T  1  4 3  -4.05353E+00
    2  T  4  3 2  -3.52272E+00
    3  T  1  5 3  -2.56703E+00
    4  T  1  6 3  -1.78475E+00
    5  T  1  7 3  -1.31115E+00
    6  T  1  8 3  -1.00363E+00
    7  T  1  9 3  -7.92823E-01
    8  T  1 10 3  -6.42076E-01
    4    4    1    7
    1  0.000000E+00
    1  T  1  4 3  -4.00669E+00
    2  T  1  5 3  -2.56673E+00
    3  T  1  6 3  -1.78237E+00
    4  T  1  7 3  -1.30918E+00
    5  T  1  8 3  -1.00210E+00
    6  T  1  9 3  -7.91620E-01
    7  T  1 10 3  -6.41100E-01
    0    0    0    0
