   18   16    E
    1    0    0   10
    3  3.187079E-01
    1  C  1  0 0  -2.71474E+00
    2  T  7  4 0  -7.15698E-01
    3  T  3  4 1  -6.38917E-01
    4  T  3  5 1  -2.25515E-01
    5  T  3  6 1  -3.13967E-02
    6  T  3  7 1   7.43464E-02
    7  T  3  8 1   1.38331E-01
    8  T  3  9 1   1.79905E-01
    9  T  3 10 1   2.08114E-01
   10  T  5  3 2   2.25818E-01
    1    1    0   20
    2  1.928970E-01
    1  T  2  4 1  -9.30843E-01
    2  T  3  4 1  -7.61217E-01
    3  T  2  5 1  -4.02802E-01
    4  T  2  4 3  -3.79143E-01
    5  T  3  5 1  -2.72724E-01
    6  T  2  6 1  -1.80053E-01
    7  T  2  5 3  -1.78560E-01
    8  T  6  4 0  -7.89547E-02
    9  T  2  7 1  -6.66074E-02
   10  T  3  6 1  -5.06624E-02
   11  T  2  6 3  -3.38669E-02
   12  T  2  8 1   4.85869E-03
   13  T  2  7 3   1.25999E-02
   14  T  2  9 1   4.87138E-02
   15  T  2  8 3   5.28463E-02
   16  T  3  7 1   6.23813E-02
   17  T  2 10 1   7.99713E-02
   18  T  2  9 3   8.18217E-02
   19  T  2 11 1   1.01365E-01
   20  T  2 10 3   1.02723E-01
    1    2    0   24
    2  1.928970E-01
    1  C  1  0 0  -2.89974E+00
    2  T  2  4 1  -8.03984E-01
    3  T  3  4 1  -7.32705E-01
    4  T  2  4 3  -3.75578E-01
    5  T  2  5 1  -3.63401E-01
    6  T  3  5 1  -2.59676E-01
    7  T  3  4 3  -2.48923E-01
    8  T  5  4 0  -1.90593E-01
    9  T  2  5 3  -1.70481E-01
   10  T  2  6 1  -1.60259E-01
   11  T  2  6 3  -6.23134E-02
   12  T  2  7 1  -5.57313E-02
   13  T  3  6 1  -4.94255E-02
   14  T  3  5 3  -4.18759E-02
   15  T  2  8 1   4.71124E-03
   16  T  2  7 3   7.66370E-03
   17  T  5  3 2   2.73656E-02
   18  T  2  8 3   5.01242E-02
   19  T  2  9 1   5.53638E-02
   20  T  3  6 3   6.59384E-02
   21  T  3  7 1   6.95319E-02
   22  T  2  9 3   8.09107E-02
   23  T  2 10 1   8.42993E-02
   24  T  2 10 3   1.01953E-01
    1    3    0   23
    2  1.928970E-01
    1  T  2  4 1  -8.92193E-01
    2  T  2  5 1  -3.95337E-01
    3  T  2  4 3  -3.74684E-01
    4  T  3  4 3  -2.55197E-01
    5  T  2  5 3  -1.91092E-01
    6  T  2  6 1  -1.76536E-01
    7  T  5  3 2  -1.52907E-01
    8  T  2  7 1  -6.34397E-02
    9  T  2  6 3  -5.97557E-02
   10  T  2  6 5  -5.71083E-02
   11  T  3  5 3  -4.94940E-02
   12  T  2  8 1   5.98972E-03
   13  T  2  7 3   8.35399E-03
   14  T  2  7 5   9.23757E-03
   15  T  2  9 1   4.93524E-02
   16  T  2  8 3   5.06449E-02
   17  T  2  8 5   5.22739E-02
   18  T  3  6 3   5.94721E-02
   19  T  2 10 1   8.04000E-02
   20  T  2  9 3   8.12849E-02
   21  T  2  9 5   8.17935E-02
   22  T  2 11 1   1.01813E-01
   23  T  2 10 3   1.02139E-01
    1    4    0   17
    2  1.928970E-01
    1  T  2  4 3  -3.72661E-01
    2  T  3  4 3  -2.68977E-01
    3  T  5  3 2  -2.35194E-01
    4  T  2  5 3  -1.67848E-01
    5  T  2  6 3  -5.87161E-02
    6  T  2  6 5  -5.71153E-02
    7  T  3  5 3  -4.48295E-02
    8  T  2  7 3   8.01205E-03
    9  T  2  7 5   9.21908E-03
   10  T  2  8 3   5.12071E-02
   11  T  2  8 5   5.22598E-02
   12  T  3  6 3   6.54802E-02
   13  T  3  6 5   6.86993E-02
   14  T  2  9 3   8.09322E-02
   15  T  2  9 5   8.17863E-02
   16  T  2 10 3   1.02171E-01
   17  T  2 10 5   1.02893E-01
    1    5    0   12
    2  1.928970E-01
    1  T  2  4 3  -3.78345E-01
    2  T  2  5 3  -1.74416E-01
    3  T  2  6 3  -6.23576E-02
    4  T  2  6 5  -5.71041E-02
    5  T  2  7 3   5.47205E-03
    6  T  2  7 5   9.22189E-03
    7  T  2  8 3   4.95446E-02
    8  T  2  8 5   5.22701E-02
    9  T  3  6 5   6.87031E-02
   10  T  2  9 3   7.97592E-02
   11  T  2  9 5   8.17850E-02
   12  T  2 10 3   1.01357E-01
    1    0    1    8
    2  1.928970E-01
    1  T  2  3 2  -1.53082E+00
    2  T  2  4 2  -5.58441E-01
    3  T  2  5 2  -2.53732E-01
    4  T  2  6 2  -1.05137E-01
    5  T  2  7 2  -2.03412E-02
    6  T  2  8 2   3.27567E-02
    7  T  2  9 2   6.82247E-02
    8  T  2 10 2   9.30910E-02
    1    1    1   17
    2  1.928970E-01
    1  C  2  0 0  -1.71261E+00
    2  T  3  4 0  -1.03203E+00
    3  T  2  3 2  -9.51525E-01
    4  T  3  3 2  -7.91537E-01
    5  T  2  4 2  -5.11080E-01
    6  T  3  5 0  -3.64340E-01
    7  T  3  4 2  -3.29523E-01
    8  T  2  5 2  -2.36596E-01
    9  T  3  6 0  -1.03434E-01
   10  T  2  6 2  -9.59420E-02
   11  T  3  5 2  -8.63560E-02
   12  T  2  7 2  -1.53874E-02
   13  T  2  8 2   3.30919E-02
   14  T  3  7 0   3.72685E-02
   15  T  3  6 2   4.17480E-02
   16  T  2  9 2   7.05315E-02
   17  T  2 10 2   9.45802E-02
    1    2    1   26
    2  1.928970E-01
    1  T  2  4 0  -1.35484E+00
    2  T  2  3 2  -1.12977E+00
    3  T  3  3 2  -9.60517E-01
    4  T  2  4 2  -5.03106E-01
    5  T  2  5 0  -4.81141E-01
    6  T  3  4 2  -4.05440E-01
    7  T  2  5 2  -2.31109E-01
    8  T  2  6 0  -2.19903E-01
    9  T  2  5 4  -1.67207E-01
   10  T  3  5 2  -1.22513E-01
   11  T  2  7 0  -9.17956E-02
   12  T  2  6 2  -8.66560E-02
   13  T  2  6 4  -5.71786E-02
   14  T  2  7 2  -1.40069E-02
   15  T  2  8 0  -9.46817E-03
   16  T  2  7 4   9.09400E-03
   17  T  3  6 2   2.38544E-02
   18  T  2  8 2   3.79796E-02
   19  T  2  9 0   3.99982E-02
   20  T  2  8 4   5.22144E-02
   21  T  2  9 2   7.11241E-02
   22  T  2 10 0   7.31387E-02
   23  T  2  9 4   8.17246E-02
   24  T  2 10 2   9.48273E-02
   25  T  2 11 0   9.66048E-02
   26  T  2 10 4   1.02818E-01
    1    3    1   20
    2  1.928970E-01
    1  T  2  3 2  -1.14898E+00
    2  T  3  3 2  -9.08348E-01
    3  T  2  4 2  -4.70541E-01
    4  T  3  4 2  -3.81128E-01
    5  T  2  5 2  -2.19372E-01
    6  T  2  5 4  -1.67316E-01
    7  T  3  5 2  -1.09351E-01
    8  T  2  6 2  -8.72791E-02
    9  T  2  6 4  -5.75311E-02
   10  T  3  5 4  -4.11271E-02
   11  T  2  7 2  -1.00787E-02
   12  T  2  7 4   9.10626E-03
   13  T  3  6 2   3.01924E-02
   14  T  2  8 2   3.93885E-02
   15  T  2  8 4   5.21282E-02
   16  T  3  6 4   6.86452E-02
   17  T  2  9 2   7.26839E-02
   18  T  2  9 4   8.17788E-02
   19  T  2 10 2   9.62480E-02
   20  T  2 10 4   1.02836E-01
    1    4    1   19
    2  1.928970E-01
    1  T  2  3 2  -1.38719E+00
    2  T  2  4 2  -5.39302E-01
    3  T  2  5 2  -2.45307E-01
    4  T  2  5 4  -1.67160E-01
    5  T  2  6 2  -1.00407E-01
    6  T  2  6 4  -5.71942E-02
    7  T  3  5 4  -4.13954E-02
    8  T  2  7 2  -1.73818E-02
    9  T  2  7 4   9.18595E-03
   10  T  2  7 6   9.22359E-03
   11  T  2  8 2   3.47272E-02
   12  T  2  8 4   5.22309E-02
   13  T  2  8 6   5.22698E-02
   14  T  3  6 4   6.85012E-02
   15  T  2  9 2   6.96718E-02
   16  T  2  9 4   8.17692E-02
   17  T  2  9 6   8.17899E-02
   18  T  2 10 2   9.40978E-02
   19  T  2 10 6   1.02897E-01
    1    5    1   10
    2  1.928970E-01
    1  T  2  5 4  -1.67280E-01
    2  T  2  6 4  -5.74202E-02
    3  T  3  5 4  -4.12963E-02
    4  T  2  7 4   9.14482E-03
    5  T  2  7 6   9.22335E-03
    6  T  2  8 4   5.21609E-02
    7  T  2  8 6   5.22710E-02
    8  T  3  6 4   6.85778E-02
    9  T  2  9 4   8.17715E-02
   10  T  2  9 6   8.17897E-02
    3    0    0    9
    3  3.187079E-01
    1  T  3  4 1  -7.91943E-01
    2  T  3  5 1  -2.77830E-01
    3  T  3  6 1  -5.66203E-02
    4  T  3  7 1   5.81988E-02
    5  T  5  3 2   7.22885E-02
    6  T  3  8 1   1.30200E-01
    7  T  3  9 1   1.74674E-01
    8  T  3 10 1   2.05034E-01
    9  T  3 11 1   2.26619E-01
    3    1    0   18
    1  0.000000E+00
    1  C  1  0 0  -3.03140E+00
    2  T  1  4 1  -1.05900E+00
    3  T  2  4 1  -8.52020E-01
    4  T  3  4 1  -7.46040E-01
    5  T  1  5 1  -5.71999E-01
    6  T  4  4 0  -4.91690E-01
    7  T  2  5 1  -3.91657E-01
    8  T  2  4 3  -3.71536E-01
    9  T  1  6 1  -3.58947E-01
   10  T  3  5 1  -2.71840E-01
   11  T  1  7 1  -2.52676E-01
   12  T  4  3 2  -2.11489E-01
   13  T  1  8 1  -1.86348E-01
   14  T  2  5 3  -1.70420E-01
   15  T  2  6 1  -1.64140E-01
   16  T  1  9 1  -1.40065E-01
   17  T  1 10 1  -1.11391E-01
   18  T  1 11 1  -9.05041E-02
    3    2    0   26
    2  1.928970E-01
    1  T  2  4 1  -9.18437E-01
    2  T  3  4 1  -7.77916E-01
    3  T  2  5 1  -4.07312E-01
    4  T  5  4 0  -3.92791E-01
    5  T  2  4 3  -3.78066E-01
    6  T  3  5 1  -2.74250E-01
    7  T  3  4 3  -2.53942E-01
    8  T  2  6 1  -1.81782E-01
    9  T  2  5 3  -1.79112E-01
   10  T  4  3 2  -1.42177E-01
   11  T  2  7 1  -6.87103E-02
   12  T  2  6 3  -6.22003E-02
   13  T  3  6 1  -5.39535E-02
   14  T  3  5 3  -5.04909E-02
   15  T  5  3 2  -3.06183E-02
   16  T  2  7 3   4.21825E-03
   17  T  2  8 1   6.39011E-03
   18  T  6  3 2   3.64885E-02
   19  T  2  9 1   4.98366E-02
   20  T  2  8 3   5.28480E-02
   21  T  3  6 3   6.15950E-02
   22  T  3  7 1   6.26113E-02
   23  T  2 10 1   8.01271E-02
   24  T  2  9 3   8.19891E-02
   25  T  2 11 1   1.01656E-01
   26  T  2 10 3   1.02222E-01
    3    3    0   15
    1  0.000000E+00
    1  T  2  4 1  -9.03068E-01
    2  T  1  4 3  -5.68603E-01
    3  T  4  3 2  -4.31777E-01
    4  T  2  5 1  -3.97980E-01
    5  T  2  4 3  -3.75736E-01
    6  T  1  5 3  -3.62590E-01
    7  T  3  4 3  -2.56119E-01
    8  T  1  6 3  -2.51825E-01
    9  T  5  3 2  -2.02576E-01
   10  T  1  7 3  -1.86412E-01
   11  T  2  6 1  -1.79209E-01
   12  T  2  5 3  -1.61907E-01
   13  T  1  8 3  -1.43010E-01
   14  T  1  9 3  -1.13291E-01
   15  T  1 10 3  -9.20075E-02
    3    4    0   17
    2  1.928970E-01
    1  T  2  4 3  -3.91362E-01
    2  T  5  3 2  -3.06045E-01
    3  T  3  4 3  -2.46774E-01
    4  T  2  5 3  -1.70043E-01
    5  T  2  6 3  -6.14879E-02
    6  T  2  6 5  -5.71193E-02
    7  T  3  5 3  -4.77485E-02
    8  T  2  7 3   6.27362E-03
    9  T  2  7 5   9.21680E-03
   10  T  2  8 3   4.97833E-02
   11  T  2  8 5   5.22582E-02
   12  T  3  6 3   6.35115E-02
   13  T  3  6 5   6.86972E-02
   14  T  2  9 3   8.01458E-02
   15  T  2  9 5   8.17844E-02
   16  T  2 10 3   1.01540E-01
   17  T  2 10 5   1.02892E-01
    3    5    0    7
    1  0.000000E+00
    1  T  2  4 3  -3.78452E-01
    2  T  1  6 5  -2.50004E-01
    3  T  1  7 5  -1.83678E-01
    4  T  2  5 3  -1.74467E-01
    5  T  1  8 5  -1.40629E-01
    6  T  1  9 5  -1.11115E-01
    7  T  1 10 5  -9.00028E-02
    3    0    1   12
    1  0.000000E+00
    1  T  1  4 0  -1.30276E+00
    2  T  2  3 2  -1.10240E+00
    3  T  1  5 0  -6.76980E-01
    4  T  2  4 2  -5.04648E-01
    5  T  1  6 0  -4.14747E-01
    6  T  1  7 0  -2.81318E-01
    7  T  2  5 2  -2.35027E-01
    8  T  1  8 0  -2.02550E-01
    9  T  1  9 0  -1.53296E-01
   10  T  1 10 0  -1.20028E-01
   11  T  2  6 2  -9.81998E-02
   12  T  1 11 0  -9.53004E-02
    3    1    1   18
    2  1.928970E-01
    1  C  2  0 0  -2.01253E+00
    2  T  2  3 2  -1.26928E+00
    3  T  3  4 0  -1.06921E+00
    4  T  3  3 2  -1.01015E+00
    5  T  2  4 2  -5.05322E-01
    6  T  3  4 2  -4.13874E-01 X WAS 3 4 3
    7  T  3  5 0  -3.74003E-01
    8  T  2  5 2  -2.34219E-01
    9  T  3  5 2  -1.21481E-01
   10  T  3  6 0  -1.04605E-01
   11  T  2  6 2  -9.44685E-02
   12  T  2  7 2  -1.48711E-02
   13  T  3  6 2   2.11939E-02
   14  T  3  7 0   3.07921E-02
   15  T  2  8 2   3.69645E-02
   16  T  4  4 1   4.32235E-02
   17  T  2  9 2   7.11715E-02
   18  T  2 10 2   9.50841E-02
    3    2    1   20
    1  0.000000E+00
    1  T  1  3 2  -1.57303E+00
    2  T  2  3 2  -1.26960E+00
    3  T  2  4 0  -1.16651E+00
    4  T  3  3 2  -1.04125E+00
    5  T  1  4 2  -6.84444E-01
    6  T  2  4 2  -5.34116E-01
    7  T  2  5 0  -5.00341E-01
    8  T  1  5 2  -4.24492E-01
    9  T  3  4 2  -3.96155E-01
   10  T  1  6 2  -2.85812E-01
   11  T  2  5 2  -2.45028E-01
   12  T  2  6 0  -2.29861E-01
   13  T  1  7 2  -2.04310E-01
   14  T  2  5 4  -1.67164E-01
   15  T  1  8 2  -1.55274E-01
   16  T  1  9 2  -1.23051E-01 X WAS 2 9 2
   17  T  3  5 2  -1.16889E-01
   18  T  2  6 2  -1.01864E-01
   19  T  1 10 2  -9.63804E-02
   20  T  2  7 0  -9.19993E-02
    3    3    1   20
    2  1.928970E-01
    1  T  2  3 2  -1.51391E+00
    2  T  3  3 2  -1.28977E+00
    3  T  3  4 2  -5.53058E-01 X WAS 2 4 2
    4  T  2  4 2  -4.19193E-01
    5  T  2  5 2  -2.50070E-01
    6  T  2  5 4  -1.67372E-01
    7  T  3  5 2  -1.24078E-01
    8  T  2  6 2  -1.01777E-01
    9  T  2  6 4  -5.75764E-02
   10  T  3  5 4  -4.12322E-02
   11  T  2  7 2  -1.93508E-02
   12  T  2  7 4   9.04985E-03
   13  T  3  6 2   2.29476E-02
   14  T  2  8 2   3.41546E-02
   15  T  2  8 4   5.21007E-02
   16  T  3  6 4   6.84496E-02
   17  T  2  9 2   6.87795E-02
   18  T  2  9 4   8.17540E-02
   19  T  2 10 2   9.32030E-02
   20  T  2 10 4   1.02795E-01
    3    4    1   11
    1  0.000000E+00
    1  T  2  3 2  -1.42350E+00
    2  T  2  4 2  -5.43247E-01
    3  T  1  5 4  -3.60096E-01
    4  T  1  6 4  -2.50087E-01
    5  T  2  5 2  -2.46824E-01
    6  T  1  7 4  -1.83741E-01
    7  T  2  5 4  -1.67274E-01
    8  T  1  8 4  -1.40676E-01
    9  T  1  9 4  -1.11150E-01
   10  T  2  6 2  -1.01195E-01
   11  T  1 10 4  -9.00301E-02 X WAS 1 10 5
    3    5    1   10
    2  1.928970E-01
    1  T  2  5 4  -1.67410E-01
    2  T  2  6 4  -5.75566E-02
    3  T  3  5 4  -4.13742E-02
    4  T  2  7 4   9.04326E-03
    5  T  2  7 6   9.22328E-03
    6  T  2  8 4   5.20798E-02 X WAS 2 8 5
    7  T  2  8 6   5.22702E-02
    8  T  3  6 4   6.84941E-02
    9  T  2  9 4   8.17158E-02
   10  T  2  9 6   8.17881E-02
    5    1    0   10
    1  0.000000E+00
    1  T  1  4 1  -1.10769E+00
    2  T  1  5 1  -5.96180E-01
    3  T  4  4 0  -5.29560E-01
    4  T  1  6 1  -3.75615E-01
    5  T  4  3 2  -3.06756E-01
    6  T  1  7 1  -2.55831E-01
    7  T  1  8 1  -1.87664E-01
    8  T  1  9 1  -1.43284E-01
    9  T  1 10 1  -1.12960E-01
   10  T  1 11 1  -9.13355E-02
    5    2    0   10
    4  1.076471E+00
    1  T  4  3 2  -7.48430E-01
    2  C  5  0 0   1.46446E-01
    3  T  4  4 2   3.09927E-01
    4  C  5  0 0   5.33593E-01
    5  T  4  5 2   6.28119E-01
    6  T  4  6 2   7.77065E-01
    7  T  4  7 2   8.62470E-01
    8  T  4  8 2   9.15886E-01
    9  T  4  9 2   9.51524E-01
   10  T  4 10 2   9.76487E-01
    5    3    0    8
    1  0.000000E+00
    1  T  4  3 2  -5.98336E-01
    2  T  1  4 3  -5.38828E-01
    3  T  1  5 3  -3.65107E-01
    4  T  1  6 3  -2.54430E-01
    5  T  1  7 3  -1.86981E-01
    6  T  1  8 3  -1.43076E-01
    7  T  1  9 3  -1.12953E-01
    8  T  1 10 3  -9.14096E-02
    5    0    1    8
    1  0.000000E+00
    1  T  1  4 0  -1.37695E+00
    2  T  1  5 0  -6.97634E-01
    3  T  1  6 0  -4.24586E-01
    4  T  1  7 0  -2.86101E-01
    5  T  1  8 0  -2.05936E-01
    6  T  1  9 0  -1.55334E-01
    7  T  1 10 0  -1.21343E-01
    8  T  1 11 0  -9.74085E-02
    5    1    1    9
    4  1.076471E+00
    1  T  4  4 1  -6.22605E-02
    2  T  4  5 1   4.71712E-01
    3  T  4  6 1   6.98099E-01
    4  T  4  7 1   8.16653E-01
    5  T  4  8 1   8.86885E-01
    6  C  6  0 0   9.08097E-01
    7  T  4  9 1   9.31998E-01
    8  T  4 10 1   9.62709E-01
    9  T  4 11 1   9.84565E-01
    5    2    1    8
    1  0.000000E+00
    1  T  1  3 2  -1.68977E+00
    2  T  1  4 2  -7.44525E-01
    3  T  1  5 2  -4.43530E-01
    4  T  1  6 2  -2.96387E-01
    5  T  1  7 2  -2.12336E-01
    6  T  1  8 2  -1.59665E-01
    7  T  1  9 2  -1.24463E-01
    8  T  1 10 2  -9.97759E-02
    5    3    1    8
    4  1.076471E+00
    1  T  4  4 3   4.98229E-01
    2  T  4  5 3   7.05714E-01
    3  T  4  6 3   8.18908E-01
    4  T  4  7 3   8.87303E-01
    5  T  4  8 3   9.31279E-01
    6  C  6  0 0   9.43519E-01
    7  T  4  9 3   9.62753E-01
    8  T  4 10 3   9.84337E-01
    5    4    1    6
    1  0.000000E+00
    1  T  1  5 4  -3.60208E-01
    2  T  1  6 4  -2.50198E-01
    3  T  1  7 4  -1.83830E-01
    4  T  1  8 4  -1.40745E-01
    5  T  1  9 4  -1.11203E-01
    6  T  1 10 4  -9.00706E-02
    0    0    0    0
