   18   13    E
    2    0    1    8
    5  2.475503E+00
    1  C  6  0 0: -7.61719E-01
    2  T  5  4 1: -7.01879E-01
    3  T  5  5 1   5.94138E-01
    4  T  5  6 1   1.23491E+00
    5  T  5  7 1   1.59480E+00
    6  T  5  8 1   1.81764E+00
    7  T  5  9 1   1.96532E+00
    8  T  5 10 1   2.06826E+00
    2    0    0   14
    1  0.000000E+00
    1  C  1  0 0  -5.12980E+00
    2  T  1  4 0  -3.56269E+00
    3  T  4  3 2  -2.12700E+00
    4  T  1  5 0  -2.05141E+00
    5  T  2  4 1  -1.87456E+00
    6  T  3  4 1  -1.52338E+00
    7  T  1  6 0  -1.32601E+00
    8  C  3  0 0  -1.18814E+00
    9  T  1  7 0  -9.34629E-01
   10  T  2  5 1  -7.40111E-01
   11  T  1  8 0  -6.92765E-01
   12  T  6  4 0  -6.03662E-01
   13  T  1  9 0  -5.34349E-01
   14  T  1 10 0  -4.24887E-01
    2    1    1   21
    1  0.000000E+00
    1  T  1  3 1  -6.68097E+00
    2  C  2  0 0  -4.03060E+00
    3  T  2  3 2  -3.24752E+00
    4  T  1  4 1  -3.13965E+00
    5  T  3  3 2  -3.07740E+00
    6  T  2  4 0  -2.42450E+00
    7  T  3  4 0  -1.99606E+00
    8  T  1  5 1  -1.83622E+00
    9  T  2  4 2  -1.42710E+00
   10  T  1  6 1  -1.22817E+00
   11  T  2  5 0  -9.78604E-01
   12  T  3  4 2  -9.62191E-01
   13  T  1  7 1  -8.68644E-01
   14  T  4  4 1  -6.63588E-01
   15  T  1  8 1  -6.52260E-01
   16  T  5  4 1  -5.35983E-01
   17  T  2  5 2  -5.13046E-01
   18  T  1  9 1  -5.09683E-01
   19  T  3  5 0  -4.80245E-01
   20  T  1 10 1  -4.05183E-01
   21  T  6  4 1  -3.95402E-01
    2    1    0   20
    2  1.045620E+00
    1  C  1  0 0  -5.00684E+00
    2  T  4  3 2: -2.58635E+00
    3  T  2  4 1  -2.16778E+00
    4  T  5  3 2: -2.08204E+00
    5  T  3  4 1  -1.56714E+00
    6  C  3  0 0  -1.11217E+00
    7  T  5  4 0  -9.81418E-01
    8  T  2  5 1  -7.72623E-01
    9  T  3  5 1  -2.95454E-01
   10  T  2  6 1  -1.89698E-01
   11  T  4  4 2: -8.86486E-02
   12  T  5  4 2: -3.12158E-02
   13  T  2  7 1   1.65999E-01
   14  T  3  6 1   3.27539E-01
   15  T  2  8 1   3.81954E-01
   16  T  7  4 2   4.21363E-01
   17  T  5  5 0   4.82692E-01
   18  T  2  9 1   5.45201E-01
   19  T  2 10 1   6.40995E-01
   20  T  3  7 1   6.81915E-01
    2    2    1   23
    2  1.045620E+00
    1  C  2  0 0  -4.36910E+00
    2  T  2  3 2  -3.70479E+00
    3  T  3  3 2  -3.05673E+00
    4  T  2  4 2  -1.54429E+00
    5  T  3  4 2  -1.01882E+00
    6  C  4  0 0  -8.52189E-01
    7  T  4  4 1  -7.32715E-01
    8  T  2  5 2  -6.00080E-01
    9  T  5  4 1  -4.79587E-01
   10  C  5  0 0  -2.43585E-01
   11  T  7  4 1  -1.15144E-01
   12  T  2  6 2  -4.35672E-02
   13  T  3  5 2  -3.74371E-02
   14  C  6  0 0   7.13525E-02
   15  T  4  4 3   1.40797E-01
   16  T  5  4 3   2.15042E-01
   17  T  2  7 2   2.53618E-01
   18  T  8  4 1   3.05936E-01
   19  T  2  8 2   4.44150E-01
   20  T  3  6 2   4.72795E-01
   21  T  4  5 1   5.57303E-01
   22  T  2  9 2   5.74323E-01
   23  T  2 10 2   6.55670E-01
    2    2    0   21
    1  0.000000E+00
    1  C  1  0 0  -5.50715E+00
    2  T  1  3 2  -4.68890E+00
    3  T  1  4 2  -2.55678E+00
    4  T  4  3 2  -2.35374E+00
    5  T  6  3 2: -2.09583E+00
    6  T  2  4 1  -1.97053E+00
    7  T  5  3 2: -1.77856E+00
    8  T  1  5 2  -1.64108E+00
    9  C  3  0 0  -1.59128E+00
   10  T  3  4 1  -1.50408E+00
   11  T  2  4 3  -1.13962E+00
   12  T  1  6 2  -1.08326E+00
   13  T  4  4 0  -1.08149E+00
   14  T  1  7 2  -7.89998E-01
   15  T  2  5 1  -7.79174E-01
   16  T  3  4 3  -6.98401E-01
   17  T  1  8 2  -5.98893E-01
   18  T  1  9 2  -4.80320E-01
   19  T  3  5 1  -4.56759E-01
   20  T  1 10 2  -3.79827E-01
   21  T  2  5 3  -3.77594E-01
    2    3    1   16
    1  0.000000E+00
    1  T  2  3 2  -3.55068E+00
    2  T  3  3 2  -3.25176E+00
    3  T  1  4 3  -2.28412E+00
    4  T  2  4 2  -1.47851E+00
    5  T  1  5 3  -1.45349E+00
    6  T  3  4 2  -1.03902E+00
    7  T  1  6 3  -1.00728E+00
    8  C  5  0 0  -8.83125E-01
    9  T  1  7 3  -7.45440E-01
   10  T  4  4 1  -6.70591E-01
   11  T  1  8 3  -5.69670E-01
   12  T  2  5 2  -5.27761E-01
   13  T  1  9 3  -4.49790E-01
   14  T  2  5 4  -4.03372E-01
   15  T  7  4 1  -3.85665E-01
   16  T  1 10 3  -3.63919E-01
    2    3    0   16
    2  1.045620E+00
    1  T  4  3 2  -2.73903E+00
    2  T  5  3 2  -2.05056E+00
    3  C  3  0 0  -1.36252E+00
    4  T  2  4 3  -1.19878E+00
    5  T  3  4 3  -7.51106E-01
    6  T  2  5 3  -4.24351E-01
    7  T  4  4 2  -1.53479E-01
    8  T  5  4 2  -4.50986E-02
    9  T  2  6 3   3.20903E-02
   10  T  3  5 3   8.26547E-02
   11  T  2  7 3   2.99755E-01
   12  T  7  4 2   3.80992E-01
   13  T  2  8 3   4.75020E-01
   14  T  3  6 3   5.33016E-01
   15  T  2  9 3   5.95727E-01
   16  T  2 10 3   6.81323E-01
    2    4    1   12
    2  1.045620E+00
    1  C  7  0 0  -7.34810E-01
    2  T  2  5 4  -4.26245E-01
    3  C  4  0 0  -2.02309E-01
    4  T  2  6 4   1.68174E-02
    5  T  4  4 3   5.32738E-02
    6  T  3  5 4   1.19949E-01
    7  T  5  4 3   2.49083E-01
    8  T  2  7 4   3.29147E-01
    9  T  2  8 4   4.81203E-01
   10  T  3  6 4   5.45673E-01
   11  T  2  9 4   5.96203E-01
   12  T  7  4 3   6.49103E-01
    2    4    0   10
    1  0.000000E+00
    1  T  4  3 2  -2.51558E+00
    2  C  6  0 0  -1.67554E+00
    3  T  1  5 4  -1.45623E+00
    4  T  2  4 3  -1.16223E+00
    5  T  1  6 4  -1.01789E+00
    6  T  1  7 4  -7.76303E-01
    7  T  3  4 3  -6.87069E-01
    8  T  1  8 4  -5.56779E-01
    9  T  1  9 4  -4.43512E-01
   10  T  2  5 3  -3.88962E-01
    2    5    1    7
    1  0.000000E+00
    1  T  1  6 5  -1.00141E+00
    2  T  1  7 5  -7.36143E-01
    3  C  7  0 0  -6.79779E-01
    4  T  1  8 5  -5.63761E-01
    5  T  1  9 5  -4.45515E-01
    6  T  2  5 4  -3.94961E-01
    7  T  1 10 5  -3.60906E-01
    4    0    1    9
    5  2.475503E+00
    1  C  2  0 0  -4.25942E+00
    2  T  5  4 1  -6.04295E-01
    3  C  6  0 0  -2.86442E-01
    4  T  5  5 1   6.43521E-01
    5  T  5  6 1   1.25805E+00
    6  T  5  7 1   1.60775E+00
    7  T  5  8 1   1.82568E+00
    8  T  5  9 1   1.97067E+00
    9  T  5 10 1   2.07201E+00
    4    0    0    8
    2  1.045620E+00
    1  T  2  4 1  -2.04423E+00
    2  T  2  5 1  -7.86952E-01
    3  T  2  6 1  -1.73529E-01
    4  T  2  7 1   1.76816E-01
    5  T  2  8 1   3.92605E-01
    6  T  7  4 2   4.19140E-01
    7  T  2  9 1   5.41137E-01
    8  T  2 10 1   6.42290E-01
    4    1    1   19
    2  1.045620E+00
    1  T  2  3 2  -3.82893E+00
    2  T  2  4 0  -2.53027E+00
    3  T  2  4 2  -1.47003E+00
    4  T  2  5 0  -1.00585E+00
    5  C  6  0 0  -6.79919E-01
    6  T  5  4 1  -6.11954E-01
    7  T  2  5 2  -5.11118E-01
    8  T  2  6 0  -2.87136E-01
    9  T  7  4 1  -1.03383E-01
   10  T  2  6 2  -2.66223E-02
   11  T  2  7 0   1.10645E-01
   12  T  2  7 2   2.63718E-01
   13  T  2  8 0   3.52358E-01
   14  T  2  8 2   4.50932E-01
   15  T  2  9 0   5.11006E-01
   16  T  2  9 2   5.77250E-01
   17  T  2 10 0   6.19768E-01
   18  T  5  5 1   6.43456E-01
   19  T  2 10 2   6.71854E-01
    4    1    0   14
    2  1.045620E+00
    1  C  1  0 0  -5.80453E+00
    2  T  5  3 2  -2.27981E+00
    3  T  2  4 1  -2.07096E+00
    4  C  3  0 0  -1.81837E+00
    5  T  5  4 0  -1.04056E+00
    6  T  2  5 1  -7.99486E-01
    7  T  2  6 1  -1.81513E-01
    8  T  5  4 2  -6.90650E-02
    9  T  2  7 1   1.72486E-01
   10  T  2  8 1   3.89934E-01
   11  T  5  5 0   4.50643E-01
   12  T  7  4 2   5.12993E-01
   13  T  2  9 1   5.41973E-01
   14  T  2 10 1   6.41325E-01
    4    2    1   14
    2  1.045620E+00
    1  T  2  3 2  -3.80178E+00
    2  T  2  4 2  -1.54607E+00
    3  C  6  0 0  -7.68903E-01
    4  T  5  4 1  -6.74269E-01
    5  T  2  5 2  -5.41346E-01
    6  C  4  0 0  -5.17648E-01
    7  T  7  4 1  -1.72618E-01
    8  T  2  6 2  -3.67567E-02
    9  T  5  4 3   1.80652E-01
   10  T  2  7 2   2.55835E-01
   11  T  2  8 2   4.44492E-01
   12  T  2  9 2   5.70968E-01
   13  T  5  5 1   6.24726E-01
   14  T  2 10 2   6.69722E-01
    4    2    0   18
    2  1.045620E+00
    1  T  5  3 2  -2.55668E+00
    2  T  2  4 1  -2.11916E+00
    3  T  2  4 3  -1.22920E+00
    4  T  2  5 1  -8.21903E-01
    5  T  7  4 0  -5.82155E-01
    6  T  2  5 3  -4.14740E-01
    7  T  2  6 1  -1.87023E-01
    8  T  5  4 2  -3.21121E-02
    9  T  2  6 3   3.28482E-02
   10  T  2  7 1   1.70014E-01
   11  T  2  7 3   3.01816E-01
   12  T  7  4 2   3.54552E-01
   13  T  2  8 1   3.91246E-01
   14  T  2  8 3   4.76816E-01
   15  T  2  9 1   5.37328E-01
   16  T  2  9 3   5.96664E-01
   17  T  2 10 1   6.39576E-01
   18  T  2 10 3   6.82292E-01
    4    3    1   17
    2  1.045620E+00
    1  T  2  3 2  -4.07084E+00
    2  T  2  4 2  -1.50663E+00
    3  C  4  0 0  -6.89951E-01
    4  T  2  5 2  -5.40991E-01
    5  T  2  5 4  -3.95802E-01
    6  T  7  4 1  -1.52534E-01
    7  T  2  6 2  -3.83733E-02
    8  T  2  6 4   3.54036E-02
    9  T  5  4 3   2.00206E-01
   10  T  2  7 2   2.61573E-01
   11  T  2  7 4   3.20091E-01
   12  T  2  8 2   4.49130E-01
   13  T  2  8 4   4.84311E-01
   14  T  2  9 2   5.76926E-01
   15  T  2  9 4   5.94265E-01
   16  T  7  4 3   6.15191E-01
   17  T  2 10 2   6.68479E-01
    4    3    0   11
    2  1.045620E+00
    1  T  5  3 2  -2.65546E+00
    2  C  3  0 0  -1.99463E+00
    3  T  2  4 3  -1.28364E+00
    4  T  2  5 3  -4.38488E-01
    5  T  5  4 2  -8.52033E-02
    6  T  2  6 3   2.05464E-02
    7  T  2  7 3   2.93858E-01
    8  T  7  4 2   4.39411E-01
    9  T  2  8 3   4.76081E-01
   10  T  2  9 3   5.94191E-01
   11  T  2 10 3   6.80353E-01
    4    4    1    8
    2  1.045620E+00
    1  C  4  0 0  -1.01566E+00
    2  T  2  5 4  -4.24670E-01
    3  T  2  6 4   1.25908E-02
    4  T  5  4 3   1.55384E-01
    5  T  2  7 4   3.11762E-01
    6  T  2  8 4   4.79126E-01
    7  T  2  9 4   5.95880E-01
    8  T  7  4 3   6.67760E-01
    4    4    0   12
    2  1.045620E+00
    1  T  2  4 3  -1.28004E+00
    2  T  2  5 3  -4.36109E-01
    3  T  2  6 3   2.04081E-02
    4  T  2  6 5   4.71856E-02
    5  T  2  7 3   2.94470E-01
    6  T  2  7 5   3.11509E-01
    7  T  7  4 2   3.67948E-01
    8  T  2  8 3   4.72778E-01
    9  T  2  8 5   4.83556E-01
   10  T  2  9 3   5.93807E-01
   11  T  2  9 5   6.01321E-01
   12  T  2 10 3   6.80231E-01
    4    5    1    6
    2  1.045620E+00
    1  T  2  5 4  -3.99547E-01
    2  T  2  6 4   3.98265E-02
    3  T  2  7 4   3.05044E-01
    4  T  2  8 4   4.75324E-01
    5  T  7  4 3   5.74236E-01
    6  T  2  9 4   6.16213E-01
    0    0    0    0
