   18    6    E
    1    0    1   12
    5  4.722029E+00
    1  T  5  3 1  -1.61384E+01
    2  T  7  3 2  -1.25042E+01
    3  T  5  4 1  -6.63329E+00
    4  T  7  4 2  -3.88610E+00
    5  T  5  5 1  -2.41841E+00
    6  T  5  6 1  -1.95164E-01
    7  T  7  5 2   6.75480E-02
    8  T  5  7 1   1.13883E+00
    9  T  5  8 1   1.99065E+00
   10  T  7  6 2   2.19208E+00
   11  T  5  9 1   2.57387E+00
   12  T  5 10 1   2.98689E+00
    1    1    1   34
    1  0.000000E+00
    1  C  2  0 0  -4.42657E+01
    2  T  1  3 0  -2.15560E+01
    3  T  1  3 2  -1.89337E+01
    4  T  3  3 1  -1.69045E+01
    5  T  4  3 1  -1.59442E+01
    6  T  5  3 1  -1.51991E+01
    7  T  8  3 0  -1.33075E+01
    8  T  7  3 2  -1.22224E+01
    9  T  1  4 0  -1.16534E+01
   10  T  8  3 2  -1.07322E+01
   11  T  1  4 2  -1.06352E+01
   12  T  3  4 1  -7.68766E+00
   13  T  1  5 0  -7.31740E+00
   14  T  3  4 3  -7.03481E+00
   15  T  1  5 2  -6.81794E+00
   16  T  4  4 1  -6.69967E+00
   17  T  5  4 1  -6.32348E+00
   18  T  1  6 0  -4.99953E+00
   19  T  1  6 2  -4.72356E+00
   20  T  7  4 2  -3.80035E+00
   21  T  8  4 0  -3.76670E+00
   22  T  1  7 0  -3.64153E+00
   23  T  3  5 1  -3.49963E+00
   24  T  1  7 2  -3.46823E+00
   25  T  3  5 3  -3.28180E+00
   26  T  1  8 0  -2.77310E+00
   27  T  8  4 2  -2.68254E+00
   28  T  1  8 2  -2.65371E+00
   29  T  4  5 1  -2.55020E+00
   30  T  5  5 1  -2.28762E+00
   31  T  1  9 0  -2.16620E+00
   32  T  1  9 2  -2.09511E+00
   33  T  1 10 0  -1.75359E+00
   34  T  1 10 2  -1.69659E+00
    1    2    1   25
    1  0.000000E+00
    1  C  2  0 0  -4.49195E+01
    2  T  1  3 2  -1.96015E+01
    3  T  3  3 1  -1.71337E+01
    4  T  5  3 1  -1.54513E+01
    5  T  7  3 0  -1.41846E+01
    6  T  7  3 2  -1.20145E+01
    7  T  8  3 2  -1.12959E+01
    8  T  1  4 2  -1.08825E+01
    9  T  3  4 1  -7.75637E+00
   10  T  3  4 3  -7.08047E+00
   11  T  1  5 2  -6.91737E+00
   12  T  5  4 1  -6.42098E+00
   13  T  5  4 3  -5.87947E+00
   14  T  1  6 2  -4.78548E+00
   15  T  7  4 0  -4.62057E+00
   16  T  7  4 2  -3.68508E+00
   17  T  3  5 1  -3.56982E+00
   18  T  1  7 2  -3.50550E+00
   19  T  3  5 3  -3.29800E+00
   20  T  8  4 2  -2.90629E+00
   21  T  1  8 2  -2.67821E+00
   22  T  5  5 1  -2.32209E+00
   23  T  1  9 2  -2.11276E+00
   24  T  5  5 3  -2.05933E+00
   25  T  1 10 2  -1.70929E+00
    1    3    1   26
    1  0.000000E+00
    1  T  1  3 2  -1.89399E+01
    2  T  3  3 1  -1.69822E+01
    3  T  7  3 2  -1.18033E+01
    4  T  8  3 2  -1.11503E+01
    5  T  1  4 2  -1.06527E+01
    6  T  3  4 1  -7.75685E+00
    7  T  3  4 3  -7.12505E+00
    8  T  1  5 2  -6.81043E+00
    9  T  1  5 4  -6.76897E+00
   10  T  4  4 3  -6.06664E+00
   11  T  5  4 3  -5.80462E+00
   12  T  1  6 2  -4.72541E+00
   13  T  1  6 4  -4.68591E+00
   14  T  3  5 1  -3.69464E+00
   15  T  7  4 2  -3.56046E+00
   16  T  1  7 2  -3.46864E+00
   17  T  1  7 4  -3.44635E+00
   18  T  3  5 3  -3.30651E+00
   19  T  8  4 2  -2.80418E+00
   20  T  1  8 2  -2.65415E+00
   21  T  1  8 4  -2.63997E+00
   22  T  4  5 3  -2.26777E+00
   23  T  1  9 2  -2.09601E+00
   24  T  1  9 4  -2.08951E+00
   25  T  5  5 3  -2.02192E+00
   26  T  1 10 2  -1.69708E+00
    1    4    1   12
    1  0.000000E+00
    1  T  7  3 2  -1.24205E+01
    2  T  3  4 3  -7.14898E+00
    3  T  1  5 4  -6.77564E+00
    4  T  5  4 3  -5.86504E+00
    5  T  1  6 4  -4.69461E+00
    6  T  7  4 2  -3.84765E+00
    7  T  1  7 4  -3.45221E+00
    8  T  3  5 3  -3.31709E+00
    9  T  1  8 4  -2.64319E+00
   10  T  1  9 4  -2.09788E+00
   11  T  5  5 3  -2.04564E+00
   12  T  1 10 4  -1.69021E+00
    1    5    1   11
    1  0.000000E+00
    1  T  3  4 3  -7.11764E+00
    2  T  1  5 4  -6.74537E+00
    3  T  1  6 4  -4.69290E+00
    4  T  1  7 4  -3.45042E+00
    5  T  1  7 6  -3.44882E+00
    6  T  3  5 3  -3.30477E+00
    7  T  1  8 6  -2.64074E+00
    8  T  1  8 4  -2.63977E+00
    9  T  1  9 6  -2.08655E+00
   10  T  1  9 4  -2.08594E+00
   11  T  1 10 4  -1.69014E+00
    1    6    1    4
    1  0.000000E+00
    1  T  1  7 6  -3.44909E+00
    2  T  1  8 6  -2.64077E+00
    3  T  1  9 6  -2.08657E+00
    4  T  1 10 6  -1.69014E+00
    3    0    1   19
    2  1.893983E+00
    1  C  2  0 0  -4.48732E+01
    2  T  2  3 1  -1.89209E+01
    3  T  5  3 1  -1.57538E+01
    4  T  6  3 0  -1.48056E+01
    5  T  7  3 2  -1.18986E+01
    6  T  2  4 1  -9.42179E+00
    7  T  5  4 1  -6.45511E+00
    8  T  6  4 0  -5.52645E+00
    9  T  2  5 1  -5.14857E+00
   10  T  7  4 2  -3.67385E+00
   11  T  2  6 1  -3.00803E+00
   12  T  5  5 1  -2.33250E+00
   13  T  2  7 1  -1.68918E+00
   14  T  6  5 0  -1.16766E+00
   15  T  2  8 1  -8.26466E-01
   16  T  2  9 1  -2.52271E-01
   17  T  5  6 1  -1.45541E-01
   18  T  2 10 1   1.60555E-01
   19  T  7  5 2   1.66346E-01
    3    1    1   38
    1  0.000000E+00
    1  C  2  0 0  -4.61227E+01
    2  T  1  3 0  -2.17458E+01
    3  T  1  3 2  -1.92900E+01
    4  T  2  3 1  -1.82154E+01
    5  T  3  3 1  -1.67590E+01
    6  T  4  3 1  -1.60076E+01
    7  T  5  3 1  -1.57910E+01
    8  T  8  3 0  -1.35365E+01
    9  T  7  3 2  -1.20516E+01
   10  T  1  4 0  -1.17151E+01
   11  T  8  3 2  -1.14483E+01
   12  T  1  4 2  -1.07828E+01
   13  T  2  4 1  -9.17473E+00
   14  T  3  4 1  -7.72538E+00
   15  T  1  5 0  -7.32853E+00
   16  T  3  4 3  -7.05246E+00
   17  T  1  5 2  -6.88242E+00
   18  T  4  4 1  -6.73080E+00
   19  T  5  4 1  -6.50454E+00
   20  T  2  5 1  -5.12358E+00
   21  T  1  6 0  -5.01290E+00
   22  T  1  6 2  -4.76069E+00
   23  T  8  4 0  -3.78944E+00
   24  T  7  4 2  -3.72812E+00
   25  T  1  7 0  -3.65468E+00
   26  T  3  5 1  -3.57045E+00
   27  T  1  7 2  -3.49057E+00
   28  T  3  5 3  -3.28908E+00
   29  T  2  6 1  -2.94569E+00
   30  T  8  4 2  -2.92349E+00
   31  T  1  8 0  -2.77583E+00
   32  T  1  8 2  -2.66938E+00
   33  T  4  5 1  -2.58880E+00
   34  T  5  5 1  -2.35832E+00
   35  T  1  9 0  -2.17568E+00
   36  T  1  9 2  -2.10587E+00
   37  T  1 10 0  -1.75747E+00
   38  T  1 10 2  -1.70426E+00
    3    2    1   34
    1  0.000000E+00
    1  C  2  0 0  -4.67720E+01
    2  T  1  3 2  -1.93480E+01
    3  T  2  3 1  -1.84074E+01
    4  T  3  3 1  -1.69518E+01
    5  T  5  3 1  -1.59293E+01
    6  T  7  3 0  -1.44188E+01
    7  T  6  3 2  -1.30256E+01
    8  T  7  3 2  -1.21849E+01
    9  T  8  3 2  -1.13090E+01
   10  T  1  4 2  -1.07983E+01
   11  T  2  4 1  -9.24529E+00
   12  T  2  4 3  -8.68457E+00
   13  T  3  4 1  -7.77165E+00
   14  T  3  4 3  -7.09825E+00
   15  T  1  5 2  -6.88486E+00
   16  T  5  4 1  -6.55177E+00
   17  T  5  4 3  -5.87579E+00
   18  T  2  5 1  -5.16637E+00
   19  T  2  5 3  -4.89094E+00
   20  T  1  6 2  -4.76313E+00
   21  T  7  4 0  -4.66360E+00
   22  T  6  4 2  -4.56090E+00
   23  T  7  4 2  -3.81612E+00
   24  T  3  5 1  -3.62012E+00
   25  T  1  7 2  -3.49236E+00
   26  T  3  5 3  -3.30767E+00
   27  T  2  6 1  -2.96171E+00
   28  T  8  4 2  -2.87979E+00
   29  T  2  6 3  -2.80508E+00
   30  T  1  8 2  -2.66959E+00
   31  T  5  5 1  -2.37488E+00
   32  T  1  9 2  -2.10670E+00
   33  T  5  5 3  -2.05662E+00
   34  T  1 10 2  -1.70483E+00
    3    3    1   29
    1  0.000000E+00
    1  T  1  3 2  -1.95895E+01
    2  T  3  3 1  -1.71189E+01
    3  T  7  3 2  -1.25442E+01
    4  T  8  3 2  -1.15513E+01
    5  T  1  4 2  -1.08835E+01
    6  T  2  4 3  -8.63190E+00
    7  T  3  4 1  -7.80418E+00
    8  T  3  4 3  -7.14849E+00
    9  T  1  5 2  -6.92041E+00
   10  T  1  5 4  -6.76951E+00
   11  T  4  4 3  -6.08458E+00
   12  T  5  4 3  -5.81767E+00
   13  T  2  5 3  -4.85211E+00
   14  T  1  6 2  -4.78520E+00
   15  T  1  6 4  -4.68622E+00
   16  T  7  4 2  -3.89350E+00
   17  T  3  5 1  -3.64150E+00
   18  T  1  7 2  -3.50552E+00
   19  T  1  7 4  -3.44668E+00
   20  T  3  5 3  -3.32683E+00
   21  T  8  4 2  -2.94663E+00
   22  T  2  6 3  -2.79118E+00
   23  T  1  8 2  -2.67850E+00
   24  T  1  8 4  -2.64024E+00
   25  T  4  5 3  -2.28245E+00
   26  T  1  9 2  -2.11335E+00
   27  T  1  9 4  -2.09008E+00
   28  T  5  5 3  -2.03061E+00
   29  T  1 10 2  -1.70941E+00
    3    4    1   16
    1  0.000000E+00
    1  T  7  3 2  -1.24702E+01
    2  T  2  4 3  -8.68881E+00
    3  T  3  4 3  -7.16939E+00
    4  T  1  5 4  -6.77556E+00
    5  T  5  4 3  -5.87186E+00
    6  T  2  5 3  -4.87728E+00
    7  T  1  6 4  -4.69465E+00
    8  T  7  4 2  -3.86018E+00
    9  T  1  7 4  -3.45250E+00
   10  T  3  5 3  -3.33363E+00
   11  T  2  6 3  -2.80692E+00
   12  T  2  6 5  -2.80156E+00
   13  T  1  8 4  -2.64307E+00
   14  T  1  9 4  -2.09841E+00
   15  T  5  5 3  -2.05020E+00
   16  T  1 10 4  -1.69025E+00
    3    5    1   12
    1  0.000000E+00
    1  T  3  4 3  -7.13223E+00
    2  T  1  5 4  -6.74532E+00
    3  T  1  6 4  -4.69331E+00
    4  T  1  7 4  -3.45133E+00
    5  T  1  7 6  -3.44887E+00
    6  T  3  5 3  -3.31360E+00
    7  T  2  6 5  -2.79923E+00
    8  T  1  8 6  -2.64077E+00
    9  T  1  8 4  -2.63993E+00
   10  T  1  9 4: -2.08661E+00
   11  T  1  9 6  -2.08607E+00
   12  T  1 10 4  -1.69022E+00
    3    6    1    5
    1  0.000000E+00
    1  T  1  7 6  -3.44909E+00
    2  T  2  6 5  -2.80095E+00
    3  T  1  8 6  -2.64077E+00
    4  T  1  9 6  -2.08657E+00
    5  T  1 10 6  -1.69014E+00
    5    0    1   12
    2  1.893983E+00
    1  C  2  0 0  -4.85846E+01
    2  T  2  3 1  -1.83266E+01
    3  T  6  3 0  -1.54418E+01
    4  T  2  4 1  -9.26319E+00
    5  T  6  4 0  -5.58840E+00
    6  T  2  5 1  -5.15659E+00
    7  T  2  6 1  -2.97062E+00
    8  T  2  7 1  -1.66206E+00
    9  T  6  5 0  -1.22538E+00
   10  T  2  8 1  -8.16937E-01
   11  T  2  9 1  -2.41868E-01
   12  T  2 10 1   1.67997E-01
    5    1    1    8
    2  1.893983E+00
    1  T  2  3 1  -1.86831E+01
    2  T  2  4 1  -9.36779E+00
    3  T  2  5 1  -5.21324E+00
    4  T  2  6 1  -2.99708E+00
    5  T  2  7 1  -1.67704E+00
    6  T  2  8 1  -8.27598E-01
    7  T  2  9 1  -2.48896E-01
    8  T  2 10 1   1.63041E-01
    5    2    1   18
    2  1.893983E+00
    1  T  2  3 1  -1.87941E+01
    2  T  6  3 2  -1.34181E+01
    3  T  2  4 1  -9.40418E+00
    4  T  2  4 3  -8.70536E+00
    5  T  2  5 1  -5.23690E+00
    6  T  2  5 3  -4.89529E+00
    7  T  6  4 2  -4.75621E+00
    8  T  2  6 1  -3.00515E+00
    9  T  2  6 3  -2.81442E+00
   10  T  2  7 1  -1.68265E+00
   11  T  2  7 3  -1.56444E+00
   12  T  2  8 1  -8.44193E-01
   13  T  6  5 2  -8.10811E-01
   14  T  2  8 3  -7.51712E-01
   15  T  2  9 1  -2.51048E-01
   16  T  2  9 3  -1.96917E-01
   17  T  2 10 1   1.61350E-01
   18  T  2 10 3   2.00647E-01
    5    3    1    7
    2  1.893983E+00
    1  T  2  4 3  -8.66117E+00
    2  T  2  5 3  -4.87063E+00
    3  T  2  6 3  -2.80472E+00
    4  T  2  7 3  -1.55824E+00
    5  T  2  8 3  -7.49048E-01
    6  T  2  9 3  -1.94234E-01
    7  T  2 10 3   2.02622E-01
    5    4    1   13
    2  1.893983E+00
    1  T  2  4 3  -8.71319E+00
    2  T  2  5 3  -4.89295E+00
    3  T  2  6 3  -2.81748E+00
    4  T  2  6 5  -2.80158E+00
    5  T  2  7 3  -1.56622E+00
    6  T  2  7 5  -1.55645E+00
    7  T  2  8 3  -7.54362E-01
    8  T  2  8 5  -7.52816E-01
    9  T  6  5 4  -6.72321E-01
   10  T  2  9 3  -1.97947E-01
   11  T  2  9 5  -1.92344E-01
   12  T  2 10 3   1.99926E-01
   13  T  2 10 5   2.03811E-01
    1    0    0   18
    1  0.000000E+00
    1  C  1  0 0  -4.90145E+01
    2  C  3  0 0  -4.01957E+01
    3  T  1  3 1  -1.97865E+01
    4  T  4  3 0  -1.68425E+01
    5  T  3  3 2  -1.52566E+01
    6  T  8  3 1  -1.15513E+01
    7  T  1  4 1  -1.09855E+01
    8  T  3  4 2  -7.19530E+00
    9  T  4  4 0  -7.04976E+00
   10  T  1  5 1  -6.95155E+00
   11  T  1  6 1  -4.82145E+00
   12  T  1  7 1  -3.53097E+00
   13  T  3  5 2  -3.33582E+00
   14  T  8  4 1  -3.04964E+00
   15  T  4  5 0  -2.70867E+00
   16  T  1  8 1  -2.69305E+00
   17  T  1  9 1  -2.12367E+00
   18  T  1 10 1  -1.71723E+00
    1    1    0   22
    1  0.000000E+00
    1  T  1  3 1  -2.08543E+01
    2  T  5  3 0  -1.67639E+01
    3  T  3  3 2  -1.54907E+01
    4  T  5  3 2  -1.46799E+01
    5  T  7  3 1  -1.35784E+01
    6  T  8  3 1  -1.24893E+01
    7  T  1  4 1  -1.13389E+01
    8  T  1  5 1  -7.22930E+00
    9  T  3  4 2  -7.15309E+00
   10  T  5  4 0  -6.86397E+00
   11  T  5  4 2  -6.11197E+00
   12  T  1  6 1  -4.90693E+00
   13  T  7  4 1  -4.27914E+00
   14  T  7  4 3  -3.60285E+00
   15  T  1  7 1  -3.58548E+00
   16  T  8  4 1  -3.38460E+00
   17  T  3  5 2  -3.30599E+00
   18  T  1  8 1  -2.73499E+00
   19  T  5  5 0  -2.54958E+00
   20  T  5  5 2  -2.18003E+00
   21  T  1  9 1  -2.14116E+00
   22  T  1 10 1  -1.73412E+00
    1    2    0   35
    1  0.000000E+00
    1  C  1  0 0  -4.97047E+01
    2  C  3  0 0  -4.14568E+01
    3  T  1  3 1  -2.01740E+01
    4  T  3  3 0  -1.78342E+01
    5  T  3  3 2  -1.55664E+01
    6  T  4  3 2  -1.47041E+01
    7  T  5  3 2  -1.41098E+01
    8  T  7  3 1  -1.27498E+01
    9  T  8  3 1  -1.21923E+01
   10  T  1  4 1  -1.11178E+01
   11  T  1  4 3  -1.05267E+01
   12  T  3  4 0  -8.11528E+00
   13  T  3  4 2  -7.23636E+00
   14  T  1  5 1  -7.04291E+00
   15  T  1  5 3  -6.75395E+00
   16  T  4  4 2  -6.23816E+00
   17  T  5  4 2  -5.89336E+00
   18  T  1  6 1  -4.85337E+00
   19  T  1  6 3  -4.68848E+00
   20  T  7  4 1  -4.05776E+00
   21  T  3  5 0  -3.75398E+00
   22  T  7  4 3  -3.60534E+00
   23  T  1  7 1  -3.55031E+00
   24  T  1  7 3  -3.44626E+00
   25  T  3  5 2  -3.37303E+00
   26  T  3  5 4  -3.29781E+00
   27  T  8  4 1  -3.22589E+00
   28  T  1  8 1  -2.70875E+00
   29  T  8  4 3  -2.65423E+00
   30  T  1  8 3  -2.63952E+00
   31  T  4  5 2  -2.35154E+00
   32  T  1  9 1  -2.13990E+00
   33  T  1  9 3  -2.09192E+00
   34  T  5  5 2  -2.06093E+00
   35  T  1 10 1  -1.72347E+00
    1    3    0   19
    1  0.000000E+00
    1  T  3  3 2  -1.58691E+01
    2  T  5  3 2  -1.43993E+01
    3  T  7  3 1  -1.34094E+01
    4  T  1  4 3  -1.06023E+01
    5  T  3  4 2  -7.30282E+00
    6  T  1  5 3  -6.79197E+00
    7  T  5  4 2  -6.00375E+00
    8  T  1  6 3  -4.70960E+00
    9  T  7  4 1  -4.24134E+00
   10  T  7  4 3  -3.60737E+00
   11  T  1  7 3  -3.46019E+00
   12  T  3  5 2  -3.39708E+00
   13  T  3  5 4  -3.29538E+00
   14  T  8  4 3  -2.69700E+00
   15  T  1  8 3  -2.64897E+00
   16  T  5  5 2  -2.13315E+00
   17  T  1  9 3  -2.08405E+00
   18  T  5  5 4  -2.03219E+00
   19  T  1 10 3  -1.69352E+00
    1    4    0   19
    1  0.000000E+00
    1  T  3  3 2  -1.57259E+01
    2  T  1  4 3  -1.05638E+01
    3  T  3  4 2  -7.28823E+00
    4  T  1  5 3  -6.76349E+00
    5  T  1  6 3  -4.69721E+00
    6  T  1  6 5  -4.69721E+00
    7  T  7  4 3  -3.62273E+00
    8  T  1  7 3  -3.45105E+00
    9  T  1  7 5  -3.44916E+00
   10  T  3  5 2  -3.40045E+00
   11  T  3  5 4  -3.29204E+00
   12  T  8  4 3  -2.70727E+00
   13  T  1  8 3  -2.64208E+00
   14  T  1  8 5  -2.64051E+00
   15  T  4  5 4  -2.25940E+00
   16  T  1  9 5  -2.08911E+00
   17  T  1  9 3  -2.08751E+00
   18  T  5  5 4  -2.01199E+00
   19  T  1 10 3  -1.69084E+00
    1    5    0    7
    1  0.000000E+00
    1  T  1  6 5  -4.69615E+00
    2  T  7  4 3  -3.64669E+00
    3  T  1  7 5  -3.45111E+00
    4  T  3  5 4  -3.29543E+00
    5  T  1  8 5  -2.64231E+00
    6  T  1  9 5  -2.09334E+00
    7  T  5  5 4  -2.03167E+00
    1    6    0    7
    1  0.000000E+00
    1  T  1  6 5  -4.69446E+00
    2  T  1  7 5  -3.45087E+00
    3  T  3  5 4  -3.29849E+00
    4  T  1  8 5  -2.64019E+00
    5  T  1  8 7  -2.64019E+00
    6  T  1  9 5  -2.08624E+00
    7  T  1 10 5  -1.69003E+00
    3    0    0   16
    1  0.000000E+00
    1  T  1  3 1  -2.05942E+01
    2  T  4  3 0  -1.71517E+01
    3  T  3  3 2  -1.55673E+01
    4  T  8  3 1  -1.26643E+01
    5  T  1  4 1  -1.12540E+01
    6  T  3  4 2  -7.28540E+00
    7  T  4  4 0  -7.24600E+00
    8  T  1  5 1  -7.01713E+00
    9  T  1  6 1  -4.88837E+00
   10  T  1  7 1  -3.57347E+00
   11  T  8  4 1  -3.42225E+00
   12  T  3  5 2  -3.33622E+00
   13  T  4  5 0  -2.82269E+00
   14  T  1  8 1  -2.71381E+00
   15  T  1  9 1  -2.14180E+00
   16  T  1 10 1  -1.73060E+00
    3    1    0   35
    1  0.000000E+00
    1  C  1  0 0  -5.03224E+01
    2  C  3  0 0  -4.20182E+01
    3  T  1  3 1  -2.05150E+01
    4  T  2  3 0  -1.92375E+01
    5  T  2  3 2  -1.73925E+01
    6  T  5  3 0  -1.69134E+01
    7  T  3  3 2  -1.56610E+01
    8  T  5  3 2  -1.45110E+01
    9  T  6  3 1  -1.41538E+01
   10  T  7  3 1  -1.29719E+01
   11  T  8  3 1  -1.23292E+01
   12  T  1  4 1  -1.12114E+01
   13  T  2  4 0  -9.65744E+00
   14  T  2  4 2  -8.86884E+00
   15  T  3  4 2  -7.29452E+00
   16  T  1  5 1  -7.08840E+00
   17  T  5  4 0  -6.93638E+00
   18  T  5  4 2  -6.03986E+00
   19  T  2  5 0  -5.38805E+00
   20  T  6  4 1  -5.03540E+00
   21  T  2  5 2  -4.93769E+00
   22  T  1  6 1  -4.87257E+00
   23  T  7  4 1  -4.12827E+00
   24  T  7  4 3  -3.59195E+00
   25  T  1  7 1  -3.56630E+00
   26  T  3  5 2  -3.40066E+00
   27  T  8  4 1  -3.27809E+00
   28  T  2  6 0  -3.08369E+00
   29  T  2  6 2  -2.85740E+00
   30  T  1  8 1  -2.71727E+00
   31  T  5  5 0  -2.56796E+00
   32  T  5  5 2  -2.15261E+00
   33  T  1  9 1  -2.12529E+00
   34  T  2  7 0  -1.74092E+00
   35  T  1 10 1  -1.72083E+00
    3    2    0   38
    1  0.000000E+00
    1  T  1  3 1  -2.07333E+01
    2  T  3  3 0  -1.81792E+01
    3  T  2  3 2  -1.68403E+01
    4  T  3  3 2  -1.58830E+01
    5  T  4  3 2  -1.49009E+01
    6  T  5  3 2  -1.46858E+01
    7  T  7  3 1  -1.35637E+01
    8  T  8  3 1  -1.25814E+01
    9  T  1  4 1  -1.13007E+01
   10  T  1  4 3  -1.05401E+01
   11  T  2  4 2  -8.68250E+00
   12  T  3  4 0  -8.23992E+00
   13  T  3  4 2  -7.34486E+00
   14  T  1  5 1  -7.12157E+00
   15  T  1  5 3  -6.76347E+00
   16  T  4  4 2  -6.32486E+00
   17  T  5  4 2  -6.08836E+00
   18  T  1  6 1  -4.89922E+00
   19  T  2  5 2  -4.87987E+00
   20  T  1  6 3  -4.69336E+00
   21  T  7  4 1  -4.29807E+00
   22  T  3  5 0  -3.86075E+00
   23  T  7  4 3  -3.61124E+00
   24  T  1  7 1  -3.57606E+00
   25  T  1  7 3  -3.45053E+00
   26  T  3  5 2  -3.42214E+00
   27  T  8  4 1  -3.34054E+00
   28  T  3  5 4  -3.29812E+00
   29  T  2  6 2  -2.81216E+00
   30  T  1  8 1  -2.72622E+00
   31  T  8  4 3  -2.67638E+00
   32  T  1  8 3  -2.64218E+00
   33  T  4  5 2  -2.39489E+00
   34  T  5  5 2  -2.17482E+00
   35  T  1  9 1  -2.13466E+00
   36  T  1  9 3  -2.08553E+00
   37  T  1 10 1  -1.73297E+00
   38  T  1 10 3  -1.69051E+00
    3    3    0   26
    1  0.000000E+00
    1  T  2  3 2  -1.71991E+01
    2  T  3  3 2  -1.59736E+01
    3  T  5  3 2  -1.48699E+01
    4  T  7  3 1  -1.34691E+01
    5  T  1  4 3  -1.06018E+01
    6  T  2  4 2  -8.78574E+00
    7  T  3  4 2  -7.39117E+00
    8  T  1  5 3  -6.78649E+00
    9  T  5  4 2  -6.14599E+00
   10  T  2  5 2  -4.92749E+00
   11  T  2  5 4  -4.89470E+00
   12  T  1  6 3  -4.70795E+00
   13  T  6  4 3  -4.46488E+00
   14  T  7  4 1  -4.26420E+00
   15  T  7  4 3  -3.62784E+00
   16  T  1  7 3  -3.46297E+00
   17  T  3  5 2  -3.44142E+00
   18  T  3  5 4  -3.29661E+00
   19  T  2  6 2  -2.83388E+00
   20  T  2  6 4  -2.80089E+00
   21  T  8  4 3  -2.69490E+00
   22  T  1  8 3  -2.64746E+00
   23  T  5  5 2  -2.18878E+00
   24  T  1  9 3  -2.08996E+00
   25  T  5  5 4  -2.03196E+00
   26  T  1 10 3  -1.69361E+00
    3    4    0   21
    1  0.000000E+00
    1  T  3  3 2  -1.60340E+01
    2  T  1  4 3  -1.05777E+01
    3  T  3  4 2  -7.39548E+00
    4  T  1  5 3  -6.77262E+00
    5  T  2  5 4  -4.85784E+00
    6  T  1  6 3  -4.70442E+00
    7  T  1  6 5  -4.69424E+00
    8  T  7  4 3  -3.64658E+00
    9  T  1  7 3  -3.46702E+00
   10  T  1  7 5  -3.44919E+00
   11  T  3  5 2  -3.43611E+00
   12  T  3  5 4  -3.29460E+00
   13  T  2  6 4  -2.79558E+00
   14  T  8  4 3  -2.72074E+00
   15  T  1  8 3  -2.64528E+00
   16  T  1  8 5  -2.64068E+00
   17  T  4  5 4  -2.26049E+00
   18  T  1  9 3  -2.08995E+00
   19  T  1  9 5  -2.08909E+00
   20  T  5  5 4  -2.01237E+00
   21  T  1 10 3  -1.69268E+00
    3    5    0    9
    1  0.000000E+00
    1  T  2  5 4  -4.86969E+00
    2  T  1  6 5  -4.69615E+00
    3  T  7  4 3  -3.64740E+00
    4  T  1  7 5  -3.45112E+00
    5  T  3  5 4  -3.29675E+00
    6  T  2  6 4  -2.80272E+00
    7  T  1  8 5  -2.64231E+00
    8  T  1  9 5  -2.09334E+00
    9  T  5  5 4  -2.03179E+00
    3    6    0    7
    1  0.000000E+00
    1  T  1  6 5  -4.69447E+00
    2  T  1  7 5  -3.45090E+00
    3  T  3  5 4  -3.29882E+00
    4  T  1  8 5: -2.64019E+00
    5  T  1  8 7  -2.64019E+00
    6  T  1  9 5  -2.08625E+00
    7  T  1 10 5  -1.69002E+00
    5    1    0   19
    2  1.893983E+00
    1  T  2  3 0  -1.98258E+01
    2  T  2  3 2  -1.74228E+01
    3  T  6  3 1  -1.44552E+01
    4  T  2  4 0  -9.82865E+00
    5  T  2  4 2  -8.89313E+00
    6  T  2  5 0  -5.45637E+00
    7  T  6  4 1  -5.16592E+00
    8  T  2  5 2  -4.97054E+00
    9  T  2  6 0  -3.12528E+00
   10  T  2  6 2  -2.86583E+00
   11  T  2  7 0  -1.75761E+00
   12  T  2  7 2  -1.59636E+00
   13  T  6  5 1  -1.02320E+00
   14  T  2  8 0  -8.78004E-01
   15  T  2  8 2  -7.73804E-01
   16  T  2  9 0  -2.85612E-01
   17  T  2  9 2  -2.11706E-01
   18  T  2 10 0   1.36279E-01
   19  T  2 10 2   1.89915E-01
    5    2    0    8
    2  1.893983E+00
    1  T  2  3 2  -1.76071E+01
    2  T  2  4 2  -8.96143E+00
    3  T  2  5 2  -5.01461E+00
    4  T  2  6 2  -2.88520E+00
    5  T  2  7 2  -1.60783E+00
    6  T  2  8 2  -7.81811E-01
    7  T  2  9 2  -2.17027E-01
    8  T  2 10 2   1.86117E-01
    5    3    0   16
    2  1.893983E+00
    1  T  2  3 2  -1.77635E+01
    2  T  2  4 2  -9.01298E+00
    3  T  2  5 2  -5.03777E+00
    4  T  2  5 4  -4.89537E+00
    5  T  6  4 3  -4.48451E+00
    6  T  2  6 2  -2.89720E+00
    7  T  2  6 4  -2.80128E+00
    8  T  2  7 2  -1.61528E+00
    9  T  2  7 4  -1.55702E+00
   10  T  2  8 2  -7.86986E-01
   11  T  2  8 4  -7.55437E-01
   12  T  6  5 3  -6.87429E-01
   13  T  2  9 2  -2.20420E-01
   14  T  2  9 4  -1.92644E-01
   15  T  2 10 2   1.83647E-01
   16  T  2 10 4   2.03554E-01
    5    4    0    5
    2  1.893983E+00
    1  T  2  5 4  -4.85855E+00
    2  T  2  6 4  -2.79626E+00
    3  T  2  7 4  -1.55248E+00
    4  T  2  8 4  -7.45006E-01
    5  T  2  9 4  -1.91303E-01
    5    5    0    8
    2  1.893983E+00
    1  T  2  5 4  -4.87026E+00
    2  T  2  6 4  -2.80328E+00
    3  T  2  7 4  -1.55699E+00
    4  T  2  7 6  -1.55491E+00
    5  T  2  8 4  -7.48062E-01
    6  T  2  8 6  -7.46578E-01
    7  T  2  9 4  -1.93469E-01
    8  T  2  9 6  -1.92394E-01
    0    0    0    0
