   18   17    E
    2    0    0   11
    2  1.227040E-01
    1  C  2  0 0  -1.06932E+00
    2  T  3  4 0  -4.76472E-01
    3  T  2  3 2  -3.27772E-01
    4  T  2  4 2  -1.43559E-01
    5  T  3  5 0  -6.65481E-02
    6  T  2  5 2  -4.69389E-02
    7  T  2  6 2   3.71995E-03
    8  T  2  7 2   3.55495E-02
    9  T  2  8 2   5.62644E-02
   10  T  2  9 2   7.04088E-02
   11  T  2 10 2   8.03649E-02
    2    1    0   19
    1  0.000000E+00
    1  T  1  4 0  -7.37410E-01
    2  T  1  3 2  -6.62208E-01
    3  T  2  3 2  -4.00650E-01
    4  T  1  5 0  -3.56164E-01
    5  T  1  4 2  -2.81834E-01
    6  T  1  6 0  -2.10872E-01
    7  T  2  4 2  -2.08417E-01
    8  T  1  5 2  -1.55873E-01
    9  T  1  7 0  -1.39046E-01
   10  T  1  6 2  -1.18736E-01
   11  T  1  8 0  -9.87375E-02
   12  T  1  7 2  -9.25220E-02
   13  T  2  5 2  -7.42833E-02
   14  T  1  9 0  -7.35407E-02
   15  T  1  8 2  -6.04194E-02
   16  T  1 10 0  -5.71132E-02
   17  T  1  9 2  -4.95956E-02
   18  T  1 11 0  -4.55716E-02
   19  T  1 10 2  -4.10486E-02
    2    2    0   15
    1  0.000000E+00
    1  T  2  4 0  -6.44970E-01
    2  T  1  3 2  -6.05421E-01
    3  T  2  3 2  -4.21444E-01
    4  T  3  3 2  -3.11932E-01
    5  T  1  4 2  -2.51055E-01
    6  T  2  5 0  -2.41238E-01
    7  T  2  4 2  -2.05636E-01
    8  T  1  5 2  -1.59138E-01
    9  T  1  6 2  -1.15765E-01
   10  T  2  6 0  -9.15003E-02
   11  T  1  7 2  -8.89290E-02
   12  T  2  5 2  -7.45264E-02
   13  T  1  8 2  -6.19235E-02
   14  T  1  9 2  -5.04133E-02
   15  T  1 10 2  -4.15623E-02
    2    3    0   16
    1  0.000000E+00
    1  T  1  3 2  -6.19608E-01
    2  T  2  3 2  -4.86887E-01
    3  T  1  4 2  -3.20025E-01
    4  T  2  4 2  -2.01875E-01
    5  T  1  5 2  -1.92025E-01
    6  T  1  5 4  -1.59914E-01
    7  T  1  6 2  -1.30809E-01
    8  T  1  6 4  -1.11032E-01
    9  T  1  7 2  -9.39515E-02
   10  T  1  7 4  -8.15719E-02
   11  T  2  5 2  -7.31996E-02
   12  T  1  8 2  -7.00020E-02
   13  T  1  8 4  -6.24546E-02
   14  T  1  9 2  -5.49546E-02
   15  T  1  9 4  -4.93488E-02
   16  T  1 10 2  -4.40510E-02
    2    4    0    9
    1  0.000000E+00
    1  T  2  3 2  -5.58700E-01
    2  T  2  4 2  -2.13144E-01
    3  T  1  5 4  -1.60138E-01
    4  T  1  6 4  -1.11240E-01
    5  T  1  7 4  -8.17327E-02
    6  T  2  5 2  -7.86240E-02
    7  T  1  8 4  -6.25738E-02
    8  T  1  9 4  -4.94382E-02
    9  T  1 10 4  -4.00423E-02
    2    5    0    9
    1  0.000000E+00
    1  T  1  5 4  -1.59962E-01
    2  T  1  6 4  -1.11078E-01
    3  T  1  7 6  -8.16330E-02
    4  T  1  7 4  -8.16069E-02
    5  T  1  8 6  -6.25006E-02
    6  T  1  8 4  -6.24807E-02
    7  T  1  9 6  -4.93834E-02
    8  T  1  9 4  -4.93682E-02
    9  T  1 10 6  -4.00006E-02
    2    0    1    8
    1  0.000000E+00
    1  T  1  4 1  -5.54344E-01
    2  T  1  5 1  -2.91575E-01
    3  T  1  6 1  -1.79941E-01
    4  T  1  7 1  -1.22228E-01
    5  T  1  8 1  -8.84705E-02
    6  T  1  9 1  -6.70082E-02
    7  T  1 10 1  -5.25128E-02
    8  T  1 11 1  -4.22623E-02
    2    1    1   14
    1  0.000000E+00
    1  C  1  0 0  -2.08339E+00
    2  T  1  4 1  -5.58942E-01
    3  T  2  4 1  -4.46392E-01
    4  T  1  5 1  -2.87799E-01
    5  T  3  4 1  -2.73238E-01 X WAS 2 4 1
    6  T  1  6 1  -1.84700E-01
    7  T  2  5 1  -1.65999E-01
    8  T  2  4 3  -1.29801E-01
    9  T  1  7 1  -1.19612E-01
   10  T  1  8 1  -8.75323E-02
   11  T  1  9 1  -6.75092E-02
   12  T  2  6 1  -5.94736E-02
   13  T  1 10 1  -5.11648E-02
   14  T  1 11 1  -4.16271E-02
    2    2    1   18
    1  0.000000E+00
    1  T  1  4 1  -5.67985E-01
    2  T  2  4 1  -4.37769E-01
    3  T  1  5 1  -2.94592E-01
    4  T  1  4 3  -2.48259E-01
    5  T  1  6 1  -1.81444E-01
    6  T  2  5 1  -1.70450E-01
    7  T  1  5 3  -1.58962E-01
    8  T  2  4 3  -1.27820E-01
    9  T  1  7 1  -1.22950E-01
   10  T  1  6 3  -1.10486E-01
   11  T  1  8 1  -8.89258E-02
   12  T  1  7 3  -8.12366E-02
   13  T  1  9 1  -6.73218E-02
   14  T  1  8 3  -6.22348E-02
   15  T  2  6 1  -5.80217E-02
   16  T  1 10 1  -5.26967E-02
   17  T  1  9 3  -4.91969E-02
   18  T  1 11 1  -4.24066E-02
    2    3    1   11
    1  0.000000E+00
    1  T  2  4 1  -4.63179E-01
    2  T  1  4 3  -2.51410E-01
    3  T  2  5 1  -1.77576E-01
    4  T  1  5 3  -1.60757E-01
    5  T  2  4 3  -1.25887E-01
    6  T  1  6 3  -1.11549E-01
    7  T  1  7 3  -8.19091E-02
    8  T  1  8 3  -6.27000E-02
    9  T  2  6 1  -6.12073E-02
   10  T  1  9 3  -4.95101E-02
   11  T  1 10 3  -4.00946E-02
    2    4    1   12
    1  0.000000E+00
    1  T  1  4 3  -2.49359E-01
    2  T  1  5 3  -1.59636E-01
    3  T  2  4 3  -1.25464E-01
    4  T  1  6 5  -1.11122E-01
    5  T  1  6 3  -1.10888E-01
    6  T  1  7 5  -8.16458E-02
    7  T  1  7 3  -8.14888E-02
    8  T  1  8 5  -6.25116E-02
    9  T  1  8 3  -6.24021E-02
   10  T  1  9 5  -4.93923E-02
   11  T  1  9 3  -4.93134E-02
   12  T  1 10 5  -4.00078E-02
    2    5    1    6
    1  0.000000E+00
    1  T  2  4 3  -1.28661E-01
    2  T  1  6 5  -1.11116E-01
    3  T  1  7 5  -8.16382E-02
    4  T  1  8 5  -6.25052E-02
    5  T  1  9 5  -4.93872E-02
    6  T  1 10 5  -4.00037E-02
    4    0    0    8
    4  1.036648E+00
    1  T  4  4 1   4.14644E-01
    2  T  4  5 1   7.26423E-01
    3  T  4  6 1   8.48186E-01
    4  T  4  7 1   9.09767E-01
    5  T  4  8 1   9.45352E-01
    6  T  4  9 1   9.67794E-01
    7  T  4 10 1   9.82863E-01
    8  T  4 11 1   9.93472E-01
    4    1    0   16
    1  0.000000E+00
    1  T  1  4 0  -7.79291E-01
    2  T  1  3 2  -6.42754E-01
    3  T  1  5 0  -3.67492E-01
    4  T  1  4 2  -3.27312E-01
    5  T  1  6 0  -2.15336E-01
    6  T  1  5 2  -1.97553E-01
    7  T  1  7 0  -1.41602E-01
    8  T  1  6 2  -1.32169E-01
    9  T  1  8 0  -1.00220E-01
   10  T  1  7 2  -9.46136E-02
   11  T  1  9 0  -7.46670E-02
   12  T  1  8 2  -7.10622E-02
   13  T  1 10 0  -5.77806E-02
   14  T  1  9 2  -5.53256E-02
   15  T  1 11 0  -4.60396E-02
   16  T  1 10 2  -4.42923E-02
    4    2    0    8
    1  0.000000E+00
    1  T  1  3 2  -7.72981E-01
    2  T  1  4 2  -3.49860E-01
    3  T  1  5 2  -2.06877E-01
    4  T  1  6 2  -1.36996E-01
    5  T  1  7 2  -9.74518E-02
    6  T  1  8 2  -7.28773E-02
    7  T  1  9 2  -5.65582E-02
    8  T  1 10 2  -4.51682E-02
    4    3    0   13
    1  0.000000E+00
    1  T  1  3 2  -6.77492E-01
    2  T  1  4 2  -3.34084E-01
    3  T  1  5 2  -2.00425E-01
    4  T  1  5 4  -1.59917E-01
    5  T  1  6 2  -1.33664E-01
    6  T  1  6 4  -1.11035E-01
    7  T  1  7 2  -9.54933E-02
    8  T  1  7 4  -8.15748E-02
    9  T  1  8 2  -7.16247E-02
   10  T  1  8 4  -6.24571E-02
   11  T  1  9 2  -5.57075E-02
   12  T  1  9 4  -4.93506E-02
   13  T  1 10 2  -4.45636E-02
    4    4    0    6
    1  0.000000E+00
    1  T  1  5 4  -1.60148E-01
    2  T  1  6 4  -1.11249E-01
    3  T  1  7 4  -8.17395E-02
    4  T  1  8 4  -6.25802E-02
    5  T  1  9 4  -4.94431E-02
    6  T  1 10 4  -4.00461E-02
    4    5    0    9
    1  0.000000E+00
    1  T  1  5 4  -1.59965E-01
    2  T  1  6 4  -1.11080E-01
    3  T  1  7 6  -8.16331E-02
    4  T  1  7 4  -8.16090E-02
    5  T  1  8 6  -6.25007E-02
    6  T  1  8 4  -6.24823E-02
    7  T  1  9 6  -4.93835E-02
    8  T  1  9 4  -4.93694E-02
    9  T  1 10 6  -4.00007E-02
    4    0    1    8
    1  0.000000E+00
    1  T  1  4 1  -5.52004E-01
    2  T  1  5 1  -2.90708E-01
    3  T  1  6 1  -1.79532E-01
    4  T  1  7 1  -1.22002E-01
    5  T  1  8 1  -8.83320E-02
    6  T  1  9 1  -6.69172E-02
    7  T  1 10 1  -5.24499E-02
    8  T  1 11 1  -4.22169E-02
    4    1    1    8
    1  0.000000E+00
    1  T  1  4 1  -6.04338E-01
    2  T  1  5 1  -3.05861E-01
    3  T  1  6 1  -1.86563E-01
    4  T  1  7 1  -1.25881E-01
    5  T  1  8 1  -9.07053E-02
    6  T  1  9 1  -6.84761E-02
    7  T  1 10 1  -5.35290E-02
    8  T  1 11 1  -4.29949E-02
    4    2    1   14
    1  0.000000E+00
    1  T  1  4 1  -5.81811E-01
    2  T  1  5 1  -2.99478E-01
    3  T  1  4 3  -2.48588E-01
    4  T  1  6 1  -1.83565E-01
    5  T  1  5 3  -1.59226E-01
    6  T  1  7 1  -1.24216E-01
    7  T  1  6 3  -1.10676E-01
    8  T  1  8 1  -8.96822E-02
    9  T  1  7 3  -8.13684E-02
   10  T  1  9 1  -6.78020E-02
   11  T  1  8 3  -6.23284E-02
   12  T  1 10 1  -5.30614E-02
   13  T  1  9 3  -4.92652E-02
   14  T  1 11 1  -4.26572E-02
    4    3    1    7
    1  0.000000E+00
    1  T  1  4 3  -2.52370E-01
    2  T  1  5 3  -1.61519E-01
    3  T  1  6 3  -1.12077E-01
    4  T  1  7 3  -8.22749E-02
    5  T  1  8 3  -6.29455E-02
    6  T  1  9 3  -4.97032E-02
    7  T  1 10 3  -4.02377E-02
    4    4    1   11
    1  0.000000E+00
    1  T  1  4 3  -2.49604E-01
    2  T  1  5 3  -1.59824E-01
    3  T  1  6 5  -1.11139E-01
    4  T  1  6 3  -1.11002E-01
    5  T  1  7 5  -8.16648E-02
    6  T  1  7 3  -8.15596E-02
    7  T  1  8 5  -6.25282E-02
    8  T  1  8 3  -6.24490E-02
    9  T  1  9 5  -4.94058E-02
   10  T  1  9 3  -4.93460E-02
   11  T  1 10 3  -4.00186E-02
    4    5    1    5
    1  0.000000E+00
    1  T  1  6 5  -1.11116E-01
    2  T  1  7 5  -8.16383E-02
    3  T  1  8 5  -6.25052E-02
    4  T  1  9 5  -4.93872E-02
    5  T  1 10 5  -4.00038E-02
    0    0    0    0
