   18   18    E
    1    0    0    9
    1  0.000000E+00
    1  C  1  0 0  -1.10469E+00
    2  T  1  4 1  -1.66058E-01
    3  T  1  5 1  -8.20808E-02
    4  T  1  6 1  -4.93082E-02
    5  T  1  7 1  -3.29426E-02
    6  T  1  8 1  -2.35736E-02
    7  T  1  9 1  -1.77058E-02
    8  T  1 10 1  -1.37867E-02
    9  T  1 11 1  -1.10393E-02
    3    0    0    8
    1  0.000000E+00
    1  T  1  4 1  -2.02614E-01
    2  T  1  5 1  -9.38063E-02
    3  T  1  6 1  -5.46417E-02
    4  T  1  7 1  -3.58184E-02
    5  T  1  8 1  -2.52999E-02
    6  T  1  9 1  -1.88226E-02
    7  T  1 10 1  -1.45505E-02
    8  T  1 11 1  -1.15845E-02
    1    1    0    8
    1  0.000000E+00
    1  T  1  4 1  -1.79962E-01
    2  T  1  5 1  -8.76008E-02
    3  T  1  6 1  -5.19676E-02
    4  T  1  7 1  -3.44140E-02
    5  T  1  8 1  -2.44696E-02
    6  T  1  9 1  -1.82908E-02
    7  T  1 10 1  -1.41893E-02
    8  T  1 11 1  -1.13279E-02
    1    1    1   17
    1  0.000000E+00
    1  T  1  4 0  -2.72550E-01
    2  T  1  5 0  -1.16335E-01
    3  T  1  3 2  -1.12014E-01
    4  T  1  6 0  -6.44618E-02
    5  T  1  4 2  -6.29022E-02
    6  T  1  7 0  -4.09500E-02
    7  T  1  5 2  -4.02055E-02
    8  T  1  8 0  -2.83108E-02
    9  T  1  6 2  -2.78961E-02
   10  T  1  9 0  -2.07375E-02
   11  T  1  7 2  -2.04823E-02
   12  T  1 10 0  -1.58429E-02
   13  T  1  8 2  -1.56745E-02
   14  T  1 11 0  -1.24974E-02
   15  T  1  9 2  -1.23803E-02
   16  T  1 12 0  -1.01099E-02
   17  T  1 10 2  -1.00252E-02
    3    1    0    8
    1  0.000000E+00
    1  T  1  4 1  -1.79962E-01
    2  T  1  5 1  -8.76008E-02
    3  T  1  6 1  -5.19676E-02
    4  T  1  7 1  -3.44140E-02
    5  T  1  8 1  -2.44696E-02
    6  T  1  9 1  -1.82908E-02
    7  T  1 10 1  -1.41893E-02
    8  T  1 11 1  -1.13279E-02
    3    1    1   17
    1  0.000000E+00
    1  T  1  4 0  -2.85670E-01
    2  T  1  3 2  -1.28545E-01
    3  T  1  5 0  -1.17987E-01
    4  T  1  4 2  -7.22733E-02
    5  T  1  6 0  -6.53759E-02
    6  T  1  5 2  -4.54903E-02
    7  T  1  7 0  -4.14404E-02
    8  T  1  6 2  -3.10747E-02
    9  T  1  8 0  -2.85991E-02
   10  T  1  7 2  -2.25194E-02
   11  T  1  9 0  -2.09203E-02
   12  T  1  8 2  -1.70509E-02
   13  T  1 10 0  -1.59657E-02
   14  T  1  9 2  -1.33512E-02
   15  T  1 11 0  -1.25838E-02
   16  T  1 10 2  -1.07344E-02
   17  T  1 12 0  -1.01729E-02
    1    2    0   15
    1  0.000000E+00
    1  T  1  4 1  -1.84438E-01
    2  T  1  5 1  -8.87445E-02
    3  T  1  4 3  -6.25597E-02
    4  T  1  6 1  -5.24389E-02
    5  T  1  5 3  -4.00454E-02
    6  T  1  7 1  -3.46560E-02
    7  T  1  6 3  -2.78087E-02
    8  T  1  8 1  -2.46110E-02
    9  T  1  7 3  -2.04294E-02
   10  T  1  9 1  -1.83806E-02
   11  T  1  8 3  -1.56400E-02
   12  T  1 10 1  -1.42501E-02
   13  T  1  9 3  -1.23566E-02
   14  T  1 11 1  -1.13710E-02
   15  T  1 10 3  -1.00081E-02
    1    2    1    8
    1  0.000000E+00
    1  T  1  3 2  -1.13931E-01
    2  T  1  4 2  -6.45741E-02
    3  T  1  5 2  -4.13029E-02
    4  T  1  6 2  -2.86099E-02
    5  T  1  7 2  -2.09619E-02
    6  T  1  8 2  -1.60088E-02
    7  T  1  9 2  -1.26213E-02
    8  T  1 10 2  -1.02040E-02
    3    2    0   15
    1  0.000000E+00
    1  T  1  4 1  -1.88128E-01
    2  T  1  5 1  -9.00018E-02
    3  T  1  4 3  -6.25731E-02
    4  T  1  6 1  -5.30139E-02
    5  T  1  5 3  -4.00566E-02
    6  T  1  7 1  -3.49660E-02
    7  T  1  6 3  -2.78167E-02
    8  T  1  8 1  -2.47968E-02
    9  T  1  7 3  -2.04350E-02
   10  T  1  9 1  -1.85007E-02
   11  T  1  8 3  -1.56440E-02
   12  T  1 10 1  -1.43321E-02
   13  T  1  9 3  -1.23595E-02
   14  T  1 11 1  -1.14295E-02
   15  T  1 10 3  -1.00104E-02
    3    2    1    8
    1  0.000000E+00
    1  T  1  3 2  -1.13931E-01
    2  T  1  4 2  -6.45741E-02
    3  T  1  5 2  -4.13029E-02
    4  T  1  6 2  -2.86099E-02
    5  T  1  7 2  -2.09619E-02
    6  T  1  8 2  -1.60088E-02
    7  T  1  9 2  -1.26213E-02
    8  T  1 10 2  -1.02040E-02
    1    3    0    6
    1  0.000000E+00
    1  T  1  4 3  -6.24350E-02
    2  T  1  5 3  -3.99508E-02
    3  T  1  6 3  -2.77444E-02
    4  T  1  7 3  -2.03853E-02
    5  T  1  8 3  -1.56089E-02
    6  T  1  9 3  -1.23340E-02
    1    3    1   14
    1  0.000000E+00
    1  T  1  3 2  -1.16720E-01
    2  T  1  4 2  -6.58307E-02
    3  T  1  5 2  -4.19341E-02
    4  T  1  5 4  -4.00005E-02
    5  T  1  6 2  -2.89666E-02
    6  T  1  6 4  -2.77784E-02
    7  T  1  7 2  -2.11821E-02
    8  T  1  7 4  -2.04087E-02
    9  T  1  8 2  -1.61540E-02
   10  T  1  8 4  -1.56254E-02
   11  T  1  9 2  -1.27221E-02
   12  T  1  9 4  -1.23460E-02
   13  T  1 10 2  -1.02768E-02
   14  T  1 10 4  -1.00003E-02
    3    3    0    6
    1  0.000000E+00
    1  T  1  4 3  -6.24350E-02
    2  T  1  5 3  -3.99508E-02
    3  T  1  6 3  -2.77444E-02
    4  T  1  7 3  -2.03853E-02
    5  T  1  8 3  -1.56089E-02
    6  T  1  9 3  -1.23340E-02
    3    3    1   14
    1  0.000000E+00
    1  T  1  3 2  -1.21154E-01
    2  T  1  4 2  -6.86996E-02
    3  T  1  5 2  -4.36196E-02
    4  T  1  5 4  -4.00006E-02
    5  T  1  6 2  -2.99986E-02
    6  T  1  6 4  -2.77785E-02
    7  T  1  7 2  -2.18497E-02
    8  T  1  7 4  -2.04088E-02
    9  T  1  8 2  -1.66074E-02
   10  T  1  8 4  -1.56255E-02
   11  T  1  9 2  -1.30429E-02
   12  T  1  9 4  -1.23461E-02
   13  T  1 10 2  -1.05117E-02
   14  T  1 10 4  -1.00003E-02
    1    4    0   11
    1  0.000000E+00
    1  T  1  4 3  -6.25333E-02
    2  T  1  5 3  -4.00260E-02
    3  T  1  6 3  -2.77958E-02
    4  T  1  6 5  -2.77778E-02
    5  T  1  7 3  -2.04207E-02
    6  T  1  7 5  -2.04081E-02
    7  T  1  8 3  -1.56339E-02
    8  T  1  8 5  -1.56250E-02
    9  T  1  9 3  -1.23522E-02
   10  T  1  9 5  -1.23456E-02
   11  T  1 10 3  -1.00049E-02
    1    4    1    5
    1  0.000000E+00
    1  T  1  5 4  -3.99988E-02
    2  T  1  6 4  -2.77765E-02
    3  T  1  7 4  -2.04071E-02
    4  T  1  8 4  -1.56242E-02
    5  T  1  9 4  -1.23450E-02
    3    4    0   11
    1  0.000000E+00
    1  T  1  4 3  -6.25365E-02
    2  T  1  5 3  -4.00288E-02
    3  T  1  6 3  -2.77978E-02
    4  T  1  6 5  -2.77778E-02
    5  T  1  7 3  -2.04220E-02
    6  T  1  7 5  -2.04081E-02
    7  T  1  8 3  -1.56349E-02
    8  T  1  8 5  -1.56250E-02
    9  T  1  9 3  -1.23529E-02
   10  T  1  9 5  -1.23456E-02
   11  T  1 10 3  -1.00054E-02
    3    4    1    5
    1  0.000000E+00
    1  T  1  5 4  -3.99988E-02
    2  T  1  6 4  -2.77765E-02
    3  T  1  7 4  -2.04071E-02
    4  T  1  8 4  -1.56242E-02
    5  T  1  9 4  -1.23450E-02
    1    5    0    4
    1  0.000000E+00
    1  T  1  6 5  -2.77778E-02
    2  T  1  7 5  -2.04081E-02
    3  T  1  8 5  -1.56250E-02
    4  T  1  9 5  -1.23457E-02
    1    5    1    5
    1  0.000000E+00
    1  T  1  5 4  -4.00005E-02
    2  T  1  6 4  -2.77783E-02
    3  T  1  7 4  -2.04082E-02
    4  T  1  8 4  -1.56250E-02
    5  T  1  9 4  -1.23457E-02
    3    5    0    4
    1  0.000000E+00
    1  T  1  6 5  -2.77778E-02
    2  T  1  7 5  -2.04081E-02
    3  T  1  8 5  -1.56250E-02
    4  T  1  9 5  -1.23457E-02
    3    5    1    5
    1  0.000000E+00
    1  T  1  5 4  -4.00005E-02
    2  T  1  6 4  -2.77783E-02
    3  T  1  7 4  -2.04082E-02
    4  T  1  8 4  -1.56250E-02
    5  T  1  9 4  -1.23457E-02
    0    0    0    0
