   18    9    E
    2    0    0   20
    2  5.929000E-01
    1  C  2  0 0  -2.99094E+01
    2  T  3  3 0  -1.33066E+01
    3  T  2  3 2  -1.10524E+01
    4  T  4  3 1  -7.97511E+00
    5  T  5  3 1  -6.55424E+00
    6  T  3  4 0  -6.24960E+00
    7  T  2  4 2  -5.87914E+00
    8  T  2  5 2  -3.53073E+00
    9  T  3  5 0  -3.35606E+00
   10  T  6  3 0  -3.26180E+00
   11  T  2  6 2  -2.25689E+00
   12  T  4  4 1  -2.00288E+00
   13  T  3  6 0  -1.85005E+00
   14  T  2  7 2  -1.49279E+00
   15  T  2  8 2  -1.00177E+00
   16  T  3  7 0  -9.75303E-01
   17  T  2  9 2  -6.63705E-01
   18  T  5  4 1  -4.75699E-01
   19  T  2 10 2  -4.20496E-01
   20  T  3  8 0  -4.09643E-01
    2    1    0   24
    1  0.000000E+00
    1  T  1  3 0  -1.44645E+01
    2  T  1  3 2  -1.15321E+01
    3  T  2  3 2  -1.09321E+01
    4  T  4  3 1  -8.32012E+00
    5  T  1  4 0  -7.54369E+00
    6  T  5  3 1  -6.58587E+00
    7  T  1  4 2  -6.41356E+00
    8  T  2  4 2  -5.86727E+00
    9  T  1  5 0  -4.63138E+00
   10  T  1  5 2  -4.08327E+00
   11  T  2  5 2  -3.52566E+00
   12  T  1  6 0  -3.13378E+00
   13  T  1  6 2  -2.82622E+00
   14  T  1  7 0  -2.27410E+00
   15  T  2  6 2  -2.25672E+00
   16  T  4  4 1  -2.20434E+00
   17  T  1  7 2  -2.06876E+00
   18  T  1  8 0  -1.70685E+00
   19  T  1  8 2  -1.58525E+00
   20  T  2  7 2  -1.49143E+00
   21  T  1  9 0  -1.33527E+00
   22  T  1  9 2  -1.24923E+00
   23  T  1 10 0  -1.07304E+00
   24  T  1 10 2  -1.01492E+00
    2    2    0   27
    1  0.000000E+00
    1  T  2  3 0  -1.40123E+01
    2  T  1  3 2  -1.14972E+01
    3  T  2  3 2  -1.09276E+01
    4  T  3  3 2  -1.03585E+01
    5  T  4  3 1  -8.35627E+00
    6  T  2  4 0  -7.04201E+00
    7  T  5  3 1  -6.65669E+00
    8  T  1  4 2  -6.38799E+00
    9  T  2  4 2  -5.86746E+00
   10  T  3  4 2  -5.20654E+00
   11  T  1  5 2  -4.07491E+00
   12  T  2  5 0  -4.05390E+00
   13  T  2  5 2  -3.52289E+00
   14  T  3  5 2  -2.84935E+00
   15  T  1  6 2  -2.81007E+00
   16  T  2  6 0  -2.55188E+00
   17  T  2  6 2  -2.25504E+00
   18  T  4  4 1  -2.23007E+00
   19  T  1  7 2  -2.06412E+00
   20  T  2  7 0  -1.67526E+00
   21  T  1  8 2  -1.58549E+00
   22  T  3  6 2  -1.55972E+00
   23  T  2  7 2  -1.49052E+00
   24  T  4  4 3  -1.44791E+00
   25  T  1  9 2  -1.24699E+00
   26  T  2  8 0  -1.12065E+00
   27  T  1 10 2  -1.01250E+00
    2    3    0   14
    1  0.000000E+00
    1  T  1  3 2  -1.16143E+01
    2  T  2  3 2  -1.10018E+01
    3  T  1  4 2  -6.47819E+00
    4  T  2  4 2  -5.88520E+00
    5  T  1  5 2  -4.11985E+00
    6  T  2  5 2  -3.52766E+00
    7  T  1  6 2  -2.84832E+00
    8  T  2  6 2  -2.25611E+00
    9  T  1  7 2  -2.08558E+00
   10  T  1  8 2  -1.59299E+00
   11  T  2  7 2  -1.49312E+00
   12  T  4  4 3  -1.42136E+00
   13  T  1  9 2  -1.25548E+00
   14  T  1 10 2  -1.01549E+00
    2    4    0    7
    1  0.000000E+00
    1  T  2  3 2  -1.11860E+01
    2  T  2  4 2  -5.94417E+00
    3  T  2  5 2  -3.55556E+00
    4  T  2  6 2  -2.27141E+00
    5  T  2  7 2  -1.50272E+00
    6  T  4  4 3  -1.44521E+00
    7  T  2  8 2  -1.00618E+00
    2    0    1    8
    1  0.000000E+00
    1  T  1  3 1  -1.31791E+01
    2  T  1  4 1  -7.05249E+00
    3  T  1  5 1  -4.38873E+00
    4  T  1  6 1  -2.99624E+00
    5  T  1  7 1  -2.17600E+00
    6  T  1  8 1  -1.65203E+00
    7  T  1  9 1  -1.29694E+00
    8  T  1 10 1  -1.04519E+00
    2    1    1   30
    1  0.000000E+00
    1  C  1  0 0  -3.52248E+01
    2  T  1  3 1  -1.32315E+01
    3  T  2  3 1  -1.23127E+01
    4  T  3  3 1  -1.19812E+01
    5  T  4  3 0  -9.44303E+00
    6  T  5  3 0  -7.92030E+00
    7  T  1  4 1  -6.96258E+00
    8  T  4  3 2  -6.48609E+00
    9  T  2  4 1  -6.41606E+00
   10  T  3  4 1  -5.82176E+00
   11  T  2  4 3  -5.75587E+00
   12  T  5  3 2  -5.06666E+00
   13  T  1  5 1  -4.33619E+00
   14  T  2  5 1  -3.79647E+00
   15  T  2  5 3  -3.41478E+00
   16  T  3  5 1  -3.11700E+00
   17  T  1  6 1  -2.96269E+00
   18  T  4  4 0  -2.67202E+00
   19  T  2  6 1  -2.40152E+00
   20  T  2  6 3  -2.19483E+00
   21  T  1  7 1  -2.15427E+00
   22  T  6  3 1  -2.07050E+00
   23  T  3  6 1  -1.71504E+00
   24  T  1  8 1  -1.64651E+00
   25  T  2  7 1  -1.57927E+00
   26  T  4  4 2  -1.51945E+00
   27  T  2  7 3  -1.45333E+00
   28  T  1  9 1  -1.28802E+00
   29  T  2  8 1  -1.07240E+00
   30  T  1 10 1  -1.03399E+00
    2    2    1   28
    1  0.000000E+00
    1  T  1  3 1  -1.32537E+01
    2  T  2  3 1  -1.26303E+01
    3  T  1  4 1  -7.09002E+00
    4  T  4  3 2  -6.71365E+00
    5  T  2  4 1  -6.47562E+00
    6  T  1  4 3  -6.21926E+00
    7  T  2  4 3  -5.72279E+00
    8  T  5  3 2  -4.97627E+00
    9  T  1  5 1  -4.39729E+00
   10  T  1  5 3  -3.99850E+00
   11  T  2  5 1  -3.80189E+00
   12  T  2  5 3  -3.40920E+00
   13  T  1  6 1  -3.00156E+00
   14  T  1  6 3  -2.77837E+00
   15  T  2  6 1  -2.40707E+00
   16  T  2  6 3  -2.19051E+00
   17  T  1  7 1  -2.17977E+00
   18  T  1  7 3  -2.04168E+00
   19  T  1  8 1  -1.66544E+00
   20  T  4  4 2  -1.61656E+00
   21  T  2  7 1  -1.58542E+00
   22  T  1  8 3  -1.56156E+00
   23  T  2  7 3  -1.45186E+00
   24  T  1  9 1  -1.29732E+00
   25  T  1  9 3  -1.23479E+00
   26  T  2  8 1  -1.06083E+00
   27  T  1 10 1  -1.04569E+00
   28  T  1 10 3  -1.00024E+00
    2    3    1   23
    1  0.000000E+00
    1  T  2  3 1  -1.27914E+01
    2  T  4  3 2  -6.81427E+00
    3  T  2  4 1  -6.53104E+00
    4  T  1  4 3  -6.24340E+00
    5  T  2  4 3  -5.68537E+00
    6  T  5  3 2  -5.15315E+00
    7  T  3  4 3  -4.94104E+00
    8  T  1  5 3  -4.01172E+00
    9  T  2  5 1  -3.82315E+00
   10  T  2  5 3  -3.40692E+00
   11  T  1  6 3  -2.78580E+00
   12  T  3  5 3  -2.71934E+00
   13  T  2  6 1  -2.41955E+00
   14  T  2  6 3  -2.18715E+00
   15  T  1  7 3  -2.04640E+00
   16  T  4  4 2  -1.64875E+00
   17  T  2  7 1  -1.59335E+00
   18  T  1  8 3  -1.56441E+00
   19  T  3  6 3  -1.49437E+00
   20  T  2  7 3  -1.44928E+00
   21  T  1  9 3  -1.23684E+00
   22  T  2  8 1  -1.06610E+00
   23  T  1 10 3  -1.00173E+00
    2    4    1   11
    1  0.000000E+00
    1  T  1  4 3  -6.25697E+00
    2  T  2  4 3  -5.65273E+00
    3  T  1  5 3  -4.00802E+00
    4  T  2  5 3  -3.41022E+00
    5  T  1  6 3  -2.78348E+00
    6  T  2  6 3  -2.18804E+00
    7  T  1  7 3  -2.04466E+00
    8  T  1  8 3  -1.56516E+00
    9  T  2  7 3  -1.45024E+00
   10  T  1  9 3  -1.23647E+00
   11  T  1 10 3  -1.00140E+00
    2    5    1    4
    1  0.000000E+00
    1  T  2  4 3  -5.68669E+00
    2  T  2  5 3  -3.42642E+00
    3  T  2  6 3  -2.19708E+00
    4  T  2  7 3  -1.45588E+00
    4    0    0    8
    4  4.820999E+00
    1  T  4  3 1  -8.71664E+00
    2  T  4  4 1  -2.34462E+00
    3  T  4  5 1   3.80386E-01
    4  T  4  6 1   1.79650E+00
    5  T  4  7 1   2.62783E+00
    6  T  4  8 1   3.15774E+00
    7  T  4  9 1   3.51629E+00
    8  T  4 10 1   3.77020E+00
    4    1    0   18
    1  0.000000E+00
    1  T  1  3 0  -1.46758E+01
    2  T  1  3 2  -1.16332E+01
    3  T  4  3 1  -8.40553E+00
    4  T  1  4 0  -7.59053E+00
    5  T  1  4 2  -6.48948E+00
    6  T  1  5 0  -4.66253E+00
    7  T  1  5 2  -4.12636E+00
    8  T  1  6 0  -3.15248E+00
    9  T  1  6 2  -2.85247E+00
   10  T  1  7 0  -2.30076E+00
   11  T  4  4 1  -2.21146E+00
   12  T  1  7 2  -2.08677E+00
   13  T  1  8 0  -1.71219E+00
   14  T  1  8 2  -1.59399E+00
   15  T  1  9 0  -1.33940E+00
   16  T  1  9 2  -1.25675E+00
   17  T  1 10 0  -1.07604E+00
   18  T  1 10 2  -1.01619E+00
    4    2    0   11
    1  0.000000E+00
    1  T  1  3 2  -1.19012E+01
    2  T  4  3 1  -8.51631E+00
    3  T  1  4 2  -6.57690E+00
    4  T  1  5 2  -4.16825E+00
    5  T  1  6 2  -2.87586E+00
    6  T  4  4 1  -2.28423E+00
    7  T  1  7 2  -2.10055E+00
    8  T  1  8 2  -1.60324E+00
    9  T  4  4 3  -1.45911E+00
   10  T  1  9 2  -1.26308E+00
   11  T  1 10 2  -1.02078E+00
    4    3    0    9
    1  0.000000E+00
    1  T  1  3 2  -1.17194E+01
    2  T  1  4 2  -6.52025E+00
    3  T  1  5 2  -4.14073E+00
    4  T  1  6 2  -2.86013E+00
    5  T  1  7 2  -2.09290E+00
    6  T  1  8 2  -1.59752E+00
    7  T  4  4 3  -1.42424E+00
    8  T  1  9 2  -1.25900E+00
    9  T  1 10 2  -1.01783E+00
    4    4    0    1
    1  0.000000E+00
    1  T  4  4 3  -1.45139E+00
    4    0    1    8
    1  0.000000E+00
    1  T  1  3 1  -1.31717E+01
    2  T  1  4 1  -7.04986E+00
    3  T  1  5 1  -4.38749E+00
    4  T  1  6 1  -2.99556E+00
    5  T  1  7 1  -2.17559E+00
    6  T  1  8 1  -1.65175E+00
    7  T  1  9 1  -1.29674E+00
    8  T  1 10 1  -1.04505E+00
    4    1    1   12
    1  0.000000E+00
    1  T  1  3 1  -1.35392E+01
    2  T  4  3 0  -9.76121E+00
    3  T  1  4 1  -7.19458E+00
    4  T  4  3 2  -7.04299E+00
    5  T  1  5 1  -4.44004E+00
    6  T  1  6 1  -3.03508E+00
    7  T  4  4 0  -2.76293E+00
    8  T  1  7 1  -2.19041E+00
    9  T  4  4 2  -1.76241E+00
   10  T  1  8 1  -1.65909E+00
   11  T  1  9 1  -1.30362E+00
   12  T  1 10 1  -1.05024E+00
    4    2    1   17
    1  0.000000E+00
    1  T  1  3 1  -1.33726E+01
    2  T  1  4 1  -7.14232E+00
    3  T  4  3 2  -6.83634E+00
    4  T  1  4 3  -6.21866E+00
    5  T  1  5 1  -4.41665E+00
    6  T  1  5 3  -4.00111E+00
    7  T  1  6 1  -3.01247E+00
    8  T  1  6 3  -2.78058E+00
    9  T  1  7 1  -2.18701E+00
   10  T  1  7 3  -2.04380E+00
   11  T  4  4 2  -1.69404E+00
   12  T  1  8 1  -1.64392E+00
   13  T  1  8 3  -1.56145E+00
   14  T  1  9 1  -1.30028E+00
   15  T  1  9 3  -1.23520E+00
   16  T  1 10 1  -1.04790E+00
   17  T  1 10 3  -1.00061E+00
    4    3    1    9
    1  0.000000E+00
    1  T  4  3 2  -7.04498E+00
    2  T  1  4 3  -6.24920E+00
    3  T  1  5 3  -4.01780E+00
    4  T  1  6 3  -2.79049E+00
    5  T  1  7 3  -2.05072E+00
    6  T  4  4 2  -1.73557E+00
    7  T  1  8 3  -1.56557E+00
    8  T  1  9 3  -1.23796E+00
    9  T  1 10 3  -1.00266E+00
    4    4    1    7
    1  0.000000E+00
    1  T  1  4 3  -6.26009E+00
    2  T  1  5 3  -4.01026E+00
    3  T  1  6 3  -2.78495E+00
    4  T  1  7 3  -2.04565E+00
    5  T  1  8 3  -1.56585E+00
    6  T  1  9 3  -1.23697E+00
    7  T  1 10 3  -1.00177E+00
    0    0    0    0
