   18    2    E               
    1    0    0   10          
    1  0.000000E+00           
    1  C  1  0 0  -3.01772E+02
    2  T  1  2 0  -7.28728E+01
    3  T  1  3 0  -3.23064E+01
    4  T  1  4 0  -1.81463E+01
    5  T  1  5 0  -1.16032E+01
    6  T  1  6 0  -8.05288E+00
    7  T  1  7 0  -5.91379E+00
    8  T  1  8 0  -4.52625E+00
    9  T  1  9 0  -3.57536E+00
   10  T  1 10 0  -2.89544E+00
    3    0    0    9          
    1  0.000000E+00           
    1  T  1  2 0  -7.43297E+01
    2  T  1  3 0  -3.26909E+01
    3  T  1  4 0  -1.83021E+01
    4  T  1  5 0  -1.16814E+01
    5  T  1  6 0  -8.09768E+00
    6  T  1  7 0  -5.94183E+00
    7  T  1  8 0  -4.54495E+00
    8  T  1  9 0  -3.58847E+00
    9  T  1 10 0  -2.90498E+00
    1    2    0    8          
    1  0.000000E+00           
    1  T  1  3 2  -3.21086E+01
    2  T  1  4 2  -1.80611E+01
    3  T  1  5 2  -1.15595E+01
    4  T  1  6 2  -8.02735E+00
    5  T  1  7 2  -5.89765E+00
    6  T  1  8 2  -4.51541E+00
    7  T  1  9 2  -3.56775E+00
    8  T  1 10 2  -2.88989E+00
    3    2    0    8          
    1  0.000000E+00           
    1  T  1  3 2  -3.21214E+01
    2  T  1  4 2  -1.80680E+01
    3  T  1  5 2  -1.15633E+01
    4  T  1  6 2  -8.02967E+00
    5  T  1  7 2  -5.89915E+00
    6  T  1  8 2  -4.51643E+00
    7  T  1  9 2  -3.56848E+00
    8  T  1 10 2  -2.89042E+00
    1    1    1    9          
    1  0.000000E+00           
    1  T  1  2 1  -7.19526E+01
    2  T  1  3 1  -3.20396E+01
    3  T  1  4 1  -1.80346E+01
    4  T  1  5 1  -1.15465E+01
    5  T  1  6 1  -8.02011E+00
    6  T  1  7 1  -5.89316E+00
    7  T  1  8 1  -4.51242E+00
    8  T  1  9 1  -3.56566E+00
    9  T  1 10 1  -2.88837E+00
    3    1    1    9          
    1  0.000000E+00           
    1  T  1  2 1  -7.30206E+01
    2  T  1  3 1  -3.23292E+01
    3  T  1  4 1  -1.81532E+01
    4  T  1  5 1  -1.16063E+01
    5  T  1  6 1  -8.05446E+00
    6  T  1  7 1  -5.91469E+00
    7  T  1  8 1  -4.52680E+00
    8  T  1  9 1  -3.57574E+00
    9  T  1 10 1  -2.89570E+00
    0    0    0    0          
