   18   12    E
    1    0    0   12
    1  0.000000E+00
    1  C  1  0 0  -9.07903E+00
    2  C  2  0 0  -6.20795E+00
    3  T  1  4 0  -4.32928E+00
    4  C  3  0 0  -2.67185E+00
    5  T  1  5 0  -2.58225E+00
    6  T  2  4 1  -2.35801E+00
    7  T  1  6 0  -1.69661E+00
    8  T  1  7 0  -1.20934E+00
    9  T  2  5 1  -1.00207E+00
   10  T  1  8 0  -8.96607E-01
   11  T  1  9 0  -6.98144E-01
   12  T  1 10 0  -5.57654E-01
    1    1    1   14
    1  0.000000E+00
    1  T  1  3 1  -7.52590E+00
    2  T  2  3 2  -4.39576E+00
    3  T  1  4 1  -3.92885E+00
    4  T  2  4 0  -3.05117E+00
    5  T  1  5 1  -2.36740E+00
    6  T  2  4 2  -1.96749E+00
    7  T  1  6 1  -1.59081E+00
    8  T  2  5 0  -1.28160E+00
    9  T  1  7 1  -1.13535E+00
   10  T  3  4 1  -8.73102E-01
   11  T  1  8 1  -8.59859E-01
   12  T  2  5 2  -6.96207E-01
   13  T  1  9 1  -6.57737E-01
   14  T  1 10 1  -5.36237E-01
    1    1    0    8
    2  1.292815E+00
    1  T  2  4 1  -2.74218E+00
    2  T  2  5 1  -1.11070E+00
    3  T  3  4 2  -3.69965E-01
    4  T  2  6 1  -3.09617E-01
    5  T  2  7 1   1.44293E-01
    6  T  2  8 1   4.29369E-01
    7  T  2  9 1   6.19968E-01
    8  T  2 10 1   7.53718E-01
    1    2    1   11
    2  1.292815E+00
    1  T  2  3 2  -5.02558E+00
    2  T  2  4 2  -2.09224E+00
    3  T  3  4 1  -9.69140E-01
    4  T  2  5 2  -8.16380E-01
    5  T  2  6 2  -1.58376E-01
    6  T  3  4 3  -1.21276E-01
    7  T  2  7 2   2.41188E-01
    8  T  2  8 2   4.92746E-01
    9  T  3  5 1   6.43178E-01
   10  T  2  9 2   6.63726E-01
   11  T  2 10 2   7.85214E-01
    1    2    0   15
    1  0.000000E+00
    1  C  2  0 0  -6.71082E+00
    2  T  1  3 2  -5.70925E+00
    3  T  1  4 2  -3.33765E+00
    4  C  3  0 0  -3.03538E+00
    5  T  2  4 1  -2.56094E+00
    6  T  1  5 2  -2.08791E+00
    7  T  2  4 3  -1.72558E+00
    8  T  1  6 2  -1.44756E+00
    9  T  3  4 0  -1.32863E+00
   10  T  1  7 2  -1.06806E+00
   11  T  2  5 1  -1.00328E+00
   12  T  1  8 2  -7.94677E-01
   13  T  2  5 3  -6.50852E-01
   14  T  1  9 2  -6.22956E-01
   15  T  1 10 2  -5.05550E-01
    1    3    1   12
    1  0.000000E+00
    1  T  2  3 2  -4.48276E+00
    2  T  1  4 3  -3.04946E+00
    3  T  2  4 2  -2.05271E+00
    4  T  1  5 3  -1.95987E+00
    5  T  1  6 3  -1.36730E+00
    6  T  1  7 3  -1.00816E+00
    7  T  2  5 2  -9.14137E-01
    8  T  1  8 3  -7.73245E-01
    9  T  3  4 1  -7.14821E-01
   10  T  2  5 4  -6.51205E-01
   11  T  1  9 3  -6.04623E-01
   12  T  1 10 3  -4.90815E-01
    1    3    0    8
    2  1.292815E+00
    1  T  2  4 3  -1.89701E+00
    2  T  2  5 3  -7.19491E-01
    3  T  3  4 2  -4.11653E-01
    4  T  2  6 3  -9.70413E-02
    5  T  2  7 3   2.75227E-01
    6  T  2  8 3   5.15498E-01
    7  T  2  9 3   6.79674E-01
    8  T  2 10 3   7.96823E-01
    1    4    1    7
    2  1.292815E+00
    1  T  2  5 4  -6.93600E-01
    2  T  3  4 3  -2.12763E-01
    3  T  2  6 4  -7.28885E-02
    4  T  2  7 4   2.86298E-01
    5  T  2  8 4   5.22370E-01
    6  T  2  9 4   6.84281E-01
    7  T  2 10 4   8.00038E-01
    1    4    0    8
    1  0.000000E+00
    1  C  3  0 0  -3.07743E+00
    2  T  1  5 4  -2.00073E+00
    3  T  2  4 3  -1.70329E+00
    4  T  1  6 4  -1.34942E+00
    5  T  1  7 4  -1.00024E+00
    6  T  1  8 4  -7.72472E-01
    7  T  2  5 3  -6.60757E-01
    8  T  1  9 4  -5.93969E-01
    3    0    0    9
    1  0.000000E+00
    1  T  1  4 0  -4.43221E+00
    2  T  1  5 0: -2.65267E+00
    3  T  2  4 1: -2.56775E+00
    4  T  1  6 0  -1.71245E+00
    5  T  1  7 0  -1.21606E+00
    6  T  2  5 1  -1.05841E+00
    7  T  1  8 0  -9.04822E-01
    8  T  1  9 0  -7.01859E-01
    9  T  1 10 0  -5.59968E-01
    3    1    1   14
    1  0.000000E+00
    1  T  1  3 1  -8.06164E+00
    2  T  2  3 2  -4.81098E+00
    3  T  1  4 1  -3.94751E+00
    4  T  2  4 0  -3.11321E+00
    5  T  1  5 1  -2.38066E+00
    6  T  2  4 2  -1.99891E+00
    7  T  1  6 1  -1.59255E+00
    8  T  2  5 0  -1.29359E+00
    9  T  1  7 1  -1.14154E+00
   10  T  3  4 1  -8.74081E-01
   11  T  1  8 1  -8.59199E-01
   12  T  2  5 2  -7.72403E-01
   13  T  1  9 1  -6.69051E-01
   14  T  1 10 1  -5.36956E-01
    3    1    0   10
    2  1.292815E+00
    1  C  2  0 0  -6.63784E+00
    2  C  3  0 0  -2.99840E+00
    3  T  2  4 1  -2.63730E+00
    4  T  2  5 1  -1.07918E+00
    5  T  2  6 1  -3.02670E-01
    6  T  3  4 2  -1.92746E-01
    7  T  2  7 1   1.53260E-01
    8  T  2  8 1   4.34635E-01
    9  T  2  9 1   6.23359E-01
   10  T  2 10 1   7.56018E-01
    3    2    1   11
    2  1.292815E+00
    1  T  2  3 2  -4.78273E+00
    2  T  2  4 2  -2.08854E+00
    3  T  3  4 1  -9.60243E-01
    4  T  2  5 2  -7.93207E-01
    5  T  2  6 2  -1.52363E-01
    6  T  3  4 3  -5.82676E-02
    7  T  2  7 2   2.41531E-01
    8  T  2  8 2   4.91971E-01
    9  T  3  5 1   6.45115E-01
   10  T  2  9 2   6.71312E-01
   11  T  2 10 2   7.86125E-01
    3    2    0   13
    1  0.000000E+00
    1  T  1  3 2  -6.15016E+00
    2  T  1  4 2  -3.34342E+00
    3  T  2  4 1  -2.69410E+00
    4  T  1  5 2  -2.09399E+00
    5  T  2  4 3  -1.79525E+00
    6  T  1  6 2  -1.44081E+00
    7  T  3  4 0  -1.36534E+00
    8  T  2  5 1  -1.09223E+00
    9  T  1  7 2  -1.03909E+00
   10  T  1  8 2  -7.97333E-01
   11  T  2  5 3  -6.78467E-01
   12  T  1  9 2  -6.25786E-01
   13  T  1 10 2  -5.06135E-01
    3    3    1   12
    1  0.000000E+00
    1  T  2  3 2  -5.07922E+00
    2  T  1  4 3  -3.11896E+00
    3  T  2  4 2  -2.05731E+00
    4  T  1  5 3  -1.98853E+00
    5  T  1  6 3  -1.37862E+00
    6  T  1  7 3  -1.01129E+00
    7  T  3  4 1  -9.28260E-01
    8  T  2  5 2  -7.97264E-01
    9  T  1  8 3  -7.72530E-01
   10  T  2  5 4  -6.54630E-01
   11  T  1  9 3  -6.10098E-01
   12  T  1 10 3  -4.93834E-01
    3    3    0    9
    2  1.292815E+00
    1  C  3  0 0  -3.17091E+00
    2  T  2  4 3  -1.86314E+00
    3  T  2  5 3  -7.08446E-01
    4  T  3  4 2  -2.86822E-01
    5  T  2  6 3  -8.95584E-02
    6  T  2  7 3   2.78925E-01
    7  T  2  8 3   5.17756E-01
    8  T  2  9 3   6.81158E-01
    9  T  2 10 3   7.97839E-01
    3    4    1    7
    2  1.292815E+00
    1  T  2  5 4  -6.93425E-01
    2  T  2  6 4: -1.21813E-01
    3  T  3  4 3: -4.21021E-02
    4  T  2  7 4   2.87810E-01
    5  T  2  8 4   5.22907E-01
    6  T  2  9 4   6.84512E-01
    7  T  2 10 4   8.00126E-01
    3    4    0    7
    1  0.000000E+00
    1  T  1  5 4  -2.01481E+00
    2  T  2  4 3  -1.82388E+00
    3  T  1  6 4  -1.35766E+00
    4  T  1  7 4  -1.00177E+00
    5  T  1  8 4  -7.73028E-01
    6  T  2  5 3  -7.03292E-01
    7  T  1  9 4  -6.02562E-01
    0    0    0    0
