   18    7    E
    2    0    0   24
    2  9.504000E-01
    1  C  2  0 0  -3.91162E+01
    2  T  3  3 0  -1.79491E+01
    3  T  2  3 2  -1.56322E+01
    4  T  6  3 1  -1.31613E+01
    5  T  9  3 1  -1.16013E+01
    6  T  3  4 0  -9.18118E+00
    7  T 12  3 0  -8.57056E+00
    8  T  2  4 2  -8.32130E+00
    9  T 11  3 2  -7.39108E+00
   10  T  6  4 1  -5.52738E+00
   11  T  3  5 0  -5.37362E+00
   12  T  2  5 2  -4.94807E+00
   13  T  9  4 1  -3.84656E+00
   14  T  3  6 0  -3.36197E+00
   15  T  2  6 2  -3.12624E+00
   16  T  3  7 0  -2.19169E+00
   17  T  6  5 1  -2.07195E+00
   18  T  2  7 2  -2.03566E+00
   19  T  3  8 0  -1.43403E+00
   20  T  2  8 2  -1.33112E+00
   21  T  3  9 0  -9.22279E-01
   22  T  2  9 2  -8.49393E-01
   23  T  3 10 0  -5.60305E-01
   24  T  2 10 2  -5.05799E-01
    2    0    1   16
    1  0.000000E+00
    1  T  1  3 1  -1.83527E+01
    2  T  8  3 0  -1.34555E+01
    3  T  5  3 2  -1.29856E+01
    4  T  7  3 2  -1.08268E+01
    5  T  1  4 1  -9.86010E+00
    6  T 10  3 1  -9.20146E+00
    7  T  1  5 1  -6.19949E+00
    8  T  5  4 2  -5.45997E+00
    9  T  8  4 0  -4.52340E+00
   10  T  1  6 1  -4.21613E+00
   11  T  7  4 2  -3.52145E+00
   12  T  1  7 1  -3.08732E+00
   13  T  1  8 1  -2.35051E+00
   14  T  5  5 2  -2.04189E+00
   15  T  1  9 1  -1.84674E+00
   16  T  1 10 1  -1.49098E+00
    2    1    0   41
    1  0.000000E+00
    1  C  2  0 0  -3.88619E+01
    2  T  1  3 0  -1.90539E+01
    3  T  1  3 2  -1.67105E+01
    4  T  2  3 2  -1.57312E+01
    5  T  5  3 1  -1.44738E+01
    6  T  6  3 1  -1.36449E+01
    7  T  7  3 1: -1.25847E+01
    8  T  8  3 1  -1.18704E+01
    9  T  9  3 1  -1.16175E+01
   10  T 10  3 0  -1.02268E+01
   11  T  1  4 0  -1.01743E+01
   12  T  1  4 2  -9.27503E+00
   13  T  2  4 2  -8.35457E+00
   14  T 10  3 2  -7.95495E+00
   15  T 11  3 2  -7.18637E+00
   16  T  1  5 0  -6.36547E+00
   17  T  5  4 1  -5.96531E+00
   18  T  1  5 2  -5.89661E+00
   19  T  6  4 1  -5.72188E+00
   20  T  5  4 3  -5.28386E+00
   21  T  2  5 2  -4.96612E+00
   22  T  1  6 0  -4.34558E+00
   23  T  7  4 1  -4.13025E+00
   24  T  1  6 2  -4.07368E+00
   25  T  8  4 1  -3.90324E+00
   26  T  9  4 1  -3.81790E+00
   27  T  7  4 3  -3.40658E+00
   28  T  1  7 0  -3.15187E+00
   29  T  2  6 2  -3.13156E+00
   30  T  1  7 2  -2.98668E+00
   31  T  1  8 0  -2.39253E+00
   32  T  5  5 1  -2.31441E+00
   33  T  1  8 2  -2.28302E+00
   34  T  6  5 1  -2.17748E+00
   35  T  2  7 2  -2.04146E+00
   36  T  5  5 3  -1.92797E+00
   37  T  1  9 0  -1.87369E+00
   38  T  1  9 2  -1.80080E+00
   39  T  1 10 0  -1.51054E+00
   40  T 10  4 0  -1.46630E+00
   41  T  1 10 2  -1.45709E+00
    2    1    1   42
    1  0.000000E+00
    1  C  1  0 0  -4.42063E+01
    2  C  3  0 0  -3.51169E+01
    3  T  1  3 1  -1.77859E+01
    4  T  2  3 1  -1.69857E+01
    5  T  3  3 1  -1.66819E+01
    6  T  6  3 0  -1.45951E+01
    7  T  9  3 0  -1.29567E+01
    8  T  5  3 2  -1.27709E+01
    9  T  6  3 2  -1.18148E+01
   10  T  7  3 2  -1.08905E+01
   11  T  9  3 2  -1.03959E+01
   12  T  1  4 1  -9.63045E+00
   13  T 10  3 1  -9.29109E+00
   14  T  2  4 1  -8.83916E+00
   15  T  3  4 1  -8.69977E+00
   16  T 11  3 1  -8.22376E+00
   17  T  2  4 3  -8.18128E+00
   18  T 12  3 1  -7.43362E+00
   19  T  6  4 0  -6.13009E+00
   20  T  1  5 1  -6.07489E+00
   21  T  5  4 2  -5.39044E+00
   22  T  2  5 1  -5.21254E+00
   23  T  3  5 1  -5.13534E+00
   24  T  6  4 2  -5.03707E+00
   25  T  2  5 3  -4.84981E+00
   26  T  9  4 0  -4.33922E+00
   27  T  1  6 1  -4.17067E+00
   28  T  7  4 2  -3.54307E+00
   29  T  9  4 2  -3.34711E+00
   30  T  2  6 1  -3.27299E+00
   31  T  3  6 1  -3.21978E+00
   32  T  2  6 3  -3.06353E+00
   33  T  1  7 1  -3.04606E+00
   34  T  6  5 0  -2.38469E+00
   35  T  1  8 1  -2.32504E+00
   36  T  2  7 1  -2.12650E+00
   37  T  3  7 1  -2.10347E+00
   38  T  5  5 2  -2.01202E+00
   39  T  2  7 3  -1.99893E+00
   40  T  6  5 2  -1.84404E+00
   41  T  1  9 1  -1.82139E+00
   42  T  1 10 1  -1.47793E+00
    2    2    0   48
    1  0.000000E+00
    1  C  2  0 0  -4.01119E+01
    2  T  2  3 0  -1.85762E+01
    3  T  1  3 2  -1.62004E+01
    4  T  2  3 2  -1.58893E+01
    5  T  3  3 2  -1.52877E+01
    6  T  5  3 1  -1.39075E+01
    7  T  6  3 1  -1.35427E+01
    8  T  7  3 1  -1.22847E+01
    9  T  9  3 1  -1.18085E+01
   10  T 11  3 0  -9.82513E+00
   11  T  2  4 0  -9.39156E+00
   12  T  1  4 2  -9.08689E+00
   13  T  2  4 2  -8.40483E+00
   14  T  3  4 2  -8.17772E+00
   15  T 10  3 2  -7.88818E+00
   16  T 11  3 2  -7.23403E+00
   17  T 12  3 2  -6.21668E+00
   18  T  1  5 2  -5.82971E+00
   19  T  5  4 1  -5.77840E+00
   20  T  6  4 1  -5.66422E+00
   21  T  2  5 0  -5.48364E+00
   22  T  5  4 3  -5.29395E+00
   23  T  2  5 2  -4.98733E+00
   24  T  6  4 3  -4.91033E+00
   25  T  3  5 2  -4.87843E+00
   26  T  2  5 4  -4.85755E+00
   27  T  7  4 1  -4.05893E+00
   28  T  1  6 2  -4.02928E+00
   29  T  9  4 1  -3.88713E+00
   30  T  2  6 0  -3.41490E+00
   31  T  7  4 3  -3.40821E+00
   32  T  2  6 2  -3.14752E+00
   33  T  2  6 4  -3.11345E+00
   34  T  3  6 2  -3.09359E+00
   35  T  9  4 3  -2.96585E+00
   36  T  1  7 2  -2.95627E+00
   37  T  1  8 2  -2.26488E+00
   38  T  2  7 0  -2.22917E+00
   39  T  5  5 1  -2.20258E+00
   40  T  6  5 1  -2.15246E+00
   41  T  2  7 2  -2.04890E+00
   42  T  3  7 2  -2.01832E+00
   43  T  2  7 4  -2.00522E+00
   44  T  5  5 3  -1.93000E+00
   45  T  6  5 3  -1.80536E+00
   46  T  1  9 2  -1.78681E+00
   47  T  2  8 0  -1.45550E+00
   48  T  1 10 2  -1.44631E+00
    2    2    1   45
    1  0.000000E+00
    1  C  1  0 0  -4.46885E+01
    2  T  1  3 1  -1.79418E+01
    3  T  2  3 1  -1.71687E+01
    4  T  5  3 0  -1.51933E+01
    5  T  7  3 0  -1.35759E+01
    6  T  5  3 2  -1.27208E+01
    7  T  6  3 2  -1.21592E+01
    8  T  7  3 2  -1.12122E+01
    9  T  8  3 2  -1.07334E+01
   10  T  9  3 2  -1.03436E+01
   11  T  1  4 1  -9.68357E+00
   12  T 10  3 1  -9.30888E+00
   13  T  1  4 3  -8.99548E+00
   14  T  2  4 1  -8.88773E+00
   15  T 11  3 1  -8.64066E+00
   16  T  2  4 3  -8.21981E+00
   17  T  5  4 0  -6.32846E+00
   18  T  1  5 1  -6.10538E+00
   19  T  1  5 3  -5.77496E+00
   20  T  5  4 2  -5.35142E+00
   21  T  2  5 1  -5.23779E+00
   22  T  6  4 2  -5.16292E+00
   23  T  2  5 3  -4.86628E+00
   24  T  7  4 0  -4.53951E+00
   25  T  1  6 1  -4.19184E+00
   26  T  1  6 3  -4.01318E+00
   27  T  7  4 2  -3.64425E+00
   28  T  8  4 2  -3.45076E+00
   29  T  9  4 2  -3.33250E+00
   30  T  2  6 1  -3.27675E+00
   31  T  2  6 3  -3.07322E+00
   32  T  1  7 1  -3.05510E+00
   33  T  1  7 3  -2.94307E+00
   34  T  5  5 0  -2.48344E+00
   35  T  1  8 1  -2.33134E+00
   36  T  1  8 3  -2.25436E+00
   37  T  2  7 1  -2.13394E+00
   38  T  2  7 3  -2.00701E+00
   39  T  5  5 2  -1.98994E+00
   40  T  5  5 4  -1.92417E+00
   41  T  6  5 2  -1.90355E+00
   42  T  1  9 1  -1.83073E+00
   43  T  1  9 3  -1.78058E+00
   44  T  1 10 1  -1.48126E+00
   45  T  1 10 3  -1.44240E+00
    2    3    0   36
    1  0.000000E+00
    1  T  1  3 2  -1.65858E+01
    2  T  2  3 2  -1.58795E+01
    3  T  5  3 1  -1.43110E+01
    4  T  7  3 1  -1.24770E+01
    5  T  1  4 2  -9.19000E+00
    6  T  2  4 2  -8.44359E+00
    7  T 10  3 2  -8.08467E+00
    8  T 11  3 2  -7.41459E+00
    9  T  5  4 1  -5.95278E+00
   10  T  1  5 2  -5.84623E+00
   11  T  1  5 4  -5.76750E+00
   12  T  5  4 3  -5.30469E+00
   13  T  2  5 2  -5.00952E+00
   14  T  6  4 3  -4.91875E+00
   15  T  2  5 4  -4.86456E+00
   16  T  7  4 1  -4.10253E+00
   17  T  1  6 2  -4.05245E+00
   18  T  1  6 4  -4.00669E+00
   19  T  7  4 3  -3.41071E+00
   20  T  8  4 3  -3.39280E+00
   21  T  2  6 2  -3.16237E+00
   22  T  2  6 4  -3.10790E+00
   23  T  9  4 3  -2.99749E+00
   24  T  1  7 2  -2.96956E+00
   25  T  1  7 4  -2.93623E+00
   26  T  5  5 1  -2.29043E+00
   27  T  1  8 2  -2.27050E+00
   28  T  1  8 4  -2.25067E+00
   29  T  2  7 2  -2.05619E+00
   30  T  2  7 4  -2.00838E+00
   31  T  5  5 3  -1.92798E+00
   32  T  6  5 3  -1.81844E+00
   33  T  1  9 2  -1.79324E+00
   34  T  1  9 4  -1.77474E+00
   35  T  1 10 2  -1.45228E+00
   36  T  1 10 4  -1.44021E+00
    2    3    1   34
    1  0.000000E+00
    1  T  2  3 1  -1.74108E+01
    2  T  5  3 2  -1.25604E+01
    3  T  6  3 2  -1.21276E+01
    4  T  7  3 2  -1.11351E+01
    5  T  9  3 2  -1.05015E+01
    6  T  1  4 3  -8.97445E+00
    7  T  2  4 1  -8.92974E+00
    8  T 11  3 1  -8.84129E+00
    9  T  2  4 3  -8.26377E+00
   10  T  3  4 3  -7.86530E+00
   11  T  1  5 3  -5.75265E+00
   12  T  5  4 2  -5.30688E+00
   13  T  2  5 1  -5.25330E+00
   14  T  6  4 2  -5.14030E+00
   15  T  2  5 3  -4.88409E+00
   16  T  3  5 3  -4.75916E+00
   17  T  1  6 3  -3.99663E+00
   18  T  7  4 2  -3.61652E+00
   19  T  9  4 2  -3.39538E+00
   20  T  2  6 1  -3.27163E+00
   21  T  2  6 3  -3.08492E+00
   22  T  2  6 5  -3.05397E+00
   23  T  3  6 3  -3.02799E+00
   24  T  1  7 3  -2.93690E+00
   25  T  1  8 3  -2.24917E+00
   26  T  2  7 1  -2.14026E+00
   27  T  2  7 3  -2.01365E+00
   28  T  2  7 5  -1.99321E+00
   29  T  3  7 3  -1.97804E+00
   30  T  5  5 2  -1.96733E+00
   31  T  5  5 4  -1.92358E+00
   32  T  6  5 2  -1.88869E+00
   33  T  6  5 4  -1.82269E+00
   34  T  1  9 3  -1.77623E+00
    2    4    0   24
    1  0.000000E+00
    1  T  2  3 2  -1.60325E+01
    2  T  2  4 2  -8.46432E+00
    3  T 11  3 2  -7.66965E+00
    4  T  1  5 4  -5.76083E+00
    5  T  5  4 3  -5.31777E+00
    6  T  2  5 2  -5.01301E+00
    7  T  6  4 3  -4.92383E+00
    8  T  2  5 4  -4.86947E+00
    9  T  3  5 4  -4.76486E+00
   10  T  1  6 4  -3.99573E+00
   11  T  7  4 3  -3.42025E+00
   12  T  2  6 2  -3.16350E+00
   13  T  2  6 4  -3.09314E+00
   14  T  9  4 3  -3.04588E+00
   15  T  3  6 4  -2.98215E+00
   16  T  1  7 4  -2.93688E+00
   17  T  1  8 4  -2.24938E+00
   18  T  2  7 2  -2.05770E+00
   19  T  2  7 4  -2.01121E+00
   20  T  2  7 6  -1.98848E+00
   21  T  3  7 4  -1.96674E+00
   22  T  5  5 3  -1.93153E+00
   23  T  6  5 3  -1.81944E+00
   24  T  1  9 4  -1.77174E+00
    2    4    1   23
    1  0.000000E+00
    1  T  5  3 2  -1.29413E+01
    2  T  7  3 2  -1.11809E+01
    3  T  1  4 3  -9.01974E+00
    4  T  2  4 3  -8.28395E+00
    5  T  1  5 3  -5.77361E+00
    6  T  5  4 2  -5.46039E+00
    7  T  2  5 3  -4.88997E+00
    8  T  1  6 3  -4.00898E+00
    9  T  1  6 5  -4.00017E+00
   10  T  7  4 2  -3.64062E+00
   11  T  2  6 3  -3.08922E+00
   12  T  2  6 5  -3.05428E+00
   13  T  1  7 3  -2.94448E+00
   14  T  1  7 5  -2.93903E+00
   15  T  1  8 3  -2.25414E+00
   16  T  1  8 5  -2.25031E+00
   17  T  5  5 2  -2.04416E+00
   18  T  2  7 3  -2.01149E+00
   19  T  2  7 5  -1.99358E+00
   20  T  5  5 4  -1.92159E+00
   21  T  6  5 4  -1.82430E+00
   22  T  1  9 3  -1.78024E+00
   23  T  1  9 5  -1.77734E+00
    4    0    0    8
    4  3.891168E+00
    1  T  6  3 1  -1.38972E+01
    2  T  6  4 1  -5.81533E+00
    3  T  6  5 1  -2.21586E+00
    4  T  6  6 1  -3.07194E-01
    5  T  6  7 1   8.28210E-01
    6  T  6  8 1   1.55828E+00
    7  T  6  9 1   2.05533E+00
    8  T  6 10 1   2.40892E+00
    4    0    1   20
    1  0.000000E+00
    1  C  1  0 0  -4.56013E+01
    2  T  1  3 1  -1.79350E+01
    3  T  4  3 0  -1.68967E+01
    4  T  8  3 0  -1.36530E+01
    5  T  5  3 2  -1.27323E+01
    6  T  1  4 1  -9.68982E+00
    7  T 10  3 1  -9.19512E+00
    8  T  4  4 0  -8.43923E+00
    9  T  1  5 1  -6.10694E+00
   10  T  5  4 2  -5.38120E+00
   11  T  4  5 0  -4.66758E+00
   12  T  8  4 0  -4.55668E+00
   13  T  1  6 1  -4.18699E+00
   14  T  1  7 1  -3.06162E+00
   15  T  4  6 0  -2.66709E+00
   16  T  1  8 1  -2.33071E+00
   17  T  5  5 2  -2.00862E+00
   18  T  1  9 1  -1.83376E+00
   19  T  4  7 0  -1.49574E+00
   20  T  1 10 1  -1.47269E+00
    6    0    1    8
    3  1.646639E+00
    1  T  4  3 0  -1.76174E+01
    2  T  4  4 0  -8.62992E+00
    3  T  4  5 0  -4.74428E+00
    4  T  4  6 0  -2.71107E+00
    5  T  4  7 0  -1.51440E+00
    6  T  4  8 0  -7.50857E-01
    7  T  4  9 0  -2.34004E-01
    8  T  4 10 0   1.32056E-01
    4    1    0   34
    1  0.000000E+00
    1  C  2  0 0  -4.16027E+01
    2  T  1  3 0  -1.93098E+01
    3  T  1  3 2  -1.65452E+01
    4  T  4  3 1  -1.60368E+01
    5  T  5  3 1  -1.40333E+01
    6  T  6  3 1  -1.36010E+01
    7  T  8  3 1  -1.25515E+01
    8  T 10  3 0  -1.05324E+01
    9  T  1  4 0  -1.02645E+01
   10  T  1  4 2  -9.22724E+00
   11  T 10  3 2  -8.05749E+00
   12  T  4  4 1  -7.98690E+00
   13  T  1  5 0  -6.41301E+00
   14  T  1  5 2  -5.88323E+00
   15  T  5  4 1  -5.86671E+00
   16  T  6  4 1  -5.72046E+00
   17  T  5  4 3  -5.29868E+00
   18  T  4  5 1  -4.42724E+00
   19  T  1  6 0  -4.36182E+00
   20  T  8  4 1  -4.11709E+00
   21  T  1  6 2  -4.05704E+00
   22  T  1  7 0  -3.16098E+00
   23  T  1  7 2  -2.98206E+00
   24  T  4  6 1  -2.54337E+00
   25  T  1  8 0  -2.40461E+00
   26  T  1  8 2  -2.27950E+00
   27  T  5  5 1  -2.24647E+00
   28  T  6  5 1  -2.17339E+00
   29  T  5  5 3  -1.92937E+00
   30  T  1  9 0  -1.87805E+00
   31  T  1  9 2  -1.79816E+00
   32  T 10  4 0  -1.57218E+00
   33  T  1 10 0  -1.51396E+00
   34  T  1 10 2  -1.45494E+00
    4    1    1   18
    1  0.000000E+00
    1  T  1  3 1  -1.81080E+01
    2  T  6  3 0  -1.49761E+01
    3  T  5  3 2  -1.28889E+01
    4  T  6  3 2  -1.24653E+01
    5  T  1  4 1  -9.79550E+00
    6  T 10  3 1  -9.62586E+00
    7  T  6  4 0  -6.29375E+00
    8  T  1  5 1  -6.12420E+00
    9  T  5  4 2  -5.43654E+00
   10  T  6  4 2  -5.27238E+00
   11  T  1  6 1  -4.22144E+00
   12  T  1  7 1  -3.07877E+00
   13  T  6  5 0  -2.44380E+00
   14  T  1  8 1  -2.33828E+00
   15  T  5  5 2  -2.03491E+00
   16  T  6  5 2  -1.95778E+00
   17  T  1  9 1  -1.83988E+00
   18  T  1 10 1  -1.48623E+00
    6    1    0    8
    3  1.646639E+00
    1  T  4  3 1  -1.64493E+01
    2  T  4  4 1  -8.16127E+00
    3  T  4  5 1  -4.51156E+00
    4  T  4  6 1  -2.57908E+00
    5  T  4  7 1  -1.43246E+00
    6  T  4  8 1  -6.96547E-01
    7  T  4  9 1  -1.96176E-01
    8  T  4 10 1   1.59450E-01
    4    2    0   19
    1  0.000000E+00
    1  T  1  3 2  -1.67231E+01
    2  T  5  3 1  -1.45171E+01
    3  T  6  3 1  -1.38252E+01
    4  T  1  4 2  -9.30203E+00
    5  T 10  3 2  -8.40072E+00
    6  T  5  4 1  -6.02281E+00
    7  T  1  5 2  -5.92073E+00
    8  T  6  4 1  -5.78616E+00
    9  T  5  4 3  -5.31698E+00
   10  T  6  4 3  -4.92674E+00
   11  T  1  6 2  -4.08809E+00
   12  T  1  7 2  -2.99432E+00
   13  T  5  5 1  -2.31976E+00
   14  T  1  8 2  -2.28787E+00
   15  T  6  5 1  -2.20620E+00
   16  T  5  5 3  -1.93752E+00
   17  T  6  5 3  -1.81869E+00
   18  T  1  9 2  -1.80358E+00
   19  T  1 10 2  -1.45885E+00
    4    2    1   32
    1  0.000000E+00
    1  T  1  3 1  -1.81947E+01
    2  T  5  3 0  -1.55973E+01
    3  T  4  3 2  -1.45921E+01
    4  T  5  3 2  -1.30295E+01
    5  T  6  3 2  -1.23636E+01
    6  T  8  3 2  -1.12534E+01
    7  T  1  4 1  -9.81595E+00
    8  T 10  3 1  -9.44017E+00
    9  T  1  4 3  -9.00851E+00
   10  T  4  4 2  -7.45550E+00
   11  T  5  4 0  -6.47464E+00
   12  T  1  5 1  -6.15937E+00
   13  T  1  5 3  -5.77786E+00
   14  T  5  4 2  -5.50666E+00
   15  T  6  4 2  -5.23442E+00
   16  T  1  6 1  -4.23159E+00
   17  T  4  5 2  -4.16555E+00
   18  T  1  6 3  -4.01159E+00
   19  T  8  4 2  -3.64498E+00
   20  T  1  7 1  -3.08127E+00
   21  T  1  7 3  -2.94564E+00
   22  T  5  5 0  -2.54336E+00
   23  T  4  6 2  -2.39115E+00
   24  T  1  8 1  -2.34366E+00
   25  T  1  8 3  -2.25540E+00
   26  T  5  5 2  -2.06203E+00
   27  T  6  5 2  -1.94044E+00
   28  T  5  5 4  -1.92287E+00
   29  T  1  9 1  -1.84181E+00
   30  T  1  9 3  -1.78058E+00
   31  T  1 10 1  -1.48771E+00
   32  T  1 10 3  -1.44268E+00
    6    2    1    8
    3  1.646639E+00
    1  T  4  3 2  -1.51615E+01
    2  T  4  4 2  -7.68484E+00
    3  T  4  5 2  -4.28024E+00
    4  T  4  6 2  -2.44899E+00
    5  T  4  7 2  -1.35199E+00
    6  T  4  8 2  -6.43289E-01
    7  T  4  9 2  -1.59097E-01
    8  T  4 10 2   1.86302E-01
    4    3    0   26
    1  0.000000E+00
    1  T  1  3 2  -1.68564E+01
    2  T  5  3 1  -1.44498E+01
    3  T  1  4 2  -9.34269E+00
    4  T 10  3 2  -8.22287E+00
    5  T  4  4 3  -7.35604E+00
    6  T  5  4 1  -6.00938E+00
    7  T  1  5 2  -5.92100E+00
    8  T  1  5 4  -5.76767E+00
    9  T  5  4 3  -5.32732E+00
   10  T  6  4 3  -4.92774E+00
   11  T  4  5 3  -4.11784E+00
   12  T  1  6 2  -4.09747E+00
   13  T  1  6 4  -4.00658E+00
   14  T  8  4 3  -3.40487E+00
   15  T  1  7 2  -3.00034E+00
   16  T  1  7 4  -2.93650E+00
   17  T  4  6 3  -2.35593E+00
   18  T  5  5 1  -2.31395E+00
   19  T  1  8 2  -2.28775E+00
   20  T  1  8 4  -2.25079E+00
   21  T  5  5 3  -1.94064E+00
   22  T  6  5 3  -1.82317E+00
   23  T  1  9 2  -1.80649E+00
   24  T  1  9 4  -1.77487E+00
   25  T  1 10 2  -1.46095E+00
   26  T  1 10 4  -1.44022E+00
    4    3    1   15
    1  0.000000E+00
    1  T  5  3 2  -1.32513E+01
    2  T  6  3 2  -1.25472E+01
    3  T  1  4 3  -8.98787E+00
    4  T  1  5 3  -5.76542E+00
    5  T  5  4 2  -5.57333E+00
    6  T  6  4 2  -5.29442E+00
    7  T  1  6 3  -4.00324E+00
    8  T  1  7 3  -2.94188E+00
    9  T  1  8 3  -2.25303E+00
   10  T  5  5 2  -2.09469E+00
   11  T  6  5 2  -1.96855E+00
   12  T  5  5 4  -1.92333E+00
   13  T  6  5 4  -1.82307E+00
   14  T  1  9 3  -1.77818E+00
   15  T  1 10 3  -1.44106E+00
    6    3    0    7
    3  1.646639E+00
    1  T  4  4 3  -7.37805E+00
    2  T  4  5 3  -4.13098E+00
    3  T  4  6 3  -2.36498E+00
    4  T  4  7 3  -1.29997E+00
    5  T  4  8 3  -6.08829E-01
    6  T  4  9 3  -1.35082E-01
    7  T  4 10 3   2.03710E-01
    4    4    0    9
    1  0.000000E+00
    1  T  1  5 4  -5.76153E+00
    2  T  5  4 3  -5.34106E+00
    3  T  6  4 3  -4.93832E+00
    4  T  1  6 4  -3.99603E+00
    5  T  1  7 4  -2.93718E+00
    6  T  1  8 4  -2.24968E+00
    7  T  5  5 3  -1.94679E+00
    8  T  6  5 3  -1.82911E+00
    9  T  1  9 4  -1.77238E+00
    4    4    1   19
    1  0.000000E+00
    1  T  5  3 2  -1.31848E+01
    2  T  1  4 3  -9.02934E+00
    3  T  1  5 3  -5.78447E+00
    4  T  5  4 2  -5.54822E+00
    5  T  4  5 4  -4.11343E+00
    6  T  1  6 3  -4.01352E+00
    7  T  1  6 5  -4.00022E+00
    8  T  1  7 3  -2.94812E+00
    9  T  1  7 5  -2.93908E+00
   10  T  4  6 4  -2.35344E+00
   11  T  1  8 3  -2.25719E+00
   12  T  1  8 5  -2.25035E+00
   13  T  5  5 2  -2.08378E+00
   14  T  5  5 4  -1.92203E+00
   15  T  6  5 4  -1.82440E+00
   16  T  1  9 3  -1.78158E+00
   17  T  1  9 5  -1.77743E+00
   18  T  1 10 3  -1.44326E+00
   19  T  1 10 5  -1.44015E+00
    6    4    1    6
    3  1.646639E+00
    1  T  4  5 4  -4.11387E+00
    2  T  4  6 4  -2.35387E+00
    3  T  4  7 4  -1.29255E+00
    4  T  4  8 4  -6.03678E-01
    5  T  4  9 4  -1.31384E-01
    6  T  4 10 4   2.06448E-01
    0    0    0    0
