   20   13    E
    2    0    1    8
    5  3.117887E+00
    1  C  6  0 0  -3.19629E+00
    2  T  5  4 1  -2.23267E+00
    3  T  5  5 1  -7.34717E-02
    4  T  5  6 1   9.93380E-01
    5  T  5  7 1   1.60036E+00
    6  T  5  8 1   1.97936E+00
    7  T  5  9 1   2.23203E+00
    8  T  5 10 1   2.40895E+00
    2    0    0   17
    1  0.000000E+00
    1  C  1  0 0  -8.86000E+00
    2  T  1  4 0  -5.83845E+00
    3  T  4  3 2  -4.97033E+00
    4  C  3  0 0  -3.84552E+00
    5  T  2  4 1  -3.66100E+00
    6  T  1  5 0  -3.44782E+00
    7  T  3  4 1  -3.16724E+00
    8  T  1  6 0  -2.25207E+00
    9  T  6  4 0  -2.11126E+00
   10  T  2  5 1  -1.73546E+00
   11  T  1  7 0  -1.59799E+00
   12  T  4  4 2  -1.27023E+00
   13  T  1  8 0  -1.19840E+00
   14  T  3  5 1  -1.13660E+00
   15  T  1  9 0  -9.18560E-01
   16  T  2  6 1  -7.51954E-01
   17  T  1 10 0  -7.32592E-01
    2    1    1   29
    1  0.000000E+00
    1  T  1  3 1  -1.08124E+01
    2  C  2  0 0  -7.44770E+00
    3  T  2  3 2  -6.41755E+00
    4  T  3  3 2  -6.25300E+00
    5  T  1  4 1  -5.25108E+00
    6  T  2  4 0  -4.39269E+00
    7  T  3  4 0  -3.85330E+00
    8  T  1  5 1  -3.15160E+00
    9  T  2  4 2  -3.06621E+00
   10  C  5  0 0  -2.85782E+00
   11  C  8  0 0  -2.54582E+00
   12  T  3  4 2  -2.47458E+00
   13  T  1  6 1  -2.12287E+00
   14  T  4  4 1  -2.09705E+00
   15  C  6  0 0  -2.08546E+00
   16  T  2  5 0: -2.02854E+00
   17  T  5  4 1  -1.76831E+00
   18  T  6  4 1  -1.55396E+00
   19  T  1  7 1  -1.51547E+00
   20  T  3  5 0  -1.44825E+00
   21  T  2  5 2  -1.43546E+00
   22  T  7  4 1  -1.26366E+00
   23  T  1  8 1  -1.13253E+00
   24  T  2  6 0  -9.11071E-01
   25  T  4  4 3  -9.00306E-01
   26  T  1  9 1  -8.77437E-01
   27  T  8  4 1  -8.40651E-01
   28  T  3  5 2  -7.83248E-01
   29  T  1 10 1  -7.02027E-01
    2    1    0   24
    2  1.318975E+00
    1  C  1  0 0  -8.71199E+00
    2  T  5  3 2: -5.57357E+00
    3  T  4  3 2: -4.98370E+00
    4  T  2  4 1  -4.00855E+00
    5  C  3  0 0  -3.71850E+00
    6  T  3  4 1  -3.28363E+00
    7  T  5  4 0  -2.53083E+00
    8  T  2  5 1  -1.84122E+00
    9  T  5  4 2  -1.35721E+00
   10  T  4  4 2  -1.30102E+00
   11  T  3  5 1  -1.17839E+00
   12  T  2  6 1  -8.02927E-01
   13  T  7  4 2  -7.18596E-01
   14  C  9  0 0  -4.58922E-01
   15  T  5  5 0  -2.68164E-01
   16  T  2  7 1  -1.76543E-01
   17  T  3  6 1  -1.52033E-01
   18  T  8  4 2  -5.19505E-02
   19  T  2  8 1   1.84197E-01
   20  T  4  5 2   3.09584E-01
   21  T  5  5 2   3.36433E-01
   22  T  2  9 1   4.35766E-01
   23  T  3  7 1   4.54857E-01
   24  T  2 10 1   6.11161E-01
    2    2    1   30
    2  1.318975E+00
    1  C  2  0 0  -7.85124E+00
    2  T  2  3 2  -7.00912E+00
    3  T  3  3 2  -6.20678E+00
    4  C  4  0 0  -3.32654E+00
    5  T  2  4 2  -3.20867E+00
    6  C  5  0 0  -2.57995E+00
    7  T  3  4 2: -2.53188E+00
    8  T  4  4 1  -2.20538E+00
    9  C  6  0 0  -2.16855E+00
   10  T  5  4 1  -1.93464E+00
   11  T  2  5 2  -1.47915E+00
   12  T  7  4 1  -1.45536E+00
   13  T  4  4 3: -1.01037E+00
   14  T  8  4 1  -9.63937E-01
   15  T  5  4 3  -9.18755E-01
   16  T  3  5 2  -8.12059E-01
   17  T  2  6 2  -5.99715E-01
   18  T  7  4 3  -2.87329E-01
   19  T  4  5 1  -1.04335E-01
   20  T  2  7 2  -7.56405E-02
   21  T  3  6 2   2.86549E-02
   22  T  5  5 1   5.25494E-02
   23  T  8  4 3   2.47211E-01
   24  T  2  8 2   2.64744E-01
   25  T  4  5 3   4.65427E-01
   26  T  2  9 2   4.87081E-01
   27  T  5  5 3   5.21935E-01
   28  T  3  7 2   5.66375E-01
   29  T  7  5 1   6.08047E-01
   30  T  2 10 2   6.50808E-01
    2    2    0   28
    1  0.000000E+00
    1  C  1  0 0  -9.30947E+00
    2  T  1  3 2  -8.25631E+00
    3  T  4  3 2  -5.27673E+00
    4  T  6  3 2: -4.92849E+00
    5  T  5  3 2: -4.54611E+00
    6  T  1  4 2  -4.48776E+00
    7  C  3  0 0  -4.27904E+00
    8  T  2  4 1  -3.82730E+00
    9  T  3  4 1  -3.29578E+00
   10  T  1  5 2  -2.78569E+00
   11  T  4  4 0  -2.67912E+00
   12  T  2  4 3  -2.62432E+00
   13  T  3  4 3  -2.08688E+00
   14  T  7  4 0  -1.95711E+00
   15  T  1  6 2  -1.89061E+00
   16  T  2  5 1  -1.76460E+00
   17  T  8  4 0  -1.48905E+00
   18  T  4  4 2  -1.40598E+00
   19  T  1  7 2  -1.38097E+00
   20  T  2  5 3  -1.23665E+00
   21  T  5  4 2  -1.20764E+00
   22  T  3  5 1  -1.16704E+00
   23  T  1  8 2  -1.04876E+00
   24  T  1  9 2  -8.28167E-01
   25  T  6  4 2  -7.92019E-01
   26  T  2  6 1  -7.70628E-01
   27  T  1 10 2  -6.72769E-01
   28  T  3  5 3  -6.46372E-01
    2    3    1   23
    1  0.000000E+00
    1  T  2  3 2  -6.79616E+00
    2  T  3  3 2  -6.40958E+00
    3  T  1  4 3  -4.08573E+00
    4  C  5  0 0  -3.36118E+00
    5  T  2  4 2  -3.10471E+00
    6  C  4  0 0  -2.73748E+00
    7  T  1  5 3  -2.61325E+00
    8  T  3  4 2  -2.56177E+00
    9  C  7  0 0  -2.45683E+00
   10  T  4  4 1  -2.10777E+00
   11  T  1  6 3  -1.80963E+00
   12  T  2  5 2  -1.49858E+00
   13  T  1  7 3  -1.33437E+00
   14  T  7  4 1  -1.29077E+00
   15  T  2  5 4  -1.24434E+00
   16  T  4  4 3  -1.03517E+00
   17  T  1  8 3  -1.01077E+00
   18  T  8  4 1  -9.49461E-01
   19  T  3  5 2  -8.04764E-01
   20  T  1  9 3  -7.95736E-01
   21  T  5  4 3  -7.84870E-01
   22  T  1 10 3  -6.48371E-01
   23  T  3  5 4  -6.44112E-01
    2    3    0   23
    2  1.318975E+00
    1  T  4  3 2  -5.75053E+00
    2  T  5  3 2  -4.87261E+00
    3  C  3  0 0  -3.94726E+00
    4  T  2  4 3  -2.78838E+00
    5  T  3  4 3  -2.16488E+00
    6  T  4  4 2  -1.42611E+00
    7  T  5  4 2  -1.32567E+00
    8  T  2  5 3  -1.27607E+00
    9  T  7  4 2  -7.60853E-01
   10  T  3  5 3  -6.72017E-01
   11  T  2  6 3  -4.92735E-01
   12  C  9  0 0  -3.74974E-01
   13  T  8  4 2  -1.65808E-01
   14  T  2  7 3  -9.46024E-03
   15  T  3  6 3   1.39610E-01
   16  T  4  5 2   2.66947E-01
   17  T  2  8 3   3.04067E-01
   18  T  5  5 2   3.45253E-01
   19  T  4  5 4   5.05777E-01
   20  T  2  9 3   5.18198E-01
   21  T  5  5 4   5.46162E-01
   22  T  3  7 3   6.24761E-01
   23  T  2 10 3   6.71441E-01
    2    4    1   16
    2  1.318975E+00
    1  C  7  0 0  -3.16443E+00
    2  C  4  0 0  -2.45805E+00
    3  T  2  5 4  -1.31186E+00
    4  T  4  4 3  -1.09516E+00
    5  T  5  4 3  -8.72337E-01
    6  T  3  5 4  -6.30505E-01
    7  T  2  6 4  -4.70219E-01
    8  T  7  4 3  -3.58952E-01
    9  T  2  7 4   6.49380E-03
   10  T  3  6 4   1.23048E-01
   11  T  8  4 3   2.45334E-01
   12  T  2  8 4   3.09826E-01
   13  T  4  5 3   4.28205E-01
   14  T  2  9 4   5.01856E-01
   15  T  5  5 3   5.56932E-01
   16  T  3  7 4   6.45428E-01
    2    4    0   13
    1  0.000000E+00
    1  T  4  3 2  -5.45683E+00
    2  C  3  0 0  -4.33917E+00
    3  T  2  4 3  -2.66197E+00
    4  T  1  5 4  -2.60596E+00
    5  T  3  4 3  -2.13227E+00
    6  T  1  6 4  -1.76242E+00
    7  T  4  4 2  -1.36710E+00
    8  T  1  7 4  -1.30719E+00
    9  T  2  5 3  -1.24290E+00
   10  T  1  8 4  -1.00371E+00
   11  T  1  9 4  -7.97318E-01
   12  T  7  4 2  -6.83887E-01
   13  T  3  5 3  -6.76250E-01
    2    5    1    8
    1  0.000000E+00
    1  C  7  0 0  -3.06822E+00
    2  T  1  6 5  -1.78097E+00
    3  T  1  7 5  -1.31049E+00
    4  T  2  5 4  -1.24982E+00
    5  T  4  4 3  -1.03235E+00
    6  T  1  8 5  -9.94093E-01
    7  T  1  9 5  -7.93715E-01
    8  T  3  5 4: -6.52551E-01
    4    0    1    9
    5  3.117887E+00
    1  C  2  0 0  -7.74564E+00
    2  C  6  0 0  -2.69080E+00
    3  T  5  4 1  -2.04219E+00
    4  T  5  5 1  -9.46964E-03
    5  T  5  6 1   1.02357E+00
    6  T  5  7 1   1.61732E+00
    7  T  5  8 1   1.98992E+00
    8  T  5  9 1   2.23908E+00
    9  T  5 10 1   2.41390E+00
    4    0    0    8
    2  1.318975E+00
    1  T  2  4 1  -3.88314E+00
    2  T  2  5 1  -1.80933E+00
    3  T  2  6 1  -7.85777E-01
    4  T  7  4 2  -6.92312E-01
    5  T  2  7 1  -1.81582E-01
    6  T  2  8 1   1.90914E-01
    7  T  2  9 1   4.40062E-01
    8  T  2 10 1   6.14831E-01
    4    1    1   21
    2  1.318975E+00
    1  T  2  3 2  -7.14440E+00
    2  T  2  4 0  -4.53199E+00
    3  C  6  0 0  -3.10896E+00
    4  T  2  4 2  -3.09765E+00
    5  T  2  5 0  -2.13742E+00
    6  T  5  4 1  -2.04937E+00
    7  T  2  5 2  -1.45794E+00
    8  T  7  4 1  -1.39678E+00
    9  T  2  6 0  -9.33798E-01
   10  T  2  6 2  -5.80823E-01
   11  T  2  7 0  -2.78687E-01
   12  T  7  4 3  -2.65714E-01
   13  T  2  7 2  -6.93529E-02
   14  T  5  5 1  -5.49365E-04
   15  T  2  8 0   1.31635E-01
   16  T  2  8 2   2.70771E-01
   17  T  2  9 0   3.98151E-01
   18  T  2  9 2   4.94433E-01
   19  T  2 10 0   5.83379E-01
   20  T  7  5 1   6.33799E-01
   21  T  2 10 2   6.54157E-01
    4    1    0   16
    2  1.318975E+00
    1  C  1  0 0  -9.68447E+00
    2  T  5  3 2  -5.21119E+00
    3  C  3  0 0  -4.57441E+00
    4  T  2  4 1  -3.90845E+00
    5  T  5  4 0  -2.65219E+00
    6  T  2  5 1  -1.83001E+00
    7  T  5  4 2  -1.35006E+00
    8  T  2  6 1  -7.89786E-01
    9  C  9  0 0  -6.33531E-01
   10  T  7  4 2  -5.67430E-01
   11  T  5  5 0  -2.82153E-01
   12  T  2  7 1  -1.80820E-01
   13  T  2  8 1   1.86724E-01
   14  T  5  5 2   3.26807E-01
   15  T  2  9 1   4.38811E-01
   16  T  2 10 1   6.13202E-01
    4    2    1   17
    2  1.318975E+00
    1  T  2  3 2  -7.11633E+00
    2  C  6  0 0  -3.22438E+00
    3  T  2  4 2  -3.20700E+00
    4  C  4  0 0  -2.93410E+00
    5  T  5  4 1  -2.13984E+00
    6  T  7  4 1  -1.55350E+00
    7  T  2  5 2  -1.42708E+00
    8  T  5  4 3  -9.75693E-01
    9  T  2  6 2  -6.01099E-01
   10  T  7  4 3  -2.87778E-01
   11  T  2  7 2  -9.29498E-02
   12  T  5  5 1  -1.73542E-02
   13  T  2  8 2   2.61724E-01
   14  T  2  9 2   4.81955E-01
   15  T  5  5 3   5.07265E-01
   16  T  7  5 1   5.94626E-01
   17  T  2 10 2   6.52823E-01
    4    2    0   20
    2  1.318975E+00
    1  T  5  3 2  -5.53955E+00
    2  T  2  4 1  -3.97927E+00
    3  T  2  4 3  -2.74120E+00
    4  T  7  4 0  -2.06262E+00
    5  T  2  5 1  -1.84086E+00
    6  T  5  4 2  -1.28899E+00
    7  T  2  5 3  -1.27571E+00
    8  T  2  6 1  -8.03537E-01
    9  T  7  4 2  -7.72961E-01
   10  T  2  6 3  -4.84916E-01
   11  T  2  7 1  -1.93426E-01
   12  T  2  7 3  -4.30371E-03
   13  T  2  8 1   1.81088E-01
   14  T  2  8 3   3.07009E-01
   15  T  7  5 0   3.40010E-01
   16  T  5  5 2   3.56280E-01
   17  T  2  9 1   4.40035E-01
   18  T  2  9 3   5.20630E-01
   19  T  2 10 1   6.12727E-01
   20  T  2 10 3   6.72936E-01
    4    3    1   19
    2  1.318975E+00
    1  T  2  3 2  -7.43931E+00
    2  T  2  4 2  -3.14815E+00
    3  C  4  0 0  -3.14666E+00
    4  T  7  4 1  -1.48533E+00
    5  T  2  5 2  -1.45823E+00
    6  T  2  5 4  -1.25916E+00
    7  T  5  4 3  -9.31720E-01
    8  T  2  6 2  -5.87876E-01
    9  T  2  6 4  -4.64940E-01
   10  T  7  4 3  -3.98676E-01
   11  T  2  7 2  -6.79892E-02
   12  T  2  7 4   1.58880E-02
   13  T  2  8 2   2.64317E-01
   14  T  2  8 4   3.18414E-01
   15  T  2  9 2   4.83174E-01
   16  T  5  5 3   5.07031E-01
   17  T  2  9 4   5.40752E-01
   18  T  7  5 1   6.07672E-01
   19  T  2 10 2   6.53721E-01
    4    3    0   14
    2  1.318975E+00
    1  T  5  3 2  -5.65912E+00
    2  C  3  0 0  -4.77966E+00
    3  T  2  4 3  -2.82721E+00
    4  T  5  4 2  -1.35837E+00
    5  T  2  5 3  -1.31479E+00
    6  C  9  0 0  -8.35501E-01
    7  T  7  4 2  -6.66754E-01
    8  T  2  6 3  -4.99524E-01
    9  T  2  7 3  -1.36694E-02
   10  T  2  8 3   3.01070E-01
   11  T  5  5 2   3.24907E-01
   12  T  2  9 3   5.15926E-01
   13  T  5  5 4   5.43667E-01
   14  T  2 10 3   6.69837E-01
    4    4    1   10
    2  1.318975E+00
    1  C  4  0 0  -3.52656E+00
    2  T  2  5 4  -1.31638E+00
    3  T  5  4 3  -1.00338E+00
    4  T  2  6 4  -4.77058E-01
    5  T  7  4 3  -3.07851E-01
    6  T  2  7 4   6.93728E-03
    7  T  2  8 4   3.10211E-01
    8  T  5  5 3   4.69185E-01
    9  T  2  9 4   5.32661E-01
   10  T  2 10 4   6.77311E-01
    4    4    0   13
    2  1.318975E+00
    1  T  2  4 3  -2.81343E+00
    2  T  2  5 3  -1.31117E+00
    3  T  7  4 2  -7.66888E-01
    4  T  2  6 3  -4.99809E-01
    5  T  2  6 5  -4.56464E-01
    6  T  2  7 3  -1.31040E-02
    7  T  2  7 5   1.31716E-02
    8  T  2  8 3   3.01549E-01
    9  T  2  8 5   3.17564E-01
   10  T  2  9 3   5.15900E-01
   11  T  2  9 5   5.21705E-01
   12  T  5  5 4   5.81407E-01
   13  T  2 10 3   6.70262E-01
    4    5    1    7
    2  1.318975E+00
    1  T  2  5 4  -1.25400E+00
    2  T  2  6 4  -5.16817E-01
    3  T  7  4 3  -3.91823E-01
    4  T  2  7 4   1.39656E-02
    5  T  2  8 4   3.17768E-01
    6  T  2  9 4   5.27346E-01
    7  T  2 10 4   6.77511E-01
    0    0    0    0
