   20   16    E
    1    0    0   15
    3  4.096750E-01
    1  C  1  0 0  -5.83178E+00
    2  C  3  0 0  -3.11635E+00
    3  T  3  4 1  -1.96922E+00
    4  T  5  3 2: -1.63732E+00
    5  T  3  5 1  -9.78246E-01
    6  C  5  0 0: -8.30213E-01
    7  C  5  0 0: -8.04462E-01
    8  T  3  6 1  -4.92961E-01
    9  C  5  0 0  -4.37391E-01
   10  T  3  7 1  -2.29251E-01
   11  T  5  4 2  -1.61626E-01
   12  T  3  8 1  -6.52613E-02
   13  T  3  9 1   4.01329E-02
   14  C  7  0 0   9.78699E-02
   15  T  3 10 1   1.26226E-01
    1    1    0   25
    2  2.468000E-01
    1  T  2  4 1  -2.39930E+00
    2  T  3  4 1  -2.16546E+00
    3  T  5  3 2  -2.12716E+00
    4  C  5  0 0  -1.44665E+00
    5  T  2  4 3  -1.30825E+00
    6  T  2  5 1  -1.22899E+00
    7  C  5  0 0  -1.07993E+00
    8  T  3  5 1  -1.03988E+00
    9  T  6  3 2: -9.15229E-01
   10  T  2  5 3  -7.85983E-01
   11  T  2  6 1  -6.96130E-01
   12  C  7  0 0: -5.61304E-01
   13  T  3  6 1  -5.31131E-01
   14  T  2  6 3  -4.43087E-01
   15  T  2  7 1  -4.12714E-01
   16  T  2  7 3  -2.70018E-01
   17  T  3  7 1  -2.52080E-01
   18  T  2  8 1  -2.38352E-01
   19  T  5  4 2  -1.68388E-01
   20  T  2  8 3  -1.45173E-01
   21  T  2  9 1  -1.29121E-01
   22  T  3  8 1  -7.81411E-02
   23  T  2  9 3  -6.47317E-02
   24  T  2 10 1  -5.09863E-02
   25  T  2 10 3  -5.92782E-03
    1    2    0   35
    2  2.468000E-01
    1  C  1  0 0  -6.06963E+00
    2  T  5  3 2: -2.30795E+00
    3  T  2  4 1  -2.17673E+00
    4  T  3  4 1  -2.10930E+00
    5  T  6  3 2: -1.87448E+00
    6  T  7  3 2: -1.58432E+00
    7  T  2  4 3: -1.40079E+00
    8  C  5  0 0: -1.26376E+00
    9  T  5  4 0: -1.20767E+00
   10  T  3  4 3  -1.15974E+00
   11  T  2  5 1  -1.12938E+00
   12  C  5  0 0  -1.09774E+00
   13  T  3  5 1  -1.01698E+00
   14  C  5  0 0  -8.56012E-01
   15  T  2  5 3  -7.42695E-01
   16  T  2  6 1  -6.63551E-01
   17  T  3  5 3  -6.26889E-01
   18  C  5  0 0  -5.45598E-01
   19  T  3  6 1  -5.19163E-01
   20  T  2  6 3  -4.35921E-01
   21  T  2  7 1  -3.98009E-01
   22  C  5  0 0  -3.78982E-01
   23  T  2  7 3  -2.64998E-01
   24  T  3  6 3  -2.49301E-01
   25  T  3  7 1  -2.43218E-01
   26  T  2  8 1  -2.30141E-01
   27  C  5  0 0  -1.55598E-01
   28  T  2  8 3  -1.41222E-01
   29  T  2  9 1  -1.28926E-01
   30  C  7  0 0  -1.07779E-01
   31  T  3  7 3  -8.59447E-02
   32  T  3  8 1  -7.34085E-02
   33  T  2  9 3  -6.12812E-02
   34  T  2 10 1  -4.41956E-02
   35  T  2 10 3  -3.91892E-03
    1    3    0   28
    2  2.468000E-01
    1  T  5  3 2  -2.33868E+00
    2  T  2  4 1  -2.25993E+00
    3  T  6  3 2  -1.80868E+00
    4  T  2  4 3  -1.33101E+00
    5  C  5  0 0  -1.28086E+00
    6  T  2  5 1  -1.19594E+00
    7  T  3  4 3  -1.16035E+00
    8  C  5  0 0  -8.17158E-01
    9  T  2  6 1  -6.93162E-01
   10  T  2  5 3  -6.84264E-01
   11  T  3  5 3  -6.24648E-01
   12  C  5  0 0  -5.51195E-01
   13  T  2  6 5  -4.47720E-01
   14  T  2  6 3  -4.28654E-01
   15  T  2  7 1  -4.11017E-01
   16  T  3  6 3  -2.96860E-01
   17  T  2  7 5  -2.63482E-01
   18  T  2  7 3  -2.57219E-01
   19  T  2  8 1  -2.39731E-01
   20  T  5  4 2  -1.50135E-01
   21  T  2  8 5  -1.43877E-01
   22  T  2  8 3  -1.35381E-01
   23  T  2  9 1  -1.27984E-01
   24  T  3  7 3  -1.06643E-01
   25  T  2  9 5  -6.19103E-02
   26  T  2  9 3  -6.00472E-02
   27  T  2 10 1  -5.04993E-02
   28  T  2 10 5  -3.40091E-03
    1    4    0   23
    2  2.468000E-01
    1  T  5  3 2  -2.38056E+00
    2  C  5  0 0  -1.73352E+00
    3  T  2  4 3  -1.33460E+00
    4  T  3  4 3  -1.21411E+00
    5  C  5  0 0  -9.62197E-01
    6  C  5  0 0  -9.41242E-01
    7  T  2  5 3  -7.68862E-01
    8  T  3  5 3  -5.98930E-01
    9  T  2  6 3  -4.77312E-01
   10  T  2  6 5  -4.47758E-01
   11  C  5  0 0  -3.57399E-01
   12  T  3  6 5  -2.84998E-01
   13  T  3  6 3  -2.80064E-01
   14  T  2  7 5  -2.63408E-01
   15  T  2  7 3  -2.44740E-01
   16  T  5  4 2  -1.83334E-01
   17  T  2  8 5  -1.43941E-01
   18  T  2  8 3  -1.35475E-01
   19  T  3  7 5  -1.00593E-01
   20  T  3  7 3  -9.84800E-02
   21  T  2  9 5  -6.18972E-02
   22  T  2  9 3  -5.80041E-02
   23  T  2 10 5  -3.28691E-03
    1    5    0   16
    2  2.468000E-01
    1  C  5  0 0  -1.47462E+00
    2  T  2  4 3  -1.23179E+00
    3  T  2  5 3  -7.62377E-01
    4  T  2  6 3  -4.57808E-01
    5  T  2  6 5  -4.47679E-01
    6  T  3  6 5  -2.84829E-01
    7  T  2  7 3  -2.71085E-01
    8  T  2  7 5  -2.63431E-01
    9  T  2  8 3  -1.49459E-01
   10  T  2  8 5  -1.43860E-01
   11  T  2  8 7  -1.43833E-01
   12  T  3  7 5  -1.00563E-01
   13  T  2  9 3  -6.59987E-02
   14  T  2  9 5  -6.18678E-02
   15  T  2  9 7  -6.18489E-02
   16  T  2 10 3  -6.33080E-03 X WAS 1 0 3
    1    0    1    9
    2  2.468000E-01
    1  T  2  3 2  -4.12024E+00
    2  T  2  4 2  -1.73811E+00
    3  T  2  5 2  -9.59132E-01
    4  T  2  6 2  -5.73494E-01
    5  T  6  4 1  -4.36295E-01
    6  T  2  7 2  -3.22800E-01
    7  T  2  8 2  -1.86378E-01
    8  T  2  9 2  -9.19191E-02
    9  T  2 10 2  -2.51069E-02
    1    1    1   24
    2  2.468000E-01
    1  C  2  0 0  -4.44212E+00
    2  T  2  3 2  -3.40891E+00
    3  T  3  3 2  -3.00342E+00
    4  T  3  4 0  -2.56079E+00
    5  T  2  4 2  -1.69931E+00
    6  T  3  4 2  -1.46146E+00
    7  T  3  5 0  -1.21635E+00
    8  T  2  5 2  -9.39612E-01
    9  T  5  4 1  -8.10411E-01
   10  T  3  5 2  -7.44012E-01
   11  T  3  6 0  -6.19951E-01
   12  T  2  6 2  -5.48840E-01
   13  T  6  4 1  -4.50311E-01
   14  T  7  4 1  -3.97549E-01
   15  T  3  6 2  -3.74856E-01
   16  T  2  7 2  -3.26444E-01
   17  T  3  7 0  -2.98204E-01
   18  T  2  8 2  -1.86552E-01
   19  T  3  7 2  -1.57272E-01
   20  T  3  8 0  -1.09938E-01
   21  C  6  0 0: -9.36943E-02
   22  T  2  9 2  -9.05283E-02
   23  T  2 10 2  -2.54454E-02
   24  T  3  8 2  -1.75778E-02
    1    2    1   32
    2  2.468000E-01
    1  T  2  3 2  -3.88501E+00
    2  T  3  3 2  -3.25368E+00
    3  T  2  4 0  -2.72351E+00
    4  T  2  4 2  -1.67598E+00
    5  T  3  4 2  -1.53163E+00
    6  T  2  5 0  -1.37649E+00
    7  T  2  5 2  -9.29709E-01
    8  T  3  5 2  -7.92750E-01
    9  T  2  6 0  -7.72740E-01
   10  T  2  5 4  -7.54432E-01
   11  T  5  4 1  -7.42892E-01
   12  C  4  0 0  -6.60228E-01
   13  T  2  6 2  -5.51536E-01
   14  T  6  4 1  -4.99943E-01
   15  T  2  7 0  -4.61228E-01
   16  T  2  6 4  -4.48869E-01
   17  T  3  6 2  -3.84100E-01
   18  T  2  7 2  -3.21394E-01
   19  T  2  8 0  -2.72255E-01
   20  T  2  7 4  -2.64559E-01
   21  T  2  8 2  -1.83692E-01
   22  T  3  7 2  -1.64426E-01
   23  T  2  9 0  -1.49427E-01
   24  T  2  8 4  -1.45010E-01
   25  C  6  0 0  -1.21422E-01
   26  T  2  9 2  -8.88176E-02
   27  T  2 10 0  -6.59509E-02
   28  T  2  9 4  -6.23728E-02
   29  T  3  8 2  -2.54251E-02
   30  T  2 10 2  -2.10432E-02
   31  T  2 11 0  -6.07529E-03
   32  T  2 10 4  -3.63463E-03
    1    3    1   25
    2  2.468000E-01
    1  T  2  3 2  -3.57732E+00
    2  T  3  3 2  -3.14871E+00
    3  T  2  4 2  -1.63625E+00
    4  T  3  4 2  -1.51175E+00
    5  T  2  5 2  -9.15394E-01
    6  T  5  4 1  -8.56811E-01
    7  T  2  5 4  -7.58882E-01
    8  T  3  5 2  -7.52176E-01
    9  C  4  0 0  -6.66490E-01
   10  T  3  5 4  -5.90740E-01
   11  T  2  6 2  -5.39262E-01
   12  T  2  6 4  -4.48821E-01
   13  T  3  6 2  -3.83427E-01
   14  T  2  7 2  -3.20746E-01
   15  T  3  6 4  -2.86181E-01
   16  T  2  7 4  -2.63664E-01
   17  T  2  8 2  -1.82008E-01
   18  T  3  7 2  -1.61885E-01
   19  T  2  8 4  -1.44649E-01
   20  T  3  7 4  -1.01123E-01
   21  T  2  9 2  -8.83797E-02
   22  T  2  9 4  -6.24200E-02
   23  T  2 10 2  -2.28783E-02
   24  T  3  8 2  -2.11680E-02
   25  T  2 10 4  -3.80759E-03
    1    4    1   19
    2  2.468000E-01
    1  T  2  3 2  -3.91417E+00
    2  T  2  4 2  -1.70579E+00
    3  T  2  5 2  -9.39973E-01
    4  T  2  5 4  -7.53988E-01
    5  T  3  5 4  -5.91644E-01
    6  T  2  6 2  -5.52863E-01
    7  T  2  6 4  -4.48311E-01
    8  T  2  7 2  -3.28351E-01
    9  T  3  6 4  -2.86157E-01
   10  T  2  7 4  -2.63873E-01
   11  T  2  7 6  -2.63388E-01
   12  T  2  8 2  -1.86609E-01
   13  T  2  8 4  -1.44306E-01
   14  T  2  8 6  -1.43836E-01
   15  T  3  7 4  -1.01675E-01
   16  T  2  9 2  -9.14382E-02
   17  T  2  9 4  -6.22089E-02
   18  T  2  9 6  -6.18462E-02
   19  T  2 10 2  -2.46408E-02
    1    5    1   13
    2  2.468000E-01
    1  T  2  5 4  -7.54586E-01
    2  T  3  5 4  -5.91350E-01
    3  T  2  6 4  -4.48498E-01
    4  T  3  6 4  -2.86193E-01
    5  T  2  7 4  -2.63753E-01
    6  T  2  7 6  -2.63388E-01 X WAS 3 7 6
    7  T  2  8 4  -1.44571E-01
    8  T  2  8 6  -1.43840E-01
    9  T  3  7 4  -1.01306E-01
   10  T  3  7 6  -1.00521E-01
   11  T  2  9 4  -6.24738E-02
   12  T  2  9 6  -6.18517E-02
   13  C  6  0 0  -3.00195E-02
    3    0    0   11
    3  4.096750E-01
    1  T  3  4 1  -2.21547E+00
    2  T  5  3 2  -1.96756E+00
    3  T  3  5 1  -1.06872E+00
    4  T  7  4 0  -8.90218E-01
    5  C  5  0 0  -7.75513E-01
    6  T  3  6 1  -5.34835E-01
    7  T  3  7 1  -2.54849E-01
    8  T  5  4 2  -2.22031E-01
    9  T  3  8 1  -7.88444E-02
   10  T  3  9 1   3.36185E-02
   11  T  3 10 1   1.11315E-01
    3    1    0   31
    1  0.000000E+00
    1  C  1  0 0  -6.23865E+00
    2  T  5  3 2: -2.72145E+00
    3  T  1  4 1  -2.54442E+00
    4  T  2  4 1  -2.25561E+00
    5  T  3  4 1  -2.10386E+00
    6  C  5  0 0: -2.10386E+00
    7  T  4  3 2: -1.92475E+00
    8  T  4  4 0  -1.46662E+00
    9  T  6  3 2  -1.46662E+00
   10  T  1  5 1  -1.43159E+00
   11  T  2  4 3  -1.31875E+00
   12  C  5  0 0  -1.24333E+00
   13  T  2  5 1  -1.18285E+00
   14  C  5  0 0  -1.11151E+00
   15  T  3  5 1  -1.03367E+00
   16  T  6  4 0  -9.77350E-01
   17  T  1  6 1  -9.15544E-01
   18  C  5  0 0  -8.39001E-01
   19  C  5  0 0  -7.69572E-01
   20  T  2  5 3  -7.08292E-01
   21  T  2  6 1  -6.84880E-01
   22  T  1  7 1  -6.46607E-01
   23  T  3  6 1  -5.25181E-01
   24  T  1  8 1  -4.82159E-01
   25  T  4  4 2  -4.66050E-01
   26  T  2  6 3  -4.36041E-01
   27  T  2  7 1  -4.06663E-01
   28  T  1  9 1  -3.71483E-01
   29  T  1 10 1  -2.96902E-01
   30  T  4  5 0  -2.75600E-01
   31  T  2  7 3  -2.64842E-01
    3    2    0   35
    2  2.468000E-01
    1  T  5  3 2: -2.60332E+00
    2  T  2  4 1  -2.37257E+00
    3  T  6  3 2: -2.24998E+00
    4  T  3  4 1  -2.18145E+00
    5  T  7  3 2: -1.96000E+00
    6  T  4  3 2: -1.83424E+00
    7  C  5  0 0  -1.44131E+00
    8  T  2  4 3  -1.34164E+00
    9  T  5  4 0: -1.28120E+00
   10  C  5  0 0  -1.23417E+00
   11  T  2  5 1  -1.18253E+00
   12  T  3  4 3  -1.15334E+00
   13  T  3  5 1  -1.05452E+00
   14  C  5  0 0  -9.60512E-01
   15  C  5  0 0  -8.21833E-01
   16  T  2  5 3: -7.42589E-01
   17  T  2  6 1  -6.97481E-01
   18  T  3  5 3  -6.22979E-01
   19  T  4  4 2: -5.71236E-01
   20  T  3  6 1  -5.33996E-01
   21  C  5  0 0  -4.76637E-01
   22  T  2  6 3  -4.25306E-01
   23  T  2  7 1  -4.14049E-01
   24  T  3  6 3  -2.94971E-01
   25  T  2  7 3  -2.65469E-01
   26  T  3  7 1  -2.49828E-01
   27  T  2  8 1  -2.41424E-01
   28  T  5  4 2  -1.75132E-01
   29  T  2  8 3  -1.46130E-01
   30  T  2  9 1  -1.29022E-01
   31  T  3  7 3  -1.08822E-01
   32  T  3  8 1  -7.86582E-02
   33  T  2  9 3  -6.35937E-02
   34  T  2 10 1  -5.13925E-02
   35  T  2 10 3  -5.07976E-03
    3    3    0   29
    1  0.000000E+00
    1  T  4  3 2  -2.59923E+00
    2  T  2  4 1  -2.36023E+00
    3  T  5  3 2: -2.30528E+00
    4  T  6  3 2: -2.04846E+00
    5  C  5  0 0  -1.80986E+00
    6  T  1  4 3  -1.57682E+00
    7  C  5  0 0  -1.37860E+00
    8  T  2  4 3  -1.34297E+00
    9  C  5  0 0  -1.23203E+00
   10  T  2  5 1  -1.22216E+00
   11  T  3  4 3  -1.17727E+00
   12  C  5  0 0  -1.04639E+00
   13  T  1  5 3: -1.00738E+00
   14  C  5  0 0  -9.42495E-01
   15  T  2  5 3  -7.73647E-01
   16  T  1  6 3  -7.16415E-01
   17  T  2  6 1  -6.96189E-01
   18  T  3  5 3  -6.29503E-01
   19  C  5  0 0  -5.69493E-01
   20  T  1  7 3  -5.09600E-01
   21  T  4  4 2  -4.79899E-01
   22  T  2  6 3  -4.49555E-01
   23  T  2  6 5  -4.47617E-01
   24  T  2  7 1  -4.12645E-01
   25  T  1  8 3  -3.85918E-01
   26  T  1  9 3  -3.09586E-01
   27  T  3  6 3  -2.89845E-01
   28  T  2  7 3  -2.71686E-01
   29  T  2  7 5  -2.63464E-01
    3    4    0   23
    2  2.468000E-01
    1  T  5  3 2  -2.47993E+00
    2  C  5  0 0  -1.58333E+00
    3  C  5  0 0  -1.34197E+00
    4  T  2  4 3  -1.31310E+00
    5  T  3  4 3  -1.12397E+00
    6  C  5  0 0  -9.55218E-01
    7  T  2  5 3  -7.74221E-01
    8  T  3  5 3  -6.09653E-01
    9  T  2  6 3  -4.62546E-01
   10  T  2  6 5  -4.47764E-01
   11  T  3  6 3  -3.01458E-01
   12  T  3  6 5  -2.84970E-01
   13  T  2  7 3  -2.72658E-01
   14  T  2  7 5  -2.63411E-01 X WAS 2 7 5
   15  T  5  4 2  -2.22524E-01
   16  T  2  8 3  -1.51378E-01
   17  T  2  8 5  -1.43951E-01
   18  T  3  7 3  -1.10821E-01
   19  T  3  7 5  -1.00592E-01
   20  T  2  9 3  -6.69894E-02
   21  T  2  9 5  -6.19007E-02
   22  T  2 10 3  -7.40750E-03
   23  T  2 10 5  -3.28840E-03
    3    5    0   14
    1  0.000000E+00
    1  C  5  0 0  -1.75399E+00
    2  T  2  4 3  -1.45652E+00
    3  C  5  0 0  -1.24285E+00
    4  T  2  5 3  -7.67062E-01
    5  T  1  6 5  -6.94493E-01
    6  T  1  7 5  -5.10256E-01
    7  T  2  6 3  -4.60042E-01
    8  T  2  6 5  -4.47707E-01
    9  T  1  8 5  -3.90668E-01
   10  T  1  9 5  -3.08677E-01
   11  T  3  6 5  -2.84832E-01
   12  T  2  7 3  -2.72367E-01
   13  T  2  7 5  -2.63463E-01
   14  T  1 10 5  -2.50027E-01
    3    0    1   15
    1  0.000000E+00
    1  T  2  3 2  -3.49306E+00
    2  T  1  4 0  -2.93805E+00
    3  T  2  4 2  -1.69267E+00
    4  T  1  5 0  -1.60180E+00
    5  T  4  4 1  -1.07382E+00
    6  T  1  6 0  -1.02658E+00
    7  T  2  5 2  -9.14836E-01
    8  T  1  7 0  -7.07852E-01
    9  T  2  6 2  -5.50542E-01
   10  T  1  8 0  -5.19518E-01
   11  T  6  4 1  -5.03715E-01
   12  T  1  9 0  -3.95373E-01
   13  T  2  7 2  -3.25518E-01
   14  T  1 10 0  -3.11140E-01
   15  T  1 11 0  -2.52428E-01
    3    1    1   26
    2  2.468000E-01
    1  C  2  0 0  -4.85909E+00
    2  T  3  3 2: -3.76500E+00
    3  T  2  3 2: -3.43675E+00
    4  T  3  4 0  -2.61558E+00
    5  T  2  4 2  -1.68770E+00
    6  T  3  4 2  -1.54412E+00
    7  T  3  5 0  -1.23579E+00
    8  T  4  4 1  -1.09046E+00
    9  C  4  0 0  -1.01420E+00
   10  T  2  5 2  -9.32124E-01
   11  T  3  5 2  -7.90839E-01
   12  T  5  4 1  -7.77827E-01
   13  T  3  6 0  -6.27702E-01
   14  T  6  4 1  -5.77308E-01
   15  T  2  6 2  -5.36754E-01
   16  T  7  4 1  -4.56900E-01
   17  T  3  6 2  -3.82666E-01
   18  T  2  7 2  -3.25704E-01
   19  T  3  7 0  -3.03150E-01
   20  C  6  0 0  -2.56221E-01
   21  T  2  8 2  -1.85222E-01
   22  T  3  7 2  -1.64335E-01
   23  T  3  8 0  -1.12922E-01
   24  T  2  9 2  -9.00130E-02
   25  T  3  8 2  -2.60815E-02
   26  T  2 10 2  -2.19245E-02
    3    2    1   30
    1  0.000000E+00
    1  T  2  3 2: -4.16878E+00
    2  T  3  3 2: -3.74979E+00
    3  T  1  3 2: -3.33987E+00
    4  T  2  4 0  -2.77933E+00
    5  T  1  4 2  -1.91334E+00
    6  T  2  4 2  -1.70755E+00
    7  T  3  4 2  -1.53298E+00
    8  T  2  5 0  -1.39631E+00
    9  T  1  5 2  -1.17068E+00
   10  T  4  4 1  -1.10509E+00
   11  T  2  5 2  -9.45205E-01
   12  T  2  6 0  -8.08388E-01
   13  T  1  6 2  -7.90694E-01
   14  T  3  5 2  -7.74861E-01
   15  T  5  4 1  -7.54784E-01
   16  T  2  5 4  -7.54784E-01
   17  C  4  0 0  -7.37763E-01
   18  T  1  7 2  -5.81003E-01
   19  T  2  6 2  -5.53988E-01
   20  T  6  4 1  -5.21391E-01
   21  T  2  7 0  -4.66883E-01
   22  C  6  0 0  -4.55824E-01
   23  T  2  6 4  -4.48417E-01
   24  T  1  8 2  -4.28393E-01
   25  T  3  6 2  -3.87122E-01
   26  T  1  9 2  -3.35914E-01
   27  T  2  7 2  -3.26431E-01
   28  T  2  8 0  -2.75625E-01
   29  T  1 10 2  -2.69329E-01
   30  T  2  7 4  -2.64259E-01
    3    3    1   28
    2  2.468000E-01
    1  T  3  3 2: -4.10040E+00
    2  T  2  3 2: -3.79321E+00
    3  T  2  4 2  -1.73189E+00
    4  T  3  4 2  -1.54700E+00
    5  T  2  5 2  -9.60966E-01
    6  C  4  0 0  -9.17957E-01
    7  T  5  4 1  -8.43426E-01
    8  T  3  5 2  -7.74404E-01
    9  T  2  5 4  -7.55019E-01
   10  T  3  5 4  -5.91837E-01
   11  T  2  6 2  -5.55465E-01
   12  C  6  0 0  -4.80161E-01
   13  T  2  6 4  -4.49168E-01
   14  T  3  6 2  -3.92080E-01
   15  T  2  7 2  -3.28814E-01
   16  T  3  6 4  -2.87016E-01
   17  T  2  7 4  -2.64013E-01
   18  C  6  0 0  -2.20781E-01
   19  T  2  8 2  -1.88005E-01
   20  T  3  7 2  -1.66210E-01
   21  T  2  8 4  -1.44907E-01
   22  T  4  4 3  -1.27726E-01
   23  T  3  7 4  -1.01771E-01
   24  T  2  9 2  -9.21063E-02
   25  T  2  9 4  -6.25887E-02
   26  T  2 10 2  -2.66616E-02
   27  T  3  8 2  -2.26753E-02
   28  T  2 10 4  -4.01025E-03
    3    4    1   18
    1  0.000000E+00
    1  T  2  3 2  -3.96752E+00
    2  T  2  4 2  -1.71113E+00
    3  T  1  5 4  -1.00095E+00
    4  T  2  5 2  -9.42411E-01
    5  T  2  5 4  -7.54903E-01
    6  T  1  6 4  -6.95354E-01
    7  T  3  5 4  -5.91530E-01 X WAS 4 5 4
    8  T  2  6 2  -5.54704E-01
    9  T  1  7 4  -5.10996E-01
   10  T  2  6 4  -4.49194E-01
   11  C  6  0 0  -4.18179E-01
   12  T  1  8 4  -3.91060E-01
   13  T  2  7 2  -3.28248E-01
   14  T  1  9 4  -3.09128E-01
   15  T  3  6 4  -2.86062E-01
   16  T  2  7 4  -2.64599E-01
   17  T  2  7 6  -2.63392E-01
   18  T  1 10 4  -2.50468E-01
    3    5    1   14
    2  2.468000E-01
    1  T  2  5 4  -7.55667E-01
    2  T  3  5 4  -5.92085E-01
    3  C  6  0 0  -4.67416E-01
    4  T  2  6 4  -4.48862E-01
    5  T  3  6 4  -2.86963E-01
    6  T  2  7 4  -2.64391E-01
    7  T  2  7 6  -2.63396E-01
    8  T  2  8 4  -1.45128E-01
    9  T  2  8 6  -1.43841E-01
   10  T  3  7 4  -1.01955E-01
   11  T  3  7 6  -1.00522E-01
   12  T  2  9 4  -6.28154E-02
   13  T  2  9 6  -6.18519E-02
   14  C  6  0 0  -3.77290E-02
    5    1    0   11
    1  0.000000E+00
    1  T  4  3 2  -2.77719E+00
    2  T  1  4 1  -2.61044E+00
    3  T  4  4 0  -1.62661E+00
    4  T  1  5 1  -1.47304E+00
    5  C  5  0 0  -1.41393E+00
    6  T  1  6 1  -9.44856E-01
    7  T  1  7 1  -6.61620E-01
    8  C  7  0 0  -5.10158E-01
    9  T  1  8 1  -4.86882E-01
   10  T  1  9 1  -3.76000E-01
   11  T  1 10 1  -2.98490E-01
    5    2    0   10
    4  1.430300E+00
    1  T  4  3 2  -3.07367E+00
    2  C  5  0 0  -1.82292E+00
    3  C  5  0 0  -1.34879E+00
    4  T  4  4 2  -5.68814E-01
    5  T  4  5 2   2.23829E-01
    6  T  4  6 2   6.20588E-01
    7  T  4  7 2   8.49452E-01
    8  T  4  8 2   9.93286E-01
    9  T  4  9 2   1.08956E+00
   10  T  4 10 2   1.15717E+00
    5    3    0   10
    1  0.000000E+00
    1  T  4  3 2  -2.81670E+00
    2  C  5  0 0  -1.80716E+00
    3  T  1  4 3  -1.57163E+00
    4  T  1  5 3  -1.02566E+00
    5  T  1  6 3  -7.12293E-01
    6  T  4  4 2  -5.38710E-01
    7  T  1  7 3  -5.21470E-01
    8  T  1  8 3  -3.98941E-01
    9  T  1  9 3  -3.14634E-01
   10  T  1 10 3  -2.54436E-01
    5    0    1   10
    1  0.000000E+00
    1  T  1  4 0  -3.05000E+00
    2  T  1  5 0  -1.65086E+00
    3  T  4  4 1  -1.11065E+00
    4  T  1  6 0  -1.03451E+00
    5  T  1  7 0  -7.15649E-01
    6  T  1  8 0  -5.23327E-01
    7  T  1  9 0  -3.99407E-01
    8  C  6  0 0  -3.79335E-01
    9  T  1 10 0  -3.14657E-01
   10  T  1 11 0  -2.54374E-01
    5    1    1   12
    4  1.430300E+00
    1  T  4  4 1  -1.22653E+00
    2  C  6  0 0  -8.06914E-01
    3  C  6  0 0  -1.87160E-01
    4  T  4  5 1: -5.81456E-02
    5  C  6  0 0  -4.02002E-02
    6  C  6  0 0   1.76119E-01
    7  C  6  0 0   4.73279E-01
    8  T  4  6 1   4.78732E-01
    9  T  4  7 1   7.65206E-01
   10  T  4  8 1   9.39140E-01
   11  T  4  9 1   1.05267E+00
   12  T  4 10 1   1.13090E+00
    5    2    1   11
    1  0.000000E+00
    1  T  1  3 2  -4.32148E+00
    2  T  1  4 2  -1.97219E+00
    3  T  1  5 2  -1.22116E+00
    4  T  4  4 1  -1.15176E+00
    5  C  6  0 0  -8.69235E-01
    6  T  1  6 2  -7.99024E-01
    7  T  1  7 2  -5.76370E-01
    8  T  1  8 2  -4.34421E-01
    9  C  6  0 0  -3.56138E-01
   10  T  1  9 2  -3.39060E-01
   11  T  1 10 2  -2.72031E-01
    5    3    1   13
    4  1.430300E+00
    1  C  6  0 0  -7.66515E-01
    2  C  6  0 0  -5.02437E-01
    3  C  6  0 0  -1.90719E-01
    4  T  4  4 3  -1.55850E-01
    5  C  6  0 0   8.68195E-02
    6  C  6  0 0   3.37773E-01
    7  T  4  5 3   3.96881E-01
    8  T  4  6 3   7.13388E-01
    9  T  4  7 3   9.05034E-01
   10  C  8  0 0   9.61851E-01
   11  T  4  8 3   1.02936E+00
   12  T  4  9 3   1.11427E+00
   13  T  4 10 3   1.17484E+00
    5    4    1    8
    1  0.000000E+00
    1  T  1  5 4  -1.00194E+00
    2  C  8  0 0  -7.95231E-01
    3  T  1  6 4  -6.96055E-01
    4  C  8  0 0  -5.27208E-01
    5  T  1  7 4  -5.11507E-01
    6  T  1  8 4  -3.91842E-01
    7  T  1  9 4  -3.09813E-01
    8  T  1 10 4  -2.52245E-01
    0    0    0    0
