   20    7    E
    2    0    0   28
    2  1.080940E+00
    1  C  2  0 0  -5.28263E+01
    2  T  3  3 0  -2.41153E+01
    3  T  2  3 2  -2.14198E+01
    4  T  6  3 1  -1.86324E+01
    5  T  9  3 1  -1.68617E+01
    6  T 12  3 0  -1.34777E+01
    7  T  3  4 0  -1.24539E+01
    8  T 11  3 2  -1.20536E+01
    9  T  2  4 2  -1.15695E+01
   10  T  6  4 1  -8.26886E+00
   11  T  3  5 0  -7.43411E+00
   12  T  2  5 2  -6.93700E+00
   13  T  9  4 1  -6.35545E+00
   14  T  3  6 0  -4.74196E+00
   15  T  2  6 2  -4.45853E+00
   16  T  6  5 1  -3.65836E+00
   17  T  3  7 0  -3.15874E+00
   18  T  2  7 2  -2.97804E+00
   19  T 11  4 2  -2.40550E+00
   20  T  3  8 0  -2.14639E+00
   21  T  2  8 2  -2.02184E+00
   22  T 12  4 0  -1.99395E+00
   23  T  9  5 1  -1.60765E+00
   24  T  3  9 0  -1.44616E+00
   25  T  2  9 2  -1.36607E+00
   26  T  6  6 1  -1.15830E+00
   27  T  3 10 0  -9.58945E-01
   28  T  2 10 2  -8.99077E-01
    2    0    1   18
    1  0.000000E+00
    1  T  1  3 1  -2.45638E+01
    2  T  8  3 0  -1.90496E+01
    3  T  5  3 2  -1.84194E+01
    4  T  7  3 2  -1.59702E+01
    5  T 10  3 1  -1.41552E+01
    6  T  1  4 1  -1.32863E+01
    7  T  1  5 1  -8.42343E+00
    8  T  5  4 2  -8.27694E+00
    9  T  8  4 0  -7.26826E+00
   10  T  7  4 2  -6.12286E+00
   11  T  1  6 1  -5.72693E+00
   12  T  1  7 1  -4.18018E+00
   13  T  5  5 2  -3.64636E+00
   14  T 10  4 1  -3.33676E+00
   15  T  1  8 1  -3.18121E+00
   16  T  1  9 1  -2.50516E+00
   17  T  8  5 0  -2.08326E+00
   18  T  1 10 1  -2.00706E+00
    2    1    0   44
    1  0.000000E+00
    1  C  2  0 0  -5.25474E+01
    2  T  1  3 0  -2.53785E+01
    3  T  1  3 2  -2.26602E+01
    4  T  2  3 2  -2.15274E+01
    5  T  5  3 1  -2.01544E+01
    6  T  6  3 1  -1.91847E+01
    7  T  7  3 1: -1.80363E+01
    8  T  8  3 1  -1.71941E+01
    9  T  9  3 1  -1.69073E+01
   10  T 10  3 0  -1.53401E+01
   11  T  1  4 0  -1.36602E+01
   12  T 10  3 2  -1.27097E+01
   13  T  1  4 2  -1.25855E+01
   14  T 11  3 2  -1.17827E+01
   15  T  2  4 2  -1.16087E+01
   16  T  5  4 1  -8.92564E+00
   17  T  1  5 0  -8.61171E+00
   18  T  6  4 1  -8.44162E+00
   19  T  5  4 3  -8.10777E+00
   20  T  1  5 2  -8.00138E+00
   21  T  2  5 2  -6.96043E+00
   22  T  7  4 1  -6.83581E+00
   23  T  8  4 1  -6.55630E+00
   24  T  9  4 1  -6.36478E+00
   25  T  7  4 3  -5.96720E+00
   26  T  1  6 0  -5.83814E+00
   27  T  1  6 2  -5.54080E+00
   28  T  2  6 2  -4.46990E+00
   29  T  1  7 0  -4.25193E+00
   30  T  5  5 1  -4.07107E+00
   31  T  1  7 2  -4.05848E+00
   32  T  6  5 1  -3.80231E+00
   33  T 10  4 0  -3.68452E+00
   34  T  5  5 3  -3.49564E+00
   35  T  1  8 0  -3.22749E+00
   36  T  1  8 2  -3.10463E+00
   37  T  2  7 2  -2.98340E+00
   38  T 10  4 2  -2.75640E+00
   39  T  1  9 0  -2.53608E+00
   40  T  1  9 2  -2.44836E+00
   41  T 11  4 2  -2.32342E+00
   42  T  1 10 0  -2.04640E+00
   43  T  2  8 2  -2.02591E+00
   44  T  1 10 2  -1.98009E+00
    2    1    1   49
    1  0.000000E+00
    1  C  1  0 0  -5.86269E+01
    2  C  3  0 0  -4.82498E+01
    3  T  1  3 1  -2.39098E+01
    4  T  2  3 1  -2.29904E+01
    5  T  3  3 1  -2.26391E+01
    6  T  6  3 0  -2.02922E+01
    7  T  9  3 0  -1.84640E+01
    8  T  5  3 2  -1.81693E+01
    9  T  6  3 2  -1.70317E+01
   10  T  7  3 2  -1.60494E+01
   11  T  9  3 2  -1.54592E+01
   12  T 10  3 1  -1.42694E+01
   13  T  1  4 1  -1.30223E+01
   14  T 11  3 1  -1.29952E+01
   15  T  2  4 1  -1.21762E+01
   16  T 12  3 1  -1.21582E+01
   17  T  3  4 1  -1.18835E+01
   18  T  2  4 3  -1.13895E+01
   19  T  6  4 0  -8.98042E+00
   20  T  5  4 2  -8.29315E+00
   21  T  1  5 1  -8.17097E+00
   22  T  6  4 2  -7.68441E+00
   23  T  2  5 1  -7.26798E+00
   24  T  3  5 1  -7.14426E+00
   25  T  9  4 0  -6.93044E+00
   26  T  2  5 3  -6.81200E+00
   27  T  7  4 2  -6.14282E+00
   28  T  9  4 2  -5.75917E+00
   29  T  1  6 1  -5.65466E+00
   30  T  2  6 1  -4.63608E+00
   31  T  3  6 1  -4.58293E+00
   32  T  2  6 3  -4.39115E+00
   33  T  1  7 1  -4.13180E+00
   34  T  6  5 0  -4.02387E+00
   35  T  5  5 2  -3.60361E+00
   36  T  6  5 2  -3.38390E+00
   37  T 10  4 1  -3.28452E+00
   38  T  1  8 1  -3.15425E+00
   39  T  2  7 1  -3.08308E+00
   40  T  3  7 1  -3.05759E+00
   41  T  2  7 3  -2.93799E+00
   42  T 11  4 1  -2.84530E+00
   43  T  1  9 1  -2.48143E+00
   44  T 11  4 3  -2.12940E+00
   45  T  2  8 1  -2.10044E+00
   46  T  3  8 1  -2.07662E+00
   47  T  1 10 1  -2.00456E+00
   48  T  2  8 3  -1.99546E+00
   49  T  9  5 0  -1.97478E+00
    2    2    0   54
    1  0.000000E+00
    1  C  2  0 0  -5.39500E+01
    2  T  2  3 0  -2.48495E+01
    3  T  1  3 2  -2.20481E+01
    4  T  2  3 2  -2.17157E+01
    5  T  3  3 2  -2.10160E+01
    6  T  5  3 1  -1.94969E+01
    7  T  6  3 1  -1.90715E+01
    8  T  7  3 1  -1.76661E+01
    9  T  9  3 1  -1.71239E+01
   10  T 11  3 0  -1.48877E+01
   11  T  2  4 0  -1.28349E+01
   12  T 10  3 2  -1.26170E+01
   13  T  1  4 2  -1.23646E+01
   14  T 11  3 2  -1.18374E+01
   15  T  2  4 2  -1.16720E+01
   16  T  3  4 2  -1.12667E+01
   17  T 12  3 2  -1.07220E+01
   18  T  5  4 1  -8.70092E+00
   19  T  6  4 1  -8.45254E+00
   20  T  5  4 3  -8.10879E+00
   21  T  1  5 2  -7.90216E+00
   22  T  2  5 0  -7.58503E+00
   23  T  6  4 3  -7.53998E+00
   24  T  2  5 2  -6.98778E+00
   25  T  2  5 4  -6.87185E+00
   26  T  3  5 2  -6.84357E+00
   27  T  7  4 1  -6.73301E+00
   28  T  9  4 1  -6.41304E+00
   29  T  7  4 3  -5.96776E+00
   30  T  1  6 2  -5.48334E+00
   31  T  9  4 3  -5.38973E+00
   32  T  2  6 0  -4.80831E+00
   33  T  2  6 2  -4.48356E+00
   34  T  3  6 2  -4.42130E+00
   35  T  2  6 4  -4.40859E+00
   36  T  1  7 2  -4.02518E+00
   37  T  5  5 1  -3.84928E+00
   38  T  6  5 1  -3.76451E+00
   39  T 11  4 0  -3.52606E+00
   40  T  5  5 3  -3.49674E+00
   41  T  6  5 3  -3.34793E+00
   42  T  2  7 0  -3.19757E+00
   43  T  1  8 2  -3.08024E+00
   44  T  2  7 2  -2.99318E+00
   45  T  3  7 2  -2.95648E+00
   46  T  2  7 4  -2.94721E+00
   47  T 10  4 2  -2.69095E+00
   48  T  1  9 2  -2.43207E+00
   49  T 11  4 2  -2.35150E+00
   50  T  2  8 0  -2.16947E+00
   51  T  2  8 2  -2.03159E+00
   52  T  3  8 2  -2.00841E+00
   53  T  2  8 4  -2.00000E+00
   54  T  1 10 2  -1.96801E+00
    2    2    1   52
    1  0.000000E+00
    1  C  1  0 0  -5.91725E+01
    2  T  1  3 1  -2.40915E+01
    3  T  2  3 1  -2.32063E+01
    4  T  5  3 0  -2.09882E+01
    5  T  7  3 0  -1.91835E+01
    6  T  5  3 2  -1.81031E+01
    7  T  6  3 2  -1.74436E+01
    8  T  7  3 2  -1.64265E+01
    9  T  8  3 2  -1.58472E+01
   10  T  9  3 2  -1.53972E+01
   11  T 10  3 1  -1.42770E+01
   12  T 11  3 1  -1.35039E+01
   13  T  1  4 1  -1.30782E+01
   14  T  1  4 3  -1.22716E+01
   15  T  2  4 1  -1.22435E+01
   16  T  2  4 3  -1.14365E+01
   17  T  5  4 0  -9.34222E+00
   18  T  1  5 1  -8.26969E+00
   19  T  5  4 2  -8.17720E+00
   20  T  1  5 3  -7.86987E+00
   21  T  6  4 2  -7.83471E+00
   22  T  7  4 0  -7.38612E+00
   23  T  2  5 1  -7.21650E+00
   24  T  2  5 3  -6.83223E+00
   25  T  7  4 2  -6.26400E+00
   26  T  8  4 2  -6.03554E+00
   27  T  9  4 2  -5.76449E+00
   28  T  1  6 1  -5.66851E+00
   29  T  1  6 3  -5.45290E+00
   30  T  2  6 1  -4.65252E+00
   31  T  2  6 3  -4.40252E+00
   32  T  5  5 0  -4.16526E+00
   33  T  1  7 1  -4.14274E+00
   34  T  1  7 3  -4.00865E+00
   35  T  5  5 2  -3.58514E+00
   36  T  5  5 4  -3.54134E+00
   37  T  6  5 2  -3.46197E+00
   38  T 10  4 1  -3.34370E+00
   39  T  1  8 1  -3.16188E+00
   40  T  2  7 1  -3.09336E+00
   41  T  1  8 3  -3.06860E+00
   42  T 11  4 1  -3.00969E+00
   43  T  2  7 3  -2.94515E+00
   44  T 10  4 3  -2.60490E+00
   45  T  1  9 1  -2.48738E+00
   46  T  1  9 3  -2.42451E+00
   47  T  2  8 1  -2.12114E+00
   48  T 11  4 3  -2.10132E+00
   49  T  7  5 0  -2.07212E+00
   50  T  1 10 1  -2.00783E+00
   51  T  2  8 3  -2.00037E+00
   52  T  1 10 3  -1.96387E+00
    2    3    0   40
    1  0.000000E+00
    1  T  1  3 2  -2.25173E+01
    2  T  2  3 2  -2.16828E+01
    3  T  5  3 1  -1.99613E+01
    4  T  7  3 1  -1.79057E+01
    5  T 10  3 2  -1.28441E+01
    6  T  1  4 2  -1.24928E+01
    7  T 11  3 2  -1.20748E+01
    8  T  2  4 2  -1.17126E+01
    9  T  5  4 1  -8.89647E+00
   10  T  5  4 3  -8.11626E+00
   11  T  1  5 2  -7.95506E+00
   12  T  1  5 4  -7.85958E+00
   13  T  6  4 3  -7.54633E+00
   14  T  2  5 2  -7.01567E+00
   15  T  2  5 4  -6.88081E+00
   16  T  7  4 1  -6.79814E+00
   17  T  8  4 3  -5.97416E+00
   18  T  7  4 3  -5.95620E+00
   19  T  1  6 2  -5.51050E+00
   20  T  1  6 4  -5.43621E+00
   21  T  9  4 3  -5.41744E+00
   22  T  2  6 2  -4.49870E+00
   23  T  2  6 4  -4.41598E+00
   24  T  1  7 2  -4.04144E+00
   25  T  1  7 4  -4.00124E+00
   26  T  5  5 1  -3.92951E+00
   27  T  5  5 3  -3.49231E+00
   28  T  6  5 3  -3.36169E+00
   29  T  1  8 2  -3.09419E+00
   30  T  1  8 4  -3.06269E+00
   31  T  2  7 2  -2.99901E+00
   32  T  2  7 4  -2.95140E+00
   33  T 10  4 2  -2.82006E+00
   34  T  1  9 2  -2.44016E+00
   35  T  1  9 4  -2.42074E+00
   36  T 11  4 2  -2.41716E+00
   37  T  2  8 2  -2.03858E+00
   38  T  2  8 4  -2.00275E+00
   39  T  1 10 2  -1.97293E+00
   40  T  1 10 4  -1.96118E+00
    2    3    1   41
    1  0.000000E+00
    1  T  2  3 1  -2.34937E+01
    2  T  5  3 2  -1.79029E+01
    3  T  6  3 2  -1.74109E+01
    4  T  7  3 2  -1.63177E+01
    5  T  9  3 2  -1.55991E+01
    6  T 11  3 1  -1.37428E+01
    7  T  2  4 1  -1.22942E+01
    8  T  1  4 3  -1.22202E+01
    9  T  2  4 3  -1.14885E+01
   10  T  3  4 3  -1.09037E+01
   11  T  5  4 2  -8.13898E+00
   12  T  1  5 3  -7.84071E+00
   13  T  6  4 2  -7.80278E+00
   14  T  2  5 1  -7.30240E+00
   15  T  2  5 3  -6.85504E+00
   16  T  3  5 3  -6.70370E+00
   17  T  7  4 2  -6.22213E+00
   18  T  9  4 2  -5.81537E+00
   19  T  1  6 3  -5.44042E+00
   20  T  2  6 1  -4.65598E+00
   21  T  2  6 3  -4.41572E+00
   22  T  2  6 5  -4.37855E+00
   23  T  3  6 3  -4.33668E+00
   24  T  1  7 3  -3.99823E+00
   25  T  5  5 2  -3.54987E+00
   26  T  5  5 4  -3.53873E+00
   27  T  6  5 2  -3.44330E+00
   28  T  6  5 4  -3.32222E+00
   29  T  2  7 1  -3.10178E+00
   30  T 11  4 1  -3.06107E+00
   31  T  1  8 3  -3.06107E+00
   32  T  2  7 3  -2.95323E+00
   33  T  2  7 5  -2.93417E+00
   34  T  3  7 3  -2.90257E+00
   35  T 10  4 3  -2.66642E+00
   36  T  1  9 3  -2.41895E+00
   37  T  2  8 1  -2.10387E+00
   38  T 11  4 3  -2.08061E+00
   39  T  2  8 3  -2.00588E+00
   40  T  2  8 5  -1.99389E+00
   41  T  3  8 3  -1.97081E+00
    2    4    0   29
    1  0.000000E+00
    1  T  2  3 2  -2.18921E+01
    2  T 11  3 2  -1.23795E+01
    3  T  2  4 2  -1.17404E+01
    4  T  5  4 3  -8.13115E+00
    5  T  1  5 4  -7.84700E+00
    6  T  6  4 3  -7.54599E+00
    7  T  2  5 2  -7.00994E+00
    8  T  2  5 4  -6.88959E+00
    9  T  3  5 4  -6.66344E+00
   10  T  7  4 3  -5.96791E+00
   11  T  1  6 4  -5.43931E+00
   12  T  9  4 3  -5.41781E+00
   13  T  2  6 2  -4.49991E+00
   14  T  2  6 4  -4.42258E+00
   15  T  3  6 4  -4.30368E+00
   16  T  1  7 4  -3.99804E+00
   17  T  5  5 3  -3.49436E+00
   18  T  6  5 3  -3.35947E+00
   19  T  1  8 4  -3.05917E+00
   20  T  2  7 2  -3.00328E+00
   21  T  2  7 4  -2.95486E+00
   22  T  2  7 6  -2.92002E+00
   23  T  3  7 4  -2.88527E+00
   24  T 11  4 2  -2.48722E+00
   25  T  1  9 4  -2.41820E+00
   26  T  2  8 2  -2.03757E+00
   27  T  2  8 4  -2.00500E+00
   28  T  2  8 6  -1.98287E+00
   29  T  3  8 4  -1.96097E+00
    2    4    1   27
    1  0.000000E+00
    1  T  5  3 2  -1.83608E+01
    2  T  7  3 2  -1.63904E+01
    3  T  1  4 3  -1.22781E+01
    4  T  2  4 3  -1.15072E+01
    5  T  5  4 2  -8.32441E+00
    6  T  1  5 3  -7.85754E+00
    7  T  2  5 3  -6.85994E+00
    8  T  7  4 2  -6.26292E+00
    9  T  1  6 3  -5.45541E+00
   10  T  1  6 5  -5.44510E+00
   11  T  2  6 3  -4.41935E+00
   12  T  2  6 5  -4.37951E+00
   13  T  1  7 3  -4.00747E+00
   14  T  1  7 5  -4.00096E+00
   15  T  5  5 2  -3.63456E+00
   16  T  5  5 4  -3.53302E+00
   17  T  6  5 4  -3.32493E+00
   18  T  1  8 3  -3.06760E+00
   19  T  1  8 5  -3.06275E+00
   20  T  2  7 3  -2.95546E+00
   21  T  2  7 5  -2.93521E+00
   22  T 10  4 3  -2.65185E+00
   23  T  1  9 3  -2.42344E+00
   24  T  1  9 5  -2.42026E+00
   25  T 11  4 3  -2.08587E+00
   26  T  2  8 3  -2.00709E+00
   27  T  2  8 5  -1.99454E+00
    4    0    0    8
    4  4.420191E+00
    1  T  6  3 1  -1.94850E+01
    2  T  6  4 1  -8.60420E+00
    3  T  6  5 1  -3.82239E+00
    4  T  6  6 1  -1.25931E+00
    5  T  6  7 1   2.72076E-01
    6  T  6  8 1   1.25865E+00
    7  T  6  9 1   1.93104E+00
    8  T  6 10 1   2.40970E+00
    4    0    1   22
    1  0.000000E+00
    1  C  1  0 0  -6.02127E+01
    2  T  1  3 1  -2.40823E+01
    3  T  4  3 0  -2.28878E+01
    4  T  8  3 0  -1.92843E+01
    5  T  5  3 2  -1.81145E+01
    6  T 10  3 1  -1.41482E+01
    7  T  1  4 1  -1.30833E+01
    8  T  4  4 0  -1.16519E+01
    9  T  1  5 1  -8.32081E+00
   10  T  5  4 2  -8.17115E+00
   11  T  8  4 0  -7.34584E+00
   12  T  4  5 0  -6.60420E+00
   13  T  1  6 1  -5.67490E+00
   14  T  1  7 1  -4.15123E+00
   15  T  4  6 0  -3.92803E+00
   16  T  5  5 2  -3.60447E+00
   17  T 10  4 1  -3.33801E+00
   18  T  1  8 1  -3.15914E+00
   19  T  1  9 1  -2.49010E+00
   20  T  4  7 0  -2.34383E+00
   21  T  8  5 0  -2.10034E+00
   22  T  1 10 1  -2.00714E+00
    6    0    1    8
    3  1.887675E+00
    1  T  4  3 0  -2.37329E+01
    2  T  4  4 0  -1.18716E+01
    3  T  4  5 0  -6.70010E+00
    4  T  4  6 0  -3.98141E+00
    5  T  4  7 0  -2.37647E+00
    6  T  4  8 0  -1.35025E+00
    7  T  4  9 0  -6.54492E-01
    8  T  4 10 0  -1.61117E-01
    4    1    0   36
    1  0.000000E+00
    1  C  2  0 0  -5.56452E+01
    2  T  1  3 0  -2.56752E+01
    3  T  1  3 2  -2.24564E+01
    4  T  4  3 1  -2.18963E+01
    5  T  5  3 1  -1.96321E+01
    6  T  6  3 1  -1.91333E+01
    7  T  8  3 1  -1.79996E+01
    8  T 10  3 0  -1.57113E+01
    9  T  1  4 0  -1.37561E+01
   10  T 10  3 2  -1.28192E+01
   11  T  1  4 2  -1.25352E+01
   12  T  4  4 1  -1.11231E+01
   13  T  5  4 1  -8.86225E+00
   14  T  1  5 0  -8.60672E+00
   15  T  6  4 1  -8.44125E+00
   16  T  5  4 3  -8.11196E+00
   17  T  1  5 2  -7.98637E+00
   18  T  8  4 1  -6.82731E+00
   19  T  4  5 1  -6.32843E+00
   20  T  1  6 0  -5.86460E+00
   21  T  1  6 2  -5.52906E+00
   22  T  1  7 0  -4.27002E+00
   23  T  1  7 2  -4.05406E+00
   24  T 10  4 0  -4.00047E+00
   25  T  5  5 1  -3.86128E+00
   26  T  6  5 1  -3.78622E+00
   27  T  4  6 1  -3.73652E+00
   28  T  5  5 3  -3.49471E+00
   29  T  1  8 0  -3.23511E+00
   30  T  1  8 2  -3.09858E+00
   31  T 10  4 2  -2.84426E+00
   32  T  1  9 0  -2.54204E+00
   33  T  1  9 2  -2.44515E+00
   34  T  4  7 1  -2.24706E+00
   35  T  1 10 0  -2.05005E+00
   36  T  1 10 2  -1.97880E+00
    4    1    1   19
    1  0.000000E+00
    1  T  1  3 1  -2.42785E+01
    2  T  6  3 0  -2.07374E+01
    3  T  5  3 2  -1.83009E+01
    4  T  6  3 2  -1.78273E+01
    5  T 10  3 1  -1.46586E+01
    6  T  1  4 1  -1.31995E+01
    7  T  6  4 0  -9.13390E+00
    8  T  1  5 1  -8.37239E+00
    9  T  5  4 2  -8.23497E+00
   10  T  6  4 2  -7.96244E+00
   11  T  1  6 1  -5.71021E+00
   12  T  1  7 1  -4.17903E+00
   13  T  6  5 0  -4.07776E+00
   14  T  5  5 2  -3.63993E+00
   15  T  6  5 2  -3.52886E+00
   16  T 10  4 1  -3.46301E+00
   17  T  1  8 1  -3.17063E+00
   18  T  1  9 1  -2.49633E+00
   19  T  1 10 1  -2.01597E+00
    6    1    0    8
    3  1.887675E+00
    1  T  4  3 1  -2.23745E+01
    2  T  4  4 1  -1.13225E+01
    3  T  4  5 1  -6.42620E+00
    4  T  4  6 1  -3.82562E+00
    5  T  4  7 1  -2.27956E+00
    6  T  4  8 1  -1.28593E+00
    7  T  4  9 1  -6.09638E-01
    8  T  4 10 1  -1.28607E-01
    4    2    0   20
    1  0.000000E+00
    1  T  1  3 2  -2.26752E+01
    2  T  5  3 1  -2.02039E+01
    3  T  6  3 1  -1.93989E+01
    4  T 10  3 2  -1.32289E+01
    5  T  1  4 2  -1.26195E+01
    6  T  5  4 1  -8.98112E+00
    7  T  6  4 1  -8.58464E+00
    8  T  5  4 3  -8.13111E+00
    9  T  1  5 2  -8.02377E+00
   10  T  6  4 3  -7.56658E+00
   11  T  1  6 2  -5.55232E+00
   12  T  1  7 2  -4.06859E+00
   13  T  5  5 1  -3.96499E+00
   14  T  6  5 1  -3.81338E+00
   15  T  5  5 3  -3.50453E+00
   16  T  6  5 3  -3.36463E+00
   17  T  1  8 2  -3.10755E+00
   18  T 10  4 2  -2.96515E+00
   19  T  1  9 2  -2.45142E+00
   20  T  1 10 2  -1.98308E+00
    4    2    1   35
    1  0.000000E+00
    1  T  1  3 1  -2.43796E+01
    2  T  5  3 0  -2.14585E+01
    3  T  4  3 2  -2.02005E+01
    4  T  5  3 2  -1.84637E+01
    5  T  6  3 2  -1.76938E+01
    6  T  8  3 2  -1.64784E+01
    7  T 10  3 1  -1.44368E+01
    8  T  1  4 1  -1.32304E+01
    9  T  1  4 3  -1.22788E+01
   10  T  4  4 2  -1.04948E+01
   11  T  5  4 0  -9.50302E+00
   12  T  5  4 2  -8.40673E+00
   13  T  1  5 1  -8.30405E+00
   14  T  6  4 2  -7.92907E+00
   15  T  1  5 3  -7.84884E+00
   16  T  8  4 2  -6.28168E+00
   17  T  4  5 2  -6.02094E+00
   18  T  1  6 1  -5.71431E+00
   19  T  1  6 3  -5.45748E+00
   20  T  5  5 0  -4.24260E+00
   21  T  1  7 1  -4.16011E+00
   22  T  1  7 3  -4.01047E+00
   23  T  5  5 2  -3.68509E+00
   24  T  4  6 2  -3.58778E+00
   25  T  5  5 4  -3.54133E+00
   26  T  6  5 2  -3.50255E+00
   27  T 10  4 1  -3.40564E+00
   28  T  1  8 1  -3.17425E+00
   29  T  1  8 3  -3.06880E+00
   30  T 10  4 3  -2.61777E+00
   31  T  1  9 1  -2.49884E+00
   32  T  1  9 3  -2.42480E+00
   33  T  4  7 2  -2.13963E+00
   34  T  1 10 1  -2.01793E+00
   35  T  1 10 3  -1.96385E+00
    6    2    1    8
    3  1.887675E+00
    1  T  4  3 2  -2.08877E+01
    2  T  4  4 2  -1.07672E+01
    3  T  4  5 2  -6.15561E+00
    4  T  4  6 2  -3.67313E+00
    5  T  4  7 2  -2.18510E+00
    6  T  4  8 2  -1.22335E+00
    7  T  4  9 2  -5.66036E-01
    8  T  4 10 2  -9.70122E-02
    4    3    0   28
    1  0.000000E+00
    1  T  1  3 2  -2.28309E+01
    2  T  5  3 1  -2.01238E+01
    3  T 10  3 2  -1.30144E+01
    4  T  1  4 2  -1.26676E+01
    5  T  4  4 3  -1.03670E+01
    6  T  5  4 1  -8.95736E+00
    7  T  5  4 3  -8.14347E+00
    8  T  1  5 2  -8.04831E+00
    9  T  1  5 4  -7.86066E+00
   10  T  6  4 3  -7.55721E+00
   11  T  8  4 3  -5.98251E+00
   12  T  4  5 3  -5.95648E+00
   13  T  1  6 2  -5.56375E+00
   14  T  1  6 4  -5.43676E+00
   15  T  1  7 2  -4.07639E+00
   16  T  1  7 4  -4.00141E+00
   17  T  5  5 1  -3.95588E+00
   18  T  4  6 3  -3.56068E+00
   19  T  5  5 3  -3.50682E+00
   20  T  6  5 3  -3.36686E+00
   21  T  1  8 2  -3.11255E+00
   22  T  1  8 4  -3.06268E+00
   23  T 10  4 2  -2.88979E+00
   24  T  1  9 2  -2.45477E+00
   25  T  1  9 4  -2.42075E+00
   26  T  4  7 3  -2.11427E+00
   27  T  1 10 2  -1.98548E+00
   28  T  1 10 4  -1.96117E+00
    4    3    1   16
    1  0.000000E+00
    1  T  5  3 2  -1.87389E+01
    2  T  6  3 2  -1.79186E+01
    3  T  1  4 3  -1.22394E+01
    4  T  5  4 2  -8.45749E+00
    5  T  6  4 2  -8.00636E+00
    6  T  1  5 3  -7.83776E+00
    7  T  1  6 3  -5.44992E+00
    8  T  1  7 3  -4.00509E+00
    9  T  5  5 2  -3.69545E+00
   10  T  5  5 4  -3.54568E+00
   11  T  6  5 2  -3.53120E+00
   12  T  6  5 4  -3.32269E+00
   13  T  1  8 3  -3.06498E+00
   14  T 10  4 3  -2.69450E+00
   15  T  1  9 3  -2.42194E+00
   16  T  1 10 3  -1.96176E+00
    6    3    0    7
    3  1.887675E+00
    1  T  4  4 3  -1.03952E+01
    2  T  4  5 3  -5.97551E+00
    3  T  4  6 3  -3.57199E+00
    4  T  4  7 3  -2.12254E+00
    5  T  4  8 3  -1.18193E+00
    6  T  4  9 3  -5.37186E-01
    7  T  4 10 3  -7.61052E-02
    4    4    0    9
    1  0.000000E+00
    1  T  5  4 3  -8.16068E+00
    2  T  1  5 4  -7.84993E+00
    3  T  6  4 3  -7.56350E+00
    4  T  1  6 4  -5.43974E+00
    5  T  1  7 4  -3.99852E+00
    6  T  5  5 3  -3.51409E+00
    7  T  6  5 3  -3.37251E+00
    8  T  1  8 4  -3.05938E+00
    9  T  1  9 4  -2.41840E+00
    4    4    1   21
    1  0.000000E+00
    1  T  5  3 2  -1.86538E+01
    2  T  1  4 3  -1.22914E+01
    3  T  5  4 2  -8.43420E+00
    4  T  1  5 3  -7.86576E+00
    5  T  4  5 4  -5.95238E+00
    6  T  1  6 3  -5.46225E+00
    7  T  1  6 5  -5.44514E+00
    8  T  1  7 3  -4.01268E+00
    9  T  1  7 5  -4.00099E+00
   10  T  5  5 2  -3.68261E+00
   11  T  4  6 4  -3.55683E+00
   12  T  5  5 4  -3.53353E+00
   13  T  6  5 4  -3.32495E+00
   14  T  1  8 3  -3.07038E+00
   15  T  1  8 5  -3.06278E+00
   16  T 10  4 3  -2.66055E+00
   17  T  1  9 3  -2.42558E+00
   18  T  1  9 5  -2.42028E+00
   19  T  4  7 4  -2.11237E+00
   20  T  1 10 3  -1.96438E+00
   21  T  1 10 5  -1.96061E+00
    6    4    1    6
    3  1.887675E+00
    1  T  4  5 4  -5.95300E+00
    2  T  4  6 4  -3.55744E+00
    3  T  4  7 4  -2.11286E+00
    4  T  4  8 4  -1.17523E+00
    5  T  4  9 4  -5.32378E-01
    6  T  4 10 4  -7.25489E-02
    0    0    0    0
