   20    3    E               
    2    0    0    9          
    1  0.000000E+00           
    1  T  1  2 0  -8.45866E+01
    2  T  1  3 0  -3.70092E+01
    3  T  1  4 0  -2.06684E+01
    4  T  1  5 0  -1.31724E+01
    5  T  1  6 0  -9.12227E+00
    6  T  1  7 0  -6.68899E+00
    7  T  1  8 0  -5.11377E+00
    8  T  1  9 0  -4.03596E+00
    9  T  1 10 0  -3.26618E+00
    2    1    1    9          
    1  0.000000E+00           
    1  T  1  2 1  -8.20079E+01
    2  T  1  3 1  -3.62941E+01
    3  T  1  4 1  -2.03740E+01
    4  T  1  5 1  -1.30232E+01
    5  T  1  6 1  -9.03652E+00
    6  T  1  7 1  -6.63520E+00
    7  T  1  8 1  -5.07784E+00
    8  T  1  9 1  -4.01076E+00
    9  T  1 10 1  -3.24784E+00
    2    2    0    8          
    1  0.000000E+00           
    1  T  1  3 2  -3.60132E+01
    2  T  1  4 2  -2.02571E+01
    3  T  1  5 2  -1.29639E+01
    4  T  1  6 2  -9.00235E+00
    5  T  1  7 2  -6.61377E+00
    6  T  1  8 2  -5.06354E+00
    7  T  1  9 2  -4.00073E+00
    8  T  1 10 2  -3.24054E+00
    0    0    0    0          
