   20    9    E
    2    0    0   20
    2  7.020001E-01
    1  C  2  0 0  -4.21745E+01
    2  T  3  3 0  -1.87294E+01
    3  T  2  3 2  -1.60225E+01
    4  T  4  3 1  -1.24791E+01
    5  T  5  3 1  -1.07808E+01
    6  T  3  4 0  -9.11501E+00
    7  T  2  4 2  -8.60044E+00
    8  T  6  3 0  -6.93594E+00
    9  T  2  5 2  -5.22403E+00
   10  T  3  5 0  -5.03555E+00
   11  T  4  4 1  -4.11349E+00
   12  T  2  6 2  -3.39396E+00
   13  T  3  6 0  -2.93076E+00
   14  T  5  4 1  -2.35751E+00
   15  T  2  7 2  -2.28640E+00
   16  T  3  7 0  -1.69198E+00
   17  T  2  8 2  -1.58745E+00
   18  T  2  9 2  -1.10384E+00
   19  T  3  8 0  -9.10512E-01
   20  T  2 10 2  -7.58405E-01
    2    1    0   26
    1  0.000000E+00
    1  T  1  3 0  -2.00959E+01
    2  T  1  3 2  -1.65911E+01
    3  T  2  3 2  -1.58441E+01
    4  T  4  3 1  -1.28780E+01
    5  T  5  3 1  -1.09126E+01
    6  T  1  4 0  -1.05865E+01
    7  T  1  4 2  -9.22478E+00
    8  T  2  4 2  -8.58122E+00
    9  T  1  5 0  -6.54077E+00
   10  T  1  5 2  -5.87459E+00
   11  T  2  5 2  -5.21535E+00
   12  T  1  6 0  -4.45858E+00
   13  T  4  4 1  -4.33499E+00
   14  T  1  6 2  -4.06514E+00
   15  T  2  6 2  -3.39360E+00
   16  T  1  7 0  -3.20986E+00
   17  T  1  7 2  -2.97994E+00
   18  T  1  8 0  -2.43102E+00
   19  T  5  4 1  -2.35719E+00
   20  T  2  7 2  -2.29918E+00
   21  T  1  8 2  -2.26538E+00
   22  T  1  9 0  -1.90312E+00
   23  T  1  9 2  -1.79830E+00
   24  T  2  8 2  -1.58767E+00
   25  T  1 10 0  -1.53080E+00
   26  T  1 10 2  -1.45419E+00
    2    2    0   31
    1  0.000000E+00
    1  T  2  3 0  -1.95603E+01
    2  T  1  3 2  -1.65366E+01
    3  T  2  3 2  -1.58446E+01
    4  T  3  3 2  -1.52148E+01
    5  T  4  3 1  -1.29248E+01
    6  T  5  3 1  -1.10596E+01
    7  T  2  4 0  -9.92948E+00
    8  T  1  4 2  -9.19058E+00
    9  T  2  4 2  -8.58032E+00
   10  T  3  4 2  -7.80782E+00
   11  T  2  5 0  -5.87236E+00
   12  T  1  5 2  -5.84885E+00
   13  T  2  5 2  -5.21256E+00
   14  T  3  5 2  -4.41138E+00
   15  T  4  4 1  -4.37040E+00
   16  T  1  6 2  -4.05400E+00
   17  T  6  3 2  -3.82877E+00
   18  T  2  6 0  -3.75181E+00
   19  T  4  4 3  -3.40084E+00
   20  T  2  6 2  -3.38987E+00
   21  T  1  7 2  -2.97454E+00
   22  T  3  6 2  -2.57944E+00
   23  T  2  7 0  -2.53025E+00
   24  T  5  4 1  -2.36744E+00
   25  T  2  7 2  -2.29911E+00
   26  T  1  8 2  -2.26703E+00
   27  T  1  9 2  -1.79568E+00
   28  T  2  8 0  -1.73131E+00
   29  T  2  8 2  -1.58725E+00
   30  T  3  7 2  -1.47989E+00
   31  T  1 10 2  -1.45132E+00
    2    3    0   15
    1  0.000000E+00
    1  T  1  3 2  -1.66824E+01
    2  T  2  3 2  -1.59662E+01
    3  T  1  4 2  -9.30387E+00
    4  T  2  4 2  -8.60450E+00
    5  T  1  5 2  -5.91964E+00
    6  T  2  5 2  -5.21965E+00
    7  T  1  6 2  -4.09404E+00
    8  T  2  6 2  -3.39354E+00
    9  T  4  4 3  -3.37254E+00
   10  T  1  7 2  -2.99769E+00
   11  T  2  7 2  -2.29825E+00
   12  T  1  8 2  -2.28857E+00
   13  T  1  9 2  -1.80572E+00
   14  T  2  8 2  -1.58856E+00
   15  T  1 10 2  -1.46036E+00
    2    4    0    7
    1  0.000000E+00
    1  T  2  3 2  -1.61947E+01
    2  T  2  4 2  -8.67746E+00
    3  T  2  5 2  -5.25393E+00
    4  T  2  6 2  -3.41499E+00
    5  T  4  4 3  -3.40323E+00
    6  T  2  7 2  -2.30855E+00
    7  T  2  8 2  -1.59631E+00
    2    0    1    8
    1  0.000000E+00
    1  T  1  3 1  -1.85567E+01
    2  T  1  4 1  -9.99529E+00
    3  T  1  5 1  -6.24279E+00
    4  T  1  6 1  -4.27167E+00
    5  T  1  7 1  -3.10707E+00
    6  T  1  8 1  -2.36154E+00
    7  T  1  9 1  -1.85554E+00
    8  T  1 10 1  -1.49637E+00
    2    1    1   34
    1  0.000000E+00
    1  C  1  0 0  -4.83134E+01
    2  T  1  3 1  -1.86236E+01
    3  T  2  3 1  -1.75138E+01
    4  T  3  3 1  -1.71421E+01
    5  T  4  3 0  -1.42220E+01
    6  T  5  3 0  -1.24871E+01
    7  T  4  3 2  -1.06874E+01
    8  T  1  4 1  -9.88867E+00
    9  T  5  3 2  -9.29437E+00
   10  T  2  4 1  -9.23883E+00
   11  T  3  4 1  -8.50388E+00
   12  T  2  4 3  -8.26393E+00
   13  T  1  5 1  -6.18311E+00
   14  T  2  5 1  -5.54648E+00
   15  T  6  3 1  -5.52610E+00
   16  T  2  5 3  -5.08033E+00
   17  T  4  4 0  -4.89870E+00
   18  T  3  5 1  -4.73189E+00
   19  T  1  6 1  -4.23566E+00
   20  T  2  6 1  -3.57539E+00
   21  T  4  4 2  -3.51403E+00
   22  T  2  6 3  -3.31319E+00
   23  T  1  7 1  -3.08739E+00
   24  T  5  4 0  -2.95055E+00
   25  T  3  6 1  -2.75732E+00
   26  T  2  7 1  -2.40985E+00
   27  T  1  8 1  -2.33795E+00
   28  T  2  7 3  -2.24968E+00
   29  T  1  9 1  -1.84537E+00
   30  T  5  4 2  -1.71427E+00
   31  T  2  8 1  -1.65941E+00
   32  T  3  7 1  -1.58519E+00
   33  T  2  8 3  -1.54775E+00
   34  T  1 10 1  -1.48754E+00
    2    2    1   30
    1  0.000000E+00
    1  T  1  3 1  -1.86465E+01
    2  T  2  3 1  -1.79083E+01
    3  T  4  3 2  -1.09878E+01
    4  T  1  4 1  -1.00096E+01
    5  T  2  4 1  -9.32961E+00
    6  T  5  3 2  -9.11009E+00
    7  T  1  4 3  -8.98202E+00
    8  T  2  4 3  -8.25705E+00
    9  T  1  5 1  -6.25424E+00
   10  T  1  5 3  -5.76106E+00
   11  T  2  5 1  -5.54883E+00
   12  T  2  5 3  -5.07074E+00
   13  T  1  6 1  -4.28021E+00
   14  T  1  6 3  -4.00251E+00
   15  T  4  4 2  -3.64789E+00
   16  T  2  6 1  -3.57438E+00
   17  T  2  6 3  -3.30789E+00
   18  T  1  7 1  -3.10863E+00
   19  T  1  7 3  -2.94017E+00
   20  T  2  7 1  -2.40844E+00
   21  T  1  8 1  -2.36328E+00
   22  T  1  8 3  -2.25160E+00
   23  T  2  7 3  -2.24456E+00
   24  T  1  9 1  -1.85697E+00
   25  T  1  9 3  -1.77884E+00
   26  T  5  4 2  -1.68559E+00
   27  T  2  8 1  -1.65087E+00
   28  T  2  8 3  -1.54642E+00
   29  T  1 10 1  -1.49745E+00
   30  T  1 10 3  -1.44052E+00
    2    3    1   25
    1  0.000000E+00
    1  T  2  3 1  -1.81019E+01
    2  T  4  3 2  -1.10716E+01
    3  T  2  4 1  -9.45290E+00
    4  T  5  3 2  -9.18067E+00
    5  T  1  4 3  -9.01911E+00
    6  T  2  4 3  -8.27456E+00
    7  T  3  4 3  -7.49073E+00
    8  T  1  5 3  -5.77839E+00
    9  T  2  5 1  -5.57638E+00
   10  T  2  5 3  -5.06323E+00
   11  T  3  5 3  -4.25280E+00
   12  T  1  6 3  -4.01227E+00
   13  T  4  4 2  -3.67240E+00
   14  T  2  6 1  -3.59033E+00
   15  T  2  6 3  -3.30296E+00
   16  T  1  7 3  -2.94593E+00
   17  T  3  6 3  -2.48764E+00
   18  T  2  7 1  -2.41915E+00
   19  T  1  8 3  -2.25507E+00
   20  T  2  7 3  -2.24075E+00
   21  T  1  9 3  -1.78215E+00
   22  T  5  4 2  -1.73890E+00
   23  T  2  8 1  -1.65296E+00
   24  T  2  8 3  -1.54884E+00
   25  T  1 10 3  -1.44245E+00
    2    4    1   12
    1  0.000000E+00
    1  T  1  4 3  -9.01145E+00
    2  T  2  4 3  -8.29497E+00
    3  T  1  5 3  -5.77250E+00
    4  T  2  5 3  -5.06453E+00
    5  T  1  6 3  -4.00858E+00
    6  T  2  6 3  -3.30347E+00
    7  T  1  7 3  -2.94447E+00
    8  T  1  8 3  -2.25393E+00
    9  T  2  7 3  -2.24055E+00
   10  T  1  9 3  -1.78056E+00
   11  T  2  8 3  -1.55065E+00
   12  T  1 10 3  -1.44205E+00
    2    5    1    5
    1  0.000000E+00
    1  T  2  4 3  -8.34005E+00
    2  T  2  5 3  -5.08558E+00
    3  T  2  6 3  -3.31523E+00
    4  T  2  7 3  -2.24793E+00
    5  T  2  8 3  -1.55557E+00
    4    0    0    8
    4  5.623487E+00
    1  T  4  3 1  -1.33614E+01
    2  T  4  4 1  -4.50875E+00
    3  T  4  5 1  -6.82241E-01
    4  T  4  6 1   1.31752E+00
    5  T  4  7 1   2.49558E+00
    6  T  4  8 1   3.24831E+00
    7  T  4  9 1   3.75853E+00
    8  T  4 10 1   4.12033E+00
    4    1    0   18
    1  0.000000E+00
    1  T  1  3 0  -2.03459E+01
    2  T  1  3 2  -1.67110E+01
    3  T  4  3 1  -1.29671E+01
    4  T  1  4 0  -1.06656E+01
    5  T  1  4 2  -9.31909E+00
    6  T  1  5 0  -6.57903E+00
    7  T  1  5 2  -5.92821E+00
    8  T  1  6 0  -4.50014E+00
    9  T  4  4 1  -4.34428E+00
   10  T  1  6 2  -4.09690E+00
   11  T  1  7 0  -3.22100E+00
   12  T  1  7 2  -3.00098E+00
   13  T  1  8 0  -2.43771E+00
   14  T  1  8 2  -2.29179E+00
   15  T  1  9 0  -1.90878E+00
   16  T  1  9 2  -1.80715E+00
   17  T  1 10 0  -1.53506E+00
   18  T  1 10 2  -1.46141E+00
    4    2    0   11
    1  0.000000E+00
    1  T  1  3 2  -1.70432E+01
    2  T  4  3 1  -1.31194E+01
    3  T  1  4 2  -9.42720E+00
    4  T  1  5 2  -5.97974E+00
    5  T  4  4 1  -4.43603E+00
    6  T  1  6 2  -4.12436E+00
    7  T  4  4 3  -3.42140E+00
    8  T  1  7 2  -3.01800E+00
    9  T  1  8 2  -2.30302E+00
   10  T  1  9 2  -1.81494E+00
   11  T  1 10 2  -1.46704E+00
    4    3    0    9
    1  0.000000E+00
    1  T  1  3 2  -1.68178E+01
    2  T  1  4 2  -9.35686E+00
    3  T  1  5 2  -5.94570E+00
    4  T  1  6 2  -4.10856E+00
    5  T  4  4 3  -3.37742E+00
    6  T  1  7 2  -3.00710E+00
    7  T  1  8 2  -2.29580E+00
    8  T  1  9 2  -1.80991E+00
    9  T  1 10 2  -1.46339E+00
    4    4    0    1
    1  0.000000E+00
    1  T  4  4 3  -3.41597E+00
    4    0    1    8
    1  0.000000E+00
    1  T  1  3 1  -1.85488E+01
    2  T  1  4 1  -9.99244E+00
    3  T  1  5 1  -6.24146E+00
    4  T  1  6 1  -4.27093E+00
    5  T  1  7 1  -3.10661E+00
    6  T  1  8 1  -2.36124E+00
    7  T  1  9 1  -1.85533E+00
    8  T  1 10 1  -1.49622E+00
    4    1    1   12
    1  0.000000E+00
    1  T  1  3 1  -1.89902E+01
    2  T  4  3 0  -1.46038E+01
    3  T  4  3 2  -1.14580E+01
    4  T  1  4 1  -1.01157E+01
    5  T  1  5 1  -6.30885E+00
    6  T  4  4 0  -5.02861E+00
    7  T  1  6 1  -4.30076E+00
    8  T  4  4 2  -3.81458E+00
    9  T  1  7 1  -3.12517E+00
   10  T  1  8 1  -2.37433E+00
   11  T  1  9 1  -1.86479E+00
   12  T  1 10 1  -1.50340E+00
    4    2    1   17
    1  0.000000E+00
    1  T  1  3 1  -1.87904E+01
    2  T  4  3 2  -1.11623E+01
    3  T  1  4 1  -1.00590E+01
    4  T  1  4 3  -8.98684E+00
    5  T  1  5 1  -6.27797E+00
    6  T  1  5 3  -5.76555E+00
    7  T  1  6 1  -4.29414E+00
    8  T  1  6 3  -4.00750E+00
    9  T  4  4 2  -3.71089E+00
   10  T  1  7 1  -3.11658E+00
   11  T  1  7 3  -2.94171E+00
   12  T  1  8 1  -2.36864E+00
   13  T  1  8 3  -2.25237E+00
   14  T  1  9 1  -1.86062E+00
   15  T  1  9 3  -1.77957E+00
   16  T  1 10 1  -1.50012E+00
   17  T  1 10 3  -1.44138E+00
    4    3    1    9
    1  0.000000E+00
    1  T  4  3 2  -1.13721E+01
    2  T  1  4 3  -9.03114E+00
    3  T  1  5 3  -5.78806E+00
    4  T  1  6 3  -4.02258E+00
    5  T  4  4 2  -3.77903E+00
    6  T  1  7 3  -2.94955E+00
    7  T  1  8 3  -2.25772E+00
    8  T  1  9 3  -1.78338E+00
    9  T  1 10 3  -1.44418E+00
    4    4    1    7
    1  0.000000E+00
    1  T  1  4 3  -9.01602E+00
    2  T  1  5 3  -5.77573E+00
    3  T  1  6 3  -4.01069E+00
    4  T  1  7 3  -2.94589E+00
    5  T  1  8 3  -2.25489E+00
    6  T  1  9 3  -1.78127E+00
    7  T  1 10 3  -1.44258E+00
    0    0    0    0
