   20    5    E
    2    0    0   23
    1  0.000000E+00
    1  C  1  0 0  -6.61549E+01
    2  T  1  3 0  -3.13091E+01
    3  T  2  3 1  -2.70097E+01
    4  T  3  3 1  -2.53288E+01
    5  T  6  3 0  -2.26397E+01
    6  T  5  3 2  -2.16432E+01
    7  T  1  4 0  -1.71146E+01
    8  T  2  4 1  -1.40208E+01
    9  T  3  4 1  -1.21100E+01
   10  T  1  5 0  -1.07735E+01
   11  T  5  4 2  -9.36183E+00
   12  T  6  4 0  -8.72715E+00
   13  T  2  5 1  -8.08866E+00
   14  T  1  6 0  -7.43166E+00
   15  T  3  5 1  -6.05174E+00
   16  T  1  7 0  -5.41370E+00
   17  T  2  6 1  -4.89068E+00
   18  T  1  8 0  -4.13121E+00
   19  T  5  5 2  -3.59347E+00
   20  T  1  9 0  -3.25546E+00
   21  T  2  7 1  -2.97218E+00
   22  T  3  6 1  -2.81656E+00
   23  T  1 10 0  -2.62089E+00
    4    0    0    8
    2  2.322688E+00
    1  T  2  3 1  -2.77155E+01
    2  T  2  4 1  -1.42918E+01
    3  T  2  5 1  -8.22185E+00
    4  T  2  6 1  -4.96341E+00
    5  T  2  7 1  -3.01061E+00
    6  T  2  8 1  -1.74950E+00
    7  T  2  9 1  -8.88192E-01
    8  T  2 10 1  -2.73888E-01
    2    1    0   26
    2  2.322688E+00
    1  C  1  0 0  -6.58687E+01
    2  T  2  3 1  -2.79797E+01
    3  T  3  3 1  -2.56419E+01
    4  T  4  3 0  -2.44248E+01
    5  T  4  3 2  -2.30433E+01
    6  T  5  3 2  -2.17825E+01
    7  T  2  4 1  -1.43572E+01
    8  T  3  4 1  -1.21531E+01
    9  T  4  4 0  -1.09118E+01
   10  T  4  4 2  -1.02341E+01
   11  T  5  4 2  -9.38386E+00
   12  T  2  5 1  -8.24069E+00
   13  T  3  5 1  -6.08093E+00
   14  T  2  6 1  -5.00296E+00
   15  T  4  5 0  -4.68402E+00
   16  T  4  5 2  -4.35598E+00
   17  T  5  5 2  -3.60925E+00
   18  T  2  7 1  -3.01844E+00
   19  T  3  6 1  -2.81596E+00
   20  T  2  8 1  -1.75919E+00
   21  T  4  6 0  -1.38306E+00
   22  T  4  6 2  -1.17987E+00
   23  T  2  9 1  -8.94348E-01
   24  T  3  7 1  -8.67780E-01
   25  T  5  6 2  -4.62153E-01
   26  T  2 10 1  -2.76425E-01
    4    1    0   17
    2  2.322688E+00
    1  C  1  0 0  -6.90317E+01
    2  T  2  3 1  -2.75331E+01
    3  T  4  3 0  -2.50316E+01
    4  T  4  3 2  -2.27698E+01
    5  T  2  4 1  -1.42542E+01
    6  T  4  4 0  -1.10440E+01
    7  T  4  4 2  -1.01596E+01
    8  T  2  5 1  -8.20565E+00
    9  T  2  6 1  -4.95976E+00
   10  T  4  5 0  -4.76213E+00
   11  T  4  5 2  -4.32538E+00
   12  T  2  7 1  -3.00504E+00
   13  T  2  8 1  -1.74733E+00
   14  T  4  6 0  -1.41430E+00
   15  T  4  6 2  -1.16464E+00
   16  T  2  9 1  -8.85484E-01
   17  T  2 10 1  -2.72488E-01
    2    2    0   37
    1  0.000000E+00
    1  C  1  0 0  -6.72848E+01
    2  T  1  3 2  -2.90541E+01
    3  T  2  3 1  -2.73756E+01
    4  T  3  3 1  -2.56195E+01
    5  T  5  3 0  -2.41616E+01
    6  T  4  3 2  -2.22926E+01
    7  T  5  3 2  -2.20470E+01
    8  T  6  3 2  -2.06015E+01
    9  T  1  4 2  -1.62471E+01
   10  T  2  4 1  -1.41634E+01
   11  T  2  4 3  -1.36222E+01
   12  T  3  4 1  -1.21791E+01
   13  T  3  4 3  -1.15094E+01
   14  T  1  5 2  -1.03648E+01
   15  T  5  4 0  -1.03227E+01
   16  T  4  4 2  -9.95336E+00
   17  T  5  4 2  -9.47587E+00
   18  T  2  5 1  -8.15723E+00
   19  T  6  4 2  -7.94412E+00
   20  T  2  5 3  -7.88234E+00
   21  T  1  6 2  -7.18300E+00
   22  T  3  5 1  -6.09150E+00
   23  T  3  5 3  -5.76893E+00
   24  T  1  7 2  -5.26929E+00
   25  T  2  6 1  -4.93301E+00
   26  T  2  6 3  -4.77651E+00
   27  T  4  5 2  -4.22910E+00
   28  T  5  5 0  -4.06145E+00
   29  T  1  8 2  -4.02989E+00
   30  T  5  5 2  -3.64707E+00
   31  T  5  5 4  -3.53969E+00
   32  T  1  9 2  -3.18173E+00
   33  T  2  7 1  -2.98978E+00
   34  T  2  7 3  -2.89306E+00
   35  T  3  6 1  -2.82562E+00
   36  T  3  6 3  -2.64900E+00
   37  T  1 10 2  -2.57499E+00
    4    2    0   19
    2  2.322688E+00
    1  T  2  3 1  -2.79234E+01
    2  T  4  3 2  -2.30512E+01
    3  T  2  4 1  -1.43650E+01
    4  T  2  4 3  -1.36594E+01
    5  T  4  4 2  -1.02505E+01
    6  T  2  5 1  -8.25387E+00
    7  T  2  5 3  -7.91476E+00
    8  T  2  6 1  -4.98409E+00
    9  T  2  6 3  -4.78972E+00
   10  T  4  5 2  -4.36512E+00
   11  T  2  7 1  -3.02109E+00
   12  T  2  7 3  -2.90271E+00
   13  T  2  8 1  -1.75749E+00
   14  T  2  8 3  -1.67822E+00
   15  T  4  6 2  -1.18844E+00
   16  T  2  9 1  -8.92417E-01
   17  T  2  9 3  -8.38553E-01
   18  T  2 10 1  -2.77548E-01
   19  T  2 10 3  -2.37956E-01
    2    3    0   23
    2  2.322688E+00
    1  T  4  3 2  -2.29552E+01
    2  T  5  3 2  -2.19945E+01
    3  T  2  4 3  -1.37273E+01
    4  T  3  4 3  -1.16091E+01
    5  T  4  4 2  -1.01321E+01
    6  T  5  4 2  -9.51421E+00
    7  T  2  5 3  -7.94145E+00
    8  T  3  5 3  -5.81728E+00
    9  T  2  6 3  -4.80755E+00
   10  T  4  5 2  -4.29697E+00
   11  T  4  5 4  -4.25337E+00
   12  T  5  5 2  -3.67268E+00
   13  T  5  5 4  -3.55884E+00
   14  T  2  7 3  -2.91155E+00
   15  T  3  6 3  -2.67257E+00
   16  T  2  8 3  -1.68473E+00
   17  T  4  6 2  -1.14645E+00
   18  T  4  6 4  -1.12092E+00
   19  T  2  9 3  -8.42188E-01
   20  T  3  7 3  -7.78323E-01
   21  T  5  6 2  -4.99624E-01
   22  T  5  6 4  -4.32132E-01
   23  T  2 10 3  -2.40690E-01
    4    3    0   13
    2  2.322688E+00
    1  T  4  3 2  -2.32622E+01
    2  T  2  4 3  -1.37472E+01
    3  T  4  4 2  -1.03162E+01
    4  T  2  5 3  -7.95576E+00
    5  T  2  6 3  -4.81173E+00
    6  T  4  5 2  -4.39829E+00
    7  T  4  5 4  -4.25352E+00
    8  T  2  7 3  -2.91644E+00
    9  T  2  8 3  -1.68729E+00
   10  T  4  6 2  -1.20385E+00
   11  T  4  6 4  -1.12107E+00
   12  T  2  9 3  -8.44755E-01
   13  T  2 10 3  -2.42414E-01
    2    4    0   20
    1  0.000000E+00
    1  T  5  3 2  -2.23561E+01
    2  T  2  4 3  -1.36642E+01
    3  T  3  4 3  -1.15705E+01
    4  T  1  5 4  -1.02262E+01
    5  T  5  4 2  -9.55753E+00
    6  T  2  5 3  -7.91113E+00
    7  T  1  6 4  -7.11277E+00
    8  T  3  5 3  -5.79565E+00
    9  T  1  7 4  -5.22068E+00
   10  T  2  6 5  -4.79130E+00
   11  T  2  6 3  -4.78605E+00
   12  T  4  5 4  -4.22595E+00
   13  T  1  8 4  -3.99974E+00
   14  T  5  5 2  -3.68112E+00
   15  T  5  5 4  -3.57543E+00
   16  T  1  9 4  -3.16113E+00
   17  T  2  7 3  -2.89986E+00
   18  T  2  7 5  -2.89918E+00
   19  T  3  6 3  -2.66283E+00
   20  T  3  6 5  -2.65590E+00
    4    4    0   13
    2  2.322688E+00
    1  T  2  4 3  -1.37043E+01
    2  T  2  5 3  -7.93780E+00
    3  T  2  6 3  -4.80228E+00
    4  T  2  6 5  -4.79136E+00
    5  T  4  5 4  -4.22695E+00
    6  T  2  7 3  -2.91093E+00
    7  T  2  7 5  -2.89918E+00
    8  T  2  8 3  -1.68367E+00
    9  T  2  8 5  -1.67653E+00
   10  T  4  6 4  -1.11012E+00
   11  T  2  9 3  -8.42413E-01
   12  T  2  9 5  -8.35717E-01
   13  T  2 10 3  -2.40739E-01
    2    0    1    8
    4  5.994752E+00
    1  T  4  3 1  -2.43073E+01
    2  T  4  4 1  -1.07244E+01
    3  T  4  5 1  -4.60018E+00
    4  T  4  6 1  -1.31665E+00
    5  T  4  7 1   6.45425E-01
    6  T  4  8 1   1.91167E+00
    7  T  4  9 1   2.77621E+00
    8  T  4 10 1   3.39262E+00
    4    0    1    9
    4  5.994752E+00
    1  C  2  0 0  -6.43283E+01
    2  T  4  3 1  -2.35607E+01
    3  T  4  4 1  -1.04873E+01
    4  T  4  5 1  -4.49268E+00
    5  T  4  6 1  -1.25826E+00
    6  T  4  7 1   6.80827E-01
    7  T  4  8 1   1.93478E+00
    8  T  4  9 1   2.79215E+00
    9  T  4 10 1   3.40408E+00
    2    1    1   38
    1  0.000000E+00
    1  T  1  2 1  -7.11788E+01
    2  C  2  0 0  -6.23289E+01
    3  T  1  3 1  -3.01547E+01
    4  T  2  3 0  -2.84127E+01
    5  T  3  3 0  -2.67410E+01
    6  T  2  3 2  -2.59982E+01
    7  T  3  3 2  -2.43384E+01
    8  T  4  3 1  -2.35669E+01
    9  T  5  3 1  -2.26005E+01
   10  T  6  3 1  -2.15234E+01
   11  T  1  4 1  -1.66413E+01
   12  T  2  4 0  -1.46246E+01
   13  T  2  4 2  -1.36728E+01
   14  T  3  4 0  -1.26233E+01
   15  T  3  4 2  -1.17045E+01
   16  T  1  5 1  -1.05485E+01
   17  T  4  4 1  -1.04080E+01
   18  T  5  4 1  -9.75802E+00
   19  T  5  4 3  -9.23991E+00
   20  T  2  5 0  -8.38830E+00
   21  T  6  4 1  -8.29808E+00
   22  T  2  5 2  -7.92188E+00
   23  T  1  6 1  -7.29325E+00
   24  T  3  5 0  -6.31103E+00
   25  T  3  5 2  -5.86365E+00
   26  T  1  7 1  -5.33440E+00
   27  T  2  6 0  -5.07088E+00
   28  T  2  6 2  -4.79600E+00
   29  T  4  5 1  -4.43221E+00
   30  T  1  8 1  -4.07484E+00
   31  T  5  5 1  -3.80422E+00
   32  T  5  5 3  -3.52690E+00
   33  T  1  9 1  -3.21533E+00
   34  T  2  7 0  -3.07179E+00
   35  T  3  6 0  -2.95109E+00
   36  T  2  7 2  -2.90459E+00
   37  T  3  6 2  -2.70408E+00
   38  T  1 10 1  -2.59437E+00
    4    1    1   20
    2  2.322688E+00
    1  T  2  3 0  -2.89783E+01
    2  T  2  3 2  -2.66383E+01
    3  T  4  3 1  -2.39660E+01
    4  T  2  4 0  -1.48009E+01
    5  T  2  4 2  -1.38893E+01
    6  T  4  4 1  -1.06065E+01
    7  T  2  5 0  -8.47196E+00
    8  T  2  5 2  -8.02487E+00
    9  T  2  6 0  -5.11296E+00
   10  T  2  6 2  -4.85214E+00
   11  T  4  5 1  -4.53763E+00
   12  T  2  7 0  -3.09930E+00
   13  T  2  7 2  -2.94109E+00
   14  T  2  8 0  -1.81066E+00
   15  T  2  8 2  -1.70350E+00
   16  T  4  6 1  -1.28824E+00
   17  T  2  9 0  -9.28500E-01
   18  T  2  9 2  -8.56024E-01
   19  T  2 10 0  -3.04142E-01
   20  T  2 10 2  -2.50605E-01
    2    2    1   28
    2  2.322688E+00
    1  C  2  0 0  -6.33322E+01
    2  T  2  3 2  -2.67274E+01
    3  T  3  3 2  -2.45359E+01
    4  T  4  3 1  -2.38301E+01
    5  T  5  3 1  -2.28835E+01
    6  T  2  4 2  -1.39120E+01
    7  T  3  4 2  -1.17774E+01
    8  T  4  4 1  -1.05010E+01
    9  T  4  4 3  -1.00483E+01
   10  T  5  4 1  -9.86027E+00
   11  T  5  4 3  -9.30355E+00
   12  T  2  5 2  -8.03390E+00
   13  T  3  5 2  -5.90174E+00
   14  T  2  6 2  -4.85633E+00
   15  T  4  5 1  -4.48592E+00
   16  T  4  5 3  -4.26799E+00
   17  T  5  5 1  -3.84449E+00
   18  T  5  5 3  -3.55739E+00
   19  T  2  7 2  -2.94556E+00
   20  T  3  6 2  -2.71835E+00
   21  T  2  8 2  -1.70575E+00
   22  T  4  6 1  -1.25445E+00
   23  T  4  6 3  -1.12946E+00
   24  T  2  9 2  -8.59619E-01
   25  T  3  7 2  -8.06223E-01
   26  T  5  6 1  -5.96739E-01
   27  T  5  6 3  -4.32795E-01
   28  T  2 10 2  -2.51579E-01
    4    2    1   15
    2  2.322688E+00
    1  T  2  3 2  -2.67462E+01
    2  T  4  3 1  -2.41029E+01
    3  T  2  4 2  -1.39244E+01
    4  T  4  4 1  -1.06536E+01
    5  T  4  4 3  -1.00527E+01
    6  T  2  5 2  -8.04061E+00
    7  T  2  6 2  -4.86069E+00
    8  T  4  5 1  -4.56532E+00
    9  T  4  5 3  -4.27125E+00
   10  T  2  7 2  -2.94583E+00
   11  T  2  8 2  -1.70702E+00
   12  T  4  6 1  -1.29977E+00
   13  T  4  6 3  -1.13183E+00
   14  T  2  9 2  -8.58223E-01
   15  T  2 10 2  -2.52280E-01
    2    3    1   29
    1  0.000000E+00
    1  T  2  3 2  -2.61189E+01
    2  T  3  3 2  -2.46833E+01
    3  T  5  3 1  -2.32218E+01
    4  T  1  4 3  -1.60207E+01
    5  T  2  4 2  -1.37069E+01
    6  T  3  4 2  -1.18049E+01
    7  T  1  5 3  -1.02538E+01
    8  T  4  4 3  -9.95830E+00
    9  T  5  4 1  -9.90961E+00
   10  T  5  4 3  -9.37195E+00
   11  T  2  5 2  -7.93967E+00
   12  T  2  5 4  -7.89968E+00
   13  T  6  4 3  -7.76779E+00
   14  T  1  6 3  -7.12185E+00
   15  T  3  5 2  -5.90990E+00
   16  T  3  5 4  -5.75964E+00
   17  T  1  7 3  -5.23112E+00
   18  T  2  6 2  -4.80329E+00
   19  T  2  6 4  -4.78504E+00
   20  T  4  5 3  -4.21589E+00
   21  T  1  8 3  -4.00487E+00
   22  T  5  5 1  -3.85984E+00
   23  T  5  5 3  -3.58929E+00
   24  T  1  9 3  -3.16436E+00
   25  T  2  7 2  -2.91317E+00
   26  T  2  7 4  -2.89638E+00
   27  T  3  6 2  -2.72299E+00
   28  T  3  6 4  -2.64937E+00
   29  T  1 10 3  -2.56220E+00
    4    3    1   16
    2  2.322688E+00
    1  T  2  3 2  -2.70276E+01
    2  T  2  4 2  -1.40201E+01
    3  T  4  4 3  -9.99098E+00
    4  T  2  5 2  -8.08541E+00
    5  T  2  5 4  -7.90092E+00
    6  T  2  6 2  -4.88461E+00
    7  T  2  6 4  -4.78557E+00
    8  T  4  5 3  -4.23953E+00
    9  T  2  7 2  -2.96113E+00
   10  T  2  7 4  -2.89713E+00
   11  T  2  8 2  -1.71672E+00
   12  T  2  8 4  -1.67512E+00
   13  T  4  6 3  -1.11801E+00
   14  T  2  9 2  -8.65132E-01
   15  T  2  9 4  -8.35314E-01
   16  T  2 10 2  -2.57221E-01
    2    4    1   17
    2  2.322688E+00
    1  T  4  4 3  -1.00412E+01
    2  T  5  4 3  -9.39570E+00
    3  T  2  5 4  -7.92312E+00
    4  T  3  5 4  -5.79224E+00
    5  T  2  6 4  -4.80055E+00
    6  T  4  5 3  -4.25672E+00
    7  T  5  5 3  -3.60292E+00
    8  T  2  7 4  -2.90498E+00
    9  T  3  6 4  -2.65749E+00
   10  T  2  8 4  -1.68052E+00
   11  T  4  6 3  -1.12616E+00
   12  T  4  6 5  -1.11875E+00
   13  T  2  9 4  -8.38486E-01
   14  T  3  7 4  -7.69944E-01
   15  T  5  6 3  -4.56199E-01
   16  T  5  6 5  -4.33848E-01
   17  T  2 10 4  -2.38475E-01
    4    4    1   10
    2  2.322688E+00
    1  T  4  4 3  -1.00659E+01
    2  T  2  5 4  -7.92402E+00
    3  T  2  6 4  -4.80061E+00
    4  T  4  5 3  -4.27333E+00
    5  T  2  7 4  -2.90544E+00
    6  T  2  8 4  -1.68070E+00
    7  T  4  6 3  -1.13638E+00
    8  T  4  6 5  -1.11875E+00
    9  T  2  9 4  -8.38886E-01
   10  T  2 10 4  -2.38650E-01
    0    0    0    0
