   20   14    E
    1    0    1   10
    5  2.093035E+00
    1  C  5  0 0  -4.22844E+00
    2  C  6  0 0  -2.55474E+00
    3  T  5  4 1  -2.30402E+00
    4  T  5  5 1  -4.75679E-01
    5  T  5  6 1   3.98641E-01
    6  C  9  0 0   6.87123E-01
    7  T  5  7 1   8.90359E-01
    8  T  5  8 1   1.19487E+00
    9  T  5  9 1   1.39665E+00
   10  T  5 10 1   1.53727E+00
    1    1    1   28
    1  0.000000E+00
    1  C  2  0 0  -7.03916E+00
    2  T  1  3 2  -6.27196E+00
    3  T  1  4 0  -4.81457E+00
    4  C  5  0 0  -3.62857E+00
    5  T  1  4 2  -3.47734E+00
    6  T  1  5 0  -2.77559E+00
    7  C  5  0 0  -2.74426E+00
    8  T  3  4 1  -2.65384E+00
    9  T  4  4 1  -2.33282E+00
   10  C  6  0 0  -2.21347E+00
   11  T  1  5 2  -2.17880E+00
   12  C  6  0 0  -2.03526E+00
   13  T  5  4 1  -1.99859E+00
   14  T  1  6 0  -1.79705E+00
   15  T  6  4 1  -1.55483E+00
   16  T  3  4 3: -1.48242E+00
   17  C  6  0 0  -1.47114E+00
   18  T  1  6 2  -1.42795E+00
   19  T  1  7 0  -1.26488E+00
   20  T  1  7 2  -1.06923E+00
   21  T  3  5 1  -9.69235E-01
   22  T  1  8 0  -9.40502E-01
   23  T  1  8 2  -8.12933E-01
   24  T  1  9 0  -7.26181E-01
   25  T  1  9 2  -6.39984E-01
   26  T  1 10 0  -5.77858E-01
   27  T  4  5 1  -5.63104E-01
   28  T  1 10 2  -5.15534E-01
    1    2    1   21
    1  0.000000E+00
    1  C  2  0 0  -7.52424E+00
    2  T  1  3 2  -6.69818E+00
    3  C  5  0 0  -3.82270E+00
    4  T  1  4 2  -3.60837E+00
    5  C  5  0 0  -3.19723E+00
    6  T  3  4 1  -2.79090E+00
    7  C  6  0 0  -2.65025E+00
    8  T  1  5 2  -2.25693E+00
    9  T  5  4 1  -2.06271E+00
   10  C  6  0 0  -2.03960E+00
   11  T  6  4 1: -1.72756E+00
   12  C  6  0 0  -1.66181E+00
   13  T  3  4 3  -1.53562E+00
   14  T  1  6 2  -1.49058E+00
   15  T  1  7 2  -1.09055E+00
   16  T  5  4 3  -1.03314E+00
   17  T  3  5 1  -1.00199E+00
   18  T  1  8 2  -8.23602E-01
   19  T  1  9 2  -6.46922E-01
   20  T  6  4 3  -5.29564E-01
   21  T  1 10 2  -5.19188E-01
    1    3    1   25
    1  0.000000E+00
    1  T  1  3 2  -6.36775E+00
    2  T  1  4 2  -3.51105E+00
    3  C  5  0 0  -3.29715E+00
    4  C  5  0 0  -3.23409E+00
    5  C  6  0 0  -2.76696E+00
    6  T  3  4 1  -2.68013E+00
    7  T  1  5 2  -2.19833E+00
    8  C  6  0 0  -2.08652E+00
    9  T  1  5 4  -1.96161E+00
   10  T  3  4 3: -1.87112E+00
   11  T  6  4 1  -1.59601E+00
   12  C  6  0 0: -1.54715E+00
   13  T  1  6 2  -1.43449E+00
   14  T  1  6 4  -1.36985E+00
   15  T  4  4 3  -1.13589E+00
   16  T  1  7 2  -1.07358E+00
   17  T  1  7 4  -1.00719E+00
   18  T  3  5 1  -9.96876E-01
   19  T  5  4 3  -8.88321E-01
   20  T  1  8 2  -8.12948E-01
   21  T  1  8 4  -7.55722E-01
   22  T  1  9 2  -6.39974E-01
   23  T  1  9 4  -6.03263E-01
   24  T  1 10 2  -5.16472E-01
   25  T  1 10 4  -4.95244E-01
    1    4    1   12
    1  0.000000E+00
    1  C  5  0 0  -3.81182E+00
    2  C  6  0 0  -2.67626E+00
    3  C  6  0 0  -1.99440E+00
    4  T  1  5 4  -1.97974E+00
    5  T  3  4 3  -1.60604E+00
    6  T  1  6 4  -1.38276E+00
    7  T  1  7 4  -1.04933E+00
    8  T  5  4 3  -9.39000E-01
    9  T  1  8 4  -7.63731E-01
   10  T  6  4 3  -6.24420E-01
   11  T  1  9 4  -5.88757E-01
   12  T  1 10 4  -4.90050E-01
    1    5    1    8
    1  0.000000E+00
    1  C  6  0 0  -2.48662E+00
    2  T  1  5 4  -1.96093E+00
    3  T  3  4 3  -1.56747E+00
    4  T  1  6 4  -1.36386E+00
    5  T  1  7 4  -1.00469E+00
    6  T  1  8 4  -7.71313E-01
    7  T  1  9 4  -6.12072E-01
    8  T  1 10 4  -5.01000E-01
    3    0    1   14
    2  1.125236E+00
    1  C  2  0 0  -7.09224E+00
    2  C  5  0 0  -3.60543E+00
    3  T  2  4 1  -3.25051E+00
    4  C  6  0 0  -2.97019E+00
    5  T  5  4 1  -2.14862E+00
    6  C  6  0 0  -1.70003E+00
    7  T  2  5 1  -1.42355E+00
    8  T  2  6 1  -5.64971E-01
    9  T  5  5 1  -4.09610E-01
   10  T  2  7 1  -7.32215E-02
   11  T  2  8 1   2.29144E-01
   12  T  5  6 1   4.22510E-01
   13  T  2  9 1   4.36421E-01
   14  T  2 10 1   5.70734E-01
    3    1    1   32
    1  0.000000E+00
    1  C  2  0 0  -7.69255E+00
    2  T  1  3 2  -6.72004E+00
    3  T  1  4 0  -4.86785E+00
    4  C  5  0 0  -3.62305E+00
    5  C  5  0 0  -3.55889E+00
    6  T  1  4 2  -3.51111E+00
    7  T  2  4 1  -3.01612E+00
    8  T  1  5 0  -2.80379E+00
    9  C  6  0 0  -2.75979E+00
   10  T  3  4 1  -2.70789E+00
   11  C  6  0 0  -2.53592E+00
   12  C  6  0 0  -2.38715E+00
   13  T  4  4 1  -2.32285E+00
   14  T  1  5 2  -2.20227E+00
   15  T  5  4 1  -2.10403E+00
   16  C  6  0 0: -1.97943E+00
   17  T  1  6 0  -1.81245E+00
   18  T  6  4 1  -1.59379E+00
   19  T  3  4 3  -1.53323E+00
   20  T  1  6 2  -1.47893E+00
   21  T  2  5 1  -1.33652E+00
   22  T  1  7 0  -1.27125E+00
   23  T  1  7 2  -1.07714E+00
   24  T  3  5 1  -9.91981E-01
   25  T  1  8 0  -9.40775E-01
   26  T  1  8 2  -8.18099E-01
   27  T  1  9 0  -7.28313E-01
   28  T  1  9 2  -6.43859E-01
   29  T  4  5 1  -5.88707E-01
   30  T  1 10 0  -5.74650E-01
   31  T  1 10 2  -5.19395E-01
   32  T  2  6 1  -5.13543E-01
    3    2    1   28
    1  0.000000E+00
    1  C  2  0 0  -7.94046E+00
    2  T  1  3 2  -6.64151E+00
    3  C  5  0 0  -4.12533E+00
    4  C  5  0 0  -3.61960E+00
    5  T  1  4 2  -3.58176E+00
    6  C  5  0 0  -3.20898E+00
    7  C  6  0 0  -3.10921E+00
    8  T  2  4 1  -3.07075E+00
    9  T  3  4 1  -2.79131E+00
   10  C  6  0 0  -2.56782E+00
   11  C  6  0 0  -2.47633E+00
   12  T  1  5 2  -2.27950E+00
   13  C  6  0 0  -2.15261E+00
   14  T  5  4 1  -2.11228E+00
   15  T  2  4 3: -2.05420E+00
   16  C  6  0 0: -1.93170E+00
   17  T  6  4 1  -1.66774E+00
   18  T  3  4 3  -1.58752E+00
   19  T  1  6 2  -1.48542E+00
   20  T  2  5 1  -1.36497E+00
   21  T  1  7 2  -1.08683E+00
   22  T  5  4 3  -1.02230E+00
   23  T  3  5 1  -1.02159E+00
   24  T  2  5 3: -8.63405E-01
   25  T  1  8 2  -8.22281E-01
   26  T  1  9 2  -6.46218E-01
   27  T  2  6 1  -5.31535E-01
   28  T  1 10 2  -5.22511E-01
    3    3    1   29
    1  0.000000E+00
    1  T  1  3 2  -7.08462E+00 :WAS T 2 3 2
    2  C  5  0 0  -4.14987E+00
    3  C  5  0 0  -3.60665E+00
    4  T  1  4 2  -3.55993E+00
    5  C  6  0 0  -3.19901E+00
    6  C  6  0 0  -2.80697E+00
    7  T  3  4 1  -2.75548E+00
    8  C  6  0 0  -2.55236E+00
    9  C  6  0 0  -2.26740E+00
   10  T  1  5 2  -2.19056E+00
   11  T  1  5 4  -1.96422E+00
   12  T  2  4 3  -1.86239E+00
   13  T  6  4 1  -1.67022E+00
   14  T  3  4 3  -1.64034E+00
   15  T  1  6 2  -1.49152E+00
   16  T  1  6 4  -1.37621E+00
   17  T  4  4 3  -1.17798E+00
   18  T  1  7 2  -1.09107E+00
   19  T  5  4 3  -1.03926E+00
   20  T  3  5 1  -1.01644E+00
   21  T  1  7 4  -9.53800E-01
   22  T  1  8 2  -8.18341E-01
   23  T  2  5 3  -8.15989E-01
   24  T  1  8 4  -7.59487E-01
   25  T  1  9 2  -6.42563E-01
   26  T  1  9 4  -6.08942E-01
   27  T  6  4 3  -5.72351E-01
   28  T  1 10 2  -5.16960E-01
   29  T  3  5 3  -5.04237E-01
    3    4    1   15
    1  0.000000E+00
    1  C  5  0 0  -3.99737E+00
    2  C  6  0 0  -3.02483E+00
    3  C  6  0 0  -2.81868E+00
    4  C  6  0 0  -2.41425E+00
    5  T  1  5 4  -1.98515E+00
    6  T  2  4 3  -1.94379E+00
    7  T  3  4 3  -1.65747E+00
    8  T  1  6 4  -1.38610E+00
    9  T  5  4 3  -1.08760E+00
   10  T  1  7 4  -9.74768E-01
   11  T  2  5 3  -8.52102E-01
   12  T  1  8 4  -7.66248E-01
   13  T  1  9 4  -6.10346E-01
   14  T  3  5 3  -5.23174E-01
   15  T  1 10 4  -4.99973E-01
    3    5    1    9
    1  0.000000E+00
    1  C  6  0 0  -3.10667E+00
    2  T  1  5 4  -1.96970E+00
    3  T  3  4 3  -1.61178E+00
    4  T  1  6 4  -1.36375E+00
    5  T  1  7 4  -1.00715E+00
    6  T  1  8 4  -7.76747E-01
    7  T  1  9 4: -6.38479E-01
    8  T  1 10 4: -5.78589E-01
    9  T  3  5 3  -5.02890E-01
    5    0    1    9
    2  1.125236E+00
    1  C  2  0 0  -8.38264E+00
    2  T  2  4 1  -3.14771E+00
    3  C  6  0 0  -2.92635E+00
    4  T  2  5 1  -1.38883E+00
    5  T  2  6 1  -5.43883E-01
    6  T  2  7 1  -6.35085E-02
    7  T  2  8 1   2.35650E-01
    8  T  2  9 1   4.34535E-01
    9  T  2 10 1   5.73448E-01
    5    1    1    8
    2  1.125236E+00
    1  T  2  4 1: -3.34159E+00
    2  C  6  0 0: -3.16218E+00
    3  T  2  5 1: -1.40981E+00
    4  T  2  6 1: -5.51233E-01
    5  T  2  7 1: -6.68045E-02
    6  T  2  8 1:  2.33889E-01
    7  T  2  9 1:  4.33478E-01
    8  T  2 10 1:  5.72760E-01
    5    2    1   18
    2  1.125236E+00
    1  C  5  0 0  -4.06764E+00
    2  C  6  0 0  -3.44256E+00
    3  T  2  4 1  -3.22254E+00
    4  C  6  0 0  -3.18201E+00
    5  T  2  4 3  -2.03028E+00
    6  T  2  5 1  -1.42477E+00
    7  T  2  5 3  -8.90383E-01
    8  T  2  6 1  -5.59271E-01
    9  T  2  6 3  -2.70416E-01
   10  T  2  7 1  -7.15858E-02
   11  T  2  7 3   1.02767E-01
   12  T  2  8 1   2.30827E-01
   13  T  2  8 3   3.44301E-01
   14  T  2  9 1   4.31401E-01
   15  T  2  9 3   5.09441E-01
   16  T  2 10 1   5.71287E-01
   17  C  9  0 0   6.16308E-01
   18  T  2 10 3   6.27278E-01
    5    3    1    9
    2  1.125236E+00
    1  C  6  0 0  -3.37666E+00
    2  T  2  4 3  -2.00446E+00
    3  T  2  5 3  -8.85431E-01
    4  T  2  6 3  -2.67216E-01
    5  T  2  7 3   1.04984E-01
    6  T  2  8 3   3.45859E-01
    7  T  2  9 3   5.10562E-01
    8  C  9  0 0   6.14693E-01
    9  T  2 10 3   6.28104E-01
    5    4    1    9
    2  1.125236E+00
    1  C  6  0 0  -3.71622E+00
    2  T  2  4 3  -2.06421E+00
    3  T  2  5 3  -9.06348E-01
    4  T  2  6 3  -2.78627E-01
    5  T  2  7 3   9.79852E-02
    6  T  2  8 3   3.41256E-01
    7  C  9  0 0   3.63615E-01
    8  T  2  9 3   5.07378E-01
    9  T  2 10 3   6.25809E-01
    1    0    0   18
    1  0.000000E+00
    1  C  1  0 0  -8.88888E+00
    2  T  3  3 2  -5.64429E+00
    3  C  3  0 0  -4.61092E+00
    4  T  1  4 1  -4.06556E+00
    5  C  4  0 0  -3.54129E+00
    6  T  4  4 0  -2.74659E+00
    7  T  1  5 1  -2.45137E+00
    8  T  3  4 2  -1.88062E+00
    9  T  1  6 1  -1.63810E+00
   10  T  1  7 1  -1.17272E+00
   11  C  7  0 0  -1.06427E+00
   12  T  1  8 1  -8.82365E-01
   13  T  4  5 0  -7.87699E-01
   14  T  1  9 1  -6.98850E-01
   15  T  6  4 2  -6.52418E-01
   16  T  3  5 2  -6.09295E-01
   17  T  1 10 1  -5.41580E-01
   18  T  3  5 2: -5.30169E-01
    1    1    0   17
    1  0.000000E+00
    1  T  3  3 2  -5.08241E+00
    2  T  5  3 2  -4.48168E+00
    3  T  1  4 1  -4.37537E+00
    4  T  5  4 0  -2.71770E+00
    5  T  1  5 1  -2.50225E+00
    6  T  3  4 2  -1.95403E+00
    7  T  1  6 1  -1.69598E+00
    8  T  5  4 2  -1.44201E+00
    9  C  7  0 0  -1.21871E+00
   10  T  1  7 1  -1.20331E+00
   11  C  7  0 0: -9.70155E-01
   12  T  1  8 1  -9.01527E-01
   13  C  8  0 0  -7.87171E-01
   14  T  1  9 1  -7.11885E-01
   15  T  5  5 0  -6.63330E-01
   16  T  3  5 2  -6.22472E-01
   17  T  1 10 1  -5.51342E-01
    1    2    0   33
    1  0.000000E+00
    1  C  1  0 0  -9.16281E+00
    2  C  3  0 0  -6.14459E+00
    3  T  3  3 2  -4.87953E+00
    4  T  4  3 2  -4.63031E+00
    5  T  1  4 1  -4.22383E+00
    6  T  5  3 2  -4.08824E+00
    7  C  4  0 0  -3.91963E+00
    8  T  3  4 0  -3.19299E+00
    9  T  1  4 3  -3.03746E+00
   10  T  1  5 1  -2.50768E+00
   11  T  6  4 0  -2.15481E+00
   12  T  3  4 2  -1.99894E+00
   13  T  1  5 3  -1.96585E+00
   14  C  7  0 0  -1.76380E+00
   15  T  1  6 1  -1.66222E+00
   16  T  4  4 2  -1.54803E+00
   17  T  1  6 3  -1.36916E+00
   18  T  5  4 2  -1.33687E+00
   19  T  3  5 0  -1.22262E+00
   20  T  1  7 1  -1.17444E+00
   21  C  7  0 0  -1.14998E+00
   22  T  1  7 3  -1.00571E+00
   23  T  1  8 1  -8.90198E-01
   24  T  6  4 2  -8.32627E-01
   25  C  7  0 0  -8.10479E-01
   26  T  1  8 3  -7.68262E-01
   27  T  1  9 1  -6.87573E-01
   28  C  7  0 0  -6.78084E-01
   29  T  3  5 2: -6.49288E-01
   30  T  1  9 3  -6.07663E-01
   31  T  1 10 1  -5.50380E-01
   32  T  3  5 4  -5.39467E-01
   33  T  1 10 3  -4.92103E-01
    1    3    0   15
    1  0.000000E+00
    1  T  3  3 2  -5.24842E+00
    2  T  5  3 2  -4.32234E+00
    3  T  1  4 3  -3.17446E+00
    4  T  3  4 2  -2.04951E+00
    5  T  1  5 3  -2.01817E+00
    6  T  5  4 2  -1.42871E+00
    7  T  1  6 3  -1.39050E+00
    8  C  7  0 0  -1.28538E+00
    9  C  7  0 0  -1.02506E+00
   10  T  1  7 3  -1.02384E+00
   11  C  7  0 0  -9.48047E-01
   12  T  1  8 3  -7.82381E-01
   13  T  3  5 2  -6.81086E-01
   14  T  1  9 3  -6.16730E-01
   15  T  1 10 3  -4.98733E-01
    1    4    0   15
    1  0.000000E+00
    1  T  3  3 2  -5.30618E+00
    2  C  4  0 0  -4.05628E+00
    3  T  1  4 3  -3.03825E+00
    4  T  3  4 2  -1.99712E+00
    5  T  1  5 3  -1.94987E+00
    6  C  7  0 0  -1.83050E+00
    7  T  1  6 3  -1.36865E+00
    8  C  7  0 0  -1.16155E+00
    9  T  1  7 3  -1.00803E+00
   10  T  6  4 2  -8.36871E-01
   11  T  1  8 3  -7.65748E-01
   12  C  7  0 0  -6.88946E-01
   13  T  3  5 2  -6.53878E-01
   14  T  1  9 3  -6.06444E-01
   15  T  1 10 3  -4.91890E-01
    1    5    0   11
    3  1.508905E+00
    1  C  7  0 0  -1.48098E+00
    2  T  3  5 4  -4.63101E-01
    3  T  5  5 4   1.27265E-01
    4  T  3  6 4   1.39960E-01
    5  C  7  0 0   1.68815E-01
    6  T  3  7 4   5.03652E-01
    7  T  6  5 4   6.20789E-01
    8  T  5  6 4   7.28029E-01
    9  T  3  8 4   7.39987E-01
   10  T  3  9 4   9.01411E-01
   11  T  3 10 4   1.01701E+00
    1    6    0    7
    3  1.508905E+00
    1  C  7  0 0  -1.28300E+00
    2  T  3  5 4  -4.44566E-01
    3  T  3  6 4   1.51202E-01
    4  T  3  7 4   5.10744E-01
    5  T  6  5 4   6.38834E-01
    6  T  3  8 4   7.44372E-01
    7  T  3  9 4   9.04662E-01
    3    0    0   13
    1  0.000000E+00
    1  T  3  3 2  -4.98758E+00
    2  T  1  4 1  -4.27841E+00
    3  T  4  4 0  -2.88906E+00
    4  T  1  5 1  -2.52387E+00
    5  T  3  4 2  -1.92778E+00
    6  T  1  6 1  -1.67299E+00
    7  T  1  7 1  -1.19336E+00
    8  C  7  0 0: -9.29308E-01
    9  T  1  8 1  -8.92644E-01
   10  T  4  5 0  -8.24796E-01
   11  T  1  9 1  -6.92091E-01
   12  T  3  5 2  -6.35585E-01
   13  T  1 10 1  -5.50444E-01
    3    1    0   29
    1  0.000000E+00
    1  C  1  0 0  -9.33906E+00
    2  C  3  0 0  -6.22500E+00
    3  T  2  3 2  -5.54300E+00
    4  T  3  3 2  -5.06827E+00
    5  T  5  3 2  -4.41781E+00
    6  T  1  4 1  -4.30404E+00
    7  C  4  0 0  -3.95716E+00
    8  T  2  4 0  -3.54555E+00
    9  T  5  4 0  -2.70889E+00
   10  T  1  5 1  -2.51216E+00
   11  T  2  4 2  -2.40792E+00
   12  T  3  4 2  -1.95783E+00
   13  C  7  0 0  -1.85323E+00
   14  T  1  6 1  -1.68453E+00
   15  T  2  5 0  -1.58737E+00
   16  T  5  4 2  -1.44517E+00
   17  C  7  0 0  -1.37469E+00
   18  T  1  7 1  -1.19181E+00
   19  C  7  0 0  -1.08747E+00
   20  T  2  5 2  -1.06328E+00
   21  C  7  0 0  -1.00476E+00
   22  T  1  8 1  -8.96305E-01
   23  T  6  4 2  -8.18513E-01
   24  T  1  9 1  -7.03381E-01
   25  T  3  5 2  -6.70537E-01
   26  T  5  5 0  -6.56280E-01
   27  T  2  6 0  -6.37280E-01
   28  C  7  0 0  -5.58855E-01
   29  T  1 10 1  -5.49523E-01
    3    2    0   33
    1  0.000000E+00
    1  T  2  3 2  -5.31844E+00
    2  T  3  3 2  -5.11262E+00
    3  T  5  3 2: -4.92104E+00
    4  T  4  3 2: -4.70584E+00
    5  T  1  4 1  -4.34581E+00
    6  T  3  4 0  -3.31377E+00
    7  T  1  4 3  -3.10366E+00
    8  T  1  5 1  -2.56188E+00
    9  T  2  4 2  -2.30008E+00
   10  T  6  4 0  -2.19864E+00
   11  T  3  4 2  -2.03672E+00
   12  T  1  5 3  -1.99441E+00
   13  T  1  6 1  -1.68973E+00
   14  C  7  0 0  -1.67094E+00
   15  T  4  4 2  -1.57599E+00
   16  C  7  0 0  -1.41184E+00
   17  T  1  6 3  -1.38835E+00
   18  C  7  0 0  -1.37903E+00
   19  T  3  5 0  -1.26483E+00
   20  T  1  7 1  -1.19283E+00
   21  T  2  5 2  -1.02056E+00
   22  T  1  7 3  -1.01306E+00
   23  C  7  0 0  -9.94195E-01
   24  C  7  0 0  -9.57572E-01
   25  T  1  8 1  -8.93957E-01
   26  C  8  0 0  -8.10522E-01
   27  T  1  8 3  -7.76130E-01
   28  T  1  9 1  -6.96949E-01
   29  T  3  5 2  -6.78991E-01
   30  T  1  9 3  -6.12466E-01
   31  C  8  0 0  -5.63248E-01
   32  T  1 10 1  -5.54773E-01
   33  T  1 10 3  -4.95574E-01
    3    3    0   23
    1  0.000000E+00
    1  T  2  3 2  -5.82463E+00
    2  T  3  3 2  -5.13283E+00
    3  T  5  3 2  -4.89273E+00
    4  C  4  0 0  -4.17865E+00
    5  T  1  4 3  -3.15221E+00
    6  T  2  4 2  -2.37369E+00
    7  T  3  4 2  -2.05173E+00
    8  T  1  5 3  -2.01189E+00
    9  C  7  0 0  -1.90300E+00
   10  C  7  0 0  -1.55764E+00
   11  T  5  4 2  -1.45337E+00
   12  T  1  6 3  -1.39355E+00
   13  C  7  0 0  -1.22686E+00
   14  C  7  0 0  -1.06814E+00
   15  T  2  5 2  -1.04748E+00
   16  T  1  7 3  -1.02219E+00
   17  T  6  4 2  -9.02086E-01
   18  C  7  0 0  -9.00431E-01
   19  T  2  5 4  -8.43311E-01
   20  T  1  8 3  -7.78987E-01
   21  T  3  5 2  -6.87541E-01
   22  T  1  9 3  -6.14863E-01
   23  T  1 10 3  -4.97388E-01
    3    4    0   15
    1  0.000000E+00
    1  T  3  3 2  -5.40816E+00
    2  T  1  4 3  -3.16057E+00
    3  T  1  5 3  -2.02258E+00
    4  T  3  4 2  -2.01289E+00
    5  C  7  0 0  -1.64882E+00
    6  T  1  6 3  -1.39624E+00
    7  C  7  0 0  -1.03554E+00
    8  T  1  7 3  -1.02367E+00
    9  C  7  0 0: -9.91619E-01
   10  C  8  0 0: -9.65958E-01
   11  T  2  5 4  -8.21873E-01
   12  T  1  8 3  -7.80628E-01
   13  T  3  5 2  -6.75857E-01
   14  T  1  9 3  -6.15581E-01
   15  T  1 10 3  -4.97829E-01
    3    5    0   14
    2  1.125236E+00
    1  C  7  0 0  -1.74619E+00
    2  C  7  0 0: -1.24439E+00
    3  T  2  5 4  -8.39196E-01
    4  T  3  5 4  -4.65116E-01
    5  C  7  0 0: -3.44412E-01
    6  T  2  6 4  -2.39056E-01
    7  T  2  7 4   1.22920E-01
    8  T  5  5 4   1.25810E-01
    9  T  3  6 4   1.38738E-01
   10  T  2  8 4   3.58085E-01
   11  T  3  7 4   5.02700E-01
   12  T  2  9 4   5.19246E-01
   13  T  6  5 4   6.22801E-01
   14  T  2 10 4   6.34434E-01
    3    6    0    7
    3  1.508905E+00
    1  T  3  5 4  -4.47566E-01
    2  T  3  6 4   1.48799E-01
    3  T  3  7 4   5.08995E-01
    4  T  6  5 4   6.30485E-01
    5  T  3  8 4   7.43114E-01
    6  T  3  9 4   9.03735E-01
    7  T  3 10 4   1.01868E+00
    5    1    0   17
    2  1.125236E+00
    1  T  2  3 2  -5.67229E+00
    2  T  2  4 0  -3.73088E+00
    3  T  2  4 2  -2.43455E+00
    4  T  2  5 0  -1.65645E+00
    5  C  7  0 0: -1.46277E+00
    6  T  2  5 2  -1.07210E+00
    7  T  2  6 0  -6.83224E-01
    8  C  8  0 0: -6.54998E-01
    9  T  2  6 2  -3.69941E-01
   10  T  2  7 0  -1.45584E-01
   11  T  2  7 2   4.20289E-02
   12  T  2  8 0   1.83153E-01
   13  T  2  8 2   3.04436E-01
   14  T  2  9 0   3.98906E-01
   15  T  2  9 2   4.81844E-01
   16  T  2 10 0   5.48154E-01
   17  T  2 10 2   6.07372E-01
    5    2    0   10
    2  1.125236E+00
    1  T  2  3 2  -5.97950E+00
    2  T  2  4 2  -2.38444E+00
    3  C  7  0 0: -1.79051E+00
    4  C  7  0 0: -1.45118E+00
    5  T  2  5 2  -1.05379E+00
    6  T  2  6 2  -3.59441E-01
    7  T  2  7 2   4.86467E-02
    8  T  2  8 2   3.08850E-01
    9  T  2  9 2   4.84923E-01
   10  T  2 10 2   6.09602E-01
    5    3    0   16
    2  1.125236E+00
    1  T  2  3 2  -6.07429E+00
    2  T  2  4 2  -2.43744E+00
    3  C  7  0 0: -1.76990E+00
    4  T  2  5 2  -1.07333E+00
    5  T  2  5 4  -8.46103E-01
    6  C  8  0 0  -8.42807E-01
    7  T  2  6 2  -3.69860E-01
    8  T  2  6 4  -2.43831E-01
    9  T  2  7 2   4.23105E-02
   10  T  2  7 4   1.19867E-01
   11  T  2  8 2   3.04700E-01
   12  T  2  8 4   3.55878E-01
   13  T  2  9 2   4.82058E-01
   14  T  2  9 4   5.17615E-01
   15  T  2 10 2   6.07541E-01
   16  T  2 10 4   6.33251E-01
    5    4    0    6
    2  1.125236E+00
    1  C  7  0 0  -2.01308E+00
    2  T  2  5 4  -8.27914E-01
    3  T  2  6 4  -2.32945E-01
    4  T  2  7 4   1.26464E-01
    5  T  2  8 4   3.60152E-01
    6  T  2  9 4   5.20546E-01
    5    5    0    6
    2  1.125236E+00
    1  T  2  5 4  -8.44004E-01
    2  T  2  6 4  -2.42890E-01
    3  T  2  7 4   1.20302E-01
    4  T  2  8 4   3.56099E-01
    5  T  2  9 4   5.17737E-01
    6  T  2 10 4   6.33324E-01
    0    0    0    0
