   20   20    E
    1    0    0   10
    1  0.000000E+00
    1  C  6  0 0  -4.32816E-01
    2  T  1  5 0  -1.41103E-01
    3  T  1  6 0  -7.40166E-02
    4  C 10  0 0  -6.12184E-02
    5  T  1  7 0  -4.51602E-02
    6  T  1  8 0  -3.07400E-02
    7  T  1  9 0  -2.22517E-02
    8  T  1 10 0  -1.68486E-02
    9  T  1 11 0  -1.31990E-02
   10  T  1 12 0  -1.06186E-02
    3    0    0    8
    1  0.000000E+00
    1  T  1  5 0  -1.58203E-01
    2  T  1  6 0  -7.87426E-02
    3  T  1  7 0  -4.77360E-02
    4  T  1  8 0  -3.20838E-02
    5  T  1  9 0  -2.30541E-02
    6  T  1 10 0  -1.73678E-02
    7  T  1 11 0  -1.35546E-02
    8  T  1 12 0  -1.08729E-02
    1    1    0    8
    2  1.247220E-01
    1  T  2  4 2   2.22966E-02
    2  T  2  5 2   6.64325E-02
    3  T  2  6 2   8.69035E-02
    4  T  2  7 2   9.81207E-02
    5  T  2  8 2   1.04915E-01
    6  T  2  9 2   1.09280E-01
    7  T  2 10 2   1.12114E-01
    8  T  2 11 2   1.13976E-01
    1    1    1    9
    1  0.000000E+00
    1  T  1  4 1  -2.23133E-01
    2  T  2  4 1  -1.09098E-01
    3  T  1  5 1  -6.37551E-02
    4  T  1  6 1  -4.20874E-02
    5  T  1  7 1  -3.01839E-02
    6  T  1  8 1  -2.28234E-02
    7  T  1  9 1  -1.77764E-02
    8  T  1 10 1  -1.41160E-02
    9  T  1 11 1  -1.14083E-02
    3    1    0    9
    2  1.247220E-01
    1  C 10  0 0  -9.97677E-02
    2  C  1  0 0   1.53285E-02
    3  T  2  4 2   5.74080E-02
    4  T  2  5 2   8.06040E-02
    5  T  2  6 2   9.38849E-02
    6  T  2  7 2   1.02032E-01
    7  T  2  8 2   1.07356E-01
    8  T  2  9 2   1.11022E-01
    9  T  2 10 2   1.13650E-01
    3    1    1    9
    1  0.000000E+00
    1  T  1  4 1  -3.09168E-01
    2  T  1  5 1  -1.13418E-01
    3  T  1  6 1  -6.54222E-02
    4  T  2  4 1  -5.58676E-02
    5  T  1  7 1  -3.89710E-02
    6  T  1  8 1  -2.72489E-02
    7  T  1  9 1  -2.00799E-02
    8  T  1 10 1  -1.54049E-02
    9  T  1 11 1  -1.21905E-02
    1    2    0   10
    1  0.000000E+00
    1  T  1  3 2  -2.23288E-01
    2  T  1  4 2  -9.99767E-02
    3  C 10  0 0  -6.67355E-02
    4  T  1  5 2  -5.46281E-02
    5  T  1  6 2  -3.72571E-02
    6  T  1  7 2  -2.66857E-02
    7  T  1  8 2  -2.01228E-02
    8  T  1  9 2  -1.57920E-02
    9  T  1 10 2  -1.27622E-02
   10  T  1 11 2  -1.05198E-02
    1    2    1   15
    2  1.247220E-01
    1  T  2  4 1  -9.23307E-02
    2  T  2  5 1   2.25508E-02
    3  T  2  4 3   6.08277E-02
    4  T  2  6 1   6.65262E-02
    5  T  2  5 3   8.35166E-02
    6  T  2  7 1   8.70401E-02
    7  T  2  6 3   9.59776E-02
    8  T  2  8 1   9.83192E-02
    9  T  2  7 3   1.03533E-01
   10  T  2  9 1   1.05191E-01
   11  T  2  8 3   1.08456E-01
   12  T  2 10 1   1.09689E-01
   13  T  2  9 3   1.11843E-01
   14  T  2 11 1   1.12794E-01
   15  T  2 10 3   1.14274E-01
    3    2    0    9
    1  0.000000E+00
    1  T  1  3 2  -2.22220E-01
    2  T  1  4 2  -9.91153E-02
    3  T  1  5 2  -5.75258E-02
    4  T  1  6 2  -3.77050E-02
    5  T  1  7 2  -2.67209E-02
    6  T  1  8 2  -2.00292E-02
    7  T  1  9 2  -1.56857E-02
    8  T  1 10 2  -1.27209E-02
    9  T  1 11 2  -1.05647E-02
    3    2    1   15
    2  1.247220E-01
    1  T  2  4 1  -6.65942E-02
    2  T  2  5 1   2.74794E-02
    3  T  2  4 3   6.09695E-02
    4  T  2  6 1   6.78221E-02
    5  T  2  5 3   8.35540E-02
    6  T  2  7 1   8.75324E-02
    7  T  2  6 3   9.59929E-02
    8  T  2  8 1   9.85402E-02
    9  T  2  7 3   1.03553E-01
   10  T  2  9 1   1.05301E-01
   11  T  2  8 3   1.08487E-01
   12  T  2 10 1   1.09747E-01
   13  T  2  9 3   1.11884E-01
   14  T  2 11 1   1.12826E-01
   15  T  2 10 3   1.14322E-01
    1    3    0   13
    2  1.247220E-01
    1  T  2  4 2   2.13337E-02
    2  T  2  5 2   6.65503E-02
    3  T  2  5 4   8.46772E-02
    4  T  2  6 2   8.71432E-02
    5  T  2  6 4   9.68956E-02
    6  T  2  7 2   9.84073E-02
    7  T  2  7 4   1.04272E-01
    8  T  2  8 2   1.05259E-01
    9  T  2  8 4   1.09063E-01
   10  T  2  9 2   1.09741E-01
   11  T  2  9 4   1.12350E-01
   12  T  2 10 2   1.12834E-01
   13  T  2 10 4   1.14701E-01
    1    3    1    8
    1  0.000000E+00
    1  T  1  4 3  -6.67192E-02
    2  T  2  4 1  -4.93851E-02
    3  T  1  5 3  -3.91489E-02
    4  T  1  6 3  -2.80405E-02
    5  T  1  7 3  -2.07139E-02
    6  T  1  8 3  -1.58761E-02
    7  T  1  9 3  -1.25416E-02
    8  T  1 10 3  -1.01524E-02
    3    3    0   14
    2  1.247220E-01
    1  C  1  0 0  -2.33025E-02
    2  T  2  4 2   4.94968E-02
    3  T  2  5 2   7.85075E-02
    4  T  2  5 4   8.46775E-02
    5  T  2  6 2   9.34372E-02
    6  T  2  6 4   9.68959E-02
    7  T  2  7 2   1.02140E-01
    8  T  2  7 4   1.04272E-01
    9  T  2  8 2   1.07657E-01
   10  T  2  8 4   1.09064E-01
   11  T  2  9 2   1.11374E-01
   12  T  2  9 4   1.12350E-01
   13  T  2 10 2   1.13996E-01
   14  T  2 10 4   1.14701E-01
    3    3    1    8
    1  0.000000E+00
    1  T  2  4 1  -9.79637E-02
    2  T  1  4 3  -6.42516E-02
    3  T  1  5 3  -4.12256E-02
    4  T  1  6 3  -2.85610E-02
    5  T  1  7 3  -2.09261E-02
    6  T  1  8 3  -1.59823E-02
    7  T  1  9 3  -1.26016E-02
    8  T  1 10 3  -1.01892E-02
    1    4    0    7
    1  0.000000E+00
    1  T  1  5 4  -4.01072E-02
    2  T  1  6 4  -2.78835E-02
    3  T  1  7 4  -2.04939E-02
    4  T  1  8 4  -1.56965E-02
    5  C  1  0 0  -1.40929E-02
    6  T  1  9 4  -1.23882E-02
    7  T  1 10 4  -1.00354E-02
    1    4    1   12
    2  1.247220E-01
    1  T  2  4 3   6.12464E-02
    2  T  2  5 3   8.41185E-02
    3  T  2  6 3   9.65723E-02
    4  T  2  6 5   9.69436E-02
    5  T  2  7 3   1.04072E-01
    6  T  2  7 5   1.04313E-01
    7  T  2  8 3   1.08932E-01
    8  T  2  8 5   1.09096E-01
    9  T  2  9 3   1.12260E-01
   10  T  2  9 5   1.12375E-01
   11  T  2 10 3   1.14636E-01
   12  T  2 10 5   1.14721E-01
    3    4    0    6
    1  0.000000E+00
    1  T  1  5 4  -4.01067E-02
    2  T  1  6 4  -2.78823E-02
    3  T  1  7 4  -2.04916E-02
    4  T  1  8 4  -1.56887E-02
    5  T  1  9 4  -1.23943E-02
    6  T  1 10 4  -1.00375E-02
    3    4    1   12
    2  1.247220E-01
    1  T  2  4 3   6.15057E-02
    2  T  2  5 3   8.43132E-02
    3  T  2  6 3   9.67036E-02
    4  T  2  6 5   9.69437E-02
    5  T  2  7 3   1.04162E-01
    6  T  2  7 5   1.04313E-01
    7  T  2  8 3   1.08995E-01
    8  T  2  8 5   1.09096E-01
    9  T  2  9 3   1.12305E-01
   10  T  2  9 5   1.12376E-01
   11  T  2 10 3   1.14670E-01
   12  T  2 10 5   1.14721E-01
    1    5    0    6
    2  1.247220E-01
    1  T  2  5 4   8.46709E-02
    2  T  2  6 4   9.68968E-02
    3  T  2  7 4   1.04277E-01
    4  T  2  8 4   1.09070E-01
    5  T  2  9 4   1.12356E-01
    6  T  2 10 4   1.14706E-01
    1    5    1    5
    1  0.000000E+00
    1  T  1  6 5  -2.77803E-02
    2  T  1  7 5  -2.04114E-02
    3  T  1  8 5  -1.56281E-02
    4  T  1  9 5  -1.23484E-02
    5  T  1 10 5  -1.00023E-02
    3    5    0    6
    2  1.247220E-01
    1  T  2  5 4   8.46720E-02
    2  T  2  6 4   9.68979E-02
    3  T  2  7 4   1.04278E-01
    4  T  2  8 4   1.09070E-01
    5  T  2  9 4   1.12356E-01
    6  T  2 10 4   1.14707E-01
    3    5    1    5
    1  0.000000E+00
    1  T  1  6 5  -2.77803E-02
    2  T  1  7 5  -2.04114E-02
    3  T  1  8 5  -1.56281E-02
    4  T  1  9 5  -1.23484E-02
    5  T  1 10 5  -1.00023E-02
    0    0    0    0
