   20   19    E
    2    0    0    8
    1  0.000000E+00
    1  T  1  4 0  -8.61523E-01
    2  T  1  5 0  -3.90024E-01
    3  T  1  6 0  -2.25234E-01
    4  T  1  7 0  -1.46835E-01
    5  T  1  8 0  -1.03316E-01
    6  T  1  9 0  -7.66494E-02
    7  T  1 10 0  -5.91263E-02
    8  T  1 11 0  -4.69948E-02
    2    1    1    8
    1  0.000000E+00
    1  T  1  4 1  -6.25112E-01
    2  T  1  5 1  -3.15213E-01
    3  T  1  6 1  -1.91140E-01
    4  T  1  7 1  -1.28441E-01
    5  T  1  8 1  -9.22743E-02
    6  T  1  9 1  -6.95054E-02
    7  T  1 10 1  -5.42401E-02
    8  T  1 11 1  -4.35064E-02
    2    2    0    8
    1  0.000000E+00
    1  T  1  3 2  -6.91348E-01
    2  T  1  4 2  -3.43302E-01
    3  T  1  5 2  -2.05286E-01
    4  T  1  6 2  -1.36439E-01
    5  T  1  7 2  -9.72094E-02
    6  T  1  8 2  -7.27546E-02
    7  T  1  9 2  -5.64889E-02
    8  T  1 10 2  -4.51257E-02
    2    3    1    7
    1  0.000000E+00
    1  T  1  4 3  -2.50537E-01
    2  T  1  5 3  -1.60437E-01
    3  T  1  6 3  -1.11419E-01
    4  T  1  7 3  -8.18486E-02
    5  T  1  8 3  -6.26543E-02
    6  T  1  9 3  -4.94958E-02
    7  T  1 10 3  -4.00850E-02
    2    4    0    6
    1  0.000000E+00
    1  T  1  5 4  -1.60002E-01
    2  T  1  6 4  -1.11113E-01
    3  T  1  7 4  -8.16346E-02
    4  T  1  8 4  -6.25016E-02
    5  T  1  9 4  -4.93840E-02
    6  T  1 10 4  -4.00010E-02
    2    5    1    5
    1  0.000000E+00
    1  T  1  6 5  -1.11111E-01
    2  T  1  7 5  -8.16327E-02
    3  T  1  8 5  -6.25000E-02
    4  T  1  9 5  -4.93827E-02
    5  T  1 10 5  -4.00000E-02
    0    0    0    0
