   20   15    E
    2    0    1   13
    1  0.000000E+00
    1  T  5  3 2  -4.20132E+00
    2  T  1  4 1  -3.53764E+00
    3  T  7  3 2: -3.15581E+00
    4  C  4  0 0: -2.50374E+00
    5  T  1  5 1  -2.03342E+00
    6  T  8  4 0  -1.56770E+00
    7  T  1  6 1  -1.29870E+00
    8  T  5  4 2  -1.24460E+00
    9  T  1  7 1  -9.20383E-01
   10  T  7  4 2  -8.23595E-01
   11  T  1  8 1  -6.84123E-01
   12  T  1  9 1  -5.28414E-01
   13  T  1 10 1  -4.20422E-01
    2    0    0   23
    2  1.737000E-01
    1  C  2  0 0  -5.79649E+00
    2  T  2  3 2  -4.83781E+00
    3  T  3  4 0  -3.49217E+00
    4  T  2  4 2  -2.45954E+00
    5  C  5  0 0  -1.91685E+00
    6  T  3  5 0  -1.77614E+00
    7  T  6  4 1  -1.52948E+00
    8  T  2  5 2  -1.45576E+00
    9  T 10  4 1  -1.07312E+00
   10  T  3  6 0  -9.82509E-01
   11  T  2  6 2  -9.32210E-01
   12  C  6  0 0  -8.49619E-01
   13  C  6  0 0  -7.40411E-01
   14  T 11  4 1  -6.57130E-01
   15  T  2  7 2  -6.01948E-01
   16  T  3  7 0  -5.57014E-01
   17  T  2  8 2  -4.29825E-01
   18  T  3  8 0  -3.11118E-01
   19  T  2  9 2  -2.99245E-01
   20  C  6  0 0  -2.90498E-01
   21  T 15  4 1  -2.57159E-01
   22  T  2 10 2  -2.09783E-01
   23  T  6  5 1  -2.04758E-01
    2    1    1   39
    1  0.000000E+00
    1  C  1  0 0  -7.51415E+00
    2  C  3  0 0  -4.60520E+00
    3  T  5  3 2  -3.58560E+00
    4  T  1  4 1  -3.37065E+00
    5  T  6  3 2: -3.25017E+00
    6  T  2  4 1  -3.12203E+00
    7  C  4  0 0  -3.07871E+00
    8  T  3  4 1  -2.97931E+00
    9  T 10  3 2  -2.83545E+00
   10  C  4  0 0  -2.42307E+00
   11  T  7  3 2  -2.33156E+00
   12  T  6  4 0  -2.11513E+00
   13  T  2  4 3  -2.04407E+00
   14  T  1  5 1  -1.93818E+00
   15  C  4  0 0  -1.88556E+00
   16  T  2  5 1  -1.76514E+00
   17  T 10  4 0  -1.56897E+00
   18  T  3  5 1  -1.54196E+00
   19  T  1  6 1  -1.28047E+00
   20  T  2  5 3  -1.27197E+00
   21  T  5  4 2  -1.22747E+00
   22  T 11  4 0  -1.20281E+00
   23  T  2  6 1  -1.10115E+00
   24  T  6  4 2  -9.44293E-01
   25  T  1  7 1  -9.01615E-01
   26  T  3  6 1  -8.86964E-01
   27  T  7  4 2  -8.46559E-01
   28  T  2  6 3  -8.38877E-01
   29  T 15  4 0  -8.03165E-01
   30  T  2  7 1  -7.30099E-01
   31  T  1  8 1  -6.68079E-01
   32  T  2  7 3  -5.67232E-01
   33  T  1  9 1  -5.19246E-01
   34  T  2  8 1  -5.04929E-01
   35  T  3  7 1  -4.90313E-01
   36  T  6  5 0  -4.74392E-01
   37  T  1 10 1  -4.12994E-01
   38  T 10  4 2  -4.03021E-01
   39  T  2  8 3  -3.88718E-01
    2    1    0   42
    1  0.000000E+00
    1  T  1  3 2  -5.90673E+00
    2  C  2  0 0  -5.20493E+00
    3  T  2  3 2  -4.85598E+00
    4  T  1  4 0  -3.85445E+00
    5  T  1  4 2  -2.74455E+00
    6  T  2  4 2  -2.50287E+00
    7  C  5  0 0  -2.42873E+00
    8  T  1  5 0  -2.17095E+00
    9  T  5  4 1  -1.96099E+00
   10  T  6  4 1  -1.71854E+00
   11  T  1  5 2  -1.68755E+00
   12  C  5  0 0: -1.63822E+00
   13  T  7  4 1  -1.51032E+00
   14  T  2  5 2  -1.47386E+00
   15  T  1  6 0  -1.39547E+00
   16  C  6  0 0: -1.35679E+00
   17  C  6  0 0  -1.17659E+00
   18  T  1  6 2  -1.14425E+00
   19  T  8  4 1: -1.09511E+00
   20  T 10  4 1  -1.03582E+00
   21  T  1  7 0  -9.73030E-01
   22  T  2  6 2  -9.41849E-01
   23  C  6  0 0  -9.23973E-01
   24  T 11  4 1  -8.45800E-01
   25  C  6  0 0  -8.25686E-01
   26  T  1  7 2  -8.14144E-01
   27  T  5  4 3  -7.83618E-01
   28  T  1  8 0  -7.22861E-01
   29  T 12  4 1  -7.11492E-01
   30  C  6  0 0  -6.94535E-01
   31  T  2  7 2  -6.36602E-01
   32  T  1  8 2  -6.16645E-01
   33  T 13  4 1: -5.66058E-01
   34  T  1  9 0: -5.40559E-01
   35  T  5  5 1  -5.17206E-01
   36  T  1  9 2  -4.79484E-01
   37  C  6  0 0  -4.60501E-01
   38  T  1 10 0  -4.37212E-01
   39  T  2  8 2  -4.30096E-01
   40  T  7  4 3  -4.02450E-01
   41  T  1 10 2  -3.85858E-01
   42  T  6  5 1  -3.61876E-01
    2    2    1   44
    1  0.000000E+00
    1  C  1  0 0  -7.68868E+00
    2  T  6  3 2: -3.90074E+00
    3  T  7  3 2: -3.67000E+00
    4  T  1  4 1  -3.42061E+00
    5  T  5  3 2  -3.33173E+00
    6  T  2  4 1  -3.21327E+00
    7  T 10  3 2  -3.14711E+00
    8  C  4  0 0: -2.77414E+00
    9  T  8  3 2  -2.65697E+00
   10  T  5  4 0  -2.34430E+00
   11  C  4  0 0  -2.32416E+00
   12  T  1  4 3: -2.22223E+00
   13  T  2  4 3  -2.08375E+00
   14  C  4  0 0  -2.03755E+00
   15  T  7  4 0  -2.03488E+00
   16  T  1  5 1  -1.93692E+00
   17  T  2  5 1  -1.79575E+00
   18  T  1  5 3  -1.47376E+00
   19  T  1  6 1  -1.29229E+00
   20  T  2  5 3  -1.28703E+00
   21  T 12  4 0  -1.26086E+00
   22  T  5  4 2  -1.20360E+00
   23  T 13  4 0  -1.11979E+00
   24  T  2  6 1  -1.10835E+00
   25  T  1  6 3  -1.02380E+00
   26  T  6  4 2  -1.00156E+00
   27  T  1  7 1  -9.01854E-01
   28  T  7  4 2  -8.46157E-01
   29  T  2  6 3  -8.40946E-01
   30  T  1  7 3  -7.50633E-01
   31  T  2  7 1  -7.44473E-01
   32  T  5  5 0  -6.95512E-01
   33  T  1  8 1  -6.71125E-01
   34  T  1  8 3  -5.77452E-01
   35  T  2  7 3  -5.69545E-01
   36  T  1  9 1  -5.22779E-01
   37  T  2  8 1  -5.02946E-01
   38  T  1  9 3  -4.58944E-01
   39  T  8  4 2  -4.39713E-01
   40  T  1 10 1  -4.16974E-01
   41  T 10  4 2  -4.10900E-01
   42  T  2  8 3  -3.94929E-01
   43  T  7  5 0  -3.85756E-01
   44  T  1 10 3  -3.63524E-01
    2    2    0   54
    1  0.000000E+00
    1  C  2  0 0  -6.19572E+00
    2  T  3  3 2: -5.11970E+00
    3  T  2  3 2  -4.97190E+00
    4  T  1  3 2: -4.70456E+00
    5  T  2  4 0  -3.73611E+00
    6  T  1  4 2  -2.63940E+00
    7  T  2  4 2  -2.55543E+00
    8  C  5  0 0  -2.42436E+00
    9  T  3  4 2  -2.28699E+00
   10  T  2  5 0  -2.01892E+00
   11  T  5  4 1  -1.81915E+00
   12  C  6  0 0: -1.78099E+00
   13  C  5  0 0  -1.76065E+00
   14  T  6  4 1  -1.67263E+00
   15  T  1  5 2  -1.64146E+00
   16  C  5  0 0: -1.54776E+00
   17  T  2  5 2: -1.51872E+00
   18  T  7  4 1: -1.47869E+00
   19  T  2  5 4  -1.26342E+00
   20  T  3  5 2  -1.25298E+00
   21  T  2  6 0  -1.23137E+00
   22  C  6  0 0: -1.20673E+00
   23  C  6  0 0: -1.16916E+00
   24  T  1  6 2  -1.12841E+00
   25  T 10  4 1  -1.09487E+00
   26  T  9  4 1  -1.01737E+00
   27  T  2  6 2  -9.56331E-01
   28  C  6  0 0  -9.41950E-01
   29  T  5  4 3: -8.59493E-01
   30  C  6  0 0: -8.29544E-01
   31  T  2  6 4  -8.25242E-01
   32  T  2  7 0  -8.09723E-01
   33  T  1  7 2  -8.03177E-01
   34  T 12  4 1  -7.73209E-01
   35  C  6  0 0: -7.24218E-01
   36  T  3  6 2  -7.06547E-01
   37  T 11  4 1  -6.95893E-01
   38  T  6  4 3: -6.67783E-01
   39  T  2  7 2  -6.32909E-01
   40  T  1  8 2  -6.10421E-01
   41  T 13  4 1  -5.91315E-01
   42  T  2  7 4  -5.61280E-01
   43  T  2  8 0  -5.46441E-01
   44  C  6  0 0: -5.35214E-01
   45  T  7  4 3  -5.05218E-01
   46  T  1  9 2  -4.78421E-01
   47  T  5  5 1  -4.63364E-01
   48  T  2  8 2  -4.40801E-01
   49  T 15  4 1: -4.28384E-01
   50  T  3  7 2  -3.96889E-01
   51  T  2  8 4  -3.93616E-01
   52  T  1 10 2  -3.85131E-01
   53  T  2  9 0  -3.80194E-01
   54  C  6  0 0: -3.76117E-01
    2    3    1   34
    1  0.000000E+00
    1  T  7  3 2: -3.79417E+00
    2  T  6  3 2  -3.55955E+00
    3  T  5  3 2: -3.31716E+00
    4  T  2  4 1  -3.24055E+00
    5  T 10  3 2  -3.09728E+00
    6  C  4  0 0  -2.85731E+00
    7  C  4  0 0  -2.53429E+00
    8  C  4  0 0  -2.37218E+00
    9  T  1  4 3  -2.15434E+00
   10  T  2  4 3  -2.06185E+00
   11  T  3  4 3  -1.85969E+00
   12  T  2  5 1  -1.80308E+00
   13  T  9  4 0  -1.54538E+00
   14  T  1  5 3  -1.42978E+00
   15  T  2  5 3  -1.30578E+00
   16  T  5  4 2  -1.19166E+00
   17  T  2  6 1  -1.12386E+00
   18  T  3  5 3  -1.05636E+00
   19  T  1  6 3  -1.00159E+00
   20  T  6  4 2  -9.77360E-01
   21  T 14  4 0  -9.13031E-01
   22  T  7  4 2  -8.55725E-01
   23  T  2  6 3  -8.50173E-01
   24  T  1  7 3  -7.36052E-01
   25  T  2  7 1  -7.34731E-01
   26  T  3  6 3  -6.04340E-01
   27  T  2  7 3  -5.76131E-01
   28  T  1  8 3  -5.63832E-01
   29  T  2  8 1  -5.04103E-01
   30  T  1  9 3  -4.46609E-01
   31  T 10  4 2: -4.17276E-01
   32  T  9  4 2: -4.13119E-01
   33  T  2  8 3  -3.99438E-01
   34  T  1 10 3  -3.61000E-01
    2    3    0   44
    1  0.000000E+00
    1  T  2  3 2: -5.61013E+00
    2  T  1  3 2: -4.82897E+00
    3  T  1  4 2  -2.70543E+00
    4  T  2  4 2  -2.57621E+00
    5  C  5  0 0  -2.20464E+00
    6  C  5  0 0  -2.05742E+00
    7  T  5  4 1  -1.90592E+00
    8  T  1  5 2  -1.67199E+00
    9  T  7  4 1  -1.56363E+00
   10  T  2  5 2  -1.49162E+00
   11  T  1  5 4  -1.45472E+00
   12  C  6  0 0  -1.39725E+00
   13  C  6  0 0  -1.33267E+00
   14  T  2  5 4  -1.27180E+00
   15  T  9  4 1  -1.16982E+00
   16  T  1  6 2  -1.12409E+00
   17  C  6  0 0: -1.08826E+00
   18  T  1  6 4  -1.01022E+00
   19  C  6  0 0: -9.88558E-01
   20  T  2  6 2  -9.58320E-01
   21  C  6  0 0: -9.17873E-01
   22  T  2  6 4  -8.32513E-01
   23  T  1  7 2  -8.20527E-01
   24  T  5  4 3  -8.12427E-01
   25  T 12  4 1  -7.79821E-01
   26  T  1  7 4  -7.42097E-01
   27  T 13  4 1  -6.83188E-01
   28  T  2  7 2  -6.50355E-01
   29  C  6  0 0: -6.37353E-01
   30  T  1  8 2  -6.04509E-01
   31  T  6  4 3  -6.02362E-01
   32  T  2  7 4  -5.70020E-01
   33  T  1  8 4  -5.66543E-01
   34  C  6  0 0: -5.17701E-01
   35  T  5  5 1  -5.12350E-01
   36  T  1  9 2  -4.90219E-01
   37  T  7  4 3  -4.70334E-01
   38  T  2  8 2  -4.49937E-01
   39  T  1  9 4  -4.48537E-01
   40  C  6  0 0: -4.26353E-01
   41  T 14  4 1  -3.99581E-01
   42  T  2  8 4  -3.87519E-01
   43  T  1 10 2  -3.79959E-01
   44  T  1 10 4  -3.62013E-01
    2    4    1   19
    1  0.000000E+00
    1  T  5  3 2  -3.98785E+00
    2  T  7  3 2  -3.57486E+00
    3  C  4  0 0: -2.72760E+00
    4  C  4  0 0: -2.39922E+00
    5  T  1  4 3: -2.23354E+00
    6  T  2  4 3  -2.06230E+00
    7  T  1  5 3  -1.45947E+00
    8  T  2  5 3  -1.31492E+00
    9  T  5  4 2  -1.23486E+00
   10  T  1  6 3  -1.01501E+00
   11  T  7  4 2  -8.75503E-01
   12  T  2  6 3  -8.53989E-01
   13  T  1  7 3  -7.43931E-01
   14  T  2  7 3  -5.82802E-01
   15  T  1  8 3  -5.67594E-01
   16  T  9  4 2  -4.57721E-01
   17  T  1  9 3  -4.48693E-01
   18  T  2  8 3  -4.02182E-01
   19  T  1 10 3  -3.63960E-01
    2    4    0   29
    1  0.000000E+00
    1  T  2  3 2  -5.35519E+00
    2  T  2  4 2  -2.52927E+00
    3  C  5  0 0  -2.36867E+00
    4  C  6  0 0  -1.82205E+00
    5  T  2  5 2  -1.48701E+00
    6  T  1  5 4  -1.43678E+00
    7  C  6  0 0  -1.32259E+00
    8  T  2  5 4  -1.28240E+00
    9  C  6  0 0: -1.09268E+00
   10  T  3  5 4  -1.02691E+00
   11  T  9  4 1  -1.02129E+00
   12  T  1  6 4  -9.99654E-01
   13  C  6  0 0: -9.46535E-01
   14  T  2  6 2  -9.30173E-01
   15  T  2  6 4  -8.40853E-01
   16  C  6  0 0: -8.13373E-01
   17  T  1  7 4  -7.39538E-01
   18  T  5  4 3: -7.09938E-01
   19  T  2  7 2  -6.36674E-01
   20  C  6  0 0  -6.07697E-01
   21  T  3  6 4  -5.88692E-01
   22  T  2  7 4  -5.71554E-01
   23  T  1  8 4  -5.58417E-01
   24  T  6  4 3  -5.49773E-01
   25  T  7  4 3  -4.77158E-01
   26  T  2  8 2  -4.45155E-01
   27  T  1  9 4  -4.43343E-01
   28  T 14  4 1  -4.11457E-01
   29  T  2  8 4  -3.89918E-01
    4    0    1   15
    1  0.000000E+00
    1  C  1  0 0  -7.94384E+00
    2  T  5  3 2  -3.79112E+00
    3  T  1  4 1  -3.39261E+00
    4  T  4  4 0  -2.73598E+00
    5  C  4  0 0  -2.29692E+00
    6  T  1  5 1  -1.96156E+00
    7  T  8  4 0  -1.63913E+00
    8  T  1  6 1  -1.28827E+00
    9  T  5  4 2  -1.23228E+00
   10  T  4  5 0  -1.11629E+00
   11  T  1  7 1  -9.05292E-01
   12  T  1  8 1  -6.75453E-01
   13  T  1  9 1  -5.22981E-01
   14  T  1 10 1  -4.17855E-01
   15  T  4  6 0  -3.81128E-01
    4    0    0   14
    6  1.663956E+00
    1  T  6  4 1  -1.75731E+00
    2  C  6  0 0  -1.21665E+00
    3  C  6  0 0  -8.69854E-01
    4  T 11  4 1: -7.34141E-01
    5  T  6  5 1  -3.09204E-01
    6  T  9  4 3   5.98240E-02
    7  T  6  6 1   3.72584E-01
    8  T 11  5 1   6.37859E-01
    9  T  6  7 1   7.52932E-01
   10  T  9  5 3   8.21107E-01
   11  T  6  8 1   9.86631E-01
   12  T  6  9 1   1.14050E+00
   13  T  6 10 1   1.24709E+00
   14  T  9  6 3   1.25118E+00
    4    1    1   17
    1  0.000000E+00
    1  T  6  3 2  -3.92978E+00
    2  T  5  3 2  -3.77123E+00
    3  T  1  4 1  -3.41705E+00
    4  C  4  0 0  -2.85272E+00
    5  T  6  4 0  -2.23373E+00
    6  T  1  5 1  -1.96977E+00
    7  T  1  6 1  -1.31476E+00
    8  T 11  4 0  -1.27547E+00
    9  T  5  4 2  -1.23937E+00
   10  T  6  4 2  -1.02089E+00
   11  T  1  7 1  -9.10004E-01
   12  T  1  8 1  -6.77860E-01
   13  T  1  9 1  -5.29483E-01
   14  T  6  5 0  -5.12692E-01
   15  T  1 10 1  -4.16490E-01
   16  C  7  0 0  -3.91906E-01
   17  T  9  4 2  -3.74202E-01
    4    1    0   33
    1  0.000000E+00
    1  C  2  0 0  -6.54597E+00
    2  T  1  3 2  -5.18419E+00
    3  T  1  4 0  -3.93281E+00
    4  T  1  4 2  -2.74184E+00
    5  C  5  0 0  -2.44028E+00
    6  T  4  4 1  -2.30130E+00
    7  T  1  5 0  -2.19784E+00
    8  C  6  0 0  -1.89352E+00
    9  T  5  4 1  -1.88207E+00
   10  T  6  4 1  -1.71461E+00
   11  T  1  5 2  -1.68104E+00
   12  C  6  0 0  -1.62304E+00
   13  T  1  6 0  -1.41547E+00
   14  C  6  0 0  -1.39468E+00
   15  T  8  4 1  -1.19434E+00
   16  C  6  0 0  -1.15295E+00
   17  T  1  6 2  -1.10998E+00
   18  T  1  7 0  -9.80706E-01
   19  T  4  5 1  -9.40213E-01
   20  C  6  0 0  -8.91698E-01
   21  T  1  7 2  -8.32913E-01
   22  T  5  4 3  -8.20155E-01
   23  C  6  0 0  -7.73440E-01
   24  T 11  4 1  -7.53669E-01
   25  T  1  8 0  -7.22266E-01
   26  T 13  4 1  -6.57604E-01
   27  T  1  8 2  -6.09718E-01
   28  C  6  0 0  -5.65462E-01
   29  T  1  9 0  -5.52518E-01
   30  T  5  5 1  -4.96924E-01
   31  T  1  9 2  -4.79087E-01
   32  T  1 10 0  -4.36844E-01
   33  T  1 10 2  -3.85870E-01
    4    2    1   29
    1  0.000000E+00
    1  T  5  3 2  -4.44094E+00
    2  T  6  3 2  -3.90993E+00
    3  T  4  3 2  -3.64430E+00
    4  T  1  4 1  -3.46076E+00
    5  T  8  3 2  -3.33317E+00
    6  C  4  0 0  -2.95249E+00
    7  C  4  0 0  -2.62256E+00
    8  T  5  4 0  -2.45705E+00
    9  T  1  4 3  -2.27883E+00
   10  T  1  5 1  -1.98917E+00
   11  T  4  4 2  -1.63971E+00
   12  T  1  5 3  -1.47670E+00
   13  T  1  6 1  -1.30834E+00
   14  T  5  4 2  -1.25574E+00
   15  T 13  4 0  -1.19081E+00
   16  T  1  6 3  -1.02694E+00
   17  T  6  4 2  -1.01973E+00
   18  T  1  7 1  -9.13621E-01
   19  T  1  7 3  -7.52137E-01
   20  T  5  5 0  -7.45396E-01
   21  T  1  8 1  -6.78958E-01
   22  T  4  5 2  -6.34547E-01
   23  T  1  8 3  -5.74544E-01
   24  T  1  9 1  -5.25844E-01
   25  T  8  4 2  -4.89600E-01
   26  T  1  9 3  -4.51747E-01
   27  T  1 10 1  -4.17529E-01
   28  T  9  4 2  -3.98402E-01
   29  T  1 10 3  -3.66012E-01
    4    2    0   24
    1  0.000000E+00
    1  T  1  3 2  -5.61338E+00
    2  T  1  4 2  -2.70337E+00
    3  C  5  0 0  -2.60773E+00
    4  T  5  4 1  -1.99833E+00
    5  C  6  0 0  -1.87296E+00
    6  T  6  4 1  -1.75554E+00
    7  C  6  0 0  -1.64456E+00
    8  T  1  5 2  -1.62410E+00
    9  C  6  0 0  -1.27787E+00
   10  C  6  0 0  -1.18775E+00
   11  C  6  0 0  -1.15062E+00
   12  T  1  6 2  -1.12120E+00
   13  T  9  4 1  -1.01883E+00
   14  C  6  0 0  -9.03444E-01
   15  T  5  4 3  -8.25508E-01
   16  T  1  7 2  -8.09479E-01
   17  T 11  4 1  -7.76968E-01
   18  T 13  4 1  -6.95672E-01
   19  T  6  4 3  -6.30515E-01
   20  T  1  8 2  -6.10503E-01
   21  C  6  0 0  -5.89598E-01
   22  T  5  5 1  -5.38646E-01
   23  T  1  9 2  -4.78396E-01
   24  T  1 10 2  -3.85359E-01
    4    3    1   15
    1  0.000000E+00
    1  T  5  3 2  -4.36510E+00
    2  T  6  3 2  -3.87077E+00
    3  C  4  0 0  -2.83459E+00
    4  T  1  4 3  -2.30151E+00
    5  T  9  4 0  -1.60796E+00
    6  T  1  5 3  -1.47728E+00
    7  T  5  4 2  -1.27976E+00
    8  T  6  4 2  -1.04431E+00
    9  T  1  6 3  -1.02084E+00
   10  T  1  7 3  -7.50732E-01
   11  T  1  8 3  -5.73626E-01
   12  T  9  4 2  -4.62480E-01
   13  T  1  9 3  -4.52214E-01
   14  C  7  0 0  -3.78432E-01
   15  T  1 10 3  -3.65865E-01
    4    3    0   30
    1  0.000000E+00
    1  T  1  3 2  -5.68450E+00
    2  T  1  4 2  -2.74348E+00
    3  C  5  0 0  -2.44229E+00
    4  C  6  0 0  -2.13885E+00
    5  T  5  4 1  -1.97996E+00
    6  C  6  0 0  -1.68848E+00
    7  T  1  5 2  -1.66229E+00
    8  C  6  0 0  -1.58467E+00
    9  T  1  5 4  -1.45485E+00
   10  C  6  0 0  -1.36488E+00
   11  C  6  0 0  -1.24304E+00
   12  T  4  4 3  -1.18673E+00
   13  T  1  6 2  -1.14150E+00
   14  T  9  4 1  -1.09244E+00
   15  C  6  0 0  -1.04481E+00
   16  T  1  6 4  -1.01060E+00
   17  T  5  4 3  -8.72884E-01
   18  T  1  7 2  -8.15395E-01
   19  C  6  0 0  -7.93355E-01
   20  T  1  7 4  -7.39467E-01
   21  T 13  4 1  -7.14978E-01
   22  T  6  4 3: -6.17845E-01
   23  T  1  8 2: -6.13016E-01
   24  T  1  8 4  -5.65957E-01
   25  T  5  5 1  -5.31594E-01
   26  T  1  9 2  -4.78091E-01
   27  T  1  9 4  -4.48816E-01
   28  T  4  5 3  -4.39305E-01
   29  T  1 10 2  -3.85489E-01
   30  T  1 10 4  -3.63316E-01
    4    4    1   13
    1  0.000000E+00
    1  T  5  3 2  -4.15335E+00
    2  C  4  0 0  -3.24547E+00
    3  T  1  4 3  -2.33966E+00
    4  T  1  5 3  -1.49442E+00
    5  T  5  4 2  -1.27427E+00
    6  T  1  6 3  -1.03317E+00
    7  T  1  7 3  -7.56279E-01
    8  T  1  8 3  -5.77313E-01
    9  T  1  9 3  -4.55449E-01
   10  T  4  5 4  -4.46333E-01
   11  T  9  4 2  -4.13128E-01
   12  C  7  0 0  -3.97664E-01
   13  T  1 10 3  -3.67268E-01
    4    4    0   13
    1  0.000000E+00
    1  C  6  0 0  -1.89792E+00
    2  C  6  0 0  -1.54992E+00
    3  T  1  5 4  -1.43816E+00
    4  C  6  0 0  -1.37059E+00
    5  C  6  0 0  -1.15989E+00
    6  T  9  4 1  -1.13310E+00
    7  T  1  6 4  -1.00223E+00
    8  T  5  4 3  -8.92700E-01
    9  T  1  7 4  -7.39015E-01
   10  T  6  4 3  -6.33238E-01
   11  T  1  8 4  -5.60063E-01
   12  T  1  9 4  -4.44476E-01
   13  T  1 10 4  -3.60390E-01
    6    0    1    8
    4  9.946800E-01
    1  T  4  4 0  -2.92763E+00
    2  T  4  5 0  -1.19496E+00
    3  T  4  6 0  -4.09559E-01
    4  T  4  7 0   1.73180E-02
    5  T  4  8 0   2.75021E-01
    6  C  9  0 0   3.57110E-01
    7  T  4  9 0   4.42595E-01
    8  T  4 10 0   5.57713E-01
    6    1    0    8
    4  9.946800E-01
    1  T  4  4 1  -2.44017E+00
    2  C  6  0 0  -2.00285E+00
    3  T  4  5 1  -9.82530E-01
    4  T  4  6 1  -2.98467E-01
    5  T  4  7 1   8.26124E-02
    6  T  4  8 1   3.16662E-01
    7  T  4  9 1   4.70777E-01
    8  T  4 10 1   5.77671E-01
    6    2    1   10
    4  9.946800E-01
    1  T  4  3 2  -4.76974E+00
    2  T  4  4 2  -1.71908E+00
    3  T  4  5 2  -6.65965E-01
    4  T  4  6 2  -1.29167E-01
    5  T  4  7 2   1.83561E-01
    6  C  9  0 0   2.70300E-01
    7  T  4  8 2   3.81718E-01
    8  T  4  9 2   5.15173E-01
    9  T  4 10 2   6.09328E-01
   10  C  9  0 0   6.30951E-01
    6    3    0    8
    4  9.946800E-01
    1  C  6  0 0  -2.31723E+00
    2  T  4  4 3  -1.33326E+00
    3  T  4  5 3  -4.96521E-01
    4  T  4  6 3  -3.73059E-02
    5  T  4  7 3   2.39171E-01
    6  T  4  8 3   4.17996E-01
    7  T  4  9 3   5.40174E-01
    8  T  4 10 3   6.27297E-01
    6    4    1    7
    4  9.946800E-01
    1  T  4  5 4  -4.48113E-01
    2  T  4  6 4  -7.91618E-03
    3  C  9  0 0   4.79411E-02
    4  T  4  7 4   2.57967E-01
    5  T  4  8 4   4.30656E-01
    6  T  4  9 4   5.49081E-01
    7  T  4 10 4   6.33793E-01
    0    0    0    0
