   20    8    E               
    1    0    0   16          
    3  1.638286E+00           
    1  C  1  0 0  -5.18678E+01
    2  C  3  0 0  -4.07614E+01
    3  T  3  3 1  -1.86407E+01
    4  T  6  3 0  -1.48717E+01
    5  T  5  3 2  -1.28090E+01
    6  T  3  4 1  -9.50948E+00
    7  T  8  3 1  -7.57580E+00
    8  T  3  5 1  -5.34180E+00
    9  T  6  4 0  -4.46067E+00
   10  T  5  4 2  -4.28356E+00
   11  T  3  6 1  -3.15369E+00
   12  T  3  7 1  -1.86258E+00
   13  T  3  8 1  -1.03318E+00
   14  T  3  9 1  -4.68836E-01
   15  T  5  5 2  -3.84056E-01
   16  T  3 10 1  -6.54204E-02
    1    1    0   28          
    2  1.001325E+00           
    1  T  2  3 1  -2.05590E+01
    2  T  3  3 1  -1.96545E+01
    3  T  7  3 0  -1.47022E+01
    4  T  5  3 2  -1.29677E+01
    5  T  7  3 2  -1.13685E+01
    6  T  2  4 1  -1.05480E+01
    7  T  3  4 1  -9.87573E+00
    8  T  2  4 3  -9.53985E+00
    9  T  8  3 1  -8.67119E+00
   10  T  2  5 1  -6.17695E+00
   11  T  2  5 3  -5.77882E+00
   12  T  3  5 1  -5.52466E+00
   13  T  5  4 2  -4.33149E+00
   14  T  7  4 0  -4.17007E+00
   15  T  2  6 1  -3.87988E+00
   16  T  2  6 3  -3.71038E+00
   17  T  3  6 1  -3.25881E+00
   18  T  7  4 2  -2.90585E+00
   19  T  2  7 1  -2.56806E+00
   20  T  2  7 3  -2.45251E+00
   21  T  3  7 1  -1.92927E+00
   22  T  2  8 1  -1.71665E+00
   23  T  2  8 3  -1.64436E+00
   24  T  2  9 1  -1.13951E+00
   25  T  2  9 3  -1.08919E+00
   26  T  3  8 1  -1.07684E+00
   27  T  2 10 1  -7.27030E-01
   28  T  2 10 3  -6.91518E-01
    1    2    0   37          
    2  1.001325E+00           
    1  C  1  0 0  -5.26513E+01
    2  T  2  3 1  -1.97299E+01
    3  T  3  3 1  -1.92435E+01
    4  T  5  3 0  -1.58862E+01
    5  T  5  3 2  -1.29183E+01
    6  T  6  3 2  -1.18926E+01
    7  T  7  3 2  -1.13201E+01
    8  T  2  4 1  -1.02495E+01
    9  T  3  4 1  -9.75853E+00
   10  T  2  4 3  -9.54956E+00
   11  T  3  4 3  -8.92225E+00
   12  T  8  3 1  -8.69089E+00
   13  T  2  5 1  -6.02711E+00
   14  T  2  5 3  -5.77677E+00
   15  T  5  4 0  -5.50720E+00
   16  T  3  5 1  -5.43281E+00
   17  T  3  5 3  -5.13762E+00
   18  T  5  4 2  -4.32023E+00
   19  T  2  6 1  -3.81605E+00
   20  T  2  6 3  -3.70718E+00
   21  T  6  4 2  -3.32186E+00
   22  T  3  6 1  -3.22585E+00
   23  T  3  6 3  -3.06818E+00
   24  T  7  4 2  -2.86550E+00
   25  T  2  7 1  -2.51457E+00
   26  T  2  7 3  -2.45205E+00
   27  T  3  7 1  -1.90963E+00
   28  T  3  7 3  -1.81702E+00
   29  T  2  8 1  -1.68047E+00
   30  T  2  8 3  -1.64333E+00
   31  T  2  9 1  -1.11458E+00
   32  T  2  9 3  -1.08858E+00
   33  T  3  8 1  -1.06463E+00
   34  T  3  8 3  -1.00620E+00
   35  T  5  5 0  -9.08737E-01
   36  T  2 10 1  -7.07118E-01
   37  T  2 10 3  -6.90936E-01
    1    3    0   24          
    2  1.001325E+00           
    1  T  2  3 1  -2.03271E+01
    2  T  5  3 2  -1.28454E+01
    3  T  7  3 2  -1.17705E+01
    4  T  2  4 1  -1.04947E+01
    5  T  2  4 3  -9.55801E+00
    6  T  3  4 3  -8.94241E+00
    7  T  2  5 1  -6.15233E+00
    8  T  2  5 3  -5.77439E+00
    9  T  3  5 3  -5.14870E+00
   10  T  5  4 2  -4.32652E+00
   11  T  2  6 1  -3.89188E+00
   12  T  2  6 3  -3.70443E+00
   13  T  3  6 3  -3.08915E+00
   14  T  7  4 2  -3.01753E+00
   15  T  2  7 1  -2.55949E+00
   16  T  2  7 3  -2.45297E+00
   17  T  3  7 3  -1.82136E+00
   18  T  2  8 1  -1.71202E+00
   19  T  2  8 3  -1.64300E+00
   20  T  2  9 1  -1.13482E+00
   21  T  2  9 3  -1.08772E+00
   22  T  3  8 3  -1.00938E+00
   23  T  2 10 1  -7.24312E-01
   24  T  2 10 3  -6.90509E-01
    1    4    0   14          
    2  1.001325E+00           
    1  T  5  3 2  -1.30823E+01
    2  T  2  4 3  -9.57429E+00
    3  T  3  4 3  -8.94691E+00
    4  T  2  5 3  -5.77737E+00
    5  T  3  5 3  -5.14666E+00
    6  T  5  4 2  -4.40049E+00
    7  T  2  6 3  -3.70478E+00
    8  T  3  6 3  -3.07193E+00
    9  T  2  7 3  -2.45472E+00
   10  T  3  7 3  -1.82053E+00
   11  T  2  8 3  -1.63940E+00
   12  T  2  9 3  -1.08818E+00
   13  T  3  8 3  -1.00861E+00
   14  T  2 10 3  -6.90801E-01
    1    5    0    7          
    2  1.001325E+00           
    1  T  2  4 3  -9.59393E+00
    2  T  2  5 3  -5.78891E+00
    3  T  2  6 3  -3.71212E+00
    4  T  2  7 3  -2.45957E+00
    5  T  2  8 3  -1.64713E+00
    6  T  2  9 3  -1.09050E+00
    7  T  2 10 3  -6.92557E-01
    1    0    1   10          
    2  1.001325E+00           
    1  T  2  3 2  -1.87897E+01
    2  T  7  3 1  -1.31941E+01
    3  T  2  4 2  -9.96973E+00
    4  T  2  5 2  -5.95297E+00
    5  T  2  6 2  -3.80397E+00
    6  T  7  4 1  -3.55319E+00
    7  T  2  7 2  -2.51244E+00
    8  T  2  8 2  -1.68180E+00
    9  T  2  9 2  -1.11445E+00
   10  T  2 10 2  -7.09823E-01
    1    1    1   30          
    2  1.001325E+00           
    1  C  2  0 0  -4.59175E+01
    2  T  3  3 0  -2.10270E+01
    3  T  2  3 2  -1.85432E+01
    4  T  3  3 2  -1.73369E+01
    5  T  5  3 1  -1.48147E+01
    6  T  6  3 1  -1.36116E+01
    7  T  7  3 1  -1.25602E+01
    8  T  3  4 0  -1.04094E+01
    9  T  8  3 0  -9.94763E+00
   10  T  2  4 2  -9.86923E+00
   11  T  3  4 2  -9.03846E+00
   12  T  8  3 2  -6.59612E+00
   13  T  2  5 2  -5.90751E+00
   14  T  3  5 0  -5.79317E+00
   15  T  3  5 2  -5.17123E+00
   16  T  5  4 1  -4.93859E+00
   17  T  5  4 3  -4.11244E+00
   18  T  6  4 1  -3.93064E+00
   19  T  2  6 2  -3.77205E+00
   20  T  3  6 0  -3.45865E+00
   21  T  7  4 1  -3.32102E+00
   22  T  3  6 2  -3.07986E+00
   23  T  2  7 2  -2.49424E+00
   24  T  3  7 0  -2.02754E+00
   25  T  3  7 2  -1.82533E+00
   26  T  2  8 2  -1.66900E+00
   27  T  3  8 0  -1.14485E+00
   28  T  2  9 2  -1.10654E+00
   29  T  3  8 2  -1.01029E+00
   30  T  2 10 2  -7.04127E-01
    1    2    1   29          
    2  1.001325E+00           
    1  T  2  3 0  -2.16731E+01
    2  T  2  3 2  -1.83982E+01
    3  T  3  3 2  -1.77714E+01
    4  T  5  3 1  -1.45330E+01
    5  T  7  3 1  -1.33083E+01
    6  T  2  4 0  -1.10470E+01
    7  T  2  4 2  -9.75367E+00
    8  T  3  4 2  -9.26220E+00
    9  T  8  3 2  -7.22744E+00
   10  T  2  5 0  -6.43655E+00
   11  T  2  5 2  -5.83831E+00
   12  T  3  5 2  -5.28710E+00
   13  T  5  4 1  -4.92944E+00
   14  T  5  4 3  -4.09605E+00
   15  T  2  6 0  -4.06391E+00
   16  T  2  6 2  -3.73612E+00
   17  T  7  4 1  -3.57144E+00
   18  T  3  6 2  -3.14761E+00
   19  T  7  4 3  -2.69053E+00
   20  T  2  7 0  -2.66423E+00
   21  T  2  7 2  -2.47017E+00
   22  T  3  7 2  -1.86755E+00
   23  T  2  8 0  -1.78175E+00
   24  T  2  8 2  -1.65297E+00
   25  T  2  9 0  -1.18392E+00
   26  T  2  9 2  -1.09658E+00
   27  T  3  8 2  -1.03727E+00
   28  T  2 10 0  -7.60522E-01
   29  T  2 10 2  -6.95780E-01
    1    3    1   21          
    2  1.001325E+00           
    1  T  2  3 2  -1.80911E+01
    2  T  3  3 2  -1.76911E+01
    3  T  5  3 1  -1.47275E+01
    4  T  2  4 2  -9.69952E+00
    5  T  3  4 2  -9.17227E+00
    6  T  8  3 2  -7.28790E+00
    7  T  2  5 2  -5.81666E+00
    8  T  3  5 2  -5.23753E+00
    9  T  5  4 1  -4.98743E+00
   10  T  5  4 3  -4.08042E+00
   11  T  2  6 2  -3.72099E+00
   12  T  3  6 2  -3.12832E+00
   13  T  6  4 3: -3.10630E+00
   14  T  3  6 4: -3.01329E+00
   15  T  7  4 3  -2.72876E+00
   16  T  2  7 2  -2.46377E+00
   17  T  3  7 2  -1.84828E+00
   18  T  2  8 2  -1.64910E+00
   19  T  2  9 2  -1.09229E+00
   20  T  3  8 2  -1.02602E+00
   21  T  2 10 2  -6.93803E-01
    1    4    1   10          
    2  1.001325E+00           
    1  T  2  3 2  -1.86201E+01
    2  T  2  4 2  -9.91268E+00
    3  T  2  5 2  -5.92409E+00
    4  T  5  4 3  -4.08510E+00
    5  T  2  6 2  -3.78337E+00
    6  T  7  4 3  -2.70998E+00
    7  T  2  7 2  -2.50252E+00
    8  T  2  8 2  -1.67520E+00
    9  T  2  9 2  -1.10985E+00
   10  T  2 10 2  -7.06477E-01
    1    5    1    1          
    2  1.001325E+00           
    1  T  5  4 3  -4.13840E+00
    3    0    0   14          
    3  1.638286E+00           
    1  T  3  3 1  -1.98774E+01
    2  T  6  3 0  -1.52189E+01
    3  T  5  3 2  -1.31379E+01
    4  T  3  4 1  -9.92082E+00
    5  T  8  3 1  -9.10273E+00
    6  T  3  5 1  -5.55162E+00
    7  T  6  4 0  -4.58597E+00
    8  T  5  4 2  -4.40280E+00
    9  T  3  6 1  -3.26597E+00
   10  T  3  7 1  -1.93561E+00
   11  T  3  8 1  -1.08308E+00
   12  T  3  9 1  -5.05099E-01
   13  T  5  5 2  -4.39229E-01
   14  T  3 10 1  -9.38064E-02
    3    1    0   37          
    1  0.000000E+00           
    1  C  1  0 0  -5.33241E+01
    2  T  1  3 1  -2.11669E+01
    3  T  2  3 1  -1.99100E+01
    4  T  3  3 1  -1.95193E+01
    5  T  4  3 0  -1.74780E+01
    6  T  7  3 0  -1.48300E+01
    7  T  4  3 2  -1.44342E+01
    8  T  5  3 2  -1.30532E+01
    9  T  7  3 2  -1.16954E+01
   10  T  1  4 1  -1.13992E+01
   11  T  2  4 1  -1.03885E+01
   12  T  3  4 1  -9.81373E+00
   13  T  2  4 3  -9.54181E+00
   14  T  8  3 1  -8.65946E+00
   15  T  4  4 0  -7.16141E+00
   16  T  1  5 1  -7.09726E+00
   17  T  2  5 1  -6.09708E+00
   18  T  4  4 2  -5.95059E+00
   19  T  2  5 3  -5.77213E+00
   20  T  3  5 1  -5.48946E+00
   21  T  1  6 1  -4.85623E+00
   22  T  5  4 2  -4.41455E+00
   23  T  7  4 0  -4.19035E+00
   24  T  2  6 1  -3.86138E+00
   25  T  2  6 3  -3.70610E+00
   26  T  1  7 1  -3.53915E+00
   27  T  3  6 1  -3.24336E+00
   28  T  7  4 2  -2.99899E+00
   29  T  1  8 1  -2.70136E+00
   30  T  4  5 0  -2.60513E+00
   31  T  2  7 1  -2.52692E+00
   32  T  2  7 3  -2.45276E+00
   33  T  1  9 1  -2.12830E+00
   34  T  4  5 2  -2.03915E+00
   35  T  3  7 1  -1.91585E+00
   36  T  2  8 1  -1.72343E+00
   37  T  1 10 1  -1.69385E+00
    3    2    0   39          
    2  1.001325E+00           
    1  T  2  3 1  -2.05090E+01
    2  T  3  3 1  -1.97578E+01
    3  T  5  3 0  -1.62504E+01
    4  T  4  3 2  -1.44050E+01
    5  T  5  3 2  -1.30585E+01
    6  T  6  3 2  -1.21373E+01
    7  T  7  3 2  -1.20076E+01
    8  T  2  4 1  -1.05501E+01
    9  T  3  4 1  -9.89230E+00
   10  T  2  4 3  -9.55928E+00
   11  T  3  4 3  -8.93383E+00
   12  T  8  3 1  -8.83354E+00
   13  T  2  5 1  -6.18760E+00
   14  T  4  4 2  -5.92992E+00
   15  T  2  5 3  -5.77716E+00
   16  T  5  4 0  -5.61404E+00
   17  T  3  5 1  -5.51190E+00
   18  T  3  5 3  -5.14711E+00
   19  T  5  4 2  -4.41193E+00
   20  T  2  6 1  -3.90169E+00
   21  T  2  6 3  -3.70756E+00
   22  T  6  4 2  -3.41975E+00
   23  T  3  6 1  -3.26119E+00
   24  T  7  4 2  -3.10652E+00
   25  T  3  6 3  -3.06164E+00
   26  T  2  7 1  -2.57073E+00
   27  T  2  7 3  -2.45506E+00
   28  T  4  5 2  -2.02808E+00
   29  T  3  7 1  -1.93076E+00
   30  T  3  7 3  -1.82076E+00
   31  T  2  8 1  -1.71898E+00
   32  T  2  8 3  -1.64427E+00
   33  T  2  9 1  -1.14227E+00
   34  T  2  9 3  -1.08955E+00
   35  T  3  8 1  -1.07980E+00
   36  T  3  8 3  -1.00917E+00
   37  T  5  5 0  -9.69894E-01
   38  T  2 10 1  -7.26139E-01
   39  T  2 10 3  -6.91612E-01
    3    3    0   28          
    1  0.000000E+00           
    1  T  2  3 1  -2.03974E+01
    2  T  4  3 2  -1.46590E+01
    3  T  5  3 2  -1.31231E+01
    4  T  7  3 2  -1.18106E+01
    5  T  1  4 3  -1.05749E+01
    6  T  2  4 1  -1.05190E+01
    7  T  2  4 3  -9.57028E+00
    8  T  3  4 3  -8.94252E+00
    9  T  1  5 3  -6.78016E+00
   10  T  2  5 1  -6.16475E+00
   11  T  4  4 2  -6.05042E+00
   12  T  2  5 3  -5.78326E+00
   13  T  3  5 3  -5.14745E+00
   14  T  1  6 3  -4.70716E+00
   15  T  5  4 2  -4.42773E+00
   16  T  2  6 1  -3.89869E+00
   17  T  2  6 3  -3.70876E+00
   18  T  1  7 3  -3.45703E+00
   19  T  3  6 3  -3.08454E+00
   20  T  7  4 2  -3.03889E+00
   21  T  1  8 3  -2.64556E+00
   22  T  2  7 1  -2.56425E+00
   23  T  2  7 3  -2.45721E+00
   24  T  4  5 2  -2.09856E+00
   25  T  1  9 3  -2.08681E+00
   26  T  3  7 3  -1.82087E+00
   27  T  2  8 1  -1.71515E+00
   28  T  1 10 3  -1.69225E+00
    3    4    0   14          
    2  1.001325E+00           
    1  T  5  3 2  -1.33796E+01
    2  T  2  4 3  -9.58723E+00
    3  T  3  4 3  -8.95546E+00
    4  T  2  5 3  -5.78854E+00
    5  T  3  5 3  -5.15381E+00
    6  T  5  4 2  -4.50475E+00
    7  T  2  6 3  -3.71080E+00
    8  T  3  6 3  -3.07617E+00
    9  T  2  7 3  -2.45925E+00
   10  T  3  7 3  -1.82358E+00
   11  T  2  8 3  -1.64702E+00
   12  T  2  9 3  -1.09078E+00
   13  T  3  8 3  -1.01075E+00
   14  T  2 10 3  -6.92998E-01
    3    5    0    4          
    1  0.000000E+00           
    1  T  2  4 3  -9.59519E+00
    2  T  2  5 3  -5.78974E+00
    3  T  2  6 3  -3.71266E+00
    4  T  2  7 3  -2.45993E+00
    3    0    1   18          
    1  0.000000E+00           
    1  T  1  3 0  -2.25831E+01
    2  T  2  3 2  -1.82511E+01
    3  T  4  3 1  -1.61998E+01
    4  T  7  3 1  -1.31454E+01
    5  T  1  4 0  -1.20217E+01
    6  T  2  4 2  -9.77288E+00
    7  T  1  5 0  -7.42767E+00
    8  T  4  4 1  -6.60844E+00
    9  T  2  5 2  -5.85649E+00
   10  T  1  6 0  -5.04668E+00
   11  T  2  6 2  -3.75202E+00
   12  T  1  7 0  -3.66456E+00
   13  T  7  4 1  -3.53230E+00
   14  T  1  8 0  -2.78094E+00
   15  T  2  7 2  -2.47852E+00
   16  T  4  5 1  -2.31314E+00
   17  T  1  9 0  -2.17866E+00
   18  T  1 10 0  -1.75870E+00
    3    1    1   33          
    2  1.001325E+00           
    1  C  2  0 0  -4.79422E+01
    2  T  3  3 0  -2.12130E+01
    3  T  2  3 2  -1.83823E+01
    4  T  3  3 2  -1.80340E+01
    5  T  4  3 1  -1.61013E+01
    6  T  5  3 1  -1.44898E+01
    7  T  6  3 1  -1.37257E+01
    8  T  7  3 1  -1.34401E+01
    9  T  3  4 0  -1.04700E+01
   10  T  8  3 0  -1.01531E+01
   11  T  2  4 2  -9.81878E+00
   12  T  3  4 2  -9.29250E+00
   13  T  8  3 2  -7.54806E+00
   14  T  4  4 1  -6.49627E+00
   15  T  2  5 2  -5.89016E+00
   16  T  3  5 0  -5.82004E+00
   17  T  3  5 2  -5.29631E+00
   18  T  5  4 1  -4.94176E+00
   19  T  5  4 3  -4.14290E+00
   20  T  6  4 1  -3.97040E+00
   21  T  2  6 2  -3.76704E+00
   22  T  7  4 1  -3.64712E+00
   23  T  3  6 0  -3.42108E+00
   24  T  3  6 2  -3.15068E+00
   25  T  2  7 2  -2.48712E+00
   26  T  4  5 1  -2.24530E+00
   27  T  3  7 0  -2.03811E+00
   28  T  3  7 2  -1.86855E+00
   29  T  2  8 2  -1.66492E+00
   30  T  3  8 0  -1.15279E+00
   31  T  2  9 2  -1.10248E+00
   32  T  3  8 2  -1.04007E+00
   33  T  2 10 2  -7.01483E-01
    3    2    1   37          
    1  0.000000E+00           
    1  T  2  3 0  -2.18571E+01
    2  T  1  3 2  -1.93850E+01
    3  T  2  3 2  -1.84933E+01
    4  T  3  3 2  -1.78692E+01
    5  T  4  3 1  -1.63028E+01
    6  T  5  3 1  -1.46545E+01
    7  T  7  3 1  -1.34048E+01
    8  T  2  4 0  -1.11063E+01
    9  T  1  4 2  -1.07809E+01
   10  T  2  4 2  -9.88767E+00
   11  T  3  4 2  -9.23931E+00
   12  T  8  3 2  -7.21305E+00
   13  T  1  5 2  -6.85775E+00
   14  T  4  4 1  -6.64178E+00
   15  T  2  5 0  -6.46604E+00
   16  T  2  5 2  -5.91732E+00
   17  T  2  5 4: -5.76303E+00
   18  T  4  4 3: -5.76055E+00
   19  T  3  5 2  -5.27114E+00
   20  T  5  4 1  -4.97470E+00
   21  T  1  6 2  -4.74118E+00
   22  T  5  4 3  -4.11417E+00
   23  T  2  6 0  -4.07543E+00
   24  T  2  6 2  -3.78310E+00
   25  T  7  4 1  -3.60810E+00
   26  T  1  7 2  -3.47684E+00
   27  T  3  6 2  -3.13628E+00
   28  T  7  4 3  -2.69366E+00
   29  T  2  7 0  -2.67606E+00
   30  T  1  8 2  -2.65921E+00
   31  T  2  7 2  -2.49921E+00
   32  T  4  5 1  -2.32370E+00
   33  T  1  9 2  -2.09891E+00
   34  T  4  5 3  -1.97853E+00
   35  T  3  7 2  -1.85969E+00
   36  T  2  8 0  -1.78912E+00
   37  T  1 10 2  -1.70139E+00
    3    3    1   22          
    2  1.001325E+00           
    1  T  2  3 2  -1.87948E+01
    2  T  3  3 2  -1.80668E+01
    3  T  5  3 1  -1.48639E+01
    4  T  2  4 2  -9.96032E+00
    5  T  3  4 2  -9.31393E+00
    6  T  8  3 2  -7.45107E+00
    7  T  2  5 2  -5.94748E+00
    8  T  4  4 3  -5.81311E+00
    9  T  3  5 2  -5.30746E+00
   10  T  5  4 1  -5.03387E+00
   11  T  5  4 3  -4.09335E+00
   12  T  2  6 2  -3.79598E+00
   13  T  3  6 2  -3.15976E+00
   14  T  6  4 3  -3.12268E+00
   15  T  7  4 3  -2.74018E+00
   16  T  2  7 2  -2.51004E+00
   17  T  4  5 3  -2.00020E+00
   18  T  3  7 2  -1.87287E+00
   19  T  2  8 2  -1.67997E+00
   20  T  2  9 2  -1.11380E+00
   21  T  3  8 2  -1.04253E+00
   22  T  2 10 2  -7.10096E-01
    3    4    1   10          
    1  0.000000E+00           
    1  T  2  3 2  -1.86721E+01
    2  T  2  4 2  -9.93211E+00
    3  T  2  5 2  -5.93420E+00
    4  T  4  4 3  -5.78767E+00
    5  T  5  4 3  -4.09416E+00
    6  T  2  6 2  -3.78982E+00
    7  T  7  4 3  -2.71243E+00
    8  T  2  7 2  -2.50578E+00
    9  T  4  5 3  -1.98921E+00
   10  T  2  8 2  -1.68979E+00
    3    5    1    1          
    2  1.001325E+00           
    1  T  5  4 3  -4.14944E+00
    5    1    0   14          
    1  0.000000E+00           
    1  T  1  3 1  -2.14992E+01
    2  T  4  3 0  -1.80208E+01
    3  T  4  3 2  -1.48388E+01
    4  T  1  4 1  -1.15564E+01
    5  T  4  4 0  -7.35422E+00
    6  T  1  5 1  -7.15446E+00
    7  T  4  4 2  -6.12490E+00
    8  T  1  6 1  -4.90544E+00
    9  T  1  7 1  -3.57418E+00
   10  T  1  8 1  -2.72916E+00
   11  T  4  5 0  -2.66476E+00
   12  T  1  9 1  -2.15537E+00
   13  T  4  5 2  -2.11987E+00
   14  T  1 10 1  -1.72797E+00
    5    2    0    8          
    4  4.790812E+00           
    1  T  4  3 2  -1.52091E+01
    2  T  4  4 2  -6.24360E+00
    3  T  4  5 2  -2.19142E+00
    4  T  4  6 2  -2.63266E-02
    5  T  4  7 2   1.26723E+00
    6  T  4  8 2   2.10145E+00
    7  T  4  9 2   2.67077E+00
    8  T  4 10 2   3.07663E+00
    5    3    0   10          
    1  0.000000E+00           
    1  T  4  3 2  -1.49865E+01
    2  T  1  4 3  -1.05876E+01
    3  T  1  5 3  -6.79081E+00
    4  T  4  4 2  -6.16875E+00
    5  T  1  6 3  -4.71290E+00
    6  T  1  7 3  -3.46100E+00
    7  T  1  8 3  -2.64891E+00
    8  T  4  5 2  -2.15777E+00
    9  T  1  9 3  -2.08999E+00
   10  T  1 10 3  -1.69367E+00
    5    0    1   11          
    1  0.000000E+00           
    1  T  1  3 0  -2.29514E+01
    2  T  4  3 1  -1.62729E+01
    3  T  1  4 0  -1.21402E+01
    4  T  1  5 0  -7.49601E+00
    5  T  4  4 1  -6.63117E+00
    6  T  1  6 0  -5.07891E+00
    7  T  1  7 0  -3.68457E+00
    8  T  1  8 0  -2.79724E+00
    9  T  4  5 1  -2.33075E+00
   10  T  1  9 0  -2.18509E+00
   11  T  1 10 0  -1.76531E+00
    5    1    1    8          
    4  4.790812E+00           
    1  T  4  3 1  -1.67076E+01
    2  T  4  4 1  -6.77749E+00
    3  T  4  5 1  -2.38914E+00
    4  T  4  6 1  -1.18471E-01
    5  T  4  7 1   1.21623E+00
    6  T  4  8 1   2.06991E+00
    7  T  4  9 1   2.64975E+00
    8  T  4 10 1   3.06184E+00
    5    2    1   13          
    1  0.000000E+00           
    1  T  1  3 2  -1.97816E+01
    2  T  4  3 1  -1.65300E+01
    3  T  1  4 2  -1.09682E+01
    4  T  1  5 2  -6.95768E+00
    5  T  4  4 1  -6.71831E+00
    6  T  4  4 3  -5.77730E+00
    7  T  1  6 2  -4.80048E+00
    8  T  1  7 2  -3.51369E+00
    9  T  1  8 2  -2.68313E+00
   10  T  4  5 1  -2.36340E+00
   11  T  1  9 2  -2.11534E+00
   12  T  4  5 3  -1.98835E+00
   13  T  1 10 2  -1.71092E+00
    5    3    1    7          
    4  4.790812E+00           
    1  T  4  4 3  -5.83657E+00
    2  T  4  5 3  -2.00906E+00
    3  T  4  6 3   7.19751E-02
    4  T  4  7 3   1.32608E+00
    5  T  4  8 3   2.13945E+00
    6  T  4  9 3   2.69677E+00
    7  T  4 10 3   3.09520E+00
    5    4    1    2          
    1  0.000000E+00           
    1  T  4  4 3  -5.79697E+00
    2  T  4  5 3  -1.98894E+00
    0    0    0    0          
