   20   17    E
    2    0    0   15
    2  1.609760E-01
    1  C  2  0 0  -3.59304E+00
    2  T  2  3 2  -2.13431E+00
    3  T  3  4 0  -1.80783E+00
    4  T  2  4 2  -1.13062E+00
    5  T  3  5 0  -7.67986E-01
    6  T  2  5 2  -6.20616E-01
    7  T  2  6 2  -3.64537E-01
    8  T  3  6 0  -3.35769E-01
    9  T  4  4 1  -3.13312E-01
   10  T  2  7 2  -2.15048E-01
   11  T  2  8 2  -1.22589E-01
   12  T  3  7 0  -9.75700E-02
   13  T  2  9 2  -6.06263E-02
   14  T  5  4 1  -3.89116E-02
   15  T  2 10 2  -1.42051E-02
    2    1    0   22
    1  0.000000E+00
    1  T  1  4 0  -2.85852E+00 X WAS 2 3 2
    2  T  1  3 2  -2.17262E+00 X WAS 2 4 0
    3  T  2  3 2  -2.03018E+00 X WAS 3 3 2
    4  T  1  5 0  -1.25982E+00 X WAS 2 4 2
    5  T  1  4 2  -1.15382E+00 X WAS 2 5 0
    6  T  2  4 2  -1.10338E+00 X WAS 3 4 2
    7  T  1  6 0  -7.62182E-01 X WAS 2 5 2
    8  T  1  5 2  -7.09163E-01 X WAS 2 6 0
    9  T  2  5 2  -6.22166E-01 X WAS 3 5 2
   10  T  1  7 0  -5.12468E-01 X WAS 2 6 2
   11  T  1  6 2  -4.82801E-01 X WAS 2 7 0
   12  T  2  6 2  -3.90774E-01 X WAS 3 6 2
   13  T  1  8 0  -3.70815E-01 X WAS 2 7 2
   14  T  1  7 2  -3.53236E-01 X WAS 2 8 0
   15  T  4  4 1  -3.41923E-01
   16  T  1  9 0  -2.78127E-01 X WAS 2 8 2
   17  T  1  8 2  -2.65727E-01 X WAS 2 9 0
   18  T  1 10 0  -2.19266E-01 X WAS 2 9 2
   19  T  2  7 2  -2.12241E-01 X WAS 3 7 2
   20  T  1  9 2  -2.07012E-01 X WAS 2 10 0
   21  T  1 11 0  -1.74132E-01 X WAS 2 10 2
   22  T  1 10 2  -1.67886E-01 X WAS 3 11 0
    2    2    0   25
    1  0.000000E+00
    1  T  1  3 2  -2.76918E+00
    2  T  2  3 2  -2.33194E+00
    3  T  3  3 2  -2.05420E+00
    4  T  2  4 0  -1.99143E+00
    5  T  1  4 2  -1.24562E+00
    6  T  2  4 2  -1.11138E+00
    7  T  2  5 0  -9.94888E-01
    8  T  3  4 2  -9.06158E-01
    9  T  1  5 2  -7.58932E-01
   10  T  2  5 2  -6.16305E-01
   11  T  2  6 0  -5.55266E-01
   12  T  1  6 2  -5.11993E-01
   13  T  2  5 4  -4.82373E-01
   14  T  4  4 1  -4.12289E-01
   15  T  3  5 2  -3.78960E-01
   16  T  1  7 2  -3.69688E-01
   17  T  2  6 2  -3.53135E-01
   18  T  2  7 0  -3.25006E-01
   19  T  2  6 4  -2.85882E-01
   20  T  1  8 2  -2.78127E-01
   21  T  1  9 2  -2.19132E-01
   22  T  2  7 2  -2.10901E-01
   23  T  2  8 0  -1.91545E-01
   24  T  1 10 2  -1.74287E-01
   25  T  2  7 4  -1.67331E-01
    2    3    0   21
    1  0.000000E+00
    1  T  1  3 2  -2.74512E+00
    2  T  2  3 2  -2.54895E+00
    3  T  1  4 2  -1.28732E+00
    4  T  2  4 2  -1.12006E+00
    5  T  1  5 2  -7.75972E-01
    6  T  1  5 4  -6.38820E-01
    7  T  2  5 2  -6.13210E-01
    8  T  1  6 2  -5.19878E-01
    9  T  2  5 4  -4.79584E-01
   10  T  1  6 4  -4.43667E-01
   11  T  1  7 2  -3.73001E-01
   12  T  2  6 2  -3.57861E-01
   13  T  1  7 4  -3.26047E-01
   14  T  2  6 4  -2.83970E-01
   15  T  1  8 2  -2.80508E-01
   16  T  1  8 4  -2.49687E-01
   17  T  1  9 2  -2.18760E-01
   18  T  2  7 2  -2.11234E-01
   19  T  1  9 4  -1.97319E-01
   20  T  1 10 2  -1.75272E-01
   21  T  2  7 4  -1.65942E-01
    2    4    0   16
    1  0.000000E+00
    1  T  2  3 2  -2.70418E+00
    2  T  2  4 2  -1.15546E+00
    3  T  1  5 4  -6.42232E-01
    4  T  2  5 2  -6.26338E-01
    5  T  2  5 4  -4.77794E-01
    6  T  1  6 4  -4.46106E-01
    7  T  2  6 2  -3.64898E-01
    8  T  1  7 4  -3.27671E-01
    9  T  2  6 4  -2.82855E-01
   10  T  3  5 4  -2.51275E-01
   11  T  1  8 4  -2.50795E-01
   12  T  2  7 2  -2.15421E-01
   13  T  1  9 4  -1.98106E-01
   14  T  2  7 6  -1.65580E-01
   15  T  2  7 4  -1.65049E-01
   16  T  1 10 4  -1.60426E-01
    2    5    0   13
    1  0.000000E+00
    1  T  1  5 4  -6.39617E-01
    2  T  2  5 4  -4.77609E-01
    3  T  1  6 4  -4.44246E-01
    4  T  1  7 6  -3.26588E-01
    5  T  1  7 4  -3.26374E-01
    6  T  2  6 4  -2.82534E-01
    7  T  1  8 6  -2.50068E-01
    8  T  1  8 4  -2.49879E-01
    9  T  1  9 6  -1.97594E-01
   10  T  1  9 4  -1.97438E-01
   11  T  2  7 6  -1.65575E-01
   12  T  2  7 4  -1.64958E-01
   13  T  1 10 4  -1.60054E-01
    2    0    1    7
    1  0.000000E+00
    1  T  1  4 1  -1.78727E+00
    2  T  1  5 1  -9.93121E-01
    3  T  1  6 1  -6.34064E-01
    4  T  1  7 1  -4.40380E-01
    5  T  1  8 1  -3.23772E-01
    6  T  1  9 1  -2.48094E-01
    7  T  1 10 1  -1.96191E-01
    2    1    1   24
    1  0.000000E+00
    1  C  1  0 0  -4.99190E+00
    2  T  1  4 1  -1.81606E+00
    3  T  2  4 1  -1.61932E+00
    4  T  3  4 1  -1.44058E+00
    5  T  4  3 2  -1.17600E+00
    6  T  1  5 1  -9.80831E-01
    7  T  2  4 3  -8.64857E-01
    8  T  2  5 1  -8.51669E-01
    9  T  4  4 0  -7.43547E-01
   10  T  5  3 2  -6.84686E-01
   11  T  1  6 1  -6.29899E-01
   12  T  3  5 1  -6.05425E-01
   13  T  2  5 3  -4.91862E-01
   14  T  2  6 1  -4.82066E-01
   15  T  1  7 1  -4.34126E-01
   16  T  5  4 0  -3.92996E-01
   17  T  1  8 1  -3.19193E-01
   18  T  2  6 3  -2.95590E-01
   19  T  2  7 1  -2.81055E-01
   20  T  3  6 1  -2.51592E-01
   21  T  1  9 1  -2.43806E-01
   22  T  1 10 1  -1.94562E-01
   23  T  2  7 3  -1.80857E-01
   24  T  2  8 1  -1.65289E-01
    2    2    1   26
    1  0.000000E+00
    1  T  1  4 1  -1.81612E+00
    2  T  2  4 1  -1.64009E+00
    3  T  4  3 2  -1.34500E+00
    4  T  1  4 3  -1.00226E+00
    5  T  1  5 1  -1.00070E+00
    6  T  5  3 2  -9.05486E-01
    7  T  2  5 1  -8.39198E-01
    8  T  2  4 3  -8.24910E-01
    9  T  1  5 3  -6.41236E-01
   10  T  1  6 1  -6.34332E-01
   11  T  2  5 3  -4.88435E-01
   12  T  2  6 1  -4.74156E-01
   13  T  1  6 3  -4.48208E-01
   14  T  1  7 1  -4.41823E-01
   15  C  4  0 0  -3.67339E-01
   16  T  1  8 1  -3.25276E-01
   17  T  1  7 3  -3.19983E-01
   18  T  2  6 3  -2.80891E-01
   19  T  2  7 1  -2.80237E-01
   20  T  1  9 1  -2.49552E-01
   21  T  1  8 3  -2.47463E-01
   22  T  1  9 3  -1.97534E-01
   23  T  1 10 1  -1.96124E-01
   24  T  2  7 3  -1.67394E-01
   25  T  2  8 1  -1.63586E-01
   26  T  1 10 3  -1.60223E-01
    2    3    1   23
    1  0.000000E+00
    1  T  2  4 1  -1.69261E+00
    2  T  4  3 2  -1.35793E+00
    3  T  5  3 2  -1.06512E+00
    4  T  1  4 3  -9.95706E-01
    5  T  2  5 1  -8.54825E-01
    6  T  2  4 3  -8.29210E-01
    7  T  1  5 3  -6.44907E-01
    8  T  3  4 3  -6.09474E-01
    9  T  2  5 3  -4.89252E-01
   10  T  2  6 1  -4.79798E-01
   11  T  1  6 3  -4.48628E-01
   12  C  4  0 0  -3.86936E-01
   13  T  1  7 3  -3.30242E-01
   14  T  2  7 1  -2.85744E-01
   15  T  2  6 5  -2.83747E-01
   16  T  2  6 3  -2.79181E-01
   17  T  3  5 3  -2.55513E-01
   18  T  1  8 3  -2.51399E-01
   19  T  1  9 3  -2.00356E-01
   20  T  2  8 1  -1.67118E-01
   21  T  2  7 5  -1.65823E-01
   22  T  2  7 3  -1.64544E-01
   23  T  1 10 3  -1.62280E-01
    2    4    1   17
    1  0.000000E+00
    1  T  1  4 3  -1.00151E+00
    2  T  2  4 3  -8.32603E-01
    3  T  1  5 3  -6.45487E-01
    4  T  2  5 3  -4.81065E-01
    5  T  1  6 3  -4.50835E-01
    6  T  1  6 5  -4.44323E-01
    7  T  1  7 3  -3.34298E-01
    8  T  1  7 5  -3.26410E-01
    9  T  2  6 3  -2.91669E-01
   10  T  2  6 5  -2.83473E-01
   11  C  4  0 0  -2.64689E-01
   12  T  1  8 5  -2.49901E-01
   13  T  1  8 3  -2.36805E-01
   14  T  1  9 5  -1.97461E-01
   15  T  1  9 3  -1.96744E-01
   16  T  2  7 3  -1.67413E-01
   17  T  2  7 5  -1.65552E-01
    2    5    1   12
    1  0.000000E+00
    1  T  2  4 3  -8.54961E-01
    2  T  2  5 3  -4.92100E-01
    3  T  1  6 5  -4.44628E-01
    4  C  4  0 0  -3.36807E-01
    5  T  1  7 5  -3.26729E-01
    6  T  2  6 3  -2.88441E-01
    7  T  2  6 5  -2.83310E-01
    8  T  1  8 5  -2.50171E-01
    9  T  1  9 5  -1.97669E-01
   10  T  2  7 3  -1.71448E-01
   11  T  2  7 5  -1.65400E-01
   12  T  1 10 5  -1.60110E-01
    4    0    0    8
    4  1.408432E+00
    1  T  4  4 1  -5.09537E-01
    2  T  4  5 1   3.74379E-01
    3  T  4  6 1   7.54637E-01
    4  T  4  7 1   9.57089E-01
    5  T  4  8 1   1.07796E+00
    6  T  4  9 1   1.15596E+00
    7  T  4 10 1   1.20924E+00
    8  T  4 11 1   1.24726E+00
    4    1    0   17
    1  0.000000E+00
    1  T  1  3 2  -2.79462E+00
    2  T  1  4 0  -2.22740E+00
    3  T  1  4 2  -1.28905E+00
    4  T  1  5 0  -1.16224E+00
    5  T  1  5 2  -7.78435E-01
    6  T  1  6 0  -7.18323E-01
    7  T  1  6 2  -5.23021E-01
    8  T  1  7 0  -4.88651E-01
    9  T  4  4 1  -4.08280E-01
   10  T  1  7 2  -3.68648E-01
   11  T  1  8 0  -3.52737E-01
   12  T  1  8 2  -2.79854E-01
   13  T  1  9 0  -2.67607E-01
   14  T  1  9 2  -2.18445E-01
   15  T  1 10 0  -2.09802E-01
   16  T  1 10 2  -1.75160E-01
   17  T  1 11 0  -1.68885E-01
    4    2    0    9
    1  0.000000E+00
    1  T  1  3 2  -3.02915E+00
    2  T  1  4 2  -1.34052E+00
    3  T  1  5 2  -7.98648E-01
    4  T  1  6 2  -5.36497E-01
    5  T  4  4 1  -4.44744E-01
    6  T  1  7 2  -3.74352E-01
    7  T  1  8 2  -2.83198E-01
    8  T  1  9 2  -2.20794E-01
    9  T  1 10 2  -1.76864E-01
    4    3    0   13
    1  0.000000E+00
    1  T  1  3 2  -2.85975E+00
    2  T  1  4 2  -1.30479E+00
    3  T  1  5 2  -7.83123E-01
    4  T  1  5 4  -6.38957E-01
    5  T  1  6 2  -5.23635E-01
    6  T  1  6 4  -4.43802E-01
    7  T  1  7 2  -3.75061E-01
    8  T  1  7 4  -3.26156E-01
    9  T  1  8 2  -2.81919E-01
   10  T  1  8 4  -2.49772E-01
   11  T  1  9 2  -2.19651E-01
   12  T  1  9 4  -1.97384E-01
   13  T  1 10 2  -1.75963E-01
    4    4    0    6
    1  0.000000E+00
    1  T  1  5 4  -6.42555E-01
    2  T  1  6 4  -4.46424E-01
    3  T  1  7 4  -3.27927E-01
    4  T  1  8 4  -2.50995E-01
    5  T  1  9 4  -1.98257E-01
    6  T  1 10 4  -1.60544E-01
    4    5    0    9
    1  0.000000E+00
    1  T  1  5 4  -6.39704E-01
    2  T  1  6 4  -4.44332E-01
    3  T  1  7 6  -3.26614E-01
    4  T  1  7 4  -3.26418E-01
    5  T  1  8 4  -2.50095E-01
    6  T  1  8 6  -2.49906E-01
    7  T  1  9 4  -1.97616E-01
    8  T  1  9 6  -1.97457E-01
    9  T  1 10 4  -1.60072E-01
    4    0    1    7
    1  0.000000E+00
    1  T  1  4 1  -1.78337E+00
    2  T  1  5 1  -9.92027E-01
    3  T  1  6 1  -6.33712E-01
    4  T  1  7 1  -4.40296E-01
    5  T  1  8 1  -3.23801E-01
    6  T  1  9 1  -2.48172E-01
    7  T  1 10 1  -1.96288E-01
    4    1    1   11
    1  0.000000E+00
    1  T  1  4 1  -1.89224E+00
    2  T  4  3 2  -1.73119E+00
    3  T  1  5 1  -1.03049E+00
    4  T  4  4 0  -8.11599E-01
    5  T  1  6 1  -6.46472E-01
    6  C  4  0 0  -5.65476E-01
    7  T  1  7 1  -4.48432E-01
    8  T  1  8 1  -3.28899E-01
    9  T  1  9 1  -2.51518E-01
   10  T  1 10 1  -1.98567E-01
   11  T  1 11 1  -1.60742E-01
    4    2    1   16
    1  0.000000E+00
    1  T  1  4 1  -1.84534E+00
    2  T  4  3 2  -1.43155E+00
    3  T  1  5 1  -1.01430E+00
    4  T  1  4 3  -9.92323E-01
    5  T  1  5 3  -6.53848E-01
    6  T  1  6 1  -6.40168E-01
    7  C  4  0 0  -5.73748E-01
    8  T  1  7 1  -4.45881E-01
    9  T  1  6 3  -4.42340E-01
   10  T  1  7 3  -3.28264E-01
   11  T  1  8 1  -3.26064E-01
   12  T  1  8 3  -2.51806E-01
   13  T  1  9 1  -2.49826E-01
   14  T  1  9 3  -1.99348E-01
   15  T  1 10 1  -1.97457E-01
   16  T  1 10 3  -1.61840E-01
    4    3    1    9
    1  0.000000E+00
    1  T  4  3 2  -1.57961E+00
    2  T  1  4 3  -1.01917E+00
    3  T  1  5 3  -6.55008E-01
    4  C  4  0 0  -5.14106E-01
    5  T  1  6 3  -4.56496E-01
    6  T  1  7 3  -3.37682E-01
    7  T  1  8 3  -2.61946E-01
    8  T  1  9 3  -2.13196E-01
    9  T  1 10 3: -1.80903E-01 X ADDED :
    4    4    1   13
    1  0.000000E+00
    1  T  1  4 3  -1.00518E+00
    2  T  1  5 3  -6.48320E-01
    3  C  4  0 0  -5.32509E-01
    4  T  1  6 3  -4.50365E-01
    5  T  1  6 5  -4.44320E-01
    6  T  1  7 3  -3.32961E-01
    7  T  1  7 5  -3.26411E-01
    8  C  4  0 0  -2.78110E-01
    9  T  1  8 3  -2.50930E-01
   10  T  1  8 5  -2.49873E-01
   11  T  1  9 3  -1.99879E-01
   12  T  1  9 5  -1.97449E-01
   13  T  1 10 3  -1.62131E-01
    4    5    1    6
    1  0.000000E+00
    1  T  1  6 5  -4.44632E-01
    2  C  4  0 0  -3.89114E-01
    3  T  1  7 5  -3.26736E-01
    4  T  1  8 5  -2.50177E-01
    5  T  1  9 5  -1.97674E-01
    6  T  1 10 5  -1.60114E-01
    0    0    0    0
