   26   10    E
    1    0    0   12
    1  0.000000E+00
    1  C  1  0 0  -9.28855E+01
    2  T  1  3 1  -3.50457E+01
    3  T  2  3 0  -2.98312E+01
    4  T  1  4 1  -1.92733E+01
    5  T  1  5 1  -1.21929E+01
    6  T  2  4 0  -1.19388E+01
    7  T  1  6 1  -8.38360E+00
    8  T  1  7 1  -6.12162E+00
    9  T  1  8 1  -4.66569E+00
   10  T  2  5 0  -4.17412E+00
   11  T  1  9 1  -3.67203E+00
   12  T  1 10 1  -2.96601E+00
    3    0    0   11
    1  0.000000E+00
    1  T  1  3 1  -3.71759E+01
    2  T  2  3 0  -3.02881E+01
    3  T  1  4 1  -1.99790E+01
    4  T  1  5 1  -1.25631E+01
    5  T  2  4 0  -1.20625E+01
    6  T  1  6 1  -8.55980E+00
    7  T  1  7 1  -6.23072E+00
    8  T  1  8 1  -4.74050E+00
    9  T  2  5 0  -4.24714E+00
   10  T  1  9 1  -3.71839E+00
   11  T  1 10 1  -3.00056E+00
    1    1    0    8
    1  0.000000E+00
    1  T  1  3 1  -3.65372E+01
    2  T  1  4 1  -1.97907E+01
    3  T  1  5 1  -1.24151E+01
    4  T  1  6 1  -8.51344E+00
    5  T  1  7 1  -6.20018E+00
    6  T  1  8 1  -4.71643E+00
    7  T  1  9 1  -3.70809E+00
    8  T  1 10 1  -2.99174E+00
    3    1    0    8
    1  0.000000E+00
    1  T  1  3 1  -3.65318E+01
    2  T  1  4 1  -1.97888E+01
    3  T  1  5 1  -1.24143E+01
    4  T  1  6 1  -8.51296E+00
    5  T  1  7 1  -6.19989E+00
    6  T  1  8 1  -4.71624E+00
    7  T  1  9 1  -3.70796E+00
    8  T  1 10 1  -2.99164E+00
    1    1    1   19
    1  0.000000E+00
    1  T  1  3 0  -3.88841E+01
    2  T  1  3 2  -3.24870E+01
    3  T  2  3 1  -2.77420E+01
    4  T  1  4 0  -2.07321E+01
    5  T  1  4 2  -1.82658E+01
    6  T  1  5 0  -1.28853E+01
    7  T  1  5 2  -1.16821E+01
    8  T  2  4 1  -1.10887E+01
    9  T  1  6 0  -8.77856E+00
   10  T  1  6 2  -8.09877E+00
   11  T  1  7 0  -6.36508E+00
   12  T  1  7 2  -5.94425E+00
   13  T  1  8 0  -4.82591E+00
   14  T  1  8 2  -4.54739E+00
   15  T  1  9 0  -3.78850E+00
   16  T  2  5 1  -3.73859E+00
   17  T  1  9 2  -3.58944E+00
   18  T  1 10 0  -3.04662E+00
   19  T  1 10 2  -2.90637E+00
    3    1    1   19
    1  0.000000E+00
    1  T  1  3 0  -3.91124E+01
    2  T  1  3 2  -3.37828E+01
    3  T  2  3 1  -2.79232E+01
    4  T  1  4 0  -2.08037E+01
    5  T  1  4 2  -1.87529E+01
    6  T  1  5 0  -1.29229E+01
    7  T  1  5 2  -1.19159E+01
    8  T  2  4 1  -1.11495E+01
    9  T  1  6 0  -8.79600E+00
   10  T  1  6 2  -8.22936E+00
   11  T  1  7 0  -6.37637E+00
   12  T  1  7 2  -6.02476E+00
   13  T  1  8 0  -4.83375E+00
   14  T  1  8 2  -4.60060E+00
   15  T  1  9 0  -3.80699E+00
   16  T  2  5 1  -3.75472E+00
   17  T  1  9 2  -3.62597E+00
   18  T  1 10 0  -3.04987E+00
   19  T  1 10 2  -2.93305E+00
    1    2    0   18
    1  0.000000E+00
    1  T  1  3 1  -3.65735E+01
    2  T  2  3 2  -2.44649E+01
    3  T  1  4 1  -1.97956E+01
    4  T  1  4 3  -1.81008E+01
    5  T  1  5 1  -1.24200E+01
    6  T  1  5 3  -1.15836E+01
    7  T  2  4 2  -9.87025E+00
    8  T  1  6 1  -8.51347E+00
    9  T  1  6 3  -8.04260E+00
   10  T  1  7 1  -6.20099E+00
   11  T  1  7 3  -5.90782E+00
   12  T  1  8 1  -4.71718E+00
   13  T  1  8 3  -4.52247E+00
   14  T  1  9 1  -3.70894E+00
   15  T  1  9 3  -3.57284E+00
   16  T  2  5 2  -3.15017E+00
   17  T  1 10 1  -2.99083E+00
   18  T  1 10 3  -2.89360E+00
    3    2    0   18
    1  0.000000E+00
    1  T  1  3 1  -3.67614E+01
    2  T  2  3 2  -2.48443E+01
    3  T  1  4 1  -1.98608E+01
    4  T  1  4 3  -1.81208E+01
    5  T  1  5 1  -1.24513E+01
    6  T  1  5 3  -1.16023E+01
    7  T  2  4 2  -1.00058E+01
    8  T  1  6 1  -8.53037E+00
    9  T  1  6 3  -8.05304E+00
   10  T  1  7 1  -6.21142E+00
   11  T  1  7 3  -5.91542E+00
   12  T  1  8 1  -4.72408E+00
   13  T  1  8 3  -4.52805E+00
   14  T  1  9 1  -3.71386E+00
   15  T  1  9 3  -3.57760E+00
   16  T  2  5 2  -3.21426E+00
   17  T  1 10 1  -2.99440E+00
   18  T  1 10 3  -2.89563E+00
    1    2    1    8
    1  0.000000E+00
    1  T  1  3 2  -3.32972E+01
    2  T  1  4 2  -1.85976E+01
    3  T  1  5 2  -1.18383E+01
    4  T  1  6 2  -8.18988E+00
    5  T  1  7 2  -6.00032E+00
    6  T  1  8 2  -4.58428E+00
    7  T  1  9 2  -3.61614E+00
    8  T  1 10 2  -2.92517E+00
    3    2    1    8
    1  0.000000E+00
    1  T  1  3 2  -3.32929E+01
    2  T  1  4 2  -1.85960E+01
    3  T  1  5 2  -1.18375E+01
    4  T  1  6 2  -8.18945E+00
    5  T  1  7 2  -6.00006E+00
    6  T  1  8 2  -4.58410E+00
    7  T  1  9 2  -3.61602E+00
    8  T  1 10 2  -2.92508E+00
    1    3    0    7
    1  0.000000E+00
    1  T  1  4 3  -1.80628E+01
    2  T  1  5 3  -1.15709E+01
    3  T  1  6 3  -8.03695E+00
    4  T  1  7 3  -5.90472E+00
    5  T  1  8 3  -4.52056E+00
    6  T  1  9 3  -3.57155E+00
    7  T  1 10 3  -2.89276E+00
    3    3    0    7
    1  0.000000E+00
    1  T  1  4 3  -1.80623E+01
    2  T  1  5 3  -1.15706E+01
    3  T  1  6 3  -8.03673E+00
    4  T  1  7 3  -5.90457E+00
    5  T  1  8 3  -4.52045E+00
    6  T  1  9 3  -3.57148E+00
    7  T  1 10 3  -2.89270E+00
    1    3    1   16
    1  0.000000E+00
    1  T  1  3 2  -3.33764E+01
    2  T  1  4 2  -1.86148E+01
    3  T  1  5 2  -1.18459E+01
    4  T  1  5 4  -1.15680E+01
    5  T  2  4 3  -9.44121E+00
    6  T  1  6 2  -8.19312E+00
    7  T  1  6 4  -8.02793E+00
    8  T  1  7 2  -6.00239E+00
    9  T  1  7 4  -5.89974E+00
   10  T  1  8 2  -4.58563E+00
   11  T  1  8 4  -4.51729E+00
   12  T  1  9 2  -3.61709E+00
   13  T  1  9 4  -3.56961E+00
   14  T  2  5 3  -2.93757E+00
   15  T  1 10 2  -2.92458E+00
   16  T  1 10 4  -2.88312E+00
    3    3    1   16
    1  0.000000E+00
    1  T  1  3 2  -3.35910E+01
    2  T  1  4 2  -1.86954E+01
    3  T  1  5 2  -1.18845E+01
    4  T  1  5 4  -1.15689E+01
    5  T  2  4 3  -9.45400E+00
    6  T  1  6 2  -8.21526E+00
    7  T  1  6 4  -8.02829E+00
    8  T  1  7 2  -6.01590E+00
    9  T  1  7 4  -5.90018E+00
   10  T  1  8 2  -4.59453E+00
   11  T  1  8 4  -4.51767E+00
   12  T  1  9 2  -3.62326E+00
   13  T  1  9 4  -3.56999E+00
   14  T  2  5 3  -2.94503E+00
   15  T  1 10 2  -2.93027E+00
   16  T  1 10 4  -2.88360E+00
    1    4    0   13
    1  0.000000E+00
    1  T  1  4 3  -1.81117E+01
    2  T  1  5 3  -1.15919E+01
    3  T  1  6 3  -8.04840E+00
    4  T  1  6 5  -8.02812E+00
    5  T  1  7 3  -5.91176E+00
    6  T  1  7 5  -5.89840E+00
    7  T  1  8 3  -4.52523E+00
    8  T  1  8 5  -4.51606E+00
    9  T  1  9 3  -3.57484E+00
   10  T  1  9 5  -3.56836E+00
   11  T  2  5 4  -2.91364E+00
   12  T  1 10 3  -2.89439E+00
   13  T  1 10 5  -2.88601E+00
    3    4    0   13
    1  0.000000E+00
    1  T  1  4 3  -1.81202E+01
    2  T  1  5 3  -1.15978E+01
    3  T  1  6 3  -8.05225E+00
    4  T  1  6 5  -8.02813E+00
    5  T  1  7 3  -5.91434E+00
    6  T  1  7 5  -5.89840E+00
    7  T  1  8 3  -4.52702E+00
    8  T  1  8 5  -4.51606E+00
    9  T  1  9 3  -3.57614E+00
   10  T  1  9 5  -3.56836E+00
   11  T  2  5 4  -2.91412E+00
   12  T  1 10 3  -2.89511E+00
   13  T  1 10 5  -2.88601E+00
    1    4    1    6
    1  0.000000E+00
    1  T  1  5 4  -1.15546E+01
    2  T  1  6 4  -8.02403E+00
    3  T  1  7 4  -5.89552E+00
    4  T  1  8 4  -4.51400E+00
    5  T  1  9 4  -3.56677E+00
    6  T  1 10 4  -2.88918E+00
    3    4    1    6
    1  0.000000E+00
    1  T  1  5 4  -1.15546E+01
    2  T  1  6 4  -8.02402E+00
    3  T  1  7 4  -5.89552E+00
    4  T  1  8 4  -4.51399E+00
    5  T  1  9 4  -3.56676E+00
    6  T  1 10 4  -2.88918E+00
    0    0    0    0
