   26    2    E               
    1    0    0   10          
    1  0.000000E+00           
    1  C  1  0 0  -6.43772E+02
    2  T  1  2 0  -1.57164E+02
    3  T  1  3 0  -6.97333E+01
    4  T  1  4 0  -3.91866E+01
    5  T  1  5 0  -2.50641E+01
    6  T  1  6 0  -1.73983E+01
    7  T  1  7 0  -1.27786E+01
    8  T  1  8 0  -9.78139E+00
    9  T  1  9 0  -7.72713E+00
   10  T  1 10 0  -6.25808E+00
    3    0    0    9          
    1  0.000000E+00           
    1  T  1  2 0  -1.59323E+02
    2  T  1  3 0  -7.03024E+01
    3  T  1  4 0  -3.94173E+01
    4  T  1  5 0  -2.51799E+01
    5  T  1  6 0  -1.74647E+01
    6  T  1  7 0  -1.28201E+01
    7  T  1  8 0  -9.80911E+00
    8  T  1  9 0  -7.74655E+00
    9  T  1 10 0  -6.27221E+00
    1    2    0    8          
    1  0.000000E+00           
    1  T  1  3 2  -6.94396E+01
    2  T  1  4 2  -3.90601E+01
    3  T  1  5 2  -2.49993E+01
    4  T  1  6 2  -1.73604E+01
    5  T  1  7 2  -1.27545E+01
    6  T  1  8 2  -9.76524E+00
    7  T  1  9 2  -7.71578E+00
    8  T  1 10 2  -6.24981E+00
    3    2    0    8          
    1  0.000000E+00           
    1  T  1  3 2  -6.94600E+01
    2  T  1  4 2  -3.90711E+01
    3  T  1  5 2  -2.50055E+01
    4  T  1  6 2  -1.73641E+01
    5  T  1  7 2  -1.27569E+01
    6  T  1  8 2  -9.76686E+00
    7  T  1  9 2  -7.71694E+00
    8  T  1 10 2  -6.25066E+00
    1    1    1    9          
    1  0.000000E+00           
    1  T  1  2 1  -1.55795E+02
    2  T  1  3 1  -6.93370E+01
    3  T  1  4 1  -3.90209E+01
    4  T  1  5 1  -2.49800E+01
    5  T  1  6 1  -1.73497E+01
    6  T  1  7 1  -1.27480E+01
    7  T  1  8 1  -9.76086E+00
    8  T  1  9 1  -7.71271E+00
    9  T  1 10 1  -6.24757E+00
    3    1    1    9          
    1  0.000000E+00           
    1  T  1  2 1  -1.57408E+02
    2  T  1  3 1  -6.97715E+01
    3  T  1  4 1  -3.91984E+01
    4  T  1  5 1  -2.50696E+01
    5  T  1  6 1  -1.74011E+01
    6  T  1  7 1  -1.27802E+01
    7  T  1  8 1  -9.78237E+00
    8  T  1  9 1  -7.72779E+00
    9  T  1 10 1  -6.25855E+00
    0    0    0    0          
