   26    9    E
    2    0    0   23
    2  1.199448E+00
    1  C  2  0 0  -9.09997E+01
    2  T  3  3 0  -3.99474E+01
    3  T  2  3 2  -3.62007E+01
    4  T  4  3 1  -3.10119E+01
    5  T  5  3 1  -2.85396E+01
    6  T  6  3 0  -2.29862E+01
    7  T  3  4 0  -2.02055E+01
    8  T  2  4 2  -1.96234E+01
    9  T  4  4 1  -1.31124E+01
   10  T  2  5 2  -1.20708E+01
   11  T  3  5 0  -1.16042E+01
   12  T  5  4 1  -1.06000E+01
   13  T  2  6 2  -7.97539E+00
   14  T  3  6 0  -7.08685E+00
   15  T  2  7 2  -5.52270E+00
   16  T  4  5 1  -5.20069E+00
   17  T  3  7 0  -4.43066E+00
   18  T  2  8 2  -3.93635E+00
   19  T  6  4 0  -3.61883E+00
   20  T  2  9 2  -2.85256E+00
   21  T  3  8 0  -2.73554E+00
   22  T  5  5 1  -2.49131E+00
   23  T  2 10 2  -2.07725E+00
    2    1    0   27
    1  0.000000E+00
    1  T  1  3 0  -4.23391E+01
    2  T  1  3 2  -3.71177E+01
    3  T  2  3 2  -3.58639E+01
    4  T  4  3 1  -3.15857E+01
    5  T  5  3 1  -2.88120E+01
    6  T  1  4 0  -2.27509E+01
    7  T  1  4 2  -2.06628E+01
    8  T  2  4 2  -1.95863E+01
    9  T  1  5 0  -1.42015E+01
   10  T  4  4 1  -1.34324E+01
   11  T  1  5 2  -1.31684E+01
   12  T  2  5 2  -1.20559E+01
   13  T  5  4 1  -1.06122E+01
   14  T  1  6 0  -9.69281E+00
   15  T  1  6 2  -9.12471E+00
   16  T  2  6 2  -7.97186E+00
   17  T  1  7 0  -7.04404E+00
   18  T  1  7 2  -6.69026E+00
   19  T  2  7 2  -5.52260E+00
   20  T  4  5 1  -5.38174E+00
   21  T  1  8 0  -5.31928E+00
   22  T  1  8 2  -5.11326E+00
   23  T  1  9 0  -4.19958E+00
   24  T  1  9 2  -4.03969E+00
   25  T  2  8 2  -3.93234E+00
   26  T  1 10 0  -3.38499E+00
   27  T  1 10 2  -3.26687E+00
    2    2    0   34
    1  0.000000E+00
    1  T  2  3 0  -4.13826E+01
    2  T  1  3 2  -3.70036E+01
    3  T  2  3 2  -3.58734E+01
    4  T  3  3 2  -3.49295E+01
    5  T  4  3 1  -3.16599E+01
    6  T  5  3 1  -2.90184E+01
    7  T  2  4 0  -2.16280E+01
    8  T  1  4 2  -2.06060E+01
    9  T  2  4 2  -1.95836E+01
   10  T  6  3 2  -1.87773E+01
   11  T  3  4 2  -1.82718E+01
   12  T  4  4 1  -1.34758E+01
   13  T  1  5 2  -1.31433E+01
   14  T  2  5 0  -1.30238E+01
   15  T  2  5 2  -1.20506E+01
   16  T  4  4 3  -1.19606E+01
   17  T  5  4 1: -1.06995E+01
   18  T  3  5 2: -1.06434E+01
   19  T  5  4 3  -9.13373E+00
   20  T  1  6 2  -9.10623E+00
   21  T  2  6 0  -8.51063E+00
   22  T  2  6 2  -7.96971E+00
   23  T  1  7 2  -6.68444E+00
   24  T  3  6 2  -6.56524E+00
   25  T  2  7 0  -5.85633E+00
   26  T  2  7 2  -5.52016E+00
   27  T  4  5 1  -5.36391E+00
   28  T  1  8 2  -5.10710E+00
   29  T  4  5 3  -4.64811E+00
   30  T  2  8 0  -4.15849E+00
   31  T  3  7 2  -4.10984E+00
   32  T  1  9 2  -4.03262E+00
   33  T  2  8 2  -3.93198E+00
   34  T  1 10 2  -3.26371E+00
    2    3    0   17
    1  0.000000E+00
    1  T  1  3 2  -3.72568E+01
    2  T  2  3 2  -3.61358E+01
    3  T  1  4 2  -2.07930E+01
    4  T  2  4 2  -1.96246E+01
    5  T  1  5 2  -1.32476E+01
    6  T  2  5 2  -1.20627E+01
    7  T  4  4 3  -1.19012E+01
    8  T  1  6 2  -9.16746E+00
    9  T  5  4 3  -9.06992E+00
   10  T  2  6 2  -7.97589E+00
   11  T  1  7 2  -6.71709E+00
   12  T  2  7 2  -5.52279E+00
   13  T  1  8 2  -5.13243E+00
   14  T  4  5 3  -4.62883E+00
   15  T  1  9 2  -4.04899E+00
   16  T  2  8 2  -3.93613E+00
   17  T  1 10 2  -3.27555E+00
    2    4    0    9
    1  0.000000E+00
    1  T  2  3 2  -3.64956E+01
    2  T  2  4 2  -1.97405E+01
    3  T  2  5 2  -1.21166E+01
    4  T  4  4 3  -1.19587E+01
    5  T  5  4 3  -9.13114E+00
    6  T  2  6 2  -8.00438E+00
    7  T  2  7 2  -5.54022E+00
    8  T  4  5 3  -4.65352E+00
    9  T  2  8 2  -3.94762E+00
    2    0    1    8
    1  0.000000E+00
    1  T  1  3 1  -4.00416E+01
    2  T  1  4 1  -2.18283E+01
    3  T  1  5 1  -1.37258E+01
    4  T  1  6 1  -9.43203E+00
    5  T  1  7 1  -6.88061E+00
    6  T  1  8 1  -5.24079E+00
    7  T  1  9 1  -4.12452E+00
    8  T  1 10 1  -3.33041E+00
    2    1    1   36
    1  0.000000E+00
    1  C  1  0 0  -9.96024E+01
    2  T  1  3 1  -4.00767E+01
    3  T  2  3 1  -3.83602E+01
    4  T  3  3 1  -3.75923E+01
    5  T  4  3 0  -3.35880E+01
    6  T  5  3 0  -3.11592E+01
    7  T  4  3 2  -2.84425E+01
    8  T  5  3 2  -2.64883E+01
    9  T  1  4 1  -2.16817E+01
   10  T  6  3 1  -2.08947E+01
   11  T  2  4 1  -2.05809E+01
   12  T  3  4 1  -1.92696E+01
   13  T  2  4 3  -1.91335E+01
   14  T  4  4 0  -1.42868E+01
   15  T  1  5 1  -1.36439E+01
   16  T  2  5 1  -1.25309E+01
   17  T  4  4 2  -1.22209E+01
   18  T  2  5 3  -1.18194E+01
   19  T  5  4 0  -1.15440E+01
   20  T  3  5 1  -1.11309E+01
   21  T  5  4 2  -9.71156E+00
   22  T  1  6 1  -9.37572E+00
   23  T  2  6 1  -8.23424E+00
   24  T  2  6 3  -7.83470E+00
   25  T  1  7 1  -6.85602E+00
   26  T  3  6 1  -6.81391E+00
   27  T  4  5 0  -5.79221E+00
   28  T  2  7 1  -5.67001E+00
   29  T  2  7 3  -5.43603E+00
   30  T  1  8 1  -5.21692E+00
   31  T  4  5 2  -4.77546E+00
   32  T  3  7 1  -4.26700E+00
   33  T  1  9 1  -4.11586E+00
   34  T  2  8 1  -4.03618E+00
   35  T  2  8 3  -3.87860E+00
   36  T  1 10 1  -3.32045E+00
    2    2    1   31
    1  0.000000E+00
    1  T  1  3 1  -4.01755E+01
    2  T  2  3 1  -3.89249E+01
    3  T  4  3 2  -2.89606E+01
    4  T  5  3 2  -2.63553E+01
    5  T  1  4 1  -2.18652E+01
    6  T  2  4 1  -2.06553E+01
    7  T  1  4 3  -2.02396E+01
    8  T  2  4 3  -1.90945E+01
    9  T  1  5 1  -1.37493E+01
   10  T  1  5 3  -1.29704E+01
   11  T  2  5 1  -1.25402E+01
   12  T  4  4 2  -1.24351E+01
   13  T  2  5 3  -1.18010E+01
   14  T  5  4 2  -9.66996E+00
   15  T  1  6 1  -9.43989E+00
   16  T  1  6 3  -9.00674E+00
   17  T  2  6 1  -8.23845E+00
   18  T  2  6 3  -7.82460E+00
   19  T  1  7 1  -6.88614E+00
   20  T  1  7 3  -6.61686E+00
   21  T  2  7 1  -5.68527E+00
   22  T  2  7 3  -5.42928E+00
   23  T  1  8 1  -5.24597E+00
   24  T  1  8 3  -5.06586E+00
   25  T  4  5 2  -4.88458E+00
   26  T  1  9 1  -4.12642E+00
   27  T  2  8 1  -4.04404E+00
   28  T  1  9 3  -4.00230E+00
   29  T  2  8 3  -3.87416E+00
   30  T  1 10 1  -3.33200E+00
   31  T  1 10 3  -3.24172E+00
    2    3    1   27
    1  0.000000E+00
    1  T  2  3 1  -3.92137E+01
    2  T  4  3 2  -2.90928E+01
    3  T  5  3 2  -2.66241E+01
    4  T  2  4 1  -2.07451E+01
    5  T  1  4 3  -2.03102E+01
    6  T  2  4 3  -1.90621E+01
    7  T  3  4 3  -1.76833E+01
    8  T  1  5 3  -1.29997E+01
    9  T  2  5 1  -1.25860E+01
   10  T  4  4 2  -1.24772E+01
   11  T  2  5 3  -1.17846E+01
   12  T  3  5 3  -1.03838E+01
   13  T  5  4 2  -9.75845E+00
   14  T  1  6 3  -9.02238E+00
   15  T  2  6 1  -8.25858E+00
   16  T  2  6 3  -7.81604E+00
   17  T  1  7 3  -6.62662E+00
   18  T  3  6 3  -6.40567E+00
   19  T  2  7 1  -5.69905E+00
   20  T  2  7 3  -5.42323E+00
   21  T  1  8 3  -5.07255E+00
   22  T  4  5 2  -4.90298E+00
   23  T  4  5 4  -4.60672E+00
   24  T  2  8 1  -4.05384E+00
   25  T  3  7 3  -4.00817E+00
   26  T  1  9 3  -4.00595E+00
   27  T  1 10 3  -3.24498E+00
    2    4    1   12
    1  0.000000E+00
    1  T  1  4 3  -2.02791E+01
    2  T  2  4 3  -1.90609E+01
    3  T  1  5 3  -1.29890E+01
    4  T  2  5 3  -1.17844E+01
    5  T  1  6 3  -9.01831E+00
    6  T  2  6 3  -7.81667E+00
    7  T  1  7 3  -6.62405E+00
    8  T  2  7 3  -5.42339E+00
    9  T  1  8 3  -5.07062E+00
   10  T  1  9 3  -4.00564E+00
   11  T  2  8 3  -3.87031E+00
   12  T  1 10 3  -3.24419E+00
    2    5    1    5
    1  0.000000E+00
    1  T  2  4 3  -1.91420E+01
    2  T  2  5 3  -1.18205E+01
    3  T  2  6 3  -7.83701E+00
    4  T  2  7 3  -5.43616E+00
    5  T  2  8 3  -3.87888E+00
    4    0    0    8
    4  8.357903E+00
    1  T  4  3 1  -3.23174E+01
    2  T  4  4 1  -1.36809E+01
    3  T  4  5 1  -5.46420E+00
    4  T  4  6 1  -1.12667E+00
    5  T  4  7 1   1.44529E+00
    6  T  4  8 1   3.09613E+00
    7  T  4  9 1   4.21887E+00
    8  T  4 10 1   5.01703E+00
    4    1    0   19
    1  0.000000E+00
    1  T  1  3 0  -4.27029E+01
    2  T  1  3 2  -3.73160E+01
    3  T  4  3 1  -3.17113E+01
    4  T  1  4 0  -2.28661E+01
    5  T  1  4 2  -2.08191E+01
    6  T  1  5 0  -1.42705E+01
    7  T  4  4 1  -1.34716E+01
    8  T  1  5 2  -1.32492E+01
    9  T  1  6 0  -9.72272E+00
   10  T  1  6 2  -9.17488E+00
   11  T  1  7 0  -7.06338E+00
   12  T  1  7 2  -6.72221E+00
   13  T  4  5 1  -5.41338E+00
   14  T  1  8 0  -5.32255E+00
   15  T  1  8 2  -5.13505E+00
   16  T  1  9 0  -4.20732E+00
   17  T  1  9 2  -4.05112E+00
   18  T  1 10 0  -3.39087E+00
   19  T  1 10 2  -3.27717E+00
    4    2    0   13
    1  0.000000E+00
    1  T  1  3 2  -3.78368E+01
    2  T  4  3 1  -3.19536E+01
    3  T  1  4 2  -2.09903E+01
    4  T  4  4 1  -1.35817E+01
    5  T  1  5 2  -1.33227E+01
    6  T  4  4 3  -1.20014E+01
    7  T  1  6 2  -9.21802E+00
    8  T  1  7 2  -6.74864E+00
    9  T  4  5 1  -5.41148E+00
   10  T  1  8 2  -5.15211E+00
   11  T  4  5 3  -4.67478E+00
   12  T  1  9 2  -4.06309E+00
   13  T  1 10 2  -3.28583E+00
    4    3    0   10
    1  0.000000E+00
    1  T  1  3 2  -3.74843E+01
    2  T  1  4 2  -2.08786E+01
    3  T  1  5 2  -1.32885E+01
    4  T  4  4 3  -1.19129E+01
    5  T  1  6 2  -9.19040E+00
    6  T  1  7 2  -6.73152E+00
    7  T  1  8 2  -5.14193E+00
    8  T  4  5 3  -4.63652E+00
    9  T  1  9 2  -4.05550E+00
   10  T  1 10 2  -3.28031E+00
    4    4    0    2
    1  0.000000E+00
    1  T  4  4 3  -1.19807E+01
    2  T  4  5 3  -4.66795E+00
    4    0    1    8
    1  0.000000E+00
    1  T  1  3 1  -4.00325E+01
    2  T  1  4 1  -2.18250E+01
    3  T  1  5 1  -1.37242E+01
    4  T  1  6 1  -9.43115E+00
    5  T  1  7 1  -6.88006E+00
    6  T  1  8 1  -5.24043E+00
    7  T  1  9 1  -4.12427E+00
    8  T  1 10 1  -3.33024E+00
    4    1    1   14
    1  0.000000E+00
    1  T  1  3 1  -4.06880E+01
    2  T  4  3 0  -3.41609E+01
    3  T  4  3 2  -2.97612E+01
    4  T  1  4 1  -2.20262E+01
    5  T  4  4 0  -1.45018E+01
    6  T  1  5 1  -1.37929E+01
    7  T  4  4 2  -1.27043E+01
    8  T  1  6 1  -9.48103E+00
    9  T  1  7 1  -6.91365E+00
   10  T  4  5 0  -5.86610E+00
   11  T  1  8 1  -5.25954E+00
   12  T  4  5 2  -5.01029E+00
   13  T  1  9 1  -4.13766E+00
   14  T  1 10 1  -3.34031E+00
    4    2    1   18
    1  0.000000E+00
    1  T  1  3 1  -4.03940E+01
    2  T  4  3 2  -2.92618E+01
    3  T  1  4 1  -2.19414E+01
    4  T  1  4 3  -2.02524E+01
    5  T  1  5 1  -1.37869E+01
    6  T  1  5 3  -1.29842E+01
    7  T  4  4 2  -1.25355E+01
    8  T  1  6 1  -9.46010E+00
    9  T  1  6 3  -9.01351E+00
   10  T  1  7 1  -6.89871E+00
   11  T  1  7 3  -6.62150E+00
   12  T  1  8 1  -5.25485E+00
   13  T  1  8 3  -5.07117E+00
   14  T  4  5 2  -4.93251E+00
   15  T  1  9 1  -4.13204E+00
   16  T  1  9 3  -4.00427E+00
   17  T  1 10 1  -3.33612E+00
   18  T  1 10 3  -3.24328E+00
    4    3    1   10
    1  0.000000E+00
    1  T  4  3 2  -2.96042E+01
    2  T  1  4 3  -2.03383E+01
    3  T  1  5 3  -1.30273E+01
    4  T  4  4 2  -1.26463E+01
    5  T  1  6 3  -9.03609E+00
    6  T  1  7 3  -6.63595E+00
    7  T  1  8 3  -5.08368E+00
    8  T  4  5 2  -4.98139E+00
    9  T  1  9 3  -4.01091E+00
   10  T  1 10 3  -3.24820E+00
    4    4    1    7
    1  0.000000E+00
    1  T  1  4 3  -2.02888E+01
    2  T  1  5 3  -1.29956E+01
    3  T  1  6 3  -9.02257E+00
    4  T  1  7 3  -6.62689E+00
    5  T  1  8 3  -5.07262E+00
    6  T  1  9 3  -4.00704E+00
    7  T  1 10 3  -3.24523E+00
    0    0    0    0
