   26    6    E
    1    0    1   13
    5  7.128764E+00
    1  T  5  3 1  -4.53358E+01
    2  T  7  3 2  -3.96053E+01
    3  T  5  4 1  -2.17811E+01
    4  T  7  4 2  -1.74332E+01
    5  T  5  5 1  -1.11533E+01
    6  T  7  5 2  -7.26868E+00
    7  T  5  6 1  -5.47726E+00
    8  T  5  7 1  -2.09799E+00
    9  T  7  6 2  -1.76258E+00
   10  T  5  8 1   9.10858E-02
   11  T  7  7 2   1.52849E+00
   12  T  5  9 1   1.58999E+00
   13  T  5 10 1   2.64410E+00
    1    1    1   41
    1  0.000000E+00
    1  C  2  0 0  -1.14110E+02
    2  T  1  3 0  -5.35904E+01
    3  T  1  3 2  -4.93397E+01
    4  T  3  3 1  -4.64017E+01
    5  T  4  3 1  -4.49733E+01
    6  T  5  3 1  -4.37704E+01
    7  T  7  3 2  -4.09840E+01
    8  T  8  3 0  -3.91498E+01
    9  T  8  3 2  -3.67015E+01
   10  T  1  4 0  -2.94049E+01
   11  T  1  4 2  -2.77378E+01
   12  T  3  4 1  -2.32903E+01
   13  T  3  4 3  -2.21885E+01
   14  T  4  4 1  -2.18819E+01
   15  T  5  4 1  -2.13027E+01
   16  T  1  5 0  -1.85290E+01
   17  T  1  5 2  -1.77368E+01
   18  T  7  4 2  -1.73282E+01
   19  T  8  4 0  -1.71945E+01
   20  T  8  4 2  -1.55468E+01
   21  T  3  5 1  -1.28694E+01
   22  T  1  6 0  -1.27470E+01
   23  T  3  5 3  -1.23507E+01
   24  T  1  6 2  -1.22891E+01
   25  T  4  5 1  -1.13926E+01
   26  T  5  5 1  -1.09425E+01
   27  T  1  7 0  -9.31281E+00
   28  T  1  7 2  -9.03754E+00
   29  T  3  6 1  -7.27804E+00
   30  T  7  5 2  -7.18208E+00
   31  T  1  8 0  -7.09946E+00
   32  T  3  6 3  -6.96675E+00
   33  T  1  8 2  -6.91352E+00
   34  T  8  5 0  -6.48367E+00
   35  T  4  6 1  -5.78066E+00
   36  T  8  5 2  -5.64659E+00
   37  T  1  9 0  -5.59748E+00
   38  T  1  9 2  -5.46307E+00
   39  T  5  6 1  -5.34797E+00
   40  T  1 10 0  -4.51565E+00
   41  T  1 10 2  -4.42338E+00
    1    2    1   33
    1  0.000000E+00
    1  C  2  0 0  -1.15103E+02
    2  T  1  3 2  -5.04753E+01
    3  T  3  3 1  -4.67703E+01
    4  T  5  3 1  -4.42005E+01
    5  T  7  3 0  -4.22842E+01
    6  T  7  3 2  -3.88137E+01
    7  T  8  3 2  -3.76349E+01
    8  T  1  4 2  -2.81382E+01
    9  T  3  4 1  -2.34221E+01
   10  T  3  4 3  -2.22673E+01
   11  T  5  4 1  -2.14320E+01
   12  T  5  4 3  -2.05172E+01
   13  T  7  4 0  -1.86133E+01
   14  T  1  5 2  -1.79220E+01
   15  T  7  4 2  -1.70533E+01
   16  T  8  4 2  -1.59554E+01
   17  T  3  5 1  -1.29031E+01
   18  T  1  6 2  -1.24229E+01
   19  T  3  5 3  -1.23548E+01
   20  T  5  5 1  -1.10031E+01
   21  T  5  5 3  -1.05575E+01
   22  T  1  7 2  -9.10082E+00
   23  T  7  5 0  -7.88045E+00
   24  T  3  6 1  -7.26665E+00
   25  T  7  5 2  -7.07851E+00
   26  T  7  5 4  -7.00841E+00
   27  T  3  6 3  -6.98081E+00
   28  T  1  8 2  -6.95187E+00
   29  T  8  5 2  -5.85834E+00
   30  T  1  9 2  -5.49301E+00
   31  T  5  6 1  -5.38901E+00
   32  T  5  6 3  -5.14987E+00
   33  T  1 10 2  -4.44428E+00
    1    3    1   35
    1  0.000000E+00
    1  T  1  3 2  -4.93214E+01
    2  T  3  3 1  -4.65166E+01
    3  T  7  3 2  -3.83794E+01
    4  T  8  3 2  -3.74183E+01
    5  T  1  4 2  -2.77408E+01
    6  T  3  4 1  -2.34074E+01
    7  T  3  4 3  -2.23515E+01
    8  T  4  4 3  -2.08067E+01
    9  T  5  4 3  -2.03959E+01
   10  T  1  5 2  -1.77396E+01
   11  T  1  5 4  -1.76152E+01
   12  T  7  4 2  -1.69787E+01
   13  T  8  4 2  -1.57939E+01
   14  T  3  5 1  -1.29160E+01
   15  T  3  5 3  -1.24046E+01
   16  T  1  6 2  -1.23078E+01
   17  T  1  6 4  -1.22436E+01
   18  T  4  5 3  -1.08800E+01
   19  T  5  5 3  -1.04958E+01
   20  T  1  7 2  -9.03918E+00
   21  T  1  7 4  -8.99439E+00
   22  T  3  6 1  -7.30191E+00
   23  T  7  5 2  -7.06096E+00
   24  T  7  5 4  -7.03236E+00
   25  T  3  6 3  -6.97949E+00
   26  T  3  6 5  -6.96335E+00
   27  T  1  8 2  -6.91648E+00
   28  T  1  8 4  -6.88733E+00
   29  T  8  5 2  -5.76791E+00
   30  T  8  5 4  -5.63701E+00
   31  T  4  6 3  -5.48923E+00
   32  T  1  9 2  -5.46309E+00
   33  T  1  9 4  -5.43886E+00
   34  T  5  6 3  -5.11337E+00
   35  T  1 10 2  -4.42406E+00
    1    4    1   19
    1  0.000000E+00
    1  T  7  3 2  -3.94379E+01
    2  T  3  4 3  -2.23792E+01
    3  T  5  4 3  -2.05053E+01
    4  T  1  5 4  -1.76448E+01
    5  T  7  4 2  -1.73630E+01
    6  T  3  5 3  -1.24195E+01
    7  T  1  6 4  -1.22569E+01
    8  T  5  5 3  -1.05461E+01
    9  T  1  7 4  -9.00416E+00
   10  T  7  5 2  -7.23340E+00
   11  T  7  5 4  -7.04804E+00
   12  T  3  6 3  -7.00726E+00
   13  T  3  6 5  -6.95341E+00
   14  T  1  8 4  -6.89339E+00
   15  T  8  5 4  -5.64783E+00
   16  T  1  9 4  -5.44911E+00
   17  T  5  6 3  -5.14151E+00
   18  T  5  6 5  -5.11716E+00
   19  T  1 10 4  -4.41149E+00
    1    5    1   16
    1  0.000000E+00
    1  T  3  4 3  -2.22975E+01
    2  T  1  5 4  -1.76333E+01
    3  T  3  5 3  -1.23894E+01
    4  T  1  6 4  -1.22414E+01
    5  T  1  7 4  -8.99852E+00
    6  T  1  7 6  -8.99852E+00
    7  T  7  5 4  -7.05727E+00
    8  T  3  6 3  -6.99564E+00
    9  T  3  6 5  -6.95028E+00
   10  T  1  8 6  -6.89053E+00
   11  T  1  8 4  -6.88718E+00
   12  T  8  5 4  -5.65954E+00
   13  T  4  6 5  -5.47365E+00
   14  T  1  9 4  -5.44437E+00
   15  T  1  9 6  -5.44160E+00
   16  T  5  6 5  -5.10963E+00
    1    6    1    7
    1  0.000000E+00
    1  T  1  7 6  -9.00058E+00
    2  T  7  5 4  -7.05445E+00
    3  T  3  6 5  -6.95732E+00
    4  T  1  8 6  -6.89087E+00
    5  T  1  9 6  -5.44559E+00
    6  T  5  6 5  -5.12111E+00
    7  T  1 10 6  -4.41030E+00
    3    0    1   22
    2  2.885462E+00
    1  C  2  0 0  -1.15096E+02
    2  T  2  3 1  -4.94961E+01
    3  T  5  3 1  -4.47354E+01
    4  T  6  3 0  -4.32330E+01
    5  T  7  3 2  -3.85831E+01
    6  T  2  4 1  -2.59638E+01
    7  T  5  4 1  -2.14973E+01
    8  T  6  4 0  -1.99422E+01
    9  T  7  4 2  -1.70869E+01
   10  T  2  5 1  -1.53569E+01
   11  T  5  5 1  -1.10209E+01
   12  T  2  6 1  -9.73645E+00
   13  T  6  5 0  -9.19347E+00
   14  T  7  5 2  -7.10831E+00
   15  T  2  7 1  -6.32477E+00
   16  T  5  6 1  -5.40325E+00
   17  T  2  8 1  -4.14998E+00
   18  T  6  6 0  -3.47814E+00
   19  T  2  9 1  -2.65429E+00
   20  T  5  7 1  -2.05202E+00
   21  T  7  6 2  -1.67538E+00
   22  T  2 10 1  -1.59503E+00
    3    1    1   46
    1  0.000000E+00
    1  C  2  0 0  -1.16911E+02
    2  T  1  3 0  -5.38903E+01
    3  T  1  3 2  -4.99609E+01
    4  T  2  3 1  -4.83724E+01
    5  T  3  3 1  -4.61458E+01
    6  T  4  3 1  -4.50804E+01
    7  T  5  3 1  -4.47449E+01
    8  T  8  3 0  -4.13600E+01
    9  T  7  3 2  -3.88497E+01
   10  T  8  3 2  -3.80011E+01
   11  T  1  4 0  -2.95012E+01
   12  T  1  4 2  -2.79646E+01
   13  T  2  4 1  -2.55543E+01
   14  T  3  4 1  -2.33165E+01
   15  T  3  4 3  -2.22238E+01
   16  T  4  4 1  -2.19300E+01
   17  T  5  4 1  -2.15918E+01
   18  T  1  5 0  -1.85720E+01
   19  T  1  5 2  -1.78458E+01
   20  T  8  4 0  -1.73815E+01
   21  T  7  4 2  -1.71527E+01
   22  T  8  4 2  -1.59852E+01
   23  T  2  5 1  -1.51843E+01
   24  T  3  5 1  -1.29286E+01
   25  T  1  6 0  -1.27427E+01
   26  T  1  6 2  -1.23720E+01
   27  T  3  5 3  -1.23514E+01
   28  T  4  5 1  -1.14234E+01
   29  T  5  5 1  -1.10636E+01
   30  T  2  6 1  -9.60580E+00
   31  T  1  7 0  -9.32686E+00
   32  T  1  7 2  -9.07518E+00
   33  T  3  6 1  -7.28860E+00
   34  T  7  5 2  -7.14769E+00
   35  T  1  8 0  -7.10235E+00
   36  T  3  6 3  -6.97714E+00
   37  T  1  8 2  -6.94136E+00
   38  T  8  5 0  -6.53359E+00
   39  T  2  7 1  -6.26082E+00
   40  T  8  5 2  -5.88214E+00
   41  T  4  6 1  -5.76969E+00
   42  T  1  9 0  -5.60307E+00
   43  T  1  9 2  -5.48061E+00
   44  T  5  6 1  -5.41260E+00
   45  T  1 10 0  -4.52106E+00
   46  T  1 10 2  -4.43591E+00
    3    2    1   45
    1  0.000000E+00
    1  C  2  0 0  -1.17902E+02
    2  T  1  3 2  -5.00410E+01
    3  T  2  3 1  -4.86777E+01
    4  T  3  3 1  -4.64581E+01
    5  T  5  3 1  -4.49855E+01
    6  T  7  3 0  -4.26727E+01
    7  T  6  3 2  -4.03763E+01
    8  T  7  3 2  -3.90197E+01
    9  T  8  3 2  -3.77174E+01
   10  T  1  4 2  -2.79941E+01
   11  T  2  4 1  -2.56717E+01
   12  T  2  4 3  -2.47297E+01
   13  T  3  4 1  -2.34362E+01
   14  T  3  4 3  -2.23037E+01
   15  T  5  4 1  -2.16532E+01
   16  T  5  4 3  -2.05106E+01
   17  T  7  4 0  -1.87236E+01
   18  T  6  4 2  -1.85139E+01
   19  T  1  5 2  -1.78552E+01
   20  T  7  4 2  -1.72907E+01
   21  T  8  4 2  -1.59036E+01
   22  T  2  5 1  -1.52356E+01
   23  T  2  5 3  -1.47807E+01
   24  T  3  5 1  -1.29332E+01
   25  T  3  5 3  -1.23903E+01
   26  T  1  6 2  -1.23747E+01
   27  T  5  5 1  -1.10933E+01
   28  T  5  5 3  -1.05535E+01
   29  T  2  6 1  -9.63783E+00
   30  T  2  6 3  -9.38377E+00
   31  T  1  7 2  -9.07850E+00
   32  T  6  5 2  -8.50138E+00
   33  T  7  5 0  -7.89781E+00
   34  T  3  6 1  -7.31752E+00
   35  T  7  5 2  -7.18860E+00
   36  T  7  5 4  -7.00804E+00
   37  T  3  6 3  -6.99755E+00
   38  T  1  8 2  -6.94365E+00
   39  T  2  7 1  -6.28053E+00
   40  T  2  7 3  -6.12619E+00
   41  T  8  5 2  -5.82829E+00
   42  T  1  9 2  -5.48473E+00
   43  T  5  6 1  -5.43317E+00
   44  T  5  6 3  -5.14701E+00
   45  T  1 10 2  -4.43707E+00
    3    3    1   39
    1  0.000000E+00
    1  T  1  3 2  -5.04581E+01
    2  T  3  3 1  -4.67367E+01
    3  T  7  3 2  -3.96664E+01
    4  T  8  3 2  -3.81531E+01
    5  T  1  4 2  -2.81314E+01
    6  T  2  4 3  -2.46126E+01
    7  T  3  4 1  -2.34840E+01
    8  T  3  4 3  -2.23904E+01
    9  T  4  4 3  -2.08400E+01
   10  T  5  4 3  -2.04246E+01
   11  T  1  5 2  -1.79219E+01
   12  T  1  5 4  -1.76158E+01
   13  T  7  4 2  -1.74323E+01
   14  T  8  4 2  -1.60406E+01
   15  T  2  5 3  -1.47265E+01
   16  T  3  5 1  -1.29530E+01
   17  T  3  5 3  -1.24276E+01
   18  T  1  6 2  -1.24094E+01
   19  T  1  6 4  -1.22441E+01
   20  T  4  5 3  -1.09018E+01
   21  T  5  5 3  -1.05156E+01
   22  T  2  6 3  -9.35036E+00
   23  T  1  7 2  -9.10040E+00
   24  T  1  7 4  -8.99485E+00
   25  T  3  6 1  -7.33771E+00
   26  T  7  5 2  -7.23317E+00
   27  T  7  5 4  -7.03297E+00
   28  T  3  6 3  -7.01820E+00
   29  T  3  6 5  -6.96391E+00
   30  T  1  8 2  -6.95744E+00
   31  T  1  8 4  -6.88764E+00
   32  T  2  7 3  -6.10646E+00
   33  T  8  5 2  -5.88021E+00
   34  T  8  5 4  -5.63818E+00
   35  T  4  6 3  -5.50529E+00
   36  T  1  9 2  -5.49145E+00
   37  T  1  9 4  -5.43987E+00
   38  T  5  6 3  -5.12585E+00
   39  T  1 10 2  -4.44434E+00
    3    4    1   26
    1  0.000000E+00
    1  T  7  3 2  -3.95296E+01
    2  T  2  4 3  -2.47138E+01
    3  T  3  4 3  -2.24155E+01
    4  T  5  4 3  -2.05211E+01
    5  T  1  5 4  -1.76449E+01
    6  T  7  4 2  -1.73950E+01
    7  T  2  5 3  -1.47742E+01
    8  T  3  5 3  -1.24431E+01
    9  T  1  6 4  -1.22565E+01
   10  T  5  5 3  -1.05576E+01
   11  T  2  6 3  -9.37738E+00
   12  T  2  6 5  -9.37074E+00
   13  T  1  7 4  -9.00413E+00
   14  T  6  5 4  -8.40687E+00
   15  T  7  5 2  -7.24271E+00
   16  T  7  5 4  -7.04897E+00
   17  T  3  6 3  -7.02709E+00
   18  T  3  6 5  -6.95405E+00
   19  T  1  8 4  -6.89313E+00
   20  T  2  7 3  -6.12246E+00
   21  T  2  7 5  -6.11520E+00
   22  T  8  5 4  -5.64773E+00
   23  T  1  9 4  -5.44891E+00
   24  T  5  6 3  -5.14899E+00
   25  T  5  6 5  -5.11715E+00
   26  T  1 10 4  -4.41150E+00
    3    5    1   18
    1  0.000000E+00
    1  T  3  4 3  -2.23274E+01
    2  T  1  5 4  -1.76340E+01
    3  T  3  5 3  -1.24098E+01
    4  T  1  6 4  -1.22413E+01
    5  T  2  6 5  -9.36078E+00
    6  T  1  7 4  -9.00028E+00
    7  T  7  5 4  -7.05799E+00
    8  T  3  6 3  -7.00825E+00
    9  T  3  6 5  -6.95096E+00
   10  T  1  7 6  -6.89052E+00
   11  T  1  8 4  -6.88716E+00
   12  T  2  7 5  -6.11161E+00
   13  T  8  5 4  -5.66028E+00
   14  T  4  6 5  -5.47374E+00
   15  T  1  9 4  -5.44466E+00
   16  T  1  8 6  -5.44170E+00
   17  T  5  6 5  -5.10964E+00
   18  T  1 10 4  -4.41007E+00
    3    6    1    9
    1  0.000000E+00
    1  T  2  6 5  -9.36596E+00
    2  T  1  7 6  -9.00058E+00
    3  T  7  5 4  -7.05441E+00
    4  T  3  6 5  -6.95746E+00
    5  T  1  8 6  -6.89087E+00
    6  T  2  7 5  -6.11563E+00
    7  T  1  9 6  -5.44559E+00
    8  T  5  6 5  -5.12112E+00
    9  T  1 10 6  -4.41030E+00
    5    0    1   13
    2  2.885462E+00
    1  C  2  0 0  -1.20697E+02
    2  T  2  3 1  -4.85421E+01
    3  T  6  3 0  -4.42950E+01
    4  T  2  4 1  -2.57034E+01
    5  T  6  4 0  -2.01651E+01
    6  T  2  5 1  -1.52578E+01
    7  T  2  6 1  -9.65480E+00
    8  T  6  5 0  -9.30832E+00
    9  T  2  7 1  -6.29061E+00
   10  T  2  8 1  -4.12334E+00
   11  T  6  6 0  -3.52881E+00
   12  T  2  9 1  -2.64070E+00
   13  T  2 10 1  -1.58423E+00
    5    1    1    8
    2  2.885462E+00
    1  T  2  3 1  -4.91239E+01
    2  T  2  4 1  -2.58627E+01
    3  T  2  5 1  -1.53333E+01
    4  T  2  6 1  -9.68715E+00
    5  T  2  7 1  -6.31410E+00
    6  T  2  8 1  -4.13763E+00
    7  T  2  9 1  -2.65152E+00
    8  T  2 10 1  -1.59176E+00
    5    2    1   19
    2  2.885462E+00
    1  T  2  3 1  -4.92992E+01
    2  T  6  3 2  -4.10401E+01
    3  T  2  4 1  -2.59254E+01
    4  T  2  4 3  -2.47608E+01
    5  T  6  4 2  -1.88375E+01
    6  T  2  5 1  -1.53575E+01
    7  T  2  5 3  -1.48020E+01
    8  T  2  6 1  -9.70376E+00
    9  T  2  6 3  -9.39401E+00
   10  T  6  5 2  -8.66028E+00
   11  T  2  7 1  -6.32273E+00
   12  T  2  7 3  -6.13361E+00
   13  T  2  8 1  -4.14396E+00
   14  T  2  8 3  -4.01817E+00
   15  T  6  6 2  -3.16371E+00
   16  T  2  9 1  -2.65499E+00
   17  T  2  9 3  -2.56816E+00
   18  T  2 10 1  -1.59466E+00
   19  T  2 10 3  -1.53126E+00
    5    3    1    7
    2  2.885462E+00
    1  T  2  4 3  -2.46729E+01
    2  T  2  5 3  -1.47671E+01
    3  T  2  6 3  -9.37526E+00
    4  T  2  7 3  -6.12253E+00
    5  T  2  8 3  -4.01099E+00
    6  T  2  9 3  -2.56326E+00
    7  T  2 10 3  -1.52773E+00
    5    4    1   12
    2  2.885462E+00
    1  T  2  4 3  -2.47636E+01
    2  T  2  5 3  -1.48074E+01
    3  T  2  6 3  -9.39781E+00
    4  T  2  6 5  -9.37085E+00
    5  T  6  5 4  -8.40803E+00
    6  T  2  7 3  -6.13629E+00
    7  T  2  7 5  -6.11522E+00
    8  T  2  8 3  -4.02006E+00
    9  T  2  8 5  -4.00653E+00
   10  T  6  6 4  -3.02082E+00
   11  T  2  9 3  -2.56953E+00
   12  T  2  9 5  -2.55860E+00
    1    0    0   21
    1  0.000000E+00
    1  C  1  0 0  -1.21384E+02
    2  C  3  0 0  -1.07765E+02
    3  T  1  3 1  -5.07367E+01
    4  T  4  3 0  -4.64169E+01
    5  T  3  3 2  -4.37086E+01
    6  T  8  3 1  -3.81068E+01
    7  T  1  4 1  -2.83100E+01
    8  T  4  4 0  -2.25498E+01
    9  T  3  4 2  -2.23196E+01
   10  T  1  5 1  -1.80179E+01
   11  T  8  4 1  -1.61250E+01
   12  T  1  6 1  -1.25009E+01
   13  T  3  5 2  -1.24024E+01
   14  T  4  5 0  -1.16980E+01
   15  T  1  7 1  -9.13255E+00
   16  T  3  6 2  -7.03769E+00
   17  T  1  8 1  -6.97013E+00
   18  T  4  6 0  -6.05505E+00
   19  T  8  5 1  -5.83396E+00
   20  T  1  9 1  -5.50620E+00
   21  T  1 10 1  -4.45532E+00
    1    1    0   28
    1  0.000000E+00
    1  T  1  3 1  -5.24649E+01
    2  T  3  3 2  -4.63303E+01
    3  T  5  3 0  -4.41156E+01
    4  T  5  3 2  -4.29447E+01
    5  T  7  3 1  -4.13284E+01
    6  T  8  3 1  -3.96546E+01
    7  T  1  4 1  -2.88903E+01
    8  T  3  4 2  -2.24758E+01
    9  T  5  4 0  -2.22311E+01
   10  T  5  4 2  -2.09160E+01
   11  T  1  5 1  -1.82662E+01
   12  T  7  4 1  -1.80845E+01
   13  T  7  4 3  -1.69612E+01
   14  T  8  4 1  -1.66689E+01
   15  T  1  6 1  -1.26230E+01
   16  T  3  5 2  -1.24552E+01
   17  T  5  5 0  -1.13883E+01
   18  T  5  5 2  -1.07521E+01
   19  T  1  7 1  -9.21678E+00
   20  T  7  5 1  -7.57725E+00
   21  T  3  6 2  -7.05929E+00
   22  T  7  5 3  -7.03478E+00
   23  T  1  8 1  -7.01941E+00
   24  T  8  5 1  -6.20460E+00
   25  T  5  6 0  -5.62172E+00
   26  T  1  9 1  -5.52911E+00
   27  T  5  6 2  -5.25872E+00
   28  T  1 10 1  -4.48297E+00
    1    2    0   44
    1  0.000000E+00
    1  C  1  0 0  -1.22443E+02
    2  C  3  0 0  -1.09680E+02
    3  T  1  3 1  -5.13682E+01
    4  T  3  3 0  -4.78787E+01
    5  T  3  3 2  -4.42211E+01
    6  T  4  3 2  -4.29685E+01
    7  T  5  3 2  -4.19521E+01
    8  T  7  3 1  -3.99676E+01
    9  T  8  3 1  -3.91526E+01
   10  T  1  4 1  -2.85322E+01
   11  T  1  4 3  -2.75233E+01
   12  T  3  4 0  -2.39991E+01
   13  T  3  4 2  -2.25415E+01
   14  T  4  4 2  -2.10987E+01
   15  T  5  4 2  -2.05505E+01
   16  T  1  5 1  -1.81125E+01
   17  T  7  4 1  -1.76301E+01
   18  T  1  5 3  -1.76269E+01
   19  T  7  4 3  -1.69545E+01
   20  T  8  4 1  -1.65121E+01
   21  T  8  4 3  -1.55536E+01
   22  T  3  5 0  -1.32094E+01
   23  T  1  6 1  -1.25435E+01
   24  T  3  5 2  -1.24845E+01
   25  T  3  5 4  -1.23439E+01
   26  T  1  6 3  -1.22455E+01
   27  T  4  5 2  -1.10243E+01
   28  T  5  5 2  -1.05834E+01
   29  T  1  7 1  -9.16522E+00
   30  T  1  7 3  -8.99766E+00
   31  T  3  6 0  -7.52556E+00
   32  T  7  5 1  -7.30965E+00
   33  T  3  6 2  -7.06571E+00
   34  T  7  5 3  -7.03287E+00
   35  T  1  8 1  -6.99927E+00
   36  T  3  6 4  -6.96616E+00
   37  T  1  8 3  -6.88930E+00
   38  T  8  5 1  -6.11744E+00
   39  T  8  5 3  -5.63853E+00
   40  T  4  6 2  -5.56918E+00
   41  T  1  9 1  -5.52134E+00
   42  T  1  9 3  -5.44430E+00
   43  T  5  6 2  -5.16409E+00
   44  T  1 10 1  -4.46604E+00
    1    3    0   26
    1  0.000000E+00
    1  T  3  3 2  -4.47292E+01
    2  T  5  3 2  -4.24124E+01
    3  T  7  3 1  -4.10434E+01
    4  T  1  4 3  -2.76635E+01
    5  T  3  4 2  -2.26604E+01
    6  T  5  4 2  -2.07226E+01
    7  T  7  4 1  -1.80231E+01
    8  T  1  5 3  -1.76950E+01
    9  T  7  4 3  -1.69362E+01
   10  T  8  4 3  -1.56084E+01
   11  T  3  5 2  -1.25535E+01
   12  T  3  5 4  -1.23671E+01
   13  T  1  6 3  -1.22854E+01
   14  T  5  5 2  -1.06629E+01
   15  T  5  5 4  -1.05187E+01
   16  T  1  7 3  -9.02259E+00
   17  T  7  5 1  -7.55213E+00
   18  T  3  6 2  -7.08604E+00
   19  T  7  5 3  -7.03606E+00
   20  T  3  6 4  -6.96282E+00
   21  T  1  8 3  -6.90613E+00
   22  T  8  5 3  -5.67156E+00
   23  T  1  9 3  -5.45669E+00
   24  T  5  6 2  -5.21036E+00
   25  T  5  6 4  -5.12420E+00
   26  T  1 10 3  -4.41803E+00
    1    4    0   25
    1  0.000000E+00
    1  T  3  3 2  -4.44700E+01
    2  T  1  4 3  -2.75688E+01
    3  T  3  4 2  -2.26275E+01
    4  T  1  5 3  -1.76479E+01
    5  T  7  4 3  -1.69470E+01
    6  T  8  4 3  -1.55928E+01
    7  T  3  5 2  -1.25520E+01
    8  T  3  5 4  -1.23883E+01
    9  T  1  6 3  -1.22554E+01
   10  T  1  6 5  -1.22496E+01
   11  T  4  5 4  -1.08672E+01
   12  T  5  5 4  -1.04898E+01
   13  T  1  7 3  -9.00450E+00
   14  T  1  7 5  -8.99617E+00
   15  T  3  6 2  -7.08951E+00
   16  T  7  5 3  -7.04780E+00
   17  T  3  6 4  -6.96438E+00
   18  T  1  8 3  -6.89343E+00
   19  T  1  8 5  -6.88902E+00
   20  T  8  5 3  -5.66566E+00
   21  T  4  6 4  -5.48032E+00
   22  T  1  9 3  -5.44695E+00
   23  T  1  9 5  -5.43862E+00
   24  T  5  6 4  -5.10750E+00
   25  T  1 10 3  -4.41180E+00
    1    5    0   11
    1  0.000000E+00
    1  T  7  4 3  -1.69933E+01
    2  T  3  5 4  -1.23982E+01
    3  T  1  6 5  -1.22500E+01
    4  T  5  5 4  -1.05169E+01
    5  T  1  7 5  -9.00087E+00
    6  T  7  5 3  -7.06649E+00
    7  T  3  6 4  -6.97829E+00
    8  T  1  8 5  -6.89103E+00
    9  T  1  9 5  -5.44721E+00
   10  T  5  6 4  -5.12363E+00
   11  T  1 10 5  -4.41047E+00
    1    6    0    9
    1  0.000000E+00
    1  T  3  5 4  -1.23868E+01
    2  T  1  6 5  -1.22327E+01
    3  T  1  7 5  -8.99910E+00
    4  T  3  6 4  -6.98794E+00
    5  T  1  8 7  -6.89063E+00
    6  T  1  8 5  -6.88638E+00
    7  T  1  9 7  -5.44454E+00
    8  T  1  9 5  -5.44384E+00
    9  T  1 10 5  -4.41013E+00
    3    0    0   19
    1  0.000000E+00
    1  T  1  3 1  -5.20494E+01
    2  T  4  3 0  -4.69133E+01
    3  T  3  3 2  -4.42464E+01
    4  T  8  3 1  -3.99679E+01
    5  T  1  4 1  -2.87430E+01
    6  T  4  4 0  -2.27262E+01
    7  T  3  4 2  -2.25070E+01
    8  T  1  5 1  -1.82087E+01
    9  T  8  4 1  -1.67386E+01
   10  T  1  6 1  -1.26065E+01
   11  T  3  5 2  -1.24894E+01
   12  T  4  5 0  -1.17863E+01
   13  T  1  7 1  -9.19706E+00
   14  T  3  6 2  -7.08215E+00
   15  T  1  8 1  -7.01257E+00
   16  T  8  5 1  -6.23344E+00
   17  T  4  6 0  -5.98250E+00
   18  T  1  9 1  -5.53426E+00
   19  T  1 10 1  -4.47669E+00
    3    1    0   43
    1  0.000000E+00
    1  C  1  0 0  -1.23400E+02
    2  C  3  0 0  -1.10582E+02
    3  T  1  3 1  -5.19342E+01
    4  T  2  3 0  -4.99902E+01
    5  T  2  3 2  -4.70548E+01
    6  T  3  3 2  -4.65676E+01
    7  T  5  3 0  -4.43772E+01
    8  T  5  3 2  -4.26832E+01
    9  T  6  3 1  -4.22145E+01
   10  T  7  3 1  -4.03099E+01
   11  T  8  3 1  -3.94048E+01
   12  T  1  4 1  -2.86868E+01
   13  T  2  4 0  -2.63389E+01
   14  T  2  4 2  -2.50480E+01
   15  T  3  4 2  -2.26123E+01
   16  T  5  4 0  -2.23065E+01
   17  T  5  4 2  -2.07980E+01
   18  T  6  4 1  -1.92683E+01
   19  T  1  5 1  -1.81769E+01
   20  T  7  4 1  -1.78328E+01
   21  T  7  4 3  -1.69399E+01
   22  T  8  4 1  -1.65753E+01
   23  T  2  5 0  -1.55791E+01
   24  T  2  5 2  -1.49372E+01
   25  T  1  6 1  -1.25969E+01
   26  T  3  5 2  -1.25006E+01
   27  T  5  5 0  -1.14191E+01
   28  T  5  5 2  -1.06972E+01
   29  T  2  6 0  -9.83939E+00
   30  T  2  6 2  -9.47284E+00
   31  T  1  7 1  -9.18530E+00
   32  T  6  5 1  -8.85676E+00
   33  T  7  5 1  -7.47946E+00
   34  T  3  6 2  -7.09225E+00
   35  T  7  5 3  -7.02015E+00
   36  T  1  8 1  -7.00949E+00
   37  T  2  7 0  -6.40483E+00
   38  T  2  7 2  -6.18128E+00
   39  T  8  5 1  -6.16105E+00
   40  T  5  6 0  -5.62153E+00
   41  T  1  9 1  -5.52817E+00
   42  T  5  6 2  -5.22695E+00
   43  T  1 10 1  -4.47387E+00
    3    2    0   48
    1  0.000000E+00
    1  T  1  3 1  -5.22728E+01
    2  T  2  3 2  -4.84375E+01
    3  T  3  3 0  -4.60898E+01
    4  T  3  3 2  -4.47510E+01
    5  T  4  3 2  -4.33004E+01
    6  T  5  3 2  -4.29669E+01
    7  T  7  3 1  -4.13025E+01
    8  T  8  3 1  -3.98231E+01
    9  T  1  4 1  -2.88251E+01
   10  T  1  4 3  -2.75490E+01
   11  T  2  4 2  -2.47296E+01
   12  T  3  4 0  -2.41849E+01
   13  T  3  4 2  -2.27159E+01
   14  T  4  4 2  -2.12434E+01
   15  T  5  4 2  -2.08789E+01
   16  T  1  5 1  -1.82415E+01
   17  T  7  4 1  -1.80984E+01
   18  T  1  5 3  -1.76442E+01
   19  T  7  4 3  -1.69647E+01
   20  T  8  4 1  -1.67046E+01
   21  T  8  4 3  -1.55968E+01
   22  T  2  5 2  -1.47927E+01
   23  T  3  5 0  -1.33058E+01
   24  T  1  6 1  -1.26199E+01
   25  T  3  5 2  -1.25545E+01
   26  T  3  5 4  -1.23450E+01
   27  T  1  6 3  -1.22563E+01
   28  T  4  5 2  -1.10970E+01
   29  T  5  5 2  -1.07333E+01
   30  T  2  6 2  -9.38971E+00
   31  T  1  7 1  -9.20853E+00
   32  T  1  7 3  -9.00455E+00
   33  T  7  5 1  -7.62473E+00
   34  T  3  6 0  -7.47225E+00
   35  T  3  6 2  -7.11250E+00
   36  T  7  5 3  -7.03638E+00
   37  T  1  8 1  -7.02544E+00
   38  T  3  6 4  -6.96905E+00
   39  T  1  8 3  -6.89409E+00
   40  T  8  5 1  -6.20335E+00
   41  T  2  7 2  -6.13271E+00
   42  T  8  5 3  -5.66902E+00
   43  T  4  6 2  -5.60820E+00
   44  T  1  9 1  -5.54124E+00
   45  T  1  9 3  -5.44705E+00
   46  T  5  6 2  -5.24496E+00
   47  T  1 10 1  -4.48067E+00
   48  T  1 10 3  -4.41229E+00
    3    3    0   36
    1  0.000000E+00
    1  T  2  3 2  -4.67154E+01
    2  T  3  3 2  -4.48416E+01
    3  T  5  3 2  -4.32731E+01
    4  T  7  3 1  -4.11436E+01
    5  T  1  4 3  -2.76573E+01
    6  T  2  4 2  -2.48989E+01
    7  T  3  4 2  -2.27930E+01
    8  T  5  4 2  -2.09686E+01
    9  T  6  4 3  -1.83501E+01
   10  T  7  4 1  -1.80614E+01
   11  T  1  5 3  -1.76914E+01
   12  T  7  4 3  -1.69755E+01
   13  T  8  4 3  -1.56039E+01
   14  T  2  5 2  -1.48690E+01
   15  T  2  5 4  -1.47574E+01
   16  T  3  5 2  -1.26262E+01
   17  T  3  5 4  -1.23683E+01
   18  T  1  6 3  -1.22816E+01
   19  T  5  5 2  -1.07724E+01
   20  T  5  5 4  -1.05184E+01
   21  T  2  6 2  -9.43199E+00
   22  T  2  6 4  -9.37118E+00
   23  T  1  7 3  -9.02016E+00
   24  T  6  5 3  -8.41583E+00
   25  T  7  5 1  -7.56907E+00
   26  T  3  6 2  -7.13371E+00
   27  T  7  5 3  -7.05099E+00
   28  T  3  6 4  -6.97284E+00
   29  T  1  8 3  -6.90449E+00
   30  T  2  7 2  -6.15638E+00
   31  T  2  7 4  -6.11689E+00
   32  T  8  5 3  -5.66829E+00
   33  T  1  9 3  -5.45481E+00
   34  T  5  6 2  -5.26948E+00
   35  T  5  6 4  -5.12386E+00
   36  T  1 10 3  -4.41747E+00
    3    4    0   28
    1  0.000000E+00
    1  T  3  3 2  -4.50094E+01
    2  T  1  4 3  -2.76024E+01
    3  T  3  4 2  -2.28033E+01
    4  T  1  5 3  -1.76714E+01
    5  T  7  4 3  -1.69963E+01
    6  T  8  4 3  -1.56212E+01
    7  T  2  5 4  -1.47374E+01
    8  T  3  5 2  -1.26303E+01
    9  T  3  5 4  -1.23896E+01
   10  T  1  6 3  -1.22706E+01
   11  T  1  6 5  -1.22498E+01
   12  T  4  5 4  -1.08682E+01
   13  T  5  5 4  -1.04905E+01
   14  T  2  6 4  -9.35551E+00
   15  T  1  7 3  -9.01473E+00
   16  T  1  7 5  -8.99617E+00
   17  T  3  6 2  -7.13523E+00
   18  T  7  5 3  -7.06455E+00
   19  T  3  6 4  -6.97792E+00
   20  T  1  8 3  -6.90024E+00
   21  T  1  8 5  -6.88905E+00
   22  T  2  7 4  -6.10884E+00
   23  T  8  5 3  -5.68371E+00
   24  T  4  6 4  -5.48259E+00
   25  T  1  9 3  -5.45179E+00
   26  T  1  9 5  -5.43892E+00
   27  T  5  6 4  -5.10817E+00
   28  T  1 10 3  -4.41558E+00
    3    5    0   15
    1  0.000000E+00
    1  T  7  4 3  -1.69966E+01
    2  T  2  5 4  -1.47619E+01
    3  T  3  5 4  -1.23993E+01
    4  T  1  6 5  -1.22500E+01
    5  T  5  5 4  -1.05173E+01
    6  T  2  6 4  -9.36839E+00
    7  T  1  7 5  -9.00087E+00
    8  T  7  5 3  -7.06544E+00
    9  T  3  6 4  -6.98254E+00
   10  T  1  8 5  -6.89104E+00
   11  T  2  7 4  -6.11715E+00
   12  T  2  7 6  -6.11456E+00
   13  T  1  9 5  -5.44721E+00
   14  T  5  6 4  -5.12397E+00
   15  T  1 10 5  -4.41047E+00
    3    6    0   10
    1  0.000000E+00
    1  T  3  5 4  -1.23876E+01
    2  T  1  6 5  -1.22327E+01
    3  T  1  7 5  -8.99912E+00
    4  T  3  6 4  -6.98879E+00
    5  T  1  8 7  -6.89063E+00
    6  T  1  8 5  -6.88637E+00
    7  T  2  7 6  -6.11390E+00
    8  T  1  9 7  -5.44454E+00
    9  T  1  9 5  -5.44385E+00
   10  T  1 10 5  -4.41014E+00
    5    1    0   20
    2  2.885462E+00
    1  T  2  3 0  -5.09504E+01
    2  T  2  3 2  -4.70857E+01
    3  T  6  3 1  -4.27089E+01
    4  T  2  4 0  -2.66120E+01
    5  T  2  4 2  -2.50819E+01
    6  T  6  4 1  -1.95035E+01
    7  T  2  5 0  -1.57002E+01
    8  T  2  5 2  -1.49577E+01
    9  T  2  6 0  -9.90132E+00
   10  T  2  6 2  -9.48457E+00
   11  T  6  5 1  -8.97638E+00
   12  T  2  7 0  -6.44520E+00
   13  T  2  7 2  -6.18880E+00
   14  T  2  8 0  -4.22590E+00
   15  T  2  8 2  -4.05530E+00
   16  T  6  6 1  -3.33811E+00
   17  T  2  9 0  -2.71191E+00
   18  T  2  9 2  -2.59378E+00
   19  T  2 10 0  -1.63610E+00
   20  T  2 10 2  -1.54999E+00
    5    2    0    8
    2  2.885462E+00
    1  T  2  3 2  -4.74280E+01
    2  T  2  4 2  -2.51936E+01
    3  T  2  5 2  -1.50140E+01
    4  T  2  6 2  -9.51240E+00
    5  T  2  7 2  -6.20713E+00
    6  T  2  8 2  -4.06696E+00
    7  T  2  9 2  -2.60224E+00
    8  T  2 10 2  -1.55597E+00
    5    3    0   17
    2  2.885462E+00
    1  T  2  3 2  -4.76732E+01
    2  T  2  4 2  -2.52785E+01
    3  T  6  4 3  -1.83912E+01
    4  T  2  5 2  -1.50506E+01
    5  T  2  5 4  -1.47586E+01
    6  T  2  6 2  -9.53326E+00
    7  T  2  6 4  -9.37165E+00
    8  T  6  5 3  -8.44361E+00
    9  T  2  7 2  -6.21966E+00
   10  T  2  7 4  -6.11754E+00
   11  T  2  8 2  -4.07526E+00
   12  T  2  8 4  -4.00805E+00
   13  T  6  6 3  -3.04288E+00
   14  T  2  9 2  -2.60790E+00
   15  T  2  9 4  -2.55979E+00
   16  T  2 10 2  -1.56009E+00
   17  T  2 10 4  -1.52566E+00
    5    4    0    5
    2  2.885462E+00
    1  T  2  5 4  -1.47391E+01
    2  T  2  6 4  -9.35709E+00
    3  T  2  7 4  -6.11009E+00
    4  T  2  8 4  -4.00221E+00
    5  T  2  9 4  -2.55689E+00
    5    5    0    9
    2  2.885462E+00
    1  T  2  5 4  -1.47632E+01
    2  T  2  6 4  -9.36967E+00
    3  T  2  7 4  -6.11811E+00
    4  T  2  7 6  -6.11811E+00
    5  T  2  8 4: -4.00547E+00
    6  T  2  8 6  -4.00547E+00
    7  T  6  6 5  -3.01934E+00
    8  T  2  9 6  -2.55882E+00
    9  T  2  9 4: -2.55882E+00
    0    0    0    0
