   26   16    E
    1    0    1   16
    2  4.034140E-01
    1  T  2  3 2  -1.74927E+01
    2  C  8  0 0: -1.04462E+01
    3  C  6  0 0: -9.05245E+00
    4  T  2  4 2  -8.49308E+00
    5  C  6  0 0  -8.29420E+00
    6  T  6  4 1  -6.43719E+00
    7  T  2  5 2  -5.05008E+00
    8  C 10  0 0  -3.73985E+00
    9  T  2  6 2  -3.31020E+00
   10  C 10  0 0  -2.66092E+00
   11  T  6  5 1  -2.46166E+00
   12  T  2  7 2  -2.26688E+00
   13  T  2  8 2  -1.62809E+00
   14  C 10  0 0  -1.46066E+00
   15  T  2  9 2  -1.18932E+00
   16  T  2 10 2  -8.78740E-01
    1    0    0   26
    3  7.142627E-01
    1  C  1  0 0  -2.06392E+01
    2  C  3  0 0  -1.59450E+01
    3  T  5  3 2  -1.34288E+01
    4  C  5  0 0  -1.19149E+01
    5  C  5  0 0  -1.17111E+01
    6  C  5  0 0  -1.03586E+01
    7  T  3  4 1  -9.03022E+00
    8  C  7  0 0  -8.15585E+00
    9  T  7  4 0  -7.40855E+00
   10  C  7  0 0  -5.92973E+00
   11  C  9  0 0  -5.87512E+00
   12  T  5  4 2  -5.72248E+00
   13  T  3  5 1  -5.19968E+00
   14  C  7  0 0  -4.95831E+00
   15  C  9  0 0  -3.92743E+00
   16  C  9  0 0  -3.69801E+00
   17  T  3  6 1  -3.25179E+00
   18  T  7  5 0  -2.87099E+00
   19  T  5  5 2  -2.34540E+00
   20  C  9  0 0  -2.21163E+00
   21  T  3  7 1  -2.12817E+00
   22  T  3  8 1  -1.42275E+00
   23  T  3  9 1  -9.50737E-01
   24  T  7  6 0  -6.74446E-01
   25  T  3 10 1  -6.19488E-01
   26  T  5  6 2  -5.85871E-01
    1    1    1   48
    2  4.034140E-01
    1  C  2  0 0  -1.81501E+01
    2  T  2  3 2  -1.64709E+01
    3  T  3  3 2  -1.56187E+01
    4  C  4  0 0: -1.07645E+01
    5  T  3  4 0  -1.03814E+01
    6  C  6  0 0  -9.97419E+00
    7  C  6  0 0  -9.62012E+00
    8  C  6  0 0  -9.10333E+00
    9  C  6  0 0: -8.76235E+00
   10  C  6  0 0: -8.48594E+00
   11  T  2  4 2  -8.43268E+00
   12  C  6  0 0: -8.30703E+00
   13  T  3  4 2  -7.96872E+00
   14  C  8  0 0: -7.44721E+00
   15  C  8  0 0  -7.23367E+00
   16  T  5  4 1  -7.09776E+00
   17  C  6  0 0: -6.72002E+00
   18  T  7  4 1  -6.52853E+00
   19  T  6  4 1  -6.36169E+00
   20  C  8  0 0: -6.06066E+00
   21  T  3  5 0  -5.77173E+00
   22  T  2  5 2  -5.04042E+00
   23  T  3  5 2  -4.68415E+00
   24  T  5  4 3  -4.68224E+00
   25  T  3  6 0  -3.55671E+00
   26  T  2  6 2  -3.29678E+00
   27  C 10  0 0  -3.03207E+00
   28  T  3  6 2  -2.97680E+00
   29  T  5  5 1  -2.94644E+00
   30  C 10  0 0  -2.79205E+00
   31  T  7  5 1  -2.47391E+00
   32  T  6  5 1  -2.43753E+00
   33  T  3  7 0  -2.30904E+00
   34  T  2  7 2  -2.26694E+00
   35  C 10  0 0  -2.22445E+00
   36  T  3  7 2  -1.95235E+00
   37  C 10  0 0  -1.92037E+00
   38  T  5  5 3  -1.87402E+00
   39  T  2  8 2  -1.62623E+00
   40  C 10  0 0  -1.58805E+00
   41  T  3  8 0  -1.53675E+00
   42  C 10  0 0  -1.32331E+00
   43  T  3  8 2  -1.30789E+00
   44  T  2  9 2  -1.18659E+00
   45  T  3  9 0  -1.02940E+00
   46  T  5  6 1  -9.28465E-01
   47  T  2 10 2  -8.78182E-01
   48  T  3  9 2  -8.67373E-01
    1    1    0   41
    2  4.034140E-01
    1  T  5  3 2  -1.41761E+01
    2  T  6  3 2  -1.29111E+01
    3  C  5  0 0  -1.23182E+01
    4  C  5  0 0  -1.17937E+01
    5  T  2  4 1  -9.96071E+00
    6  T  3  4 1  -9.46024E+00
    7  C  7  0 0  -7.61804E+00
    8  T  6  4 0  -7.50208E+00
    9  T  2  4 3  -7.42697E+00
   10  C  7  0 0  -6.20090E+00
   11  C  9  0 0  -5.97842E+00
   12  T  5  4 2  -5.74511E+00
   13  T  2  5 1  -5.69985E+00
   14  C  9  0 0  -5.47816E+00
   15  T  3  5 1  -5.36646E+00
   16  T  6  4 2  -5.15373E+00
   17  C  9  0 0  -5.09325E+00
   18  C  9  0 0  -4.81643E+00
   19  T  2  5 3  -4.60429E+00
   20  C  9  0 0  -4.49948E+00
   21  C  9  0 0  -4.28489E+00
   22  C  9  0 0  -4.14970E+00
   23  C  9  0 0  -3.80670E+00
   24  T  2  6 1  -3.65797E+00
   25  T  3  6 1  -3.33584E+00
   26  T  2  6 3  -3.05996E+00
   27  T  6  5 0  -2.92336E+00
   28  C  9  0 0  -2.52269E+00
   29  T  2  7 1  -2.48841E+00
   30  T  5  5 2  -2.34567E+00
   31  T  3  7 1  -2.17613E+00
   32  T  2  7 3  -2.13081E+00
   33  T  6  5 2  -1.85055E+00
   34  T  2  8 1  -1.76463E+00
   35  T  2  8 3  -1.53192E+00
   36  T  3  8 1  -1.45253E+00
   37  T  2  9 1  -1.28255E+00
   38  T  2  9 3  -1.12197E+00
   39  T  3  9 1  -9.73114E-01
   40  T  2 10 1  -9.43885E-01
   41  T  2 10 3  -8.29703E-01
    1    2    1   59
    2  4.034140E-01
    1  T  3  3 2: -1.71102E+01
    2  T  2  3 2: -1.60053E+01
    3  C  4  0 0  -1.16264E+01
    4  T  2  4 0  -1.06880E+01
    5  C  6  0 0  -1.05948E+01
    6  C  6  0 0  -1.02307E+01
    7  C  6  0 0  -9.51143E+00
    8  C  6  0 0  -9.20020E+00
    9  C  6  0 0  -9.00145E+00
   10  C  6  0 0  -8.72031E+00
   11  C  6  0 0  -8.59649E+00
   12  C  6  0 0  -8.44954E+00
   13  T  2  4 2  -8.39033E+00
   14  T  3  4 2  -8.07976E+00
   15  C  8  0 0  -8.04366E+00
   16  C  8  0 0  -7.64915E+00
   17  T  5  4 1  -6.95548E+00
   18  C  8  0 0  -6.90805E+00
   19  T  6  4 1  -6.56084E+00
   20  C  8  0 0  -6.43213E+00
   21  T  2  5 0  -6.08001E+00
   22  T  2  5 2  -5.01642E+00
   23  T  3  5 2  -4.72927E+00
   24  T  5  4 3  -4.67592E+00
   25  T  2  5 4  -4.45636E+00
   26  T  6  4 3  -4.08358E+00
   27  T  2  6 0  -3.86403E+00
   28  C 10  0 0  -3.56006E+00
   29  T  2  6 2  -3.28494E+00
   30  C 10  0 0  -3.16368E+00
   31  T  3  6 2  -2.99130E+00
   32  T  2  6 4  -2.96177E+00
   33  T  5  5 1  -2.91394E+00
   34  T  2  7 0  -2.62133E+00
   35  C 10  0 0  -2.61286E+00
   36  T  6  5 1  -2.49408E+00
   37  C 10  0 0  -2.42875E+00
   38  C 10  0 0  -2.34430E+00
   39  T  2  7 2  -2.26472E+00
   40  T  2  7 4  -2.07439E+00
   41  T  3  7 2  -1.96460E+00
   42  T  5  5 3  -1.86327E+00
   43  T  2  8 0  -1.84791E+00
   44  C 10  0 0  -1.83882E+00
   45  C 10  0 0  -1.66650E+00
   46  T  2  8 2  -1.62012E+00
   47  T  2  8 4  -1.49732E+00
   48  T  6  5 3  -1.37526E+00
   49  T  2  9 0  -1.34170E+00
   50  T  3  8 2  -1.31293E+00
   51  C 10  0 0  -1.30978E+00
   52  T  2  9 2  -1.18306E+00
   53  T  2  9 4  -1.09309E+00
   54  C 10  0 0  -1.03506E+00
   55  T  2 10 0  -9.86552E-01
   56  T  5  6 1  -9.09704E-01
   57  T  3  9 2  -8.79989E-01
   58  T  2 10 2  -8.70654E-01
   59  T  2 10 4  -8.09245E-01
    1    2    0   64
    2  4.034140E-01
    1  C  1  0 0  -2.10341E+01
    2  T  5  3 2: -1.43884E+01
    3  T  7  3 2: -1.37147E+01
    4  T  6  3 2: -1.32978E+01
    5  C  5  0 0  -1.27299E+01
    6  C  5  0 0  -1.23958E+01
    7  C  5  0 0  -1.18649E+01
    8  C  5  0 0  -1.17247E+01
    9  C  5  0 0  -1.12521E+01
   10  C  5  0 0  -1.07859E+01
   11  T  2  4 1  -9.49057E+00
   12  T  3  4 1  -9.35924E+00
   13  C  7  0 0  -8.05664E+00
   14  T  5  4 0  -7.88946E+00
   15  T  2  4 3  -7.38807E+00
   16  C  7  0 0  -7.22257E+00
   17  C  7  0 0  -6.89679E+00
   18  T  3  4 3  -6.88815E+00
   19  C  7  0 0  -6.51340E+00
   20  C  7  0 0  -6.29315E+00
   21  C  7  0 0  -6.18893E+00
   22  T  5  4 2  -5.65355E+00
   23  C  9  0 0  -5.60840E+00
   24  T  2  5 1  -5.55292E+00
   25  T  3  5 1  -5.33694E+00
   26  C  9  0 0  -5.26541E+00
   27  T  6  4 2  -5.19348E+00
   28  C  9  0 0  -5.16053E+00
   29  T  7  4 2  -5.14590E+00
   30  C  9  0 0  -4.77710E+00
   31  C  9  0 0  -4.67989E+00
   32  T  2  5 3  -4.56845E+00
   33  C  9  0 0  -4.44247E+00
   34  C  9  0 0  -4.37201E+00
   35  C  9  0 0  -4.19706E+00
   36  T  3  5 3  -4.19269E+00
   37  C  9  0 0  -4.06365E+00
   38  C  9  0 0  -3.72295E+00
   39  T  2  6 1  -3.58410E+00
   40  T  5  5 0  -3.35745E+00
   41  T  3  6 1  -3.30141E+00
   42  C  9  0 0  -3.18692E+00
   43  T  2  6 3  -3.03883E+00
   44  C  9  0 0  -3.03510E+00
   45  T  3  6 3  -2.69878E+00
   46  T  2  7 1  -2.45046E+00
   47  T  5  5 2  -2.30851E+00
   48  C  9  0 0  -2.22143E+00
   49  T  3  7 1  -2.16479E+00
   50  T  2  7 3  -2.11630E+00
   51  T  6  5 2  -1.87179E+00
   52  T  7  5 2  -1.83326E+00
   53  T  3  7 3  -1.79205E+00
   54  T  5  5 4  -1.76844E+00
   55  T  2  8 1  -1.74020E+00
   56  T  2  8 3  -1.52203E+00
   57  T  3  8 1  -1.44346E+00
   58  T  2  9 1  -1.26666E+00
   59  T  3  8 3  -1.20321E+00
   60  T  5  6 0  -1.14408E+00
   61  T  2  9 3  -1.11434E+00
   62  T  3  9 1  -9.64636E-01
   63  T  2 10 1  -9.33234E-01
   64  T  2 10 3  -8.26947E-01
    1    3    1   57
    2  4.034140E-01
    1  T  3  3 2: -1.65555E+01
    2  T  2  3 2: -1.58937E+01
    3  C  4  0 0  -1.16361E+01
    4  C  6  0 0  -1.02569E+01
    5  C  6  0 0  -1.00136E+01
    6  C  6  0 0  -9.67099E+00
    7  C  6  0 0  -9.36007E+00
    8  C  6  0 0  -9.03413E+00
    9  C  6  0 0  -8.80464E+00
   10  C  6  0 0  -8.63469E+00
   11  T  2  4 2  -8.32701E+00
   12  C  8  0 0: -8.06686E+00
   13  T  3  4 2  -8.04243E+00
   14  C  6  0 0: -7.58226E+00
   15  C  8  0 0: -7.31059E+00
   16  T  5  4 1  -7.06861E+00
   17  C  8  0 0: -6.89074E+00
   18  C  8  0 0  -6.37290E+00
   19  T  2  5 2  -5.00522E+00
   20  T  3  5 2  -4.71113E+00
   21  T  5  4 3  -4.63417E+00
   22  T  2  5 4  -4.45412E+00
   23  T  7  4 3  -4.21573E+00
   24  T  6  4 3  -4.11898E+00
   25  T  3  5 4  -4.07291E+00
   26  C 10  0 0  -3.91488E+00
   27  C 10  0 0  -3.31914E+00
   28  T  2  6 2  -3.27769E+00
   29  T  3  6 2  -2.98012E+00
   30  T  5  5 1  -2.96390E+00
   31  T  2  6 4  -2.95601E+00
   32  C 10  0 0  -2.84789E+00
   33  T  3  6 4  -2.64916E+00
   34  C 10  0 0  -2.42043E+00
   35  C 10  0 0  -2.34258E+00
   36  T  2  7 2  -2.26426E+00
   37  T  2  7 4  -2.07172E+00
   38  C 10  0 0  -2.05765E+00
   39  T  3  7 2  -1.95921E+00
   40  T  5  5 3  -1.83767E+00
   41  T  3  7 4  -1.75877E+00
   42  C 10  0 0  -1.62016E+00
   43  T  2  8 2  -1.61863E+00
   44  T  2  8 4  -1.49461E+00
   45  T  6  5 3  -1.40722E+00
   46  T  7  5 3  -1.36456E+00
   47  T  3  8 2  -1.30858E+00
   48  T  2  9 2  -1.18202E+00
   49  T  3  8 4  -1.17800E+00
   50  C 10  0 0  -1.14578E+00
   51  C 10  0 0  -1.10423E+00
   52  T  2  9 4  -1.09192E+00
   53  T  5  6 1  -9.31823E-01
   54  T  3  9 2  -8.75876E-01
   55  T  2 10 2  -8.70419E-01
   56  C 10  0 0  -8.41681E-01
   57  T  2 10 4  -8.09269E-01
    1    3    0   46
    2  4.034140E-01
    1  T  5  3 2  -1.42833E+01
    2  T  6  3 2  -1.35217E+01
    3  C  5  0 0  -1.25841E+01
    4  C  5  0 0  -1.19403E+01
    5  C  5  0 0  -1.14766E+01
    6  T  2  4 1  -9.81426E+00
    7  C  7  0 0  -7.78262E+00
    8  T  2  4 3  -7.32027E+00
    9  C  7  0 0  -7.21693E+00
   10  T  3  4 3  -7.04917E+00
   11  C  9  0 0: -6.48430E+00
   12  C  7  0 0: -5.93324E+00
   13  T  2  5 1  -5.68355E+00
   14  T  5  4 2  -5.58687E+00
   15  C  9  0 0  -5.43985E+00
   16  C  9  0 0  -5.27649E+00
   17  T  6  4 2  -5.23663E+00
   18  C  9  0 0  -5.12744E+00
   19  C  9  0 0  -4.95407E+00
   20  C  9  0 0  -4.94706E+00
   21  C  9  0 0  -4.61255E+00
   22  T  2  5 3  -4.52973E+00
   23  C  9  0 0  -4.40368E+00
   24  T  3  5 3  -4.27605E+00
   25  C  9  0 0  -4.00286E+00
   26  C  9  0 0  -3.83572E+00
   27  T  2  6 1  -3.64171E+00
   28  C  9  0 0  -3.40919E+00
   29  C  9  0 0  -3.27557E+00
   30  T  2  6 3  -3.01670E+00
   31  T  3  6 3  -2.74261E+00
   32  T  2  7 1  -2.48519E+00
   33  T  5  5 2  -2.28782E+00
   34  T  2  7 3  -2.10520E+00
   35  T  6  5 2  -1.88312E+00
   36  T  3  7 3  -1.81803E+00
   37  T  2  8 1  -1.75881E+00
   38  T  5  5 4  -1.74322E+00
   39  T  2  8 3  -1.51407E+00
   40  T  6  5 4  -1.28450E+00
   41  T  2  9 1  -1.28034E+00
   42  T  3  8 3  -1.21909E+00
   43  T  2  9 3  -1.10952E+00
   44  T  2 10 1  -9.43520E-01
   45  T  2 10 3  -8.23309E-01
   46  T  3  9 3  -8.07574E-01
    1    4    1   38
    2  4.034140E-01
    1  T  2  3 2  -1.71315E+01
    2  C  6  0 0  -1.01885E+01
    3  C  6  0 0  -9.93367E+00
    4  C  6  0 0  -9.57077E+00
    5  C  6  0 0  -9.27086E+00
    6  C  6  0 0  -8.85255E+00
    7  T  2  4 2  -8.41280E+00
    8  C  8  0 0  -7.94948E+00
    9  C  8  0 0  -7.44771E+00
   10  C  8  0 0  -7.24783E+00
   11  T  2  5 2  -5.04265E+00
   12  T  5  4 3  -4.59587E+00
   13  T  2  5 4  -4.45253E+00
   14  T  6  4 3  -4.24567E+00
   15  T  3  5 4  -4.10903E+00
   16  C 10  0 0  -3.69712E+00
   17  T  2  6 2  -3.29654E+00
   18  C 10  0 0  -3.19417E+00
   19  T  2  6 4  -2.96094E+00
   20  C 10  0 0  -2.93313E+00
   21  C 10  0 0  -2.67652E+00
   22  T  3  6 4  -2.65590E+00
   23  C 10  0 0  -2.52596E+00
   24  T  2  7 2  -2.27613E+00
   25  T  2  7 4  -2.06950E+00
   26  C 10  0 0  -1.94656E+00
   27  T  5  5 3  -1.83430E+00
   28  T  3  7 4  -1.76381E+00
   29  T  2  8 2  -1.62668E+00
   30  T  2  8 4  -1.49272E+00
   31  T  6  5 3  -1.43050E+00
   32  C 10  0 0  -1.38150E+00
   33  C 10  0 0  -1.28651E+00
   34  T  2  9 2  -1.18714E+00
   35  T  3  8 4  -1.18023E+00
   36  T  2  9 4  -1.09194E+00
   37  T  2 10 2  -8.76427E-01
   38  T  2 10 4  -8.08149E-01
    1    4    0   36
    2  4.034140E-01
    1  T  5  3 2  -1.44969E+01
    2  C  5  0 0  -1.33771E+01
    3  C  5  0 0  -1.22990E+01
    4  C  5  0 0  -1.20309E+01
    5  C  5  0 0  -1.12243E+01
    6  C  7  0 0  -7.81966E+00
    7  C  7  0 0  -7.44262E+00
    8  T  2  4 3  -7.25980E+00
    9  T  3  4 3  -7.00724E+00
   10  C  7  0 0  -6.67284E+00
   11  C  7  0 0  -6.46287E+00
   12  C  9  0 0  -5.94495E+00
   13  C  9  0 0  -5.72671E+00
   14  T  5  4 2  -5.70016E+00
   15  C  9  0 0  -5.43011E+00
   16  C  9  0 0  -5.10531E+00
   17  C  9  0 0  -4.99192E+00
   18  C  9  0 0  -4.54177E+00
   19  T  2  5 3  -4.51892E+00
   20  C  9  0 0  -4.38844E+00
   21  T  3  5 3  -4.23967E+00
   22  C  9  0 0  -3.84403E+00
   23  C  9  0 0  -3.70683E+00
   24  C  9  0 0  -3.03462E+00
   25  T  2  6 3  -3.01393E+00
   26  T  3  6 3  -2.72039E+00
   27  T  5  5 2  -2.33579E+00
   28  T  2  7 3  -2.10423E+00
   29  T  3  7 3  -1.80405E+00
   30  T  5  5 4  -1.72268E+00
   31  T  2  8 3  -1.51379E+00
   32  T  6  5 4  -1.30901E+00
   33  T  7  5 4  -1.25479E+00
   34  T  3  8 3  -1.20931E+00
   35  T  2  9 3  -1.10967E+00
   36  T  2 10 3  -8.21045E-01
    3    0    1   27
    1  0.000000E+00
    1  T  2  3 2  -1.64183E+01
    2  T  1  4 0  -1.10335E+01
    3  C  6  0 0  -1.05572E+01
    4  C  6  0 0  -9.88012E+00
    5  C  6  0 0  -9.18348E+00
    6  T  2  4 2  -8.38867E+00
    7  C  6  0 0  -8.33438E+00
    8  C  8  0 0  -7.58888E+00
    9  T  4  4 1  -7.47721E+00
   10  C  8  0 0  -6.81979E+00
   11  T  6  4 1  -6.59026E+00
   12  T  1  5 0  -6.44615E+00
   13  T  2  5 2  -5.02353E+00
   14  T  1  6 0  -4.25782E+00
   15  T  4  5 1  -3.46631E+00
   16  T  2  6 2  -3.28631E+00
   17  T  1  7 0  -3.01606E+00
   18  C 10  0 0  -2.96611E+00
   19  T  6  5 1  -2.49616E+00
   20  C 10  0 0  -2.35474E+00
   21  T  2  7 2  -2.27149E+00
   22  T  1  8 0  -2.24514E+00
   23  C 10  0 0  -2.04071E+00
   24  T  1  9 0  -1.74183E+00
   25  T  2  8 2  -1.62297E+00
   26  T  4  6 1  -1.46285E+00
   27  T  1 10 0  -1.38785E+00
    3    0    0   22
    3  7.142627E-01
    1  T  5  3 2  -1.41271E+01
    2  C  5  0 0  -1.18672E+01
    3  T  3  4 1  -9.60564E+00
    4  T  7  4 0  -7.57398E+00
    5  C  9  0 0: -7.18935E+00
    6  C  7  0 0: -6.28706E+00
    7  T  5  4 2  -5.82625E+00
    8  C  9  0 0  -5.77481E+00
    9  T  3  5 1  -5.39070E+00
   10  C  9  0 0  -5.29050E+00
   11  C  9  0 0  -4.56964E+00
   12  C  9  0 0  -4.26738E+00
   13  C  9  0 0  -3.97516E+00
   14  T  3  6 1  -3.35401E+00
   15  T  7  5 0  -2.92663E+00
   16  T  5  5 2  -2.38192E+00
   17  T  3  7 1  -2.17773E+00
   18  T  3  8 1  -1.45618E+00
   19  T  3  9 1  -9.74309E-01
   20  T  7  6 0  -7.04328E-01
   21  T  3 10 1  -6.36917E-01
   22  T  5  6 2  -6.00978E-01
    3    1    1   61
    2  4.034140E-01
    1  C  2  0 0  -1.88741E+01
    2  T  3  3 2: -1.68989E+01
    3  T  2  3 2: -1.64621E+01
    4  C  4  0 0  -1.22477E+01
    5  C  6  0 0  -1.09162E+01
    6  T  3  4 0  -1.04852E+01
    7  C  6  0 0  -1.04455E+01
    8  C  6  0 0  -1.02638E+01
    9  C  6  0 0  -9.86541E+00
   10  C  6  0 0  -9.78830E+00
   11  C  6  0 0  -9.45236E+00
   12  C  6  0 0  -9.29573E+00
   13  C  6  0 0  -9.21509E+00
   14  C  6  0 0  -8.64389E+00
   15  C  6  0 0  -8.60704E+00
   16  T  2  4 2  -8.43047E+00
   17  C  6  0 0  -8.35981E+00
   18  C  8  0 0  -8.15846E+00
   19  T  3  4 2  -8.09896E+00
   20  C  8  0 0  -7.83223E+00
   21  T  4  4 1  -7.54590E+00
   22  C  8  0 0  -7.49664E+00
   23  T  5  4 1  -7.00465E+00
   24  C  8  0 0  -6.69903E+00
   25  T  6  4 1  -6.66838E+00
   26  T  7  4 1  -6.58725E+00
   27  T  3  5 0  -5.80693E+00
   28  T  2  5 2  -5.03496E+00
   29  T  5  4 3  -4.79213E+00
   30  T  3  5 2  -4.72381E+00
   31  C 10  0 0  -4.03792E+00
   32  C 10  0 0  -3.91699E+00
   33  T  3  6 0  -3.57643E+00
   34  C 10  0 0  -3.46664E+00
   35  T  4  5 1  -3.45760E+00
   36  T  2  6 2  -3.29317E+00
   37  C 10  0 0  -3.06820E+00
   38  T  3  6 2  -2.99401E+00
   39  T  5  5 1  -2.96432E+00
   40  C 10  0 0  -2.92712E+00
   41  C 10  0 0  -2.75763E+00
   42  T  6  5 1  -2.54706E+00
   43  C 10  0 0  -2.48813E+00
   44  T  7  5 1  -2.48462E+00
   45  T  3  7 0  -2.31780E+00
   46  T  2  7 2  -2.26526E+00
   47  C 10  0 0  -2.12597E+00
   48  T  3  7 2  -1.96769E+00
   49  T  5  5 3  -1.91845E+00
   50  C 10  0 0  -1.85152E+00
   51  T  2  8 2  -1.62506E+00
   52  T  3  8 0  -1.54326E+00
   53  T  4  6 1  -1.45506E+00
   54  C 10  0 0  -1.44529E+00
   55  T  3  8 2  -1.31649E+00
   56  C 10  0 0  -1.21713E+00
   57  T  2  9 2  -1.18593E+00
   58  T  3  9 0  -1.03397E+00
   59  T  5  6 1  -9.37016E-01
   60  T  3  9 2  -8.81700E-01
   61  T  2 10 2  -8.71502E-01
    3    1    0   66
    1  0.000000E+00
    1  C  1  0 0  -2.13073E+01
    2  T  5  3 2: -1.50947E+01
    3  T  6  3 2: -1.40575E+01
    4  T  4  3 2: -1.37955E+01
    5  C  5  0 0: -1.30340E+01
    6  C  5  0 0  -1.26682E+01
    7  C  5  0 0  -1.24694E+01
    8  C  5  0 0  -1.19106E+01
    9  C  5  0 0  -1.17784E+01
   10  C  5  0 0  -1.11792E+01
   11  T  1  4 1  -1.01597E+01
   12  T  2  4 1  -9.62128E+00
   13  T  3  4 1  -9.42297E+00
   14  T  4  4 0  -8.38774E+00
   15  C  7  0 0  -8.31515E+00
   16  C  7  0 0  -7.73284E+00
   17  T  6  4 0  -7.58758E+00
   18  T  2  4 3  -7.33317E+00
   19  C  7  0 0  -7.08192E+00
   20  C  7  0 0: -7.02573E+00
   21  C  7  0 0: -6.64617E+00
   22  C  9  0 0: -6.56641E+00
   23  C  7  0 0: -6.41522E+00
   24  T  4  4 2  -6.14798E+00
   25  T  1  5 1  -6.03060E+00
   26  C  9  0 0  -6.01319E+00
   27  C  9  0 0  -5.81283E+00
   28  T  5  4 2  -5.74060E+00
   29  C  9  0 0  -5.64415E+00
   30  T  2  5 1  -5.62144E+00
   31  C  9  0 0  -5.43956E+00
   32  T  3  5 1  -5.33906E+00
   33  C  9  0 0  -5.28223E+00
   34  T  6  4 2  -5.20456E+00
   35  C  9  0 0  -5.07045E+00
   36  C  9  0 0  -4.90438E+00
   37  C  9  0 0  -4.79876E+00
   38  C  9  0 0  -4.73506E+00
   39  T  2  5 3  -4.55700E+00
   40  C  9  0 0  -4.40994E+00
   41  C  9  0 0  -4.26532E+00
   42  C  9  0 0  -4.07632E+00
   43  T  1  6 1  -4.01979E+00
   44  T  4  5 0  -3.89865E+00
   45  C  9  0 0  -3.80678E+00
   46  T  2  6 1  -3.61628E+00
   47  C  9  0 0  -3.61376E+00
   48  T  3  6 1  -3.31940E+00
   49  T  2  6 3  -3.03493E+00
   50  C  9  0 0  -2.98783E+00
   51  T  6  5 0  -2.95878E+00
   52  T  1  7 1  -2.87303E+00
   53  T  4  5 2  -2.83690E+00
   54  T  2  7 1  -2.47279E+00
   55  T  5  5 2  -2.35106E+00
   56  T  3  7 1  -2.17016E+00
   57  T  1  8 1  -2.15211E+00
   58  T  2  7 3  -2.11627E+00
   59  T  6  5 2  -1.86917E+00
   60  T  2  8 1  -1.75914E+00
   61  T  4  6 0  -1.69294E+00
   62  T  1  9 1  -1.67525E+00
   63  T  2  8 3  -1.52241E+00
   64  T  3  8 1  -1.44636E+00
   65  T  1 10 1  -1.34276E+00
   66  T  2  9 1  -1.27486E+00
    3    2    1   76
    1  0.000000E+00
    1  T  2  3 2: -1.75841E+01
    2  T  3  3 2: -1.68606E+01
    3  T  1  3 2: -1.61988E+01
    4  C  4  0 0  -1.17217E+01
    5  C  6  0 0  -1.11808E+01
    6  T  2  4 0  -1.07946E+01
    7  C  6  0 0  -1.05471E+01
    8  C  6  0 0  -1.02205E+01
    9  C  6  0 0  -1.01195E+01
   10  C  6  0 0  -1.00109E+01
   11  C  6  0 0  -9.84888E+00
   12  C  6  0 0  -9.70908E+00
   13  C  6  0 0  -9.55266E+00
   14  C  6  0 0  -9.42599E+00
   15  C  6  0 0  -9.10972E+00
   16  C  6  0 0  -9.05320E+00
   17  T  1  4 2  -8.77080E+00
   18  C  6  0 0  -8.62117E+00
   19  C  6  0 0  -8.54138E+00
   20  T  2  4 2  -8.44543E+00
   21  C  8  0 0  -8.41405E+00
   22  T  3  4 2  -8.08185E+00
   23  C  8  0 0  -7.98266E+00
   24  C  8  0 0  -7.78465E+00
   25  C  8  0 0  -7.66646E+00
   26  T  4  4 1  -7.55191E+00
   27  C  8  0 0  -7.21330E+00
   28  T  5  4 1  -7.01232E+00
   29  T  6  4 1  -6.63361E+00
   30  C  8  0 0  -6.58853E+00
   31  T  2  5 0  -6.11386E+00
   32  T  1  5 2  -5.41825E+00
   33  T  4  4 3  -5.11036E+00
   34  T  2  5 2  -5.04425E+00
   35  T  3  5 2  -4.73491E+00
   36  T  5  4 3  -4.69145E+00
   37  T  2  5 4  -4.47074E+00
   38  T  6  4 3  -4.20930E+00
   39  C 10  0 0  -3.93960E+00
   40  T  2  6 0  -3.88293E+00
   41  T  1  6 2  -3.68792E+00
   42  C 10  0 0  -3.66147E+00
   43  T  4  5 1  -3.49495E+00
   44  T  2  6 2  -3.30224E+00
   45  C 10  0 0  -3.23078E+00
   46  C 10  0 0  -3.21496E+00
   47  T  3  6 2  -2.99032E+00
   48  T  2  6 4  -2.96023E+00
   49  C 10  0 0  -2.94995E+00
   50  T  5  5 1  -2.93265E+00
   51  C 10  0 0  -2.87407E+00
   52  C 10  0 0  -2.68555E+00
   53  T  1  7 2  -2.67466E+00
   54  T  2  7 0  -2.62707E+00
   55  T  6  5 1  -2.51629E+00
   56  C 10  0 0  -2.46418E+00
   57  T  4  5 3  -2.36898E+00
   58  T  2  7 2  -2.27397E+00
   59  C 10  0 0  -2.23579E+00
   60  C 10  0 0  -2.10754E+00
   61  T  2  7 4  -2.07240E+00
   62  T  1  8 2  -2.02368E+00
   63  T  3  7 2  -1.96478E+00
   64  C 10  0 0  -1.93473E+00
   65  T  5  5 3  -1.88740E+00
   66  C 10  0 0  -1.88168E+00
   67  T  2  8 0  -1.85381E+00
   68  T  2  8 2  -1.62650E+00
   69  T  1  9 2  -1.58687E+00
   70  T  2  8 4  -1.49710E+00
   71  T  4  6 1  -1.47789E+00
   72  C 10  0 0  -1.43446E+00
   73  T  6  5 3  -1.43031E+00
   74  T  2  9 0  -1.34556E+00
   75  T  3  8 2  -1.31226E+00
   76  T  1 10 2  -1.27733E+00
    3    2    0   74
    2  4.034140E-01
    1  T  5  3 2: -1.49109E+01
    2  T  6  3 2: -1.42944E+01
    3  T  7  3 2: -1.39022E+01
    4  T  4  3 2: -1.37110E+01
    5  C  5  0 0  -1.30469E+01
    6  C  5  0 0  -1.26922E+01
    7  C  5  0 0  -1.21614E+01
    8  C  5  0 0  -1.19710E+01
    9  C  5  0 0  -1.17371E+01
   10  T  2  4 1  -9.91377E+00
   11  T  3  4 1  -9.53426E+00
   12  T  5  4 0  -8.05184E+00
   13  C  7  0 0  -7.98813E+00
   14  C  7  0 0  -7.74640E+00
   15  C  7  0 0  -7.45037E+00
   16  T  2  4 3  -7.42458E+00
   17  T  3  4 3  -7.09270E+00
   18  C  7  0 0  -6.89312E+00
   19  C  7  0 0  -6.79571E+00
   20  C  9  0 0  -6.43436E+00
   21  T  4  4 2  -6.23391E+00
   22  C  9  0 0  -6.11728E+00
   23  C  9  0 0  -5.99794E+00
   24  C  9  0 0  -5.92752E+00
   25  C  9  0 0  -5.81441E+00
   26  C  9  0 0  -5.79587E+00
   27  T  2  5 1  -5.73661E+00
   28  T  5  4 2  -5.64882E+00
   29  C  9  0 0  -5.53296E+00
   30  T  3  5 1  -5.39440E+00
   31  C  9  0 0  -5.31473E+00
   32  T  6  4 2  -5.29187E+00
   33  C  9  0 0  -5.25043E+00
   34  T  7  4 2  -5.19426E+00
   35  C  9  0 0  -5.16184E+00
   36  C  9  0 0  -5.13339E+00
   37  C  9  0 0  -4.88303E+00
   38  C  9  0 0  -4.74330E+00
   39  C  9  0 0  -4.63837E+00
   40  T  2  5 3  -4.58717E+00
   41  C  9  0 0  -4.53138E+00
   42  C  9  0 0  -4.40561E+00
   43  T  3  5 3  -4.28787E+00
   44  C  9  0 0  -4.15516E+00
   45  C  9  0 0  -4.10306E+00
   46  C  9  0 0  -3.93060E+00
   47  T  2  6 1  -3.66245E+00
   48  C  9  0 0  -3.58474E+00
   49  T  5  5 0  -3.40868E+00
   50  T  3  6 1  -3.33319E+00
   51  C  9  0 0  -3.10284E+00
   52  T  2  6 3  -3.04859E+00
   53  T  4  5 2  -2.88058E+00
   54  T  3  6 3  -2.74758E+00
   55  T  2  7 1  -2.49303E+00
   56  T  5  5 2  -2.32019E+00
   57  T  3  7 1  -2.18001E+00
   58  T  2  7 3  -2.12381E+00
   59  T  6  5 2  -1.90686E+00
   60  T  7  5 2  -1.85279E+00
   61  T  3  7 3  -1.81818E+00
   62  T  5  5 4  -1.77562E+00
   63  T  2  8 1  -1.76527E+00
   64  T  2  8 3  -1.52722E+00
   65  T  3  8 1  -1.45309E+00
   66  T  2  9 1  -1.28493E+00
   67  T  3  8 3  -1.22093E+00
   68  T  5  6 0  -1.17580E+00
   69  T  4  6 2  -1.13905E+00
   70  T  2  9 3  -1.11837E+00
   71  T  3  9 1  -9.71197E-01
   72  T  2 10 1  -9.44786E-01
   73  T  2 10 3  -8.28651E-01
   74  T  3  9 3  -8.09666E-01
    3    3    1   70
    2  4.034140E-01
    1  T  2  3 2: -1.74846E+01
    2  T  3  3 2: -1.69433E+01
    3  C  4  0 0  -1.20333E+01
    4  C  6  0 0  -1.12004E+01
    5  C  6  0 0  -1.06650E+01
    6  C  6  0 0  -1.04535E+01
    7  C  6  0 0  -1.02303E+01
    8  C  6  0 0  -1.00915E+01
    9  C  6  0 0  -9.92890E+00
   10  C  6  0 0  -9.71878E+00
   11  C  6  0 0  -9.58724E+00
   12  C  6  0 0  -9.38420E+00
   13  C  6  0 0  -9.17068E+00
   14  C  6  0 0: -9.03871E+00
   15  T  2  4 2  -8.48778E+00
   16  C  8  0 0: -8.43320E+00
   17  C  6  0 0: -8.35409E+00
   18  T  3  4 2  -8.10255E+00
   19  C  8  0 0  -8.08601E+00
   20  C  8  0 0  -7.79460E+00
   21  C  8  0 0  -7.51643E+00
   22  C  8  0 0  -7.15187E+00
   23  T  5  4 1  -7.13959E+00
   24  T  4  4 3  -5.17143E+00
   25  T  2  5 2  -5.05740E+00
   26  T  3  5 2  -4.73852E+00
   27  T  5  4 3  -4.68796E+00
   28  T  2  5 4  -4.49257E+00
   29  T  6  4 3  -4.28686E+00
   30  T  7  4 3  -4.27722E+00
   31  T  3  5 4  -4.07547E+00
   32  C 10  0 0  -4.01141E+00
   33  C 10  0 0  -3.84594E+00
   34  C 10  0 0  -3.56095E+00
   35  C 10  0 0  -3.31354E+00
   36  T  2  6 2  -3.30903E+00
   37  C 10  0 0  -3.12123E+00
   38  T  5  5 1  -3.01172E+00
   39  T  2  6 4: -2.96955E+00
   40  T  3  6 2: -2.95962E+00
   41  C 10  0 0  -2.93390E+00
   42  C 10  0 0  -2.85801E+00
   43  C 10  0 0  -2.77575E+00
   44  C 10  0 0  -2.68357E+00
   45  T  3  6 4  -2.65545E+00
   46  C 10  0 0  -2.44978E+00
   47  T  4  5 3  -2.39359E+00
   48  C 10  0 0  -2.34776E+00
   49  T  2  7 2  -2.27877E+00
   50  T  2  7 4  -2.07491E+00
   51  C 10  0 0  -2.01692E+00
   52  T  3  7 2  -1.96743E+00
   53  C 10  0 0  -1.87440E+00
   54  T  5  5 3  -1.87106E+00
   55  T  3  7 4  -1.76484E+00
   56  T  2  8 2  -1.62815E+00
   57  T  2  8 4  -1.50613E+00
   58  T  6  5 3  -1.46180E+00
   59  T  7  5 3  -1.41494E+00
   60  C 10  0 0  -1.32891E+00
   61  T  3  8 2  -1.31508E+00
   62  T  2  9 2  -1.18883E+00
   63  T  3  8 4  -1.18057E+00
   64  T  2  9 4  -1.09290E+00
   65  T  5  6 1  -9.48431E-01
   66  T  3  9 2: -8.79607E-01
   67  T  4  6 3: -8.75815E-01
   68  T  2 10 2: -8.73189E-01
   69  C 10  0 0  -8.24374E-01
   70  T  2 10 4  -8.09821E-01
    3    3    0   67
    1  0.000000E+00
    1  T  4  3 2  -1.48657E+01
    2  T  5  3 2  -1.43900E+01
    3  T  6  3 2  -1.39313E+01
    4  C  5  0 0  -1.35095E+01
    5  C  5  0 0  -1.28494E+01
    6  C  5  0 0  -1.26638E+01
    7  C  5  0 0  -1.22820E+01
    8  C  5  0 0  -1.21330E+01
    9  C  5  0 0  -1.15568E+01
   10  T  2  4 1  -9.84995E+00
   11  C  7  0 0  -8.18653E+00
   12  C  7  0 0  -7.79172E+00
   13  T  1  4 3  -7.73175E+00
   14  C  7  0 0  -7.61508E+00
   15  T  2  4 3  -7.41803E+00
   16  C  7  0 0  -7.14381E+00
   17  T  3  4 3  -7.07397E+00
   18  C  7  0 0  -6.96409E+00
   19  C  7  0 0: -6.78708E+00
   20  C  9  0 0: -6.57029E+00
   21  T  4  4 2  -6.20318E+00
   22  C  9  0 0  -6.15086E+00
   23  C  9  0 0  -6.02516E+00
   24  C  9  0 0  -6.01154E+00
   25  C  9  0 0  -5.73364E+00
   26  T  2  5 1  -5.71867E+00
   27  C  9  0 0  -5.66291E+00
   28  T  5  4 2  -5.61421E+00
   29  C  9  0 0  -5.53832E+00
   30  C  9  0 0  -5.46678E+00
   31  C  9  0 0  -5.33555E+00
   32  T  6  4 2  -5.24675E+00
   33  C  9  0 0  -5.22187E+00
   34  C  9  0 0  -5.08850E+00
   35  C  9  0 0  -4.97576E+00
   36  T  1  5 3  -4.94458E+00
   37  C  9  0 0  -4.86101E+00
   38  C  9  0 0  -4.72395E+00
   39  C  9  0 0  -4.69386E+00
   40  T  2  5 3  -4.60120E+00
   41  C  9  0 0  -4.44157E+00
   42  C  9  0 0  -4.35323E+00
   43  T  3  5 3  -4.27209E+00
   44  C  9  0 0  -4.24519E+00
   45  C  9  0 0  -3.95055E+00
   46  T  2  6 1  -3.64813E+00
   47  C  9  0 0  -3.48813E+00
   48  T  1  6 3  -3.42753E+00
   49  T  2  6 3  -3.05928E+00
   50  T  4  5 2  -2.86771E+00
   51  T  3  6 3  -2.73850E+00
   52  T  1  7 3  -2.51288E+00
   53  T  2  7 1  -2.49057E+00
   54  T  5  5 2  -2.30585E+00
   55  T  4  5 4  -2.27761E+00
   56  T  2  7 3  -2.13154E+00
   57  T  1  8 3  -1.92087E+00
   58  T  6  5 2  -1.88803E+00
   59  T  3  7 3  -1.81412E+00
   60  T  2  8 1  -1.76100E+00
   61  T  5  5 4  -1.74627E+00
   62  T  2  8 3  -1.53406E+00
   63  T  1  9 3  -1.51311E+00
   64  T  6  5 4  -1.29024E+00
   65  T  2  9 1  -1.28197E+00
   66  T  1 10 3  -1.22733E+00
   67  T  3  8 3  -1.21532E+00
    3    4    1   48
    1  0.000000E+00
    1  T  2  3 2  -1.72342E+01
    2  C  6  0 0  -1.09931E+01
    3  C  6  0 0  -1.05375E+01
    4  C  6  0 0  -1.03318E+01
    5  C  6  0 0  -1.02698E+01
    6  C  6  0 0  -9.90041E+00
    7  C  6  0 0  -9.61383E+00
    8  C  6  0 0  -9.29007E+00
    9  C  6  0 0  -8.94204E+00
   10  C  8  0 0  -8.44226E+00
   11  T  2  4 2  -8.41897E+00
   12  C  8  0 0  -8.13251E+00
   13  C  8  0 0  -7.66979E+00
   14  C  8  0 0  -7.21963E+00
   15  T  4  4 3  -5.19549E+00
   16  T  2  5 2  -5.04820E+00
   17  T  1  5 4  -4.83901E+00
   18  T  5  4 3  -4.68894E+00
   19  T  2  5 4  -4.44244E+00
   20  T  6  4 3  -4.26941E+00
   21  T  3  5 4  -4.12228E+00
   22  C 10  0 0  -4.02406E+00
   23  C 10  0 0  -3.59698E+00
   24  C 10  0 0  -3.53028E+00
   25  T  1  6 4  -3.36607E+00
   26  T  2  6 2  -3.29883E+00
   27  C 10  0 0  -3.06756E+00
   28  T  2  6 4  -2.96790E+00
   29  C 10  0 0  -2.89614E+00
   30  C 10  0 0  -2.75958E+00
   31  C 10  0 0  -2.67072E+00
   32  T  3  6 4  -2.65581E+00
   33  C 10  0 0  -2.54788E+00
   34  T  1  7 4  -2.47493E+00
   35  T  4  5 3  -2.40681E+00
   36  T  2  7 2  -2.27772E+00
   37  C 10  0 0  -2.23256E+00
   38  C 10  0 0  -2.16209E+00
   39  T  2  7 4  -2.07655E+00
   40  T  1  8 4  -1.89403E+00
   41  T  5  5 3  -1.87379E+00
   42  T  3  7 4  -1.76169E+00
   43  T  2  8 2  -1.62720E+00
   44  C 10  0 0  -1.61802E+00
   45  T  1  9 4  -1.49977E+00
   46  T  2  8 4  -1.49302E+00
   47  T  6  5 3  -1.44476E+00
   48  T  1 10 4  -1.21178E+00
    3    4    0   42
    2  4.034140E-01
    1  T  5  3 2  -1.47177E+01
    2  C  5  0 0  -1.31482E+01
    3  C  5  0 0  -1.25863E+01
    4  C  5  0 0  -1.22237E+01
    5  C  7  0 0  -8.08031E+00
    6  C  7  0 0  -7.65970E+00
    7  T  2  4 3  -7.51149E+00
    8  C  7  0 0  -7.17068E+00
    9  T  3  4 3  -7.11508E+00
   10  C  9  0 0  -6.75582E+00
   11  C  9  0 0  -6.35063E+00
   12  C  9  0 0  -6.23040E+00
   13  C  9  0 0  -5.88451E+00
   14  C  9  0 0  -5.78864E+00
   15  T  5  4 2  -5.76501E+00
   16  C  9  0 0  -5.58008E+00
   17  C  9  0 0  -5.48880E+00
   18  C  9  0 0  -5.40123E+00
   19  C  9  0 0  -5.28874E+00
   20  C  9  0 0  -5.07834E+00
   21  C  9  0 0  -4.86784E+00
   22  C  9  0 0  -4.68881E+00
   23  T  2  5 3  -4.62525E+00
   24  C  9  0 0  -4.48626E+00
   25  T  3  5 3  -4.29688E+00
   26  C  9  0 0  -4.24844E+00
   27  C  9  0 0  -3.78727E+00
   28  T  2  6 3  -3.06845E+00
   29  T  3  6 3  -2.75232E+00
   30  T  5  5 2  -2.35974E+00
   31  T  4  5 4  -2.31626E+00
   32  T  2  7 3  -2.13583E+00
   33  T  3  7 3  -1.82324E+00
   34  T  5  5 4  -1.72640E+00
   35  T  2  8 3  -1.53422E+00
   36  T  6  5 4  -1.31696E+00
   37  T  7  5 4  -1.25847E+00
   38  T  3  8 3  -1.22272E+00
   39  T  2  9 3  -1.12322E+00
   40  T  2 10 3  -8.32416E-01
   41  T  4  6 4  -8.25916E-01
   42  T  3  9 3  -8.10597E-01
    5    0    1   14
    1  0.000000E+00
    1  T  1  4 0  -1.12524E+01
    2  C  6  0 0  -1.09600E+01
    3  C  6  0 0  -1.00104E+01
    4  C  8  0 0  -8.55320E+00
    5  T  4  4 1  -7.54303E+00
    6  T  1  5 0  -6.53300E+00
    7  T  1  6 0  -4.29502E+00
    8  T  4  5 1  -3.48185E+00
    9  C 10  0 0  -3.47331E+00
   10  T  1  7 0  -3.03309E+00
   11  T  1  8 0  -2.26113E+00
   12  T  1  9 0  -1.75040E+00
   13  T  4  6 1  -1.47478E+00
   14  T  1 10 0  -1.39108E+00
    5    1    1   18
    4  2.550679E+00
    1  C  6  0 0  -1.17418E+01
    2  C  6  0 0  -1.07993E+01
    3  C  6  0 0  -1.04418E+01
    4  C  6  0 0  -1.02277E+01
    5  C  6  0 0  -9.70598E+00
    6  C  8  0 0  -8.27355E+00
    7  T  4  4 1  -7.81475E+00
    8  C 10  0 0  -4.39664E+00
    9  C 10  0 0  -3.92598E+00
   10  T  4  5 1  -3.58579E+00
   11  C 10  0 0  -3.07665E+00
   12  C 10  0 0  -2.77723E+00
   13  C 10  0 0  -2.47574E+00
   14  T  4  6 1  -1.52111E+00
   15  T  4  7 1  -3.52123E-01
   16  T  4  8 1   3.75922E-01
   17  T  4  9 1   8.60425E-01
   18  T  4 10 1   1.19921E+00
    5    1    0   23
    1  0.000000E+00
    1  T  4  3 2  -1.51852E+01
    2  C  5  0 0  -1.29466E+01
    3  T  1  4 1  -1.02990E+01
    4  T  4  4 0  -8.66500E+00
    5  C  7  0 0  -8.00114E+00
    6  C  9  0 0  -6.93866E+00
    7  C  9  0 0  -6.87476E+00
    8  C  9  0 0  -6.30477E+00
    9  T  4  4 2  -6.23436E+00
   10  C  9  0 0  -6.20611E+00
   11  T  1  5 1  -6.07916E+00
   12  C  9  0 0  -5.80578E+00
   13  C  9  0 0  -5.68610E+00
   14  C  9  0 0  -5.40367E+00
   15  C  9  0 0  -4.96716E+00
   16  T  1  6 1  -4.07324E+00
   17  T  4  5 0  -3.97007E+00
   18  T  1  7 1  -2.91309E+00
   19  T  4  5 2  -2.85075E+00
   20  T  1  8 1  -2.16972E+00
   21  T  4  6 0  -1.74184E+00
   22  T  1  9 1  -1.68450E+00
   23  T  1 10 1  -1.34943E+00
    5    2    1   26
    1  0.000000E+00
    1  T  1  3 2  -1.78493E+01
    2  C  6  0 0  -1.18182E+01
    3  C  6  0 0  -1.09675E+01
    4  C  6  0 0  -1.05842E+01
    5  C  6  0 0  -1.04208E+01
    6  C  6  0 0  -1.02705E+01
    7  T  1  4 2  -8.86617E+00
    8  C  8  0 0  -8.75633E+00
    9  C  8  0 0  -8.08316E+00
   10  T  4  4 1  -7.69248E+00
   11  T  1  5 2  -5.46230E+00
   12  T  4  4 3  -5.24886E+00
   13  C 10  0 0  -4.40687E+00
   14  C 10  0 0  -3.87599E+00
   15  T  1  6 2  -3.71635E+00
   16  C 10  0 0  -3.66180E+00
   17  C 10  0 0  -3.61637E+00
   18  T  4  5 1  -3.53505E+00
   19  C 10  0 0  -2.88796E+00
   20  C 10  0 0  -2.71510E+00
   21  T  1  7 2  -2.68372E+00
   22  T  4  5 3  -2.44206E+00
   23  T  1  8 2  -2.03164E+00
   24  T  1  9 2  -1.59391E+00
   25  T  4  6 1  -1.50014E+00
   26  T  1 10 2  -1.28071E+00
    5    2    0   22
    4  2.550679E+00
    1  T  4  3 2  -1.57288E+01
    2  C  5  0 0  -1.35815E+01
    3  C  5  0 0  -1.29034E+01
    4  C  7  0 0  -8.62105E+00
    5  C  7  0 0  -8.01481E+00
    6  C  9  0 0  -7.35959E+00
    7  C  9  0 0  -7.17983E+00
    8  C  9  0 0  -6.67854E+00
    9  C  9  0 0  -6.41148E+00
   10  T  4  4 2  -6.36350E+00
   11  C  9  0 0  -6.32594E+00
   12  C  9  0 0  -6.23419E+00
   13  C  9  0 0  -5.86835E+00
   14  C  9  0 0  -5.42888E+00
   15  C  9  0 0  -5.25561E+00
   16  C  9  0 0  -4.96459E+00
   17  T  4  5 2  -2.93387E+00
   18  T  4  6 2  -1.16984E+00
   19  T  4  7 2  -1.40302E-01
   20  T  4  8 2   5.13624E-01
   21  T  4  9 2   9.55007E-01
   22  T  4 10 2   1.26698E+00
    5    3    1   18
    4  2.550679E+00
    1  C  6  0 0  -1.16645E+01
    2  C  6  0 0  -1.12096E+01
    3  C  6  0 0  -1.06658E+01
    4  C  6  0 0  -1.03434E+01
    5  C  6  0 0  -9.93040E+00
    6  C  8  0 0  -8.78500E+00
    7  T  4  4 3  -5.43577E+00
    8  C 10  0 0  -4.43007E+00
    9  C 10  0 0  -3.91799E+00
   10  C 10  0 0  -3.34856E+00
   11  C 10  0 0  -3.10961E+00
   12  C 10  0 0  -2.95362E+00
   13  T  4  5 3  -2.51676E+00
   14  T  4  6 3  -9.42339E-01
   15  T  4  7 3  -1.84007E-03
   16  T  4  8 3   6.04335E-01
   17  T  4  9 3   1.01772E+00
   18  T  4 10 3   1.31216E+00
    5    3    0   22
    1  0.000000E+00
    1  T  4  3 2  -1.52959E+01
    2  C  5  0 0  -1.34902E+01
    3  C  7  0 0  -8.53925E+00
    4  T  1  4 3  -7.88987E+00
    5  C  9  0 0  -7.29648E+00
    6  C  9  0 0  -7.14459E+00
    7  C  9  0 0  -6.82133E+00
    8  C  9  0 0  -6.57059E+00
    9  C  9  0 0  -6.45781E+00
   10  T  4  4 2  -6.27596E+00
   11  C  9  0 0  -5.95077E+00
   12  C  9  0 0  -5.74935E+00
   13  C  9  0 0  -5.68504E+00
   14  C  9  0 0  -5.13605E+00
   15  T  1  5 3  -5.02769E+00
   16  T  1  6 3  -3.47347E+00
   17  T  4  5 2  -2.89749E+00
   18  T  1  7 3  -2.54078E+00
   19  T  4  5 4  -2.28528E+00
   20  T  1  8 3  -1.93885E+00
   21  T  1  9 3  -1.52786E+00
   22  T  1 10 3  -1.23493E+00
    5    4    1   15
    1  0.000000E+00
    1  C  8  0 0  -1.16877E+01
    2  C  8  0 0  -1.11912E+01
    3  C  8  0 0  -1.05391E+01
    4  C  8  0 0  -9.21511E+00
    5  T  4  4 3  -5.32369E+00
    6  T  1  5 4  -4.84187E+00
    7  C 10  0 0  -4.39543E+00
    8  C 10  0 0  -3.88331E+00
    9  T  1  6 4  -3.37330E+00
   10  C 10  0 0  -3.21041E+00
   11  T  1  7 4  -2.49611E+00
   12  T  4  5 3  -2.45049E+00
   13  T  1  8 4  -1.89721E+00
   14  T  1  9 4  -1.49909E+00
   15  T  1 10 4  -1.21421E+00
    5    4    0   14
    4  2.550679E+00
    1  C  5  0 0  -1.38666E+01
    2  C  7  0 0  -8.28493E+00
    3  C  9  0 0  -7.16287E+00
    4  C  9  0 0  -6.92476E+00
    5  C  9  0 0  -6.70914E+00
    6  C  9  0 0  -6.48956E+00
    7  C  9  0 0  -6.19273E+00
    8  C  9  0 0  -5.83960E+00
    9  T  4  5 4  -2.33035E+00
   10  T  4  6 4  -8.36914E-01
   11  T  4  7 4   6.28732E-02
   12  T  4  8 4   6.46962E-01
   13  T  4  9 4   1.04732E+00
   14  T  4 10 4   1.33357E+00
    0    0    0    0
