   26   13    E
    2    0    1   15
    5  5.222028E+00
    1  C  6  0 0  -1.61943E+01
    2  T  5  4 1  -9.63625E+00
    3  T 10  4 2  -4.59591E+00
    4  T 12  4 2  -4.25603E+00
    5  T  5  5 1  -3.83189E+00
    6  T 16  4 1  -1.80727E+00
    7  T  5  6 1  -9.12932E-01
    8  T 15  4 3   3.41417E-02
    9  T 10  5 2   3.23445E-01
   10  T 12  5 2   6.67802E-01
   11  T  5  7 1   8.26278E-01
   12  T  5  8 1   1.88247E+00
   13  T  5  9 1   2.60874E+00
   14  T 10  6 2   2.90285E+00
   15  T  5 10 1   3.11943E+00
    2    0    0   27
    1  0.000000E+00
    1  C  1  0 0  -2.55054E+01
    2  T  4  3 2  -1.91591E+01
    3  C  3  0 0  -1.73185E+01
    4  T  1  4 0  -1.57072E+01
    5  T  2  4 1  -1.20282E+01
    6  T  3  4 1  -1.13108E+01
    7  T  6  4 0  -9.57594E+00
    8  T  1  5 0  -9.48021E+00
    9  T  4  4 2  -7.96523E+00
   10  T  7  4 2  -6.86860E+00
   11  T  2  5 1  -6.47963E+00
   12  T  1  6 0  -6.39112E+00
   13  T  8  4 2: -6.21461E+00
   14  T  3  5 1  -5.65416E+00
   15  T 11  4 1  -5.21582E+00
   16  T 14  4 1  -4.66368E+00
   17  T  1  7 0  -4.55974E+00
   18  T  2  6 1  -3.76834E+00
   19  T  6  5 0  -3.45334E+00
   20  T  1  8 0  -3.43993E+00
   21  T  9  4 3  -3.41318E+00
   22  T  4  5 2  -3.16029E+00
   23  T  3  6 1  -2.84282E+00
   24  T  1  9 0  -2.66753E+00
   25  T 13  4 3  -2.51227E+00
   26  T  2  7 1  -2.15318E+00
   27  T  1 10 0  -2.14472E+00
    2    1    1   49
    1  0.000000E+00
    1  T  1  3 1  -2.86280E+01
    2  C  2  0 0  -2.31610E+01
    3  T  2  3 2  -2.15408E+01
    4  T  3  3 2  -2.12565E+01
    5  C  5  0 0  -1.57043E+01
    6  C  8  0 0: -1.51698E+01
    7  T  1  4 1  -1.46757E+01
    8  C  6  0 0: -1.45052E+01
    9  T  2  4 0  -1.32353E+01
   10  T  3  4 0  -1.24424E+01
   11  T  2  4 2  -1.09085E+01
   12  T  3  4 2  -1.00527E+01
   13  T  4  4 1  -9.44712E+00
   14  T  5  4 1  -9.05841E+00
   15  T  1  5 1  -8.97918E+00
   16  T  6  4 1  -8.56884E+00
   17  T  7  4 1  -8.23224E+00
   18  T  8  4 1  -7.59145E+00
   19  T  4  4 3  -7.15882E+00
   20  T  2  5 0  -7.14707E+00
   21  T 11  4 0  -6.40874E+00
   22  T  3  5 0  -6.28734E+00
   23  T  2  5 2: -6.09616E+00
   24  T  1  6 1  -6.05460E+00
   25  T  7  4 3  -5.87460E+00
   26  T 14  4 0  -5.72555E+00
   27  T  8  4 3  -5.41515E+00
   28  T  3  5 2  -5.05759E+00
   29  T 10  4 2  -4.68602E+00
   30  T  9  4 2  -4.45153E+00
   31  T  1  7 1  -4.38991E+00
   32  T 12  4 2: -4.13545E+00
   33  T  2  6 0  -4.09140E+00
   34  T 11  4 2: -4.01836E+00
   35  T  4  5 1  -3.85302E+00
   36  T  5  5 1  -3.57417E+00
   37  T  2  6 2  -3.42175E+00
   38  T 14  4 2  -3.37881E+00
   39  T  1  8 1  -3.33113E+00
   40  T 13  4 2  -3.28289E+00
   41  T  3  6 0  -3.15825E+00
   42  T  6  5 1  -2.92012E+00
   43  T  4  5 3  -2.78970E+00
   44  T  7  5 1  -2.69543E+00
   45  T  1  9 1  -2.61038E+00
   46  T  3  6 2  -2.47083E+00
   47  T  2  7 0  -2.28343E+00
   48  T  1 10 1  -2.08971E+00
   49  T  8  5 1: -1.98666E+00
    2    1    0   45
    2  2.249687E+00
    1  C  1  0 0  -2.52925E+01
    2  T  5  3 2: -2.00757E+01
    3  T  4  3 2: -1.92184E+01
    4  C  3  0 0  -1.73574E+01
    5  T  2  4 1  -1.25469E+01
    6  C  9  0 0  -1.18817E+01
    7  T  3  4 1  -1.14496E+01
    8  T  5  4 0  -1.02029E+01
    9  T  5  4 2  -8.12585E+00
   10  T  4  4 2  -8.05383E+00
   11  T  7  4 2  -7.11173E+00
   12  T  2  5 1  -6.77135E+00
   13  T  8  4 2  -6.27368E+00
   14  T 10  4 1  -5.90108E+00
   15  T  3  5 1  -5.75740E+00
   16  T 11  4 1: -5.67627E+00
   17  T 12  4 1  -5.31273E+00
   18  T 14  4 1  -4.77712E+00
   19  T  5  5 0  -4.20582E+00
   20  T 10  4 3  -3.83015E+00
   21  T  2  6 1  -3.81584E+00
   22  T  9  4 3  -3.53123E+00
   23  T 12  4 3  -3.43828E+00
   24  T  4  5 2  -3.20530E+00
   25  T  5  5 2  -3.10497E+00
   26  T  3  6 1  -2.87066E+00
   27  T 16  4 0  -2.58098E+00
   28  T 13  4 3  -2.45634E+00
   29  T  2  7 1  -2.17707E+00
   30  T  7  5 2  -2.09037E+00
   31  T  8  5 2  -1.35475E+00
   32  T  3  7 1  -1.17137E+00
   33  T  5  6 0  -1.14584E+00
   34  T  2  8 1  -1.04581E+00
   35  T 15  4 2  -7.22343E-01
   36  T  4  6 2  -6.11321E-01
   37  T  5  6 2  -5.33770E-01
   38  T 16  4 2  -4.61434E-01
   39  T  2  9 1  -3.55156E-01
   40  T 10  5 1  -2.98916E-01
   41  T  3  8 1  -1.14992E-01
   42  T 17  4 2  -7.02138E-02
   43  T 11  5 1   6.36827E-03
   44  T  2 10 1   1.53100E-01
   45  T 12  5 1   2.02904E-01
    2    2    1   54
    2  2.249687E+00
    1  C  2  0 0  -2.37466E+01
    2  T  2  3 2  -2.24368E+01
    3  T  3  3 2  -2.12497E+01
    4  C  4  0 0  -1.63575E+01
    5  C  5  0 0  -1.53215E+01
    6  C  6  0 0  -1.47138E+01
    7  T  2  4 2  -1.11672E+01
    8  T  3  4 2  -1.01669E+01
    9  T  4  4 1  -9.61953E+00
   10  T  5  4 1  -9.21077E+00
   11  T  7  4 1  -8.48273E+00
   12  T  8  4 1  -7.71878E+00
   13  T  4  4 3: -7.38822E+00
   14  T  5  4 3  -7.21646E+00
   15  T 10  4 0  -6.85369E+00
   16  T 12  4 0  -6.36616E+00
   17  T  7  4 3  -6.25475E+00
   18  T  2  5 2  -6.10021E+00
   19  T  8  4 3  -5.48398E+00
   20  T  3  5 2  -5.14286E+00
   21  T  9  4 2  -4.71155E+00
   22  T 10  4 2  -4.49643E+00
   23  T 11  4 2  -4.30504E+00
   24  T 12  4 2  -4.14088E+00
   25  T  4  5 1  -3.91900E+00
   26  T  5  5 1  -3.71788E+00
   27  T 14  4 2: -3.55585E+00
   28  T  2  6 2  -3.45497E+00
   29  T 13  4 2: -3.36994E+00
   30  T  4  5 3  -2.85652E+00
   31  T  7  5 1  -2.79567E+00
   32  T  5  5 3  -2.75215E+00
   33  T  3  6 2  -2.53496E+00
   34  T  8  5 1  -2.04865E+00
   35  T 15  4 1  -1.94108E+00
   36  T  2  7 2  -1.93800E+00
   37  T  7  5 3  -1.75865E+00
   38  T 17  4 1  -1.56191E+00
   39  T 16  4 1  -1.42507E+00
   40  T  8  5 3  -1.03810E+00
   41  T  4  6 1  -1.01884E+00
   42  T  2  8 2  -9.47251E-01
   43  T  3  7 2  -9.38585E-01
   44  T  5  6 1  -8.56783E-01
   45  T 10  5 0  -7.53049E-01
   46  T  4  6 3  -4.12159E-01
   47  T 12  5 0  -3.44009E-01
   48  T  5  6 3  -3.04018E-01
   49  T  2  9 2  -2.49355E-01
   50  T  3  8 2   2.08689E-02
   51  T  7  6 1   9.53075E-02
   52  T 15  4 3   1.99382E-01
   53  T  2 10 2   2.26822E-01
   54  T 10  5 2:  2.77787E-01
    2    2    0   57
    1  0.000000E+00
    1  C  1  0 0  -2.61544E+01
    2  T  1  3 2  -2.44795E+01
    3  T  4  3 2  -1.96210E+01
    4  T  6  3 2  -1.91392E+01
    5  T  5  3 2  -1.85550E+01
    6  C  3  0 0  -1.80754E+01
    7  T  1  4 2  -1.33371E+01
    8  T  2  4 1  -1.22646E+01
    9  C  9  0 0  -1.18922E+01
   10  T  3  4 1  -1.14367E+01
   11  C 10  0 0  -1.12408E+01
   12  T  4  4 0  -1.04673E+01
   13  T  2  4 3  -9.98405E+00
   14  T  7  4 0  -9.28960E+00
   15  T  3  4 3  -9.19291E+00
   16  T  8  4 0  -8.66001E+00
   17  T  1  5 2  -8.34111E+00
   18  T  4  4 2  -8.22039E+00
   19  T  5  4 2  -7.93677E+00
   20  T  6  4 2  -7.26512E+00
   21  T  7  4 2  -7.01002E+00
   22  T  2  5 1  -6.64618E+00
   23  T  8  4 2  -6.39853E+00
   24  T 10  4 1  -5.96203E+00
   25  T  3  5 1  -5.86085E+00
   26  T  9  4 1  -5.76151E+00
   27  T  1  6 2  -5.65406E+00
   28  T  2  5 3  -5.61859E+00
   29  T 12  4 1  -5.37607E+00
   30  T 11  4 1  -5.27330E+00
   31  T 13  4 1: -4.80510E+00
   32  T  3  5 3  -4.72968E+00
   33  T 14  4 1: -4.66716E+00
   34  T  4  5 0  -4.33342E+00
   35  T  1  7 2  -4.17438E+00
   36  T 10  4 3  -3.87828E+00
   37  T  2  6 1  -3.82440E+00
   38  T  9  4 3  -3.74924E+00
   39  T 12  4 3  -3.36049E+00
   40  T  4  5 2  -3.25659E+00
   41  T  2  6 3  -3.21546E+00
   42  T  7  5 0  -3.20864E+00
   43  T 11  4 3  -3.17513E+00
   44  T  1  8 2  -3.16303E+00
   45  T  5  5 2  -2.96279E+00
   46  T  3  6 1  -2.89862E+00
   47  T 13  4 3  -2.71959E+00
   48  T  4  5 4  -2.65009E+00
   49  T 14  4 3  -2.62510E+00
   50  T 17  4 0  -2.52299E+00
   51  T  1  9 2  -2.50525E+00
   52  T  8  5 0  -2.49310E+00
   53  T  3  6 3  -2.31929E+00
   54  T  6  5 2  -2.27316E+00
   55  T  2  7 1  -2.15073E+00
   56  T  7  5 2  -2.04121E+00
   57  T  1 10 2  -2.01775E+00
    2    3    1   44
    1  0.000000E+00
    1  T  2  3 2  -2.20881E+01
    2  T  3  3 2  -2.14699E+01
    3  C  5  0 0  -1.64092E+01
    4  C  4  0 0  -1.54890E+01
    5  C  7  0 0  -1.51190E+01
    6  T  1  4 3  -1.25076E+01
    7  T  2  4 2  -1.09968E+01
    8  T  3  4 2  -1.01735E+01
    9  T  4  4 1  -9.46261E+00
   10  T  7  4 1  -8.30718E+00
   11  T  1  5 3  -7.97792E+00
   12  T  8  4 1  -7.66609E+00
   13  T  4  4 3  -7.44717E+00
   14  T  5  4 3  -7.00794E+00
   15  T  9  4 0  -6.83656E+00
   16  T  6  4 3  -6.49246E+00
   17  T  7  4 3  -6.19770E+00
   18  T  2  5 2  -6.03601E+00
   19  T 13  4 0  -5.81938E+00
   20  T  8  4 3  -5.62822E+00
   21  T  1  6 3  -5.53173E+00
   22  T  2  5 4  -5.49503E+00
   23  T  3  5 2  -5.13111E+00
   24  T  9  4 2  -4.75973E+00
   25  T  3  5 4  -4.58146E+00
   26  T 10  4 2  -4.48502E+00
   27  T 12  4 2  -4.20979E+00
   28  T  1  7 3  -4.05086E+00
   29  T 11  4 2  -3.99912E+00
   30  T  4  5 1  -3.87701E+00
   31  T 13  4 2  -3.61992E+00
   32  T  2  6 2  -3.47753E+00
   33  T 14  4 2  -3.39677E+00
   34  T  2  6 4  -3.17465E+00
   35  T  1  8 3  -3.09806E+00
   36  T  4  5 3  -2.89653E+00
   37  T  7  5 1  -2.71277E+00
   38  T  5  5 3  -2.63204E+00
   39  T  3  6 2  -2.53389E+00
   40  T  1  9 3  -2.44396E+00
   41  T  3  6 4  -2.23190E+00
   42  T  8  5 1  -2.02369E+00
   43  T  1 10 3  -1.97858E+00
   44  T  6  5 3  -1.96694E+00
    2    3    0   50
    2  2.249687E+00
    1  T  4  3 2  -2.03109E+01
    2  T  5  3 2  -1.90182E+01
    3  C  3  0 0  -1.76618E+01
    4  C  9  0 0  -1.17199E+01
    5  T  2  4 3  -1.03267E+01
    6  T  3  4 3  -9.36309E+00
    7  T  4  4 2  -8.25836E+00
    8  T  5  4 2  -8.07686E+00
    9  T  7  4 2  -7.20757E+00
   10  T  8  4 2  -6.40515E+00
   11  T  9  4 1  -6.15221E+00
   12  T 10  4 1  -5.82765E+00
   13  T  2  5 3  -5.74798E+00
   14  T 12  4 1  -5.42715E+00
   15  T 13  4 1  -4.90676E+00
   16  T  3  5 3  -4.79615E+00
   17  T  9  4 3  -3.92197E+00
   18  T 10  4 3  -3.80848E+00
   19  T 11  4 3  -3.53604E+00
   20  T 12  4 3  -3.31489E+00
   21  T  2  6 3  -3.28343E+00
   22  T  4  5 2  -3.27232E+00
   23  T  5  5 2  -3.08134E+00
   24  T 13  4 3  -2.91095E+00
   25  T 15  4 0  -2.86491E+00
   26  T  4  5 4  -2.70166E+00
   27  T  5  5 4  -2.64935E+00
   28  T 14  4 3  -2.57589E+00
   29  T  3  6 3  -2.33055E+00
   30  T  7  5 2  -2.16111E+00
   31  T  2  7 3  -1.80894E+00
   32  T  7  5 4  -1.62183E+00
   33  T  8  5 2  -1.39411E+00
   34  T  8  5 4  -8.93132E-01
   35  T  2  8 3  -8.56791E-01
   36  T 15  4 2  -8.47412E-01
   37  T  3  7 3  -8.44043E-01
   38  T  4  6 2  -6.56674E-01
   39  T  5  6 2  -5.29444E-01
   40  T  9  5 1  -4.37245E-01
   41  T 17  4 2  -4.23459E-01
   42  T 16  4 2  -3.66899E-01
   43  T  4  6 4  -3.44645E-01
   44  T 10  5 1  -2.55298E-01
   45  T  5  6 4  -2.37000E-01
   46  T  2  9 3  -1.97969E-01
   47  T 18  4 2   5.36407E-02
   48  T  3  8 3   1.03760E-01
   49  T 12  5 1:  1.71023E-01
   50  T  2 10 3   2.69550E-01
    2    4    1   31
    2  2.249687E+00
    1  C  7  0 0: -1.61149E+01
    2  C  4  0 0: -1.50739E+01
    3  T  4  4 3  -7.55024E+00
    4  T  5  4 3  -7.17860E+00
    5  T  7  4 3  -6.39778E+00
    6  T  2  5 4  -5.62892E+00
    7  T  8  4 3  -5.53915E+00
    8  T  9  4 2  -4.84059E+00
    9  T  3  5 4  -4.66711E+00
   10  T 10  4 2  -4.58123E+00
   11  T 12  4 2  -4.11171E+00
   12  T 13  4 2  -3.61271E+00
   13  T  2  6 4  -3.22336E+00
   14  T  4  5 3  -2.92455E+00
   15  T  5  5 3  -2.71109E+00
   16  T  3  6 4  -2.25979E+00
   17  T 15  4 1  -1.89621E+00
   18  T  7  5 3  -1.79327E+00
   19  T  2  7 4  -1.75123E+00
   20  T 18  4 1  -1.60678E+00
   21  T  8  5 3  -1.03700E+00
   22  T  2  8 4  -8.25201E-01
   23  T  3  7 4  -8.00617E-01
   24  T  4  6 3  -4.45671E-01
   25  T  5  6 3  -2.90618E-01
   26  T  2  9 4  -1.72231E-01
   27  T 15  4 3  -1.33338E-01
   28  T  3  8 4   1.32856E-01
   29  T  9  5 2   1.95795E-01
   30  T 10  5 2   2.17134E-01
   31  T  2 10 4   2.83558E-01
    2    4    0   31
    1  0.000000E+00
    1  T  4  3 2  -1.98391E+01
    2  C  3  0 0  -1.80767E+01
    3  C  9  0 0  -1.21131E+01
    4  T  2  4 3  -1.00399E+01
    5  T  3  4 3  -9.36378E+00
    6  T  4  4 2  -8.13974E+00
    7  T  1  5 4  -7.81569E+00
    8  T  7  4 2  -6.95218E+00
    9  T  8  4 2  -6.38570E+00
   10  T  9  4 1  -5.72851E+00
   11  T  2  5 3  -5.63988E+00
   12  T  1  6 4  -5.44934E+00
   13  T 13  4 1  -4.86922E+00
   14  T  3  5 3  -4.77906E+00
   15  T  9  4 3  -4.04376E+00
   16  T  1  7 4  -4.00069E+00
   17  T 10  4 3  -3.81469E+00
   18  T 12  4 3  -3.39628E+00
   19  T 11  4 3  -3.23936E+00
   20  T  2  6 3  -3.22336E+00
   21  T  4  5 2  -3.21403E+00
   22  T  1  8 4  -3.06557E+00
   23  T 13  4 3  -2.94684E+00
   24  T 14  4 3  -2.75615E+00
   25  T  4  5 4  -2.70899E+00
   26  T 18  4 0  -2.51399E+00
   27  T  5  5 4  -2.43973E+00
   28  T  1  9 4  -2.42735E+00
   29  T  3  6 3  -2.31737E+00
   30  T  7  5 2  -2.04676E+00
   31  T  1 10 4  -1.96146E+00
    4    0    1   13
    5  5.222028E+00
    1  C  2  0 0  -2.36463E+01
    2  C  6  0 0  -1.55367E+01
    3  T  5  4 1  -9.33418E+00
    4  T 12  4 2  -4.12076E+00
    5  T  5  5 1  -3.70891E+00
    6  T 16  4 1  -1.72130E+00
    7  T  5  6 1  -8.63350E-01
    8  T 15  4 3   2.67066E-01
    9  T 12  5 2   7.36794E-01
   10  T  5  7 1   8.76414E-01
   11  T  5  8 1   1.90063E+00
   12  T  5  9 1   2.62060E+00
   13  T  5 10 1   3.12767E+00
    4    0    0   12
    2  2.249687E+00
    1  T  2  4 1  -1.23414E+01
    2  T  7  4 2  -7.12004E+00
    3  T  2  5 1  -6.67694E+00
    4  T 11  4 1  -5.54318E+00
    5  T  2  6 1  -3.83205E+00
    6  T  9  4 3  -3.67977E+00
    7  T  2  7 1  -2.19628E+00
    8  T  7  5 2  -2.06534E+00
    9  T  2  8 1  -1.06801E+00
   10  T  2  9 1  -3.48856E-01
   11  T 11  5 1   4.98784E-02
   12  T  2 10 1   1.59534E-01
    4    1    1   31
    2  2.249687E+00
    1  T  2  3 2  -2.25986E+01
    2  C  6  0 0  -1.60287E+01
    3  T  2  4 0  -1.34804E+01
    4  T  2  4 2  -1.09661E+01
    5  T  5  4 1  -9.40136E+00
    6  T  7  4 1  -8.34280E+00
    7  T  2  5 0  -7.24295E+00
    8  T 11  4 0  -6.55904E+00
    9  T  7  4 3  -6.22438E+00
   10  T  2  5 2  -6.01419E+00
   11  T  9  4 2  -4.53868E+00
   12  T 12  4 2  -4.37396E+00
   13  T  2  6 0  -4.14213E+00
   14  T 11  4 2  -4.08161E+00
   15  T  5  5 1  -3.71455E+00
   16  T  2  6 2  -3.45445E+00
   17  T  7  5 1  -2.74055E+00
   18  T  2  7 0  -2.31283E+00
   19  T  2  7 2  -1.93010E+00
   20  T  7  5 3  -1.71528E+00
   21  T 16  4 1  -1.58463E+00
   22  T  2  8 0  -1.19021E+00
   23  T  2  8 2  -9.32599E-01
   24  T  5  6 1  -8.65537E-01
   25  T  2  9 0  -4.29449E-01
   26  T 11  5 0  -4.21589E-01
   27  T  2  9 2  -2.47962E-01
   28  T  2 10 0   8.19192E-02
   29  T  9  5 2   1.17671E-01
   30  T  7  6 1   1.26844E-01
   31  T  2 10 2   2.32169E-01
    4    1    0   28
    2  2.249687E+00
    1  C  1  0 0  -2.67468E+01
    2  T  5  3 2  -1.95924E+01
    3  C  3  0 0  -1.84393E+01
    4  T  2  4 1  -1.23769E+01
    5  C  9  0 0  -1.20440E+01
    6  T  5  4 0  -1.04138E+01
    7  T  5  4 2  -8.13687E+00
    8  T  7  4 2  -6.91997E+00
    9  T  2  5 1  -6.69836E+00
   10  T 11  4 1  -5.60059E+00
   11  T 12  4 1  -5.47096E+00
   12  T  5  5 0  -4.24748E+00
   13  T  2  6 1  -3.83906E+00
   14  T  9  4 3  -3.71204E+00
   15  T 12  4 3  -3.38892E+00
   16  T  5  5 2  -3.11195E+00
   17  T 16  4 0  -2.61439E+00
   18  T  2  7 1  -2.16482E+00
   19  T  7  5 2  -2.02746E+00
   20  T  5  6 0  -1.15088E+00
   21  T  2  8 1  -1.06793E+00
   22  T 15  4 2  -6.76403E-01
   23  T  5  6 2  -5.33705E-01
   24  T  2  9 1  -3.50313E-01
   25  T 16  4 2  -1.99663E-01
   26  T 11  5 1   4.43957E-02
   27  T 12  5 1   1.20734E-01
   28  T  2 10 1   1.56968E-01
    4    2    1   29
    2  2.249687E+00
    1  T  2  3 2  -2.25807E+01
    2  C  6  0 0: -1.61960E+01
    3  C  4  0 0: -1.58519E+01
    4  T  2  4 2  -1.11727E+01
    5  T  5  4 1  -9.48591E+00
    6  T  7  4 1  -8.45954E+00
    7  T  5  4 3  -7.32630E+00
    8  T 12  4 0  -6.51822E+00
    9  T  7  4 3  -6.23600E+00
   10  T  2  5 2  -6.10802E+00
   11  T  9  4 2  -4.65175E+00
   12  T 11  4 2  -4.17759E+00
   13  T 12  4 2  -4.11886E+00
   14  T  5  5 1  -3.79017E+00
   15  T  2  6 2  -3.48822E+00
   16  T  7  5 1  -2.79434E+00
   17  T  5  5 3  -2.77466E+00
   18  T 15  4 1  -1.97177E+00
   19  T  2  7 2  -1.94251E+00
   20  T  7  5 3  -1.73451E+00
   21  T 16  4 1  -1.65076E+00
   22  T  2  8 2  -9.54931E-01
   23  T  5  6 1  -8.79352E-01
   24  T 12  5 0  -3.91397E-01
   25  T  5  6 3  -3.17132E-01
   26  T  2  9 2  -2.54476E-01
   27  T  9  5 2  -4.63719E-02
   28  T  7  6 1   8.36251E-02
   29  T  2 10 2   2.27468E-01
    4    2    0   35
    2  2.249687E+00
    1  T  5  3 2  -2.00264E+01
    2  T  2  4 1  -1.24963E+01
    3  T  2  4 3  -1.02064E+01
    4  T  7  4 0  -9.46689E+00
    5  T  5  4 2  -7.98466E+00
    6  T  7  4 2  -7.23239E+00
    7  T  2  5 1  -6.75783E+00
    8  T  9  4 1  -5.89597E+00
    9  T  2  5 3  -5.70757E+00
   10  T 11  4 1: -5.62920E+00
   11  T 12  4 1  -5.50799E+00
   12  T  2  6 1  -3.87053E+00
   13  T  9  4 3  -3.79953E+00
   14  T 12  4 3: -3.57402E+00
   15  T 11  4 3: -3.42823E+00
   16  T  7  5 0  -3.28187E+00
   17  T  2  6 3  -3.25779E+00
   18  T  5  5 2  -3.05891E+00
   19  T  7  5 2  -2.20652E+00
   20  T  2  7 1  -2.13068E+00
   21  T  2  7 3  -1.79716E+00
   22  T  7  5 4  -1.58781E+00
   23  T  2  8 1  -1.08150E+00
   24  T  2  8 3  -8.43757E-01
   25  T 15  4 2  -8.00567E-01
   26  T  5  6 2  -5.06600E-01
   27  T  9  5 1  -3.62699E-01
   28  T 16  4 2  -3.56120E-01
   29  T  2  9 1  -3.45858E-01
   30  T  2  9 3  -1.92183E-01
   31  T  7  6 0  -1.55324E-01
   32  T 11  5 1   2.77546E-02
   33  T 12  5 1   1.29920E-01
   34  T  2 10 1   1.57530E-01
   35  T  2 10 3   2.73732E-01
    4    3    1   31
    2  2.249687E+00
    1  T  2  3 2  -2.30334E+01
    2  C  4  0 0  -1.61579E+01
    3  T  2  4 2  -1.10367E+01
    4  T  7  4 1  -8.43125E+00
    5  T  5  4 3  -7.30734E+00
    6  T  9  4 0  -6.98534E+00
    7  T  7  4 3  -6.46265E+00
    8  T  2  5 2  -6.08726E+00
    9  T  2  5 4  -5.55270E+00
   10  T  9  4 2  -4.79098E+00
   11  T 11  4 2  -4.29163E+00
   12  T 12  4 2  -4.15676E+00
   13  T  2  6 2  -3.48993E+00
   14  T  2  6 4  -3.19108E+00
   15  T  7  5 1  -2.77354E+00
   16  T  5  5 3  -2.75047E+00
   17  T 15  4 1  -2.03523E+00
   18  T  2  7 2  -1.93389E+00
   19  T  7  5 3  -1.83071E+00
   20  T  2  7 4  -1.74417E+00
   21  T  2  8 2  -9.33084E-01
   22  T  9  5 0  -8.61683E-01
   23  T  2  8 4  -8.12839E-01
   24  T  5  6 3  -3.11158E-01
   25  T  2  9 2  -2.47978E-01
   26  T  2  9 4  -1.69220E-01
   27  T 15  4 3   7.96643E-02
   28  T  7  6 1   9.64211E-02
   29  T  2 10 2   2.28735E-01
   30  T  9  5 2   2.36820E-01
   31  T  2 10 4   2.89074E-01
    4    3    0   28
    2  2.249687E+00
    1  T  5  3 2  -2.02009E+01
    2  C  3  0 0  -1.87612E+01
    3  C  9  0 0  -1.23598E+01
    4  T  2  4 3  -1.03675E+01
    5  T  5  4 2  -8.10885E+00
    6  T  7  4 2  -7.03493E+00
    7  T  9  4 1  -6.04427E+00
    8  T  2  5 3  -5.77346E+00
    9  T 12  4 1  -5.56776E+00
   10  T  9  4 3  -3.95567E+00
   11  T 11  4 3  -3.54524E+00
   12  T 12  4 3  -3.37847E+00
   13  T  2  6 3  -3.30112E+00
   14  T  5  5 2  -3.12774E+00
   15  T 15  4 0  -2.97355E+00
   16  T  5  5 4  -2.62952E+00
   17  T  7  5 2  -2.11472E+00
   18  T  2  7 3  -1.81510E+00
   19  T  7  5 4  -1.63629E+00
   20  T  2  8 3  -8.56216E-01
   21  T 15  4 2  -5.56322E-01
   22  T  5  6 2  -5.32594E-01
   23  T  9  5 1  -3.99871E-01
   24  T 16  4 2  -3.45082E-01
   25  T  5  6 4  -2.44981E-01
   26  T  2  9 3  -1.99840E-01
   27  T 12  5 1   6.80277E-02
   28  T  2 10 3   2.67507E-01
    4    4    1   17
    2  2.249687E+00
    1  C  4  0 0  -1.66676E+01
    2  T  5  4 3  -7.44657E+00
    3  T  7  4 3  -6.27799E+00
    4  T  2  5 4  -5.61560E+00
    5  T  9  4 2  -4.68473E+00
    6  T 12  4 2  -4.28057E+00
    7  T  2  6 4  -3.22676E+00
    8  T  5  5 3  -2.80913E+00
    9  T 15  4 1  -2.04226E+00
   10  T  2  7 4  -1.79719E+00
   11  T  7  5 3  -1.73041E+00
   12  T  2  8 4  -8.26354E-01
   13  T  5  6 3  -3.32394E-01
   14  T  2  9 4  -1.78342E-01
   15  T 15  4 3   4.63863E-02
   16  T  9  5 2   2.47584E-01
   17  T  2 10 4   2.81796E-01
    4    4    0   18
    2  2.249687E+00
    1  T  2  4 3  -1.03421E+01
    2  T  7  4 2  -7.20623E+00
    3  T  9  4 1  -6.05285E+00
    4  T  2  5 3  -5.75813E+00
    5  T  9  4 3  -4.04051E+00
    6  T 11  4 3  -3.62798E+00
    7  T 12  4 3  -3.50469E+00
    8  T  2  6 3  -3.29205E+00
    9  T  5  5 4  -2.55985E+00
   10  T  7  5 2  -2.17245E+00
   11  T  2  7 3  -1.81121E+00
   12  T  7  5 4  -1.66055E+00
   13  T  2  8 3  -8.52993E-01
   14  T 15  4 2  -8.42174E-01
   15  T  9  5 1  -4.03750E-01
   16  T  5  6 4  -2.16609E-01
   17  T  2  9 3  -1.96251E-01
   18  T  2 10 3   2.69341E-01
    0    0    0    0
