   26   12    E
    1    0    0   15
    1  0.000000E+00
    1  C  1  0 0  -3.35246E+01
    2  C  2  0 0  -2.75067E+01
    3  C  3  0 0  -1.99012E+01
    4  T  1  4 0  -1.71950E+01
    5  T  2  4 1  -1.31430E+01
    6  T  1  5 0  -1.04905E+01
    7  T  3  4 2  -8.19026E+00
    8  T  2  5 1  -7.24608E+00
    9  T  1  6 0  -6.97603E+00
   10  T  1  7 0  -5.11424E+00
   11  T  2  6 1  -4.10499E+00
   12  T  1  8 0  -3.84918E+00
   13  T  1  9 0  -3.03254E+00
   14  T  3  5 2  -2.97094E+00
   15  T  1 10 0  -2.43060E+00
    1    1    1   20
    1  0.000000E+00
    1  T  1  3 1  -3.02989E+01
    2  T  2  3 2  -2.36964E+01
    3  T  1  4 1  -1.63049E+01
    4  T  2  4 0  -1.44964E+01
    5  T  2  4 2  -1.21398E+01
    6  T  1  5 1  -1.00678E+01
    7  T  3  4 1  -9.77629E+00
    8  T  2  5 0  -7.83559E+00
    9  T  3  4 3  -7.69166E+00
   10  T  1  6 1  -6.86567E+00
   11  T  2  5 2  -6.62146E+00
   12  T  1  7 1  -4.95662E+00
   13  T  2  6 0  -4.44228E+00
   14  T  2  6 2  -3.85937E+00
   15  T  1  8 1  -3.77852E+00
   16  T  3  5 1  -3.66119E+00
   17  T  1  9 1  -2.94422E+00
   18  T  3  5 3  -2.74961E+00
   19  T  2  7 0  -2.46293E+00
   20  T  1 10 1  -2.36510E+00
    1    1    0   10
    2  2.653424E+00
    1  T  2  4 1  -1.37891E+01
    2  T  3  4 2  -8.83162E+00
    3  T  2  5 1  -7.45303E+00
    4  T  2  6 1  -4.21727E+00
    5  T  3  5 2  -3.25175E+00
    6  T  2  7 1  -2.31778E+00
    7  T  2  8 1  -1.11459E+00
    8  T  3  6 2  -3.28964E-01
    9  T  2  9 1  -2.87491E-01
   10  T  2 10 1   2.76525E-01
    1    2    1   14
    2  2.653424E+00
    1  T  2  3 2  -2.48818E+01
    2  T  2  4 2  -1.23803E+01
    3  T  3  4 1  -1.01418E+01
    4  T  3  4 3  -8.09652E+00
    5  T  2  5 2  -6.80334E+00
    6  T  3  5 1  -3.89072E+00
    7  T  2  6 2  -3.85669E+00
    8  T  3  5 3  -2.92326E+00
    9  T  2  7 2  -2.09814E+00
   10  T  2  8 2  -9.69399E-01
   11  T  3  6 1  -6.73604E-01
   12  T  2  9 2  -2.02083E-01
   13  T  3  6 3  -1.31706E-01
   14  T  2 10 2   3.49026E-01
    1    2    0   22
    1  0.000000E+00
    1  C  2  0 0  -2.83941E+01
    2  T  1  3 2  -2.65397E+01
    3  C  3  0 0  -2.07058E+01
    4  T  1  4 2  -1.49839E+01
    5  T  2  4 1  -1.34095E+01
    6  T  2  4 3  -1.13283E+01
    7  T  3  4 0  -1.09743E+01
    8  T  1  5 2  -9.41050E+00
    9  T  3  4 2  -8.51845E+00
   10  T  2  5 1  -7.30315E+00
   11  T  1  6 2  -6.50119E+00
   12  T  2  5 3  -6.30965E+00
   13  T  1  7 2  -4.74272E+00
   14  T  3  5 0  -4.34090E+00
   15  T  2  6 1  -4.11336E+00
   16  T  1  8 2  -3.63608E+00
   17  T  2  6 3  -3.57209E+00
   18  T  3  5 2  -3.15030E+00
   19  T  1  9 2  -2.84602E+00
   20  T  3  5 4  -2.75982E+00
   21  T  1 10 2  -2.31235E+00
   22  T  2  7 1  -2.26443E+00
    1    3    1   17
    1  0.000000E+00
    1  T  2  3 2  -2.38094E+01
    2  T  1  4 3  -1.41565E+01
    3  T  2  4 2  -1.22583E+01
    4  T  3  4 1  -9.87251E+00
    5  T  1  5 3  -9.06108E+00
    6  T  3  4 3  -7.89900E+00
    7  T  2  5 2  -6.72388E+00
    8  T  1  6 3  -6.28898E+00
    9  T  2  5 4  -6.27614E+00
   10  T  1  7 3  -4.61834E+00
   11  T  2  6 2  -3.90219E+00
   12  T  3  5 1  -3.71240E+00
   13  T  2  6 4  -3.56742E+00
   14  T  1  8 3  -3.53292E+00
   15  T  3  5 3  -2.85322E+00
   16  T  1  9 3  -2.78075E+00
   17  T  1 10 3  -2.25927E+00
    1    3    0   12
    2  2.653424E+00
    1  T  2  4 3  -1.17379E+01
    2  T  3  4 2  -8.92075E+00
    3  T  2  5 3  -6.49806E+00
    4  T  2  6 3  -3.68209E+00
    5  T  3  5 2  -3.29726E+00
    6  T  3  5 4  -2.84005E+00
    7  T  2  7 3  -1.99054E+00
    8  T  2  8 3  -8.97231E-01
    9  T  3  6 2  -3.40537E-01
   10  T  2  9 3  -1.49341E-01
   11  T  3  6 4  -8.78227E-02
   12  T  2 10 3   3.85520E-01
    1    4    1    9
    2  2.653424E+00
    1  T  3  4 3  -8.27498E+00
    2  T  2  5 4  -6.40623E+00
    3  T  2  6 4  -3.63487E+00
    4  T  3  5 3  -2.99172E+00
    5  T  2  7 4  -1.96006E+00
    6  T  2  8 4  -8.77382E-01
    7  T  3  6 3  -1.73275E-01
    8  T  2  9 4  -1.30783E-01
    9  T  2 10 4   3.95909E-01
    1    4    0   12
    1  0.000000E+00
    1  C  3  0 0  -2.06789E+01
    2  T  2  4 3  -1.13866E+01
    3  T  1  5 4  -8.98619E+00
    4  T  3  4 2  -8.45724E+00
    5  T  2  5 3  -6.40898E+00
    6  T  1  6 4  -6.19204E+00
    7  T  1  7 4  -4.58842E+00
    8  T  2  6 3  -3.62603E+00
    9  T  1  8 4  -3.50221E+00
   10  T  3  5 2  -3.12827E+00
   11  T  3  5 4  -2.84264E+00
   12  T  1  9 4  -2.76909E+00
    3    0    0   13
    1  0.000000E+00
    1  T  1  4 0  -1.74087E+01
    2  T  2  4 1  -1.35513E+01
    3  T  1  5 0  -1.05664E+01
    4  T  3  4 2  -8.72554E+00
    5  T  2  5 1  -7.36261E+00
    6  T  1  6 0  -7.09626E+00
    7  T  1  7 0  -5.13373E+00
    8  T  2  6 1  -4.16555E+00
    9  T  1  8 0  -3.86775E+00
   10  T  3  5 2  -3.20071E+00
   11  T  1  9 0  -3.02583E+00
   12  T  1 10 0  -2.43470E+00
   13  T  2  7 1  -2.27974E+00
    3    1    1   20
    1  0.000000E+00
    1  T  1  3 1  -3.12827E+01
    2  T  2  3 2  -2.44766E+01
    3  T  1  4 1  -1.63136E+01
    4  T  2  4 0  -1.46494E+01
    5  T  2  4 2  -1.21810E+01
    6  T  1  5 1  -1.00554E+01
    7  T  3  4 1  -9.95896E+00
    8  T  3  4 3  -7.91437E+00
    9  T  2  5 0  -7.86757E+00
   10  T  1  6 1  -6.87403E+00
   11  T  2  5 2  -6.67354E+00
   12  T  1  7 1  -4.95936E+00
   13  T  2  6 0  -4.46046E+00
   14  T  2  6 2  -3.83379E+00
   15  T  3  5 1  -3.80020E+00
   16  T  1  8 1  -3.73720E+00
   17  T  1  9 1  -2.94740E+00
   18  T  3  5 3  -2.84445E+00
   19  T  2  7 0  -2.46972E+00
   20  T  1 10 1  -2.37224E+00
    3    1    0   12
    2  2.653424E+00
    1  C  2  0 0  -2.83063E+01
    2  C  3  0 0  -2.06701E+01
    3  T  2  4 1  -1.35769E+01
    4  T  3  4 2  -8.48911E+00
    5  T  2  5 1  -7.37799E+00
    6  T  2  6 1  -4.18437E+00
    7  T  3  5 2  -3.13578E+00
    8  T  2  7 1  -2.29816E+00
    9  T  2  8 1  -1.10298E+00
   10  T  2  9 1  -3.03970E-01
   11  T  3  6 2  -2.49688E-01
   12  T  2 10 1   2.81959E-01
    3    2    1   14
    2  2.653424E+00
    1  T  2  3 2  -2.44625E+01
    2  T  2  4 2  -1.23790E+01
    3  T  3  4 1  -1.00825E+01
    4  T  3  4 3  -7.93583E+00
    5  T  2  5 2  -6.79425E+00
    6  T  3  5 1  -3.91445E+00
    7  T  2  6 2  -3.81300E+00
    8  T  3  5 3  -2.86026E+00
    9  T  2  7 2  -2.09531E+00
   10  T  2  8 2  -9.69199E-01
   11  T  3  6 1  -6.65243E-01
   12  T  2  9 2  -1.99721E-01
   13  T  3  6 3  -1.00713E-01
   14  T  2 10 2   3.49949E-01
    3    2    0   20
    1  0.000000E+00
    1  T  1  3 2  -2.73150E+01
    2  T  1  4 2  -1.50030E+01
    3  T  2  4 1  -1.36749E+01
    4  T  2  4 3  -1.15126E+01
    5  T  3  4 0  -1.10507E+01
    6  T  1  5 2  -9.42953E+00
    7  T  3  4 2  -8.86728E+00
    8  T  2  5 1  -7.40994E+00
    9  T  1  6 2  -6.51263E+00
   10  T  2  5 3  -6.37921E+00
   11  T  1  7 2  -4.74645E+00
   12  T  3  5 0  -4.34920E+00
   13  T  2  6 1  -4.17625E+00
   14  T  2  6 3  -3.65136E+00
   15  T  1  8 2  -3.59627E+00
   16  T  3  5 2  -3.27135E+00
   17  T  1  9 2  -2.84888E+00
   18  T  3  5 4  -2.77875E+00
   19  T  2  7 1  -2.32144E+00
   20  T  1 10 2  -2.28606E+00
    3    3    1   17
    1  0.000000E+00
    1  T  2  3 2  -2.49422E+01
    2  T  1  4 3  -1.42937E+01
    3  T  2  4 2  -1.22798E+01
    4  T  3  4 1  -1.00557E+01
    5  T  1  5 3  -9.10940E+00
    6  T  3  4 3  -8.19177E+00
    7  T  2  5 2  -6.75917E+00
    8  T  1  6 3  -6.32607E+00
    9  T  2  5 4  -6.29571E+00
   10  T  1  7 3  -4.63150E+00
   11  T  3  5 1  -3.86997E+00
   12  T  2  6 2  -3.81302E+00
   13  T  2  6 4  -3.58494E+00
   14  T  1  8 3  -3.54005E+00
   15  T  3  5 3  -2.96163E+00
   16  T  1  9 3  -2.79641E+00
   17  T  1 10 3  -2.26398E+00
    3    3    0   13
    2  2.653424E+00
    1  C  3  0 0  -2.09944E+01
    2  T  2  4 3  -1.16693E+01
    3  T  3  4 2  -8.65393E+00
    4  T  2  5 3  -6.47489E+00
    5  T  2  6 3  -3.67117E+00
    6  T  3  5 2  -3.21064E+00
    7  T  3  5 4  -2.83241E+00
    8  T  2  7 3  -1.98472E+00
    9  T  2  8 3  -8.93600E-01
   10  T  3  6 2  -2.99876E-01
   11  T  2  9 3  -1.46676E-01
   12  T  3  6 4  -8.27338E-02
   13  T  2 10 3   3.87145E-01
    3    4    1    9
    2  2.653424E+00
    1  T  3  4 3  -7.99136E+00
    2  T  2  5 4  -6.39677E+00
    3  T  2  6 4  -3.63265E+00
    4  T  3  5 3  -2.88496E+00
    5  T  2  7 4  -1.95679E+00
    6  T  2  8 4  -8.75885E-01
    7  T  2  9 4  -1.46452E-01
    8  T  3  6 3  -1.04554E-01
    9  T  2 10 4   3.97058E-01
    3    4    0   12
    1  0.000000E+00
    1  T  2  4 3  -1.16862E+01
    2  T  1  5 4  -9.01775E+00
    3  T  3  4 2  -8.82147E+00
    4  T  2  5 3  -6.48054E+00
    5  T  1  6 4  -6.24174E+00
    6  T  1  7 4  -4.59732E+00
    7  T  2  6 3  -3.66763E+00
    8  T  1  8 4  -3.51661E+00
    9  T  3  5 2  -3.25894E+00
   10  T  3  5 4  -2.86074E+00
   11  T  1  9 4  -2.77935E+00
   12  T  1 10 4  -2.25245E+00
    0    0    0    0
