    2    2    F
  1  0  0    1  1  1        90
    1    1   -.281E+00   -.278E+00
    1    2   -.743E-01   -.741E-01
    1    3   -.303E-01   -.301E-01
    1    4   -.152E-01   -.152E-01
    1    5   -.873E-02   -.871E-02
    1    6   -.547E-02   -.546E-02
    1    7   -.365E-02   -.365E-02
    1    8   -.256E-02   -.255E-02
    1    9   -.186E-02   -.186E-02
    2    1   -.362E+00    .000E+00
    2    2   -.160E+00    .000E+00
    2    3   -.513E-01   -.510E-01
    2    4   -.232E-01   -.231E-01
    2    5   -.126E-01   -.125E-01
    2    6   -.761E-02   -.757E-02
    2    7   -.497E-02   -.495E-02
    2    8   -.343E-02   -.342E-02
    2    9   -.247E-02   -.246E-02
    3    1    .140E+00    .000E+00
    3    2   -.603E+00    .000E+00
    3    3   -.154E+00    .000E+00
    3    4   -.531E-01    .000E+00
    3    5   -.253E-01    .000E+00
    3    6   -.142E-01    .000E+00
    3    7   -.891E-02    .000E+00
    3    8   -.598E-02    .000E+00
    3    9   -.422E-02    .000E+00
    4    1    .251E-01    .000E+00
    4    2    .297E+00    .000E+00
    4    3   -.825E+00    .000E+00
    4    4   -.158E+00    .000E+00
    4    5   -.558E-01    .000E+00
    4    6   -.272E-01    .000E+00
    4    7   -.157E-01    .000E+00
    4    8   -.997E-02    .000E+00
    4    9   -.679E-02    .000E+00
    5    1    .941E-02    .961E-02
    5    2    .542E-01    .000E+00
    5    3    .460E+00    .000E+00
    5    4   -.104E+01    .000E+00
    5    5   -.165E+00    .000E+00
    5    6   -.590E-01    .000E+00
    5    7   -.291E-01    .000E+00
    5    8   -.169E-01    .000E+00
    5    9   -.109E-01    .000E+00
    6    1    .466E-02    .476E-02
    6    2    .207E-01    .000E+00
    6    3    .843E-01    .000E+00
    6    4    .626E+00    .000E+00
    6    5   -.126E+01    .000E+00
    6    6   -.174E+00    .000E+00
    6    7   -.625E-01    .000E+00
    6    8   -.310E-01    .000E+00
    6    9   -.182E-01    .000E+00
    7    1    .268E-02    .274E-02
    7    2    .104E-01    .000E+00
    7    3    .324E-01    .000E+00
    7    4    .115E+00    .000E+00
    7    5    .794E+00    .000E+00
    7    6   -.147E+01    .000E+00
    7    7   -.185E+00    .000E+00
    7    8   -.663E-01    .000E+00
    7    9   -.329E-01    .000E+00
    8    1    .169E-02    .173E-02
    8    2    .612E-02    .000E+00
    8    3    .165E-01    .000E+00
    8    4    .443E-01    .000E+00
    8    5    .145E+00    .000E+00
    8    6    .962E+00    .000E+00
    8    7   -.168E+01    .000E+00
    8    8   -.197E+00    .000E+00
    8    9   -.702E-01    .000E+00
    9    1    .114E-02    .117E-02
    9    2    .393E-02    .000E+00
    9    3    .977E-02    .000E+00
    9    4    .227E-01    .000E+00
    9    5    .561E-01    .000E+00
    9    6    .176E+00    .000E+00
    9    7    .113E+01    .000E+00
    9    8   -.189E+01    .000E+00
    9    9   -.208E+00    .000E+00
   10    1    .809E-03    .828E-03
   10    2    .269E-02    .000E+00
   10    3    .634E-02    .000E+00
   10    4    .135E-01    .000E+00
   10    5    .288E-01    .000E+00
   10    6    .680E-01    .000E+00
   10    7    .206E+00    .000E+00
   10    8    .130E+01    .000E+00
   10    9   -.210E+01    .000E+00
  1  2  0    1  1  1        72
    1    1    .213E+01    .000E+00
    1    2   -.684E-01    .000E+00
    1    3   -.453E-01    .000E+00
    1    4   -.923E-02    .000E+00
    1    5   -.352E-02    .000E+00
    1    6   -.176E-02    .000E+00
    1    7   -.102E-02    .000E+00
    1    8   -.654E-03    .000E+00
    1    9   -.446E-03    .000E+00
    2    1    .361E+00    .000E+00
    2    2    .195E+01    .000E+00
    2    3   -.125E+00    .000E+00
    2    4   -.117E+00    .000E+00
    2    5   -.249E-01    .000E+00
    2    6   -.972E-02    .000E+00
    2    7   -.494E-02    .000E+00
    2    8   -.291E-02    .000E+00
    2    9   -.188E-02    .000E+00
    3    1    .130E+00    .130E+00
    3    2    .424E+00    .000E+00
    3    3    .195E+01    .000E+00
    3    4   -.184E+00    .000E+00
    3    5   -.203E+00    .000E+00
    3    6   -.446E-01    .000E+00
    3    7   -.177E-01    .000E+00
    3    8   -.909E-02    .000E+00
    3    9   -.539E-02    .000E+00
    4    1    .627E-01    .630E-01
    4    2    .169E+00    .000E+00
    4    3    .459E+00    .000E+00
    4    4    .202E+01    .000E+00
    4    5   -.235E+00    .000E+00
    4    6   -.299E+00    .000E+00
    4    7   -.669E-01    .000E+00
    4    8   -.268E-01    .000E+00
    4    9   -.139E-01    .000E+00
    5    1    .356E-01    .358E-01
    5    2    .867E-01    .000E+00
    5    3    .191E+00    .000E+00
    5    4    .490E+00    .000E+00
    5    5    .212E+01    .000E+00
    5    6   -.285E+00    .000E+00
    5    7   -.402E+00    .000E+00
    5    8   -.910E-01    .000E+00
    5    9   -.368E-01    .000E+00
    6    1    .223E-01    .224E-01
    6    2    .512E-01    .000E+00
    6    3    .101E+00    .000E+00
    6    4    .208E+00    .000E+00
    6    5    .521E+00    .000E+00
    6    6    .224E+01    .000E+00
    6    7   -.334E+00    .000E+00
    6    8   -.509E+00    .000E+00
    6    9   -.116E+00    .000E+00
    7    1    .150E-01    .151E-01
    7    2    .331E-01    .000E+00
    7    3    .610E-01    .000E+00
    7    4    .112E+00    .000E+00
    7    5    .224E+00    .000E+00
    7    6    .553E+00    .000E+00
    7    7    .236E+01    .000E+00
    7    8   -.382E+00    .000E+00
    7    9   -.619E+00    .000E+00
    8    1    .106E-01    .107E-01
    8    2    .228E-01    .000E+00
    8    3    .402E-01    .000E+00
    8    4    .685E-01    .000E+00
    8    5    .121E+00    .000E+00
    8    6    .239E+00    .000E+00
    8    7    .586E+00    .000E+00
    8    8    .250E+01    .000E+00
    8    9   -.429E+00    .000E+00
  3  0  0    3  1  1        81
    1    1   -.162E+01    .000E+00
    1    2   -.192E+00   -.193E+00
    1    3   -.771E-01   -.771E-01
    1    4   -.374E-01   -.374E-01
    1    5   -.209E-01   -.209E-01
    1    6   -.129E-01   -.129E-01
    1    7   -.848E-02   -.849E-02
    1    8   -.589E-02   -.590E-02
    1    9   -.426E-02   -.426E-02
    2    1    .627E+00    .000E+00
    2    2   -.268E+01    .000E+00
    2    3   -.149E+00    .000E+00
    2    4   -.683E-01    .000E+00
    2    5   -.358E-01    .000E+00
    2    6   -.211E-01    .000E+00
    2    7   -.136E-01    .000E+00
    2    8   -.924E-02    .000E+00
    2    9   -.659E-02    .000E+00
    3    1    .953E-01    .000E+00
    3    2    .131E+01    .000E+00
    3    3   -.365E+01    .000E+00
    3    4   -.131E+00    .000E+00
    3    5   -.644E-01    .000E+00
    3    6   -.351E-01    .000E+00
    3    7   -.214E-01    .000E+00
    3    8   -.140E-01    .000E+00
    3    9   -.977E-02    .000E+00
    4    1    .341E-01    .342E-01
    4    2    .203E+00    .000E+00
    4    3    .201E+01    .000E+00
    4    4   -.460E+01    .000E+00
    4    5   -.123E+00    .000E+00
    4    6   -.628E-01    .000E+00
    4    7   -.350E-01    .000E+00
    4    8   -.217E-01    .000E+00
    4    9   -.145E-01    .000E+00
    5    1    .165E-01    .166E-01
    5    2    .742E-01    .000E+00
    5    3    .312E+00    .000E+00
    5    4    .272E+01    .000E+00
    5    5   -.554E+01    .000E+00
    5    6   -.119E+00    .000E+00
    5    7   -.624E-01    .000E+00
    5    8   -.352E-01    .000E+00
    5    9   -.221E-01    .000E+00
    6    1    .936E-02    .939E-02
    6    2    .367E-01    .000E+00
    6    3    .115E+00    .000E+00
    6    4    .421E+00    .000E+00
    6    5    .343E+01    .000E+00
    6    6   -.646E+01    .000E+00
    6    7   -.118E+00    .000E+00
    6    8   -.628E-01    .000E+00
    6    9   -.358E-01    .000E+00
    7    1    .586E-02    .588E-02
    7    2    .212E-01    .000E+00
    7    3    .574E-01    .000E+00
    7    4    .155E+00    .000E+00
    7    5    .529E+00    .000E+00
    7    6    .414E+01    .000E+00
    7    7   -.739E+01    .000E+00
    7    8   -.118E+00    .000E+00
    7    9   -.637E-01    .000E+00
    8    1    .393E-02    .394E-02
    8    2    .135E-01    .000E+00
    8    3    .335E-01    .000E+00
    8    4    .779E-01    .000E+00
    8    5    .195E+00    .000E+00
    8    6    .637E+00    .000E+00
    8    7    .485E+01    .000E+00
    8    8   -.831E+01    .000E+00
    8    9   -.120E+00    .000E+00
    9    1    .277E-02    .278E-02
    9    2    .922E-02    .000E+00
    9    3    .216E-01    .000E+00
    9    4    .458E-01    .000E+00
    9    5    .981E-01    .000E+00
    9    6    .235E+00    .000E+00
    9    7    .744E+00    .000E+00
    9    8    .556E+01    .000E+00
    9    9   -.923E+01    .000E+00
  3  2  0    3  1  1        72
    1    1    .550E+01    .000E+00
    1    2    .999E+00    .000E+00
    1    3   -.331E+00    .000E+00
    1    4   -.618E-01    .000E+00
    1    5   -.232E-01    .000E+00
    1    6   -.115E-01    .000E+00
    1    7   -.667E-02    .000E+00
    1    8   -.425E-02    .000E+00
    1    9   -.290E-02    .000E+00
    2    1    .111E+01    .111E+01
    2    2    .431E+01    .000E+00
    2    3    .179E+01    .000E+00
    2    4   -.790E+00    .000E+00
    2    5   -.153E+00    .000E+00
    2    6   -.583E-01    .000E+00
    2    7   -.294E-01    .000E+00
    2    8   -.172E-01    .000E+00
    2    9   -.111E-01    .000E+00
    3    1    .423E+00    .424E+00
    3    2    .112E+01    .000E+00
    3    3    .396E+01    .000E+00
    3    4    .250E+01    .000E+00
    3    5   -.132E+01    .000E+00
    3    6   -.259E+00    .000E+00
    3    7   -.100E+00    .000E+00
    3    8   -.509E-01    .000E+00
    3    9   -.300E-01    .000E+00
    4    1    .211E+00    .212E+00
    4    2    .478E+00    .000E+00
    4    3    .112E+01    .000E+00
    4    4    .388E+01    .000E+00
    4    5    .316E+01    .000E+00
    4    6   -.188E+01    .000E+00
    4    7   -.375E+00    .000E+00
    4    8   -.146E+00    .000E+00
    4    9   -.746E-01    .000E+00
    5    1    .122E+00    .122E+00
    5    2    .254E+00    .000E+00
    5    3    .498E+00    .000E+00
    5    4    .113E+01    .000E+00
    5    5    .392E+01    .000E+00
    5    6    .379E+01    .000E+00
    5    7   -.247E+01    .000E+00
    5    8   -.497E+00    .000E+00
    5    9   -.194E+00    .000E+00
    6    1    .774E-01    .776E-01
    6    2    .153E+00    .000E+00
    6    3    .273E+00    .000E+00
    6    4    .515E+00    .000E+00
    6    5    .116E+01    .000E+00
    6    6    .402E+01    .000E+00
    6    7    .441E+01    .000E+00
    6    8   -.307E+01    .000E+00
    6    9   -.622E+00    .000E+00
    7    1    .524E-01    .525E-01
    7    2    .100E+00    .000E+00
    7    3    .169E+00    .000E+00
    7    4    .287E+00    .000E+00
    7    5    .532E+00    .000E+00
    7    6    .119E+01    .000E+00
    7    7    .416E+01    .000E+00
    7    8    .502E+01    .000E+00
    7    9   -.369E+01    .000E+00
    8    1    .372E-01    .373E-01
    8    2    .695E-01    .000E+00
    8    3    .113E+00    .000E+00
    8    4    .180E+00    .000E+00
    8    5    .300E+00    .000E+00
    8    6    .551E+00    .000E+00
    8    7    .123E+01    .000E+00
    8    8    .433E+01    .000E+00
    8    9    .563E+01    .000E+00
  0  0  0    0  0  0         0
