    4    2    F
  1  0  0    1  1  1        90
    1    1   -.553E+00   -.552E+00
    1    2   -.127E+00   -.127E+00
    1    3   -.492E-01   -.495E-01
    1    4   -.242E-01   -.244E-01
    1    5   -.137E-01   -.138E-01
    1    6   -.855E-02   -.862E-02
    1    7   -.568E-02   -.573E-02
    1    8   -.397E-02   -.400E-02
    1    9   -.288E-02   -.291E-02
    2    1   -.144E+00    .000E+00
    2    2   -.309E+00   -.310E+00
    2    3   -.827E-01   -.829E-01
    2    4   -.351E-01   -.353E-01
    2    5   -.185E-01   -.186E-01
    2    6   -.110E-01   -.111E-01
    2    7   -.711E-02   -.715E-02
    2    8   -.488E-02   -.490E-02
    2    9   -.350E-02   -.351E-02
    3    1    .763E-01    .764E-01
    3    2   -.249E+00    .000E+00
    3    3   -.327E+00    .000E+00
    3    4   -.928E-01   -.943E-01
    3    5   -.412E-01   -.421E-01
    3    6   -.224E-01   -.230E-01
    3    7   -.137E-01   -.141E-01
    3    8   -.910E-02   -.931E-02
    3    9   -.637E-02   -.651E-02
    4    1    .158E-01    .158E-01
    4    2    .168E+00    .000E+00
    4    3   -.346E+00    .000E+00
    4    4   -.356E+00    .000E+00
    4    5   -.103E+00    .000E+00
    4    6   -.465E-01    .000E+00
    4    7   -.258E-01    .000E+00
    4    8   -.160E-01    .000E+00
    4    9   -.108E-01    .000E+00
    5    1    .615E-02    .616E-02
    5    2    .353E-01    .347E-01
    5    3    .266E+00    .000E+00
    5    4   -.440E+00    .000E+00
    5    5   -.390E+00    .000E+00
    5    6   -.113E+00    .000E+00
    5    7   -.516E-01    .000E+00
    5    8   -.288E-01    .000E+00
    5    9   -.181E-01    .000E+00
    6    1    .310E-02    .310E-02
    6    2    .140E-01    .139E-01
    6    3    .565E-01    .000E+00
    6    4    .368E+00    .000E+00
    6    5   -.533E+00    .000E+00
    6    6   -.427E+00    .000E+00
    6    7   -.123E+00    .000E+00
    6    8   -.565E-01    .000E+00
    6    9   -.317E-01    .000E+00
    7    1    .180E-02    .180E-02
    7    2    .721E-02    .719E-02
    7    3    .226E-01    .000E+00
    7    4    .783E-01    .000E+00
    7    5    .472E+00    .000E+00
    7    6   -.624E+00    .000E+00
    7    7   -.464E+00    .000E+00
    7    8   -.134E+00    .000E+00
    7    9   -.613E-01    .000E+00
    8    1    .115E-02    .115E-02
    8    2    .427E-02    .427E-02
    8    3    .118E-01    .000E+00
    8    4    .316E-01    .000E+00
    8    5    .100E+00    .000E+00
    8    6    .576E+00    .000E+00
    8    7   -.715E+00    .000E+00
    8    8   -.503E+00    .000E+00
    8    9   -.145E+00    .000E+00
    9    1    .779E-03    .779E-03
    9    2    .276E-02    .277E-02
    9    3    .704E-02    .000E+00
    9    4    .165E-01    .000E+00
    9    5    .406E-01    .000E+00
    9    6    .123E+00    .000E+00
    9    7    .682E+00    .000E+00
    9    8   -.806E+00    .000E+00
    9    9   -.542E+00    .000E+00
   10    1    .554E-03    .554E-03
   10    2    .190E-02    .191E-02
   10    3    .460E-02    .000E+00
   10    4    .992E-02    .000E+00
   10    5    .213E-01    .000E+00
   10    6    .497E-01    .000E+00
   10    7    .145E+00    .000E+00
   10    8    .787E+00    .000E+00
   10    9   -.897E+00    .000E+00
  1  2  0    1  1  1        72
    1    1    .213E+01    .213E+01
    1    2   -.660E-01    .000E+00
    1    3   -.461E-01    .000E+00
    1    4   -.942E-02   -.971E-02
    1    5   -.360E-02   -.376E-02
    1    6   -.180E-02   -.189E-02
    1    7   -.105E-02   -.110E-02
    1    8   -.670E-03   -.705E-03
    1    9   -.457E-03   -.481E-03
    2    1    .357E+00    .358E+00
    2    2    .194E+01    .000E+00
    2    3   -.119E+00    .000E+00
    2    4   -.119E+00    .000E+00
    2    5   -.254E-01    .000E+00
    2    6   -.994E-02    .000E+00
    2    7   -.506E-02    .000E+00
    2    8   -.298E-02    .000E+00
    2    9   -.192E-02    .000E+00
    3    1    .128E+00    .128E+00
    3    2    .423E+00    .423E+00
    3    3    .194E+01    .000E+00
    3    4   -.162E+00    .000E+00
    3    5   -.208E+00    .000E+00
    3    6   -.455E-01    .000E+00
    3    7   -.181E-01    .000E+00
    3    8   -.929E-02    .000E+00
    3    9   -.552E-02    .000E+00
    4    1    .619E-01    .620E-01
    4    2    .169E+00    .169E+00
    4    3    .458E+00    .000E+00
    4    4    .200E+01    .000E+00
    4    5   -.204E+00    .000E+00
    4    6   -.306E+00    .000E+00
    4    7   -.684E-01    .000E+00
    4    8   -.274E-01    .000E+00
    4    9   -.142E-01    .000E+00
    5    1    .351E-01    .352E-01
    5    2    .865E-01    .871E-01
    5    3    .191E+00    .000E+00
    5    4    .488E+00    .000E+00
    5    5    .210E+01    .000E+00
    5    6   -.244E+00    .000E+00
    5    7   -.411E+00    .000E+00
    5    8   -.930E-01    .000E+00
    5    9   -.376E-01    .000E+00
    6    1    .220E-01    .221E-01
    6    2    .511E-01    .516E-01
    6    3    .101E+00    .000E+00
    6    4    .208E+00    .000E+00
    6    5    .518E+00    .000E+00
    6    6    .221E+01    .000E+00
    6    7   -.284E+00    .000E+00
    6    8   -.521E+00    .000E+00
    6    9   -.119E+00    .000E+00
    7    1    .148E-01    .148E-01
    7    2    .330E-01    .334E-01
    7    3    .609E-01    .000E+00
    7    4    .112E+00    .000E+00
    7    5    .223E+00    .000E+00
    7    6    .549E+00    .000E+00
    7    7    .233E+01    .000E+00
    7    8   -.323E+00    .000E+00
    7    9   -.634E+00    .000E+00
    8    1    .105E-01    .105E-01
    8    2    .227E-01    .230E-01
    8    3    .401E-01    .000E+00
    8    4    .684E-01    .000E+00
    8    5    .121E+00    .000E+00
    8    6    .237E+00    .000E+00
    8    7    .581E+00    .000E+00
    8    8    .247E+01    .000E+00
    8    9   -.362E+00    .000E+00
  3  0  0    3  1  1        81
    1    1   -.641E+00    .000E+00
    1    2   -.757E+00   -.757E+00
    1    3   -.214E+00   -.214E+00
    1    4   -.927E-01   -.928E-01
    1    5   -.492E-01   -.492E-01
    1    6   -.294E-01   -.294E-01
    1    7   -.190E-01   -.191E-01
    1    8   -.131E-01   -.131E-01
    1    9   -.937E-02   -.939E-02
    2    1    .267E+00    .267E+00
    2    2   -.107E+01    .000E+00
    2    3   -.791E+00    .000E+00
    2    4   -.238E+00   -.240E+00
    2    5   -.108E+00   -.109E+00
    2    6   -.592E-01   -.600E-01
    2    7   -.364E-01   -.370E-01
    2    8   -.242E-01   -.245E-01
    2    9   -.170E-01   -.172E-01
    3    1    .521E-01    .522E-01
    3    2    .593E+00    .000E+00
    3    3   -.147E+01    .000E+00
    3    4   -.855E+00    .000E+00
    3    5   -.261E+00    .000E+00
    3    6   -.121E+00    .000E+00
    3    7   -.676E-01    .000E+00
    3    8   -.423E-01    .000E+00
    3    9   -.285E-01    .000E+00
    4    1    .199E-01    .199E-01
    4    2    .119E+00    .118E+00
    4    3    .941E+00    .000E+00
    4    4   -.186E+01    .000E+00
    4    5   -.931E+00    .000E+00
    4    6   -.286E+00    .000E+00
    4    7   -.133E+00    .000E+00
    4    8   -.752E-01    .000E+00
    4    9   -.475E-01    .000E+00
    5    1    .994E-02    .996E-02
    5    2    .466E-01    .468E-01
    5    3    .191E+00    .000E+00
    5    4    .130E+01    .000E+00
    5    5   -.224E+01    .000E+00
    5    6   -.101E+01    .000E+00
    5    7   -.310E+00    .000E+00
    5    8   -.145E+00    .000E+00
    5    9   -.824E-01    .000E+00
    6    1    .574E-02    .575E-02
    6    2    .238E-01    .240E-01
    6    3    .754E-01    .000E+00
    6    4    .264E+00    .000E+00
    6    5    .166E+01    .000E+00
    6    6   -.263E+01    .000E+00
    6    7   -.110E+01    .000E+00
    6    8   -.336E+00    .000E+00
    6    9   -.157E+00    .000E+00
    7    1    .364E-02    .365E-02
    7    2    .140E-01    .142E-01
    7    3    .389E-01    .000E+00
    7    4    .105E+00    .000E+00
    7    5    .338E+00    .000E+00
    7    6    .203E+01    .000E+00
    7    7   -.301E+01    .000E+00
    7    8   -.118E+01    .000E+00
    7    9   -.361E+00    .000E+00
    8    1    .246E-02    .246E-02
    8    2    .905E-02    .917E-02
    8    3    .232E-01    .000E+00
    8    4    .545E-01    .000E+00
    8    5    .135E+00    .000E+00
    8    6    .413E+00    .000E+00
    8    7    .239E+01    .000E+00
    8    8   -.339E+01    .000E+00
    8    9   -.127E+01    .000E+00
    9    1    .175E-02    .175E-02
    9    2    .621E-02    .631E-02
    9    3    .151E-01    .000E+00
    9    4    .327E-01    .000E+00
    9    5    .702E-01    .000E+00
    9    6    .165E+00    .000E+00
    9    7    .488E+00    .000E+00
    9    8    .276E+01    .000E+00
    9    9   -.377E+01    .000E+00
  3  2  0    3  1  1        72
    1    1    .576E+01    .576E+01
    1    2    .636E+00    .000E+00
    1    3   -.263E+00    .000E+00
    1    4   -.504E-01   -.517E-01
    1    5   -.190E-01   -.196E-01
    1    6   -.945E-02   -.980E-02
    1    7   -.548E-02   -.569E-02
    1    8   -.350E-02   -.363E-02
    1    9   -.238E-02   -.247E-02
    2    1    .111E+01    .111E+01
    2    2    .475E+01    .000E+00
    2    3    .112E+01    .000E+00
    2    4   -.637E+00    .000E+00
    2    5   -.127E+00    .000E+00
    2    6   -.487E-01    .000E+00
    2    7   -.246E-01    .000E+00
    2    8   -.144E-01    .000E+00
    2    9   -.932E-02    .000E+00
    3    1    .418E+00    .418E+00
    3    2    .118E+01    .118E+01
    3    3    .450E+01    .000E+00
    3    4    .155E+01    .000E+00
    3    5   -.107E+01    .000E+00
    3    6   -.218E+00    .000E+00
    3    7   -.848E-01    .000E+00
    3    8   -.433E-01    .000E+00
    3    9   -.256E-01    .000E+00
    4    1    .207E+00    .207E+00
    4    2    .491E+00    .493E+00
    4    3    .120E+01    .000E+00
    4    4    .450E+01    .000E+00
    4    5    .196E+01    .000E+00
    4    6   -.154E+01    .000E+00
    4    7   -.318E+00    .000E+00
    4    8   -.125E+00    .000E+00
    4    9   -.641E-01    .000E+00
    5    1    .119E+00    .119E+00
    5    2    .258E+00    .260E+00
    5    3    .525E+00    .000E+00
    5    4    .124E+01    .000E+00
    5    5    .461E+01    .000E+00
    5    6    .235E+01    .000E+00
    5    7   -.203E+01    .000E+00
    5    8   -.424E+00    .000E+00
    5    9   -.167E+00    .000E+00
    6    1    .754E-01    .754E-01
    6    2    .155E+00    .156E+00
    6    3    .285E+00    .000E+00
    6    4    .553E+00    .000E+00
    6    5    .129E+01    .000E+00
    6    6    .478E+01    .000E+00
    6    7    .273E+01    .000E+00
    6    8   -.254E+01    .000E+00
    6    9   -.534E+00    .000E+00
    7    1    .509E-01    .510E-01
    7    2    .101E+00    .102E+00
    7    3    .175E+00    .000E+00
    7    4    .305E+00    .000E+00
    7    5    .579E+00    .000E+00
    7    6    .134E+01    .000E+00
    7    7    .499E+01    .000E+00
    7    8    .311E+01    .000E+00
    7    9   -.306E+01    .000E+00
    8    1    .361E-01    .362E-01
    8    2    .699E-01    .706E-01
    8    3    .116E+00    .000E+00
    8    4    .190E+00    .000E+00
    8    5    .323E+00    .000E+00
    8    6    .606E+00    .000E+00
    8    7    .140E+01    .000E+00
    8    8    .522E+01    .000E+00
    8    9    .348E+01    .000E+00
  0  0  0    0  0  0         0
