    6    3    F
  2  0  0    2  1  1        81
    1    1   -.571E+00    .000E+00
    1    2   -.406E+00   -.404E+00
    1    3   -.122E+00   -.123E+00
    1    4   -.541E-01   -.547E-01
    1    5   -.290E-01   -.294E-01
    1    6   -.174E-01   -.177E-01
    1    7   -.113E-01   -.115E-01
    1    8   -.780E-02   -.792E-02
    1    9   -.560E-02   -.569E-02
    2    1    .225E+00    .220E+00
    2    2   -.960E+00    .000E+00
    2    3   -.407E+00   -.398E+00
    2    4   -.131E+00   -.126E+00
    2    5   -.609E-01   -.582E-01
    2    6   -.339E-01   -.322E-01
    2    7   -.210E-01   -.199E-01
    2    8   -.140E-01   -.133E-01
    2    9   -.986E-02   -.931E-02
    3    1    .421E-01    .412E-01
    3    2    .488E+00    .484E+00
    3    3   -.132E+01    .000E+00
    3    4   -.429E+00    .000E+00
    3    5   -.141E+00    .000E+00
    3    6   -.669E-01   -.651E-01
    3    7   -.380E-01   -.369E-01
    3    8   -.240E-01   -.232E-01
    3    9   -.162E-01   -.157E-01
    4    1    .159E-01    .156E-01
    4    2    .933E-01    .925E-01
    4    3    .766E+00    .000E+00
    4    4   -.167E+01    .000E+00
    4    5   -.459E+00    .000E+00
    4    6   -.152E+00    .000E+00
    4    7   -.727E-01    .000E+00
    4    8   -.417E-01    .000E+00
    4    9   -.266E-01    .000E+00
    5    1    .790E-02    .777E-02
    5    2    .361E-01    .358E-01
    5    3    .147E+00    .000E+00
    5    4    .105E+01    .000E+00
    5    5   -.202E+01    .000E+00
    5    6   -.494E+00    .000E+00
    5    7   -.163E+00    .000E+00
    5    8   -.785E-01    .000E+00
    5    9   -.452E-01    .000E+00
    6    1    .455E-02    .448E-02
    6    2    .183E-01    .182E-01
    6    3    .575E-01    .000E+00
    6    4    .203E+00    .000E+00
    6    5    .134E+01    .000E+00
    6    6   -.236E+01    .000E+00
    6    7   -.530E+00    .000E+00
    6    8   -.175E+00    .000E+00
    6    9   -.842E-01    .000E+00
    7    1    .288E-02    .284E-02
    7    2    .107E-01    .107E-01
    7    3    .295E-01    .298E-01
    7    4    .793E-01    .000E+00
    7    5    .258E+00    .000E+00
    7    6    .163E+01    .000E+00
    7    7   -.270E+01    .000E+00
    7    8   -.569E+00    .000E+00
    7    9   -.187E+00    .000E+00
    8    1    .194E-02    .192E-02
    8    2    .692E-02    .687E-02
    8    3    .175E-01    .177E-01
    8    4    .409E-01    .000E+00
    8    5    .101E+00    .000E+00
    8    6    .314E+00    .000E+00
    8    7    .192E+01    .000E+00
    8    8   -.304E+01    .000E+00
    8    9   -.608E+00    .000E+00
    9    1    .138E-02    .136E-02
    9    2    .475E-02    .471E-02
    9    3    .114E-01    .115E-01
    9    4    .244E-01    .000E+00
    9    5    .524E-01    .000E+00
    9    6    .123E+00    .000E+00
    9    7    .370E+00    .000E+00
    9    8    .221E+01    .000E+00
    9    9   -.338E+01    .000E+00
  2  1  1    2  2  0        72
    1    1   -.388E+01   -.388E+01
    1    2   -.735E+00   -.740E+00
    1    3   -.275E+00   -.278E+00
    1    4   -.136E+00   -.137E+00
    1    5   -.781E-01   -.789E-01
    1    6   -.494E-01   -.499E-01
    1    7   -.333E-01   -.337E-01
    1    8   -.236E-01   -.239E-01
    2    1   -.365E+00    .000E+00
    2    2   -.324E+01   -.317E+01
    2    3   -.792E+00   -.767E+00
    2    4   -.329E+00   -.317E+00
    2    5   -.173E+00   -.166E+00
    2    6   -.103E+00   -.992E-01
    2    7   -.673E-01   -.646E-01
    2    8   -.466E-01   -.447E-01
    3    1    .166E+00    .169E+00
    3    2   -.649E+00    .000E+00
    3    3   -.308E+01    .000E+00
    3    4   -.815E+00    .000E+00
    3    5   -.354E+00   -.347E+00
    3    6   -.192E+00   -.187E+00
    3    7   -.117E+00   -.115E+00
    3    8   -.779E-01   -.762E-01
    4    1    .320E-01    .326E-01
    4    2    .404E+00    .000E+00
    4    3   -.904E+00    .000E+00
    4    4   -.309E+01    .000E+00
    4    5   -.842E+00    .000E+00
    4    6   -.373E+00    .000E+00
    4    7   -.206E+00    .000E+00
    4    8   -.128E+00    .000E+00
    5    1    .121E-01    .123E-01
    5    2    .811E-01    .000E+00
    5    3    .682E+00    .000E+00
    5    4   -.114E+01    .000E+00
    5    5   -.317E+01    .000E+00
    5    6   -.874E+00    .000E+00
    5    7   -.392E+00    .000E+00
    5    8   -.218E+00    .000E+00
    6    1    .603E-02    .614E-02
    6    2    .312E-01    .000E+00
    6    3    .140E+00    .000E+00
    6    4    .983E+00    .000E+00
    6    5   -.138E+01    .000E+00
    6    6   -.329E+01    .000E+00
    6    7   -.912E+00    .000E+00
    6    8   -.411E+00    .000E+00
    7    1    .350E-02    .356E-02
    7    2    .158E-01    .164E-01
    7    3    .546E-01    .000E+00
    7    4    .205E+00    .000E+00
    7    5    .130E+01    .000E+00
    7    6   -.160E+01    .000E+00
    7    7   -.344E+01    .000E+00
    7    8   -.953E+00    .000E+00
    8    1    .223E-02    .228E-02
    8    2    .928E-02    .962E-02
    8    3    .279E-01    .000E+00
    8    4    .805E-01    .000E+00
    8    5    .273E+00    .000E+00
    8    6    .163E+01    .000E+00
    8    7   -.182E+01    .000E+00
    8    8   -.360E+01    .000E+00
    9    1    .152E-02    .155E-02
    9    2    .599E-02    .621E-02
    9    3    .165E-01    .000E+00
    9    4    .414E-01    .000E+00
    9    5    .108E+00    .000E+00
    9    6    .345E+00    .000E+00
    9    7    .196E+01    .000E+00
    9    8   -.204E+01    .000E+00
  0  0  0    0  0  0         0
