    7    4    F
  1  0  0    1  1  1       156
    1    1   -.626E+00   -.689E+00
    1    2   -.326E+00   -.317E+00
    1    3   -.452E-02   -.488E-02
    1    4   -.105E+00   -.100E+00
    1    5   -.598E-02   -.553E-02
    1    6   -.416E-01   -.402E-01
    1    7   -.232E-01   -.226E-01
    1    8   -.781E-04   -.147E-03
    1    9   -.131E-01   -.123E-01
    1   10   -.129E-01   -.124E-01
    1   11   -.532E-02   -.539E-02
    1   12   -.408E-02   -.383E-02
    1   13   -.395E-02   -.374E-02
    2    1    .423E+00    .440E+00
    2    2   -.101E-01   -.951E-02
    2    3   -.155E+00   -.162E+00
    2    4   -.131E-01   -.153E-01
    2    5   -.989E+00   -.102E+01
    2    6   -.895E-02   -.841E-02
    2    7   -.342E-03   -.443E-03
    2    8   -.265E-01   -.267E-01
    2    9   -.251E-02   -.237E-02
    2   10   -.654E-02   -.652E-02
    2   11   -.227E+00   -.220E+00
    2   12   -.131E-01   -.124E-01
    2   13   -.272E-02   -.253E-02
    3    1    .561E-01    .621E-01
    3    2   -.259E+00   -.274E+00
    3    3   -.606E+00   -.653E+00
    3    4   -.525E-01   -.471E-01
    3    5   -.411E-01   -.422E-01
    3    6   -.525E-01   -.508E-01
    3    7   -.272E-01   -.268E-01
    3    8   -.205E-02   -.253E-02
    3    9   -.852E-02   -.784E-02
    3   10   -.625E-02   -.592E-02
    3   11   -.728E-03   -.672E-03
    3   12   -.568E-02   -.540E-02
    3   13   -.403E-02   -.385E-02
    4    1    .178E-02    .192E-02
    4    2    .266E+00    .272E+00
    4    3    .252E+00    .249E+00
    4    4   -.706E+00   -.695E+00
    4    5   -.112E-01   -.129E-01
    4    6   -.183E+00   -.186E+00
    4    7   -.185E+00   -.196E+00
    4    8   -.349E+00   -.378E+00
    4    9   -.115E-02   -.139E-02
    4   10   -.101E-01   -.103E-01
    4   11   -.392E-01   -.388E-01
    4   12   -.384E-03   -.484E-03
    4   13   -.169E-02   -.189E-02
    5    1    .256E-01    .258E-01
    5    2    .256E-02    .360E-02
    5    3    .205E+00    .213E+00
    5    4    .127E+00    .103E+00
    5    5   -.485E-01    .000E+00
    5    6   -.138E+00   -.131E+00
    5    7   -.187E-02   -.201E-02
    5    8   -.419E-01   -.379E-01
    5    9   -.754E-02   -.713E-02
    5   10   -.105E-01   -.100E-01
    5   11   -.450E+00   -.436E+00
    5   12   -.283E-01   -.276E-01
    5   13   -.611E-02   -.605E-02
    6    1    .639E-02    .654E-02
    6    2    .360E-01    .360E-01
    6    3    .113E-01    .117E-01
    6    4    .346E+00    .336E+00
    6    5    .267E-01    .250E-01
    6    6   -.713E+00    .000E+00
    6    7   -.291E+00   -.283E+00
    6    8   -.931E-02   -.787E-02
    6    9   -.569E-01   -.543E-01
    6   10   -.254E-01   -.234E-01
    6   11   -.290E-01   -.279E-01
    6   12   -.357E-01   -.332E-01
    6   13   -.216E-01   -.199E-01
    7    1    .171E-02    .176E-02
    7    2    .172E-01    .174E-01
    7    3    .441E-02    .458E-02
    7    4    .831E-01    .806E-01
    7    5    .590E-03    .558E-03
    7    6    .512E+00    .499E+00
    7    7   -.659E+00    .000E+00
    7    8   -.487E+00   -.472E+00
    7    9   -.922E-01   -.896E-01
    7   10   -.543E-01   -.519E-01
    7   11   -.548E-02   -.515E-02
    7   12   -.384E-01   -.362E-01
    7   13   -.235E-01   -.221E-01
    8    1    .302E-03    .318E-03
    8    2    .973E-02    .987E-02
    8    3    .370E-02    .385E-02
    8    4    .420E-01    .415E-01
    8    5    .742E-04    .506E-04
    8    6    .904E-01    .879E-01
    8    7    .488E+00    .491E+00
    8    8    .604E+00    .000E+00
    8    9   -.174E+01    .000E+00
    8   10   -.125E+00   -.123E+00
    8   11   -.369E-05   -.130E-04
    8   12   -.541E-01   -.529E-01
    8   13   -.321E-01   -.313E-01
    9    1    .618E-03    .584E-03
    9    2    .595E-02    .612E-02
    9    3    .714E-02    .737E-02
    9    4    .412E-01    .423E-01
    9    5    .293E-02    .238E-02
    9    6    .135E-01    .128E-01
    9    7    .456E-01    .453E-01
    9    8    .681E-01    .627E-01
    9    9    .136E+01    .134E+01
    9   10   -.194E+01    .000E+00
    9   11   -.753E-01    .000E+00
    9   12   -.171E-01   -.182E-01
    9   13   -.187E-01   -.193E-01
   10    1    .764E-02    .748E-02
   10    2    .124E-03    .155E-03
   10    3    .885E-02    .902E-02
   10    4    .216E-01    .239E-01
   10    5    .108E-01    .888E-02
   10    6    .219E-01    .227E-01
   10    7    .377E-01    .387E-01
   10    8    .118E+00    .109E+00
   10    9    .289E-02    .150E-02
   10   10    .875E+00    .000E+00
   10   11   -.232E+00    .000E+00
   10   12   -.772E+00    .000E+00
   10   13   -.971E-01   -.913E-01
   11    1    .262E-02    .260E-02
   11    2    .196E-02    .194E-02
   11    3    .246E-03    .237E-03
   11    4    .349E-03    .225E-03
   11    5    .179E-02    .150E-02
   11    6    .326E-01    .328E-01
   11    7    .594E-01    .599E-01
   11    8    .146E-01    .137E-01
   11    9    .915E-01    .946E-01
   11   10    .525E+00    .531E+00
   11   11    .192E+00    .000E+00
   11   12   -.911E+00    .000E+00
   11   13   -.459E+00    .000E+00
   12    1    .100E-02    .997E-03
   12    2    .194E-02    .194E-02
   12    3    .961E-05    .128E-04
   12    4    .185E-02    .168E-02
   12    5    .381E-03    .323E-03
   12    6    .188E-01    .189E-01
   12    7    .309E-01    .310E-01
   12    8    .323E-02    .305E-02
   12    9    .484E-01    .492E-01
   12   10    .158E+00    .159E+00
   12   11    .221E-02    .275E-02
   12   12    .103E+01    .000E+00
   12   13   -.148E+01    .000E+00
  1  1  0    1  1  1       104
    1    1    .263E+00    .256E+00
    1    2    .538E+00    .579E+00
    1    3    .128E+00    .135E+00
    1    4   -.949E-01   -.946E-01
    1    5   -.343E+00   -.338E+00
    1    6   -.245E-02   -.256E-02
    1    7   -.161E-01   -.165E-01
    1    8   -.127E+00   -.130E+00
    1    9   -.175E-01   -.178E-01
    1   10   -.132E-01   -.135E-01
    1   11   -.999E-01   -.103E+00
    1   12   -.196E-02   -.203E-02
    1   13   -.219E-03   -.229E-03
    2    1    .656E-01    .654E-01
    2    2    .115E-02    .105E-02
    2    3    .146E+00    .142E+00
    2    4    .594E+00    .641E+00
    2    5    .201E-01    .200E-01
    2    6    .303E-01    .311E-01
    2    7    .769E-01    .736E-01
    2    8    .238E+00    .000E+00
    2    9   -.295E-01    .000E+00
    2   10   -.782E-01   -.815E-01
    2   11   -.518E+00   -.511E+00
    2   12   -.406E-02   -.352E-02
    2   13   -.802E-04   -.137E-03
    3    1    .276E-01    .274E-01
    3    2    .758E-03    .707E-03
    3    3    .553E-01    .552E-01
    3    4    .101E-01    .106E-01
    3    5    .204E-01    .222E-01
    3    6    .244E+00    .272E+00
    3    7    .110E-01    .106E-01
    3    8    .307E+00    .306E+00
    3    9    .796E-01    .797E-01
    3   10    .561E-01    .553E-01
    3   11    .162E+00    .154E+00
    3   12    .559E-03    .693E-03
    3   13    .342E-02    .359E-02
    4    1    .144E-01    .143E-01
    4    2    .452E-03    .417E-03
    4    3    .254E-01    .254E-01
    4    4    .394E-02    .421E-02
    4    5    .596E-02    .653E-02
    4    6    .174E-03    .162E-03
    4    7    .161E+00    .183E+00
    4    8    .169E+00    .174E+00
    4    9    .259E-01    .265E-01
    4   10    .986E-02    .981E-02
    4   11    .192E-01    .179E-01
    4   12    .151E-03    .194E-03
    4   13    .314E-03    .347E-03
    5    1    .849E-02    .842E-02
    5    2    .284E-03    .261E-03
    5    3    .140E-01    .140E-01
    5    4    .197E-02    .212E-02
    5    5    .276E-02    .302E-02
    5    6    .601E-04    .514E-04
    5    7    .134E-02    .125E-02
    5    8    .420E-03    .129E-03
    5    9    .289E+00    .317E+00
    5   10    .470E-02    .480E-02
    5   11    .360E-02    .320E-02
    5   12    .228E-03    .274E-03
    5   13    .167E-03    .189E-03
    6    1    .547E-02    .542E-02
    6    2    .189E-03    .173E-03
    6    3    .864E-02    .863E-02
    6    4    .115E-02    .124E-02
    6    5    .155E-02    .169E-02
    6    6    .346E-04    .289E-04
    6    7    .914E-03    .866E-03
    6    8    .701E-02    .657E-02
    6    9    .225E-03    .173E-03
    6   10    .258E+00    .285E+00
    6   11    .198E-02    .262E-02
    6   12    .788E-03    .903E-03
    6   13    .196E-03    .222E-03
    7    1    .373E-02    .370E-02
    7    2    .132E-03    .120E-03
    7    3    .573E-02    .573E-02
    7    4    .732E-03    .792E-03
    7    5    .968E-03    .106E-02
    7    6    .229E-04    .190E-04
    7    7    .617E-03    .590E-03
    7    8    .578E-02    .558E-02
    7    9    .603E-03    .575E-03
    7   10    .288E-03    .275E-03
    7   11    .217E-01    .231E-01
    7   12    .227E+00    .252E+00
    7   13    .516E-03    .580E-03
    8    1    .267E-02    .264E-02
    8    2    .955E-04    .871E-04
    8    3    .402E-02    .401E-02
    8    4    .499E-03    .542E-03
    8    5    .651E-03    .713E-03
    8    6    .162E-04    .134E-04
    8    7    .434E-03    .417E-03
    8    8    .431E-02    .422E-02
    8    9    .535E-03    .526E-03
    8   10    .311E-03    .311E-03
    8   11    .549E-02    .575E-02
    8   12    .993E-03    .108E-02
    8   13    .237E+00    .263E+00
  1  1  0    1  2  1        64
    1    1   -.449E+00   -.437E+00
    1    2   -.870E+00   -.879E+00
    1    3   -.253E+00   -.256E+00
    1    4   -.112E+00   -.113E+00
    1    5   -.609E-01   -.614E-01
    1    6   -.372E-01   -.375E-01
    1    7   -.246E-01   -.248E-01
    1    8   -.171E-01   -.173E-01
    2    1    .108E+00    .114E+00
    2    2   -.729E+00   -.792E+00
    2    3   -.779E+00   -.762E+00
    2    4   -.241E+00   -.243E+00
    2    5   -.111E+00   -.113E+00
    2    6   -.618E-01   -.638E-01
    2    7   -.386E-01   -.400E-01
    2    8   -.259E-01   -.269E-01
    3    1    .187E-01    .204E-01
    3    2    .253E+00    .247E+00
    3    3   -.977E+00    .000E+00
    3    4   -.752E+00   -.724E+00
    3    5   -.239E+00   -.222E+00
    3    6   -.112E+00   -.103E+00
    3    7   -.637E-01   -.578E-01
    3    8   -.404E-01   -.364E-01
    4    1    .681E-02    .752E-02
    4    2    .460E-01    .449E-01
    4    3    .416E+00    .412E+00
    4    4   -.121E+01    .000E+00
    4    5   -.753E+00   -.722E+00
    4    6   -.241E+00   -.228E+00
    4    7   -.115E+00   -.108E+00
    4    8   -.657E-01   -.613E-01
    5    1    .334E-02    .371E-02
    5    2    .172E-01    .171E-01
    5    3    .773E-01    .770E-01
    5    4    .589E+00    .604E+00
    5    5   -.144E+01    .000E+00
    5    6   -.766E+00   -.745E+00
    5    7   -.246E+00   -.237E+00
    5    8   -.117E+00   -.113E+00
    6    1    .192E-02    .214E-02
    6    2    .857E-02    .865E-02
    6    3    .294E-01    .295E-01
    6    4    .111E+00    .114E+00
    6    5    .769E+00    .785E+00
    6    6   -.166E+01    .000E+00
    6    7   -.787E+00   -.773E+00
    6    8   -.252E+00   -.247E+00
    7    1    .122E-02    .136E-02
    7    2    .499E-02    .510E-02
    7    3    .148E-01    .150E-01
    7    4    .425E-01    .437E-01
    7    5    .146E+00    .150E+00
    7    6    .953E+00    .965E+00
    7    7   -.188E+01    .000E+00
    7    8   -.813E+00   -.804E+00
    8    1    .826E-03    .922E-03
    8    2    .320E-02    .331E-02
    8    3    .871E-02    .886E-02
    8    4    .216E-01    .221E-01
    8    5    .563E-01    .575E-01
    8    6    .183E+00    .185E+00
    8    7    .114E+01    .000E+00
    8    8   -.210E+01    .000E+00
  1  1  1    1  2  0       156
    1    1   -.513E+00   -.561E+00
    1    2   -.157E+01   -.159E+01
    1    3   -.531E+00   -.530E+00
    1    4   -.303E+00   -.301E+00
    1    5   -.139E+00   -.138E+00
    1    6   -.742E-01   -.732E-01
    1    7   -.545E-01   -.537E-01
    1    8   -.130E+00   -.127E+00
    1    9   -.979E-02   -.989E-02
    1   10   -.146E-01   -.139E-01
    1   11   -.168E-01   -.166E-01
    1   12   -.122E-01   -.120E-01
    2    1    .101E+00    .103E+00
    2    2   -.821E+00   -.818E+00
    2    3   -.223E-01   -.320E-01
    2    4   -.869E+00   -.876E+00
    2    5   -.286E+00   -.287E+00
    2    6   -.133E+00   -.133E+00
    2    7   -.724E-01   -.723E-01
    2    8   -.101E-02   -.123E-02
    2    9   -.201E-01   -.202E-01
    2   10   -.299E-01   -.299E-01
    2   11   -.310E-01   -.310E-01
    2   12   -.217E-01   -.217E-01
    3    1    .295E+00    .306E+00
    3    2    .115E+00    .118E+00
    3    3   -.105E+01   -.109E+01
    3    4   -.665E+00   -.672E+00
    3    5   -.232E-01   -.236E-01
    3    6   -.511E-02   -.508E-02
    3    7   -.644E-02   -.637E-02
    3    8   -.321E+00   -.324E+00
    3    9   -.138E-02   -.133E-02
    3   10   -.330E-02   -.301E-02
    3   11   -.624E-04   -.508E-04
    3   12   -.448E-04   -.362E-04
    4    1    .546E-04    .364E-03
    4    2    .299E+00    .317E+00
    4    3    .335E-01    .000E+00
    4    4   -.102E+01   -.111E+01
    4    5   -.796E+00   -.772E+00
    4    6   -.257E+00   -.256E+00
    4    7   -.101E+00   -.103E+00
    4    8   -.139E+00   -.154E+00
    4    9   -.144E-03   -.430E-03
    4   10   -.229E+00   -.225E+00
    4   11   -.494E-01   -.512E-01
    4   12   -.323E-01   -.336E-01
    5    1    .359E-01    .385E-01
    5    2    .180E+00    .202E+00
    5    3    .408E-01    .355E-01
    5    4    .473E-01    .000E+00
    5    5   -.218E+00   -.216E+00
    5    6   -.483E-01   -.495E-01
    5    7   -.271E-01   -.279E-01
    5    8   -.162E-01   -.135E-01
    5    9   -.109E+01   -.107E+01
    5   10   -.190E+01   -.185E+01
    5   11   -.190E-02   -.221E-02
    5   12   -.191E-02   -.216E-02
    6    1    .127E-02    .191E-02
    6    2    .273E-01    .293E-01
    6    3    .338E-01    .398E-01
    6    4    .504E+00    .498E+00
    6    5   -.176E+01    .000E+00
    6    6   -.749E+00   -.725E+00
    6    7   -.291E+00   -.274E+00
    6    8   -.103E+00   -.113E+00
    6    9   -.130E+00   -.120E+00
    6   10   -.649E-02   -.558E-02
    6   11   -.701E-01   -.634E-01
    6   12   -.457E-01   -.410E-01
    7    1    .981E-02    .114E-01
    7    2    .142E-01    .156E-01
    7    3    .816E-01    .880E-01
    7    4    .116E+00    .118E+00
    7    5    .895E+00    .891E+00
    7    6   -.266E+01    .000E+00
    7    7   -.468E+00   -.446E+00
    7    8   -.293E+00   -.323E+00
    7    9   -.123E+00   -.113E+00
    7   10   -.290E-01   -.268E-01
    7   11   -.808E-01   -.740E-01
    7   12   -.494E-01   -.450E-01
    8    1    .517E-01    .547E-01
    8    2    .197E-02    .245E-02
    8    3    .372E+00    .376E+00
    8    4    .943E-02    .114E-01
    8    5    .236E-01    .274E-01
    8    6    .870E+00    .000E+00
    8    7   -.127E+01   -.127E+01
    8    8   -.133E+01   -.145E+01
    8    9   -.151E+00   -.154E+00
    8   10   -.134E-01   -.137E-01
    8   11   -.410E-01   -.418E-01
    8   12   -.180E-01   -.184E-01
    9    1    .268E-02    .246E-02
    9    2    .357E-02    .372E-02
    9    3    .215E-01    .199E-01
    9    4    .301E-01    .296E-01
    9    5    .874E-01    .843E-01
    9    6    .625E+00    .634E+00
    9    7   -.136E+01    .000E+00
    9    8   -.275E-03    .000E+00
    9    9   -.932E+00   -.913E+00
    9   10   -.202E+00   -.196E+00
    9   11   -.339E+00   -.328E+00
    9   12   -.160E+00   -.154E+00
   10    1    .215E-03    .282E-03
   10    2    .415E-02    .430E-02
   10    3    .957E-04    .324E-04
   10    4    .574E-01    .601E-01
   10    5    .463E-01    .454E-01
   10    6    .170E+00    .173E+00
   10    7    .120E+01    .121E+01
   10    8    .624E-01    .000E+00
   10    9   -.171E+01    .000E+00
   10   10   -.118E+01    .000E+00
   10   11   -.669E+00   -.656E+00
   10   12   -.239E+00   -.233E+00
   11    1    .959E-02    .874E-02
   11    2    .197E-02    .168E-02
   11    3    .578E-02    .498E-02
   11    4    .225E+00    .247E+00
   11    5    .220E-04    .111E-05
   11    6    .148E-02    .107E-02
   11    7    .981E-02    .808E-02
   11    8    .561E-01    .501E-01
   11    9    .683E+00    .000E+00
   11   10    .114E-01    .000E+00
   11   11   -.777E+00    .000E+00
   11   12   -.909E-01   -.875E-01
   12    1    .299E-03    .184E-03
   12    2    .122E-02    .139E-02
   12    3    .274E-03    .122E-03
   12    4    .221E-05    .381E-05
   12    5    .232E-01    .235E-01
   12    6    .567E-01    .586E-01
   12    7    .179E+00    .184E+00
   12    8    .433E-01    .450E-01
   12    9    .716E+00    .000E+00
   12   10    .587E+00    .000E+00
   12   11   -.250E+01    .000E+00
   12   12   -.103E+01    .000E+00
   13    1    .328E-05    .138E-05
   13    2    .119E-02    .132E-02
   13    3    .183E-05    .318E-04
   13    4    .175E-02    .171E-02
   13    5    .154E-01    .157E-01
   13    6    .325E-01    .334E-01
   13    7    .767E-01    .786E-01
   13    8    .228E-01    .241E-01
   13    9    .158E+00    .163E+00
   13   10    .121E+00    .122E+00
   13   11    .175E+01    .000E+00
   13   12   -.338E+01    .000E+00
  1  2  0    1  2  1        96
    1    1   -.109E+01   -.111E+01
    1    2   -.214E+00   -.206E+00
    1    3   -.816E-01   -.777E-01
    1    4   -.407E-01   -.384E-01
    1    5   -.235E-01   -.221E-01
    1    6   -.149E-01   -.140E-01
    1    7   -.101E-01   -.944E-02
    1    8   -.714E-02   -.669E-02
    2    1   -.314E+00   -.348E+00
    2    2   -.120E-01   -.109E-01
    2    3   -.336E-02   -.286E-02
    2    4   -.149E-02   -.123E-02
    2    5   -.809E-03   -.652E-03
    2    6   -.494E-03   -.393E-03
    2    7   -.326E-03   -.257E-03
    2    8   -.227E-03   -.179E-03
    3    1    .148E-01    .000E+00
    3    2   -.563E+00   -.547E+00
    3    3   -.114E+00   -.108E+00
    3    4   -.452E-01   -.426E-01
    3    5   -.232E-01   -.218E-01
    3    6   -.137E-01   -.128E-01
    3    7   -.887E-02   -.828E-02
    3    8   -.610E-02   -.569E-02
    4    1    .192E-02    .389E-02
    4    2   -.305E+00   -.348E+00
    4    3   -.852E-02   -.845E-02
    4    4   -.273E-02   -.261E-02
    4    5   -.133E-02   -.125E-02
    4    6   -.767E-03   -.714E-03
    4    7   -.490E-03   -.453E-03
    4    8   -.335E-03   -.308E-03
    5    1    .622E-03    .111E-02
    5    2   -.226E-03   -.401E-03
    5    3   -.376E+00   -.420E+00
    5    4   -.312E-02   -.323E-02
    5    5   -.856E-03   -.855E-03
    5    6   -.404E-03   -.395E-03
    5    7   -.233E-03   -.226E-03
    5    8   -.150E-03   -.144E-03
    6    1    .249E-03    .458E-03
    6    2   -.465E-05   -.407E-05
    6    3   -.152E-02   -.181E-02
    6    4   -.389E+00   -.433E+00
    6    5   -.221E-02   -.235E-02
    6    6   -.545E-03   -.563E-03
    6    7   -.245E-03   -.248E-03
    6    8   -.138E-03   -.138E-03
    7    1    .732E-04    .159E-03
    7    2   -.367E-03    .000E+00
    7    3   -.404E-02   -.431E-02
    7    4   -.347E-02   -.385E-02
    7    5   -.406E+00   -.451E+00
    7    6   -.110E-02   -.120E-02
    7    7   -.175E-03   -.186E-03
    7    8   -.572E-04   -.597E-04
    8    1    .180E-02    .144E-02
    8    2    .659E-02    .000E+00
    8    3   -.445E+00   -.438E+00
    8    4   -.104E+00   -.104E+00
    8    5   -.286E-01   -.285E-01
    8    6   -.349E-01   -.364E-01
    8    7   -.182E-01   -.189E-01
    8    8   -.116E-01   -.120E-01
    9    1    .163E+00    .153E+00
    9    2    .462E-01    .404E-01
    9    3   -.199E-01   -.187E-01
    9    4   -.254E-02   -.245E-02
    9    5   -.149E-03   -.129E-03
    9    6   -.241E+00   -.268E+00
    9    7   -.277E-02   -.302E-02
    9    8   -.105E-02   -.115E-02
   10    1    .377E+00    .364E+00
   10    2    .850E-01    .769E-01
   10    3   -.311E-01   -.302E-01
   10    4   -.661E-02   -.695E-02
   10    5   -.458E-02   -.507E-02
   10    6   -.142E+00   -.158E+00
   10    7   -.170E-03   -.174E-03
   10    8   -.164E-06   -.928E-06
   11    1    .431E-03    .543E-03
   11    2    .132E-04    .385E-05
   11    3   -.806E-05   -.153E-05
   11    4   -.402E-04   -.602E-04
   11    5   -.221E-03   -.271E-03
   11    6   -.120E-02   -.137E-02
   11    7   -.388E+00   -.432E+00
   11    8   -.213E-02   -.232E-02
   12    1    .192E-03    .258E-03
   12    2    .187E-04    .954E-05
   12    3   -.447E-05   -.501E-06
   12    4   -.215E-04   -.335E-04
   12    5   -.888E-04   -.112E-03
   12    6   -.278E-03   -.328E-03
   12    7   -.127E-02   -.144E-02
   12    8   -.390E+00   -.433E+00
  1  2  0    1  3  1       108
    1    1   -.215E+01   -.215E+01
    1    2   -.148E+01   -.147E+01
    1    3   -.105E-01   -.103E-01
    1    4   -.380E-02   -.379E-02
    1    5   -.392E-01   -.387E-01
    1    6   -.418E+00   -.413E+00
    1    7   -.414E+00   -.408E+00
    1    8   -.393E-01   -.387E-01
    1    9   -.916E-02   -.900E-02
    2    1   -.124E+01   -.117E+01
    2    2   -.397E+01   -.405E+01
    2    3   -.978E+00   -.976E+00
    2    4   -.304E+00   -.302E+00
    2    5   -.114E+00   -.113E+00
    2    6   -.227E-02   -.230E-02
    2    7   -.901E-01   -.887E-01
    2    8   -.682E-01   -.673E-01
    2    9   -.423E-01   -.417E-01
    3    1   -.191E+00    .000E+00
    3    2   -.468E+00   -.480E+00
    3    3   -.189E+00   -.188E+00
    3    4   -.126E+00   -.125E+00
    3    5   -.173E+00   -.171E+00
    3    6   -.756E+00   -.747E+00
    3    7   -.509E+00   -.503E+00
    3    8   -.224E-01   -.221E-01
    3    9   -.168E-02   -.166E-02
    4    1    .357E+00    .339E+00
    4    2   -.839E+00   -.886E+00
    4    3   -.382E+01   -.379E+01
    4    4   -.729E+00   -.739E+00
    4    5   -.149E+00   -.150E+00
    4    6   -.124E+00   -.139E+00
    4    7   -.747E+00   -.801E+00
    4    8   -.262E+00   -.277E+00
    4    9   -.131E+00   -.138E+00
    5    1    .101E-02    .730E-03
    5    2    .154E+00    .146E+00
    5    3   -.315E+00    .000E+00
    5    4   -.406E+01   -.394E+01
    5    5   -.924E+00   -.877E+00
    5    6   -.141E+00   -.133E+00
    5    7   -.143E+00   -.133E+00
    5    8   -.193E+00   -.179E+00
    5    9   -.120E+00   -.111E+00
    6    1    .317E-03    .224E-03
    6    2    .201E-01    .188E-01
    6    3    .206E+00    .205E+00
    6    4   -.645E-01    .000E+00
    6    5   -.437E+01   -.425E+01
    6    6   -.570E+00   -.554E+00
    6    7   -.236E+00   -.225E+00
    6    8   -.377E+00   -.361E+00
    6    9   -.222E+00   -.212E+00
    7    1    .711E-03    .620E-03
    7    2    .225E-02    .204E-02
    7    3    .331E-01    .332E-01
    7    4    .283E+00    .300E+00
    7    5    .543E+00    .000E+00
    7    6   -.437E+01   -.431E+01
    7    7   -.475E+00   -.463E+00
    7    8   -.855E+00   -.836E+00
    7    9   -.431E+00   -.421E+00
    8    1    .709E-01    .705E-01
    8    2    .172E+00    .172E+00
    8    3    .373E-01    .362E-01
    8    4    .296E-01    .281E-01
    8    5    .197E-02    .000E+00
    8    6   -.797E+00    .000E+00
    8    7   -.466E+00   -.509E+00
    8    8   -.720E-01   -.760E-01
    8    9   -.324E-01   -.335E-01
    9    1    .395E-01    .468E-01
    9    2    .467E-01    .509E-01
    9    3    .120E-01    .123E-01
    9    4    .484E-01    .510E-01
    9    5    .249E+00    .257E+00
    9    6    .171E+01    .000E+00
    9    7   -.317E+01    .000E+00
    9    8   -.169E+01   -.166E+01
    9    9   -.591E+00   -.582E+00
   10    1    .829E-01    .979E-01
   10    2    .205E+00    .217E+00
   10    3    .407E-02    .380E-02
   10    4    .136E-01    .142E-01
   10    5    .675E-01    .707E-01
   10    6    .930E+00    .000E+00
   10    7   -.123E+01    .000E+00
   10    8   -.996E+00   -.991E+00
   10    9   -.321E+00   -.319E+00
   11    1    .400E-04    .431E-04
   11    2    .350E-02    .350E-02
   11    3    .751E-02    .755E-02
   11    4    .227E-01    .237E-01
   11    5    .662E-01    .685E-01
   11    6    .230E-02    .254E-02
   11    7    .179E+01    .000E+00
   11    8   -.249E+01    .000E+00
   11    9   -.331E+01    .000E+00
   12    1    .170E-04    .186E-04
   12    2    .190E-02    .191E-02
   12    3    .430E-02    .434E-02
   12    4    .113E-01    .116E-01
   12    5    .256E-01    .263E-01
   12    6    .931E-03    .988E-03
   12    7    .254E+00    .257E+00
   12    8    .137E+01    .000E+00
   12    9   -.187E+01    .000E+00
  1  2  1    1  3  0        56
    1    1   -.414E+01   -.409E+01
    1    2   -.749E+00   -.738E+00
    1    3   -.273E+00   -.268E+00
    1    4   -.134E+00   -.131E+00
    1    5   -.770E-01   -.754E-01
    1    6   -.488E-01   -.478E-01
    1    7   -.332E-01   -.325E-01
    2    1   -.419E+00    .000E+00
    2    2   -.333E+01   -.333E+01
    2    3   -.802E+00   -.819E+00
    2    4   -.329E+00   -.339E+00
    2    5   -.172E+00   -.178E+00
    2    6   -.103E+00   -.106E+00
    2    7   -.670E-01   -.693E-01
    3    1    .104E+00    .960E-01
    3    2   -.714E+00    .000E+00
    3    3   -.301E+01   -.291E+01
    3    4   -.803E+00   -.760E+00
    3    5   -.348E+00   -.327E+00
    3    6   -.188E+00   -.176E+00
    3    7   -.115E+00   -.108E+00
    4    1    .175E-01    .160E-01
    4    2    .255E+00    .254E+00
    4    3   -.974E+00    .000E+00
    4    4   -.288E+01   -.280E+01
    4    5   -.801E+00   -.775E+00
    4    6   -.357E+00   -.344E+00
    4    7   -.197E+00   -.190E+00
    5    1    .616E-02    .573E-02
    5    2    .456E-01    .454E-01
    5    3    .436E+00    .451E+00
    5    4   -.121E+01    .000E+00
    5    5   -.284E+01   -.280E+01
    5    6   -.805E+00   -.792E+00
    5    7   -.364E+00   -.358E+00
    6    1    .295E-02    .282E-02
    6    2    .166E-01    .165E-01
    6    3    .811E-01    .833E-01
    6    4    .637E+00    .647E+00
    6    5   -.144E+01    .000E+00
    6    6   -.284E+01   -.282E+01
    6    7   -.814E+00   -.808E+00
    7    1    .167E-02    .163E-02
    7    2    .811E-02    .808E-02
    7    3    .300E-01    .305E-01
    7    4    .122E+00    .123E+00
    7    5    .851E+00    .856E+00
    7    6   -.166E+01    .000E+00
    7    7   -.288E+01   -.287E+01
    8    1    .105E-02    .104E-02
    8    2    .466E-02    .465E-02
    8    3    .149E-01    .149E-01
    8    4    .456E-01    .457E-01
    8    5    .165E+00    .166E+00
    8    6    .107E+01    .000E+00
    8    7   -.187E+01    .000E+00
  1  3  0    1  3  1        63
    1    1    .118E+01    .122E+01
    1    2    .582E-03    .198E-03
    1    3    .109E-01    .100E-01
    1    4    .580E-02    .537E-02
    1    5    .491E-02    .444E-02
    1    6   -.779E-02    .000E+00
    1    7   -.253E-01    .000E+00
    1    8   -.519E-02   -.509E-02
    1    9   -.198E-02   -.193E-02
    2    1    .733E-01    .725E-01
    2    2    .867E-01    .872E-01
    2    3    .531E+00    .591E+00
    2    4    .371E-02    .375E-02
    2    5    .170E-01    .164E-01
    2    6    .208E+00    .198E+00
    2    7    .234E+00    .222E+00
    2    8    .294E-01    .279E-01
    2    9    .974E-02    .921E-02
    3    1    .233E-01    .229E-01
    3    2    .237E-01    .235E-01
    3    3    .851E-03    .917E-03
    3    4    .589E+00    .651E+00
    3    5    .369E-02    .350E-02
    3    6    .281E-01    .257E-01
    3    7    .265E-01    .238E-01
    3    8    .237E-02    .209E-02
    3    9    .513E-03    .440E-03
    4    1    .107E-01    .105E-01
    4    2    .104E-01    .102E-01
    4    3    .178E-03    .189E-03
    4    4    .311E-04    .224E-04
    4    5    .596E+00    .657E+00
    4    6    .475E-03    .165E-03
    4    7    .936E-03    .484E-03
    4    8    .104E-03    .562E-04
    4    9    .149E-04    .605E-05
    5    1    .597E-02    .581E-02
    5    2    .560E-02    .549E-02
    5    3    .702E-04    .736E-04
    5    4    .577E-04    .516E-04
    5    5    .152E-02    .152E-02
    5    6    .404E+00    .439E+00
    5    7    .175E+00    .200E+00
    5    8    .854E-03    .109E-02
    5    9    .845E-04    .116E-03
    6    1    .371E-02    .360E-02
    6    2    .342E-02    .335E-02
    6    3    .361E-04    .375E-04
    6    4    .465E-04    .430E-04
    6    5    .795E-03    .787E-03
    6    6    .233E-01    .241E-01
    6    7    .569E-01    .605E-01
    6    8    .490E+00    .547E+00
    6    9    .105E-02    .122E-02
    7    1    .248E-02    .241E-02
    7    2    .227E-02    .221E-02
    7    3    .215E-04    .222E-04
    7    4    .347E-04    .326E-04
    7    5    .495E-03    .489E-03
    7    6    .102E-01    .105E-01
    7    7    .164E-01    .170E-01
    7    8    .675E-02    .728E-02
    7    9    .533E+00    .593E+00
  1  3  1    1  4  0        63
    1    1   -.430E+01   -.431E+01
    1    2   -.103E+01   -.103E+01
    1    3   -.586E+00   -.579E+00
    1    4   -.960E+00   -.909E+00
    1    5   -.517E-01   -.432E-01
    1    6   -.255E-01   -.274E-01
    1    7   -.302E-01   -.313E-01
    2    1   -.500E+01   -.501E+01
    2    2   -.123E+00   -.127E+00
    2    3   -.634E-01   -.639E-01
    2    4   -.380E+01   -.389E+01
    2    5   -.227E+01   -.233E+01
    2    6   -.236E+00   -.242E+00
    2    7   -.777E-01   -.793E-01
    3    1    .256E+00    .000E+00
    3    2   -.838E+01   -.815E+01
    3    3   -.119E+01   -.115E+01
    3    4   -.314E-01   -.305E-01
    3    5   -.842E+00   -.817E+00
    3    6   -.352E+00   -.345E+00
    3    7   -.182E+00   -.180E+00
    4    1    .528E-01    .560E-01
    4    2    .234E+00    .000E+00
    4    3   -.783E+01   -.776E+01
    4    4   -.164E+00   -.164E+00
    4    5   -.136E+01   -.135E+01
    4    6   -.750E+00   -.744E+00
    4    7   -.384E+00   -.382E+00
    5    1    .839E-02    .849E-02
    5    2    .179E+00    .181E+00
    5    3    .101E+00    .000E+00
    5    4   -.414E+01   -.411E+01
    5    5   -.291E+01   -.292E+01
    5    6   -.165E+01   -.166E+01
    5    7   -.750E+00   -.751E+00
    6    1    .656E-03    .538E-03
    6    2    .308E-01    .284E-01
    6    3    .516E+00    .514E+00
    6    4    .595E+00    .000E+00
    6    5   -.399E+01    .000E+00
    6    6   -.125E+01   -.127E+01
    6    7   -.629E+00   -.636E+00
    7    1    .185E-02    .200E-02
    7    2    .108E-02    .137E-02
    7    3    .693E-04    .799E-04
    7    4    .653E+00    .000E+00
    7    5    .177E+01    .000E+00
    7    6   -.728E+01    .000E+00
    7    7   -.868E+00   -.858E+00
    8    1    .170E-02    .166E-02
    8    2    .622E-02    .591E-02
    8    3    .232E-01    .223E-01
    8    4    .108E-02    .186E-02
    8    5    .460E+00    .000E+00
    8    6    .140E+01    .000E+00
    8    7   -.861E+01    .000E+00
    9    1    .970E-03    .909E-03
    9    2    .367E-02    .328E-02
    9    3    .120E-01    .114E-01
    9    4    .395E-03    .241E-03
    9    5    .888E-01    .898E-01
    9    6    .561E+00    .000E+00
    9    7    .114E+01    .000E+00
  3  0  0    3  1  1       130
    1    1    .422E+00    .433E+00
    1    2   -.173E+01   -.176E+01
    1    3   -.708E+00   -.788E+00
    1    4   -.362E+00   -.362E+00
    1    5   -.419E-01   -.406E-01
    1    6   -.146E+00   -.145E+00
    1    7   -.746E-01   -.737E-01
    1    8   -.194E-03   -.240E-03
    1    9   -.442E-01   -.435E-01
    1   10   -.190E-01   -.182E-01
    1   11   -.101E-01   -.102E-01
    1   12   -.157E-01   -.155E-01
    1   13   -.118E-01   -.116E-01
    2    1    .218E+00    .220E+00
    2    2    .970E+00    .104E+01
    2    3    .336E+00    .341E+00
    2    4   -.163E+01   -.168E+01
    2    5   -.179E-01   -.119E-01
    2    6   -.875E-01   -.809E-01
    2    7   -.819E-01   -.813E-01
    2    8   -.550E+00   -.594E+00
    2    9   -.485E-01   -.483E-01
    2   10   -.631E+00   -.648E+00
    2   11   -.114E+00   -.119E+00
    2   12   -.877E-04   -.655E-04
    2   13   -.127E-02   -.124E-02
    3    1    .130E-03    .468E-03
    3    2    .206E+00    .203E+00
    3    3    .199E+00    .211E+00
    3    4   -.474E+00    .000E+00
    3    5   -.138E+01   -.138E+01
    3    6   -.338E+00   -.323E+00
    3    7   -.119E+00   -.119E+00
    3    8   -.210E+00   -.238E+00
    3    9   -.228E-01   -.230E-01
    3   10   -.158E+00   -.160E+00
    3   11   -.171E+00   -.175E+00
    3   12   -.333E-01   -.344E-01
    3   13   -.181E-01   -.188E-01
    4    1    .262E-01    .284E-01
    4    2    .137E+00    .143E+00
    4    3    .811E-02    .892E-02
    4    4    .102E+01    .101E+01
    4    5    .470E+00    .462E+00
    4    6   -.334E+01    .000E+00
    4    7   -.399E+00   -.372E+00
    4    8   -.314E-02   -.435E-02
    4    9   -.150E+00   -.132E+00
    4   10   -.341E-02   -.172E-02
    4   11   -.812E-01   -.738E-01
    4   12   -.525E-01   -.451E-01
    4   13   -.343E-01   -.291E-01
    5    1    .179E-01    .191E-01
    5    2    .541E-01    .570E-01
    5    3    .601E-02    .653E-02
    5    4    .246E+00    .249E+00
    5    5    .496E-01    .491E-01
    5    6    .201E+01    .200E+01
    5    7   -.407E+01    .000E+00
    5    8   -.287E-01   -.232E-01
    5    9   -.394E+00   -.366E+00
    5   10   -.393E-01   -.341E-01
    5   11   -.105E+00   -.975E-01
    5   12   -.781E-01   -.708E-01
    5   13   -.476E-01   -.427E-01
    6    1    .240E-01    .248E-01
    6    2    .269E-01    .281E-01
    6    3    .224E-01    .235E-01
    6    4    .228E+00    .240E+00
    6    5    .212E-02    .224E-02
    6    6    .306E+00    .309E+00
    6    7    .247E+01    .251E+01
    6    8    .178E+00    .152E+00
    6    9   -.495E+01    .000E+00
    6   10   -.705E-01   -.639E-01
    6   11   -.162E+00   -.157E+00
    6   12   -.109E+00   -.103E+00
    6   13   -.606E-01   -.573E-01
    7    1    .287E-01    .276E-01
    7    2    .801E-04    .157E-03
    7    3    .947E-01    .970E-01
    7    4    .278E+00    .308E+00
    7    5    .681E-01    .665E-01
    7    6    .309E-01    .301E-01
    7    7    .612E-01    .618E-01
    7    8    .483E+00    .421E+00
    7    9    .717E+00    .000E+00
    7   10   -.209E+01   -.210E+01
    7   11   -.294E-01   -.256E-01
    7   12   -.576E-01   -.544E-01
    7   13   -.209E-01   -.195E-01
    8    1    .143E-02    .169E-02
    8    2    .142E-01    .152E-01
    8    3    .900E-03    .840E-03
    8    4    .779E-02    .733E-02
    8    5    .183E-01    .184E-01
    8    6    .146E+00    .148E+00
    8    7    .436E+00    .445E+00
    8    8    .143E-01    .138E-01
    8    9    .253E+01    .257E+01
    8   10    .306E+00    .000E+00
    8   11   -.510E+01    .000E+00
    8   12   -.492E+00   -.478E+00
    8   13   -.188E+00   -.182E+00
    9    1    .222E-02    .247E-02
    9    2    .979E-02    .104E-01
    9    3    .569E-07    .877E-06
    9    4    .118E-01    .120E-01
    9    5    .761E-02    .771E-02
    9    6    .774E-01    .792E-01
    9    7    .177E+00    .181E+00
    9    8    .363E-02    .372E-02
    9    9    .515E+00    .523E+00
    9   10    .341E+00    .346E+00
    9   11    .331E+01    .000E+00
    9   12   -.614E+01    .000E+00
    9   13   -.499E+00    .000E+00
   10    1    .193E-02    .212E-02
   10    2    .683E-02    .726E-02
   10    3    .375E-04    .518E-04
   10    4    .945E-02    .970E-02
   10    5    .421E-02    .430E-02
   10    6    .471E-01    .485E-01
   10    7    .924E-01    .943E-01
   10    8    .196E-02    .206E-02
   10    9    .204E+00    .207E+00
   10   10    .103E+00    .104E+00
   10   11    .504E+00    .508E+00
   10   12    .420E+01    .000E+00
   10   13   -.684E+01    .000E+00
  3  1  0    3  1  1       117
    1    1    .208E+01    .230E+01
    1    2   -.383E-02   -.264E-02
    1    3   -.105E+01   -.109E+01
    1    4   -.576E+00   -.593E+00
    1    5   -.166E+01   -.169E+01
    1    6   -.383E-02   -.362E-02
    1    7   -.337E-03   -.316E-03
    1    8   -.161E+00   -.167E+00
    1    9   -.735E-02   -.735E-02
    1   10   -.400E+00   -.386E+00
    1   11   -.134E+00   -.128E+00
    1   12   -.481E-02   -.451E-02
    1   13   -.128E-02   -.118E-02
    2    1    .352E+00    .339E+00
    2    2    .812E+00    .906E+00
    2    3    .224E+01    .231E+01
    2    4   -.450E-01   -.224E-01
    2    5   -.242E+00   -.234E+00
    2    6   -.404E-02   -.577E-02
    2    7   -.282E-06   -.362E-04
    2    8   -.134E+01   -.137E+01
    2    9   -.292E-01   -.304E-01
    2   10   -.648E+00   -.623E+00
    2   11   -.179E+00   -.167E+00
    2   12   -.353E-02   -.290E-02
    2   13   -.576E-03   -.401E-03
    3    1    .129E+00    .122E+00
    3    2    .155E-02    .255E-02
    3    3    .328E+00    .321E+00
    3    4    .703E+00    .749E+00
    3    5    .803E-01    .987E-01
    3    6    .499E-03    .102E-02
    3    7    .715E-02    .512E-02
    3    8    .308E+01    .296E+01
    3    9    .638E-02    .000E+00
    3   10   -.333E+00    .000E+00
    3   11   -.132E+00   -.130E+00
    3   12   -.666E-02   -.740E-02
    3   13   -.222E-02   -.258E-02
    4    1    .607E-01    .571E-01
    4    2    .471E-03    .845E-03
    4    3    .128E+00    .126E+00
    4    4    .866E-02    .800E-02
    4    5    .795E-02    .742E-02
    4    6    .708E+00    .780E+00
    4    7    .363E-02    .427E-02
    4    8    .369E+00    .352E+00
    4    9    .163E-02    .113E-02
    4   10    .637E-01    .544E-01
    4   11    .209E-01    .189E-01
    4   12    .689E-03    .752E-03
    4   13    .144E-03    .190E-03
    5    1    .334E-01    .312E-01
    5    2    .256E-03    .459E-03
    5    3    .635E-01    .622E-01
    5    4    .265E-02    .236E-02
    5    5    .270E-02    .245E-02
    5    6    .816E-03    .787E-03
    5    7    .677E+00    .750E+00
    5    8    .186E+00    .180E+00
    5    9    .119E-03    .268E-03
    5   10    .501E-02    .344E-02
    5   11    .280E-02    .239E-02
    5   12    .238E-03    .268E-03
    5   13    .940E-04    .119E-03
    6    1    .203E-01    .189E-01
    6    2    .165E-03    .290E-03
    6    3    .364E-01    .356E-01
    6    4    .125E-02    .110E-02
    6    5    .133E-02    .119E-02
    6    6    .181E-03    .162E-03
    6    7    .409E-03    .430E-03
    6    8    .564E-01    .529E-01
    6    9    .733E+00    .808E+00
    6   10    .157E-02    .264E-02
    6   11    .382E-03    .276E-03
    6   12    .250E-03    .284E-03
    6   13    .116E-03    .140E-03
    7    1    .133E-01    .124E-01
    7    2    .114E-03    .198E-03
    7    3    .230E-01    .225E-01
    7    4    .712E-03    .620E-03
    7    5    .775E-03    .689E-03
    7    6    .716E-04    .614E-04
    7    7    .406E-04    .396E-04
    7    8    .360E-01    .343E-01
    7    9    .258E-02    .263E-02
    7   10    .214E+00    .231E+00
    7   11    .506E+00    .566E+00
    7   12    .643E-03    .726E-03
    7   13    .212E-03    .248E-03
    8    1    .922E-02    .856E-02
    8    2    .824E-04    .141E-03
    8    3    .155E-01    .151E-01
    8    4    .453E-03    .392E-03
    8    5    .498E-03    .441E-03
    8    6    .365E-04    .303E-04
    8    7    .665E-05    .563E-05
    8    8    .237E-01    .227E-01
    8    9    .873E-03    .862E-03
    8   10    .125E-01    .127E-01
    8   11    .150E-02    .152E-02
    8   12    .703E+00    .781E+00
    8   13    .759E-03    .862E-03
    9    1    .664E-02    .616E-02
    9    2    .616E-04    .104E-03
    9    3    .110E-01    .107E-01
    9    4    .310E-03    .267E-03
    9    5    .342E-03    .302E-03
    9    6    .215E-04    .174E-04
    9    7    .115E-05    .712E-06
    9    8    .164E-01    .158E-01
    9    9    .450E-03    .439E-03
    9   10    .504E-02    .504E-02
    9   11    .637E-03    .634E-03
    9   12    .335E-03    .365E-03
    9   13    .710E+00    .788E+00
  3  1  0    3  2  1        72
    1    1   -.716E+01   -.718E+01
    1    2   -.168E+01   -.166E+01
    1    3   -.678E+00   -.664E+00
    1    4   -.346E+00   -.338E+00
    1    5   -.202E+00   -.197E+00
    1    6   -.129E+00   -.126E+00
    1    7   -.880E-01   -.857E-01
    1    8   -.627E-01   -.610E-01
    2    1   -.896E+00   -.897E+00
    2    2   -.304E+01   -.299E+01
    2    3   -.804E+00   -.786E+00
    2    4   -.341E+00   -.332E+00
    2    5   -.180E+00   -.175E+00
    2    6   -.108E+00   -.105E+00
    2    7   -.704E-01   -.683E-01
    2    8   -.487E-01   -.472E-01
    3    1    .290E+00    .284E+00
    3    2   -.163E+01    .000E+00
    3    3   -.275E+01   -.272E+01
    3    4   -.801E+00   -.816E+00
    3    5   -.360E+00   -.374E+00
    3    6   -.198E+00   -.208E+00
    3    7   -.123E+00   -.129E+00
    3    8   -.819E-01   -.869E-01
    4    1    .560E-01    .548E-01
    4    2    .666E+00    .629E+00
    4    3   -.227E+01    .000E+00
    4    4   -.266E+01   -.261E+01
    4    5   -.800E+00   -.765E+00
    4    6   -.369E+00   -.347E+00
    4    7   -.207E+00   -.193E+00
    4    8   -.130E+00   -.121E+00
    5    1    .216E-01    .211E-01
    5    2    .127E+00    .118E+00
    5    3    .110E+01    .106E+01
    5    4   -.287E+01    .000E+00
    5    5   -.266E+01   -.259E+01
    5    6   -.811E+00   -.778E+00
    5    7   -.378E+00   -.360E+00
    5    8   -.215E+00   -.203E+00
    6    1    .109E-01    .107E-01
    6    2    .487E-01    .455E-01
    6    3    .212E+00    .204E+00
    6    4    .156E+01    .158E+01
    6    5   -.345E+01    .000E+00
    6    6   -.271E+01   -.266E+01
    6    7   -.830E+00   -.807E+00
    6    8   -.389E+00   -.377E+00
    7    1    .643E-02    .624E-02
    7    2    .245E-01    .232E-01
    7    3    .816E-01    .788E-01
    7    4    .305E+00    .309E+00
    7    5    .204E+01    .207E+01
    7    6   -.401E+01    .000E+00
    7    7   -.279E+01   -.275E+01
    7    8   -.855E+00   -.840E+00
    8    1    .414E-02    .402E-02
    8    2    .144E-01    .137E-01
    8    3    .415E-01    .402E-01
    8    4    .118E+00    .119E+00
    8    5    .402E+00    .409E+00
    8    6    .254E+01    .256E+01
    8    7   -.457E+01    .000E+00
    8    8   -.289E+01   -.286E+01
    9    1    .285E-02    .276E-02
    9    2    .930E-02    .892E-02
    9    3    .245E-01    .239E-01
    9    4    .603E-01    .608E-01
    9    5    .156E+00    .159E+00
    9    6    .502E+00    .508E+00
    9    7    .304E+01    .000E+00
    9    8   -.512E+01    .000E+00
  3  1  1    3  2  0       143
    1    1   -.551E+01   -.550E+01
    1    2   -.412E+00   -.394E+00
    1    3   -.114E+01   -.113E+01
    1    4   -.474E+00   -.468E+00
    1    5   -.249E+00   -.246E+00
    1    6   -.164E+00   -.159E+00
    1    7   -.108E+00   -.107E+00
    1    8   -.712E-01   -.701E-01
    1    9   -.151E-01   -.151E-01
    1   10   -.593E-01   -.586E-01
    1   11   -.427E-01   -.421E-01
    2    1   -.125E+01   -.123E+01
    2    2   -.149E+01   -.163E+01
    2    3   -.360E+01   -.359E+01
    2    4   -.103E+01   -.103E+01
    2    5   -.451E+00   -.449E+00
    2    6   -.184E-03   -.168E-03
    2    7   -.246E+00   -.244E+00
    2    8   -.167E+00   -.167E+00
    2    9   -.290E-02   -.261E-02
    2   10   -.956E-01   -.949E-01
    2   11   -.670E-01   -.665E-01
    3    1    .423E-01    .408E-01
    3    2   -.217E+01   -.223E+01
    3    3   -.391E-03   -.167E-03
    3    4   -.125E-03   -.573E-04
    3    5   -.522E-03   -.441E-03
    3    6   -.968E+00   -.974E+00
    3    7   -.145E-01   -.149E-01
    3    8   -.251E-01   -.259E-01
    3    9   -.628E-01   -.642E-01
    3   10   -.191E-04   -.250E-04
    3   11   -.118E-04   -.157E-04
    4    1    .105E+01    .109E+01
    4    2    .890E-01    .886E-01
    4    3   -.256E+01   -.261E+01
    4    4   -.219E+01   -.218E+01
    4    5   -.760E+00   -.780E+00
    4    6   -.134E+01   -.147E+01
    4    7   -.212E+00   -.216E+00
    4    8   -.106E+01   -.106E+01
    4    9   -.103E+01   -.986E+00
    4   10   -.953E-01   -.101E+00
    4   11   -.691E-01   -.734E-01
    5    1    .254E+00    .288E+00
    5    2    .166E+00    .160E+00
    5    3    .939E-01    .000E+00
    5    4   -.146E+01   -.143E+01
    5    5   -.331E+00   -.333E+00
    5    6   -.252E-01   -.355E-01
    5    7   -.104E+00   -.105E+00
    5    8   -.104E+01   -.998E+00
    5    9   -.580E+01   -.567E+01
    5   10   -.633E-01   -.651E-01
    5   11   -.360E-01   -.373E-01
    6    1    .507E-01    .513E-01
    6    2    .734E-02    .703E-02
    6    3    .976E+00    .937E+00
    6    4   -.330E+01    .000E+00
    6    5   -.336E+01   -.327E+01
    6    6   -.373E-02   -.373E-02
    6    7   -.103E+01   -.978E+00
    6    8   -.253E+00   -.234E+00
    6    9   -.288E+00   -.273E+00
    6   10   -.282E+00   -.261E+00
    6   11   -.178E+00   -.164E+00
    7    1    .240E-01    .243E-01
    7    2    .158E-01    .160E-01
    7    3    .208E+00    .199E+00
    7    4    .159E+01    .155E+01
    7    5   -.439E+01    .000E+00
    7    6   -.310E-01   -.292E-01
    7    7   -.317E+01   -.307E+01
    7    8   -.685E+00   -.654E+00
    7    9   -.341E+00   -.327E+00
    7   10   -.483E+00   -.459E+00
    7   11   -.276E+00   -.261E+00
    8    1    .560E-02    .440E-02
    8    2    .965E+00    .100E+01
    8    3    .362E-01    .428E-01
    8    4    .260E-02    .413E-02
    8    5    .449E-01    .000E+00
    8    6   -.318E+01   -.352E+01
    8    7   -.711E-02   -.327E-02
    8    8   -.867E-02   -.111E-01
    8    9   -.104E+00   -.103E+00
    8   10   -.236E-02   -.162E-02
    8   11   -.985E-03   -.622E-03
    9    1    .126E-01    .129E-01
    9    2    .880E-03    .878E-03
    9    3    .134E+00    .134E+00
    9    4    .316E+00    .309E+00
    9    5    .231E+01    .234E+01
    9    6    .635E-01    .000E+00
    9    7   -.562E+01    .000E+00
    9    8   -.221E+01   -.215E+01
    9    9   -.870E+00   -.852E+00
    9   10   -.991E+00   -.962E+00
    9   11   -.474E+00   -.459E+00
   10    1    .141E-01    .141E-01
   10    2    .425E-01    .454E-01
   10    3    .661E+00    .719E+00
   10    4    .396E-01    .375E-01
   10    5    .192E+00    .188E+00
   10    6    .992E-01    .835E-01
   10    7    .207E+01    .204E+01
   10    8   -.457E+01    .000E+00
   10    9   -.259E+00    .000E+00
   10   10   -.860E-01   -.884E-01
   10   11   -.571E-01   -.583E-01
   11    1    .404E-03    .453E-03
   11    2    .991E-02    .108E-01
   11    3    .664E-01    .785E-01
   11    4    .768E-01    .772E-01
   11    5    .235E+00    .245E+00
   11    6    .115E+00    .103E+00
   11    7    .131E+01    .135E+01
   11    8   -.628E+00    .000E+00
   11    9   -.900E+00    .000E+00
   11   10   -.410E+01   -.402E+01
   11   11   -.111E+01   -.108E+01
   12    1    .303E-02    .312E-02
   12    2    .125E-04    .198E-04
   12    3    .413E-02    .351E-02
   12    4    .625E-01    .624E-01
   12    5    .159E+00    .162E+00
   12    6    .175E-01    .163E-01
   12    7    .510E+00    .522E+00
   12    8    .252E+01    .254E+01
   12    9    .770E+00    .000E+00
   12   10   -.587E+01    .000E+00
   12   11   -.388E+01    .000E+00
   13    1    .239E-02    .245E-02
   13    2    .378E-04    .327E-04
   13    3    .541E-02    .505E-02
   13    4    .389E-01    .390E-01
   13    5    .842E-01    .857E-01
   13    6    .852E-02    .799E-02
   13    7    .205E+00    .209E+00
   13    8    .542E+00    .547E+00
   13    9    .133E+00    .137E+00
   13   10    .410E+01    .000E+00
   13   11   -.703E+01    .000E+00
  3  2  0    3  2  1        88
    1    1   -.155E+01   -.168E+01
    1    2   -.899E-06   -.921E-05
    1    3   -.117E-03   -.673E-04
    1    4   -.879E-04   -.568E-04
    1    5   -.570E-04   -.380E-04
    1    6   -.376E-04   -.253E-04
    1    7   -.258E-04   -.174E-04
    1    8   -.183E-04   -.124E-04
    2    1   -.509E+00   -.514E+00
    2    2   -.685E+00   -.694E+00
    2    3   -.235E+00   -.239E+00
    2    4   -.110E+00   -.112E+00
    2    5   -.611E-01   -.622E-01
    2    6   -.379E-01   -.386E-01
    2    7   -.253E-01   -.258E-01
    2    8   -.178E-01   -.182E-01
    3    1    .495E-03    .000E+00
    3    2   -.138E+01   -.152E+01
    3    3   -.338E-02   -.359E-02
    3    4   -.859E-03   -.920E-03
    3    5   -.364E-03   -.391E-03
    3    6   -.194E-03   -.210E-03
    3    7   -.118E-03   -.128E-03
    3    8   -.783E-04   -.848E-04
    4    1    .255E-03    .676E-04
    4    2   -.142E-03   -.625E-04
    4    3   -.121E+01   -.134E+01
    4    4   -.111E-02   -.120E-02
    4    5   -.252E-03   -.273E-03
    4    6   -.988E-04   -.107E-03
    4    7   -.495E-04   -.539E-04
    4    8   -.286E-04   -.312E-04
    5    1    .115E-03    .423E-04
    5    2   -.991E-03   -.757E-03
    5    3   -.143E-02   -.163E-02
    5    4   -.118E+01   -.131E+01
    5    5   -.641E-03   -.710E-03
    5    6   -.117E-03   -.129E-03
    5    7   -.391E-04   -.435E-04
    5    8   -.172E-04   -.193E-04
    6    1    .136E+00    .145E+00
    6    2   -.893E+00   -.854E+00
    6    3   -.681E+00   -.682E+00
    6    4   -.253E+00   -.261E+00
    6    5   -.398E-01   -.398E-01
    6    6   -.499E-01   -.521E-01
    6    7   -.335E-01   -.352E-01
    6    8   -.232E-01   -.244E-01
    7    1    .313E-02    .362E-02
    7    2   -.107E-01   -.112E-01
    7    3   -.951E-02   -.921E-02
    7    4   -.104E-02   -.967E-03
    7    5   -.127E+01   -.140E+01
    7    6   -.329E-02   -.353E-02
    7    7   -.140E-02   -.150E-02
    7    8   -.808E-03   -.865E-03
    8    1    .399E+00    .386E+00
    8    2    .362E-01    .000E+00
    8    3   -.144E-01   -.139E-01
    8    4   -.148E-02   -.155E-02
    8    5   -.388E-05   -.239E-05
    8    6   -.956E+00   -.106E+01
    8    7   -.259E-02   -.297E-02
    8    8   -.955E-03   -.112E-02
    9    1    .130E+01    .125E+01
    9    2    .117E+00    .000E+00
    9    3   -.339E-01   -.335E-01
    9    4   -.593E-02   -.655E-02
    9    5   -.213E-02   -.255E-02
    9    6   -.246E+00   -.271E+00
    9    7   -.646E-03   -.838E-03
    9    8   -.407E-03   -.538E-03
   10    1    .445E-03    .346E-03
   10    2    .800E-05    .264E-04
   10    3   -.586E-04   -.430E-04
   10    4   -.201E-04   -.288E-04
   10    5   -.146E-03   -.172E-03
   10    6   -.818E-03   -.923E-03
   10    7   -.119E+01   -.132E+01
   10    8   -.878E-03   -.966E-03
   11    1    .115E-03    .783E-04
   11    2    .152E-06    .422E-05
   11    3   -.604E-04   -.459E-04
   11    4   -.109E-04   -.160E-04
   11    5   -.634E-04   -.752E-04
   11    6   -.193E-03   -.219E-03
   11    7   -.886E-03   -.991E-03
   11    8   -.119E+01   -.132E+01
  3  2  0    3  3  1        99
    1    1   -.220E+00   -.154E+00
    1    2   -.140E+02   -.141E+02
    1    3   -.280E+01   -.279E+01
    1    4   -.100E+01   -.995E+00
    1    5   -.380E+00   -.375E+00
    1    6   -.836E-01   -.857E-01
    1    7   -.295E+00   -.294E+00
    1    8   -.186E+00   -.184E+00
    1    9   -.125E+00   -.124E+00
    2    1   -.128E+01   -.123E+01
    2    2   -.101E+01   -.975E+00
    2    3   -.106E+00   -.101E+00
    2    4   -.114E+00   -.110E+00
    2    5   -.908E+00   -.908E+00
    2    6   -.446E+01   -.451E+01
    2    7   -.658E-01   -.683E-01
    2    8   -.639E-02   -.694E-02
    2    9   -.116E-02   -.134E-02
    3    1    .470E+00    .503E+00
    3    2   -.217E+01    .000E+00
    3    3   -.107E+02   -.106E+02
    3    4   -.243E+01   -.247E+01
    3    5   -.336E+00   -.329E+00
    3    6   -.173E+01   -.189E+01
    3    7   -.857E+00   -.897E+00
    3    8   -.448E+00   -.467E+00
    3    9   -.280E+00   -.292E+00
    4    1    .107E-01    .145E-01
    4    2    .516E+00    .496E+00
    4    3   -.280E+01    .000E+00
    4    4   -.101E+02   -.976E+01
    4    5   -.255E+01   -.243E+01
    4    6   -.753E-01   -.648E-01
    4    7   -.108E+01   -.101E+01
    4    8   -.606E+00   -.564E+00
    4    9   -.371E+00   -.346E+00
    5    1    .494E-02    .656E-02
    5    2    .936E-01    .906E-01
    5    3    .964E+00    .964E+00
    5    4   -.327E+01    .000E+00
    5    5   -.102E+02   -.997E+01
    5    6   -.519E-01   -.420E-01
    5    7   -.242E+01   -.232E+01
    5    8   -.115E+01   -.110E+01
    5    9   -.642E+00   -.616E+00
    6    1    .355E+00    .378E+00
    6    2    .842E-01    .928E-01
    6    3    .727E-01    .763E-01
    6    4    .232E+00    .232E+00
    6    5   -.126E-02    .000E+00
    6    6   -.381E+01    .000E+00
    6    7   -.596E-01   -.708E-01
    6    8   -.127E-01   -.149E-01
    6    9   -.686E-02   -.788E-02
    7    1    .105E-02    .774E-03
    7    2    .247E-01    .241E-01
    7    3    .149E+00    .149E+00
    7    4    .136E+01    .141E+01
    7    5   -.904E+00    .000E+00
    7    6   -.395E+01    .000E+00
    7    7   -.840E+01   -.827E+01
    7    8   -.265E+01   -.260E+01
    7    9   -.123E+01   -.120E+01
    8    1    .226E-02    .347E-02
    8    2    .390E+00    .421E+00
    8    3    .518E-01    .512E-01
    8    4    .225E+00    .229E+00
    8    5    .109E+01    .110E+01
    8    6    .155E+01    .000E+00
    8    7   -.596E+01    .000E+00
    8    8   -.637E+01   -.632E+01
    8    9   -.195E+01   -.194E+01
    9    1    .162E-01    .251E-01
    9    2    .795E+00    .872E+00
    9    3    .106E-01    .116E-01
    9    4    .455E-01    .492E-01
    9    5    .196E+00    .206E+00
    9    6    .493E+00    .495E+00
    9    7   -.990E+00    .000E+00
    9    8   -.246E+01   -.243E+01
    9    9   -.691E+00   -.682E+00
   10    1    .449E-03    .668E-03
   10    2    .517E-02    .524E-02
   10    3    .312E-01    .316E-01
   10    4    .999E-01    .102E+00
   10    5    .249E+00    .252E+00
   10    6    .253E+00    .262E+00
   10    7    .343E+01    .000E+00
   10    8   -.705E+01    .000E+00
   10    9   -.907E+01    .000E+00
   11    1    .323E-03    .468E-03
   11    2    .395E-02    .411E-02
   11    3    .184E-01    .187E-01
   11    4    .497E-01    .502E-01
   11    5    .936E-01    .935E-01
   11    6    .892E-01    .924E-01
   11    7    .651E+00    .656E+00
   11    8    .405E+01    .000E+00
   11    9   -.763E+01    .000E+00
  3  2  1    3  3  0        56
    1    1   -.131E+02   -.130E+02
    1    2   -.201E+01   -.197E+01
    1    3   -.678E+00   -.664E+00
    1    4   -.317E+00   -.310E+00
    1    5   -.177E+00   -.173E+00
    1    6   -.110E+00   -.107E+00
    1    7   -.737E-01   -.718E-01
    2    1   -.233E+00    .000E+00
    2    2   -.115E+02   -.114E+02
    2    3   -.244E+01   -.249E+01
    2    4   -.953E+00   -.983E+00
    2    5   -.483E+00   -.500E+00
    2    6   -.284E+00   -.294E+00
    2    7   -.183E+00   -.190E+00
    3    1    .189E+00    .178E+00
    3    2   -.442E+00    .000E+00
    3    3   -.108E+02   -.104E+02
    3    4   -.257E+01   -.244E+01
    3    5   -.107E+01   -.100E+01
    3    6   -.563E+00   -.528E+00
    3    7   -.340E+00   -.318E+00
    4    1    .335E-01    .314E-01
    4    2    .494E+00    .498E+00
    4    3   -.652E+00    .000E+00
    4    4   -.105E+02   -.102E+02
    4    5   -.265E+01   -.255E+01
    4    6   -.113E+01   -.109E+01
    4    7   -.611E+00   -.586E+00
    5    1    .119E-01    .115E-01
    5    2    .931E-01    .943E-01
    5    3    .879E+00    .926E+00
    5    4   -.852E+00    .000E+00
    5    5   -.105E+02   -.104E+02
    5    6   -.271E+01   -.266E+01
    5    7   -.118E+01   -.116E+01
    6    1    .570E-02    .567E-02
    6    2    .342E-01    .349E-01
    6    3    .172E+00    .181E+00
    6    4    .131E+01    .135E+01
    6    5   -.104E+01    .000E+00
    6    6   -.107E+02   -.106E+02
    6    7   -.279E+01   -.276E+01
    7    1    .323E-02    .330E-02
    7    2    .168E-01    .172E-01
    7    3    .645E-01    .672E-01
    7    4    .264E+00    .272E+00
    7    5    .179E+01    .181E+01
    7    6   -.122E+01    .000E+00
    7    7   -.109E+02   -.109E+02
    8    1    .203E-02    .212E-02
    8    2    .967E-02    .990E-02
    8    3    .320E-01    .330E-01
    8    4    .101E+00    .103E+00
    8    5    .367E+00    .371E+00
    8    6    .228E+01    .000E+00
    8    7   -.139E+01    .000E+00
  3  3  0    3  3  1        63
    1    1    .271E+01    .272E+01
    1    2    .650E+00    .775E+00
    1    3    .100E-01    .896E-02
    1    4    .954E-02    .851E-02
    1    5    .435E-01    .361E-01
    1    6    .132E+00    .000E+00
    1    7   -.241E-02    .000E+00
    1    8   -.143E-02   -.145E-02
    1    9   -.852E-03   -.843E-03
    2    1    .406E+00    .398E+00
    2    2    .616E-01    .608E-01
    2    3    .163E+01    .181E+01
    2    4    .559E-02    .577E-02
    2    5    .139E+00    .135E+00
    2    6    .969E+00    .936E+00
    2    7    .308E-01    .294E-01
    2    8    .788E-02    .747E-02
    2    9    .395E-02    .373E-02
    3    1    .151E+00    .147E+00
    3    2    .210E-01    .204E-01
    3    3    .108E-02    .110E-02
    3    4    .174E+01    .193E+01
    3    5    .293E-01    .280E-01
    3    6    .173E+00    .162E+00
    3    7    .420E-02    .382E-02
    3    8    .773E-03    .685E-03
    3    9    .269E-03    .232E-03
    4    1    .754E-01    .734E-01
    4    2    .102E-01    .990E-02
    4    3    .315E-03    .308E-03
    4    4    .672E-04    .599E-04
    4    5    .178E+01    .195E+01
    4    6    .182E-01    .272E-01
    4    7    .149E-03    .773E-04
    4    8    .585E-04    .376E-04
    4    9    .195E-04    .117E-04
    5    1    .440E-01    .428E-01
    5    2    .589E-02    .569E-02
    5    3    .155E-03    .149E-03
    5    4    .908E-04    .893E-04
    5    5    .156E-01    .158E-01
    5    6    .193E+00    .200E+00
    5    7    .153E+01    .171E+01
    5    8    .203E-03    .268E-03
    5    9    .175E-04    .278E-04
    6    1    .283E-01    .274E-01
    6    2    .375E-02    .362E-02
    6    3    .930E-04    .878E-04
    6    4    .681E-04    .685E-04
    6    5    .797E-02    .802E-02
    6    6    .734E-01    .745E-01
    6    7    .567E-02    .594E-02
    6    8    .163E+01    .181E+01
    6    9    .387E-03    .458E-03
    7    1    .194E-01    .188E-01
    7    2    .256E-02    .246E-02
    7    3    .616E-04    .577E-04
    7    4    .490E-04    .498E-04
    7    5    .494E-02    .496E-02
    7    6    .420E-01    .424E-01
    7    7    .216E-02    .222E-02
    7    8    .178E-02    .190E-02
    7    9    .165E+01    .183E+01
  3  3  1    3  4  0        63
    1    1   -.299E+01   -.299E+01
    1    2   -.133E+01   -.133E+01
    1    3   -.153E+01   -.152E+01
    1    4   -.799E+01   -.783E+01
    1    5   -.169E+01   -.164E+01
    1    6   -.172E-01   -.157E-01
    1    7   -.869E-03   -.105E-02
    2    1   -.245E+02   -.245E+02
    2    2   -.204E+01   -.207E+01
    2    3   -.710E-01   -.677E-01
    2    4   -.536E+01   -.563E+01
    2    5   -.433E+01   -.451E+01
    2    6   -.794E+00   -.817E+00
    2    7   -.346E+00   -.354E+00
    3    1    .293E+00    .000E+00
    3    2   -.249E+02   -.242E+02
    3    3   -.394E+01   -.381E+01
    3    4   -.825E-02   -.704E-02
    3    5   -.203E+01   -.197E+01
    3    6   -.988E+00   -.966E+00
    3    7   -.533E+00   -.526E+00
    4    1    .178E+00    .188E+00
    4    2    .425E+00    .000E+00
    4    3   -.235E+02   -.233E+02
    4    4   -.476E+00   -.480E+00
    4    5   -.402E+01   -.397E+01
    4    6   -.219E+01   -.217E+01
    4    7   -.113E+01   -.113E+01
    5    1    .180E-01    .183E-01
    5    2    .520E+00    .524E+00
    5    3   -.584E+00    .000E+00
    5    4   -.858E+01   -.851E+01
    5    5   -.943E+01   -.946E+01
    5    6   -.473E+01   -.473E+01
    5    7   -.217E+01   -.217E+01
    6    1    .146E-01    .149E-01
    6    2    .196E-02    .274E-02
    6    3    .196E+01    .000E+00
    6    4   -.753E+01    .000E+00
    6    5   -.172E+01   -.164E+01
    6    6   -.225E+00   -.217E+00
    6    7   -.292E-01   -.281E-01
    7    1    .129E-01    .126E-01
    7    2    .756E-01    .737E-01
    7    3    .496E+00    .490E+00
    7    4    .596E+01    .000E+00
    7    5   -.801E+01    .000E+00
    7    6   -.199E+02   -.199E+02
    7    7   -.516E+01   -.516E+01
    8    1    .577E-02    .544E-02
    8    2    .284E-01    .262E-01
    8    3    .114E+00    .110E+00
    8    4    .311E-01    .318E-01
    8    5    .277E+01    .000E+00
    8    6   -.271E+01    .000E+00
    8    7   -.211E+02    .000E+00
    9    1    .319E-02    .292E-02
    9    2    .137E-01    .121E-01
    9    3    .435E-01    .412E-01
    9    4    .384E-02    .390E-02
    9    5    .448E+00    .443E+00
    9    6    .256E+01    .000E+00
    9    7   -.177E+01    .000E+00
  0  0  0    0  0  0         0
