    8    4    F
  1  0  0    1  1  1       156
    1    1   -.522E+00   -.581E+00
    1    2   -.394E+00   -.385E+00
    1    3   -.151E-04   -.278E-07
    1    4   -.579E-01   -.556E-01
    1    5   -.776E-01   -.751E-01
    1    6   -.499E-01   -.486E-01
    1    7   -.196E-03   -.297E-03
    1    8   -.295E-01   -.283E-01
    1    9   -.568E-02   -.584E-02
    1   10   -.139E-01   -.132E-01
    1   11   -.102E-01   -.975E-02
    1   12   -.731E-02   -.704E-02
    1   13   -.533E-02   -.518E-02
    2    1    .359E+00    .378E+00
    2    2   -.637E-02   -.608E-02
    2    3   -.134E+00   -.140E+00
    2    4   -.934E+00   -.962E+00
    2    5   -.136E+00   -.136E+00
    2    6   -.107E-02   -.875E-03
    2    7   -.261E-01   -.263E-01
    2    8   -.146E-03   -.166E-03
    2    9   -.248E+00   -.239E+00
    2   10   -.760E-02   -.709E-02
    2   11   -.144E-02   -.129E-02
    2   12   -.250E-03   -.206E-03
    2   13   -.266E-04   -.390E-04
    3    1    .509E-01    .560E-01
    3    2   -.213E+00   -.225E+00
    3    3   -.493E+00   -.537E+00
    3    4   -.641E-04   -.192E-03
    3    5   -.172E+00   -.167E+00
    3    6   -.663E-01   -.651E-01
    3    7   -.304E-02   -.359E-02
    3    8   -.232E-01   -.222E-01
    3    9   -.809E-04   -.567E-04
    3   10   -.151E-01   -.146E-01
    3   11   -.996E-02   -.964E-02
    3   12   -.693E-02   -.675E-02
    3   13   -.516E-02   -.509E-02
    4    1    .103E-01    .994E-02
    4    2    .162E+00    .170E+00
    4    3    .399E+00    .405E+00
    4    4   -.128E+00   -.108E+00
    4    5   -.199E+00   -.193E+00
    4    6   -.933E-01   -.978E-01
    4    7   -.364E+00   -.382E+00
    4    8   -.627E-02   -.623E-02
    4    9   -.327E+00   -.319E+00
    4   10   -.842E-04   -.299E-04
    4   11   -.131E-02   -.155E-02
    4   12   -.266E-02   -.293E-02
    4   13   -.506E-02   -.540E-02
    5    1    .326E-01    .328E-01
    5    2    .675E-01    .652E-01
    5    3    .182E-01    .202E-01
    5    4    .807E-05    .242E-03
    5    5   -.234E+00    .000E+00
    5    6   -.285E+00   -.286E+00
    5    7   -.381E-01   -.473E-01
    5    8   -.138E-01   -.134E-01
    5    9   -.222E+00   -.213E+00
    5   10   -.391E-01   -.395E-01
    5   11   -.163E-01   -.168E-01
    5   12   -.814E-02   -.849E-02
    5   13   -.344E-02   -.364E-02
    6    1    .411E-02    .421E-02
    6    2    .395E-01    .397E-01
    6    3    .113E-02    .124E-02
    6    4    .270E-01    .262E-01
    6    5    .339E+00    .327E+00
    6    6   -.578E+00    .000E+00
    6    7   -.167E+00   -.157E+00
    6    8   -.195E+00   -.188E+00
    6    9   -.153E-01   -.146E-01
    6   10   -.101E+00   -.940E-01
    6   11   -.579E-01   -.534E-01
    6   12   -.437E-01   -.410E-01
    6   13   -.482E-01   -.471E-01
    7    1    .777E-05    .142E-04
    7    2    .184E-01    .188E-01
    7    3    .492E-02    .508E-02
    7    4    .239E-01    .232E-01
    7    5    .786E-01    .785E-01
    7    6    .379E+00    .371E+00
    7    7    .351E+00    .332E+00
    7    8   -.114E+01    .000E+00
    7    9   -.130E-01   -.133E-01
    7   10   -.157E+00   -.153E+00
    7   11   -.733E-01   -.708E-01
    7   12   -.446E-01   -.430E-01
    7   13   -.349E-01   -.336E-01
    8    1    .135E-01    .131E-01
    8    2    .478E-03    .545E-03
    8    3    .190E-01    .190E-01
    8    4    .353E-01    .342E-01
    8    5    .518E-02    .704E-02
    8    6    .347E-01    .360E-01
    8    7    .159E+00    .148E+00
    8    8    .345E+00    .000E+00
    8    9   -.104E+00    .000E+00
    8   10   -.290E+00   -.273E+00
    8   11   -.195E-01   -.170E-01
    8   12   -.108E-02   -.717E-03
    8   13   -.210E-02   -.245E-02
    9    1    .335E-02    .332E-02
    9    2    .641E-02    .642E-02
    9    3    .331E-03    .298E-03
    9    4    .580E-04    .563E-04
    9    5    .153E-01    .142E-01
    9    6    .107E+00    .107E+00
    9    7    .762E-02    .741E-02
    9    8    .481E+00    .487E+00
    9    9    .350E-01    .379E-01
    9   10   -.813E+00    .000E+00
    9   11   -.367E+00   -.359E+00
    9   12   -.108E+00   -.105E+00
    9   13   -.449E-01   -.437E-01
   10    1    .115E-02    .115E-02
   10    2    .472E-02    .475E-02
   10    3    .372E-05    .751E-05
   10    4    .661E-03    .642E-03
   10    5    .984E-02    .949E-02
   10    6    .472E-01    .473E-01
   10    7    .229E-02    .221E-02
   10    8    .113E+00    .113E+00
   10    9    .192E-04    .710E-04
   10   10    .724E+00    .729E+00
   10   11   -.109E+01    .000E+00
   10   12   -.377E+00   -.376E+00
   10   13   -.123E+00   -.122E+00
   11    1    .529E-03    .534E-03
   11    2    .331E-02    .334E-02
   11    3    .560E-04    .668E-04
   11    4    .708E-03    .688E-03
   11    5    .605E-02    .592E-02
   11    6    .270E-01    .272E-01
   11    7    .138E-02    .131E-02
   11    8    .459E-01    .456E-01
   11    9    .378E-03    .267E-03
   11   10    .142E+00    .142E+00
   11   11    .865E+00    .864E+00
   11   12   -.120E+01    .000E+00
   11   13   -.452E+00   -.453E+00
   12    1    .246E-03    .251E-03
   12    2    .242E-02    .245E-02
   12    3    .112E-03    .124E-03
   12    4    .679E-03    .659E-03
   12    5    .392E-02    .387E-02
   12    6    .182E-01    .185E-01
   12    7    .103E-02    .962E-03
   12    8    .238E-01    .235E-01
   12    9    .815E-03    .668E-03
   12   10    .546E-01    .541E-01
   12   11    .171E+00    .169E+00
   12   12    .975E+00    .000E+00
   12   13   -.109E+01    .000E+00
  1  1  0    1  1  1       104
    1    1    .294E+00    .287E+00
    1    2    .461E+00    .500E+00
    1    3    .908E-01    .000E+00
    1    4   -.360E+00   -.358E+00
    1    5   -.273E-02   -.255E-02
    1    6   -.624E-02   -.644E-02
    1    7   -.132E+00   -.135E+00
    1    8   -.225E-01   -.228E-01
    1    9   -.148E+00   -.151E+00
    1   10   -.528E-03   -.552E-03
    1   11   -.150E-03   -.159E-03
    1   12   -.249E-03   -.260E-03
    1   13   -.910E-03   -.938E-03
    2    1    .724E-01    .722E-01
    2    2    .314E-02    .297E-02
    2    3    .236E+00    .235E+00
    2    4    .207E+00    .220E+00
    2    5    .278E+00    .306E+00
    2    6    .478E-01    .481E-01
    2    7    .241E+00    .000E+00
    2    8   -.697E-01   -.780E-01
    2    9   -.472E+00   -.467E+00
    2   10   -.169E-03   -.311E-03
    2   11   -.191E-02   -.213E-02
    2   12   -.353E-02   -.369E-02
    2   13   -.968E-02   -.971E-02
    3    1    .303E-01    .302E-01
    3    2    .160E-02    .152E-02
    3    3    .704E-01    .706E-01
    3    4    .203E-01    .218E-01
    3    5    .353E-06    .552E-06
    3    6    .156E+00    .178E+00
    3    7    .416E+00    .417E+00
    3    8    .885E-01    .883E-01
    3    9    .140E+00    .133E+00
    3   10    .743E-02    .784E-02
    3   11    .106E-01    .109E-01
    3   12    .159E-01    .162E-01
    3   13    .347E-01    .351E-01
    4    1    .157E-01    .156E-01
    4    2    .881E-03    .826E-03
    4    3    .312E-01    .313E-01
    4    4    .700E-02    .759E-02
    4    5    .522E-07    .629E-06
    4    6    .128E-02    .119E-02
    4    7    .349E-01    .321E-01
    4    8    .301E+00    .328E+00
    4    9    .601E-02    .491E-02
    4   10    .131E-02    .146E-02
    4   11    .190E-03    .221E-03
    4   12    .155E-03    .139E-03
    4   13    .488E-02    .484E-02
    5    1    .929E-02    .921E-02
    5    2    .532E-03    .497E-03
    5    3    .170E-01    .170E-01
    5    4    .337E-02    .366E-02
    5    5    .405E-07    .114E-06
    5    6    .678E-03    .631E-03
    5    7    .272E-01    .266E-01
    5    8    .322E-02    .317E-02
    5    9    .210E-01    .216E-01
    5   10    .205E+00    .229E+00
    5   11    .144E-03    .175E-03
    5   12    .986E-04    .877E-04
    5   13    .201E-02    .200E-02
    6    1    .598E-02    .593E-02
    6    2    .346E-03    .323E-03
    6    3    .104E-01    .104E-01
    6    4    .192E-02    .209E-02
    6    5    .116E-06    .149E-07
    6    6    .413E-03    .386E-03
    6    7    .163E-01    .162E-01
    6    8    .203E-02    .206E-02
    6    9    .733E-02    .750E-02
    6   10    .137E-03    .146E-03
    6   11    .199E+00    .222E+00
    6   12    .274E-04    .215E-04
    6   13    .115E-02    .115E-02
    7    1    .409E-02    .405E-02
    7    2    .238E-03    .222E-03
    7    3    .685E-02    .686E-02
    7    4    .121E-02    .132E-02
    7    5    .138E-06    .454E-09
    7    6    .273E-03    .256E-03
    7    7    .105E-01    .105E-01
    7    8    .128E-02    .132E-02
    7    9    .389E-02    .401E-02
    7   10    .190E-04    .188E-04
    7   11    .129E-03    .133E-03
    7   12    .191E+00    .214E+00
    7   13    .934E-03    .951E-03
    8    1    .292E-02    .289E-02
    8    2    .171E-03    .159E-03
    8    3    .479E-02    .479E-02
    8    4    .823E-03    .897E-03
    8    5    .132E-06    .743E-09
    8    6    .190E-03    .179E-03
    8    7    .714E-02    .718E-02
    8    8    .858E-03    .889E-03
    8    9    .240E-02    .248E-02
    8   10    .588E-05    .533E-05
    8   11    .359E-04    .354E-04
    8   12    .124E-03    .125E-03
    8   13    .177E+00    .198E+00
  1  1  0    1  2  1        64
    1    1   -.368E+00   -.361E+00
    1    2   -.953E+00   -.960E+00
    1    3   -.266E+00   -.268E+00
    1    4   -.116E+00   -.117E+00
    1    5   -.625E-01   -.628E-01
    1    6   -.380E-01   -.382E-01
    1    7   -.250E-01   -.252E-01
    1    8   -.175E-01   -.175E-01
    2    1    .939E-01    .991E-01
    2    2   -.603E+00   -.659E+00
    2    3   -.869E+00   -.857E+00
    2    4   -.258E+00   -.261E+00
    2    5   -.117E+00   -.120E+00
    2    6   -.647E-01   -.665E-01
    2    7   -.402E-01   -.413E-01
    2    8   -.269E-01   -.277E-01
    3    1    .167E-01    .181E-01
    3    2    .223E+00    .217E+00
    3    3   -.810E+00    .000E+00
    3    4   -.850E+00   -.805E+00
    3    5   -.259E+00   -.238E+00
    3    6   -.120E+00   -.109E+00
    3    7   -.675E-01   -.608E-01
    3    8   -.426E-01   -.383E-01
    4    1    .611E-02    .671E-02
    4    2    .415E-01    .409E-01
    4    3    .369E+00    .371E+00
    4    4   -.101E+01    .000E+00
    4    5   -.857E+00   -.823E+00
    4    6   -.264E+00   -.251E+00
    4    7   -.123E+00   -.117E+00
    4    8   -.701E-01   -.663E-01
    5    1    .300E-02    .331E-02
    5    2    .156E-01    .158E-01
    5    3    .704E-01    .712E-01
    5    4    .525E+00    .539E+00
    5    5   -.120E+01    .000E+00
    5    6   -.878E+00   -.861E+00
    5    7   -.271E+00   -.264E+00
    5    8   -.127E+00   -.124E+00
    6    1    .173E-02    .191E-02
    6    2    .781E-02    .805E-02
    6    3    .269E-01    .274E-01
    6    4    .102E+00    .104E+00
    6    5    .688E+00    .696E+00
    6    6   -.138E+01    .000E+00
    6    7   -.907E+00   -.899E+00
    6    8   -.279E+00   -.276E+00
    7    1    .110E-02    .121E-02
    7    2    .456E-02    .477E-02
    7    3    .136E-01    .140E-01
    7    4    .392E-01    .397E-01
    7    5    .135E+00    .136E+00
    7    6    .854E+00    .858E+00
    7    7   -.157E+01    .000E+00
    7    8   -.942E+00   -.938E+00
    8    1    .746E-03    .827E-03
    8    2    .293E-02    .310E-02
    8    3    .803E-02    .825E-02
    8    4    .200E-01    .201E-01
    8    5    .521E-01    .522E-01
    8    6    .168E+00    .168E+00
    8    7    .102E+01    .102E+01
    8    8   -.175E+01    .000E+00
  1  1  1    1  2  0       156
    1    1   -.470E+00   -.515E+00
    1    2   -.158E+01   -.159E+01
    1    3   -.541E+00   -.539E+00
    1    4   -.344E+00   -.341E+00
    1    5   -.137E+00   -.135E+00
    1    6   -.154E+00   -.151E+00
    1    7   -.641E-01   -.633E-01
    1    8   -.404E-02   -.369E-02
    1    9   -.398E-01   -.392E-01
    1   10   -.252E-01   -.248E-01
    1   11   -.170E-01   -.167E-01
    1   12   -.120E-01   -.118E-01
    2    1    .812E-01    .833E-01
    2    2   -.673E+00   -.672E+00
    2    3   -.395E-01   -.516E-01
    2    4   -.978E+00   -.980E+00
    2    5   -.306E+00   -.306E+00
    2    6   -.175E-02   -.197E-02
    2    7   -.136E+00   -.136E+00
    2    8   -.900E-02   -.898E-02
    2    9   -.771E-01   -.770E-01
    2   10   -.473E-01   -.473E-01
    2   11   -.314E-01   -.314E-01
    2   12   -.220E-01   -.220E-01
    3    1    .264E+00    .272E+00
    3    2    .614E-01    .628E-01
    3    3   -.986E+00   -.102E+01
    3    4   -.343E+00   -.344E+00
    3    5   -.265E-01   -.265E-01
    3    6   -.362E+00   -.361E+00
    3    7   -.463E-02   -.459E-02
    3    8   -.656E-02   -.612E-02
    3    9   -.257E-02   -.251E-02
    3   10   -.125E-02   -.121E-02
    3   11   -.682E-03   -.661E-03
    3   12   -.396E-03   -.382E-03
    4    1    .404E-01    .445E-01
    4    2    .363E+00    .398E+00
    4    3    .522E-02    .210E-02
    4    4   -.195E+00   -.204E+00
    4    5   -.121E-01   -.113E-01
    4    6   -.976E-01   -.987E-01
    4    7   -.345E-05   -.303E-05
    4    8   -.284E+01   -.277E+01
    4    9   -.643E-02   -.635E-02
    4   10   -.325E-02   -.323E-02
    4   11   -.202E-02   -.201E-02
    4   12   -.137E-02   -.137E-02
    5    1    .215E-02    .149E-02
    5    2    .724E-01    .735E-01
    5    3    .516E-01    .624E-01
    5    4   -.763E+00    .000E+00
    5    5   -.105E+01   -.104E+01
    5    6   -.504E-01   -.600E-01
    5    7   -.357E+00   -.362E+00
    5    8   -.260E+00   -.257E+00
    5    9   -.142E+00   -.147E+00
    5   10   -.799E-01   -.827E-01
    5   11   -.498E-01   -.517E-01
    5   12   -.334E-01   -.347E-01
    6    1    .494E-02    .621E-02
    6    2    .312E-01    .336E-01
    6    3    .559E-01    .625E-01
    6    4    .450E+00    .444E+00
    6    5   -.160E+01    .000E+00
    6    6   -.191E+00   -.211E+00
    6    7   -.774E+00   -.730E+00
    6    8   -.216E-02   -.198E-02
    6    9   -.267E+00   -.243E+00
    6   10   -.131E+00   -.117E+00
    6   11   -.760E-01   -.679E-01
    6   12   -.493E-01   -.440E-01
    7    1    .555E-01    .591E-01
    7    2    .263E-02    .328E-02
    7    3    .393E+00    .401E+00
    7    4    .859E-02    .108E-01
    7    5    .326E+00    .346E+00
    7    6   -.115E+01   -.127E+01
    7    7   -.718E+00   -.736E+00
    7    8   -.640E-02   -.665E-02
    7    9   -.367E-01   -.385E-01
    7   10   -.871E-02   -.933E-02
    7   11   -.329E-02   -.359E-02
    7   12   -.154E-02   -.171E-02
    8    1    .266E-03    .177E-03
    8    2    .958E-02    .996E-02
    8    3    .376E-02    .304E-02
    8    4    .108E+00    .108E+00
    8    5    .504E+00    .497E+00
    8    6    .736E-02    .000E+00
    8    7   -.133E+01    .000E+00
    8    8   -.562E-01    .000E+00
    8    9   -.977E+00   -.942E+00
    8   10   -.308E+00   -.294E+00
    8   11   -.146E+00   -.138E+00
    8   12   -.829E-01   -.784E-01
    9    1    .114E-01    .103E-01
    9    2    .165E-02    .134E-02
    9    3    .143E-01    .133E-01
    9    4    .196E+00    .216E+00
    9    5    .117E-03    .335E-04
    9    6    .450E-01    .398E-01
    9    7    .182E+00    .000E+00
    9    8    .105E+00    .000E+00
    9    9   -.279E+00   -.269E+00
    9   10   -.380E-01   -.356E-01
    9   11   -.133E-01   -.123E-01
    9   12   -.644E-02   -.589E-02
   10    1    .402E-04    .280E-05
   10    2    .443E-02    .486E-02
   10    3    .304E-05    .228E-04
   10    4    .131E-01    .126E-01
   10    5    .111E+00    .112E+00
   10    6    .271E-01    .295E-01
   10    7    .769E+00    .789E+00
   10    8    .217E-01    .207E-01
   10    9   -.182E+01    .000E+00
   10   10   -.104E+01   -.102E+01
   10   11   -.332E+00   -.323E+00
   10   12   -.158E+00   -.153E+00
   11    1    .112E-03    .211E-03
   11    2    .307E-02    .336E-02
   11    3    .587E-03    .869E-03
   11    4    .100E-01    .101E-01
   11    5    .485E-01    .496E-01
   11    6    .223E-01    .239E-01
   11    7    .162E+00    .166E+00
   11    8    .370E-02    .353E-02
   11    9    .111E+01    .113E+01
   11   10   -.244E+01    .000E+00
   11   11   -.948E+00   -.937E+00
   11   12   -.312E+00   -.308E+00
   12    1    .424E-03    .579E-03
   12    2    .219E-02    .240E-02
   12    3    .159E-02    .196E-02
   12    4    .677E-02    .703E-02
   12    5    .276E-01    .286E-01
   12    6    .264E-01    .278E-01
   12    7    .664E-01    .677E-01
   12    8    .115E-02    .109E-02
   12    9    .221E+00    .224E+00
   12   10    .148E+01    .148E+01
   12   11   -.307E+01    .000E+00
   12   12   -.852E+00   -.847E+00
   13    1    .132E-02    .158E-02
   13    2    .172E-02    .191E-02
   13    3    .442E-02    .499E-02
   13    4    .498E-02    .533E-02
   13    5    .188E-01    .199E-01
   13    6    .508E-01    .521E-01
   13    7    .368E-01    .374E-01
   13    8    .206E-03    .192E-03
   13    9    .901E-01    .907E-01
   13   10    .293E+00    .294E+00
   13   11    .197E+01    .000E+00
   13   12   -.401E+01    .000E+00
  1  2  0    1  2  1        96
    1    1   -.107E+01   -.109E+01
    1    2   -.208E+00   -.201E+00
    1    3   -.789E-01   -.752E-01
    1    4   -.392E-01   -.371E-01
    1    5   -.226E-01   -.213E-01
    1    6   -.143E-01   -.135E-01
    1    7   -.967E-02   -.909E-02
    1    8   -.686E-02   -.645E-02
    2    1   -.281E+00   -.313E+00
    2    2   -.941E-02   -.827E-02
    2    3   -.270E-02   -.224E-02
    2    4   -.120E-02   -.964E-03
    2    5   -.653E-03   -.514E-03
    2    6   -.398E-03   -.310E-03
    2    7   -.262E-03   -.203E-03
    2    8   -.183E-03   -.141E-03
    3    1    .160E-01    .000E+00
    3    2   -.505E+00   -.489E+00
    3    3   -.111E+00   -.106E+00
    3    4   -.444E-01   -.422E-01
    3    5   -.229E-01   -.216E-01
    3    6   -.135E-01   -.128E-01
    3    7   -.876E-02   -.826E-02
    3    8   -.603E-02   -.568E-02
    4    1    .829E-03    .165E-02
    4    2   -.310E+00   -.352E+00
    4    3   -.327E-02   -.323E-02
    4    4   -.107E-02   -.101E-02
    4    5   -.524E-03   -.486E-03
    4    6   -.305E-03   -.279E-03
    4    7   -.195E-03   -.178E-03
    4    8   -.133E-03   -.121E-03
    5    1    .287E-03    .554E-03
    5    2   -.359E-03   -.584E-03
    5    3   -.321E+00   -.361E+00
    5    4   -.176E-02   -.180E-02
    5    5   -.518E-03   -.510E-03
    5    6   -.253E-03   -.244E-03
    5    7   -.150E-03   -.142E-03
    5    8   -.978E-04   -.925E-04
    6    1    .152E-02    .124E-02
    6    2    .732E-02    .000E+00
    6    3   -.454E+00   -.452E+00
    6    4   -.118E+00   -.120E+00
    6    5   -.476E-01   -.490E-01
    6    6   -.254E-01   -.262E-01
    6    7   -.154E-01   -.159E-01
    6    8   -.102E-01   -.105E-01
    7    1    .646E-03    .406E-03
    7    2    .431E-03    .000E+00
    7    3   -.173E-05   -.225E-04
    7    4   -.313E+00   -.352E+00
    7    5   -.187E-02   -.196E-02
    7    6   -.576E-03   -.589E-03
    7    7   -.288E-03   -.291E-03
    7    8   -.173E-03   -.173E-03
    8    1    .555E+00    .536E+00
    8    2    .111E+00    .000E+00
    8    3   -.484E-01   -.476E-01
    8    4   -.145E-01   -.154E-01
    8    5   -.215E-02   -.231E-02
    8    6   -.120E-02   -.132E-02
    8    7   -.716E-03   -.793E-03
    8    8   -.465E-03   -.516E-03
    9    1    .387E-03    .527E-03
    9    2    .170E-07    .388E-05
    9    3   -.149E-03   -.212E-03
    9    4   -.589E-03   -.726E-03
    9    5   -.328E+00   -.368E+00
    9    6   -.120E-02   -.129E-02
    9    7   -.321E-03   -.333E-03
    9    8   -.151E-03   -.154E-03
   10    1    .178E-03    .255E-03
   10    2    .242E-05    .698E-07
   10    3   -.656E-04   -.103E-03
   10    4   -.105E-03   -.144E-03
   10    5   -.604E-03   -.722E-03
   10    6   -.330E+00   -.369E+00
   10    7   -.111E-02   -.120E-02
   10    8   -.289E-03   -.306E-03
   11    1    .108E-03    .158E-03
   11    2    .237E-05    .392E-06
   11    3   -.435E-04   -.728E-04
   11    4   -.272E-04   -.436E-04
   11    5   -.116E-03   -.148E-03
   11    6   -.623E-03   -.730E-03
   11    7   -.330E+00   -.370E+00
   11    8   -.105E-02   -.115E-02
   12    1    .726E-04    .107E-03
   12    2    .153E-05    .301E-06
   12    3   -.371E-04   -.645E-04
   12    4   -.433E-05   -.107E-04
   12    5   -.330E-04   -.469E-04
   12    6   -.125E-03   -.154E-03
   12    7   -.632E-03   -.732E-03
   12    8   -.331E+00   -.370E+00
  1  2  0    1  3  1       108
    1    1   -.374E+01   -.372E+01
    1    2   -.235E+00   -.233E+00
    1    3   -.254E-03   -.274E-03
    1    4   -.235E+00   -.232E+00
    1    5   -.724E+00   -.714E+00
    1    6   -.167E-01   -.164E-01
    1    7   -.186E-02   -.181E-02
    1    8   -.112E-03   -.106E-03
    1    9   -.896E-04   -.916E-04
    2    1   -.123E-01   -.524E-02
    2    2   -.525E+01   -.526E+01
    2    3   -.850E+00   -.844E+00
    2    4   -.151E+00   -.150E+00
    2    5   -.135E+00   -.133E+00
    2    6   -.152E+00   -.150E+00
    2    7   -.820E-01   -.809E-01
    2    8   -.496E-01   -.490E-01
    2    9   -.323E-01   -.318E-01
    3    1   -.508E+00   -.538E+00
    3    2   -.209E+00   -.210E+00
    3    3   -.102E+00   -.101E+00
    3    4   -.590E+00   -.584E+00
    3    5   -.110E+01   -.109E+01
    3    6   -.523E-02   -.532E-02
    3    7   -.129E-03   -.110E-03
    3    8   -.124E-02   -.118E-02
    3    9   -.233E-02   -.225E-02
    4    1    .108E+00    .106E+00
    4    2   -.314E+00    .000E+00
    4    3   -.401E+01   -.399E+01
    4    4   -.228E+00   -.219E+00
    4    5   -.103E+01   -.111E+01
    4    6   -.487E+00   -.507E+00
    4    7   -.227E+00   -.236E+00
    4    8   -.129E+00   -.133E+00
    4    9   -.807E-01   -.832E-01
    5    1    .239E-02    .249E-02
    5    2    .967E-01    .903E-01
    5    3   -.147E+00    .000E+00
    5    4   -.377E+01   -.363E+01
    5    5   -.343E+00   -.326E+00
    5    6   -.888E+00   -.834E+00
    5    7   -.372E+00   -.347E+00
    5    8   -.187E+00   -.174E+00
    5    9   -.104E+00   -.967E-01
    6    1    .166E+00    .166E+00
    6    2    .619E-01    .621E-01
    6    3    .330E-01    .313E-01
    6    4   -.979E-01    .000E+00
    6    5   -.940E+00   -.100E+01
    6    6   -.101E+00   -.101E+00
    6    7   -.456E-01   -.455E-01
    6    8   -.322E-01   -.320E-01
    6    9   -.280E-01   -.279E-01
    7    1    .125E-02    .135E-02
    7    2    .109E-01    .989E-02
    7    3    .187E+00    .190E+00
    7    4    .714E+00    .000E+00
    7    5   -.151E+01    .000E+00
    7    6   -.345E+01   -.336E+01
    7    7   -.948E+00   -.920E+00
    7    8   -.410E+00   -.398E+00
    7    9   -.220E+00   -.214E+00
    8    1    .564E-02    .882E-02
    8    2    .310E+00    .341E+00
    8    3    .715E-04    .104E-03
    8    4    .125E-01    .000E+00
    8    5   -.196E-03    .000E+00
    8    6   -.250E-01   -.252E-01
    8    7   -.523E-02   -.524E-02
    8    8   -.224E-02   -.224E-02
    8    9   -.132E-02   -.132E-02
    9    1    .269E-03    .269E-03
    9    2    .707E-02    .698E-02
    9    3    .350E-01    .355E-01
    9    4    .106E+00    .112E+00
    9    5    .491E+00    .498E+00
    9    6   -.855E+00    .000E+00
    9    7   -.373E+01   -.369E+01
    9    8   -.999E+00   -.989E+00
    9    9   -.440E+00   -.435E+00
   10    1    .152E-03    .151E-03
   10    2    .326E-02    .331E-02
   10    3    .130E-01    .131E-01
   10    4    .222E-01    .227E-01
   10    5    .713E-01    .720E-01
   10    6    .604E+00    .609E+00
   10    7   -.692E+00    .000E+00
   10    8   -.389E+01   -.388E+01
   10    9   -.104E+01   -.104E+01
   11    1    .998E-04    .984E-04
   11    2    .184E-02    .191E-02
   11    3    .644E-02    .649E-02
   11    4    .834E-02    .820E-02
   11    5    .252E-01    .252E-01
   11    6    .118E+00    .118E+00
   11    7    .740E+00    .739E+00
   11    8   -.620E+00    .000E+00
   11    9   -.407E+01    .000E+00
   12    1    .738E-04    .724E-04
   12    2    .117E-02    .123E-02
   12    3    .375E-02    .377E-02
   12    4    .404E-02    .384E-02
   12    5    .126E-01    .125E-01
   12    6    .450E-01    .442E-01
   12    7    .150E+00    .149E+00
   12    8    .898E+00    .000E+00
   12    9   -.525E+00    .000E+00
  1  2  1    1  3  0        56
    1    1   -.420E+01   -.416E+01
    1    2   -.742E+00   -.732E+00
    1    3   -.268E+00   -.264E+00
    1    4   -.131E+00   -.129E+00
    1    5   -.750E-01   -.737E-01
    1    6   -.475E-01   -.467E-01
    1    7   -.322E-01   -.316E-01
    2    1   -.346E+00    .000E+00
    2    2   -.344E+01   -.344E+01
    2    3   -.808E+00   -.825E+00
    2    4   -.328E+00   -.337E+00
    2    5   -.171E+00   -.175E+00
    2    6   -.102E+00   -.104E+00
    2    7   -.663E-01   -.677E-01
    3    1    .947E-01    .875E-01
    3    2   -.590E+00    .000E+00
    3    3   -.314E+01   -.300E+01
    3    4   -.817E+00   -.771E+00
    3    5   -.351E+00   -.331E+00
    3    6   -.189E+00   -.179E+00
    3    7   -.115E+00   -.110E+00
    4    1    .161E-01    .150E-01
    4    2    .234E+00    .236E+00
    4    3   -.805E+00    .000E+00
    4    4   -.301E+01   -.295E+01
    4    5   -.821E+00   -.801E+00
    4    6   -.363E+00   -.354E+00
    4    7   -.199E+00   -.195E+00
    5    1    .566E-02    .547E-02
    5    2    .423E-01    .425E-01
    5    3    .402E+00    .410E+00
    5    4   -.100E+01    .000E+00
    5    5   -.298E+01   -.296E+01
    5    6   -.829E+00   -.823E+00
    5    7   -.372E+00   -.369E+00
    6    1    .272E-02    .271E-02
    6    2    .154E-01    .154E-01
    6    3    .756E-01    .752E-01
    6    4    .589E+00    .588E+00
    6    5   -.119E+01    .000E+00
    6    6   -.300E+01   -.300E+01
    6    7   -.841E+00   -.842E+00
    7    1    .154E-02    .157E-02
    7    2    .755E-02    .748E-02
    7    3    .281E-01    .272E-01
    7    4    .114E+00    .112E+00
    7    5    .789E+00    .783E+00
    7    6   -.137E+01    .000E+00
    7    7   -.305E+01   -.305E+01
    8    1    .972E-03    .100E-02
    8    2    .434E-02    .428E-02
    8    3    .139E-01    .132E-01
    8    4    .428E-01    .414E-01
    8    5    .155E+00    .152E+00
    8    6    .998E+00    .990E+00
    8    7   -.154E+01    .000E+00
  1  3  0    1  3  1        63
    1    1    .938E+00    .940E+00
    1    2    .164E+00    .199E+00
    1    3    .573E-02    .529E-02
    1    4    .364E-02    .000E+00
    1    5   -.346E-01    .000E+00
    1    6   -.316E-02   -.304E-02
    1    7   -.105E-02   -.102E-02
    1    8   -.552E-03   -.536E-03
    1    9   -.358E-03   -.349E-03
    2    1    .110E+00    .108E+00
    2    2    .133E-01    .133E-01
    2    3    .510E+00    .566E+00
    2    4    .109E+00    .104E+00
    2    5    .356E+00    .338E+00
    2    6    .143E-01    .134E-01
    2    7    .490E-02    .459E-02
    2    8    .301E-02    .283E-02
    2    9    .231E-02    .219E-02
    3    1    .356E-01    .349E-01
    3    2    .362E-02    .359E-02
    3    3    .353E-04    .262E-04
    3    4    .572E+00    .620E+00
    3    5    .354E-02    .711E-02
    3    6    .188E-03    .120E-03
    3    7    .341E-07    .113E-05
    3    8    .967E-04    .112E-03
    3    9    .398E-03    .418E-03
    4    1    .165E-01    .161E-01
    4    2    .157E-02    .154E-02
    4    3    .454E-04    .410E-04
    4    4    .159E-01    .159E-01
    4    5    .743E-01    .758E-01
    4    6    .428E+00    .480E+00
    4    7    .278E-03    .331E-03
    4    8    .177E-03    .196E-03
    4    9    .257E-03    .270E-03
    5    1    .919E-02    .892E-02
    5    2    .838E-03    .822E-03
    5    3    .309E-04    .289E-04
    5    4    .720E-02    .716E-02
    5    5    .270E-01    .272E-01
    5    6    .201E-02    .213E-02
    5    7    .463E+00    .518E+00
    5    8    .437E-03    .484E-03
    5    9    .235E-03    .250E-03
    6    1    .571E-02    .553E-02
    6    2    .509E-03    .498E-03
    6    3    .207E-04    .196E-04
    6    4    .407E-02    .404E-02
    6    5    .143E-01    .143E-01
    6    6    .654E-03    .681E-03
    6    7    .520E-03    .570E-03
    6    8    .472E+00    .526E+00
    6    9    .417E-03    .452E-03
    7    1    .382E-02    .370E-02
    7    2    .336E-03    .327E-03
    7    3    .144E-04    .137E-04
    7    4    .258E-02    .256E-02
    7    5    .874E-02    .875E-02
    7    6    .331E-03    .342E-03
    7    7    .129E-03    .140E-03
    7    8    .229E-03    .258E-03
    7    9    .475E+00    .530E+00
  1  3  1    1  4  0        63
    1    1   -.105E+01   -.105E+01
    1    2   -.255E+01   -.252E+01
    1    3   -.210E+01   -.206E+01
    1    4   -.510E-02   -.546E-02
    1    5   -.178E-01   -.181E-01
    1    6   -.185E-01   -.186E-01
    1    7   -.180E-01   -.181E-01
    2    1   -.796E+01   -.797E+01
    2    2   -.403E-01   -.476E-01
    2    3   -.375E+01   -.389E+01
    2    4   -.558E+00   -.569E+00
    2    5   -.204E+00   -.207E+00
    2    6   -.998E-01   -.100E+00
    2    7   -.556E-01   -.556E-01
    3    1    .136E+00    .000E+00
    3    2   -.561E+01   -.546E+01
    3    3   -.256E+01   -.248E+01
    3    4   -.164E+01   -.160E+01
    3    5   -.587E+00   -.579E+00
    3    6   -.273E+00   -.273E+00
    3    7   -.144E+00   -.146E+00
    4    1    .503E-01    .515E-01
    4    2    .242E+00    .000E+00
    4    3   -.770E+00    .000E+00
    4    4   -.491E+01   -.491E+01
    4    5   -.142E+01   -.142E+01
    4    6   -.652E+00   -.653E+00
    4    7   -.382E+00   -.383E+00
    5    1    .721E-02    .795E-02
    5    2    .154E+00    .000E+00
    5    3    .387E+00    .000E+00
    5    4   -.297E+01   -.292E+01
    5    5   -.220E+00   -.216E+00
    5    6   -.298E-01   -.292E-01
    5    7   -.151E-02   -.147E-02
    6    1    .983E-02    .962E-02
    6    2    .496E-01    .471E-01
    6    3    .130E+00    .133E+00
    6    4    .321E+00    .000E+00
    6    5   -.780E+01   -.779E+01
    6    6   -.171E+01   -.171E+01
    6    7   -.664E+00   -.662E+00
    7    1    .359E-02    .328E-02
    7    2    .137E-01    .122E-01
    7    3    .141E-01    .136E-01
    7    4    .301E+00    .296E+00
    7    5    .308E+00    .000E+00
    7    6   -.773E+01   -.772E+01
    7    7   -.181E+01   -.181E+01
    8    1    .175E-02    .151E-02
    8    2    .609E-02    .512E-02
    8    3    .323E-02    .288E-02
    8    4    .557E-01    .536E-01
    8    5    .459E+00    .457E+00
    8    6    .321E+00    .000E+00
    8    7   -.775E+01    .000E+00
    9    1    .101E-02    .841E-03
    9    2    .353E-02    .287E-02
    9    3    .918E-03    .735E-03
    9    4    .196E-01    .185E-01
    9    5    .893E-01    .886E-01
    9    6    .641E+00    .000E+00
    9    7    .339E+00    .000E+00
  3  0  0    3  1  1       130
    1    1    .382E+00    .392E+00
    1    2   -.146E+01   -.149E+01
    1    3   -.592E+00   -.663E+00
    1    4   -.523E-01   -.534E-01
    1    5   -.480E+00   -.477E+00
    1    6   -.184E+00   -.183E+00
    1    7   -.280E-03   -.323E-03
    1    8   -.947E-01   -.931E-01
    1    9   -.810E-04   -.117E-03
    1   10   -.461E-01   -.456E-01
    1   11   -.303E-01   -.298E-01
    1   12   -.208E-01   -.205E-01
    1   13   -.151E-01   -.149E-01
    2    1    .201E+00    .200E+00
    2    2    .420E+00    .461E+00
    2    3    .441E+00    .453E+00
    2    4   -.823E+00   -.801E+00
    2    5   -.479E-01   -.534E-01
    2    6   -.100E-01   -.934E-02
    2    7   -.208E+00   -.219E+00
    2    8   -.173E+00   -.174E+00
    2    9   -.100E+01   -.102E+01
    2   10   -.213E-02   -.233E-02
    2   11   -.134E-04   -.646E-05
    2   12   -.490E-03   -.462E-03
    2   13   -.155E-02   -.153E-02
    3    1    .360E-01    .398E-01
    3    2    .590E+00    .607E+00
    3    3    .229E-01    .254E-01
    3    4    .216E-01    .184E-01
    3    5   -.208E+01   -.222E+01
    3    6   -.585E+00   -.567E+00
    3    7   -.457E+00   -.509E+00
    3    8   -.111E+00   -.110E+00
    3    9   -.731E-01   -.727E-01
    3   10   -.924E-01   -.936E-01
    3   11   -.515E-01   -.526E-01
    3   12   -.320E-01   -.327E-01
    3   13   -.210E-01   -.215E-01
    4    1    .290E-01    .311E-01
    4    2    .132E+00    .138E+00
    4    3    .734E-02    .799E-02
    4    4    .282E-01    .285E-01
    4    5    .130E+01    .128E+01
    4    6   -.283E+01    .000E+00
    4    7   -.176E-02   -.738E-03
    4    8   -.497E+00   -.451E+00
    4    9   -.584E-01   -.583E-01
    4   10   -.208E+00   -.182E+00
    4   11   -.108E+00   -.931E-01
    4   12   -.698E-01   -.600E-01
    4   13   -.598E-01   -.531E-01
    5    1    .599E-01    .605E-01
    5    2    .303E-01    .311E-01
    5    3    .104E+00    .107E+00
    5    4    .223E+00    .236E+00
    5    5    .300E+00    .322E+00
    5    6    .946E+00    .956E+00
    5    7    .360E+00    .304E+00
    5    8   -.256E+01    .000E+00
    5    9   -.142E-01   -.159E-01
    5   10   -.113E+00   -.105E+00
    5   11   -.631E-01   -.586E-01
    5   12   -.423E-01   -.393E-01
    5   13   -.355E-01   -.331E-01
    6    1    .396E-02    .339E-02
    6    2    .195E-01    .213E-01
    6    3    .510E-01    .514E-01
    6    4    .934E-01    .100E+00
    6    5    .202E-01    .159E-01
    6    6    .796E+00    .796E+00
    6    7    .192E+00    .174E+00
    6    8   -.383E+00    .000E+00
    6    9   -.147E+01    .000E+00
    6   10   -.541E+00   -.511E+00
    6   11   -.149E+00   -.138E+00
    6   12   -.593E-01   -.540E-01
    6   13   -.243E-01   -.216E-01
    7    1    .512E-02    .564E-02
    7    2    .245E-01    .261E-01
    7    3    .364E-07    .196E-05
    7    4    .120E-03    .111E-03
    7    5    .706E-01    .712E-01
    7    6    .340E+00    .345E+00
    7    7    .799E-02    .835E-02
    7    8    .169E+01    .172E+01
    7    9    .471E+00    .474E+00
    7   10   -.393E+01    .000E+00
    7   11   -.658E+00   -.638E+00
    7   12   -.225E+00   -.217E+00
    7   13   -.107E+00   -.103E+00
    8    1    .446E-02    .484E-02
    8    2    .149E-01    .158E-01
    8    3    .204E-03    .246E-03
    8    4    .653E-03    .678E-03
    8    5    .380E-01    .391E-01
    8    6    .142E+00    .146E+00
    8    7    .433E-02    .457E-02
    8    8    .362E+00    .368E+00
    8    9    .395E-01    .399E-01
    8   10    .267E+01    .269E+01
    8   11   -.460E+01    .000E+00
    8   12   -.681E+00   -.673E+00
    8   13   -.235E+00   -.232E+00
    9    1    .370E-02    .398E-02
    9    2    .975E-02    .103E-01
    9    3    .409E-03    .461E-03
    9    4    .878E-03    .930E-03
    9    5    .226E-01    .235E-01
    9    6    .805E-01    .835E-01
    9    7    .360E-02    .377E-02
    9    8    .152E+00    .154E+00
    9    9    .751E-02    .768E-02
    9   10    .494E+00    .497E+00
    9   11    .318E+01    .319E+01
    9   12   -.525E+01    .000E+00
    9   13   -.713E+00   -.710E+00
   10    1    .330E-02    .352E-02
   10    2    .683E-02    .721E-02
   10    3    .687E-03    .748E-03
   10    4    .115E-02    .123E-02
   10    5    .145E-01    .152E-01
   10    6    .558E-01    .584E-01
   10    7    .389E-02    .403E-02
   10    8    .850E-01    .855E-01
   10    9    .865E-03    .943E-03
   10   10    .188E+00    .189E+00
   10   11    .589E+00    .588E+00
   10   12    .372E+01    .000E+00
   10   13   -.589E+01    .000E+00
  3  1  0    3  1  1       117
    1    1    .176E+01    .197E+01
    1    2   -.590E-02   -.448E-02
    1    3   -.951E+00   -.987E+00
    1    4   -.229E+01   -.233E+01
    1    5   -.641E-01   -.633E-01
    1    6   -.256E-03   -.212E-03
    1    7   -.150E+00   -.156E+00
    1    8   -.701E-01   -.684E-01
    1    9   -.475E+00   -.456E+00
    1   10   -.325E-02   -.299E-02
    1   11   -.464E-03   -.410E-03
    1   12   -.863E-04   -.730E-04
    1   13   -.481E-04   -.451E-04
    2    1    .466E+00    .449E+00
    2    2    .688E+00    .775E+00
    2    3    .189E+01    .196E+01
    2    4   -.227E+00   -.200E+00
    2    5   -.159E-01   -.214E-01
    2    6   -.212E-02   -.306E-02
    2    7   -.115E+01   -.117E+01
    2    8   -.161E+00   -.161E+00
    2    9   -.764E+00   -.730E+00
    2   10   -.169E-02   -.121E-02
    2   11   -.572E-04   -.115E-04
    2   12   -.776E-07   -.748E-05
    2   13   -.545E-04   -.282E-04
    3    1    .158E+00    .150E+00
    3    2    .586E-03    .123E-02
    3    3    .468E+00    .460E+00
    3    4    .881E-01    .854E-01
    3    5    .575E+00    .635E+00
    3    6    .165E-03    .421E-08
    3    7    .259E+01    .250E+01
    3    8   -.271E-01    .000E+00
    3    9   -.366E+00   -.341E+00
    3   10   -.503E-02   -.589E-02
    3   11   -.144E-02   -.177E-02
    3   12   -.428E-03   -.573E-03
    3   13   -.407E-03   -.304E-03
    4    1    .726E-01    .687E-01
    4    2    .200E-03    .447E-03
    4    3    .166E+00    .163E+00
    4    4    .950E-02    .854E-02
    4    5    .866E-04    .632E-04
    4    6    .583E+00    .646E+00
    4    7    .556E+00    .534E+00
    4    8    .873E-02    .648E-02
    4    9    .606E-01    .521E-01
    4   10    .411E-03    .538E-03
    4   11    .676E-06    .196E-04
    4   12    .412E-03    .268E-03
    4   13    .697E-02    .631E-02
    5    1    .394E-01    .370E-01
    5    2    .125E-03    .266E-03
    5    3    .795E-01    .779E-01
    5    4    .340E-02    .299E-02
    5    5    .468E-05    .141E-05
    5    6    .267E-03    .238E-03
    5    7    .161E+00    .153E+00
    5    8    .611E+00    .668E+00
    5    9    .281E-01    .367E-01
    5   10    .638E-03    .771E-03
    5   11    .207E-03    .276E-03
    5   12    .219E-03    .282E-03
    5   13    .116E-02    .129E-02
    6    1    .239E-01    .223E-01
    6    2    .882E-04    .178E-03
    6    3    .449E-01    .439E-01
    6    4    .170E-02    .147E-02
    6    5    .555E-06    .400E-09
    6    6    .302E-04    .206E-04
    6    7    .826E-01    .796E-01
    6    8    .560E-02    .543E-02
    6    9    .140E-01    .137E-01
    6   10    .594E+00    .662E+00
    6   11    .669E-03    .799E-03
    6   12    .321E-03    .387E-03
    6   13    .772E-03    .855E-03
    7    1    .156E-01    .146E-01
    7    2    .650E-04    .126E-03
    7    3    .281E-01    .275E-01
    7    4    .997E-03    .859E-03
    7    5    .102E-06    .630E-07
    7    6    .641E-05    .294E-05
    7    7    .480E-01    .467E-01
    7    8    .208E-02    .198E-02
    7    9    .518E-02    .502E-02
    7   10    .255E-03    .263E-03
    7   11    .598E+00    .666E+00
    7   12    .875E-03    .101E-02
    7   13    .766E-03    .851E-03
    8    1    .107E-01    .100E-01
    8    2    .491E-04    .929E-04
    8    3    .189E-01    .184E-01
    8    4    .645E-03    .553E-03
    8    5    .256E-07    .942E-07
    8    6    .181E-05    .424E-06
    8    7    .307E-01    .300E-01
    8    8    .109E-02    .103E-02
    8    9    .274E-02    .266E-02
    8   10    .519E-04    .498E-04
    8   11    .386E-03    .408E-03
    8   12    .595E+00    .664E+00
    8   13    .153E-02    .171E-02
    9    1    .773E-02    .722E-02
    9    2    .378E-04    .701E-04
    9    3    .133E-01    .130E-01
    9    4    .445E-03    .381E-03
    9    5    .815E-08    .912E-07
    9    6    .601E-06    .324E-07
    9    7    .209E-01    .206E-01
    9    8    .666E-03    .630E-03
    9    9    .168E-02    .164E-02
    9   10    .195E-04    .176E-04
    9   11    .850E-04    .860E-04
    9   12    .418E-03    .452E-03
    9   13    .585E+00    .653E+00
  3  1  0    3  2  1        72
    1    1   -.754E+01   -.754E+01
    1    2   -.170E+01   -.167E+01
    1    3   -.674E+00   -.661E+00
    1    4   -.341E+00   -.334E+00
    1    5   -.199E+00   -.194E+00
    1    6   -.127E+00   -.124E+00
    1    7   -.860E-01   -.840E-01
    1    8   -.613E-01   -.598E-01
    2    1   -.757E+00   -.762E+00
    2    2   -.320E+01   -.315E+01
    2    3   -.825E+00   -.808E+00
    2    4   -.345E+00   -.338E+00
    2    5   -.182E+00   -.177E+00
    2    6   -.109E+00   -.106E+00
    2    7   -.707E-01   -.689E-01
    2    8   -.489E-01   -.476E-01
    3    1    .263E+00    .257E+00
    3    2   -.138E+01    .000E+00
    3    3   -.294E+01   -.293E+01
    3    4   -.833E+00   -.856E+00
    3    5   -.371E+00   -.387E+00
    3    6   -.203E+00   -.213E+00
    3    7   -.125E+00   -.132E+00
    3    8   -.835E-01   -.880E-01
    4    1    .513E-01    .503E-01
    4    2    .605E+00    .568E+00
    4    3   -.193E+01    .000E+00
    4    4   -.287E+01   -.277E+01
    4    5   -.841E+00   -.788E+00
    4    6   -.384E+00   -.355E+00
    4    7   -.214E+00   -.197E+00
    4    8   -.134E+00   -.123E+00
    5    1    .198E-01    .193E-01
    5    2    .117E+00    .110E+00
    5    3    .100E+01    .980E+00
    5    4   -.244E+01    .000E+00
    5    5   -.290E+01   -.281E+01
    5    6   -.859E+00   -.824E+00
    5    7   -.396E+00   -.378E+00
    5    8   -.224E+00   -.213E+00
    6    1    .100E-01    .978E-02
    6    2    .450E-01    .428E-01
    6    3    .197E+00    .193E+00
    6    4    .143E+01    .145E+01
    6    5   -.293E+01    .000E+00
    6    6   -.297E+01   -.292E+01
    6    7   -.884E+00   -.866E+00
    6    8   -.410E+00   -.401E+00
    7    1    .592E-02    .574E-02
    7    2    .227E-01    .220E-01
    7    3    .761E-01    .750E-01
    7    4    .284E+00    .287E+00
    7    5    .187E+01    .189E+01
    7    6   -.341E+01    .000E+00
    7    7   -.307E+01   -.305E+01
    7    8   -.914E+00   -.907E+00
    8    1    .382E-02    .370E-02
    8    2    .133E-01    .131E-01
    8    3    .388E-01    .383E-01
    8    4    .110E+00    .111E+00
    8    5    .376E+00    .377E+00
    8    6    .233E+01    .234E+01
    8    7   -.388E+01    .000E+00
    8    8   -.319E+01   -.318E+01
    9    1    .262E-02    .254E-02
    9    2    .862E-02    .852E-02
    9    3    .229E-01    .227E-01
    9    4    .566E-01    .562E-01
    9    5    .147E+00    .146E+00
    9    6    .471E+00    .470E+00
    9    7    .280E+01    .280E+01
    9    8   -.435E+01    .000E+00
  3  1  1    3  2  0       143
    1    1   -.579E+01   -.578E+01
    1    2   -.485E+00   -.468E+00
    1    3   -.117E+01   -.116E+01
    1    4   -.481E+00   -.476E+00
    1    5   -.190E+00   -.185E+00
    1    6   -.216E+00   -.214E+00
    1    7   -.723E-04   -.892E-04
    1    8   -.135E+00   -.133E+00
    1    9   -.878E-01   -.867E-01
    1   10   -.609E-01   -.601E-01
    1   11   -.448E-01   -.442E-01
    2    1   -.102E+01   -.101E+01
    2    2   -.119E+01   -.131E+01
    2    3   -.397E+01   -.396E+01
    2    4   -.108E+01   -.107E+01
    2    5   -.120E-04   -.128E-04
    2    6   -.479E+00   -.476E+00
    2    7   -.175E-01   -.182E-01
    2    8   -.246E+00   -.244E+00
    2    9   -.149E+00   -.148E+00
    2   10   -.982E-01   -.976E-01
    2   11   -.684E-01   -.680E-01
    3    1    .378E-01    .368E-01
    3    2   -.184E+01   -.190E+01
    3    3   -.196E-03   -.349E-03
    3    4   -.223E-03   -.158E-03
    3    5   -.115E+01   -.115E+01
    3    6   -.707E-02   -.731E-02
    3    7   -.967E-01   -.987E-01
    3    8   -.145E-03   -.161E-03
    3    9   -.303E-04   -.357E-04
    3   10   -.157E-06   -.597E-06
    3   11   -.357E-04   -.320E-04
    4    1    .939E+00    .102E+01
    4    2    .223E+00    .219E+00
    4    3   -.355E+00   -.341E+00
    4    4   -.224E-01   -.242E-01
    4    5   -.336E+00   -.351E+00
    4    6   -.692E-01   -.704E-01
    4    7   -.832E+01   -.814E+01
    4    8   -.681E-03   -.938E-03
    4    9   -.179E-02   -.210E-02
    4   10   -.199E-02   -.225E-02
    4   11   -.217E-02   -.239E-02
    5    1    .188E+00    .186E+00
    5    2    .322E-02    .281E-02
    5    3   -.172E+01    .000E+00
    5    4   -.390E+01   -.389E+01
    5    5   -.780E+00   -.892E+00
    5    6   -.909E+00   -.926E+00
    5    7   -.451E+00   -.444E+00
    5    8   -.482E+00   -.499E+00
    5    9   -.263E+00   -.274E+00
    5   10   -.161E+00   -.168E+00
    5   11   -.107E+00   -.111E+00
    6    1    .571E-01    .579E-01
    6    2    .693E-02    .683E-02
    6    3    .917E+00    .879E+00
    6    4   -.286E+01    .000E+00
    6    5   -.778E-02   -.779E-02
    6    6   -.358E+01   -.343E+01
    6    7   -.643E-01   -.623E-01
    6    8   -.111E+01   -.103E+01
    6    9   -.520E+00   -.479E+00
    6   10   -.300E+00   -.276E+00
    6   11   -.200E+00   -.185E+00
    7    1    .646E-02    .511E-02
    7    2    .881E+00    .915E+00
    7    3    .206E-01    .259E-01
    7    4    .865E-02    .525E-02
    7    5   -.266E+01   -.295E+01
    7    6   -.769E-02   -.456E-02
    7    7   -.843E-01   -.864E-01
    7    8   -.539E-03   -.176E-03
    7    9   -.608E-05   -.195E-04
    7   10   -.658E-04   -.176E-03
    7   11   -.381E-03   -.550E-03
    8    1    .281E-01    .286E-01
    8    2    .780E-02    .802E-02
    8    3    .454E+00    .464E+00
    8    4    .143E+01    .141E+01
    8    5    .657E-01    .000E+00
    8    6   -.415E+01    .000E+00
    8    7   -.248E-01    .000E+00
    8    8   -.272E+01   -.264E+01
    8    9   -.883E+00   -.848E+00
    8   10   -.428E+00   -.409E+00
    8   11   -.252E+00   -.240E+00
    9    1    .185E-02    .176E-02
    9    2    .501E-01    .530E-01
    9    3    .385E+00    .436E+00
    9    4    .459E-01    .479E-01
    9    5    .155E+00    .134E+00
    9    6    .575E+00    .000E+00
    9    7   -.316E+00    .000E+00
    9    8   -.125E+01   -.120E+01
    9    9   -.235E+00   -.222E+00
    9   10   -.834E-01   -.778E-01
    9   11   -.358E-01   -.330E-01
   10    1    .915E-02    .938E-02
   10    2    .360E-07    .100E-05
   10    3    .359E-01    .337E-01
   10    4    .284E+00    .284E+00
   10    5    .845E-02    .760E-02
   10    6    .190E+01    .194E+01
   10    7    .330E-02    .375E-02
   10    8   -.396E+01    .000E+00
   10    9   -.388E+01   -.381E+01
   10   10   -.116E+01   -.113E+01
   10   11   -.534E+00   -.522E+00
   11    1    .593E-02    .606E-02
   11    2    .202E-03    .196E-03
   11    3    .230E-01    .224E-01
   11    4    .120E+00    .121E+00
   11    5    .572E-02    .526E-02
   11    6    .391E+00    .397E+00
   11    7    .182E-04    .501E-05
   11    8    .258E+01    .260E+01
   11    9   -.488E+01    .000E+00
   11   10   -.391E+01   -.389E+01
   11   11   -.118E+01   -.117E+01
   12    1    .408E-02    .415E-02
   12    2    .492E-03    .498E-03
   12    3    .146E-01    .145E-01
   12    4    .672E-01    .681E-01
   12    5    .627E-02    .587E-02
   12    6    .154E+00    .155E+00
   12    7    .191E-03    .150E-03
   12    8    .519E+00    .521E+00
   12    9    .326E+01    .327E+01
   12   10   -.574E+01    .000E+00
   12   11   -.398E+01    .000E+00
   13    1    .313E-02    .315E-02
   13    2    .150E-02    .156E-02
   13    3    .998E-02    .997E-02
   13    4    .446E-01    .455E-01
   13    5    .137E-01    .131E-01
   13    6    .779E-01    .774E-01
   13    7    .222E-03    .181E-03
   13    8    .203E+00    .202E+00
   13    9    .658E+00    .655E+00
   13   10    .400E+01    .000E+00
   13   11   -.671E+01    .000E+00
  3  2  0    3  2  1        88
    1    1   -.133E+01   -.145E+01
    1    2   -.567E-03   -.389E-03
    1    3   -.462E-03   -.357E-03
    1    4   -.250E-03   -.196E-03
    1    5   -.143E-03   -.113E-03
    1    6   -.886E-04   -.698E-04
    1    7   -.584E-04   -.460E-04
    1    8   -.406E-04   -.318E-04
    2    1   -.412E+00   -.417E+00
    2    2   -.824E+00   -.836E+00
    2    3   -.256E+00   -.261E+00
    2    4   -.117E+00   -.118E+00
    2    5   -.642E-01   -.652E-01
    2    6   -.396E-01   -.402E-01
    2    7   -.263E-01   -.267E-01
    2    8   -.185E-01   -.188E-01
    3    1    .879E-03    .252E-03
    3    2   -.115E+01   -.128E+01
    3    3   -.134E-02   -.145E-02
    3    4   -.253E-03   -.280E-03
    3    5   -.913E-04   -.102E-03
    3    6   -.445E-04   -.504E-04
    3    7   -.256E-04   -.292E-04
    3    8   -.163E-04   -.187E-04
    4    1    .151E-03    .541E-04
    4    2   -.808E-03   -.590E-03
    4    3   -.995E+00   -.111E+01
    4    4   -.304E-03   -.342E-03
    4    5   -.330E-04   -.386E-04
    4    6   -.612E-05   -.765E-05
    4    7   -.136E-05   -.190E-05
    4    8   -.306E-06   -.516E-06
    5    1    .115E+00    .122E+00
    5    2   -.742E+00   -.709E+00
    5    3   -.823E+00   -.828E+00
    5    4   -.197E+00   -.201E+00
    5    5   -.106E+00   -.109E+00
    5    6   -.605E-01   -.630E-01
    5    7   -.383E-01   -.398E-01
    5    8   -.259E-01   -.270E-01
    6    1    .100E-01    .105E-01
    6    2   -.362E-03    .000E+00
    6    3   -.275E-02   -.254E-02
    6    4   -.107E+01   -.119E+01
    6    5   -.208E-02   -.225E-02
    6    6   -.758E-03   -.821E-03
    6    7   -.394E-03   -.427E-03
    6    8   -.238E-03   -.259E-03
    7    1    .171E+01    .165E+01
    7    2    .128E+00    .000E+00
    7    3   -.413E-01   -.415E-01
    7    4   -.349E-03   -.390E-03
    7    5   -.443E-02   -.521E-02
    7    6   -.191E-02   -.232E-02
    7    7   -.106E-02   -.131E-02
    7    8   -.665E-03   -.826E-03
    8    1    .403E-03    .299E-03
    8    2    .191E-05    .670E-06
    8    3   -.164E-03   -.126E-03
    8    4   -.302E-03   -.364E-03
    8    5   -.101E+01   -.113E+01
    8    6   -.597E-03   -.657E-03
    8    7   -.155E-03   -.170E-03
    8    8   -.681E-04   -.745E-04
    9    1    .827E-04    .515E-04
    9    2    .903E-06    .231E-06
    9    3   -.220E-03   -.179E-03
    9    4   -.959E-04   -.116E-03
    9    5   -.588E-03   -.664E-03
    9    6   -.101E+01   -.112E+01
    9    7   -.492E-03   -.549E-03
    9    8   -.116E-03   -.130E-03
   10    1    .260E-04    .136E-04
   10    2    .149E-09    .118E-05
   10    3   -.342E-03   -.289E-03
   10    4   -.109E-03   -.124E-03
   10    5   -.225E-03   -.249E-03
   10    6   -.729E-03   -.807E-03
   10    7   -.100E+01   -.112E+01
   10    8   -.446E-03   -.502E-03
   11    1    .894E-05    .388E-05
   11    2    .372E-06    .129E-06
   11    3   -.687E-03   -.601E-03
   11    4   -.252E-03   -.269E-03
   11    5   -.242E-03   -.255E-03
   11    6   -.324E-03   -.347E-03
   11    7   -.866E-03   -.948E-03
   11    8   -.997E+00   -.111E+01
  3  2  0    3  3  1        99
    1    1   -.409E-01   -.765E-01
    1    2   -.145E+02   -.145E+02
    1    3   -.263E+01   -.261E+01
    1    4   -.288E-01   -.270E-01
    1    5   -.925E+00   -.921E+00
    1    6   -.473E+00   -.469E+00
    1    7   -.269E+00   -.267E+00
    1    8   -.169E+00   -.168E+00
    1    9   -.114E+00   -.113E+00
    2    1   -.142E+01   -.137E+01
    2    2   -.505E+00   -.488E+00
    2    3   -.139E+00   -.135E+00
    2    4   -.540E+01   -.542E+01
    2    5   -.350E+00   -.357E+00
    2    6   -.293E-03   -.422E-03
    2    7   -.624E-03   -.504E-03
    2    8   -.162E-02   -.146E-02
    2    9   -.278E-02   -.261E-02
    3    1    .154E+00    .171E+00
    3    2   -.148E+01    .000E+00
    3    3   -.111E+02   -.110E+02
    3    4   -.247E+00   -.296E+00
    3    5   -.353E+01   -.366E+01
    3    6   -.124E+01   -.128E+01
    3    7   -.632E+00   -.650E+00
    3    8   -.374E+00   -.384E+00
    3    9   -.243E+00   -.249E+00
    4    1    .161E-01    .195E-01
    4    2    .402E+00    .382E+00
    4    3   -.215E+01    .000E+00
    4    4   -.216E+01   -.213E+01
    4    5   -.842E+01   -.803E+01
    4    6   -.266E+01   -.250E+01
    4    7   -.114E+01   -.106E+01
    4    8   -.596E+00   -.559E+00
    4    9   -.347E+00   -.326E+00
    5    1    .378E+00    .404E+00
    5    2    .277E-01    .320E-01
    5    3    .113E+00    .117E+00
    5    4   -.199E+01    .000E+00
    5    5   -.925E+00   -.102E+01
    5    6   -.362E-01   -.393E-01
    5    7   -.173E-01   -.184E-01
    5    8   -.141E-01   -.147E-01
    5    9   -.153E-01   -.158E-01
    6    1    .138E-02    .184E-02
    6    2    .101E+00    .100E+00
    6    3    .804E+00    .814E+00
    6    4    .769E+00    .000E+00
    6    5   -.380E+01    .000E+00
    6    6   -.976E+01   -.954E+01
    6    7   -.273E+01   -.266E+01
    6    8   -.122E+01   -.119E+01
    6    9   -.673E+00   -.657E+00
    7    1    .527E-02    .255E-02
    7    2    .983E+00    .109E+01
    7    3    .182E-03    .342E-03
    7    4    .174E-01    .148E-01
    7    5    .248E-01    .000E+00
    7    6   -.107E+00   -.104E+00
    7    7   -.190E-01   -.180E-01
    7    8   -.688E-02   -.649E-02
    7    9   -.329E-02   -.310E-02
    8    1    .135E-02    .184E-02
    8    2    .187E-01    .185E-01
    8    3    .152E+00    .154E+00
    8    4    .452E-03    .302E-03
    8    5    .159E+01    .163E+01
    8    6   -.393E+01    .000E+00
    8    7   -.979E+01   -.972E+01
    8    8   -.277E+01   -.275E+01
    8    9   -.125E+01   -.124E+01
    9    1    .975E-03    .130E-02
    9    2    .985E-02    .101E-01
    9    3    .578E-01    .585E-01
    9    4    .316E-04    .121E-03
    9    5    .300E+00    .302E+00
    9    6    .214E+01    .214E+01
    9    7   -.451E+01    .000E+00
    9    8   -.988E+01   -.987E+01
    9    9   -.281E+01   -.281E+01
   10    1    .757E-03    .990E-03
   10    2    .581E-02    .612E-02
   10    3    .299E-01    .303E-01
   10    4    .295E-03    .505E-03
   10    5    .115E+00    .114E+00
   10    6    .413E+00    .408E+00
   10    7    .281E+01    .280E+01
   10    8   -.511E+01    .000E+00
   10    9   -.101E+02    .000E+00
   11    1    .686E-03    .876E-03
   11    2    .380E-02    .407E-02
   11    3    .186E-01    .188E-01
   11    4    .797E-03    .109E-02
   11    5    .599E-01    .584E-01
   11    6    .157E+00    .153E+00
   11    7    .554E+00    .546E+00
   11    8    .353E+01    .000E+00
   11    9   -.569E+01    .000E+00
  3  2  1    3  3  0        56
    1    1   -.132E+02   -.130E+02
    1    2   -.201E+01   -.198E+01
    1    3   -.678E+00   -.666E+00
    1    4   -.317E+00   -.311E+00
    1    5   -.177E+00   -.173E+00
    1    6   -.110E+00   -.108E+00
    1    7   -.737E-01   -.720E-01
    2    1   -.202E+00    .000E+00
    2    2   -.115E+02   -.115E+02
    2    3   -.244E+01   -.249E+01
    2    4   -.953E+00   -.978E+00
    2    5   -.484E+00   -.496E+00
    2    6   -.284E+00   -.291E+00
    2    7   -.183E+00   -.187E+00
    3    1    .187E+00    .175E+00
    3    2   -.389E+00    .000E+00
    3    3   -.108E+02   -.104E+02
    3    4   -.258E+01   -.243E+01
    3    5   -.107E+01   -.101E+01
    3    6   -.564E+00   -.533E+00
    3    7   -.340E+00   -.323E+00
    4    1    .330E-01    .316E-01
    4    2    .488E+00    .499E+00
    4    3   -.584E+00    .000E+00
    4    4   -.106E+02   -.103E+02
    4    5   -.265E+01   -.259E+01
    4    6   -.114E+01   -.111E+01
    4    7   -.612E+00   -.596E+00
    5    1    .117E-01    .118E-01
    5    2    .922E-01    .942E-01
    5    3    .868E+00    .898E+00
    5    4   -.762E+00    .000E+00
    5    5   -.106E+02   -.105E+02
    5    6   -.272E+01   -.270E+01
    5    7   -.119E+01   -.117E+01
    6    1    .562E-02    .586E-02
    6    2    .339E-01    .345E-01
    6    3    .170E+00    .173E+00
    6    4    .130E+01    .131E+01
    6    5   -.924E+00    .000E+00
    6    6   -.108E+02   -.107E+02
    6    7   -.280E+01   -.279E+01
    7    1    .319E-02    .342E-02
    7    2    .166E-01    .169E-01
    7    3    .639E-01    .631E-01
    7    4    .262E+00    .260E+00
    7    5    .176E+01    .176E+01
    7    6   -.108E+01    .000E+00
    7    7   -.110E+02   -.110E+02
    8    1    .200E-02    .220E-02
    8    2    .958E-02    .968E-02
    8    3    .317E-01    .306E-01
    8    4    .995E-01    .972E-01
    8    5    .362E+00    .358E+00
    8    6    .226E+01    .224E+01
    8    7   -.123E+01    .000E+00
  3  3  0    3  3  1        63
    1    1    .217E+01    .215E+01
    1    2    .962E+00    .111E+01
    1    3    .675E-02    .595E-02
    1    4    .142E+00    .000E+00
    1    5   -.991E-03    .000E+00
    1    6   -.137E-02   -.132E-02
    1    7   -.677E-03   -.645E-03
    1    8   -.455E-03   -.433E-03
    1    9   -.381E-03   -.362E-03
    2    1    .389E+00    .381E+00
    2    2    .132E-01    .129E-01
    2    3    .148E+01    .165E+01
    2    4    .103E+01    .100E+01
    2    5    .115E+00    .110E+00
    2    6    .586E-02    .546E-02
    2    7    .284E-02    .262E-02
    2    8    .217E-02    .199E-02
    2    9    .211E-02    .195E-02
    3    1    .146E+00    .142E+00
    3    2    .454E-02    .438E-02
    3    3    .812E-05    .779E-05
    3    4    .808E+00    .834E+00
    3    5    .907E+00    .104E+01
    3    6    .158E-03    .111E-03
    3    7    .115E-04    .469E-05
    3    8    .308E-04    .418E-04
    3    9    .274E-03    .299E-03
    4    1    .734E-01    .713E-01
    4    2    .221E-02    .212E-02
    4    3    .123E-04    .141E-04
    4    4    .161E+00    .161E+00
    4    5    .231E-01    .233E-01
    4    6    .136E+01    .152E+01
    4    7    .930E-04    .121E-03
    4    8    .766E-04    .909E-04
    4    9    .174E-03    .189E-03
    5    1    .429E-01    .417E-01
    5    2    .127E-02    .121E-02
    5    3    .684E-05    .845E-05
    5    4    .789E-01    .788E-01
    5    5    .103E-01    .103E-01
    5    6    .989E-03    .102E-02
    5    7    .140E+01    .156E+01
    5    8    .232E-03    .266E-03
    5    9    .160E-03    .175E-03
    6    1    .276E-01    .267E-01
    6    2    .811E-03    .771E-03
    6    3    .382E-05    .497E-05
    6    4    .463E-01    .462E-01
    6    5    .585E-02    .583E-02
    6    6    .366E-03    .371E-03
    6    7    .341E-03    .364E-03
    6    8    .141E+01    .158E+01
    6    9    .294E-03    .325E-03
    7    1    .189E-01    .183E-01
    7    2    .552E-03    .524E-03
    7    3    .228E-05    .309E-05
    7    4    .300E-01    .299E-01
    7    5    .374E-02    .372E-02
    7    6    .199E-03    .200E-03
    7    7    .100E-03    .104E-03
    7    8    .168E-03    .185E-03
    7    9    .142E+01    .158E+01
  3  3  1    3  4  0        63
    1    1   -.115E+01   -.115E+01
    1    2   -.735E+01   -.728E+01
    1    3   -.766E+01   -.757E+01
    1    4   -.102E-01   -.965E-02
    1    5   -.544E-02   -.564E-02
    1    6   -.145E-01   -.146E-01
    1    7   -.215E-01   -.216E-01
    2    1   -.257E+02   -.257E+02
    2    2   -.397E-02   -.757E-03
    2    3   -.831E+01   -.868E+01
    2    4   -.172E+01   -.175E+01
    2    5   -.682E+00   -.690E+00
    2    6   -.349E+00   -.351E+00
    2    7   -.202E+00   -.202E+00
    3    1    .183E+00    .000E+00
    3    2   -.168E+02   -.164E+02
    3    3   -.758E+01   -.733E+01
    3    4   -.484E+01   -.471E+01
    3    5   -.175E+01   -.173E+01
    3    6   -.817E+00   -.817E+00
    3    7   -.431E+00   -.435E+00
    4    1    .678E-02    .718E-02
    4    2   -.150E+01    .000E+00
    4    3   -.115E+00   -.133E+00
    4    4   -.189E+01   -.189E+01
    4    5   -.835E+00   -.836E+00
    4    6   -.515E+00   -.516E+00
    4    7   -.397E+00   -.397E+00
    5    1    .181E+00    .187E+00
    5    2    .235E+01    .000E+00
    5    3   -.409E+01    .000E+00
    5    4   -.201E+02   -.200E+02
    5    5   -.425E+01   -.424E+01
    5    6   -.156E+01   -.156E+01
    5    7   -.722E+00   -.724E+00
    6    1    .328E-01    .317E-01
    6    2    .112E+00    .107E+00
    6    3    .742E+00    .734E+00
    6    4   -.106E+01    .000E+00
    6    5   -.219E+02   -.219E+02
    6    6   -.521E+01   -.520E+01
    6    7   -.212E+01   -.212E+01
    7    1    .114E-01    .104E-01
    7    2    .259E-01    .226E-01
    7    3    .940E-01    .888E-01
    7    4    .112E+01    .110E+01
    7    5   -.731E+00    .000E+00
    7    6   -.219E+02   -.219E+02
    7    7   -.539E+01   -.538E+01
    8    1    .547E-02    .472E-02
    8    2    .108E-01    .876E-02
    8    3    .268E-01    .241E-01
    8    4    .200E+00    .192E+00
    8    5    .160E+01    .159E+01
    8    6   -.526E+00    .000E+00
    8    7   -.222E+02    .000E+00
    9    1    .315E-02    .263E-02
    9    2    .623E-02    .483E-02
    9    3    .994E-02    .852E-02
    9    4    .693E-01    .654E-01
    9    5    .300E+00    .297E+00
    9    6    .213E+01    .000E+00
    9    7   -.238E+00    .000E+00
  0  0  0    0  0  0         0
