    8    2    F
  1  0  0    1  1  1        90
    1    1   -.695E+00   -.695E+00
    1    2   -.146E+00   -.147E+00
    1    3   -.551E-01   -.553E-01
    1    4   -.268E-01   -.270E-01
    1    5   -.151E-01   -.152E-01
    1    6   -.936E-02   -.940E-02
    1    7   -.621E-02   -.623E-02
    1    8   -.433E-02   -.435E-02
    1    9   -.314E-02   -.315E-02
    2    1   -.667E-01    .000E+00
    2    2   -.374E+00   -.375E+00
    2    3   -.938E-01   -.939E-01
    2    4   -.390E-01   -.391E-01
    2    5   -.203E-01   -.203E-01
    2    6   -.120E-01   -.120E-01
    2    7   -.774E-02   -.775E-02
    2    8   -.529E-02   -.530E-02
    2    9   -.379E-02   -.379E-02
    3    1    .569E-01    .566E-01
    3    2   -.117E+00    .000E+00
    3    3   -.407E+00   -.409E+00
    3    4   -.108E+00   -.109E+00
    3    5   -.468E-01   -.472E-01
    3    6   -.252E-01   -.254E-01
    3    7   -.153E-01   -.154E-01
    3    8   -.101E-01   -.102E-01
    3    9   -.705E-02   -.707E-02
    4    1    .123E-01    .122E-01
    4    2    .128E+00    .126E+00
    4    3   -.163E+00    .000E+00
    4    4   -.451E+00    .000E+00
    4    5   -.122E+00    .000E+00
    4    6   -.537E-01   -.521E-01
    4    7   -.294E-01   -.288E-01
    4    8   -.181E-01   -.179E-01
    4    9   -.121E-01   -.120E-01
    5    1    .485E-02    .483E-02
    5    2    .283E-01    .283E-01
    5    3    .206E+00    .000E+00
    5    4   -.206E+00    .000E+00
    5    5   -.500E+00    .000E+00
    5    6   -.135E+00    .000E+00
    5    7   -.601E-01    .000E+00
    5    8   -.332E-01    .000E+00
    5    9   -.207E-01    .000E+00
    6    1    .246E-02    .245E-02
    6    2    .114E-01    .115E-01
    6    3    .460E-01    .000E+00
    6    4    .287E+00    .000E+00
    6    5   -.250E+00    .000E+00
    6    6   -.551E+00    .000E+00
    6    7   -.149E+00    .000E+00
    6    8   -.664E-01    .000E+00
    6    9   -.368E-01    .000E+00
    7    1    .144E-02    .143E-02
    7    2    .591E-02    .596E-02
    7    3    .187E-01    .183E-01
    7    4    .644E-01    .000E+00
    7    5    .370E+00    .000E+00
    7    6   -.294E+00    .000E+00
    7    7   -.603E+00    .000E+00
    7    8   -.163E+00    .000E+00
    7    9   -.725E-01    .000E+00
    8    1    .916E-03    .913E-03
    8    2    .351E-02    .355E-02
    8    3    .980E-02    .954E-02
    8    4    .264E-01    .000E+00
    8    5    .832E-01    .000E+00
    8    6    .454E+00    .000E+00
    8    7   -.337E+00    .000E+00
    8    8   -.656E+00    .000E+00
    8    9   -.176E+00    .000E+00
    9    1    .623E-03    .620E-03
    9    2    .228E-02    .230E-02
    9    3    .589E-02    .572E-02
    9    4    .139E-01    .000E+00
    9    5    .342E-01    .000E+00
    9    6    .102E+00    .000E+00
    9    7    .539E+00    .000E+00
    9    8   -.380E+00    .000E+00
    9    9   -.710E+00    .000E+00
   10    1    .444E-03    .442E-03
   10    2    .157E-02    .159E-02
   10    3    .386E-02    .374E-02
   10    4    .839E-02    .000E+00
   10    5    .181E-01    .000E+00
   10    6    .421E-01    .000E+00
   10    7    .121E+00    .000E+00
   10    8    .624E+00    .000E+00
   10    9   -.423E+00    .000E+00
  1  2  0    1  1  1        72
    1    1    .211E+01    .211E+01
    1    2   -.365E-01    .000E+00
    1    3   -.502E-01   -.503E-01
    1    4   -.102E-01   -.104E-01
    1    5   -.389E-02   -.395E-02
    1    6   -.195E-02   -.197E-02
    1    7   -.113E-02   -.114E-02
    1    8   -.724E-03   -.726E-03
    1    9   -.494E-03   -.495E-03
    2    1    .360E+00    .359E+00
    2    2    .190E+01    .190E+01
    2    3   -.615E-01    .000E+00
    2    4   -.129E+00    .000E+00
    2    5   -.272E-01    .000E+00
    2    6   -.106E-01   -.980E-02
    2    7   -.541E-02   -.510E-02
    2    8   -.319E-02   -.307E-02
    2    9   -.206E-02   -.201E-02
    3    1    .130E+00    .130E+00
    3    2    .420E+00    .422E+00
    3    3    .189E+01    .000E+00
    3    4   -.832E-01    .000E+00
    3    5   -.223E+00    .000E+00
    3    6   -.485E-01    .000E+00
    3    7   -.192E-01    .000E+00
    3    8   -.988E-02    .000E+00
    3    9   -.586E-02    .000E+00
    4    1    .628E-01    .629E-01
    4    2    .168E+00    .169E+00
    4    3    .452E+00    .000E+00
    4    4    .194E+01    .000E+00
    4    5   -.104E+00    .000E+00
    4    6   -.328E+00    .000E+00
    4    7   -.726E-01    .000E+00
    4    8   -.290E-01    .000E+00
    4    9   -.150E-01    .000E+00
    5    1    .357E-01    .357E-01
    5    2    .867E-01    .873E-01
    5    3    .189E+00    .187E+00
    5    4    .480E+00    .000E+00
    5    5    .202E+01    .000E+00
    5    6   -.124E+00    .000E+00
    5    7   -.440E+00    .000E+00
    5    8   -.985E-01    .000E+00
    5    9   -.397E-01    .000E+00
    6    1    .224E-01    .224E-01
    6    2    .513E-01    .517E-01
    6    3    .100E+00    .992E-01
    6    4    .205E+00    .000E+00
    6    5    .508E+00    .000E+00
    6    6    .213E+01    .000E+00
    6    7   -.144E+00    .000E+00
    6    8   -.556E+00    .000E+00
    6    9   -.126E+00    .000E+00
    7    1    .151E-01    .151E-01
    7    2    .332E-01    .334E-01
    7    3    .608E-01    .601E-01
    7    4    .111E+00    .000E+00
    7    5    .220E+00    .000E+00
    7    6    .537E+00    .000E+00
    7    7    .225E+01    .000E+00
    7    8   -.164E+00    .000E+00
    7    9   -.675E+00    .000E+00
    8    1    .107E-01    .107E-01
    8    2    .229E-01    .230E-01
    8    3    .401E-01    .396E-01
    8    4    .680E-01    .000E+00
    8    5    .120E+00    .000E+00
    8    6    .234E+00    .000E+00
    8    7    .567E+00    .000E+00
    8    8    .237E+01    .000E+00
    8    9   -.183E+00    .000E+00
  3  0  0    3  1  1        81
    1    1   -.285E+00    .000E+00
    1    2   -.104E+01   -.104E+01
    1    3   -.267E+00   -.267E+00
    1    4   -.112E+00   -.112E+00
    1    5   -.585E-01   -.585E-01
    1    6   -.347E-01   -.347E-01
    1    7   -.224E-01   -.223E-01
    1    8   -.153E-01   -.153E-01
    1    9   -.109E-01   -.109E-01
    2    1    .179E+00    .179E+00
    2    2   -.478E+00    .000E+00
    2    3   -.113E+01   -.114E+01
    2    4   -.307E+00   -.309E+00
    2    5   -.134E+00   -.135E+00
    2    6   -.724E-01   -.726E-01
    2    7   -.441E-01   -.442E-01
    2    8   -.291E-01   -.291E-01
    2    9   -.203E-01   -.203E-01
    3    1    .378E-01    .377E-01
    3    2    .411E+00    .407E+00
    3    3   -.658E+00    .000E+00
    3    4   -.126E+01    .000E+00
    3    5   -.345E+00    .000E+00
    3    6   -.154E+00   -.150E+00
    3    7   -.843E-01   -.830E-01
    3    8   -.522E-01   -.518E-01
    3    9   -.349E-01   -.348E-01
    4    1    .147E-01    .148E-01
    4    2    .891E-01    .895E-01
    4    3    .663E+00    .000E+00
    4    4   -.831E+00    .000E+00
    4    5   -.139E+01    .000E+00
    4    6   -.384E+00    .000E+00
    4    7   -.172E+00    .000E+00
    4    8   -.951E-01    .000E+00
    4    9   -.594E-01    .000E+00
    5    1    .743E-02    .744E-02
    5    2    .357E-01    .361E-01
    5    3    .145E+00    .000E+00
    5    4    .924E+00    .000E+00
    5    5   -.101E+01    .000E+00
    5    6   -.153E+01    .000E+00
    5    7   -.422E+00    .000E+00
    5    8   -.189E+00    .000E+00
    5    9   -.105E+00    .000E+00
    6    1    .432E-02    .433E-02
    6    2    .184E-01    .187E-01
    6    3    .589E-01    .575E-01
    6    4    .204E+00    .000E+00
    6    5    .119E+01    .000E+00
    6    6   -.118E+01    .000E+00
    6    7   -.167E+01    .000E+00
    6    8   -.460E+00    .000E+00
    6    9   -.207E+00    .000E+00
    7    1    .275E-02    .276E-02
    7    2    .109E-01    .111E-01
    7    3    .307E-01    .299E-01
    7    4    .830E-01    .000E+00
    7    5    .263E+00    .000E+00
    7    6    .146E+01    .000E+00
    7    7   -.135E+01    .000E+00
    7    8   -.182E+01    .000E+00
    7    9   -.498E+00    .000E+00
    8    1    .187E-02    .187E-02
    8    2    .707E-02    .719E-02
    8    3    .184E-01    .179E-01
    8    4    .436E-01    .000E+00
    8    5    .108E+00    .000E+00
    8    6    .323E+00    .000E+00
    8    7    .173E+01    .000E+00
    8    8   -.152E+01    .000E+00
    8    9   -.196E+01    .000E+00
    9    1    .133E-02    .133E-02
    9    2    .487E-02    .496E-02
    9    3    .121E-01    .117E-01
    9    4    .263E-01    .000E+00
    9    5    .567E-01    .000E+00
    9    6    .132E+00    .000E+00
    9    7    .384E+00    .000E+00
    9    8    .201E+01    .000E+00
    9    9   -.169E+01    .000E+00
  3  2  0    3  1  1        72
    1    1    .600E+01    .600E+01
    1    2    .327E+00    .000E+00
    1    3   -.213E+00   -.213E+00
    1    4   -.417E-01   -.422E-01
    1    5   -.158E-01   -.160E-01
    1    6   -.788E-02   -.794E-02
    1    7   -.457E-02   -.459E-02
    1    8   -.292E-02   -.292E-02
    1    9   -.199E-02   -.199E-02
    2    1    .111E+01    .111E+01
    2    2    .514E+01    .512E+01
    2    3    .574E+00    .000E+00
    2    4   -.524E+00    .000E+00
    2    5   -.107E+00    .000E+00
    2    6   -.414E-01   -.389E-01
    2    7   -.210E-01   -.202E-01
    2    8   -.123E-01   -.121E-01
    2    9   -.796E-02   -.793E-02
    3    1    .410E+00    .410E+00
    3    2    .122E+01    .122E+01
    3    3    .497E+01    .000E+00
    3    4    .786E+00    .000E+00
    3    5   -.891E+00    .000E+00
    3    6   -.186E+00    .000E+00
    3    7   -.731E-01    .000E+00
    3    8   -.374E-01    .000E+00
    3    9   -.221E-01    .000E+00
    4    1    .202E+00    .202E+00
    4    2    .499E+00    .502E+00
    4    3    .127E+01    .000E+00
    4    4    .503E+01    .000E+00
    4    5    .999E+00    .000E+00
    4    6   -.129E+01    .000E+00
    4    7   -.274E+00    .000E+00
    4    8   -.109E+00    .000E+00
    4    9   -.559E-01    .000E+00
    5    1    .116E+00    .116E+00
    5    2    .260E+00    .262E+00
    5    3    .545E+00    .538E+00
    5    4    .133E+01    .000E+00
    5    5    .520E+01    .000E+00
    5    6    .120E+01    .000E+00
    5    7   -.171E+01    .000E+00
    5    8   -.368E+00    .000E+00
    5    9   -.147E+00    .000E+00
    6    1    .730E-01    .730E-01
    6    2    .155E+00    .156E+00
    6    3    .293E+00    .289E+00
    6    4    .581E+00    .000E+00
    6    5    .139E+01    .000E+00
    6    6    .544E+01    .000E+00
    6    7    .139E+01    .000E+00
    6    8   -.215E+01    .000E+00
    6    9   -.466E+00    .000E+00
    7    1    .492E-01    .492E-01
    7    2    .101E+00    .102E+00
    7    3    .179E+00    .177E+00
    7    4    .318E+00    .000E+00
    7    5    .615E+00    .000E+00
    7    6    .146E+01    .000E+00
    7    7    .570E+01    .000E+00
    7    8    .159E+01    .000E+00
    7    9   -.260E+01    .000E+00
    8    1    .349E-01    .349E-01
    8    2    .698E-01    .702E-01
    8    3    .118E+00    .117E+00
    8    4    .197E+00    .000E+00
    8    5    .339E+00    .000E+00
    8    6    .648E+00    .000E+00
    8    7    .153E+01    .000E+00
    8    8    .599E+01    .000E+00
    8    9    .177E+01    .000E+00
  0  0  0    0  0  0         0
