    9    4    F
  1  0  0    1  1  1       195
    1    1   -.448E+00   -.501E+00
    1    2   -.445E+00   -.436E+00
    1    3   -.219E-02   -.182E-02
    1    4   -.400E-01   -.387E-01
    1    5   -.111E+00   -.108E+00
    1    6   -.457E-01   -.450E-01
    1    7   -.968E-02   -.884E-02
    1    8   -.119E-01   -.120E-01
    1    9   -.243E-01   -.232E-01
    1   10   -.172E-01   -.165E-01
    1   11   -.112E-01   -.109E-01
    1   12   -.258E-04   -.718E-05
    1   13   -.859E-02   -.821E-02
    1   14   -.561E-02   -.570E-02
    1   15   -.298E-02   -.279E-02
    2    1    .313E+00    .332E+00
    2    2   -.470E-02   -.452E-02
    2    3   -.119E+00   -.124E+00
    2    4   -.107E+01   -.110E+01
    2    5   -.410E-01   -.396E-01
    2    6   -.173E-02   -.195E-02
    2    7   -.219E-01   -.217E-01
    2    8   -.243E+00   -.234E+00
    2    9   -.141E-01   -.132E-01
    2   10   -.157E-02   -.140E-02
    2   11   -.796E-04   -.106E-03
    2   12   -.922E-02   -.917E-02
    2   13   -.186E-04   -.155E-04
    2   14   -.878E-01   -.835E-01
    2   15   -.111E-01   -.105E-01
    3    1    .461E-01    .504E-01
    3    2   -.181E+00   -.190E+00
    3    3   -.419E+00   -.459E+00
    3    4   -.268E-02   -.310E-02
    3    5   -.218E+00   -.213E+00
    3    6   -.683E-01   -.682E-01
    3    7   -.499E-02   -.426E-02
    3    8   -.144E-02   -.153E-02
    3    9   -.289E-01   -.280E-01
    3   10   -.177E-01   -.173E-01
    3   11   -.116E-01   -.115E-01
    3   12   -.213E-03   -.308E-03
    3   13   -.618E-02   -.592E-02
    3   14   -.961E-03   -.101E-02
    3   15   -.364E-02   -.347E-02
    4    1    .342E-01    .334E-01
    4    2    .771E-01    .834E-01
    4    3    .368E+00    .378E+00
    4    4   -.673E-01    .000E+00
    4    5   -.668E-01   -.621E-01
    4    6   -.101E+00   -.106E+00
    4    7   -.153E+00   -.157E+00
    4    8   -.479E+00   -.467E+00
    4    9   -.900E-02   -.826E-02
    4   10   -.654E-04   -.117E-03
    4   11   -.508E-02   -.540E-02
    4   12   -.317E-01   -.322E-01
    4   13   -.904E-04   -.983E-04
    4   14   -.108E+00   -.104E+00
    4   15   -.906E-02   -.852E-02
    5    1    .219E-01    .220E-01
    5    2    .129E+00    .128E+00
    5    3    .109E-02    .800E-03
    5    4    .596E-04    .112E-03
    5    5   -.351E+00    .000E+00
    5    6   -.446E+00   -.462E+00
    5    7   -.110E-01   -.160E-01
    5    8   -.569E-01   -.539E-01
    5    9   -.847E-01   -.853E-01
    5   10   -.360E-01   -.371E-01
    5   11   -.164E-01   -.171E-01
    5   12   -.109E-02   -.112E-02
    5   13   -.103E-01   -.109E-01
    5   14   -.505E-02   -.454E-02
    5   15   -.127E-01   -.129E-01
    6    1    .244E-02    .253E-02
    6    2    .399E-01    .402E-01
    6    3    .576E-03    .646E-03
    6    4    .676E-02    .650E-02
    6    5    .343E+00    .333E+00
    6    6   -.278E+00    .000E+00
    6    7   -.334E+00   -.317E+00
    6    8   -.983E-03   -.102E-02
    6    9   -.283E+00   -.267E+00
    6   10   -.121E+00   -.112E+00
    6   11   -.122E+00   -.118E+00
    6   12   -.188E+00   -.209E+00
    6   13   -.289E-02   -.157E-02
    6   14   -.332E-02   -.343E-02
    6   15   -.493E-02   -.366E-02
    7    1    .137E-01    .132E-01
    7    2    .544E-02    .568E-02
    7    3    .297E-01    .296E-01
    7    4    .362E-01    .347E-01
    7    5    .352E-01    .388E-01
    7    6    .391E-05    .129E-04
    7    7    .463E+00    .435E+00
    7    8   -.118E+00    .000E+00
    7    9   -.185E+00   -.173E+00
    7   10   -.751E-03   -.114E-02
    7   11   -.255E-01   -.262E-01
    7   12   -.129E+00   -.123E+00
    7   13   -.862E-03   -.120E-02
    7   14   -.416E+00   -.415E+00
    7   15   -.311E-01   -.297E-01
    8    1    .637E-02    .629E-02
    8    2    .104E-01    .104E-01
    8    3    .225E-02    .214E-02
    8    4    .504E-03    .486E-03
    8    5    .378E-01    .354E-01
    8    6    .296E+00    .296E+00
    8    7    .788E-01    .799E-01
    8    8    .335E-02    .398E-02
    8    9   -.548E+00    .000E+00
    8   10   -.371E+00   -.357E+00
    8   11   -.841E-01   -.803E-01
    8   12   -.112E-01   -.106E-01
    8   13   -.421E-01   -.399E-01
    8   14   -.446E-01   -.433E-01
    8   15   -.556E-01   -.533E-01
    9    1    .155E-02    .156E-02
    9    2    .766E-02    .771E-02
    9    3    .204E-04    .130E-04
    9    4    .174E-03    .165E-03
    9    5    .214E-01    .209E-01
    9    6    .839E-01    .839E-01
    9    7    .157E-01    .159E-01
    9    8    .588E-02    .532E-02
    9    9    .544E+00    .547E+00
    9   10   -.818E+00    .000E+00
    9   11   -.413E+00   -.412E+00
    9   12   -.400E-02   -.407E-02
    9   13   -.870E-01   -.866E-01
    9   14   -.260E-02   -.231E-02
    9   15   -.583E-01   -.576E-01
   10    1    .452E-03    .462E-03
   10    2    .519E-02    .523E-02
   10    3    .870E-04    .100E-03
   10    4    .420E-03    .400E-03
   10    5    .115E-01    .114E-01
   10    6    .442E-01    .445E-01
   10    7    .477E-02    .498E-02
   10    8    .568E-02    .513E-02
   10    9    .105E+00    .104E+00
   10   10    .674E+00    .668E+00
   10   11   -.684E+00    .000E+00
   10   12   -.482E+00    .000E+00
   10   13   -.234E+00   -.237E+00
   10   14   -.766E-03   -.977E-03
   10   15   -.971E-01   -.976E-01
   11    1    .246E-04    .185E-04
   11    2    .418E-02    .424E-02
   11    3    .113E-02    .116E-02
   11    4    .136E-02    .130E-02
   11    5    .633E-02    .630E-02
   11    6    .439E-01    .449E-01
   11    7    .115E-02    .136E-02
   11    8    .117E-01    .106E-01
   11    9    .290E-01    .280E-01
   11   10    .117E+00    .113E+00
   11   11    .614E+00    .605E+00
   11   12    .675E+00    .000E+00
   11   13   -.180E+01    .000E+00
   11   14   -.519E-01    .000E+00
   11   15   -.147E+00   -.149E+00
   12    1    .584E-02    .558E-02
   12    2    .134E-02    .140E-02
   12    3    .882E-02    .874E-02
   12    4    .589E-02    .559E-02
   12    5    .173E-04    .121E-04
   12    6    .566E-01    .600E-01
   12    7    .126E-02    .831E-03
   12    8    .394E-01    .360E-01
   12    9    .745E-02    .820E-02
   12   10    .170E-02    .218E-02
   12   11    .194E-02    .240E-02
   12   12    .145E+00    .140E+00
   12   13    .965E+00    .000E+00
   12   14   -.314E+00    .000E+00
   12   15   -.771E+00    .000E+00
   13    1    .248E-02    .242E-02
   13    2    .760E-03    .751E-03
   13    3    .145E-02    .140E-02
   13    4    .557E-03    .527E-03
   13    5    .371E-02    .378E-02
   13    6    .145E-04    .471E-04
   13    7    .230E-02    .209E-02
   13    8    .280E-02    .258E-02
   13    9    .322E-01    .322E-01
   13   10    .548E-01    .544E-01
   13   11    .132E+00    .131E+00
   13   12    .361E-02    .341E-02
   13   13    .500E+00    .499E+00
   13   14    .163E+00    .000E+00
   13   15   -.603E+00    .000E+00
  1  1  0    1  1  1       120
    1    1    .315E+00    .310E+00
    1    2    .403E+00    .439E+00
    1    3    .699E-01    .000E+00
    1    4   -.310E+00   -.309E+00
    1    5   -.485E-03   -.549E-03
    1    6   -.283E-01   -.290E-01
    1    7   -.112E+00   -.113E+00
    1    8   -.195E+00   -.198E+00
    1    9   -.108E-02   -.112E-02
    1   10   -.172E-03   -.183E-03
    1   11   -.172E-02   -.177E-02
    1   12   -.272E-01   -.277E-01
    1   13   -.544E-02   -.551E-02
    1   14   -.661E-01   -.670E-01
    1   15   -.281E-02   -.287E-02
    2    1    .771E-01    .770E-01
    2    2    .549E-02    .525E-02
    2    3    .282E+00    .282E+00
    2    4    .115E+00    .122E+00
    2    5    .292E+00    .323E+00
    2    6    .126E+00    .120E+00
    2    7    .981E-01    .000E+00
    2    8   -.449E+00   -.448E+00
    2    9   -.175E-04   -.103E-03
    2   10   -.259E-02   -.287E-02
    2   11   -.177E-01   -.179E-01
    2   12   -.183E+00   -.179E+00
    2   13   -.203E-01   -.195E-01
    2   14   -.154E+00   -.153E+00
    2   15   -.563E-02   -.583E-02
    3    1    .321E-01    .320E-01
    3    2    .246E-02    .235E-02
    3    3    .785E-01    .788E-01
    3    4    .162E-01    .173E-01
    3    5    .933E-04    .123E-03
    3    6    .187E-01    .261E-01
    3    7    .599E+00    .612E+00
    3    8    .142E+00    .135E+00
    3    9    .869E-02    .927E-02
    3   10    .146E-01    .150E-01
    3   11    .634E-01    .631E-01
    3   12    .275E+00    .000E+00
    3   13   -.412E-01    .000E+00
    3   14   -.548E+00   -.535E+00
    3   15   -.138E-01   -.131E-01
    4    1    .166E-01    .165E-01
    4    2    .129E-02    .122E-02
    4    3    .343E-01    .344E-01
    4    4    .573E-02    .617E-02
    4    5    .107E-04    .209E-04
    4    6    .146E-01    .141E-01
    4    7    .620E-01    .607E-01
    4    8    .491E-01    .498E-01
    4    9    .187E+00    .209E+00
    4   10    .725E-04    .979E-04
    4   11    .148E-01    .148E-01
    4   12    .364E+00    .368E+00
    4   13    .631E-01    .638E-01
    4   14    .236E+00    .233E+00
    4   15    .717E-03    .622E-03
    5    1    .984E-02    .976E-02
    5    2    .763E-03    .718E-03
    5    3    .185E-01    .186E-01
    5    4    .279E-02    .301E-02
    5    5    .180E-05    .562E-05
    5    6    .728E-02    .713E-02
    5    7    .303E-01    .304E-01
    5    8    .132E-01    .135E-01
    5    9    .166E-04    .158E-04
    5   10    .168E+00    .189E+00
    5   11    .605E-02    .608E-02
    5   12    .119E+00    .122E+00
    5   13    .151E-01    .155E-01
    5   14    .369E-01    .365E-01
    5   15    .298E-04    .169E-04
    6    1    .634E-02    .628E-02
    6    2    .490E-03    .461E-03
    6    3    .113E-01    .113E-01
    6    4    .160E-02    .173E-02
    6    5    .368E-06    .203E-05
    6    6    .421E-02    .416E-02
    6    7    .170E-01    .173E-01
    6    8    .627E-02    .647E-02
    6    9    .100E-07    .692E-07
    6   10    .138E-03    .133E-03
    6   11    .121E+00    .138E+00
    6   12    .108E+00    .113E+00
    6   13    .812E-02    .846E-02
    6   14    .109E-01    .107E-01
    6   15    .138E-04    .255E-04
    7    1    .433E-02    .429E-02
    7    2    .334E-03    .314E-03
    7    3    .745E-02    .746E-02
    7    4    .102E-02    .110E-02
    7    5    .776E-07    .896E-06
    7    6    .269E-02    .267E-02
    7    7    .106E-01    .109E-01
    7    8    .359E-02    .374E-02
    7    9    .192E-06    .654E-06
    7   10    .555E-04    .509E-04
    7   11    .100E-02    .966E-03
    7   12    .360E-02    .308E-02
    7   13    .207E+00    .230E+00
    7   14    .133E-02    .112E-02
    7   15    .300E-03    .367E-03
    8    1    .310E-02    .307E-02
    8    2    .238E-03    .224E-03
    8    3    .520E-02    .521E-02
    8    4    .690E-03    .745E-03
    8    5    .136E-07    .453E-06
    8    6    .183E-02    .182E-02
    8    7    .714E-02    .732E-02
    8    8    .228E-02    .240E-02
    8    9    .253E-06    .708E-06
    8   10    .329E-04    .295E-04
    8   11    .752E-03    .733E-03
    8   12    .784E-02    .766E-02
    8   13    .523E-03    .503E-03
    8   14    .308E-01    .332E-01
    8   15    .157E+00    .177E+00
  1  1  0    1  2  1        64
    1    1   -.313E+00   -.308E+00
    1    2   -.101E+01   -.102E+01
    1    3   -.275E+00   -.276E+00
    1    4   -.118E+00   -.119E+00
    1    5   -.635E-01   -.637E-01
    1    6   -.385E-01   -.386E-01
    1    7   -.253E-01   -.254E-01
    1    8   -.176E-01   -.177E-01
    2    1    .847E-01    .894E-01
    2    2   -.515E+00    .000E+00
    2    3   -.935E+00   -.926E+00
    2    4   -.269E+00   -.273E+00
    2    5   -.121E+00   -.123E+00
    2    6   -.666E-01   -.678E-01
    2    7   -.412E-01   -.419E-01
    2    8   -.276E-01   -.280E-01
    3    1    .153E-01    .165E-01
    3    2    .203E+00    .198E+00
    3    3   -.693E+00    .000E+00
    3    4   -.921E+00   -.862E+00
    3    5   -.273E+00   -.249E+00
    3    6   -.125E+00   -.114E+00
    3    7   -.701E-01   -.638E-01
    3    8   -.440E-01   -.402E-01
    4    1    .564E-02    .614E-02
    4    2    .384E-01    .384E-01
    4    3    .338E+00    .342E+00
    4    4   -.862E+00    .000E+00
    4    5   -.935E+00   -.905E+00
    4    6   -.280E+00   -.269E+00
    4    7   -.129E+00   -.125E+00
    4    8   -.732E-01   -.705E-01
    5    1    .278E-02    .304E-02
    5    2    .145E-01    .150E-01
    5    3    .656E-01    .668E-01
    5    4    .482E+00    .489E+00
    5    5   -.102E+01    .000E+00
    5    6   -.962E+00   -.953E+00
    5    7   -.288E+00   -.285E+00
    5    8   -.134E+00   -.133E+00
    6    1    .160E-02    .176E-02
    6    2    .728E-02    .766E-02
    6    3    .252E-01    .257E-01
    6    4    .951E-01    .950E-01
    6    5    .633E+00    .632E+00
    6    6   -.119E+01    .000E+00
    6    7   -.997E+00   -.997E+00
    6    8   -.299E+00   -.299E+00
    7    1    .102E-02    .112E-02
    7    2    .426E-02    .454E-02
    7    3    .128E-01    .131E-01
    7    4    .369E-01    .362E-01
    7    5    .126E+00    .124E+00
    7    6    .788E+00    .783E+00
    7    7   -.135E+01    .000E+00
    7    8   -.104E+01   -.104E+01
    8    1    .692E-03    .761E-03
    8    2    .274E-02    .295E-02
    8    3    .754E-02    .771E-02
    8    4    .188E-01    .182E-01
    8    5    .491E-01    .479E-01
    8    6    .158E+00    .156E+00
    8    7    .945E+00    .939E+00
    8    8   -.150E+01    .000E+00
  1  1  1    1  2  0       210
    1    1   -.427E+00   -.470E+00
    1    2   -.158E+01   -.159E+01
    1    3   -.588E+00   -.585E+00
    1    4   -.349E+00   -.346E+00
    1    5   -.129E+00   -.128E+00
    1    6   -.162E+00   -.158E+00
    1    7   -.305E-02   -.276E-02
    1    8   -.692E-01   -.682E-01
    1    9   -.389E-01   -.383E-01
    1   10   -.236E-01   -.232E-01
    1   11   -.173E-01   -.168E-01
    1   12   -.664E-01   -.649E-01
    1   13   -.214E-02   -.192E-02
    1   14   -.132E-01   -.130E-01
    2    1    .691E-01    .709E-01
    2    2   -.568E+00   -.568E+00
    2    3   -.407E-01   -.524E-01
    2    4   -.107E+01   -.107E+01
    2    5   -.321E+00   -.320E+00
    2    6   -.453E-02   -.480E-02
    2    7   -.755E-02   -.753E-02
    2    8   -.144E+00   -.143E+00
    2    9   -.784E-01   -.782E-01
    2   10   -.483E-01   -.482E-01
    2   11   -.238E-01   -.241E-01
    2   12   -.114E-01   -.113E-01
    2   13   -.226E-02   -.226E-02
    2   14   -.218E-01   -.217E-01
    3    1    .241E+00    .247E+00
    3    2    .405E-01    .413E-01
    3    3   -.870E+00   -.902E+00
    3    4   -.255E+00   -.255E+00
    3    5   -.228E-01   -.228E-01
    3    6   -.399E+00   -.398E+00
    3    7   -.679E-02   -.635E-02
    3    8   -.861E-02   -.853E-02
    3    9   -.325E-02   -.320E-02
    3   10   -.131E-02   -.129E-02
    3   11   -.684E-01   -.677E-01
    3   12   -.540E-01   -.534E-01
    3   13   -.268E-02   -.249E-02
    3   14   -.112E-02   -.111E-02
    4    1    .483E-01    .515E-01
    4    2    .272E+00    .300E+00
    4    3    .105E-01    .724E-02
    4    4   -.750E-01   -.775E-01
    4    5   -.854E-03   -.958E-03
    4    6   -.760E-01   -.755E-01
    4    7   -.303E+01   -.297E+01
    4    8   -.396E-03   -.348E-03
    4    9   -.101E-03   -.864E-04
    4   10   -.737E-04   -.643E-04
    4   11   -.846E-02   -.821E-02
    4   12   -.393E-02   -.387E-02
    4   13   -.427E+00   -.414E+00
    4   14   -.144E-04   -.119E-04
    5    1    .194E-06    .741E-04
    5    2    .120E+00    .124E+00
    5    3    .305E-01    .380E-01
    5    4   -.787E+00    .000E+00
    5    5   -.115E+01   -.115E+01
    5    6   -.665E-01   -.765E-01
    5    7   -.747E-01   -.749E-01
    5    8   -.336E+00   -.341E+00
    5    9   -.154E+00   -.158E+00
    5   10   -.852E-01   -.873E-01
    5   11   -.880E-02   -.832E-02
    5   12   -.473E-01   -.497E-01
    5   13   -.140E-02   -.131E-02
    5   14   -.362E-01   -.370E-01
    6    1    .197E-01    .224E-01
    6    2    .297E-01    .324E-01
    6    3    .150E+00    .160E+00
    6    4    .384E+00    .384E+00
    6    5   -.141E+01    .000E+00
    6    6   -.432E+00   -.487E+00
    6    7   -.311E-02   -.271E-02
    6    8   -.562E+00   -.516E+00
    6    9   -.203E+00   -.181E+00
    6   10   -.106E+00   -.942E-01
    6   11   -.457E+00   -.463E+00
    6   12   -.402E-01   -.489E-01
    6   13   -.153E-03   -.223E-03
    6   14   -.315E-01   -.277E-01
    7    1    .374E-01    .388E-01
    7    2    .714E-03    .553E-03
    7    3    .252E+00    .254E+00
    7    4    .287E-01    .246E-01
    7    5    .184E+00    .000E+00
    7    6   -.724E+00   -.794E+00
    7    7   -.293E-01   -.295E-01
    7    8   -.643E+00   -.628E+00
    7    9   -.139E+00   -.133E+00
    7   10   -.545E-01   -.519E-01
    7   11   -.155E-01   -.117E-01
    7   12   -.931E-01   -.828E-01
    7   13   -.336E-02   -.303E-02
    7   14   -.195E-01   -.186E-01
    8    1    .115E-01    .106E-01
    8    2    .316E-02    .275E-02
    8    3    .160E-01    .153E-01
    8    4    .218E+00    .238E+00
    8    5    .645E-01    .609E-01
    8    6    .276E-01    .233E-01
    8    7    .837E-01    .000E+00
    8    8   -.167E+00   -.161E+00
    8    9   -.327E-02   -.287E-02
    8   10   -.434E-03   -.340E-03
    8   11   -.319E-01   -.306E-01
    8   12   -.235E-01   -.219E-01
    8   13   -.269E+01   -.268E+01
    8   14   -.102E-03   -.720E-04
    9    1    .210E-03    .839E-04
    9    2    .802E-02    .871E-02
    9    3    .245E-03    .699E-04
    9    4    .354E-01    .338E-01
    9    5    .495E+00    .500E+00
    9    6    .255E-01    .286E-01
    9    7    .147E-01    .136E-01
    9    8   -.123E+01    .000E+00
    9    9   -.116E+01   -.112E+01
    9   10   -.352E+00   -.337E+00
    9   11   -.196E-02   -.119E-02
    9   12   -.225E+00   -.222E+00
    9   13   -.580E-01   -.571E-01
    9   14   -.980E-01   -.941E-01
   10    1    .226E-03    .380E-03
   10    2    .505E-02    .548E-02
   10    3    .100E-02    .140E-02
   10    4    .205E-01    .208E-01
   10    5    .116E+00    .118E+00
   10    6    .262E-01    .283E-01
   10    7    .131E-02    .120E-02
   10    8    .775E+00    .787E+00
   10    9   -.182E+01    .000E+00
   10   10   -.105E+01   -.103E+01
   10   11   -.265E-01   -.238E-01
   10   12   -.359E+00   -.361E+00
   10   13   -.860E-02   -.841E-02
   10   14   -.164E+00   -.162E+00
   11    1    .264E-02    .311E-02
   11    2    .356E-02    .392E-02
   11    3    .867E-02    .970E-02
   11    4    .119E-01    .126E-01
   11    5    .553E-01    .577E-01
   11    6    .920E-01    .942E-01
   11    7    .106E-04    .695E-05
   11    8    .159E+00    .160E+00
   11    9    .114E+01    .114E+01
   11   10   -.265E+01    .000E+00
   11   11   -.326E-01   -.291E-01
   11   12   -.853E+00   -.865E+00
   11   13   -.197E-02   -.197E-02
   11   14   -.261E+00   -.261E+00
   12    1    .190E-01    .201E-01
   12    2    .313E-03    .437E-03
   12    3    .614E-01    .632E-01
   12    4    .352E-03    .599E-03
   12    5    .156E-02    .206E-02
   12    6    .527E+00    .522E+00
   12    7    .797E-02    .765E-02
   12    8    .839E-03    .958E-03
   12    9    .768E-02    .787E-02
   12   10    .811E+00    .000E+00
   12   11   -.231E+01    .000E+00
   12   12   -.465E-01    .000E+00
   12   13   -.248E-01   -.239E-01
   12   14   -.984E-01   -.990E-01
   13    1    .302E-03    .262E-03
   13    2    .162E-02    .166E-02
   13    3    .137E-02    .121E-02
   13    4    .565E-02    .570E-02
   13    5    .346E-01    .358E-01
   13    6    .106E-01    .970E-02
   13    7    .340E-02    .320E-02
   13    8    .496E-01    .486E-01
   13    9    .161E+00    .159E+00
   13   10    .980E+00    .972E+00
   13   11   -.285E+00    .000E+00
   13   12   -.139E+01    .000E+00
   13   13   -.253E-01    .000E+00
   13   14   -.131E+01   -.131E+01
   14    1    .408E-02    .364E-02
   14    2    .113E-02    .947E-03
   14    3    .372E-02    .348E-02
   14    4    .226E-02    .215E-02
   14    5    .186E+00    .204E+00
   14    6    .107E-01    .103E-01
   14    7    .237E-01    .223E-01
   14    8    .164E-02    .123E-02
   14    9    .771E-02    .672E-02
   14   10    .336E-01    .312E-01
   14   11    .667E-01    .000E+00
   14   12    .492E+00    .000E+00
   14   13    .104E+00    .000E+00
   14   14   -.873E+00    .000E+00
   15    1    .516E-03    .390E-03
   15    2    .623E-03    .722E-03
   15    3    .669E-03    .513E-03
   15    4    .240E-02    .258E-02
   15    5    .307E-04    .103E-03
   15    6    .216E-02    .181E-02
   15    7    .372E-03    .352E-03
   15    8    .256E-01    .255E-01
   15    9    .593E-01    .587E-01
   15   10    .183E+00    .182E+00
   15   11    .460E+00    .465E+00
   15   12    .579E+00    .000E+00
   15   13    .317E-01    .000E+00
   15   14   -.135E+01    .000E+00
  1  2  0    1  2  1       112
    1    1   -.107E+01   -.108E+01
    1    2   -.204E+00   -.197E+00
    1    3   -.770E-01   -.736E-01
    1    4   -.382E-01   -.362E-01
    1    5   -.220E-01   -.208E-01
    1    6   -.139E-01   -.131E-01
    1    7   -.940E-02   -.888E-02
    1    8   -.666E-02   -.629E-02
    2    1   -.252E+00   -.282E+00
    2    2   -.831E-02   -.721E-02
    2    3   -.241E-02   -.199E-02
    2    4   -.108E-02   -.858E-03
    2    5   -.583E-03   -.458E-03
    2    6   -.355E-03   -.276E-03
    2    7   -.234E-03   -.181E-03
    2    8   -.163E-03   -.125E-03
    3    1    .152E-01    .000E+00
    3    2   -.490E+00   -.476E+00
    3    3   -.109E+00   -.105E+00
    3    4   -.436E-01   -.417E-01
    3    5   -.225E-01   -.214E-01
    3    6   -.133E-01   -.127E-01
    3    7   -.862E-02   -.819E-02
    3    8   -.593E-02   -.563E-02
    4    1    .545E-03    .108E-02
    4    2   -.283E+00   -.322E+00
    4    3   -.207E-02   -.202E-02
    4    4   -.712E-03   -.665E-03
    4    5   -.355E-03   -.325E-03
    4    6   -.208E-03   -.188E-03
    4    7   -.134E-03   -.121E-03
    4    8   -.916E-04   -.824E-04
    5    1    .736E-04    .203E-03
    5    2   -.567E-03   -.920E-03
    5    3   -.267E+00   -.303E+00
    5    4   -.158E-02   -.160E-02
    5    5   -.529E-03   -.517E-03
    5    6   -.271E-03   -.261E-03
    5    7   -.164E-03   -.156E-03
    5    8   -.108E-03   -.103E-03
    6    1    .138E-02    .113E-02
    6    2    .696E-02    .000E+00
    6    3   -.465E+00   -.466E+00
    6    4   -.108E+00   -.110E+00
    6    5   -.461E-01   -.472E-01
    6    6   -.247E-01   -.253E-01
    6    7   -.150E-01   -.153E-01
    6    8   -.993E-02   -.101E-01
    7    1    .566E+00    .549E+00
    7    2    .971E-01    .000E+00
    7    3   -.469E-01   -.466E-01
    7    4   -.676E-02   -.703E-02
    7    5   -.270E-02   -.289E-02
    7    6   -.136E-02   -.146E-02
    7    7   -.796E-03   -.853E-03
    7    8   -.512E-03   -.546E-03
    8    1    .514E-03    .693E-03
    8    2    .333E-04    .721E-04
    8    3   -.918E-03   -.111E-02
    8    4   -.286E+00   -.323E+00
    8    5   -.746E-03   -.772E-03
    8    6   -.209E-03   -.208E-03
    8    7   -.101E-03   -.984E-04
    8    8   -.601E-04   -.576E-04
    9    1    .181E-03    .265E-03
    9    2    .171E-05    .708E-05
    9    3   -.296E-03   -.390E-03
    9    4   -.285E-03   -.375E-03
    9    5   -.284E+00   -.320E+00
    9    6   -.759E-03   -.800E-03
    9    7   -.216E-03   -.220E-03
    9    8   -.105E-03   -.105E-03
   10    1    .963E-04    .146E-03
   10    2    .315E-05    .666E-05
   10    3   -.281E-03   -.385E-03
   10    4   -.724E-06   -.108E-05
   10    5   -.181E-03   -.245E-03
   10    6   -.282E+00   -.318E+00
   10    7   -.781E-03   -.829E-03
   10    8   -.231E-03   -.238E-03
   11    1    .530E-04    .214E-04
   11    2    .533E-02    .461E-02
   11    3   -.676E-02    .000E+00
   11    4   -.278E+00   -.266E+00
   11    5   -.711E-01   -.665E-01
   11    6   -.301E-01   -.278E-01
   11    7   -.350E-01   -.443E-01
   11    8   -.117E-01   -.110E-01
   12    1    .211E-03    .221E-03
   12    2    .272E-02    .226E-02
   12    3    .242E-02    .000E+00
   12    4   -.157E+00   -.152E+00
   12    5   -.428E-01   -.408E-01
   12    6   -.229E-01   -.221E-01
   12    7   -.278E+00   -.302E+00
   12    8   -.235E-02   -.201E-02
   13    1    .118E+00    .113E+00
   13    2    .412E+00    .400E+00
   13    3    .172E+00    .000E+00
   13    4   -.950E-01   -.851E-01
   13    5   -.179E-01   -.148E-01
   13    6   -.679E-02   -.545E-02
   13    7   -.352E-02   -.283E-02
   13    8   -.185E-02   -.147E-02
   14    1    .634E-04    .896E-04
   14    2    .144E-04    .953E-05
   14    3    .157E-03    .221E-03
   14    4   -.464E-03   -.502E-03
   14    5   -.171E-03   -.191E-03
   14    6   -.199E-03   -.224E-03
   14    7   -.551E-03   -.622E-03
   14    8   -.290E+00   -.326E+00
  1  2  0    1  3  1       154
    1    1   -.415E+01   -.413E+01
    1    2   -.698E-01   -.688E-01
    1    3   -.120E-01   -.120E-01
    1    4   -.967E+00   -.955E+00
    1    5   -.250E-01   -.245E-01
    1    6   -.109E-02   -.106E-02
    1    7   -.326E-03   -.330E-03
    1    8   -.180E-01   -.178E-01
    1    9   -.905E-03   -.886E-03
    1   10   -.366E+00   -.361E+00
    1   11   -.179E-01   -.176E-01
    2    1   -.220E-01   -.341E-01
    2    2   -.521E+01   -.520E+01
    2    3   -.782E+00   -.775E+00
    2    4   -.267E-01   -.262E-01
    2    5   -.299E+00   -.295E+00
    2    6   -.137E+00   -.135E+00
    2    7   -.735E-01   -.725E-01
    2    8   -.361E-01   -.357E-01
    2    9   -.568E-04   -.670E-04
    2   10   -.118E-01   -.115E-01
    2   11   -.381E-01   -.375E-01
    3    1   -.534E+00   -.564E+00
    3    2   -.142E+00   -.141E+00
    3    3   -.137E+00   -.136E+00
    3    4   -.172E+01   -.171E+01
    3    5   -.906E-02   -.925E-02
    3    6   -.773E-03   -.708E-03
    3    7   -.456E-02   -.440E-02
    3    8   -.328E-01   -.322E-01
    3    9   -.277E-02   -.274E-02
    3   10   -.418E+00   -.413E+00
    3   11   -.129E-01   -.129E-01
    4    1    .416E-01    .410E-01
    4    2   -.180E+00    .000E+00
    4    3   -.390E+01   -.388E+01
    4    4   -.411E+00   -.457E+00
    4    5   -.109E+01   -.113E+01
    4    6   -.406E+00   -.416E+00
    4    7   -.200E+00   -.204E+00
    4    8   -.104E+00   -.105E+00
    4    9   -.548E-04   -.514E-04
    4   10   -.594E-02   -.639E-02
    4   11   -.798E-01   -.811E-01
    5    1    .316E-02    .317E-02
    5    2    .832E-01    .778E-01
    5    3   -.557E-01    .000E+00
    5    4   -.553E+00   -.542E+00
    5    5   -.361E+01   -.344E+01
    5    6   -.903E+00   -.850E+00
    5    7   -.340E+00   -.319E+00
    5    8   -.864E-01   -.770E-01
    5    9   -.280E-05   -.691E-05
    5   10   -.422E+00   -.462E+00
    5   11   -.229E+00   -.230E+00
    6    1    .176E+00    .176E+00
    6    2    .375E-01    .377E-01
    6    3    .575E-01    .535E-01
    6    4   -.928E+00    .000E+00
    6    5   -.138E+00   -.137E+00
    6    6   -.462E-01   -.456E-01
    6    7   -.442E-01   -.438E-01
    6    8   -.152E+00   -.152E+00
    6    9   -.101E+00   -.101E+00
    6   10   -.142E+01   -.142E+01
    6   11   -.314E-01   -.314E-01
    7    1    .783E-06    .172E-03
    7    2    .267E+00    .298E+00
    7    3    .231E-02    .242E-02
    7    4   -.101E-03    .000E+00
    7    5   -.522E-02   -.548E-02
    7    6   -.334E-03   -.353E-03
    7    7   -.207E-03   -.214E-03
    7    8   -.570E-03   -.562E-03
    7    9   -.672E+01   -.669E+01
    7   10   -.695E-01   -.683E-01
    7   11   -.531E-03   -.499E-03
    8    1    .542E-03    .536E-03
    8    2    .161E-01    .157E-01
    8    3    .164E+00    .169E+00
    8    4    .197E+00    .195E+00
    8    5   -.563E+00    .000E+00
    8    6   -.382E+01   -.376E+01
    8    7   -.985E+00   -.969E+00
    8    8   -.415E+00   -.410E+00
    8    9   -.589E-03   -.557E-03
    8   10   -.689E-03   -.895E-03
    8   11   -.200E+00   -.196E+00
    9    1    .306E-03    .305E-03
    9    2    .561E-02    .571E-02
    9    3    .316E-01    .319E-01
    9    4    .157E-01    .157E-01
    9    5    .390E+00    .391E+00
    9    6   -.457E+00    .000E+00
    9    7   -.394E+01   -.393E+01
    9    8   -.102E+01   -.102E+01
    9    9   -.210E-04   -.169E-04
    9   10   -.279E-02   -.291E-02
    9   11   -.391E+00   -.390E+00
   10    1    .244E-03    .243E-03
   10    2    .276E-02    .290E-02
   10    3    .118E-01    .117E-01
   10    4    .623E-02    .631E-02
   10    5    .765E-01    .741E-01
   10    6    .527E+00    .519E+00
   10    7   -.368E+00    .000E+00
   10    8   -.424E+01   -.425E+01
   10    9   -.238E-04   -.279E-04
   10   10   -.315E-01   -.313E-01
   10   11   -.892E+00   -.894E+00
   11    1    .237E-01    .239E-01
   11    2    .368E-02    .361E-02
   11    3    .454E-02    .502E-02
   11    4    .296E+00    .284E+00
   11    5    .633E-01    .595E-01
   11    6    .101E+00    .966E-01
   11    7    .435E+00    .425E+00
   11    8   -.187E+00    .000E+00
   11    9   -.281E-01    .000E+00
   11   10   -.272E+01    .000E+00
   11   11   -.508E+00   -.518E+00
   12    1    .102E-01    .103E-01
   12    2    .142E-04    .361E-04
   12    3    .186E-02    .155E-02
   12    4    .118E+00    .111E+00
   12    5    .492E-03    .435E-03
   12    6    .278E-01    .272E-01
   12    7    .276E+00    .275E+00
   12    8    .557E+00    .000E+00
   12    9   -.601E-03    .000E+00
   12   10   -.151E+00    .000E+00
   12   11   -.301E+01   -.300E+01
   13    1    .612E-05    .855E-04
   13    2    .629E-05    .126E-04
   13    3    .249E+00    .282E+00
   13    4    .174E-01    .179E-01
   13    5    .102E-03    .116E-03
   13    6    .242E-03    .259E-03
   13    7    .309E-03    .327E-03
   13    8    .966E-03    .000E+00
   13    9    .784E-01    .000E+00
   13   10   -.535E-04    .000E+00
   13   11   -.109E-02    .000E+00
   14    1    .178E-04    .173E-04
   14    2    .899E-03    .988E-03
   14    3    .340E-02    .329E-02
   14    4    .459E-03    .511E-03
   14    5    .129E-01    .117E-01
   14    6    .383E-01    .362E-01
   14    7    .133E+00    .129E+00
   14    8    .635E+00    .629E+00
   14    9    .338E-02    .000E+00
   14   10    .944E+00    .000E+00
   14   11   -.162E+01    .000E+00
  1  2  1    1  3  0        56
    1    1   -.425E+01   -.421E+01
    1    2   -.737E+00   -.728E+00
    1    3   -.265E+00   -.261E+00
    1    4   -.129E+00   -.127E+00
    1    5   -.736E-01   -.725E-01
    1    6   -.466E-01   -.459E-01
    1    7   -.316E-01   -.311E-01
    2    1   -.295E+00    .000E+00
    2    2   -.351E+01   -.352E+01
    2    3   -.812E+00   -.826E+00
    2    4   -.328E+00   -.334E+00
    2    5   -.170E+00   -.172E+00
    2    6   -.101E+00   -.102E+00
    2    7   -.658E-01   -.662E-01
    3    1    .883E-01    .822E-01
    3    2   -.502E+00    .000E+00
    3    3   -.322E+01   -.307E+01
    3    4   -.827E+00   -.783E+00
    3    5   -.353E+00   -.337E+00
    3    6   -.189E+00   -.183E+00
    3    7   -.115E+00   -.113E+00
    4    1    .151E-01    .144E-01
    4    2    .220E+00    .222E+00
    4    3   -.686E+00    .000E+00
    4    4   -.311E+01   -.307E+01
    4    5   -.834E+00   -.824E+00
    4    6   -.366E+00   -.363E+00
    4    7   -.200E+00   -.199E+00
    5    1    .533E-02    .532E-02
    5    2    .401E-01    .398E-01
    5    3    .379E+00    .376E+00
    5    4   -.852E+00    .000E+00
    5    5   -.309E+01   -.309E+01
    5    6   -.845E+00   -.846E+00
    5    7   -.377E+00   -.377E+00
    6    1    .256E-02    .263E-02
    6    2    .146E-01    .143E-01
    6    3    .718E-01    .684E-01
    6    4    .556E+00    .545E+00
    6    5   -.101E+01    .000E+00
    6    6   -.311E+01   -.312E+01
    6    7   -.861E+00   -.863E+00
    7    1    .145E-02    .152E-02
    7    2    .716E-02    .690E-02
    7    3    .267E-01    .245E-01
    7    4    .108E+00    .104E+00
    7    5    .746E+00    .735E+00
    7    6   -.116E+01    .000E+00
    7    7   -.317E+01   -.318E+01
    8    1    .916E-03    .974E-03
    8    2    .412E-02    .393E-02
    8    3    .132E-01    .118E-01
    8    4    .408E-01    .384E-01
    8    5    .148E+00    .144E+00
    8    6    .945E+00    .937E+00
    8    7   -.131E+01    .000E+00
  1  3  0    1  3  1        77
    1    1    .808E+00    .803E+00
    1    2    .228E+00    .267E+00
    1    3    .502E-02    .465E-02
    1    4   -.307E-01    .000E+00
    1    5   -.364E-02   -.348E-02
    1    6   -.854E-03   -.824E-03
    1    7   -.457E-03   -.449E-03
    1    8   -.514E-03   -.525E-03
    1    9   -.589E+00   -.576E+00
    1   10   -.873E-02   -.898E-02
    1   11   -.779E-06   -.197E-05
    2    1    .107E+00    .105E+00
    2    2    .404E-02    .406E-02
    2    3    .515E+00    .568E+00
    2    4    .406E+00    .383E+00
    2    5    .152E-01    .142E-01
    2    6    .406E-02    .378E-02
    2    7    .314E-02    .293E-02
    2    8    .361E-02    .000E+00
    2    9   -.153E-01    .000E+00
    2   10   -.520E-01    .000E+00
    2   11   -.596E-02    .000E+00
    3    1    .351E-01    .342E-01
    3    2    .106E-02    .105E-02
    3    3    .149E-02    .143E-02
    3    4    .181E+00    .182E+00
    3    5    .336E+00    .382E+00
    3    6    .133E-03    .166E-03
    3    7    .120E-02    .124E-02
    3    8    .226E-01    .225E-01
    3    9    .204E-02    .203E-02
    3   10    .464E+00    .459E+00
    3   11    .248E-01    .243E-01
    4    1    .163E-01    .159E-01
    4    2    .446E-03    .440E-03
    4    3    .668E-03    .651E-03
    4    4    .541E-01    .539E-01
    4    5    .248E-02    .256E-02
    4    6    .404E+00    .453E+00
    4    7    .844E-03    .885E-03
    4    8    .572E-02    .566E-02
    4    9    .265E-03    .225E-03
    4   10    .890E-01    .869E-01
    4   11    .355E-02    .343E-02
    5    1    .911E-02    .883E-02
    5    2    .236E-03    .231E-03
    5    3    .355E-03    .348E-03
    5    4    .257E-01    .256E-01
    5    5    .873E-03    .891E-03
    5    6    .207E-03    .230E-03
    5    7    .419E+00    .470E+00
    5    8    .232E-02    .228E-02
    5    9    .104E-03    .810E-04
    5   10    .255E-01    .241E-01
    5   11    .788E-03    .723E-03
    6    1    .567E-02    .549E-02
    6    2    .142E-03    .139E-03
    6    3    .214E-03    .210E-03
    6    4    .147E-01    .146E-01
    6    5    .444E-03    .451E-03
    6    6    .429E-04    .477E-04
    6    7    .205E-05    .445E-05
    6    8    .430E+00    .479E+00
    6    9    .218E-03    .202E-03
    6   10    .624E-05    .560E-04
    6   11    .483E-05    .818E-07
    7    1    .380E-02    .367E-02
    7    2    .928E-04    .905E-04
    7    3    .140E-03    .137E-03
    7    4    .932E-02    .926E-02
    7    5    .265E-03    .268E-03
    7    6    .164E-04    .183E-04
    7    7    .515E-05    .369E-05
    7    8    .926E-03    .919E-03
    7    9    .174E-04    .308E-04
    7   10    .605E-01    .638E-01
    7   11    .361E+00    .406E+00
  1  3  1    1  4  0        88
    1    1   -.790E+00   -.788E+00
    1    2   -.508E+01   -.502E+01
    1    3   -.163E-02   -.146E-02
    1    4   -.124E-01   -.126E-01
    1    5   -.221E-01   -.221E-01
    1    6   -.104E+00   -.103E+00
    1    7   -.626E+00   -.616E+00
    1    8   -.547E-02   -.526E-02
    2    1   -.780E+01   -.778E+01
    2    2   -.224E+01   -.236E+01
    2    3   -.159E+01   -.161E+01
    2    4   -.441E+00   -.445E+00
    2    5   -.183E+00   -.184E+00
    2    6   -.669E-01   -.666E-01
    2    7   -.462E-01   -.458E-01
    2    8   -.759E-01   -.751E-01
    3    1    .109E+00    .000E+00
    3    2   -.221E+00   -.221E+00
    3    3   -.782E+01   -.763E+01
    3    4   -.158E+01   -.156E+01
    3    5   -.553E+00   -.554E+00
    3    6   -.149E+00   -.146E+00
    3    7   -.293E+00   -.331E+00
    3    8   -.240E+00   -.255E+00
    4    1    .429E-02    .392E-02
    4    2    .196E+00    .000E+00
    4    3   -.372E+00   -.352E+00
    4    4   -.457E-01   -.477E-01
    4    5   -.112E+00   -.113E+00
    4    6   -.731E+00   -.735E+00
    4    7   -.540E+01   -.544E+01
    4    8   -.888E-01   -.903E-01
    5    1    .530E-01    .534E-01
    5    2    .237E-01    .258E-01
    5    3    .129E+00    .000E+00
    5    4   -.776E+01   -.775E+01
    5    5   -.155E+01   -.154E+01
    5    6   -.369E+00   -.368E+00
    5    7   -.390E+00   -.390E+00
    5    8   -.406E+00   -.406E+00
    6    1    .102E-01    .934E-02
    6    2    .527E-04    .864E-04
    6    3    .171E+00    .162E+00
    6    4    .148E+00    .000E+00
    6    5   -.765E+01   -.764E+01
    6    6   -.150E+01   -.148E+01
    6    7   -.176E+00   -.178E+00
    6    8   -.769E+00   -.762E+00
    7    1    .386E-02    .327E-02
    7    2    .304E-03    .259E-03
    7    3    .284E-01    .249E-01
    7    4    .310E+00    .306E+00
    7    5    .179E+00    .000E+00
    7    6   -.738E+01   -.733E+01
    7    7   -.130E+00   -.133E+00
    7    8   -.179E+01   -.177E+01
    8    1    .229E-02    .184E-02
    8    2    .367E-02    .345E-02
    8    3    .779E-02    .627E-02
    8    4    .556E-01    .542E-01
    8    5    .496E+00    .502E+00
    8    6    .425E+00    .000E+00
    8    7   -.144E+01    .000E+00
    8    8   -.591E+01   -.587E+01
    9    1    .347E+00    .392E+00
    9    2    .490E-01    .510E-01
    9    3    .173E-03    .162E-03
    9    4    .172E-04    .126E-04
    9    5    .746E-06    .408E-08
    9    6    .154E-02    .000E+00
    9    7    .893E-03    .000E+00
    9    8   -.644E-02    .000E+00
   10    1    .501E-02    .499E-02
   10    2    .463E-01    .441E-01
   10    3    .177E-02    .176E-02
   10    4    .522E-04    .415E-04
   10    5    .398E-02    .434E-02
   10    6    .388E+00    .000E+00
   10    7    .541E+00    .000E+00
   10    8   -.173E+01    .000E+00
   11    1    .468E-03    .343E-03
   11    2    .180E-02    .176E-02
   11    3    .544E-02    .439E-02
   11    4    .190E-01    .183E-01
   11    5    .752E-01    .762E-01
   11    6    .356E+00    .363E+00
   11    7    .405E+00    .000E+00
   11    8    .411E+00    .000E+00
  3  0  0    3  1  1       165
    1    1    .354E+00    .363E+00
    1    2   -.126E+01   -.129E+01
    1    3   -.508E+00   -.572E+00
    1    4   -.262E-01   -.271E-01
    1    5   -.609E+00   -.606E+00
    1    6   -.207E+00   -.205E+00
    1    7   -.731E-02   -.706E-02
    1    8   -.103E-01   -.978E-02
    1    9   -.901E-01   -.891E-01
    1   10   -.541E-01   -.534E-01
    1   11   -.352E-01   -.347E-01
    1   12   -.734E-06   -.200E-05
    1   13   -.262E-01   -.258E-01
    1   14   -.213E-02   -.202E-02
    1   15   -.131E-01   -.130E-01
    2    1    .209E+00    .207E+00
    2    2    .306E+00    .338E+00
    2    3    .397E+00    .409E+00
    2    4   -.666E+00   -.650E+00
    2    5   -.323E-01   -.351E-01
    2    6   -.339E-01   -.339E-01
    2    7   -.122E+00   -.128E+00
    2    8   -.127E+01   -.130E+01
    2    9   -.111E-01   -.117E-01
    2   10   -.542E-04   -.731E-04
    2   11   -.206E-02   -.203E-02
    2   12   -.309E-01   -.322E-01
    2   13   -.191E-01   -.192E-01
    2   14   -.330E+00   -.336E+00
    2   15   -.794E-02   -.818E-02
    3    1    .444E-01    .482E-01
    3    2    .593E+00    .612E+00
    3    3    .970E-02    .109E-01
    3    4    .120E-01    .116E-01
    3    5   -.183E+01   -.196E+01
    3    6   -.895E+00   -.891E+00
    3    7   -.222E+00   -.259E+00
    3    8   -.582E-02   -.561E-02
    3    9   -.216E+00   -.216E+00
    3   10   -.103E+00   -.104E+00
    3   11   -.570E-01   -.577E-01
    3   12   -.495E-03   -.601E-03
    3   13   -.325E-01   -.328E-01
    3   14   -.250E-02   -.274E-02
    3   15   -.257E-01   -.261E-01
    4    1    .343E-01    .363E-01
    4    2    .125E+00    .131E+00
    4    3    .121E-01    .129E-01
    4    4    .121E-01    .126E-01
    4    5    .123E+01    .122E+01
    4    6   -.234E+01    .000E+00
    4    7   -.117E+00   -.103E+00
    4    8   -.105E-01   -.778E-02
    4    9   -.660E+00   -.597E+00
    4   10   -.248E+00   -.216E+00
    4   11   -.177E+00   -.159E+00
    4   12   -.520E+00   -.579E+00
    4   13   -.665E-01   -.564E-01
    4   14   -.218E-01   -.236E-01
    4   15   -.256E-01   -.204E-01
    5    1    .536E-01    .526E-01
    5    2    .935E-03    .778E-03
    5    3    .177E+00    .180E+00
    5    4    .239E+00    .253E+00
    5    5    .940E-01    .111E+00
    5    6    .320E-01    .366E-01
    5    7    .562E+00    .499E+00
    5    8   -.938E+00    .000E+00
    5    9   -.121E+00   -.117E+00
    5   10   -.288E-02   -.246E-02
    5   11   -.387E-02   -.407E-02
    5   12   -.100E+00   -.909E-01
    5   13   -.561E-01   -.571E-01
    5   14   -.108E+01   -.107E+01
    5   15   -.289E-01   -.280E-01
    6    1    .681E-02    .754E-02
    6    2    .446E-01    .471E-01
    6    3    .269E-03    .216E-03
    6    4    .859E-03    .942E-03
    6    5    .173E+00    .172E+00
    6    6    .144E+01    .146E+01
    6    7    .343E-01    .342E-01
    6    8    .540E-01    .510E-01
    6    9   -.283E+01    .000E+00
    6   10   -.776E+00   -.738E+00
    6   11   -.237E+00   -.223E+00
    6   12   -.122E-01   -.125E-01
    6   13   -.913E-01   -.851E-01
    6   14   -.467E-01   -.466E-01
    6   15   -.858E-01   -.813E-01
    7    1    .681E-02    .735E-02
    7    2    .240E-01    .254E-01
    7    3    .304E-03    .362E-03
    7    4    .997E-04    .103E-03
    7    5    .743E-01    .762E-01
    7    6    .327E+00    .335E+00
    7    7    .316E-02    .309E-02
    7    8    .257E-02    .265E-02
    7    9    .196E+01    .198E+01
    7   10   -.345E+01    .000E+00
    7   11   -.802E+00   -.790E+00
    7   12   -.247E-02   -.287E-02
    7   13   -.242E+00   -.238E+00
    7   14   -.128E-01   -.130E-01
    7   15   -.132E+00   -.130E+00
    8    1    .665E-02    .705E-02
    8    2    .147E-01    .155E-01
    8    3    .140E-02    .151E-02
    8    4    .861E-03    .923E-03
    8    5    .384E-01    .401E-01
    8    6    .166E+00    .172E+00
    8    7    .167E-08    .431E-07
    8    8    .981E-02    .953E-02
    8    9    .369E+00    .370E+00
    8   10    .244E+01    .244E+01
    8   11   -.400E+01    .000E+00
    8   12   -.943E-01    .000E+00
    8   13   -.787E+00   -.788E+00
    8   14   -.253E-02   -.275E-02
    8   15   -.256E+00   -.256E+00
    9    1    .223E-01    .225E-01
    9    2    .702E-02    .712E-02
    9    3    .312E-01    .319E-01
    9    4    .227E-01    .246E-01
    9    5    .103E-01    .109E-01
    9    6    .293E+00    .315E+00
    9    7    .458E-01    .439E-01
    9    8    .190E+00    .181E+00
    9    9    .387E-01    .383E-01
    9   10    .222E+00    .219E+00
    9   11    .201E+01    .200E+01
    9   12    .566E+00    .000E+00
    9   13   -.424E+01    .000E+00
    9   14   -.390E-02    .000E+00
    9   15   -.111E+00   -.112E+00
   10    1    .553E-02    .516E-02
   10    2    .202E-02    .230E-02
   10    3    .252E-01    .254E-01
   10    4    .190E-01    .207E-01
   10    5    .107E-01    .111E-01
   10    6    .380E-01    .436E-01
   10    7    .572E-01    .548E-01
   10    8    .150E+00    .141E+00
   10    9    .108E+00    .107E+00
   10   10    .207E+00    .207E+00
   10   11    .842E+00    .840E+00
   10   12    .120E+00    .000E+00
   10   13    .522E+00    .000E+00
   10   14   -.187E+01    .000E+00
   10   15   -.988E+00   -.991E+00
   11    1    .637E-03    .740E-03
   11    2    .561E-02    .598E-02
   11    3    .447E-03    .423E-03
   11    4    .398E-03    .434E-03
   11    5    .149E-01    .158E-01
   11    6    .155E-01    .155E-01
   11    7    .324E-02    .310E-02
   11    8    .254E-02    .235E-02
   11    9    .863E-01    .854E-01
   11   10    .184E+00    .182E+00
   11   11    .526E+00    .521E+00
   11   12    .180E-02    .195E-02
   11   13    .247E+01    .000E+00
   11   14    .746E+00    .000E+00
   11   15   -.473E+01    .000E+00
  3  1  0    3  1  1       135
    1    1    .152E+01    .172E+01
    1    2   -.776E-02   -.623E-02
    1    3   -.879E+00   -.911E+00
    1    4   -.242E+01   -.245E+01
    1    5   -.140E-01   -.134E-01
    1    6   -.182E-02   -.187E-02
    1    7   -.144E+00   -.150E+00
    1    8   -.537E+00   -.518E+00
    1    9   -.588E-02   -.543E-02
    1   10   -.320E-03   -.273E-03
    1   11   -.697E-04   -.673E-04
    1   12   -.497E-01   -.517E-01
    1   13   -.138E-01   -.135E-01
    1   14   -.197E+00   -.188E+00
    1   15   -.461E-02   -.430E-02
    2    1    .558E+00    .540E+00
    2    2    .597E+00    .675E+00
    2    3    .163E+01    .170E+01
    2    4   -.204E+00   -.186E+00
    2    5   -.567E-02   -.854E-02
    2    6   -.123E-01   -.112E-01
    2    7   -.103E+01   -.105E+01
    2    8   -.951E+00   -.919E+00
    2    9   -.392E-02   -.304E-02
    2   10   -.135E-04   -.565E-06
    2   11   -.171E-03   -.112E-03
    2   12   -.181E+00   -.185E+00
    2   13   -.220E-01   -.221E-01
    2   14   -.235E+00   -.224E+00
    2   15   -.384E-02   -.336E-02
    3    1    .180E+00    .172E+00
    3    2    .173E-03    .546E-03
    3    3    .582E+00    .573E+00
    3    4    .453E-01    .424E-01
    3    5    .530E+00    .583E+00
    3    6    .854E-01    .734E-01
    3    7    .214E+01    .210E+01
    3    8   -.345E+00    .000E+00
    3    9   -.746E-02   -.871E-02
    3   10   -.151E-02   -.188E-02
    3   11   -.165E-02   -.140E-02
    3   12   -.145E+01   -.146E+01
    3   13   -.949E-01   -.968E-01
    3   14   -.780E+00   -.784E+00
    3   15   -.883E-02   -.852E-02
    4    1    .812E-01    .771E-01
    4    2    .734E-04    .228E-03
    4    3    .194E+00    .191E+00
    4    4    .680E-02    .604E-02
    4    5    .125E-03    .797E-04
    4    6    .297E+00    .342E+00
    4    7    .906E+00    .891E+00
    4    8    .480E-01    .390E-01
    4    9    .867E-03    .108E-02
    4   10    .107E-04    .217E-05
    4   11    .188E-01    .170E-01
    4   12    .276E+01    .000E+00
    4   13   -.633E-02    .000E+00
    4   14   -.446E+00    .000E+00
    4   15   -.138E-01   -.143E-01
    5    1    .437E-01    .412E-01
    5    2    .572E-04    .152E-03
    5    3    .912E-01    .894E-01
    5    4    .252E-02    .220E-02
    5    5    .113E-04    .330E-05
    5    6    .505E-02    .503E-02
    5    7    .200E+00    .193E+00
    5    8    .384E-01    .372E-01
    5    9    .506E+00    .566E+00
    5   10    .597E-03    .757E-03
    5   11    .498E-02    .536E-02
    5   12    .700E+00    .697E+00
    5   13    .183E-01    .173E-01
    5   14    .153E+00    .147E+00
    5   15    .224E-02    .231E-02
    6    1    .263E-01    .248E-01
    6    2    .461E-04    .109E-03
    6    3    .510E-01    .499E-01
    6    4    .128E-02    .110E-02
    6    5    .277E-05    .257E-06
    6    6    .301E-02    .307E-02
    6    7    .957E-01    .935E-01
    6    8    .101E-01    .969E-02
    6    9    .931E-04    .861E-04
    6   10    .513E+00    .574E+00
    6   11    .374E-02    .408E-02
    6   12    .244E+00    .243E+00
    6   13    .280E-02    .249E-02
    6   14    .230E-01    .215E-01
    6   15    .407E-03    .429E-03
    7    1    .171E-01    .161E-01
    7    2    .368E-04    .808E-04
    7    3    .318E-01    .310E-01
    7    4    .756E-03    .647E-03
    7    5    .114E-05    .219E-07
    7    6    .185E-02    .191E-02
    7    7    .545E-01    .537E-01
    7    8    .466E-02    .451E-02
    7    9    .133E-04    .958E-05
    7   10    .195E-03    .196E-03
    7   11    .474E+00    .533E+00
    7   12    .167E+00    .170E+00
    7   13    .117E-03    .537E-04
    7   14    .392E-02    .327E-02
    7   15    .191E-03    .205E-03
    8    1    .118E-01    .111E-01
    8    2    .293E-04    .612E-04
    8    3    .212E-01    .208E-01
    8    4    .492E-03    .419E-03
    8    5    .615E-06    .869E-09
    8    6    .122E-02    .127E-02
    8    7    .344E-01    .342E-01
    8    8    .263E-02    .257E-02
    8    9    .382E-05    .201E-05
    8   10    .332E-04    .299E-04
    8   11    .659E-06    .180E-05
    8   12    .491E-01    .480E-01
    8   13    .530E+00    .590E+00
    8   14    .126E-01    .158E-01
    8   15    .185E-03    .203E-03
    9    1    .849E-02    .798E-02
    9    2    .234E-04    .472E-04
    9    3    .150E-01    .146E-01
    9    4    .341E-03    .290E-03
    9    5    .389E-06    .164E-09
    9    6    .848E-03    .886E-03
    9    7    .233E-01    .233E-01
    9    8    .166E-02    .163E-02
    9    9    .151E-05    .550E-06
    9   10    .105E-04    .849E-05
    9   11    .365E-04    .363E-04
    9   12    .353E-01    .349E-01
    9   13    .301E-02    .310E-02
    9   14    .234E-01    .246E-01
    9   15    .504E+00    .566E+00
  3  1  0    3  2  1        72
    1    1   -.780E+01   -.780E+01
    1    2   -.170E+01   -.168E+01
    1    3   -.669E+00   -.656E+00
    1    4   -.337E+00   -.330E+00
    1    5   -.196E+00   -.191E+00
    1    6   -.124E+00   -.122E+00
    1    7   -.845E-01   -.825E-01
    1    8   -.601E-01   -.587E-01
    2    1   -.656E+00   -.663E+00
    2    2   -.332E+01   -.328E+01
    2    3   -.839E+00   -.824E+00
    2    4   -.349E+00   -.342E+00
    2    5   -.183E+00   -.179E+00
    2    6   -.109E+00   -.107E+00
    2    7   -.710E-01   -.695E-01
    2    8   -.491E-01   -.480E-01
    3    1    .243E+00    .238E+00
    3    2   -.120E+01    .000E+00
    3    3   -.308E+01   -.309E+01
    3    4   -.856E+00   -.882E+00
    3    5   -.378E+00   -.393E+00
    3    6   -.206E+00   -.215E+00
    3    7   -.127E+00   -.132E+00
    3    8   -.846E-01   -.879E-01
    4    1    .478E-01    .468E-01
    4    2    .562E+00    .528E+00
    4    3   -.168E+01    .000E+00
    4    4   -.303E+01   -.289E+01
    4    5   -.871E+00   -.807E+00
    4    6   -.394E+00   -.363E+00
    4    7   -.219E+00   -.202E+00
    4    8   -.137E+00   -.127E+00
    5    1    .185E-01    .180E-01
    5    2    .110E+00    .105E+00
    5    3    .932E+00    .925E+00
    5    4   -.212E+01    .000E+00
    5    5   -.307E+01   -.299E+01
    5    6   -.894E+00   -.866E+00
    5    7   -.409E+00   -.396E+00
    5    8   -.230E+00   -.223E+00
    6    1    .938E-02    .913E-02
    6    2    .423E-01    .411E-01
    6    3    .186E+00    .184E+00
    6    4    .133E+01    .134E+01
    6    5   -.255E+01    .000E+00
    6    6   -.316E+01   -.315E+01
    6    7   -.923E+00   -.917E+00
    6    8   -.425E+00   -.422E+00
    7    1    .553E-02    .537E-02
    7    2    .214E-01    .212E-01
    7    3    .721E-01    .715E-01
    7    4    .269E+00    .266E+00
    7    5    .175E+01    .174E+01
    7    6   -.297E+01    .000E+00
    7    7   -.328E+01   -.329E+01
    7    8   -.957E+00   -.960E+00
    8    1    .357E-02    .346E-02
    8    2    .126E-01    .126E-01
    8    3    .368E-01    .365E-01
    8    4    .105E+00    .102E+00
    8    5    .357E+00    .350E+00
    8    6    .218E+01    .216E+01
    8    7   -.338E+01    .000E+00
    8    8   -.342E+01   -.344E+01
    9    1    .246E-02    .238E-02
    9    2    .813E-02    .824E-02
    9    3    .218E-01    .216E-01
    9    4    .538E-01    .516E-01
    9    5    .140E+00    .136E+00
    9    6    .447E+00    .438E+00
    9    7    .263E+01    .260E+01
    9    8   -.378E+01    .000E+00
  3  1  1    3  2  0       195
    1    1   -.599E+01   -.598E+01
    1    2   -.559E+00   -.541E+00
    1    3   -.118E+01   -.117E+01
    1    4   -.515E+00   -.509E+00
    1    5   -.168E+00   -.164E+00
    1    6   -.372E-03   -.332E-03
    1    7   -.227E+00   -.224E+00
    1    8   -.137E+00   -.135E+00
    1    9   -.932E-01   -.921E-01
    1   10   -.105E+00   -.103E+00
    1   11   -.438E-01   -.433E-01
    1   12   -.451E-04   -.348E-04
    1   13   -.381E-01   -.376E-01
    2    1   -.861E+00   -.854E+00
    2    2   -.101E+01   -.111E+01
    2    3   -.419E+01   -.418E+01
    2    4   -.110E+01   -.110E+01
    2    5   -.775E-02   -.770E-02
    2    6   -.371E-01   -.380E-01
    2    7   -.466E+00   -.463E+00
    2    8   -.250E+00   -.248E+00
    2    9   -.152E+00   -.151E+00
    2   10   -.291E-03   -.298E-03
    2   11   -.102E+00   -.101E+00
    2   12   -.102E-01   -.106E-01
    2   13   -.654E-01   -.649E-01
    3    1    .336E-01    .331E-01
    3    2   -.160E+01   -.165E+01
    3    3   -.678E-03   -.867E-03
    3    4   -.531E-02   -.508E-02
    3    5   -.128E+01   -.128E+01
    3    6   -.107E+00   -.109E+00
    3    7   -.506E-03   -.532E-03
    3    8   -.571E-04   -.626E-04
    3    9   -.159E-03   -.151E-03
    3   10   -.373E+00   -.372E+00
    3   11   -.645E-02   -.650E-02
    3   12   -.302E-01   -.310E-01
    3   13   -.142E-03   -.143E-03
    4    1    .761E+00    .830E+00
    4    2    .200E+00    .197E+00
    4    3   -.177E+00   -.169E+00
    4    4   -.482E-02   -.556E-02
    4    5   -.217E+00   -.223E+00
    4    6   -.868E+01   -.851E+01
    4    7   -.418E-02   -.364E-02
    4    8   -.178E-04   -.148E-05
    4    9   -.572E-03   -.682E-03
    4   10   -.410E-01   -.419E-01
    4   11   -.306E-02   -.314E-02
    4   12   -.144E+01   -.140E+01
    4   13   -.493E-02   -.459E-02
    5    1    .246E+00    .247E+00
    5    2    .516E-03    .392E-03
    5    3   -.162E+01    .000E+00
    5    4   -.428E+01   -.430E+01
    5    5   -.502E+00   -.591E+00
    5    6   -.121E+00   -.119E+00
    5    7   -.111E+01   -.114E+01
    5    8   -.496E+00   -.511E+00
    5    9   -.270E+00   -.278E+00
    5   10   -.165E-03   -.104E-03
    5   11   -.166E+00   -.171E+00
    5   12   -.372E-02   -.355E-02
    5   13   -.115E+00   -.118E+00
    6    1    .628E-01    .628E-01
    6    2    .649E-01    .665E-01
    6    3    .825E+00    .788E+00
    6    4   -.253E+01    .000E+00
    6    5   -.282E-01   -.318E-01
    6    6   -.100E-02   -.943E-03
    6    7   -.360E+01   -.341E+01
    6    8   -.110E+01   -.102E+01
    6    9   -.563E+00   -.525E+00
    6   10   -.140E+01   -.153E+01
    6   11   -.169E+00   -.149E+00
    6   12   -.857E-02   -.869E-02
    6   13   -.145E+00   -.132E+00
    7    1    .833E-03    .395E-03
    7    2    .752E+00    .781E+00
    7    3    .103E+00    .112E+00
    7    4   -.570E-02    .000E+00
    7    5   -.228E+01   -.253E+01
    7    6   -.714E-01   -.738E-01
    7    7   -.239E+00   -.216E+00
    7    8   -.564E-01   -.489E-01
    7    9   -.164E-01   -.137E-01
    7   10   -.824E+00   -.781E+00
    7   11   -.514E-01   -.463E-01
    7   12   -.650E-01   -.642E-01
    7   13   -.103E-01   -.887E-02
    8    1    .826E-02    .820E-02
    8    2    .656E-01    .684E-01
    8    3    .568E+00    .628E+00
    8    4    .130E+00    .124E+00
    8    5    .216E+00    .193E+00
    8    6   -.363E+00    .000E+00
    8    7   -.362E+00   -.347E+00
    8    8   -.739E-02   -.629E-02
    8    9   -.291E-03   -.451E-03
    8   10   -.136E+00   -.130E+00
    8   11   -.124E-01   -.133E-01
    8   12   -.713E+01   -.712E+01
    8   13   -.284E-01   -.274E-01
    9    1    .173E-01    .177E-01
    9    2    .183E-03    .216E-03
    9    3    .972E-01    .916E-01
    9    4    .126E+01    .127E+01
    9    5    .288E-02    .364E-02
    9    6    .157E-02    .142E-02
    9    7   -.279E+01    .000E+00
    9    8   -.405E+01   -.394E+01
    9    9   -.116E+01   -.113E+01
    9   10   -.285E-02   -.247E-02
    9   11   -.521E+00   -.503E+00
    9   12   -.124E+00   -.122E+00
    9   13   -.331E+00   -.321E+00
   10    1    .998E-02    .102E-01
   10    2    .255E-03    .249E-03
   10    3    .477E-01    .470E-01
   10    4    .285E+00    .287E+00
   10    5    .562E-03    .400E-03
   10    6    .268E-02    .253E-02
   10    7    .184E+01    .185E+01
   10    8   -.366E+01    .000E+00
   10    9   -.405E+01   -.402E+01
   10   10   -.103E-02   -.122E-02
   10   11   -.118E+01   -.117E+01
   10   12   -.270E-01   -.268E-01
   10   13   -.569E+00   -.565E+00
   11    1    .695E-02    .697E-02
   11    2    .337E-02    .349E-02
   11    3    .262E-01    .262E-01
   11    4    .136E+00    .138E+00
   11    5    .192E-01    .182E-01
   11    6    .184E-02    .169E-02
   11    7    .370E+00    .366E+00
   11    8    .247E+01    .245E+01
   11    9   -.457E+01    .000E+00
   11   10   -.406E-01   -.414E-01
   11   11   -.391E+01   -.393E+01
   11   12   -.728E-02   -.735E-02
   11   13   -.120E+01   -.121E+01
   12    1    .207E-02    .158E-02
   12    2    .168E+00    .177E+00
   12    3    .112E-03    .150E-04
   12    4    .348E-04    .303E-03
   12    5    .139E+01    .136E+01
   12    6    .138E-01    .139E-01
   12    7    .449E-02    .579E-02
   12    8    .280E-02    .409E-02
   12    9    .144E+00    .000E+00
   12   10   -.308E+01    .000E+00
   12   11   -.754E-01   -.684E-01
   12   12   -.116E+00   -.119E+00
   12   13   -.198E-01   -.180E-01
   13    1    .485E-02    .496E-02
   13    2    .483E-03    .484E-03
   13    3    .169E-01    .173E-01
   13    4    .169E+00    .178E+00
   13    5    .749E-06    .155E-04
   13    6    .149E-01    .138E-01
   13    7    .144E+00    .140E+00
   13    8    .497E+00    .487E+00
   13    9    .317E+01    .314E+01
   13   10    .197E+00    .000E+00
   13   11   -.613E+01    .000E+00
   13   12   -.439E-02    .000E+00
   13   13   -.346E+01   -.349E+01
   14    1    .187E-02    .185E-02
   14    2    .166E-01    .173E-01
   14    3    .126E-02    .119E-02
   14    4    .482E+00    .536E+00
   14    5    .323E-01    .300E-01
   14    6    .125E+00    .114E+00
   14    7    .189E-02    .241E-02
   14    8    .230E-03    .452E-03
   14    9    .590E-03    .316E-03
   14   10    .108E+00    .000E+00
   14   11    .155E+01    .000E+00
   14   12   -.722E+00    .000E+00
   14   13   -.188E+01    .000E+00
   15    1    .169E-02    .174E-02
   15    2    .370E-03    .394E-03
   15    3    .787E-02    .822E-02
   15    4    .434E-02    .370E-02
   15    5    .157E-02    .159E-02
   15    6    .100E-02    .895E-03
   15    7    .762E-01    .742E-01
   15    8    .181E+00    .177E+00
   15    9    .562E+00    .553E+00
   15   10    .137E-01    .129E-01
   15   11    .315E+01    .000E+00
   15   12    .493E-01    .000E+00
   15   13   -.422E+01    .000E+00
  3  2  0    3  2  1       104
    1    1   -.116E+01   -.128E+01
    1    2   -.169E-02   -.138E-02
    1    3   -.851E-03   -.713E-03
    1    4   -.413E-03   -.347E-03
    1    5   -.226E-03   -.190E-03
    1    6   -.137E-03   -.114E-03
    1    7   -.889E-04   -.742E-04
    1    8   -.610E-04   -.509E-04
    2    1   -.345E+00   -.350E+00
    2    2   -.909E+00   -.921E+00
    2    3   -.269E+00   -.273E+00
    2    4   -.120E+00   -.122E+00
    2    5   -.657E-01   -.666E-01
    2    6   -.404E-01   -.409E-01
    2    7   -.268E-01   -.271E-01
    2    8   -.188E-01   -.190E-01
    3    1    .744E-03    .324E-03
    3    2   -.996E+00   -.111E+01
    3    3   -.572E-03   -.635E-03
    3    4   -.737E-04   -.862E-04
    3    5   -.208E-04   -.254E-04
    3    6   -.865E-05   -.109E-04
    3    7   -.449E-05   -.580E-05
    3    8   -.267E-05   -.351E-05
    4    1    .213E-03    .136E-03
    4    2   -.583E-02   -.504E-02
    4    3   -.761E+00   -.859E+00
    4    4   -.291E-03   -.271E-03
    4    5   -.299E-03   -.294E-03
    4    6   -.215E-03   -.213E-03
    4    7   -.152E-03   -.151E-03
    4    8   -.110E-03   -.109E-03
    5    1    .101E+00    .108E+00
    5    2   -.625E+00   -.596E+00
    5    3   -.100E+01   -.102E+01
    5    4   -.244E+00   -.249E+00
    5    5   -.114E+00   -.118E+00
    5    6   -.641E-01   -.659E-01
    5    7   -.401E-01   -.412E-01
    5    8   -.270E-01   -.277E-01
    6    1    .173E+01    .168E+01
    6    2    .111E+00    .000E+00
    6    3   -.359E-01   -.363E-01
    6    4   -.116E-01   -.130E-01
    6    5   -.362E-02   -.421E-02
    6    6   -.173E-02   -.204E-02
    6    7   -.988E-03   -.117E-02
    6    8   -.627E-03   -.739E-03
    7    1    .848E-03    .674E-03
    7    2    .126E-04    .140E-05
    7    3   -.154E-03   -.108E-03
    7    4   -.887E+00   -.993E+00
    7    5   -.510E-03   -.555E-03
    7    6   -.133E-03   -.145E-03
    7    7   -.575E-04   -.623E-04
    7    8   -.309E-04   -.333E-04
    8    1    .923E-04    .592E-04
    8    2    .212E-05    .165E-07
    8    3   -.406E-03   -.340E-03
    8    4   -.415E-03   -.473E-03
    8    5   -.865E+00   -.971E+00
    8    6   -.266E-03   -.302E-03
    8    7   -.516E-04   -.595E-04
    8    8   -.182E-04   -.213E-04
    9    1    .138E-04    .674E-05
    9    2    .295E-05    .315E-06
    9    3   -.193E-02   -.174E-02
    9    4   -.115E-02   -.118E-02
    9    5   -.135E-02   -.142E-02
    9    6   -.846E+00   -.951E+00
    9    7   -.100E-03   -.129E-03
    9    8   -.403E-05   -.742E-05
   10    1    .162E-01    .177E-01
   10    2    .203E+00    .190E+00
   10    3   -.829E+00    .000E+00
   10    4   -.818E+00   -.779E+00
   10    5   -.268E+00   -.250E+00
   10    6   -.150E+00   -.142E+00
   10    7   -.286E-01   -.235E-01
   10    8   -.336E-01   -.302E-01
   11    1    .179E-02    .189E-02
   11    2    .140E-01    .135E-01
   11    3   -.716E-02    .000E+00
   11    4   -.129E-01   -.119E-01
   11    5   -.279E-02   -.241E-02
   11    6   -.547E-03   -.400E-03
   11    7   -.915E+00   -.102E+01
   11    8   -.161E-02   -.158E-02
   12    1    .303E+00    .291E+00
   12    2    .137E+01    .132E+01
   12    3    .191E+00    .000E+00
   12    4   -.105E+00   -.911E-01
   12    5   -.180E-01   -.135E-01
   12    6   -.488E-02   -.315E-02
   12    7   -.697E-06   -.190E-03
   12    8   -.906E-02   -.830E-02
   13    1    .990E-03    .883E-03
   13    2    .293E-02    .279E-02
   13    3    .340E-03    .000E+00
   13    4   -.679E-04   -.683E-04
   13    5   -.448E-06   -.413E-06
   13    6   -.164E-04   -.186E-04
   13    7   -.173E-03   -.195E-03
   13    8   -.872E+00   -.978E+00
  3  2  0    3  3  1       143
    1    1   -.141E+00   -.200E+00
    1    2   -.145E+02   -.144E+02
    1    3   -.250E+01   -.248E+01
    1    4   -.595E-01   -.614E-01
    1    5   -.934E+00   -.928E+00
    1    6   -.452E+00   -.448E+00
    1    7   -.255E+00   -.253E+00
    1    8   -.305E-01   -.293E-01
    1    9   -.139E+00   -.139E+00
    1   10   -.155E-03   -.189E-03
    1   11   -.113E+00   -.112E+00
    2    1   -.130E+01   -.126E+01
    2    2   -.378E+00   -.367E+00
    2    3   -.264E+00   -.260E+00
    2    4   -.583E+01   -.585E+01
    2    5   -.704E-08   -.137E-04
    2    6   -.281E-02   -.254E-02
    2    7   -.675E-02   -.644E-02
    2    8   -.100E+01   -.100E+01
    2    9   -.525E+00   -.528E+00
    2   10   -.769E-03   -.708E-03
    2   11   -.482E-03   -.539E-03
    3    1    .759E-01    .863E-01
    3    2   -.118E+01    .000E+00
    3    3   -.109E+02   -.109E+02
    3    4   -.136E+01   -.148E+01
    3    5   -.292E+01   -.298E+01
    3    6   -.117E+01   -.119E+01
    3    7   -.603E+00   -.613E+00
    3    8   -.147E+00   -.153E+00
    3    9   -.207E+00   -.207E+00
    3   10   -.107E-02   -.105E-02
    3   11   -.230E+00   -.232E+00
    4    1    .210E-01    .246E-01
    4    2    .371E+00    .355E+00
    4    3   -.169E+01    .000E+00
    4    4   -.671E+00   -.711E+00
    4    5   -.103E+02   -.980E+01
    4    6   -.266E+01   -.251E+01
    4    7   -.107E+01   -.101E+01
    4    8   -.244E+00   -.298E+00
    4    9   -.188E+01   -.193E+01
    4   10   -.390E-03   -.290E-03
    4   11   -.448E+00   -.440E+00
    5    1    .353E+00    .377E+00
    5    2    .677E-02    .905E-02
    5    3    .159E+00    .000E+00
    5    4   -.215E+01    .000E+00
    5    5   -.364E+00   -.368E+00
    5    6   -.928E-01   -.929E-01
    5    7   -.688E-01   -.687E-01
    5    8   -.352E+01   -.346E+01
    5    9   -.161E+01   -.158E+01
    5   10   -.410E-03   -.413E-03
    5   11   -.125E-03   -.175E-03
    6    1    .186E-01    .143E-01
    6    2    .883E+00    .982E+00
    6    3    .859E-02    .755E-02
    6    4    .130E-02    .000E+00
    6    5   -.307E-01   -.291E-01
    6    6   -.562E-03   -.460E-03
    6    7   -.203E-04   -.932E-05
    6    8   -.811E-02   -.752E-02
    6    9   -.131E-01   -.128E-01
    6   10   -.203E+02   -.203E+02
    6   11   -.587E-03   -.561E-03
    7    1    .173E-02    .239E-02
    7    2    .481E-01    .467E-01
    7    3    .729E+00    .741E+00
    7    4    .167E+00    .175E+00
    7    5   -.263E+01    .000E+00
    7    6   -.103E+02   -.102E+02
    7    7   -.281E+01   -.277E+01
    7    8   -.612E+00   -.614E+00
    7    9   -.619E+00   -.605E+00
    7   10   -.149E-01   -.148E-01
    7   11   -.659E+00   -.652E+00
    8    1    .132E-02    .175E-02
    8    2    .188E-01    .192E-01
    8    3    .139E+00    .140E+00
    8    4    .284E-01    .307E-01
    8    5    .137E+01    .136E+01
    8    6   -.318E+01    .000E+00
    8    7   -.103E+02   -.103E+02
    8    8   -.139E+01   -.140E+01
    8    9   -.145E+01   -.144E+01
    8   10   -.392E-02   -.394E-02
    8   11   -.124E+01   -.124E+01
    9    1    .140E-02    .177E-02
    9    2    .948E-02    .100E-01
    9    3    .556E-01    .554E-01
    9    4    .195E-01    .209E-01
    9    5    .266E+00    .255E+00
    9    6    .198E+01    .195E+01
    9    7   -.374E+01    .000E+00
    9    8   -.559E+01   -.564E+01
    9    9   -.489E+01   -.488E+01
    9   10   -.265E-02   -.275E-02
    9   11   -.280E+01   -.280E+01
   10    1    .661E-01    .727E-01
   10    2    .165E-02    .215E-02
   10    3    .153E-02    .105E-02
   10    4    .974E+00    .967E+00
   10    5    .245E-01    .248E-01
   10    6    .441E-01    .442E-01
   10    7    .285E+00    .000E+00
   10    8   -.884E+00    .000E+00
   10    9   -.290E+01    .000E+00
   10   10   -.294E-02    .000E+00
   10   11   -.171E-01   -.178E-01
   11    1    .521E-06    .865E-06
   11    2    .486E-02    .516E-02
   11    3    .472E-01    .475E-01
   11    4    .229E-03    .113E-03
   11    5    .884E-01    .817E-01
   11    6    .358E+00    .344E+00
   11    7    .246E+01    .243E+01
   11    8    .682E+00    .000E+00
   11    9   -.458E+01    .000E+00
   11   10   -.202E-03    .000E+00
   11   11   -.104E+02   -.104E+02
   12    1    .461E-02    .349E-02
   12    2    .515E-03    .440E-03
   12    3    .799E+00    .898E+00
   12    4    .719E-01    .738E-01
   12    5    .260E-04    .374E-05
   12    6    .851E-03    .686E-03
   12    7    .622E-02    .573E-02
   12    8    .115E+00    .000E+00
   12    9    .930E-01    .000E+00
   12   10    .700E-01    .000E+00
   12   11   -.366E+00    .000E+00
   13    1    .519E-04    .106E-03
   13    2    .305E-02    .335E-02
   13    3    .491E-02    .421E-02
   13    4    .147E-03    .233E-03
   13    5    .470E-01    .426E-01
   13    6    .139E+00    .131E+00
   13    7    .493E+00    .480E+00
   13    8    .597E+00    .586E+00
   13    9    .280E+01    .000E+00
   13   10    .168E-03    .000E+00
   13   11   -.469E+01    .000E+00
  3  2  1    3  3  0        56
    1    1   -.132E+02   -.131E+02
    1    2   -.201E+01   -.198E+01
    1    3   -.679E+00   -.668E+00
    1    4   -.318E+00   -.313E+00
    1    5   -.178E+00   -.174E+00
    1    6   -.110E+00   -.108E+00
    1    7   -.739E-01   -.724E-01
    2    1   -.179E+00    .000E+00
    2    2   -.116E+02   -.116E+02
    2    3   -.245E+01   -.249E+01
    2    4   -.954E+00   -.972E+00
    2    5   -.484E+00   -.491E+00
    2    6   -.285E+00   -.287E+00
    2    7   -.183E+00   -.184E+00
    3    1    .184E+00    .174E+00
    3    2   -.350E+00    .000E+00
    3    3   -.109E+02   -.104E+02
    3    4   -.259E+01   -.245E+01
    3    5   -.107E+01   -.102E+01
    3    6   -.564E+00   -.544E+00
    3    7   -.340E+00   -.332E+00
    4    1    .326E-01    .322E-01
    4    2    .483E+00    .496E+00
    4    3   -.529E+00    .000E+00
    4    4   -.106E+02   -.105E+02
    4    5   -.266E+01   -.262E+01
    4    6   -.114E+01   -.112E+01
    4    7   -.612E+00   -.606E+00
    5    1    .116E-01    .120E-01
    5    2    .914E-01    .924E-01
    5    3    .859E+00    .861E+00
    5    4   -.686E+00    .000E+00
    5    5   -.106E+02   -.106E+02
    5    6   -.273E+01   -.273E+01
    5    7   -.119E+01   -.119E+01
    6    1    .557E-02    .601E-02
    6    2    .337E-01    .334E-01
    6    3    .169E+00    .162E+00
    6    4    .128E+01    .126E+01
    6    5   -.830E+00    .000E+00
    6    6   -.108E+02   -.108E+02
    6    7   -.281E+01   -.281E+01
    7    1    .316E-02    .350E-02
    7    2    .165E-01    .162E-01
    7    3    .633E-01    .586E-01
    7    4    .259E+00    .249E+00
    7    5    .174E+01    .172E+01
    7    6   -.969E+00    .000E+00
    7    7   -.111E+02   -.111E+02
    8    1    .199E-02    .225E-02
    8    2    .951E-02    .922E-02
    8    3    .314E-01    .282E-01
    8    4    .986E-01    .930E-01
    8    5    .359E+00    .350E+00
    8    6    .223E+01    .221E+01
    8    7   -.110E+01    .000E+00
  3  3  0    3  3  1        77
    1    1    .201E+01    .198E+01
    1    2    .953E+00    .109E+01
    1    3    .880E-02    .757E-02
    1    4    .113E+00    .000E+00
    1    5   -.137E-02   -.129E-02
    1    6   -.541E-03   -.506E-03
    1    7   -.469E-03   -.442E-03
    1    8   -.135E-01   -.129E-01
    1    9   -.368E-02   -.350E-02
    1   10   -.180E+01   -.176E+01
    1   11   -.274E-04   -.278E-04
    2    1    .367E+00    .359E+00
    2    2    .580E-02    .562E-02
    2    3    .147E+01    .163E+01
    2    4    .104E+01    .995E+00
    2    5    .548E-02    .504E-02
    2    6    .224E-02    .202E-02
    2    7    .262E-02    .235E-02
    2    8    .142E+00    .000E+00
    2    9    .554E-01    .000E+00
    2   10   -.552E-01    .000E+00
    2   11   -.850E-03    .000E+00
    3    1    .138E+00    .134E+00
    3    2    .201E-02    .192E-02
    3    3    .245E-02    .245E-02
    3    4    .394E+00    .392E+00
    3    5    .114E+01    .128E+01
    3    6    .172E-04    .309E-04
    3    7    .754E-03    .805E-03
    3    8    .726E+00    .726E+00
    3    9    .444E+00    .443E+00
    3   10    .337E-01    .337E-01
    3   11    .356E-02    .348E-02
    4    1    .689E-01    .671E-01
    4    2    .977E-03    .925E-03
    4    3    .103E-02    .105E-02
    4    4    .151E+00    .151E+00
    4    5    .126E-02    .127E-02
    4    6    .121E+01    .136E+01
    4    7    .526E-03    .567E-03
    4    8    .185E+00    .184E+00
    4    9    .108E+00    .107E+00
    4   10    .564E-02    .529E-02
    4   11    .545E-03    .519E-03
    5    1    .403E-01    .392E-01
    5    2    .562E-03    .529E-03
    5    3    .532E-03    .546E-03
    5    4    .778E-01    .776E-01
    5    5    .510E-03    .505E-03
    5    6    .177E-03    .185E-03
    5    7    .124E+01    .139E+01
    5    8    .693E-01    .679E-01
    5    9    .375E-01    .364E-01
    5   10    .180E-02    .161E-02
    5   11    .125E-03    .112E-03
    6    1    .259E-01    .251E-01
    6    2    .357E-03    .335E-03
    6    3    .313E-03    .323E-03
    6    4    .463E-01    .462E-01
    6    5    .281E-03    .277E-03
    6    6    .529E-04    .535E-04
    6    7    .418E-05    .581E-05
    6    8    .785E+00    .855E+00
    6    9    .505E+00    .583E+00
    6   10    .444E-03    .344E-03
    6   11    .261E-06    .157E-06
    7    1    .177E-01    .172E-01
    7    2    .243E-03    .228E-03
    7    3    .202E-03    .209E-03
    7    4    .302E-01    .301E-01
    7    5    .177E-03    .174E-03
    7    6    .261E-04    .260E-04
    7    7    .113E-05    .876E-06
    7    8    .391E-01    .395E-01
    7    9    .282E-01    .287E-01
    7   10    .905E-03    .831E-03
    7   11    .120E+01    .134E+01
  3  3  1    3  4  0        88
    1    1   -.142E+01   -.141E+01
    1    2   -.153E+02   -.152E+02
    1    3   -.577E-01   -.563E-01
    1    4   -.543E-02   -.560E-02
    1    5   -.326E-01   -.327E-01
    1    6   -.360E+00   -.358E+00
    1    7   -.256E+01   -.253E+01
    1    8   -.404E-01   -.397E-01
    2    1   -.243E+02   -.242E+02
    2    2   -.490E+01   -.521E+01
    2    3   -.472E+01   -.480E+01
    2    4   -.138E+01   -.139E+01
    2    5   -.590E+00   -.591E+00
    2    6   -.219E+00   -.218E+00
    2    7   -.132E+00   -.132E+00
    2    8   -.236E+00   -.234E+00
    3    1    .240E+00    .000E+00
    3    2   -.837E+00   -.843E+00
    3    3   -.234E+02   -.228E+02
    3    4   -.474E+01   -.468E+01
    3    5   -.164E+01   -.165E+01
    3    6   -.363E+00   -.355E+00
    3    7   -.119E+01   -.133E+01
    3    8   -.739E+00   -.781E+00
    4    1    .272E-03    .367E-03
    4    2   -.199E+01    .000E+00
    4    3   -.168E+00   -.159E+00
    4    4   -.308E-01   -.316E-01
    4    5   -.151E+00   -.151E+00
    4    6   -.178E+01   -.179E+01
    4    7   -.133E+02   -.134E+02
    4    8   -.241E+00   -.247E+00
    5    1    .176E+00    .176E+00
    5    2    .231E+00    .233E+00
    5    3   -.796E+00    .000E+00
    5    4   -.226E+02   -.226E+02
    5    5   -.493E+01   -.493E+01
    5    6   -.151E+01   -.151E+01
    5    7   -.389E+00   -.389E+00
    5    8   -.109E+01   -.109E+01
    6    1    .306E-01    .278E-01
    6    2    .103E-01    .104E-01
    6    3    .620E+00    .587E+00
    6    4   -.534E+00    .000E+00
    6    5   -.222E+02   -.222E+02
    6    6   -.467E+01   -.464E+01
    6    7   -.336E+00   -.339E+00
    6    8   -.219E+01   -.218E+01
    7    1    .112E-01    .948E-02
    7    2    .827E-03    .867E-03
    7    3    .102E+00    .895E-01
    7    4    .104E+01    .102E+01
    7    5   -.211E+00    .000E+00
    7    6   -.218E+02   -.217E+02
    7    7   -.373E+00   -.380E+00
    7    8   -.521E+01   -.516E+01
    8    1    .809E-02    .647E-02
    8    2    .248E+00    .231E+00
    8    3    .105E-03    .272E-03
    8    4    .346E-01    .349E-01
    8    5    .611E+00    .630E+00
    8    6   -.144E+01    .000E+00
    8    7   -.551E-01    .000E+00
    8    8   -.721E+01   -.716E+01
    9    1    .923E-03    .831E-03
    9    2    .180E+00    .169E+00
    9    3    .605E-01    .528E-01
    9    4    .163E+00    .156E+00
    9    5    .886E+00    .883E+00
    9    6    .354E+01    .000E+00
    9    7   -.788E+01    .000E+00
    9    8   -.124E+02   -.123E+02
   10    1    .105E+01    .119E+01
   10    2    .121E+00    .127E+00
   10    3    .176E-03    .162E-03
   10    4    .148E-04    .924E-05
   10    5    .639E-04    .507E-04
   10    6    .241E-02    .000E+00
   10    7    .797E-03    .000E+00
   10    8   -.674E-02    .000E+00
   11    1    .192E-02    .138E-02
   11    2    .219E-02    .207E-02
   11    3    .185E-01    .149E-01
   11    4    .695E-01    .669E-01
   11    5    .287E+00    .291E+00
   11    6    .134E+01    .137E+01
   11    7    .214E+01    .000E+00
   11    8   -.331E+01    .000E+00
  0  0  0    0  0  0         0
