   11    4    F
  1  0  0    1  1  1       195
    1    1   -.349E+00   -.394E+00
    1    2   -.516E+00   -.504E+00
    1    3   -.977E-02   -.885E-02
    1    4   -.349E-01   -.343E-01
    1    5   -.136E+00   -.132E+00
    1    6   -.259E-02   -.284E-02
    1    7   -.589E-01   -.580E-01
    1    8   -.862E-02   -.800E-02
    1    9   -.315E-01   -.305E-01
    1   10   -.351E-02   -.364E-02
    1   11   -.173E-01   -.166E-01
    1   12   -.326E-02   -.339E-02
    1   13   -.110E-01   -.106E-01
    1   14   -.824E-02   -.796E-02
    1   15   -.617E-02   -.600E-02
    2    1    .248E+00    .268E+00
    2    2   -.316E-02   -.301E-02
    2    3   -.101E+00   -.104E+00
    2    4   -.116E+01   -.117E+01
    2    5   -.180E-01   -.170E-01
    2    6   -.204E-01   -.206E-01
    2    7   -.798E-01   -.774E-01
    2    8   -.174E+00   -.168E+00
    2    9   -.284E-02   -.259E-02
    2   10   -.675E-02   -.683E-02
    2   11   -.760E-03   -.724E-03
    2   12   -.966E-01   -.923E-01
    2   13   -.345E-02   -.322E-02
    2   14   -.960E-03   -.877E-03
    2   15   -.166E-03   -.141E-03
    3    1    .391E-01    .423E-01
    3    2   -.139E+00   -.150E+00
    3    3   -.325E+00   -.360E+00
    3    4   -.320E-02   -.344E-02
    3    5   -.276E+00   -.272E+00
    3    6   -.965E-02   -.104E-01
    3    7   -.516E-01   -.511E-01
    3    8   -.224E-01   -.215E-01
    3    9   -.357E-01   -.351E-01
    3   10   -.586E-02   -.615E-02
    3   11   -.144E-01   -.139E-01
    3   12   -.572E-03   -.629E-03
    3   13   -.109E-01   -.106E-01
    3   14   -.773E-02   -.758E-02
    3   15   -.572E-02   -.564E-02
    4    1    .618E-01    .599E-01
    4    2    .373E-01    .414E-01
    4    3    .290E+00    .303E+00
    4    4   -.437E-01    .000E+00
    4    5   -.228E-01   -.206E-01
    4    6   -.168E+00   -.172E+00
    4    7   -.192E+00   -.189E+00
    4    8   -.340E+00   -.331E+00
    4    9   -.678E-03   -.545E-03
    4   10   -.273E-01   -.279E-01
    4   11   -.104E-02   -.102E-02
    4   12   -.126E+00   -.122E+00
    4   13   -.225E-02   -.207E-02
    4   14   -.265E-03   -.223E-03
    4   15   -.181E-04   -.285E-04
    5    1    .149E-01    .150E-01
    5    2    .141E+00    .142E+00
    5    3    .711E-02    .667E-02
    5    4    .595E-05    .104E-04
    5    5   -.313E+00    .000E+00
    5    6   -.278E+00   -.305E+00
    5    7   -.580E-01   -.576E-01
    5    8   -.197E+00   -.192E+00
    5    9   -.923E-01   -.947E-01
    5   10   -.720E-02   -.755E-02
    5   11   -.314E-01   -.327E-01
    5   12   -.184E-02   -.166E-02
    5   13   -.238E-01   -.247E-01
    5   14   -.149E-01   -.155E-01
    5   15   -.992E-02   -.103E-01
    6    1    .155E-02    .140E-02
    6    2    .372E-01    .379E-01
    6    3    .149E-01    .150E-01
    6    4    .157E-01    .150E-01
    6    5    .290E+00    .287E+00
    6    6    .223E+00    .210E+00
    6    7   -.387E+00    .000E+00
    6    8   -.100E+00   -.938E-01
    6    9   -.202E+00   -.193E+00
    6   10   -.396E+00   -.410E+00
    6   11   -.263E-02   -.121E-02
    6   12   -.153E+00   -.154E+00
    6   13   -.102E-01   -.833E-02
    6   14   -.112E-01   -.982E-02
    6   15   -.114E-01   -.104E-01
    7    1    .230E-01    .224E-01
    7    2    .258E-02    .257E-02
    7    3    .336E-01    .332E-01
    7    4    .161E-01    .156E-01
    7    5    .270E-01    .228E-01
    7    6    .810E-01    .764E-01
    7    7    .208E-01    .000E+00
    7    8   -.649E-01    .000E+00
    7    9   -.218E+00   -.203E+00
    7   10   -.483E-03   -.109E-03
    7   11   -.220E-01   -.167E-01
    7   12   -.371E+00   -.367E+00
    7   13   -.365E-01   -.322E-01
    7   14   -.131E-01   -.112E-01
    7   15   -.424E-02   -.339E-02
    8    1    .263E-02    .264E-02
    8    2    .133E-01    .135E-01
    8    3    .404E-03    .374E-03
    8    4    .522E-05    .311E-05
    8    5    .527E-01    .507E-01
    8    6    .117E-01    .116E-01
    8    7    .199E+00    .197E+00
    8    8    .186E+00    .188E+00
    8    9   -.547E+00    .000E+00
    8   10   -.131E+00   -.128E+00
    8   11   -.274E+00   -.266E+00
    8   12   -.187E-01   -.177E-01
    8   13   -.130E+00   -.126E+00
    8   14   -.671E-01   -.653E-01
    8   15   -.512E-01   -.510E-01
    9    1    .395E-04    .483E-04
    9    2    .914E-02    .928E-02
    9    3    .774E-03    .796E-03
    9    4    .808E-03    .758E-03
    9    5    .217E-01    .213E-01
    9    6    .202E-01    .200E-01
    9    7    .811E-01    .807E-01
    9    8    .236E-01    .254E-01
    9    9    .461E+00    .460E+00
    9   10    .198E+00    .000E+00
    9   11   -.912E+00    .000E+00
    9   12   -.527E-02   -.606E-02
    9   13   -.307E+00   -.307E+00
    9   14   -.113E+00   -.113E+00
    9   15   -.644E-01   -.642E-01
   10    1    .965E-02    .927E-02
   10    2    .992E-03    .102E-02
   10    3    .148E-01    .146E-01
   10    4    .589E-02    .567E-02
   10    5    .109E-03    .130E-03
   10    6    .600E-01    .596E-01
   10    7    .428E-01    .439E-01
   10    8    .103E-01    .773E-02
   10    9    .211E-01    .230E-01
   10   10    .102E+00    .102E+00
   10   11    .333E+00    .000E+00
   10   12   -.114E+00    .000E+00
   10   13   -.207E+00   -.201E+00
   10   14   -.131E-01   -.125E-01
   10   15   -.926E-06   -.512E-06
   11    1    .186E-02    .183E-02
   11    2    .324E-02    .328E-02
   11    3    .685E-03    .654E-03
   11    4    .830E-04    .845E-04
   11    5    .107E-01    .107E-01
   11    6    .139E-05    .740E-06
   11    7    .885E-02    .857E-02
   11    8    .144E-01    .141E-01
   11    9    .110E+00    .110E+00
   11   10    .589E-01    .582E-01
   11   11    .475E+00    .473E+00
   11   12    .230E-01    .237E-01
   11   13   -.682E+00    .000E+00
   11   14   -.500E+00   -.503E+00
   11   15   -.136E+00   -.137E+00
   12    1    .724E-03    .723E-03
   12    2    .261E-02    .265E-02
   12    3    .971E-04    .889E-04
   12    4    .880E-07    .255E-06
   12    5    .685E-02    .691E-02
   12    6    .457E-03    .440E-03
   12    7    .725E-02    .707E-02
   12    8    .639E-02    .639E-02
   12    9    .491E-01    .484E-01
   12   10    .212E-01    .208E-01
   12   11    .104E+00    .102E+00
   12   12    .655E-05    .149E-04
   12   13    .703E+00    .696E+00
   12   14   -.856E+00    .000E+00
   12   15   -.531E+00   -.536E+00
   13    1    .305E-03    .309E-03
   13    2    .204E-02    .207E-02
   13    3    .265E-05    .172E-05
   13    4    .136E-04    .118E-04
   13    5    .462E-02    .468E-02
   13    6    .799E-03    .775E-03
   13    7    .529E-02    .515E-02
   13    8    .310E-02    .313E-02
   13    9    .294E-01    .289E-01
   13   10    .129E-01    .126E-01
   13   11    .403E-01    .390E-01
   13   12    .770E-03    .719E-03
   13   13    .146E+00    .143E+00
   13   14    .825E+00    .816E+00
   13   15   -.918E+00    .000E+00
  1  1  0    1  1  1       120
    1    1    .343E+00    .336E+00
    1    2    .322E+00    .353E+00
    1    3    .477E-01    .000E+00
    1    4   -.241E+00   -.242E+00
    1    5   -.908E-03   -.993E-03
    1    6   -.111E+00   -.114E+00
    1    7   -.167E+00   -.169E+00
    1    8   -.996E-01   -.101E+00
    1    9   -.130E-03   -.142E-03
    1   10   -.204E-01   -.210E-01
    1   11   -.118E-01   -.119E-01
    1   12   -.789E-01   -.797E-01
    1   13   -.160E-03   -.165E-03
    1   14   -.336E-04   -.362E-04
    1   15   -.839E-04   -.895E-04
    2    1    .833E-01    .832E-01
    2    2    .102E-01    .987E-02
    2    3    .329E+00    .330E+00
    2    4    .762E-01    .801E-01
    2    5    .239E+00    .267E+00
    2    6    .199E+00    .000E+00
    2    7   -.263E+00   -.273E+00
    2    8   -.117E+00   -.111E+00
    2    9   -.200E-02   -.227E-02
    2   10   -.153E+00   -.150E+00
    2   11   -.541E-01   -.524E-01
    2   12   -.213E+00   -.212E+00
    2   13   -.395E-03   -.465E-03
    2   14   -.181E-03   -.220E-03
    2   15   -.516E-03   -.576E-03
    3    1    .345E-01    .344E-01
    3    2    .394E-02    .382E-02
    3    3    .872E-01    .878E-01
    3    4    .125E-01    .133E-01
    3    5    .207E-05    .980E-07
    3    6    .271E+00    .260E+00
    3    7    .430E+00    .447E+00
    3    8    .140E-01    .199E-01
    3    9    .135E-01    .140E-01
    3   10    .275E+00    .000E+00
    3   11   -.428E-01    .000E+00
    3   12   -.438E+00    .000E+00
    3   13   -.351E-03   -.393E-03
    3   14   -.138E-02   -.137E-02
    3   15   -.439E-02   -.413E-02
    4    1    .179E-01    .177E-01
    4    2    .196E-02    .188E-02
    4    3    .376E-01    .378E-01
    4    4    .456E-02    .488E-02
    4    5    .226E-04    .115E-04
    4    6    .894E-01    .881E-01
    4    7    .303E-01    .302E-01
    4    8    .578E-02    .569E-02
    4    9    .135E+00    .155E+00
    4   10    .349E+00    .352E+00
    4   11    .146E+00    .148E+00
    4   12    .182E+00    .181E+00
    4   13    .426E-02    .447E-02
    4   14    .632E-02    .648E-02
    4   15    .164E-01    .163E-01
    5    1    .106E-01    .105E-01
    5    2    .113E-02    .108E-02
    5    3    .202E-01    .203E-01
    5    4    .224E-02    .241E-02
    5    5    .208E-04    .126E-04
    5    6    .407E-01    .407E-01
    5    7    .116E-01    .118E-01
    5    8    .191E-02    .190E-02
    5    9    .105E-03    .954E-04
    5   10    .238E-01    .212E-01
    5   11    .263E+00    .288E+00
    5   12    .168E-01    .157E-01
    5   13    .741E-03    .831E-03
    5   14    .559E-04    .717E-04
    5   15    .138E-02    .134E-02
    6    1    .680E-02    .674E-02
    6    2    .715E-03    .684E-03
    6    3    .123E-01    .123E-01
    6    4    .130E-02    .139E-02
    6    5    .158E-04    .101E-04
    6    6    .226E-01    .228E-01
    6    7    .585E-02    .606E-02
    6    8    .917E-03    .928E-03
    6    9    .522E-04    .448E-04
    6   10    .329E-01    .326E-01
    6   11    .995E-02    .995E-02
    6   12    .214E-01    .220E-01
    6   13    .142E+00    .162E+00
    6   14    .429E-04    .587E-04
    6   15    .556E-03    .522E-03
    7    1    .465E-02    .461E-02
    7    2    .483E-03    .462E-03
    7    3    .809E-02    .812E-02
    7    4    .825E-03    .885E-03
    7    5    .117E-04    .777E-05
    7    6    .140E-01    .142E-01
    7    7    .345E-02    .361E-02
    7    8    .525E-03    .538E-03
    7    9    .334E-04    .281E-04
    7   10    .196E-01    .195E-01
    7   11    .594E-02    .600E-02
    7   12    .892E-02    .907E-02
    7   13    .178E-04    .185E-04
    7   14    .135E+00    .155E+00
    7   15    .242E-03    .218E-03
    8    1    .332E-02    .329E-02
    8    2    .343E-03    .328E-03
    8    3    .564E-02    .566E-02
    8    4    .562E-03    .603E-03
    8    5    .876E-05    .594E-05
    8    6    .942E-02    .959E-02
    8    7    .223E-02    .235E-02
    8    8    .335E-03    .345E-03
    8    9    .232E-04    .194E-04
    8   10    .126E-01    .126E-01
    8   11    .376E-02    .381E-02
    8   12    .500E-02    .508E-02
    8   13    .311E-06    .147E-06
    8   14    .658E-04    .656E-04
    8   15    .124E+00    .142E+00
  1  1  0    1  2  1        64
    1    1   -.240E+00   -.240E+00
    1    2   -.109E+01   -.110E+01
    1    3   -.285E+00   -.286E+00
    1    4   -.121E+00   -.121E+00
    1    5   -.645E-01   -.646E-01
    1    6   -.390E-01   -.390E-01
    1    7   -.256E-01   -.256E-01
    1    8   -.178E-01   -.178E-01
    2    1    .734E-01    .774E-01
    2    2   -.399E+00    .000E+00
    2    3   -.103E+01   -.102E+01
    2    4   -.285E+00   -.289E+00
    2    5   -.126E+00   -.129E+00
    2    6   -.689E-01   -.702E-01
    2    7   -.425E-01   -.432E-01
    2    8   -.283E-01   -.287E-01
    3    1    .135E-01    .146E-01
    3    2    .178E+00    .173E+00
    3    3   -.538E+00    .000E+00
    3    4   -.102E+01   -.956E+00
    3    5   -.292E+00   -.267E+00
    3    6   -.132E+00   -.121E+00
    3    7   -.732E-01   -.673E-01
    3    8   -.458E-01   -.424E-01
    4    1    .502E-02    .544E-02
    4    2    .345E-01    .344E-01
    4    3    .299E+00    .303E+00
    4    4   -.670E+00    .000E+00
    4    5   -.104E+01   -.101E+01
    4    6   -.301E+00   -.292E+00
    4    7   -.137E+00   -.133E+00
    4    8   -.770E-01   -.748E-01
    5    1    .248E-02    .270E-02
    5    2    .131E-01    .135E-01
    5    3    .594E-01    .602E-01
    5    4    .428E+00    .433E+00
    5    5   -.798E+00    .000E+00
    5    6   -.108E+01   -.107E+01
    5    7   -.312E+00   -.310E+00
    5    8   -.143E+00   -.142E+00
    6    1    .143E-02    .156E-02
    6    2    .660E-02    .693E-02
    6    3    .230E-01    .233E-01
    6    4    .865E-01    .856E-01
    6    5    .564E+00    .560E+00
    6    6   -.924E+00    .000E+00
    6    7   -.112E+01   -.113E+01
    6    8   -.325E+00   -.325E+00
    7    1    .910E-03    .993E-03
    7    2    .387E-02    .412E-02
    7    3    .117E-01    .118E-01
    7    4    .337E-01    .327E-01
    7    5    .115E+00    .113E+00
    7    6    .703E+00    .697E+00
    7    7   -.105E+01    .000E+00
    7    8   -.117E+01   -.118E+01
    8    1    .619E-03    .676E-03
    8    2    .249E-02    .268E-02
    8    3    .689E-02    .698E-02
    8    4    .173E-01    .165E-01
    8    5    .451E-01    .436E-01
    8    6    .145E+00    .142E+00
    8    7    .846E+00    .839E+00
    8    8   -.117E+01    .000E+00
  1  1  1    1  2  0       210
    1    1   -.357E+00   -.394E+00
    1    2   -.159E+01   -.160E+01
    1    3   -.676E+00   -.667E+00
    1    4   -.348E+00   -.345E+00
    1    5   -.150E+00   -.146E+00
    1    6   -.162E-02   -.142E-02
    1    7   -.153E+00   -.151E+00
    1    8   -.662E-01   -.653E-01
    1    9   -.770E-02   -.767E-02
    1   10   -.989E-01   -.967E-01
    1   11   -.253E-02   -.230E-02
    1   12   -.261E-01   -.257E-01
    1   13   -.168E-01   -.166E-01
    1   14   -.114E-01   -.113E-01
    2    1    .551E-01    .565E-01
    2    2   -.431E+00   -.433E+00
    2    3   -.371E-01   -.470E-01
    2    4   -.120E+01   -.120E+01
    2    5   -.216E-01   -.220E-01
    2    6   -.540E-02   -.540E-02
    2    7   -.332E+00   -.332E+00
    2    8   -.148E+00   -.147E+00
    2    9   -.858E-01   -.857E-01
    2   10   -.521E-03   -.491E-03
    2   11   -.289E-02   -.290E-02
    2   12   -.474E-01   -.473E-01
    2   13   -.316E-01   -.315E-01
    2   14   -.222E-01   -.221E-01
    3    1    .211E+00    .215E+00
    3    2    .229E-01    .234E-01
    3    3   -.694E+00   -.732E+00
    3    4   -.195E+00   -.195E+00
    3    5   -.442E+00   -.440E+00
    3    6   -.578E-02   -.542E-02
    3    7   -.436E-01   -.434E-01
    3    8   -.906E-02   -.898E-02
    3    9   -.518E-02   -.514E-02
    3   10   -.133E+00   -.131E+00
    3   11   -.307E-02   -.288E-02
    3   12   -.312E-02   -.308E-02
    3   13   -.160E-02   -.158E-02
    3   14   -.863E-03   -.853E-03
    4    1    .543E-01    .567E-01
    4    2    .206E+00    .228E+00
    4    3    .106E-01    .854E-02
    4    4   -.429E-01   -.439E-01
    4    5   -.618E-01   -.612E-01
    4    6   -.306E+01   -.301E+01
    4    7   -.146E-03   -.110E-03
    4    8   -.464E-03   -.493E-03
    4    9   -.573E-03   -.537E-03
    4   10   -.121E-01   -.119E-01
    4   11   -.436E+00   -.424E+00
    4   12   -.200E-03   -.208E-03
    4   13   -.123E-03   -.128E-03
    4   14   -.908E-04   -.939E-04
    5    1    .414E-03    .833E-03
    5    2    .120E+00    .125E+00
    5    3    .151E-01    .194E-01
    5    4   -.650E+00    .000E+00
    5    5   -.115E+00   -.128E+00
    5    6   -.534E-01   -.539E-01
    5    7   -.120E+01   -.119E+01
    5    8   -.361E+00   -.367E+00
    5    9   -.137E+00   -.139E+00
    5   10   -.249E-01   -.270E-01
    5   11   -.838E-04   -.973E-04
    5   12   -.896E-01   -.918E-01
    5   13   -.554E-01   -.566E-01
    5   14   -.370E-01   -.377E-01
    6    1    .517E-01    .552E-01
    6    2    .646E-02    .760E-02
    6    3    .336E+00    .349E+00
    6    4    .619E-01    .676E-01
    6    5   -.987E+00   -.111E+01
    6    6   -.103E-01   -.110E-01
    6    7   -.170E+00   -.181E+00
    6    8   -.254E-02   -.142E-02
    6    9   -.967E-01   -.904E-01
    6   10   -.451E+00   -.450E+00
    6   11   -.737E-03   -.736E-03
    6   12   -.510E-03   -.251E-03
    6   13   -.692E-03   -.449E-03
    6   14   -.748E-03   -.546E-03
    7    1    .276E-02    .276E-02
    7    2    .175E-01    .174E-01
    7    3    .151E-02    .171E-02
    7    4    .439E+00    .448E+00
    7    5    .409E-03    .000E+00
    7    6   -.914E-02    .000E+00
    7    7   -.590E+00    .000E+00
    7    8   -.501E+00   -.473E+00
    7    9   -.236E+00   -.228E+00
    7   10   -.318E-01   -.402E-01
    7   11   -.122E+01   -.121E+01
    7   12   -.670E-01   -.611E-01
    7   13   -.380E-01   -.349E-01
    7   14   -.236E-01   -.218E-01
    8    1    .905E-02    .791E-02
    8    2    .398E-02    .469E-02
    8    3    .188E-01    .170E-01
    8    4    .225E-02    .658E-03
    8    5    .320E-01    .332E-01
    8    6    .842E-01    .000E+00
    8    7   -.133E+00    .000E+00
    8    8   -.837E+00   -.791E+00
    8    9   -.188E+00   -.179E+00
    8   10   -.393E-01   -.294E-01
    8   11   -.149E+01   -.150E+01
    8   12   -.988E-01   -.902E-01
    8   13   -.545E-01   -.499E-01
    8   14   -.339E-01   -.312E-01
    9    1    .164E-03    .304E-03
    9    2    .880E-02    .947E-02
    9    3    .623E-03    .964E-03
    9    4    .497E-01    .489E-01
    9    5    .325E-01    .351E-01
    9    6    .143E-03    .101E-03
    9    7    .466E+00    .471E+00
    9    8   -.114E+01    .000E+00
    9    9   -.946E+00   -.910E+00
    9   10   -.334E+00   -.336E+00
    9   11   -.889E-02   -.867E-02
    9   12   -.382E+00   -.370E+00
    9   13   -.179E+00   -.173E+00
    9   14   -.104E+00   -.101E+00
   10    1    .183E-01    .197E-01
   10    2    .240E-02    .282E-02
   10    3    .580E-01    .612E-01
   10    4    .680E-02    .782E-02
   10    5    .508E+00    .506E+00
   10    6    .443E-02    .437E-02
   10    7    .198E-01    .223E-01
   10    8    .277E+00    .282E+00
   10    9   -.138E+01    .000E+00
   10   10   -.393E+00    .000E+00
   10   11   -.615E-02   -.576E-02
   10   12   -.367E-01   -.357E-01
   10   13   -.204E-01   -.198E-01
   10   14   -.131E-01   -.126E-01
   11    1    .169E-02    .161E-02
   11    2    .286E-02    .291E-02
   11    3    .651E-02    .627E-02
   11    4    .139E-01    .135E-01
   11    5    .397E-01    .374E-01
   11    6    .394E-02    .365E-02
   11    7    .105E+00    .106E+00
   11    8    .442E+00    .445E+00
   11    9   -.377E+00    .000E+00
   11   10   -.419E+00    .000E+00
   11   11   -.366E-01    .000E+00
   11   12   -.128E+01   -.127E+01
   11   13   -.355E+00   -.354E+00
   11   14   -.158E+00   -.157E+00
   12    1    .466E-02    .418E-02
   12    2    .525E-03    .396E-03
   12    3    .493E-02    .462E-02
   12    4    .634E-03    .564E-03
   12    5    .242E-01    .239E-01
   12    6    .193E-01    .177E-01
   12    7    .131E+00    .147E+00
   12    8    .194E-04    .122E-03
   12    9    .724E-01    .000E+00
   12   10    .981E-01    .000E+00
   12   11    .936E-01    .000E+00
   12   12   -.207E+00   -.201E+00
   12   13   -.283E-01   -.270E-01
   12   14   -.104E-01   -.988E-02
   13    1    .476E-04    .164E-04
   13    2    .219E-02    .238E-02
   13    3    .773E-04    .299E-04
   13    4    .890E-02    .919E-02
   13    5    .473E-08    .152E-04
   13    6    .526E-06    .217E-06
   13    7    .238E-01    .235E-01
   13    8    .127E+00    .127E+00
   13    9    .731E+00    .732E+00
   13   10    .567E-01    .536E-01
   13   11    .715E-02    .656E-02
   13   12   -.130E+01    .000E+00
   13   13   -.144E+01   -.144E+01
   13   14   -.419E+00   -.420E+00
   14    1    .158E-04    .411E-04
   14    2    .160E-02    .174E-02
   14    3    .453E-04    .926E-04
   14    4    .569E-02    .599E-02
   14    5    .842E-03    .103E-02
   14    6    .714E-05    .554E-05
   14    7    .145E-01    .145E-01
   14    8    .549E-01    .540E-01
   14    9    .181E+00    .179E+00
   14   10    .163E-02    .122E-02
   14   11    .177E-02    .165E-02
   14   12    .103E+01    .102E+01
   14   13   -.170E+01    .000E+00
   14   14   -.141E+01   -.142E+01
   15    1    .211E-03    .283E-03
   15    2    .123E-02    .134E-02
   15    3    .499E-03    .629E-03
   15    4    .395E-02    .423E-02
   15    5    .332E-02    .364E-02
   15    6    .621E-06    .300E-06
   15    7    .891E-02    .899E-02
   15    8    .325E-01    .318E-01
   15    9    .944E-01    .933E-01
   15   10    .411E-02    .477E-02
   15   11    .546E-03    .507E-03
   15   12    .215E+00    .211E+00
   15   13    .131E+01    .130E+01
   15   14   -.219E+01    .000E+00
  1  2  0    1  2  1       112
    1    1   -.106E+01   -.107E+01
    1    2   -.199E+00   -.193E+00
    1    3   -.746E-01   -.717E-01
    1    4   -.369E-01   -.352E-01
    1    5   -.212E-01   -.202E-01
    1    6   -.134E-01   -.128E-01
    1    7   -.904E-02   -.861E-02
    1    8   -.641E-02   -.611E-02
    2    1   -.208E+00   -.235E+00
    2    2   -.769E-02   -.670E-02
    2    3   -.223E-02   -.186E-02
    2    4   -.987E-03   -.802E-03
    2    5   -.533E-03   -.428E-03
    2    6   -.323E-03   -.258E-03
    2    7   -.212E-03   -.169E-03
    2    8   -.147E-03   -.117E-03
    3    1    .130E-01    .000E+00
    3    2   -.478E+00   -.467E+00
    3    3   -.106E+00   -.103E+00
    3    4   -.427E-01   -.412E-01
    3    5   -.220E-01   -.212E-01
    3    6   -.131E-01   -.126E-01
    3    7   -.845E-02   -.812E-02
    3    8   -.582E-02   -.559E-02
    4    1    .297E-03    .598E-03
    4    2   -.235E+00   -.270E+00
    4    3   -.130E-02   -.125E-02
    4    4   -.484E-03   -.451E-03
    4    5   -.247E-03   -.226E-03
    4    6   -.145E-03   -.132E-03
    4    7   -.939E-04   -.850E-04
    4    8   -.645E-04   -.582E-04
    5    1    .130E-02    .106E-02
    5    2    .456E-02    .000E+00
    5    3   -.409E+00   -.407E+00
    5    4   -.107E+00   -.109E+00
    5    5   -.457E-01   -.468E-01
    5    6   -.245E-01   -.250E-01
    5    7   -.149E-01   -.152E-01
    5    8   -.984E-02   -.999E-02
    6    1    .576E+00    .562E+00
    6    2    .755E-01    .000E+00
    6    3   -.314E-01   -.307E-01
    6    4   -.714E-02   -.747E-02
    6    5   -.269E-02   -.287E-02
    6    6   -.134E-02   -.144E-02
    6    7   -.785E-03   -.834E-03
    6    8   -.505E-03   -.533E-03
    7    1    .252E-02    .290E-02
    7    2    .124E-02    .167E-02
    7    3   -.276E+00   -.313E+00
    7    4   -.297E-06   -.947E-06
    7    5   -.169E-05   -.381E-05
    7    6   -.705E-06   -.194E-05
    7    7   -.283E-06   -.960E-06
    7    8   -.122E-06   -.508E-06
    8    1    .172E-03    .255E-03
    8    2    .327E-04    .523E-04
    8    3   -.959E-03   -.116E-02
    8    4   -.222E+00   -.254E+00
    8    5   -.463E-03   -.466E-03
    8    6   -.154E-03   -.148E-03
    8    7   -.805E-04   -.759E-04
    8    8   -.496E-04   -.465E-04
    9    1    .804E-05    .300E-04
    9    2    .127E-02    .117E-02
    9    3   -.666E-02    .000E+00
    9    4   -.504E-01   -.473E-01
    9    5   -.104E+00   -.127E+00
    9    6   -.853E-02   -.808E-02
    9    7   -.435E-02   -.410E-02
    9    8   -.264E-02   -.249E-02
   10    1    .257E-03    .233E-03
   10    2    .645E-02    .546E-02
   10    3    .171E-02    .000E+00
   10    4   -.389E+00   -.375E+00
   10    5   -.232E+00   -.234E+00
   10    6   -.350E-01   -.322E-01
   10    7   -.202E-01   -.188E-01
   10    8   -.127E-01   -.119E-01
   11    1    .115E+00    .111E+00
   11    2    .438E+00    .426E+00
   11    3    .136E+00    .000E+00
   11    4   -.868E-01   -.772E-01
   11    5   -.171E-01   -.142E-01
   11    6   -.632E-02   -.511E-02
   11    7   -.320E-02   -.261E-02
   11    8   -.188E-02   -.155E-02
   12    1    .598E-04    .887E-04
   12    2    .660E-06    .149E-09
   12    3    .283E-03    .351E-03
   12    4   -.847E-03   -.925E-03
   12    5   -.405E-03   -.465E-03
   12    6   -.230E+00   -.262E+00
   12    7   -.192E-03   -.214E-03
   12    8   -.429E-04   -.465E-04
   13    1    .325E-04    .506E-04
   13    2    .595E-06    .182E-05
   13    3    .147E-03    .176E-03
   13    4   -.465E-03   -.529E-03
   13    5   -.521E-04   -.681E-04
   13    6   -.174E-03   -.211E-03
   13    7   -.227E+00   -.259E+00
   13    8   -.256E-03   -.281E-03
   14    1    .162E-04    .274E-04
   14    2    .457E-05    .655E-05
   14    3    .150E-03    .170E-03
   14    4   -.473E-03   -.554E-03
   14    5   -.232E-05   -.360E-06
   14    6   -.634E-05   -.116E-04
   14    7   -.109E-03   -.136E-03
   14    8   -.225E+00   -.257E+00
  1  2  0    1  3  1       154
    1    1   -.454E+01   -.452E+01
    1    2   -.174E-01   -.170E-01
    1    3   -.845E+00   -.836E+00
    1    4   -.188E+00   -.185E+00
    1    5   -.139E-02   -.135E-02
    1    6   -.135E-01   -.134E-01
    1    7   -.215E-03   -.209E-03
    1    8   -.394E+00   -.388E+00
    1    9   -.257E-02   -.251E-02
    1   10   -.306E-03   -.293E-03
    1   11   -.556E-06   -.918E-06
    2    1   -.703E-01   -.888E-01
    2    2   -.509E+01   -.507E+01
    2    3   -.585E-01   -.585E-01
    2    4   -.746E+00   -.739E+00
    2    5   -.277E+00   -.274E+00
    2    6   -.111E+00   -.110E+00
    2    7   -.454E-04   -.538E-04
    2    8   -.253E-01   -.248E-01
    2    9   -.765E-01   -.756E-01
    2   10   -.466E-01   -.460E-01
    2   11   -.305E-01   -.301E-01
    3    1   -.473E+00   -.504E+00
    3    2   -.114E+00   -.113E+00
    3    3   -.179E+01   -.178E+01
    3    4   -.192E+00   -.192E+00
    3    5   -.152E-02   -.142E-02
    3    6   -.329E-01   -.323E-01
    3    7   -.111E-02   -.109E-02
    3    8   -.459E+00   -.456E+00
    3    9   -.227E-03   -.248E-03
    3   10   -.141E-03   -.126E-03
    3   11   -.618E-03   -.590E-03
    4    1    .137E-01    .135E-01
    4    2   -.106E+00    .000E+00
    4    3   -.226E+00   -.196E+00
    4    4   -.422E+01   -.430E+01
    4    5   -.972E+00   -.992E+00
    4    6   -.352E+00   -.359E+00
    4    7   -.618E-04   -.567E-04
    4    8   -.229E-01   -.238E-01
    4    9   -.194E+00   -.197E+00
    4   10   -.113E+00   -.115E+00
    4   11   -.726E-01   -.731E-01
    5    1    .166E+00    .166E+00
    5    2    .320E-01    .318E-01
    5    3   -.510E+00    .000E+00
    5    4   -.384E+00   -.392E+00
    5    5   -.967E-02   -.994E-02
    5    6   -.118E+00   -.119E+00
    5    7   -.884E-01   -.885E-01
    5    8   -.177E+01   -.178E+01
    5    9   -.236E-02   -.234E-02
    5   10   -.895E-05   -.104E-04
    5   11   -.725E-03   -.744E-03
    6    1    .235E-02    .148E-02
    6    2    .197E+00    .226E+00
    6    3    .117E-03    .000E+00
    6    4   -.598E-02    .000E+00
    6    5   -.411E-02   -.378E-02
    6    6   -.223E-04   -.387E-04
    6    7   -.672E+01   -.670E+01
    6    8   -.547E-01   -.547E-01
    6    9   -.163E-02   -.156E-02
    6   10   -.718E-03   -.691E-03
    6   11   -.443E-03   -.429E-03
    7    1    .203E-03    .183E-03
    7    2    .817E-01    .776E-01
    7    3    .231E+00    .000E+00
    7    4   -.398E+00    .000E+00
    7    5   -.396E+01   -.377E+01
    7    6   -.760E+00   -.705E+00
    7    7   -.116E-01   -.116E-01
    7    8   -.354E+00   -.391E+00
    7    9   -.442E+00   -.428E+00
    7   10   -.228E+00   -.223E+00
    7   11   -.137E+00   -.135E+00
    8    1    .385E-03    .383E-03
    8    2    .137E-01    .134E-01
    8    3    .175E-02    .196E-02
    8    4    .218E+00    .221E+00
    8    5   -.290E+00    .000E+00
    8    6   -.394E+01   -.389E+01
    8    7   -.310E-05   -.145E-05
    8    8   -.226E-01   -.213E-01
    8    9   -.952E+00   -.940E+00
    8   10   -.403E+00   -.398E+00
    8   11   -.206E+00   -.203E+00
    9    1    .585E-02    .587E-02
    9    2    .584E-02    .588E-02
    9    3    .284E-01    .265E-01
    9    4    .100E+00    .994E-01
    9    5    .364E+00    .359E+00
    9    6   -.220E+00    .000E+00
    9    7   -.271E-02    .000E+00
    9    8   -.102E+01    .000E+00
    9    9   -.297E+01   -.298E+01
    9   10   -.772E+00   -.774E+00
    9   11   -.321E+00   -.322E+00
   10    1    .259E-01    .260E-01
   10    2    .154E-04    .436E-05
   10    3    .234E+00    .220E+00
   10    4    .702E-01    .682E-01
   10    5    .334E-02    .379E-02
   10    6    .245E+00    .000E+00
   10    7   -.100E-01    .000E+00
   10    8   -.557E+00    .000E+00
   10    9   -.930E+00   -.922E+00
   10   10   -.253E+00   -.250E+00
   10   11   -.134E+00   -.132E+00
   11    1    .108E-03    .261E-04
   11    2    .745E-07    .356E-09
   11    3    .187E-01    .230E-01
   11    4    .191E+00    .216E+00
   11    5    .382E-03    .398E-03
   11    6    .113E-02    .000E+00
   11    7    .620E-01    .000E+00
   11    8   -.674E-03    .000E+00
   11    9   -.320E-03   -.342E-03
   11   10   -.377E-04   -.414E-04
   11   11   -.195E-05   -.250E-05
   12    1    .361E-04    .363E-04
   12    2    .229E-02    .244E-02
   12    3    .485E-03    .438E-03
   12    4    .131E-01    .129E-01
   12    5    .645E-01    .610E-01
   12    6    .412E+00    .403E+00
   12    7    .755E-04    .813E-04
   12    8    .171E+00    .170E+00
   12    9   -.514E+00    .000E+00
   12   10   -.397E+01   -.398E+01
   12   11   -.105E+01   -.105E+01
   13    1    .426E-04    .429E-04
   13    2    .133E-02    .144E-02
   13    3    .131E-03    .108E-03
   13    4    .683E-02    .662E-02
   13    5    .242E-01    .219E-01
   13    6    .828E-01    .789E-01
   13    7    .218E-04    .236E-04
   13    8    .294E-01    .288E-01
   13    9    .705E+00    .694E+00
   13   10   -.517E+00    .000E+00
   13   11   -.410E+01   -.410E+01
   14    1    .453E-04    .457E-04
   14    2    .851E-03    .936E-03
   14    3    .308E-04    .214E-04
   14    4    .415E-02    .398E-02
   14    5    .119E-01    .104E-01
   14    6    .309E-01    .288E-01
   14    7    .102E-04    .110E-04
   14    8    .128E-01    .124E-01
   14    9    .145E+00    .141E+00
   14   10    .879E+00    .872E+00
   14   11   -.517E+00    .000E+00
  3  0  0    3  1  1       165
    1    1    .318E+00    .324E+00
    1    2   -.985E+00   -.103E+01
    1    3   -.397E+00   -.450E+00
    1    4   -.145E-01   -.153E-01
    1    5   -.774E+00   -.771E+00
    1    6   -.894E-03   -.939E-03
    1    7   -.113E+00   -.111E+00
    1    8   -.141E+00   -.141E+00
    1    9   -.110E+00   -.109E+00
    1   10   -.154E-02   -.155E-02
    1   11   -.653E-01   -.645E-01
    1   12   -.103E-02   -.973E-03
    1   13   -.354E-01   -.351E-01
    1   14   -.247E-01   -.245E-01
    1   15   -.179E-01   -.178E-01
    2    1    .231E+00    .227E+00
    2    2    .216E+00    .241E+00
    2    3    .321E+00    .337E+00
    2    4   -.500E+00   -.493E+00
    2    5   -.208E-01   -.222E-01
    2    6   -.110E+00   -.115E+00
    2    7   -.108E+01   -.109E+01
    2    8   -.348E+00   -.355E+00
    2    9   -.122E-02   -.131E-02
    2   10   -.278E-01   -.289E-01
    2   11   -.994E-02   -.984E-02
    2   12   -.365E+00   -.369E+00
    2   13   -.338E-02   -.348E-02
    2   14   -.506E-03   -.533E-03
    2   15   -.333E-05   -.479E-05
    3    1    .471E-01    .504E-01
    3    2    .538E+00    .559E+00
    3    3    .449E-02    .512E-02
    3    4    .621E-02    .635E-02
    3    5   -.144E+01   -.157E+01
    3    6   -.411E+00   -.460E+00
    3    7   -.166E+00   -.163E+00
    3    8   -.636E+00   -.620E+00
    3    9   -.259E+00   -.261E+00
    3   10   -.142E-02   -.130E-02
    3   11   -.116E+00   -.117E+00
    3   12   -.243E-02   -.262E-02
    3   13   -.670E-01   -.682E-01
    3   14   -.425E-01   -.432E-01
    3   15   -.288E-01   -.292E-01
    4    1    .893E-01    .898E-01
    4    2    .428E-01    .438E-01
    4    3    .195E+00    .198E+00
    4    4    .154E+00    .163E+00
    4    5    .664E+00    .697E+00
    4    6    .292E+00    .000E+00
    4    7   -.101E+01    .000E+00
    4    8   -.139E+00   -.138E+00
    4    9   -.143E+00   -.128E+00
    4   10   -.467E+00   -.482E+00
    4   11   -.147E+00   -.134E+00
    4   12   -.961E+00   -.965E+00
    4   13   -.616E-02   -.438E-02
    4   14   -.952E-02   -.780E-02
    4   15   -.107E-01   -.935E-02
    5    1    .207E-04    .917E-04
    5    2    .696E-01    .742E-01
    5    3    .373E-01    .371E-01
    5    4    .428E-01    .455E-01
    5    5    .447E+00    .424E+00
    5    6    .859E-01    .817E-01
    5    7    .893E-02    .000E+00
    5    8   -.141E+01    .000E+00
    5    9   -.814E+00   -.747E+00
    5   10   -.154E+00   -.182E+00
    5   11   -.987E-01   -.788E-01
    5   12   -.356E+00   -.346E+00
    5   13   -.127E+00   -.110E+00
    5   14   -.633E-01   -.546E-01
    5   15   -.353E-01   -.302E-01
    6    1    .998E-02    .107E-01
    6    2    .429E-01    .453E-01
    6    3    .177E-03    .222E-03
    6    4    .699E-04    .793E-04
    6    5    .177E+00    .177E+00
    6    6    .112E-01    .118E-01
    6    7    .265E+00    .270E+00
    6    8    .108E+01    .109E+01
    6    9   -.228E+01    .000E+00
    6   10   -.952E-02   -.823E-02
    6   11   -.923E+00   -.884E+00
    6   12   -.514E-01   -.508E-01
    6   13   -.318E+00   -.303E+00
    6   14   -.155E+00   -.148E+00
    6   15   -.990E-01   -.951E-01
    7    1    .203E-01    .208E-01
    7    2    .222E-01    .232E-01
    7    3    .143E-01    .148E-01
    7    4    .587E-02    .631E-02
    7    5    .631E-01    .650E-01
    7    6    .717E-01    .722E-01
    7    7    .264E+00    .267E+00
    7    8    .180E+00    .194E+00
    7    9    .151E+01    .153E+01
    7   10    .104E+00    .000E+00
    7   11   -.277E+01    .000E+00
    7   12   -.136E-01    .000E+00
    7   13   -.696E+00   -.690E+00
    7   14   -.253E+00   -.250E+00
    7   15   -.137E+00   -.135E+00
    8    1    .163E-01    .157E-01
    8    2    .652E-03    .797E-03
    8    3    .544E-01    .549E-01
    8    4    .302E-01    .326E-01
    8    5    .663E-02    .665E-02
    8    6    .195E+00    .192E+00
    8    7    .267E+00    .268E+00
    8    8    .205E-01    .138E-01
    8    9    .181E+00    .185E+00
    8   10    .300E+00    .000E+00
    8   11    .336E+00    .000E+00
    8   12   -.100E+01    .000E+00
    8   13   -.450E+00   -.445E+00
    8   14   -.766E-01   -.759E-01
    8   15   -.170E-01   -.172E-01
    9    1    .222E-02    .244E-02
    9    2    .122E-01    .130E-01
    9    3    .172E-03    .151E-03
    9    4    .321E-03    .350E-03
    9    5    .358E-01    .373E-01
    9    6    .137E-04    .444E-05
    9    7    .106E-01    .110E-01
    9    8    .757E-01    .758E-01
    9    9    .352E+00    .352E+00
    9   10    .354E-01    .362E-01
    9   11    .177E+01    .177E+01
    9   12    .199E+00    .197E+00
    9   13   -.296E+01    .000E+00
    9   14   -.119E+01   -.119E+01
    9   15   -.354E+00   -.354E+00
   10    1    .232E-02    .251E-02
   10    2    .826E-02    .876E-02
   10    3    .675E-05    .113E-04
   10    4    .250E-04    .278E-04
   10    5    .218E-01    .230E-01
   10    6    .345E-03    .391E-03
   10    7    .979E-02    .101E-01
   10    8    .380E-01    .385E-01
   10    9    .150E+00    .149E+00
   10   10    .155E-01    .158E-01
   10   11    .391E+00    .387E+00
   10   12    .987E-02    .950E-02
   10   13    .241E+01    .240E+01
   10   14   -.345E+01    .000E+00
   10   15   -.124E+01   -.125E+01
   11    1    .232E-02    .247E-02
   11    2    .588E-02    .623E-02
   11    3    .163E-03    .181E-03
   11    4    .966E-05    .102E-04
   11    5    .144E-01    .153E-01
   11    6    .101E-02    .107E-02
   11    7    .866E-02    .887E-02
   11    8    .208E-01    .212E-01
   11    9    .886E-01    .882E-01
   11   10    .131E-01    .134E-01
   11   11    .165E+00    .161E+00
   11   12    .668E-04    .436E-04
   11   13    .485E+00    .479E+00
   11   14    .283E+01    .281E+01
   11   15   -.394E+01    .000E+00
  3  1  0    3  1  1       135
    1    1    .120E+01    .137E+01
    1    2   -.107E-01   -.912E-02
    1    3   -.785E+00   -.809E+00
    1    4   -.254E+01   -.256E+01
    1    5   -.258E-02   -.233E-02
    1    6   -.129E+00   -.133E+00
    1    7   -.429E+00   -.417E+00
    1    8   -.116E+00   -.111E+00
    1    9   -.344E-03   -.290E-03
    1   10   -.434E-01   -.450E-01
    1   11   -.136E-01   -.136E-01
    1   12   -.200E+00   -.192E+00
    1   13   -.118E-02   -.108E-02
    1   14   -.175E-03   -.151E-03
    1   15   -.172E-04   -.134E-04
    2    1    .695E+00    .671E+00
    2    2    .471E+00    .539E+00
    2    3    .128E+01    .136E+01
    2    4   -.162E+00   -.154E+00
    2    5   -.274E-02   -.429E-02
    2    6   -.852E+00   -.869E+00
    2    7   -.873E+00   -.858E+00
    2    8   -.176E+00   -.166E+00
    2    9   -.163E-04   -.478E-06
    2   10   -.153E+00   -.157E+00
    2   11   -.264E-01   -.270E-01
    2   12   -.250E+00   -.241E+00
    2   13   -.680E-03   -.516E-03
    2   14   -.436E-04   -.180E-04
    2   15   -.554E-06   -.865E-06
    3    1    .210E+00    .201E+00
    3    2    .364E-05    .479E-04
    3    3    .751E+00    .743E+00
    3    4    .266E-01    .244E-01
    3    5    .428E+00    .476E+00
    3    6    .172E+01    .167E+01
    3    7   -.195E+00    .000E+00
    3    8   -.769E-01   -.782E-01
    3    9   -.180E-02   -.222E-02
    3   10   -.118E+01   -.118E+01
    3   11   -.134E+00   -.137E+00
    3   12   -.870E+00   -.874E+00
    3   13   -.957E-03   -.837E-03
    3   14   -.103E-04   -.248E-05
    3   15   -.176E-05   -.652E-05
    4    1    .924E-01    .884E-01
    4    2    .676E-06    .403E-04
    4    3    .233E+00    .231E+00
    4    4    .453E-02    .401E-02
    4    5    .201E-04    .452E-05
    4    6    .789E+00    .756E+00
    4    7    .318E+00    .322E+00
    4    8    .220E+00    .261E+00
    4    9    .112E-04    .723E-04
    4   10    .213E+01    .000E+00
    4   11    .321E-01    .000E+00
    4   12   -.375E+00    .000E+00
    4   13   -.343E-02   -.384E-02
    4   14   -.101E-02   -.117E-02
    4   15   -.182E-03   -.251E-03
    5    1    .492E-01    .468E-01
    5    2    .598E-05    .413E-04
    5    3    .107E+00    .105E+00
    5    4    .170E-02    .149E-02
    5    5    .220E-07    .308E-05
    5    6    .253E+00    .246E+00
    5    7    .204E-01    .190E-01
    5    8    .171E-02    .165E-02
    5    9    .401E+00    .454E+00
    5   10    .923E+00    .922E+00
    5   11    .324E-01    .308E-01
    5   12    .136E+00    .132E+00
    5   13    .266E-03    .340E-03
    5   14    .314E-05    .188E-04
    5   15    .827E-03    .630E-03
    6    1    .295E-01    .280E-01
    6    2    .913E-05    .368E-04
    6    3    .590E-01    .580E-01
    6    4    .865E-03    .749E-03
    6    5    .416E-06    .343E-05
    6    6    .118E+00    .116E+00
    6    7    .722E-02    .682E-02
    6    8    .616E-03    .623E-03
    6    9    .441E-04    .368E-04
    6   10    .212E+00    .207E+00
    6   11    .514E+00    .573E+00
    6   12    .359E-03    .314E-04
    6   13    .199E-03    .248E-03
    6   14    .916E-04    .122E-03
    6   15    .403E-03    .463E-03
    7    1    .192E-01    .182E-01
    7    2    .976E-05    .308E-04
    7    3    .364E-01    .358E-01
    7    4    .514E-03    .443E-03
    7    5    .393E-06    .252E-05
    7    6    .663E-01    .659E-01
    7    7    .354E-02    .340E-02
    7    8    .300E-03    .314E-03
    7    9    .273E-05    .991E-06
    7   10    .122E+00    .121E+00
    7   11    .662E-02    .655E-02
    7   12    .212E-01    .212E-01
    7   13    .405E+00    .461E+00
    7   14    .203E-03    .248E-03
    7   15    .292E-03    .333E-03
    8    1    .132E-01    .125E-01
    8    2    .915E-05    .252E-04
    8    3    .243E-01    .238E-01
    8    4    .335E-03    .288E-03
    8    5    .288E-06    .176E-05
    8    6    .416E-01    .416E-01
    8    7    .205E-02    .198E-02
    8    8    .172E-03    .185E-03
    8    9    .158E-06    .361E-07
    8   10    .702E-01    .697E-01
    8   11    .310E-02    .303E-02
    8   12    .859E-02    .846E-02
    8   13    .447E-04    .452E-04
    8   14    .407E+00    .463E+00
    8   15    .432E-03    .491E-03
    9    1    .945E-02    .897E-02
    9    2    .810E-05    .205E-04
    9    3    .170E-01    .167E-01
    9    4    .232E-03    .199E-03
    9    5    .202E-06    .125E-05
    9    6    .281E-01    .282E-01
    9    7    .131E-02    .128E-02
    9    8    .109E-03    .119E-03
    9    9    .231E-08    .316E-06
    9   10    .448E-01    .445E-01
    9   11    .181E-02    .176E-02
    9   12    .472E-02    .461E-02
    9   13    .771E-05    .690E-05
    9   14    .762E-04    .807E-04
    9   15    .401E+00    .457E+00
  3  1  0    3  2  1        72
    1    1   -.815E+01   -.815E+01
    1    2   -.171E+01   -.168E+01
    1    3   -.659E+00   -.648E+00
    1    4   -.329E+00   -.323E+00
    1    5   -.191E+00   -.187E+00
    1    6   -.121E+00   -.119E+00
    1    7   -.820E-01   -.804E-01
    1    8   -.582E-01   -.571E-01
    2    1   -.519E+00   -.531E+00
    2    2   -.348E+01   -.345E+01
    2    3   -.859E+00   -.847E+00
    2    4   -.354E+00   -.349E+00
    2    5   -.185E+00   -.182E+00
    2    6   -.110E+00   -.108E+00
    2    7   -.716E-01   -.703E-01
    2    8   -.494E-01   -.485E-01
    3    1    .216E+00    .212E+00
    3    2   -.952E+00    .000E+00
    3    3   -.328E+01   -.330E+01
    3    4   -.888E+00   -.913E+00
    3    5   -.388E+00   -.403E+00
    3    6   -.211E+00   -.219E+00
    3    7   -.129E+00   -.134E+00
    3    8   -.860E-01   -.888E-01
    4    1    .429E-01    .422E-01
    4    2    .506E+00    .475E+00
    4    3   -.133E+01    .000E+00
    4    4   -.326E+01   -.309E+01
    4    5   -.912E+00   -.845E+00
    4    6   -.409E+00   -.377E+00
    4    7   -.226E+00   -.210E+00
    4    8   -.141E+00   -.132E+00
    5    1    .166E-01    .163E-01
    5    2    .100E+00    .959E-01
    5    3    .842E+00    .840E+00
    5    4   -.168E+01    .000E+00
    5    5   -.333E+01   -.325E+01
    5    6   -.942E+00   -.917E+00
    5    7   -.427E+00   -.415E+00
    5    8   -.238E+00   -.232E+00
    6    1    .841E-02    .824E-02
    6    2    .387E-01    .379E-01
    6    3    .171E+00    .170E+00
    6    4    .121E+01    .122E+01
    6    5   -.202E+01    .000E+00
    6    6   -.344E+01   -.343E+01
    6    7   -.978E+00   -.974E+00
    6    8   -.445E+00   -.444E+00
    7    1    .495E-02    .485E-02
    7    2    .196E-01    .196E-01
    7    3    .666E-01    .660E-01
    7    4    .248E+00    .244E+00
    7    5    .159E+01    .158E+01
    7    6   -.235E+01    .000E+00
    7    7   -.359E+01   -.360E+01
    7    8   -.102E+01   -.102E+01
    8    1    .320E-02    .313E-02
    8    2    .115E-01    .117E-01
    8    3    .340E-01    .336E-01
    8    4    .974E-01    .937E-01
    8    5    .330E+00    .322E+00
    8    6    .199E+01    .197E+01
    8    7   -.268E+01    .000E+00
    8    8   -.374E+01   -.377E+01
    9    1    .220E-02    .215E-02
    9    2    .745E-02    .762E-02
    9    3    .201E-01    .199E-01
    9    4    .500E-01    .473E-01
    9    5    .130E+00    .125E+00
    9    6    .415E+00    .405E+00
    9    7    .240E+01    .237E+01
    9    8   -.300E+01    .000E+00
  3  1  1    3  2  0       195
    1    1   -.626E+01   -.624E+01
    1    2   -.676E+00   -.654E+00
    1    3   -.119E+01   -.118E+01
    1    4   -.298E+00   -.293E+00
    1    5   -.102E-01   -.997E-02
    1    6   -.407E+00   -.404E+00
    1    7   -.229E+00   -.227E+00
    1    8   -.195E+00   -.191E+00
    1    9   -.549E-01   -.545E-01
    1   10   -.112E-03   -.126E-03
    1   11   -.793E-01   -.784E-01
    1   12   -.557E-01   -.550E-01
    1   13   -.412E-01   -.407E-01
    2    1   -.660E+00   -.663E+00
    2    2   -.781E+00   -.869E+00
    2    3   -.448E+01   -.446E+01
    2    4   -.322E-02   -.325E-02
    2    5   -.130E+00   -.131E+00
    2    6   -.105E+01   -.105E+01
    2    7   -.479E+00   -.476E+00
    2    8   -.284E-01   -.284E-01
    2    9   -.232E+00   -.230E+00
    2   10   -.759E-02   -.789E-02
    2   11   -.150E+00   -.149E+00
    2   12   -.988E-01   -.980E-01
    2   13   -.689E-01   -.684E-01
    3    1    .272E-01    .269E-01
    3    2   -.126E+01   -.134E+01
    3    3   -.134E-02   -.153E-02
    3    4   -.148E+01   -.148E+01
    3    5   -.126E+00   -.128E+00
    3    6   -.197E-02   -.203E-02
    3    7   -.253E-03   -.265E-03
    3    8   -.369E+00   -.368E+00
    3    9   -.537E-01   -.538E-01
    3   10   -.297E-01   -.303E-01
    3   11   -.419E-03   -.421E-03
    3   12   -.138E-03   -.140E-03
    3   13   -.149E-04   -.157E-04
    4    1    .592E+00    .649E+00
    4    2    .163E+00    .161E+00
    4    3   -.106E+00   -.101E+00
    4    4   -.168E+00   -.172E+00
    4    5   -.856E+01   -.843E+01
    4    6   -.245E+00   -.239E+00
    4    7   -.285E-02   -.253E-02
    4    8   -.360E-01   -.367E-01
    4    9   -.246E-04   -.177E-04
    4   10   -.144E+01   -.141E+01
    4   11   -.340E-02   -.316E-02
    4   12   -.968E-03   -.871E-03
    4   13   -.290E-03   -.248E-03
    5    1    .250E+00    .252E+00
    5    2    .847E-04    .520E-04
    5    3   -.131E+01    .000E+00
    5    4   -.813E+00   -.926E+00
    5    5   -.517E-02   -.529E-02
    5    6   -.415E+01   -.414E+01
    5    7   -.117E+01   -.119E+01
    5    8   -.458E-01   -.482E-01
    5    9   -.467E+00   -.480E+00
    5   10   -.567E-03   -.557E-03
    5   11   -.280E+00   -.288E+00
    5   12   -.173E+00   -.177E+00
    5   13   -.115E+00   -.118E+00
    6    1    .852E-02    .711E-02
    6    2    .727E+00    .758E+00
    6    3    .298E-02    .560E-02
    6    4   -.183E+01    .000E+00
    6    5   -.417E-01   -.451E-01
    6    6   -.428E-02   -.216E-02
    6    7   -.347E-02   -.423E-02
    6    8   -.152E+01   -.151E+01
    6    9   -.155E+00   -.150E+00
    6   10   -.525E-01   -.519E-01
    6   11   -.117E-04   -.432E-04
    6   12   -.149E-03   -.219E-03
    6   13   -.409E-03   -.506E-03
    7    1    .324E-01    .327E-01
    7    2    .559E-01    .573E-01
    7    3    .107E+01    .113E+01
    7    4    .118E+00    .000E+00
    7    5   -.457E+00    .000E+00
    7    6   -.754E+00    .000E+00
    7    7   -.650E+00   -.613E+00
    7    8   -.743E+00   -.774E+00
    7    9   -.144E+00   -.126E+00
    7   10   -.553E+01   -.553E+01
    7   11   -.574E-01   -.515E-01
    7   12   -.432E-01   -.397E-01
    7   13   -.323E-01   -.302E-01
    8    1    .231E-01    .239E-01
    8    2    .203E-01    .213E-01
    8    3    .162E+00    .135E+00
    8    4    .190E-01    .151E-01
    8    5    .980E-02    .000E+00
    8    6   -.988E+00    .000E+00
    8    7   -.373E+01   -.352E+01
    8    8   -.526E+00   -.584E+00
    8    9   -.497E+00   -.424E+00
    8   10   -.190E+01   -.190E+01
    8   11   -.473E+00   -.435E+00
    8   12   -.250E+00   -.231E+00
    8   13   -.150E+00   -.140E+00
    9    1    .184E-01    .188E-01
    9    2    .786E-04    .724E-04
    9    3    .122E+00    .117E+00
    9    4    .105E-01    .985E-02
    9    5    .325E-01    .323E-01
    9    6    .115E+01    .116E+01
    9    7   -.239E+01    .000E+00
    9    8   -.422E+00   -.416E+00
    9    9   -.386E+01   -.376E+01
    9   10   -.671E-01   -.660E-01
    9   11   -.126E+01   -.123E+01
    9   12   -.581E+00   -.566E+00
    9   13   -.338E+00   -.331E+00
   10    1    .373E-02    .317E-02
   10    2    .156E+00    .165E+00
   10    3    .228E-02    .167E-02
   10    4    .124E+01    .121E+01
   10    5    .993E-02    .103E-01
   10    6    .302E-02    .412E-02
   10    7    .323E-01    .283E-01
   10    8   -.237E+01    .000E+00
   10    9   -.284E-01    .000E+00
   10   10   -.744E-01   -.770E-01
   10   11   -.203E-01   -.223E-01
   10   12   -.114E-01   -.123E-01
   10   13   -.951E-02   -.997E-02
   11    1    .967E-02    .999E-02
   11    2    .335E-04    .460E-04
   11    3    .488E-01    .489E-01
   11    4    .456E-06    .290E-05
   11    5    .412E-01    .404E-01
   11    6    .373E+00    .388E+00
   11    7    .165E+01    .165E+01
   11    8    .325E-01    .000E+00
   11    9   -.326E+01    .000E+00
   11   10   -.594E-02    .000E+00
   11   11   -.394E+01   -.393E+01
   11   12   -.116E+01   -.116E+01
   11   13   -.543E+00   -.541E+00
   12    1    .102E-02    .100E-02
   12    2    .199E-01    .205E-01
   12    3    .142E-03    .121E-03
   12    4    .932E-01    .921E-01
   12    5    .184E+00    .177E+00
   12    6    .241E+00    .283E+00
   12    7    .160E-01    .182E-01
   12    8    .296E-01    .000E+00
   12    9    .522E+00    .000E+00
   12   10   -.489E+00    .000E+00
   12   11   -.731E+00   -.717E+00
   12   12   -.106E+00   -.104E+00
   12   13   -.299E-01   -.292E-01
   13    1    .470E-02    .482E-02
   13    2    .103E-03    .112E-03
   13    3    .229E-01    .234E-01
   13    4    .807E-05    .155E-04
   13    5    .786E-03    .802E-03
   13    6    .651E-01    .639E-01
   13    7    .345E+00    .341E+00
   13    8    .197E+00    .193E+00
   13    9    .190E+01    .189E+01
   13   10    .925E-02    .975E-02
   13   11   -.309E+01    .000E+00
   13   12   -.476E+01   -.478E+01
   13   13   -.134E+01   -.135E+01
   14    1    .329E-02    .336E-02
   14    2    .238E-05    .198E-05
   14    3    .140E-01    .145E-01
   14    4    .274E-03    .242E-03
   14    5    .993E-03    .989E-03
   14    6    .374E-01    .370E-01
   14    7    .145E+00    .141E+00
   14    8    .622E-01    .603E-01
   14    9    .390E+00    .381E+00
   14   10    .368E-05    .199E-05
   14   11    .269E+01    .266E+01
   14   12   -.373E+01    .000E+00
   14   13   -.490E+01   -.492E+01
   15    1    .245E-02    .249E-02
   15    2    .133E-03    .136E-03
   15    3    .935E-02    .972E-02
   15    4    .109E-02    .103E-02
   15    5    .875E-03    .862E-03
   15    6    .228E-01    .225E-01
   15    7    .831E-01    .801E-01
   15    8    .435E-01    .421E-01
   15    9    .145E+00    .139E+00
   15   10    .516E-03    .514E-03
   15   11    .563E+00    .550E+00
   15   12    .329E+01    .325E+01
   15   13   -.436E+01    .000E+00
  3  2  0    3  2  1       104
    1    1   -.932E+00   -.103E+01
    1    2   -.429E-02   -.384E-02
    1    3   -.155E-02   -.139E-02
    1    4   -.692E-03   -.619E-03
    1    5   -.365E-03   -.326E-03
    1    6   -.216E-03   -.192E-03
    1    7   -.138E-03   -.123E-03
    1    8   -.942E-04   -.836E-04
    2    1   -.259E+00   -.266E+00
    2    2   -.102E+01   -.103E+01
    2    3   -.283E+00   -.286E+00
    2    4   -.124E+00   -.125E+00
    2    5   -.670E-01   -.676E-01
    2    6   -.409E-01   -.413E-01
    2    7   -.270E-01   -.273E-01
    2    8   -.189E-01   -.190E-01
    3    1    .450E-03    .228E-03
    3    2   -.787E+00   -.887E+00
    3    3   -.622E-04   -.783E-04
    3    4   -.293E-07   -.849E-07
    3    5   -.158E-05   -.919E-06
    3    6   -.179E-05   -.124E-05
    3    7   -.150E-05   -.110E-05
    3    8   -.118E-05   -.878E-06
    4    1    .803E-01    .849E-01
    4    2   -.483E+00    .000E+00
    4    3   -.867E+00   -.865E+00
    4    4   -.268E+00   -.274E+00
    4    5   -.122E+00   -.125E+00
    4    6   -.675E-01   -.692E-01
    4    7   -.419E-01   -.429E-01
    4    8   -.281E-01   -.287E-01
    5    1    .171E+01    .167E+01
    5    2    .863E-01    .000E+00
    5    3   -.102E+00   -.108E+00
    5    4   -.972E-02   -.108E-01
    5    5   -.348E-02   -.398E-02
    5    6   -.171E-02   -.196E-02
    5    7   -.984E-03   -.113E-02
    5    8   -.628E-03   -.716E-03
    6    1    .289E-01    .271E-01
    6    2    .460E-03    .000E+00
    6    3   -.746E+00   -.842E+00
    6    4   -.934E-03   -.954E-03
    6    5   -.293E-03   -.295E-03
    6    6   -.137E-03   -.137E-03
    6    7   -.771E-04   -.770E-04
    6    8   -.486E-04   -.484E-04
    7    1    .139E-03    .972E-04
    7    2    .115E-04    .454E-05
    7    3   -.451E-03   -.367E-03
    7    4   -.681E+00   -.775E+00
    7    5   -.874E-04   -.104E-03
    7    6   -.921E-05   -.121E-04
    7    7   -.159E-05   -.238E-05
    7    8   -.301E-06   -.558E-06
    8    1    .106E-01    .116E-01
    8    2    .140E+00    .131E+00
    8    3   -.586E+00    .000E+00
    8    4   -.860E+00   -.818E+00
    8    5   -.574E-01   -.415E-01
    8    6   -.101E+00   -.917E-01
    8    7   -.588E-01   -.540E-01
    8    8   -.375E-01   -.348E-01
    9    1    .479E-02    .512E-02
    9    2    .464E-01    .444E-01
    9    3   -.595E-01    .000E+00
    9    4   -.108E+00   -.101E+00
    9    5   -.925E+00   -.101E+01
    9    6   -.160E-01   -.147E-01
    9    7   -.847E-02   -.781E-02
    9    8   -.521E-02   -.482E-02
   10    1    .297E+00    .288E+00
   10    2    .140E+01    .136E+01
   10    3    .150E+00    .000E+00
   10    4   -.931E-01   -.791E-01
   10    5   -.518E-02   -.253E-02
   10    6   -.106E-01   -.849E-02
   10    7   -.460E-02   -.360E-02
   10    8   -.257E-02   -.203E-02
   11    1    .291E-03    .244E-03
   11    2    .542E-03    .507E-03
   11    3    .765E-05    .211E-05
   11    4   -.375E-03   -.341E-03
   11    5   -.131E-04   -.219E-04
   11    6   -.692E+00   -.788E+00
   11    7   -.222E-03   -.242E-03
   11    8   -.676E-04   -.724E-04
   12    1    .805E-04    .635E-04
   12    2    .104E-03    .937E-04
   12    3    .176E-04    .114E-04
   12    4   -.345E-03   -.314E-03
   12    5   -.187E-04   -.247E-04
   12    6   -.151E-03   -.176E-03
   12    7   -.685E+00   -.780E+00
   12    8   -.137E-03   -.154E-03
   13    1    .322E-04    .245E-04
   13    2    .374E-04    .323E-04
   13    3    .225E-04    .171E-04
   13    4   -.676E-03   -.642E-03
   13    5   -.154E-03   -.164E-03
   13    6   -.152E-03   -.165E-03
   13    7   -.301E-03   -.333E-03
   13    8   -.679E+00   -.773E+00
  3  2  0    3  3  1       143
    1    1   -.216E+00   -.282E+00
    1    2   -.145E+02   -.145E+02
    1    3   -.305E-03   -.182E-03
    1    4   -.251E+01   -.249E+01
    1    5   -.892E+00   -.886E+00
    1    6   -.364E+00   -.360E+00
    1    7   -.768E-01   -.776E-01
    1    8   -.170E-03   -.202E-03
    1    9   -.247E+00   -.245E+00
    1   10   -.155E+00   -.154E+00
    1   11   -.104E+00   -.104E+00
    2    1   -.106E+01   -.104E+01
    2    2   -.293E+00   -.286E+00
    2    3   -.640E+01   -.641E+01
    2    4   -.268E-02   -.307E-02
    2    5   -.683E-02   -.643E-02
    2    6   -.165E+00   -.164E+00
    2    7   -.142E+01   -.142E+01
    2    8   -.122E-02   -.115E-02
    2    9   -.924E-03   -.847E-03
    2   10   -.119E-02   -.112E-02
    2   11   -.144E-02   -.138E-02
    3    1    .317E-01    .372E-01
    3    2   -.862E+00    .000E+00
    3    3   -.163E+00   -.208E+00
    3    4   -.125E+02   -.126E+02
    3    5   -.282E+01   -.287E+01
    3    6   -.105E+01   -.107E+01
    3    7   -.808E-01   -.791E-01
    3    8   -.130E-02   -.127E-02
    3    9   -.580E+00   -.588E+00
    3   10   -.344E+00   -.347E+00
    3   11   -.224E+00   -.224E+00
    4    1    .341E+00    .364E+00
    4    2    .168E-01    .197E-01
    4    3   -.174E+01    .000E+00
    4    4   -.228E+00   -.249E+00
    4    5   -.536E-03   -.994E-03
    4    6   -.485E+00   -.489E+00
    4    7   -.575E+01   -.571E+01
    4    8   -.206E-03   -.225E-03
    4    9   -.954E-03   -.765E-03
    4   10   -.494E-04   -.236E-04
    4   11   -.866E-04   -.119E-03
    5    1    .331E-01    .291E-01
    5    2    .825E+00    .919E+00
    5    3    .206E-04    .000E+00
    5    4   -.848E-01    .000E+00
    5    5   -.142E+00   -.136E+00
    5    6   -.350E-01   -.326E-01
    5    7   -.105E+00   -.108E+00
    5    8   -.199E+02   -.198E+02
    5    9   -.140E-01   -.135E-01
    5   10   -.818E-02   -.803E-02
    5   11   -.489E-02   -.486E-02
    6    1    .927E-04    .356E-03
    6    2    .175E+00    .157E+00
    6    3    .112E+00    .116E+00
    6    4   -.137E+01    .000E+00
    6    5   -.110E+02   -.105E+02
    6    6   -.195E+01   -.180E+01
    6    7   -.132E+01   -.143E+01
    6    8   -.457E+00   -.459E+00
    6    9   -.122E+01   -.117E+01
    6   10   -.647E+00   -.631E+00
    6   11   -.394E+00   -.389E+00
    7    1    .140E-02    .188E-02
    7    2    .478E-01    .468E-01
    7    3    .350E-02    .418E-02
    7    4    .746E+00    .761E+00
    7    5   -.194E+01    .000E+00
    7    6   -.104E+02   -.103E+02
    7    7   -.489E+00   -.473E+00
    7    8   -.968E-02   -.967E-02
    7    9   -.284E+01   -.281E+01
    7   10   -.123E+01   -.122E+01
    7   11   -.655E+00   -.651E+00
    8    1    .611E-01    .671E-01
    8    2    .442E-02    .513E-02
    8    3    .808E+00    .796E+00
    8    4    .792E-01    .825E-01
    8    5    .254E+00    .253E+00
    8    6   -.216E+00    .000E+00
    8    7   -.322E+01    .000E+00
    8    8   -.156E-02    .000E+00
    8    9   -.592E+00   -.592E+00
    8   10   -.171E+00   -.171E+00
    8   11   -.658E-01   -.660E-01
    9    1    .244E-02    .243E-02
    9    2    .137E-01    .137E-01
    9    3    .680E-01    .647E-01
    9    4    .131E+00    .132E+00
    9    5    .997E+00    .981E+00
    9    6   -.147E+01    .000E+00
    9    7   -.853E-01    .000E+00
    9    8   -.255E-02    .000E+00
    9    9   -.101E+02   -.101E+02
    9   10   -.272E+01   -.272E+01
    9   11   -.122E+01   -.122E+01
   10    1    .628E-02    .524E-02
   10    2    .240E-03    .203E-03
   10    3    .687E-02    .560E-02
   10    4    .665E+00    .756E+00
   10    5    .479E-03    .644E-03
   10    6    .865E-01    .000E+00
   10    7    .778E-04    .000E+00
   10    8    .467E-01    .000E+00
   10    9   -.194E+00   -.191E+00
   10   10   -.308E-01   -.303E-01
   10   11   -.126E-01   -.123E-01
   11    1    .150E-03    .245E-03
   11    2    .805E-02    .854E-02
   11    3    .454E-10    .170E-04
   11    4    .399E-01    .384E-01
   11    5    .233E+00    .220E+00
   11    6    .151E+01    .147E+01
   11    7    .287E+00    .287E+00
   11    8    .541E-05    .803E-06
   11    9   -.272E+01    .000E+00
   11   10   -.110E+02   -.110E+02
   11   11   -.299E+01   -.299E+01
   12    1    .174E-03    .257E-03
   12    2    .465E-02    .504E-02
   12    3    .751E-04    .143E-03
   12    4    .214E-01    .205E-01
   12    5    .893E-01    .813E-01
   12    6    .293E+00    .278E+00
   12    7    .660E-01    .656E-01
   12    8    .944E-04    .869E-04
   12    9    .238E+01    .235E+01
   12   10   -.318E+01    .000E+00
   12   11   -.112E+02   -.112E+02
   13    1    .192E-03    .266E-03
   13    2    .298E-02    .327E-02
   13    3    .212E-03    .301E-03
   13    4    .128E-01    .122E-01
   13    5    .467E-01    .415E-01
   13    6    .107E+00    .997E-01
   13    7    .333E-01    .330E-01
   13    8    .985E-04    .947E-04
   13    9    .480E+00    .469E+00
   13   10    .302E+01    .300E+01
   13   11   -.361E+01    .000E+00
  0  0  0    0  0  0         0
