   12    2    F
  1  0  0    1  1  1        90
    1    1   -.741E+00   -.741E+00
    1    2   -.151E+00   -.151E+00
    1    3   -.564E-01   -.565E-01
    1    4   -.273E-01   -.274E-01
    1    5   -.153E-01   -.154E-01
    1    6   -.950E-02   -.954E-02
    1    7   -.630E-02   -.632E-02
    1    8   -.439E-02   -.440E-02
    1    9   -.318E-02   -.319E-02
    2    1   -.436E-01    .000E+00
    2    2   -.395E+00   -.395E+00
    2    3   -.969E-01   -.971E-01
    2    4   -.400E-01   -.401E-01
    2    5   -.208E-01   -.208E-01
    2    6   -.123E-01   -.123E-01
    2    7   -.789E-02   -.790E-02
    2    8   -.539E-02   -.540E-02
    2    9   -.386E-02   -.386E-02
    3    1    .510E-01    .509E-01
    3    2   -.760E-01    .000E+00
    3    3   -.434E+00   -.435E+00
    3    4   -.113E+00   -.114E+00
    3    5   -.485E-01   -.489E-01
    3    6   -.260E-01   -.262E-01
    3    7   -.158E-01   -.159E-01
    3    8   -.104E-01   -.104E-01
    3    9   -.723E-02   -.726E-02
    4    1    .112E-01    .112E-01
    4    2    .117E+00    .115E+00
    4    3   -.106E+00    .000E+00
    4    4   -.483E+00    .000E+00
    4    5   -.127E+00   -.122E+00
    4    6   -.558E-01   -.539E-01
    4    7   -.304E-01   -.296E-01
    4    8   -.187E-01   -.184E-01
    4    9   -.125E-01   -.123E-01
    5    1    .444E-02    .443E-02
    5    2    .262E-01    .261E-01
    5    3    .189E+00    .000E+00
    5    4   -.135E+00    .000E+00
    5    5   -.536E+00    .000E+00
    5    6   -.142E+00    .000E+00
    5    7   -.627E-01    .000E+00
    5    8   -.344E-01    .000E+00
    5    9   -.214E-01    .000E+00
    6    1    .226E-02    .225E-02
    6    2    .106E-01    .107E-01
    6    3    .428E-01    .423E-01
    6    4    .264E+00    .000E+00
    6    5   -.163E+00    .000E+00
    6    6   -.592E+00    .000E+00
    6    7   -.157E+00    .000E+00
    6    8   -.693E-01    .000E+00
    6    9   -.383E-01    .000E+00
    7    1    .132E-02    .131E-02
    7    2    .550E-02    .556E-02
    7    3    .175E-01    .172E-01
    7    4    .602E-01    .000E+00
    7    5    .341E+00    .000E+00
    7    6   -.192E+00    .000E+00
    7    7   -.649E+00    .000E+00
    7    8   -.171E+00    .000E+00
    7    9   -.759E-01    .000E+00
    8    1    .841E-03    .838E-03
    8    2    .327E-02    .331E-02
    8    3    .919E-02    .898E-02
    8    4    .248E-01    .000E+00
    8    5    .780E-01    .000E+00
    8    6    .419E+00    .000E+00
    8    7   -.220E+00    .000E+00
    8    8   -.707E+00    .000E+00
    8    9   -.186E+00    .000E+00
    9    1    .572E-03    .570E-03
    9    2    .213E-02    .215E-02
    9    3    .553E-02    .539E-02
    9    4    .131E-01    .000E+00
    9    5    .322E-01    .000E+00
    9    6    .960E-01    .000E+00
    9    7    .498E+00    .000E+00
    9    8   -.248E+00    .000E+00
    9    9   -.766E+00    .000E+00
   10    1    .407E-03    .406E-03
   10    2    .147E-02    .149E-02
   10    3    .363E-02    .353E-02
   10    4    .791E-02    .000E+00
   10    5    .171E-01    .000E+00
   10    6    .397E-01    .000E+00
   10    7    .114E+00    .000E+00
   10    8    .578E+00    .000E+00
   10    9   -.276E+00    .000E+00
  1  2  0    1  1  1        72
    1    1    .210E+01    .210E+01
    1    2   -.242E-01    .000E+00
    1    3   -.518E-01   -.520E-01
    1    4   -.105E-01   -.107E-01
    1    5   -.400E-02   -.407E-02
    1    6   -.200E-02   -.203E-02
    1    7   -.116E-02   -.118E-02
    1    8   -.744E-03   -.750E-03
    1    9   -.508E-03   -.511E-03
    2    1    .361E+00    .361E+00
    2    2    .189E+01    .188E+01
    2    3   -.402E-01    .000E+00
    2    4   -.132E+00    .000E+00
    2    5   -.279E-01   -.250E-01
    2    6   -.109E-01   -.988E-02
    2    7   -.554E-02   -.512E-02
    2    8   -.326E-02   -.307E-02
    2    9   -.211E-02   -.202E-02
    3    1    .131E+00    .131E+00
    3    2    .419E+00    .421E+00
    3    3    .186E+01    .000E+00
    3    4   -.540E-01    .000E+00
    3    5   -.229E+00    .000E+00
    3    6   -.497E-01    .000E+00
    3    7   -.197E-01    .000E+00
    3    8   -.101E-01    .000E+00
    3    9   -.599E-02    .000E+00
    4    1    .634E-01    .634E-01
    4    2    .168E+00    .169E+00
    4    3    .450E+00    .445E+00
    4    4    .191E+01    .000E+00
    4    5   -.669E-01    .000E+00
    4    6   -.336E+00    .000E+00
    4    7   -.741E-01    .000E+00
    4    8   -.296E-01    .000E+00
    4    9   -.153E-01    .000E+00
    5    1    .361E-01    .361E-01
    5    2    .868E-01    .874E-01
    5    3    .189E+00    .187E+00
    5    4    .477E+00    .000E+00
    5    5    .200E+01    .000E+00
    5    6   -.797E-01    .000E+00
    5    7   -.450E+00    .000E+00
    5    8   -.100E+00    .000E+00
    5    9   -.404E-01    .000E+00
    6    1    .227E-01    .227E-01
    6    2    .514E-01    .518E-01
    6    3    .100E+00    .991E-01
    6    4    .204E+00    .000E+00
    6    5    .504E+00    .000E+00
    6    6    .210E+01    .000E+00
    6    7   -.924E-01    .000E+00
    6    8   -.569E+00    .000E+00
    6    9   -.128E+00    .000E+00
    7    1    .152E-01    .153E-01
    7    2    .333E-01    .335E-01
    7    3    .608E-01    .600E-01
    7    4    .110E+00    .000E+00
    7    5    .219E+00    .000E+00
    7    6    .533E+00    .000E+00
    7    7    .222E+01    .000E+00
    7    8   -.105E+00    .000E+00
    7    9   -.691E+00    .000E+00
    8    1    .108E-01    .108E-01
    8    2    .229E-01    .231E-01
    8    3    .400E-01    .396E-01
    8    4    .678E-01    .000E+00
    8    5    .119E+00    .000E+00
    8    6    .232E+00    .000E+00
    8    7    .563E+00    .000E+00
    8    8    .234E+01    .000E+00
    8    9   -.118E+00    .000E+00
  3  0  0    3  1  1        81
    1    1   -.183E+00    .000E+00
    1    2   -.113E+01   -.113E+01
    1    3   -.282E+00   -.282E+00
    1    4   -.117E+00   -.117E+00
    1    5   -.609E-01   -.609E-01
    1    6   -.360E-01   -.360E-01
    1    7   -.232E-01   -.232E-01
    1    8   -.159E-01   -.159E-01
    1    9   -.113E-01   -.113E-01
    2    1    .157E+00    .157E+00
    2    2   -.307E+00    .000E+00
    2    3   -.124E+01   -.125E+01
    2    4   -.327E+00   -.330E+00
    2    5   -.141E+00   -.142E+00
    2    6   -.760E-01   -.764E-01
    2    7   -.462E-01   -.463E-01
    2    8   -.304E-01   -.305E-01
    2    9   -.212E-01   -.212E-01
    3    1    .338E-01    .339E-01
    3    2    .365E+00    .361E+00
    3    3   -.423E+00    .000E+00
    3    4   -.138E+01    .000E+00
    3    5   -.370E+00   -.355E+00
    3    6   -.163E+00   -.157E+00
    3    7   -.889E-01   -.867E-01
    3    8   -.549E-01   -.539E-01
    3    9   -.366E-01   -.362E-01
    4    1    .133E-01    .133E-01
    4    2    .809E-01    .811E-01
    4    3    .593E+00    .000E+00
    4    4   -.534E+00    .000E+00
    4    5   -.154E+01    .000E+00
    4    6   -.413E+00    .000E+00
    4    7   -.183E+00    .000E+00
    4    8   -.101E+00    .000E+00
    4    9   -.627E-01    .000E+00
    5    1    .674E-02    .676E-02
    5    2    .326E-01    .330E-01
    5    3    .133E+00    .131E+00
    5    4    .829E+00    .000E+00
    5    5   -.646E+00    .000E+00
    5    6   -.170E+01    .000E+00
    5    7   -.455E+00    .000E+00
    5    8   -.202E+00    .000E+00
    5    9   -.112E+00    .000E+00
    6    1    .393E-02    .394E-02
    6    2    .169E-01    .171E-01
    6    3    .542E-01    .531E-01
    6    4    .187E+00    .000E+00
    6    5    .107E+01    .000E+00
    6    6   -.758E+00    .000E+00
    6    7   -.186E+01    .000E+00
    6    8   -.497E+00    .000E+00
    6    9   -.221E+00    .000E+00
    7    1    .250E-02    .251E-02
    7    2    .100E-01    .102E-01
    7    3    .283E-01    .277E-01
    7    4    .766E-01    .000E+00
    7    5    .242E+00    .000E+00
    7    6    .131E+01    .000E+00
    7    7   -.869E+00    .000E+00
    7    8   -.202E+01    .000E+00
    7    9   -.539E+00    .000E+00
    8    1    .170E-02    .170E-02
    8    2    .651E-02    .662E-02
    8    3    .170E-01    .166E-01
    8    4    .404E-01    .000E+00
    8    5    .996E-01    .000E+00
    8    6    .298E+00    .000E+00
    8    7    .156E+01    .000E+00
    8    8   -.980E+00    .000E+00
    8    9   -.219E+01    .000E+00
    9    1    .121E-02    .121E-02
    9    2    .449E-02    .457E-02
    9    3    .112E-01    .109E-01
    9    4    .244E-01    .000E+00
    9    5    .527E-01    .000E+00
    9    6    .123E+00    .000E+00
    9    7    .354E+00    .000E+00
    9    8    .181E+01    .000E+00
    9    9   -.109E+01    .000E+00
  3  2  0    3  1  1        72
    1    1    .608E+01    .608E+01
    1    2    .219E+00    .000E+00
    1    3   -.196E+00   -.197E+00
    1    4   -.388E-01   -.394E-01
    1    5   -.147E-01   -.149E-01
    1    6   -.735E-02   -.744E-02
    1    7   -.427E-02   -.430E-02
    1    8   -.273E-02   -.274E-02
    1    9   -.186E-02   -.187E-02
    2    1    .110E+01    .110E+01
    2    2    .528E+01    .526E+01
    2    3    .385E+00    .000E+00
    2    4   -.488E+00    .000E+00
    2    5   -.100E+00   -.910E-01
    2    6   -.389E-01   -.359E-01
    2    7   -.197E-01   -.186E-01
    2    8   -.116E-01   -.111E-01
    2    9   -.750E-02   -.728E-02
    3    1    .407E+00    .407E+00
    3    2    .123E+01    .123E+01
    3    3    .514E+01    .000E+00
    3    4    .529E+00    .000E+00
    3    5   -.832E+00    .000E+00
    3    6   -.176E+00    .000E+00
    3    7   -.691E-01    .000E+00
    3    8   -.354E-01    .000E+00
    3    9   -.210E-01    .000E+00
    4    1    .200E+00    .200E+00
    4    2    .502E+00    .505E+00
    4    3    .129E+01    .128E+01
    4    4    .522E+01    .000E+00
    4    5    .673E+00    .000E+00
    4    6   -.121E+01    .000E+00
    4    7   -.260E+00    .000E+00
    4    8   -.103E+00    .000E+00
    4    9   -.531E-01    .000E+00
    5    1    .114E+00    .114E+00
    5    2    .261E+00    .263E+00
    5    3    .551E+00    .545E+00
    5    4    .136E+01    .000E+00
    5    5    .542E+01    .000E+00
    5    6    .801E+00    .000E+00
    5    7   -.161E+01    .000E+00
    5    8   -.349E+00    .000E+00
    5    9   -.139E+00    .000E+00
    6    1    .720E-01    .720E-01
    6    2    .155E+00    .156E+00
    6    3    .295E+00    .292E+00
    6    4    .590E+00    .000E+00
    6    5    .142E+01    .000E+00
    6    6    .567E+01    .000E+00
    6    7    .929E+00    .000E+00
    6    8   -.202E+01    .000E+00
    6    9   -.443E+00    .000E+00
    7    1    .485E-01    .485E-01
    7    2    .101E+00    .102E+00
    7    3    .180E+00    .178E+00
    7    4    .322E+00    .000E+00
    7    5    .627E+00    .000E+00
    7    6    .149E+01    .000E+00
    7    7    .596E+01    .000E+00
    7    8    .106E+01    .000E+00
    7    9   -.244E+01    .000E+00
    8    1    .344E-01    .344E-01
    8    2    .697E-01    .701E-01
    8    3    .119E+00    .118E+00
    8    4    .199E+00    .000E+00
    8    5    .345E+00    .000E+00
    8    6    .662E+00    .000E+00
    8    7    .157E+01    .000E+00
    8    8    .626E+01    .000E+00
    8    9    .118E+01    .000E+00
  0  0  0    0  0  0         0
