   12    3    F
  2  0  0    2  1  1        81
    1    1   -.245E+00    .000E+00
    1    2   -.650E+00   -.650E+00
    1    3   -.170E+00   -.172E+00
    1    4   -.719E-01   -.724E-01
    1    5   -.377E-01   -.380E-01
    1    6   -.224E-01   -.226E-01
    1    7   -.145E-01   -.146E-01
    1    8   -.990E-02   -.997E-02
    1    9   -.709E-02   -.714E-02
    2    1    .134E+00    .132E+00
    2    2   -.413E+00    .000E+00
    2    3   -.699E+00   -.664E+00
    2    4   -.194E+00   -.182E+00
    2    5   -.855E-01   -.802E-01
    2    6   -.464E-01   -.435E-01
    2    7   -.283E-01   -.266E-01
    2    8   -.187E-01   -.176E-01
    2    9   -.131E-01   -.123E-01
    3    1    .278E-01    .278E-01
    3    2    .303E+00    .305E+00
    3    3   -.569E+00    .000E+00
    3    4   -.769E+00    .000E+00
    3    5   -.217E+00   -.215E+00
    3    6   -.973E-01   -.963E-01
    3    7   -.537E-01   -.531E-01
    3    8   -.333E-01   -.330E-01
    3    9   -.223E-01   -.221E-01
    4    1    .108E-01    .109E-01
    4    2    .645E-01    .645E-01
    4    3    .485E+00    .000E+00
    4    4   -.722E+00    .000E+00
    4    5   -.847E+00    .000E+00
    4    6   -.240E+00    .000E+00
    4    7   -.108E+00   -.109E+00
    4    8   -.603E-01   -.604E-01
    4    9   -.378E-01   -.378E-01
    5    1    .546E-02    .552E-02
    5    2    .257E-01    .256E-01
    5    3    .104E+00    .103E+00
    5    4    .674E+00    .000E+00
    5    5   -.873E+00    .000E+00
    5    6   -.929E+00    .000E+00
    5    7   -.263E+00    .000E+00
    5    8   -.119E+00    .000E+00
    5    9   -.666E-01    .000E+00
    6    1    .317E-02    .321E-02
    6    2    .132E-01    .131E-01
    6    3    .421E-01    .414E-01
    6    4    .146E+00    .000E+00
    6    5    .867E+00    .000E+00
    6    6   -.102E+01    .000E+00
    6    7   -.102E+01    .000E+00
    6    8   -.286E+00    .000E+00
    6    9   -.130E+00    .000E+00
    7    1    .202E-02    .205E-02
    7    2    .784E-02    .778E-02
    7    3    .219E-01    .214E-01
    7    4    .591E-01    .000E+00
    7    5    .188E+00    .000E+00
    7    6    .106E+01    .000E+00
    7    7   -.117E+01    .000E+00
    7    8   -.110E+01    .000E+00
    7    9   -.309E+00    .000E+00
    8    1    .137E-02    .139E-02
    8    2    .508E-02    .503E-02
    8    3    .131E-01    .128E-01
    8    4    .309E-01    .304E-01
    8    5    .763E-01    .000E+00
    8    6    .230E+00    .000E+00
    8    7    .126E+01    .000E+00
    8    8   -.132E+01    .000E+00
    8    9   -.119E+01    .000E+00
    9    1    .972E-03    .988E-03
    9    2    .350E-02    .346E-02
    9    3    .858E-02    .835E-02
    9    4    .186E-01    .183E-01
    9    5    .401E-01    .000E+00
    9    6    .937E-01    .000E+00
    9    7    .273E+00    .000E+00
    9    8    .145E+01    .000E+00
    9    9   -.147E+01    .000E+00
  2  1  1    2  2  0        72
    1    1   -.401E+01   -.401E+01
    1    2   -.734E+00   -.735E+00
    1    3   -.271E+00   -.272E+00
    1    4   -.133E+00   -.133E+00
    1    5   -.763E-01   -.763E-01
    1    6   -.481E-01   -.481E-01
    1    7   -.324E-01   -.324E-01
    1    8   -.230E-01   -.230E-01
    2    1   -.193E+00    .000E+00
    2    2   -.345E+01   -.336E+01
    2    3   -.813E+00   -.793E+00
    2    4   -.333E+00   -.326E+00
    2    5   -.174E+00   -.171E+00
    2    6   -.104E+00   -.102E+00
    2    7   -.673E-01   -.664E-01
    2    8   -.465E-01   -.460E-01
    3    1    .138E+00    .139E+00
    3    2   -.343E+00    .000E+00
    3    3   -.335E+01    .000E+00
    3    4   -.852E+00   -.850E+00
    3    5   -.365E+00   -.364E+00
    3    6   -.196E+00   -.196E+00
    3    7   -.119E+00   -.119E+00
    3    8   -.791E-01   -.791E-01
    4    1    .272E-01    .268E-01
    4    2    .342E+00    .000E+00
    4    3   -.477E+00    .000E+00
    4    4   -.339E+01    .000E+00
    4    5   -.890E+00    .000E+00
    4    6   -.389E+00    .000E+00
    4    7   -.212E+00   -.213E+00
    4    8   -.131E+00   -.132E+00
    5    1    .103E-01    .100E-01
    5    2    .701E-01    .679E-01
    5    3    .582E+00    .000E+00
    5    4   -.602E+00    .000E+00
    5    5   -.351E+01    .000E+00
    5    6   -.932E+00    .000E+00
    5    7   -.412E+00    .000E+00
    5    8   -.227E+00    .000E+00
    6    1    .515E-02    .494E-02
    6    2    .271E-01    .260E-01
    6    3    .122E+00    .000E+00
    6    4    .845E+00    .000E+00
    6    5   -.723E+00    .000E+00
    6    6   -.367E+01    .000E+00
    6    7   -.978E+00    .000E+00
    6    8   -.435E+00    .000E+00
    7    1    .299E-02    .285E-02
    7    2    .138E-01    .131E-01
    7    3    .479E-01    .000E+00
    7    4    .180E+00    .000E+00
    7    5    .112E+01    .000E+00
    7    6   -.841E+00    .000E+00
    7    7   -.385E+01    .000E+00
    7    8   -.103E+01    .000E+00
    8    1    .191E-02    .182E-02
    8    2    .809E-02    .763E-02
    8    3    .245E-01    .239E-01
    8    4    .713E-01    .000E+00
    8    5    .242E+00    .000E+00
    8    6    .141E+01    .000E+00
    8    7   -.958E+00    .000E+00
    8    8   -.404E+01    .000E+00
    9    1    .130E-02    .123E-02
    9    2    .522E-02    .490E-02
    9    3    .145E-01    .141E-01
    9    4    .367E-01    .000E+00
    9    5    .964E-01    .000E+00
    9    6    .306E+00    .000E+00
    9    7    .170E+01    .000E+00
    9    8   -.107E+01    .000E+00
  0  0  0    0  0  0         0
