   13   12    F
  1  0  0    1  1  1        90
    1    1   -.184E+01   -.182E+01
    1    2   -.302E-02   -.339E-02
    1    3   -.567E-03   -.685E-03
    1    4   -.109E-02   -.125E-02
    1    5   -.110E-02   -.125E-02
    1    6   -.105E-02   -.116E-02
    1    7   -.998E-03   -.108E-02
    1    8   -.948E-03   -.100E-02
    1    9   -.858E-03   -.885E-03
    2    1    .433E+00    .422E+00
    2    2   -.103E+01   -.105E+01
    2    3   -.325E-01   -.294E-01
    2    4   -.501E-01   -.472E-01
    2    5   -.588E-01   -.564E-01
    2    6   -.707E-01   -.684E-01
    2    7   -.869E-01   -.845E-01
    2    8   -.106E+00   -.103E+00
    2    9   -.120E+00   -.118E+00
    3    1    .593E+00    .592E+00
    3    2    .911E-04    .564E-03
    3    3   -.444E-02   -.366E-02
    3    4   -.336E-02   -.298E-02
    3    5   -.370E-02   -.341E-02
    3    6   -.440E-02   -.417E-02
    3    7   -.539E-02   -.522E-02
    3    8   -.651E-02   -.639E-02
    3    9   -.736E-02   -.730E-02
    4    1    .485E-01    .484E-01
    4    2    .712E+00    .723E+00
    4    3   -.154E+01   -.149E+01
    4    4   -.793E-02   -.102E-01
    4    5   -.140E-01   -.164E-01
    4    6   -.140E-01   -.157E-01
    4    7   -.136E-01   -.149E-01
    4    8   -.132E-01   -.142E-01
    4    9   -.123E-01   -.129E-01
    5    1    .149E-01    .148E-01
    5    2    .947E-01    .940E-01
    5    3    .969E+00    .932E+00
    5    4   -.187E+01    .000E+00
    5    5   -.119E-01   -.115E-01
    5    6   -.190E-01   -.186E-01
    5    7   -.193E-01   -.194E-01
    5    8   -.190E-01   -.195E-01
    5    9   -.179E-01   -.187E-01
    6    1    .690E-02    .689E-02
    6    2    .344E-01    .341E-01
    6    3    .128E+00    .123E+00
    6    4    .119E+01    .116E+01
    6    5   -.209E+01    .000E+00
    6    6   -.296E-01   -.333E-01
    6    7   -.349E-01   -.373E-01
    6    8   -.329E-01   -.344E-01
    6    9   -.300E-01   -.308E-01
    7    1    .387E-02    .385E-02
    7    2    .174E-01    .171E-01
    7    3    .461E-01    .443E-01
    7    4    .161E+00    .155E+00
    7    5    .134E+01    .130E+01
    7    6   -.218E+01    .000E+00
    7    7   -.821E-01   -.877E-01
    7    8   -.704E-01   -.729E-01
    7    9   -.575E-01   -.583E-01
    8    1    .242E-02    .239E-02
    8    2    .103E-01    .101E-01
    8    3    .230E-01    .221E-01
    8    4    .578E-01    .552E-01
    8    5    .189E+00    .180E+00
    8    6    .141E+01    .000E+00
    8    7   -.205E+01    .000E+00
    8    8   -.216E+00    .000E+00
    8    9   -.136E+00   -.137E+00
    9    1    .162E-02    .160E-02
    9    2    .673E-02    .650E-02
    9    3    .134E-01    .129E-01
    9    4    .287E-01    .274E-01
    9    5    .685E-01    .645E-01
    9    6    .213E+00    .205E+00
    9    7    .134E+01    .000E+00
    9    8   -.160E+01    .000E+00
    9    9   -.513E+00    .000E+00
   10    1    .114E-02    .112E-02
   10    2    .466E-02    .447E-02
   10    3    .866E-02    .830E-02
   10    4    .168E-01    .160E-01
   10    5    .342E-01    .321E-01
   10    6    .782E-01    .748E-01
   10    7    .223E+00    .218E+00
   10    8    .112E+01    .000E+00
   10    9   -.742E+00    .000E+00
  1  1  1    1  1  0        63
    1    1   -.320E-04   -.159E-04
    1    2   -.172E-02   -.200E-02
    1    3   -.120E-02   -.139E-02
    1    4   -.769E-03   -.895E-03
    1    5   -.511E-03   -.596E-03
    1    6   -.354E-03   -.412E-03
    1    7   -.254E-03   -.296E-03
    2    1   -.126E+01   -.124E+01
    2    2   -.181E-02   -.185E-02
    2    3   -.583E-04   -.622E-04
    2    4   -.401E-05   -.426E-05
    2    5   -.180E-06   -.167E-06
    2    6   -.187E-07   -.328E-07
    2    7   -.125E-06   -.166E-06
    3    1   -.738E-01   -.728E-01
    3    2   -.952E+00   -.951E+00
    3    3   -.206E-02   -.207E-02
    3    4   -.228E-03   -.231E-03
    3    5   -.638E-04   -.644E-04
    3    6   -.264E-04   -.265E-04
    3    7   -.136E-04   -.135E-04
    4    1   -.520E-01   -.519E-01
    4    2   -.639E-02   -.637E-02
    4    3   -.887E+00   -.886E+00
    4    4   -.121E-02   -.121E-02
    4    5   -.190E-03   -.190E-03
    4    6   -.637E-04   -.634E-04
    4    7   -.296E-04   -.293E-04
    5    1   -.512E-01   -.515E-01
    5    2   -.779E-03   -.788E-03
    5    3   -.617E-03   -.628E-03
    5    4   -.861E+00   -.861E+00
    5    5   -.167E-03   -.164E-03
    5    6   -.317E-04   -.308E-04
    5    7   -.121E-04   -.116E-04
    6    1   -.571E-01   -.580E-01
    6    2   -.859E-06   -.181E-06
    6    3   -.110E-03   -.101E-03
    6    4   -.447E-03   -.437E-03
    6    5   -.840E+00   -.840E+00
    6    6   -.282E-03   -.287E-03
    6    7   -.599E-04   -.620E-04
    7    1   -.672E-01   -.686E-01
    7    2   -.605E-03   -.563E-03
    7    3   -.985E-03   -.943E-03
    7    4   -.164E-02   -.161E-02
    7    5   -.548E-02   -.544E-02
    7    6   -.810E+00   -.811E+00
    7    7   -.291E-02   -.293E-02
    8    1   -.789E-01   -.810E-01
    8    2   -.215E-02   -.203E-02
    8    3   -.236E-02   -.227E-02
    8    4   -.295E-02   -.290E-02
    8    5   -.537E-02   -.531E-02
    8    6   -.206E-01   -.205E-01
    8    7   -.760E+00   -.760E+00
    9    1   -.873E-01   -.900E-01
    9    2   -.426E-02   -.406E-02
    9    3   -.389E-02   -.375E-02
    9    4   -.423E-02   -.414E-02
    9    5   -.603E-02   -.595E-02
    9    6   -.122E-01   -.121E-01
    9    7   -.546E-01   -.544E-01
  1  1  1    1  2  0        81
    1    1   -.168E-02   -.952E-04
    1    2   -.413E+01   -.408E+01
    1    3   -.122E+01   -.123E+01
    1    4   -.349E+00   -.359E+00
    1    5   -.128E+00   -.133E+00
    1    6   -.596E-01   -.624E-01
    1    7   -.324E-01   -.340E-01
    1    8   -.196E-01   -.206E-01
    1    9   -.128E-01   -.134E-01
    2    1    .600E+00    .615E+00
    2    2   -.446E+00   -.533E+00
    2    3   -.206E+01   -.214E+01
    2    4   -.338E+00   -.369E+00
    2    5   -.796E-01   -.902E-01
    2    6   -.244E-01   -.286E-01
    2    7   -.874E-02   -.106E-01
    2    8   -.346E-02   -.442E-02
    2    9   -.146E-02   -.198E-02
    3    1    .116E+00    .121E+00
    3    2    .301E+00    .292E+00
    3    3    .379E+00    .000E+00
    3    4   -.298E+01   -.302E+01
    3    5   -.477E+00   -.488E+00
    3    6   -.155E+00   -.157E+00
    3    7   -.686E-01   -.689E-01
    3    8   -.364E-01   -.362E-01
    3    9   -.217E-01   -.214E-01
    4    1    .647E-01    .671E-01
    4    2    .933E-01    .841E-01
    4    3    .980E-01    .957E-01
    4    4    .140E+01    .000E+00
    4    5   -.365E+01   -.354E+01
    4    6   -.581E+00   -.565E+00
    4    7   -.201E+00   -.199E+00
    4    8   -.950E-01   -.951E-01
    4    9   -.530E-01   -.538E-01
    5    1    .512E-01    .522E-01
    5    2    .539E-01    .497E-01
    5    3    .431E-01    .426E-01
    5    4    .461E-01    .489E-01
    5    5    .205E+01    .000E+00
    5    6   -.402E+01   -.399E+01
    5    7   -.657E+00   -.651E+00
    5    8   -.238E+00   -.236E+00
    5    9   -.116E+00   -.115E+00
    6    1    .481E-01    .485E-01
    6    2    .420E-01    .392E-01
    6    3    .330E-01    .333E-01
    6    4    .291E-01    .302E-01
    6    5    .522E-01    .533E-01
    6    6    .240E+01    .000E+00
    6    7   -.414E+01    .000E+00
    6    8   -.721E+00   -.713E+00
    6    9   -.272E+00   -.268E+00
    7    1    .495E-01    .495E-01
    7    2    .380E-01    .356E-01
    7    3    .316E-01    .325E-01
    7    4    .268E-01    .278E-01
    7    5    .373E-01    .376E-01
    7    6    .109E+00    .111E+00
    7    7    .233E+01    .000E+00
    7    8   -.390E+01    .000E+00
    7    9   -.752E+00   -.742E+00
    8    1    .525E-01    .523E-01
    8    2    .366E-01    .344E-01
    8    3    .329E-01    .343E-01
    8    4    .283E-01    .295E-01
    8    5    .352E-01    .356E-01
    8    6    .711E-01    .729E-01
    8    7    .276E+00    .000E+00
    8    8    .162E+01    .000E+00
    8    9   -.327E+01    .000E+00
    9    1    .538E-01    .533E-01
    9    2    .347E-01    .325E-01
    9    3    .339E-01    .356E-01
    9    4    .299E-01    .314E-01
    9    5    .353E-01    .361E-01
    9    6    .595E-01    .612E-01
    9    7    .146E+00    .150E+00
    9    8    .684E+00    .000E+00
    9    9    .796E-01    .000E+00
  1  1  0    1  2  1        56
    1    1    .605E+00    .630E+00
    1    2   -.264E+01   -.272E+01
    1    3   -.208E+00   -.222E+00
    1    4   -.565E-01   -.605E-01
    1    5   -.238E-01   -.256E-01
    1    6   -.125E-01   -.134E-01
    1    7   -.744E-02   -.803E-02
    1    8   -.485E-02   -.524E-02
    2    1    .201E-01    .225E-01
    2    2    .117E+01    .126E+01
    2    3   -.320E+01   -.321E+01
    2    4   -.270E+00   -.271E+00
    2    5   -.773E-01   -.765E-01
    2    6   -.333E-01   -.325E-01
    2    7   -.177E-01   -.170E-01
    2    8   -.107E-01   -.102E-01
    3    1    .571E-02    .676E-02
    3    2    .311E-01    .296E-01
    3    3    .188E+01    .180E+01
    3    4   -.376E+01   -.366E+01
    3    5   -.345E+00   -.339E+00
    3    6   -.102E+00   -.103E+00
    3    7   -.451E-01   -.463E-01
    3    8   -.244E-01   -.254E-01
    4    1    .270E-02    .312E-02
    4    2    .867E-02    .850E-02
    4    3    .428E-01    .402E-01
    4    4    .248E+01    .244E+01
    4    5   -.426E+01   -.424E+01
    4    6   -.402E+00   -.400E+00
    4    7   -.123E+00   -.122E+00
    4    8   -.551E-01   -.548E-01
    5    1    .153E-02    .176E-02
    5    2    .402E-02    .395E-02
    5    3    .122E-01    .118E-01
    5    4    .513E-01    .506E-01
    5    5    .309E+01    .000E+00
    5    6   -.477E+01   -.475E+01
    5    7   -.462E+00   -.457E+00
    5    8   -.143E+00   -.141E+00
    6    1    .960E-03    .110E-02
    6    2    .231E-02    .225E-02
    6    3    .570E-02    .556E-02
    6    4    .144E-01    .144E-01
    6    5    .588E-01    .575E-01
    6    6    .370E+01    .000E+00
    6    7   -.528E+01    .000E+00
    6    8   -.520E+00   -.514E+00
    7    1    .646E-03    .742E-03
    7    2    .149E-02    .142E-02
    7    3    .326E-02    .320E-02
    7    4    .666E-02    .675E-02
    7    5    .159E-01    .154E-01
    7    6    .652E-01    .630E-01
    7    7    .430E+01    .000E+00
    7    8   -.578E+01    .000E+00
  1  2  1    1  2  0        72
    1    1    .291E+01    .293E+01
    1    2    .606E-02    .268E-02
    1    3    .291E-03    .981E-03
    1    4    .521E-03    .125E-02
    1    5    .233E-03    .825E-03
    1    6    .114E-04    .000E+00
    1    7   -.107E-03    .000E+00
    1    8   -.158E-03   -.428E-04
    1    9   -.173E-03   -.779E-04
    2    1    .312E-01    .335E-01
    2    2    .492E+00    .498E+00
    2    3    .106E+01    .104E+01
    2    4    .924E-01    .885E-01
    2    5    .340E-01    .323E-01
    2    6    .186E-01    .177E-01
    2    7    .120E-01    .115E-01
    2    8    .844E-02    .806E-02
    2    9    .624E-02    .597E-02
    3    1    .590E-02    .671E-02
    3    2    .353E-01    .368E-01
    3    3    .160E+00    .163E+00
    3    4    .128E+01    .127E+01
    3    5    .522E-01    .517E-01
    3    6    .160E-01    .158E-01
    3    7    .759E-02    .750E-02
    3    8    .436E-02    .432E-02
    3    9    .280E-02    .277E-02
    4    1    .192E-02    .228E-02
    4    2    .936E-02    .993E-02
    4    3    .183E-01    .188E-01
    4    4    .820E-01    .825E-01
    4    5    .134E+01    .134E+01
    4    6    .347E-01    .346E-01
    4    7    .100E-01    .998E-02
    4    8    .459E-02    .457E-02
    4    9    .257E-02    .257E-02
    5    1    .856E-03    .103E-02
    5    2    .387E-02    .415E-02
    5    3    .584E-02    .602E-02
    5    4    .120E-01    .122E-01
    5    5    .546E-01    .547E-01
    5    6    .137E+01    .137E+01
    5    7    .263E-01    .263E-01
    5    8    .734E-02    .733E-02
    5    9    .331E-02    .331E-02
    6    1    .455E-03    .557E-03
    6    2    .199E-02    .215E-02
    6    3    .266E-02    .274E-02
    6    4    .414E-02    .420E-02
    6    5    .912E-02    .917E-02
    6    6    .413E-01    .413E-01
    6    7    .139E+01    .139E+01
    6    8    .214E-01    .214E-01
    6    9    .587E-02    .587E-02
    7    1    .272E-03    .335E-03
    7    2    .117E-02    .127E-02
    7    3    .145E-02    .151E-02
    7    4    .197E-02    .200E-02
    7    5    .331E-02    .333E-02
    7    6    .750E-02    .751E-02
    7    7    .335E-01    .335E-01
    7    8    .140E+01    .140E+01
    7    9    .183E-01    .183E-01
    8    1    .176E-03    .219E-03
    8    2    .753E-03    .818E-03
    8    3    .895E-03    .927E-03
    8    4    .111E-02    .113E-02
    8    5    .163E-02    .164E-02
    8    6    .283E-02    .284E-02
    8    7    .643E-02    .643E-02
    8    8    .284E-01    .284E-01
    8    9    .140E+01    .140E+01
  1  2  1    1  3  0        56
    1    1   -.307E+01   -.306E+01
    1    2   -.829E+00   -.828E+00
    1    3   -.344E+00   -.345E+00
    1    4   -.180E+00   -.181E+00
    1    5   -.108E+00   -.108E+00
    1    6   -.698E-01   -.700E-01
    1    7   -.481E-01   -.483E-01
    2    1   -.153E+01   -.170E+01
    2    2   -.190E+01   -.198E+01
    2    3   -.624E+00   -.643E+00
    2    4   -.286E+00   -.296E+00
    2    5   -.157E+00   -.164E+00
    2    6   -.963E-01   -.101E+00
    2    7   -.639E-01   -.674E-01
    3    1    .291E+00    .301E+00
    3    2   -.251E+01    .000E+00
    3    3   -.154E+01   -.151E+01
    3    4   -.562E+00   -.562E+00
    3    5   -.274E+00   -.278E+00
    3    6   -.157E+00   -.162E+00
    3    7   -.100E+00   -.104E+00
    4    1    .426E-01    .427E-01
    4    2    .646E+00    .627E+00
    4    3   -.330E+01    .000E+00
    4    4   -.134E+01   -.133E+01
    4    5   -.504E+00   -.497E+00
    4    6   -.254E+00   -.248E+00
    4    7   -.149E+00   -.145E+00
    5    1    .149E-01    .146E-01
    5    2    .991E-01    .954E-01
    5    3    .102E+01    .101E+01
    5    4   -.402E+01    .000E+00
    5    5   -.122E+01   -.120E+01
    5    6   -.471E+00   -.460E+00
    5    7   -.241E+00   -.234E+00
    6    1    .714E-02    .692E-02
    6    2    .347E-01    .337E-01
    6    3    .160E+00    .158E+00
    6    4    .144E+01    .145E+01
    6    5   -.470E+01    .000E+00
    6    6   -.116E+01   -.114E+01
    6    7   -.449E+00   -.439E+00
    7    1    .406E-02    .391E-02
    7    2    .166E-01    .164E-01
    7    3    .569E-01    .566E-01
    7    4    .230E+00    .233E+00
    7    5    .186E+01    .189E+01
    7    6   -.537E+01    .000E+00
    7    7   -.112E+01   -.110E+01
    8    1    .257E-02    .246E-02
    8    2    .947E-02    .944E-02
    8    3    .277E-01    .278E-01
    8    4    .826E-01    .842E-01
    8    5    .303E+00    .308E+00
    8    6    .230E+01    .000E+00
    8    7   -.603E+01    .000E+00
  1  2  0    1  3  1        63
    1    1   -.178E+01   -.179E+01
    1    2   -.614E+00   -.620E+00
    1    3   -.300E+00   -.304E+00
    1    4   -.174E+00   -.177E+00
    1    5   -.112E+00   -.114E+00
    1    6   -.763E-01   -.778E-01
    1    7   -.547E-01   -.558E-01
    2    1   -.313E+01   -.312E+01
    2    2   -.837E-02   -.948E-02
    2    3   -.794E-01   -.787E-01
    2    4   -.930E-01   -.927E-01
    2    5   -.860E-01   -.862E-01
    2    6   -.745E-01   -.749E-01
    2    7   -.630E-01   -.635E-01
    3    1    .724E+00    .000E+00
    3    2   -.479E+01   -.486E+01
    3    3   -.477E+00   -.485E+00
    3    4   -.103E+00   -.105E+00
    3    5   -.290E-01   -.304E-01
    3    6   -.927E-02   -.998E-02
    3    7   -.309E-02   -.346E-02
    4    1    .166E-01    .199E-01
    4    2    .621E+00    .000E+00
    4    3   -.476E+01   -.468E+01
    4    4   -.873E+00   -.875E+00
    4    5   -.301E+00   -.309E+00
    4    6   -.137E+00   -.143E+00
    4    7   -.724E-01   -.771E-01
    5    1    .540E-02    .566E-02
    5    2    .124E+00    .117E+00
    5    3    .401E+00    .000E+00
    5    4   -.453E+01   -.452E+01
    5    5   -.999E+00   -.995E+00
    5    6   -.392E+00   -.390E+00
    5    7   -.197E+00   -.196E+00
    6    1    .225E-02    .218E-02
    6    2    .292E-01    .267E-01
    6    3    .265E+00    .257E+00
    6    4    .235E+00    .000E+00
    6    5   -.443E+01    .000E+00
    6    6   -.106E+01   -.105E+01
    6    7   -.439E+00   -.432E+00
    7    1    .111E-02    .102E-02
    7    2    .116E-01    .106E-01
    7    3    .586E-01    .565E-01
    7    4    .426E+00    .000E+00
    7    5    .124E+00    .000E+00
    7    6   -.443E+01    .000E+00
    7    7   -.110E+01   -.109E+01
    8    1    .622E-03    .551E-03
    8    2    .583E-02    .540E-02
    8    3    .232E-01    .225E-01
    8    4    .931E-01    .949E-01
    8    5    .595E+00    .000E+00
    8    6    .569E-01    .000E+00
    8    7   -.450E+01    .000E+00
    9    1    .381E-03    .327E-03
    9    2    .338E-02    .319E-02
    9    3    .119E-01    .116E-01
    9    4    .369E-01    .379E-01
    9    5    .130E+00    .134E+00
    9    6    .768E+00    .000E+00
    9    7    .214E-01    .000E+00
  1  3  1    1  3  0        49
    1    1   -.231E+01   -.229E+01
    1    2   -.104E-02   -.936E-03
    1    3   -.497E-03   -.479E-03
    1    4   -.269E-03   -.266E-03
    1    5   -.162E-03   -.162E-03
    1    6   -.106E-03   -.107E-03
    1    7   -.734E-04   -.741E-04
    2    1   -.528E-02   -.470E-02
    2    2   -.217E+01   -.217E+01
    2    3   -.542E-03   -.546E-03
    2    4   -.374E-03   -.380E-03
    2    5   -.237E-03   -.242E-03
    2    6   -.157E-03   -.161E-03
    2    7   -.109E-03   -.112E-03
    3    1   -.363E-02   -.328E-02
    3    2   -.872E-03   -.856E-03
    3    3   -.211E+01   -.211E+01
    3    4   -.931E-03   -.944E-03
    3    5   -.433E-03   -.441E-03
    3    6   -.257E-03   -.263E-03
    3    7   -.169E-03   -.173E-03
    4    1   -.293E-02   -.268E-02
    4    2   -.428E-03   -.421E-03
    4    3   -.158E-04   -.145E-04
    4    4   -.208E+01   -.209E+01
    4    5   -.159E-02   -.161E-02
    4    6   -.583E-03   -.592E-03
    4    7   -.319E-03   -.324E-03
    5    1   -.243E-02   -.225E-02
    5    2   -.282E-03   -.278E-03
    5    3   -.187E-08   -.143E-07
    5    4   -.726E-03   -.715E-03
    5    5   -.207E+01   -.207E+01
    5    6   -.242E-02   -.244E-02
    5    7   -.779E-03   -.787E-03
    6    1   -.203E-02   -.189E-02
    6    2   -.205E-03   -.203E-03
    6    3   -.509E-06   -.746E-06
    6    4   -.177E-03   -.173E-03
    6    5   -.196E-02   -.194E-02
    6    6   -.206E+01   -.206E+01
    6    7   -.331E-02   -.332E-02
    7    1   -.170E-02   -.159E-02
    7    2   -.156E-03   -.155E-03
    7    3   -.734E-06   -.989E-06
    7    4   -.810E-04   -.782E-04
    7    5   -.509E-03   -.502E-03
    7    6   -.333E-02   -.331E-02
    7    7   -.205E+01   -.205E+01
  1  3  1    1  4  0        42
    1    1   -.842E+01   -.831E+01
    1    2   -.135E+01   -.131E+01
    1    3   -.452E+00   -.436E+00
    1    4   -.208E+00   -.201E+00
    1    5   -.114E+00   -.111E+00
    1    6   -.704E-01   -.683E-01
    2    1   -.920E+00    .000E+00
    2    2   -.665E+01   -.653E+01
    2    3   -.158E+01   -.157E+01
    2    4   -.631E+00   -.633E+00
    2    5   -.323E+00   -.326E+00
    2    6   -.191E+00   -.193E+00
    3    1    .191E+00    .184E+00
    3    2   -.192E+01    .000E+00
    3    3   -.549E+01   -.541E+01
    3    4   -.154E+01   -.150E+01
    3    5   -.672E+00   -.652E+00
    3    6   -.364E+00   -.352E+00
    4    1    .315E-01    .298E-01
    4    2    .509E+00    .506E+00
    4    3   -.303E+01    .000E+00
    4    4   -.470E+01   -.463E+01
    4    5   -.144E+01   -.141E+01
    4    6   -.664E+00   -.647E+00
    5    1    .113E-01    .108E-01
    5    2    .862E-01    .857E-01
    5    3    .937E+00    .000E+00
    5    4   -.419E+01    .000E+00
    5    5   -.415E+01    .000E+00
    5    6   -.135E+01   -.132E+01
    6    1    .557E-02    .543E-02
    6    2    .313E-01    .313E-01
    6    3    .160E+00    .164E+00
    6    4    .144E+01    .000E+00
    6    5   -.536E+01    .000E+00
    6    6   -.374E+01    .000E+00
    7    1    .326E-02    .323E-02
    7    2    .155E-01    .156E-01
    7    3    .582E-01    .593E-01
    7    4    .248E+00    .252E+00
    7    5    .201E+01    .000E+00
    7    6   -.653E+01    .000E+00
  1  3  0    1  4  1        42
    1    1   -.806E+01   -.825E+01
    1    2   -.124E+01   -.125E+01
    1    3   -.407E+00   -.414E+00
    1    4   -.186E+00   -.190E+00
    1    5   -.102E+00   -.105E+00
    1    6   -.628E-01   -.648E-01
    2    1   -.618E+00    .000E+00
    2    2   -.672E+01   -.669E+01
    2    3   -.151E+01   -.152E+01
    2    4   -.587E+00   -.600E+00
    2    5   -.297E+00   -.305E+00
    2    6   -.174E+00   -.179E+00
    3    1    .129E+00    .114E+00
    3    2   -.112E+01    .000E+00
    3    3   -.595E+01   -.591E+01
    3    4   -.152E+01   -.150E+01
    3    5   -.643E+00   -.629E+00
    3    6   -.341E+00   -.333E+00
    4    1    .202E-01    .171E-01
    4    2    .317E+00    .308E+00
    4    3   -.158E+01    .000E+00
    4    4   -.553E+01   -.547E+01
    4    5   -.151E+01   -.149E+01
    4    6   -.665E+00   -.651E+00
    5    1    .674E-02    .571E-02
    5    2    .523E-01    .505E-01
    5    3    .557E+00    .567E+00
    5    4   -.202E+01    .000E+00
    5    5   -.530E+01   -.524E+01
    5    6   -.150E+01   -.148E+01
    6    1    .310E-02    .267E-02
    6    2    .181E-01    .175E-01
    6    3    .963E-01    .982E-01
    6    4    .830E+00    .844E+00
    6    5   -.243E+01    .000E+00
    6    6   -.517E+01    .000E+00
    7    1    .171E-02    .150E-02
    7    2    .859E-02    .836E-02
    7    3    .341E-01    .347E-01
    7    4    .148E+00    .151E+00
    7    5    .113E+01    .000E+00
    7    6   -.281E+01    .000E+00
  1  4  1    1  4  0        36
    1    1    .288E+01    .269E+01
    1    2    .423E-02    .206E-02
    1    3    .105E-02    .568E-03
    1    4    .452E-03    .276E-03
    1    5    .251E-03    .166E-03
    1    6    .160E-03    .111E-03
    2    1    .178E-03    .873E-03
    2    2    .274E+01    .267E+01
    2    3    .400E-02    .206E-02
    2    4    .143E-02    .603E-03
    2    5    .736E-03    .292E-03
    2    6    .441E-03    .172E-03
    3    1    .227E-04    .119E-03
    3    2    .359E-03    .124E-02
    3    3    .270E+01    .266E+01
    3    4    .288E-02    .181E-02
    3    5    .984E-03    .510E-03
    3    6    .514E-03    .243E-03
    4    1    .900E-05    .362E-04
    4    2    .147E-04    .229E-03
    4    3    .681E-03    .133E-02
    4    4    .268E+01    .265E+01
    4    5    .224E-02    .163E-02
    4    6    .725E-03    .447E-03
    5    1    .464E-05    .157E-04
    5    2    .731E-06    .821E-04
    5    3    .728E-04    .271E-03
    5    4    .903E-03    .135E-02
    5    5    .267E+01    .265E+01
    5    6    .190E-02    .151E-02
    6    1    .266E-05    .827E-05
    6    2    .135E-08    .392E-04
    6    3    .156E-04    .103E-03
    6    4    .135E-03    .289E-03
    6    5    .104E-02    .135E-02
    6    6    .266E+01    .265E+01
  3  0  0    3  1  1        72
    1    1    .117E+01    .116E+01
    1    2   -.377E+01   -.382E+01
    1    3   -.286E-03   -.556E-03
    1    4   -.569E-02   -.503E-02
    1    5   -.113E-01   -.107E-01
    1    6   -.222E-01   -.215E-01
    1    7   -.805E-01   -.788E-01
    1    8   -.214E+01   -.211E+01
    1    9   -.537E+00   -.533E+00
    2    1    .149E+00    .151E+00
    2    2    .225E+01    .227E+01
    2    3   -.528E+01   -.510E+01
    2    4   -.165E-01   -.113E-01
    2    5   -.184E-03   -.996E-05
    2    6   -.138E-03   -.597E-03
    2    7   -.562E-03   -.111E-02
    2    8   -.405E-02   -.402E-02
    2    9   -.270E-03   -.525E-04
    3    1    .533E-01    .542E-01
    3    2    .278E+00    .274E+00
    3    3    .336E+01    .323E+01
    3    4   -.656E+01   -.641E+01
    3    5   -.311E-01   -.320E-01
    3    6   -.113E-02   -.134E-02
    3    7   -.849E-04   -.618E-04
    3    8   -.109E-01   -.106E-01
    3    9   -.264E-02   -.255E-02
    4    1    .260E-01    .265E-01
    4    2    .989E-01    .971E-01
    4    3    .383E+00    .367E+00
    4    4    .442E+01    .432E+01
    4    5   -.778E+01    .000E+00
    4    6   -.434E-01   -.359E-01
    4    7   -.114E-02   -.475E-03
    4    8   -.223E-01   -.223E-01
    4    9   -.101E-01   -.815E-02
    5    1    .149E-01    .152E-01
    5    2    .496E-01    .482E-01
    5    3    .132E+00    .127E+00
    5    4    .487E+00    .469E+00
    5    5    .545E+01    .000E+00
    5    6   -.894E+01    .000E+00
    5    7   -.402E-01   -.335E-01
    5    8   -.511E-01   -.510E-01
    5    9   -.377E-01   -.328E-01
    6    1    .945E-02    .959E-02
    6    2    .292E-01    .281E-01
    6    3    .647E-01    .623E-01
    6    4    .166E+00    .159E+00
    6    5    .585E+00    .556E+00
    6    6    .643E+01    .000E+00
    6    7   -.982E+01    .000E+00
    6    8   -.159E+00    .000E+00
    6    9   -.219E+00    .000E+00
    7    1    .637E-02    .646E-02
    7    2    .189E-01    .181E-01
    7    3    .374E-01    .360E-01
    7    4    .807E-01    .772E-01
    7    5    .198E+00    .187E+00
    7    6    .685E+00    .660E+00
    7    7    .715E+01    .000E+00
    7    8   -.140E+01    .000E+00
    7    9   -.956E+01    .000E+00
    8    1    .451E-02    .457E-02
    8    2    .130E-01    .124E-01
    8    3    .240E-01    .230E-01
    8    4    .466E-01    .446E-01
    8    5    .961E-01    .903E-01
    8    6    .231E+00    .221E+00
    8    7    .780E+00    .000E+00
    8    8    .958E+00    .000E+00
    8    9    .777E+01    .000E+00
  3  1  1    3  1  0        72
    1    1   -.551E+01   -.544E+01
    1    2   -.948E-05   -.244E-04
    1    3   -.112E-02   -.128E-02
    1    4   -.104E-02   -.119E-02
    1    5   -.747E-03   -.872E-03
    1    6   -.531E-03   -.621E-03
    1    7   -.385E-03   -.449E-03
    1    8   -.285E-03   -.332E-03
    2    1    .588E-03    .922E-03
    2    2   -.290E+01   -.287E+01
    2    3   -.666E-02   -.668E-02
    2    4   -.167E-02   -.170E-02
    2    5   -.714E-03   -.741E-03
    2    6   -.391E-03   -.412E-03
    2    7   -.244E-03   -.260E-03
    2    8   -.165E-03   -.177E-03
    3    1    .635E-03    .406E-03
    3    2   -.560E-04   -.204E-03
    3    3   -.275E+01   -.274E+01
    3    4   -.218E-02   -.202E-02
    3    5   -.662E-03   -.602E-03
    3    6   -.313E-03   -.282E-03
    3    7   -.179E-03   -.161E-03
    3    8   -.114E-03   -.103E-03
    4    1    .769E-03    .540E-03
    4    2   -.123E-02   -.845E-03
    4    3   -.817E-04   -.136E-03
    4    4   -.269E+01   -.269E+01
    4    5   -.100E-02   -.932E-03
    4    6   -.333E-03   -.304E-03
    4    7   -.169E-03   -.153E-03
    4    8   -.102E-03   -.920E-04
    5    1    .158E-02    .127E-02
    5    2   -.451E-02   -.382E-02
    5    3   -.938E-05   -.905E-06
    5    4   -.160E-03   -.192E-03
    5    5   -.266E+01   -.266E+01
    5    6   -.777E-03   -.742E-03
    5    7   -.241E-03   -.226E-03
    5    8   -.120E-03   -.112E-03
    6    1    .560E-02    .504E-02
    6    2   -.147E-01   -.135E-01
    6    3   -.508E-04   -.315E-04
    6    4   -.288E-04   -.381E-04
    6    5   -.508E-03   -.534E-03
    6    6   -.264E+01   -.264E+01
    6    7   -.880E-03   -.862E-03
    6    8   -.248E-03   -.241E-03
    7    1    .444E-01    .426E-01
    7    2   -.845E-01   -.817E-01
    7    3   -.180E-03   -.169E-03
    7    4   -.593E-04   -.589E-04
    7    5   -.381E-03   -.381E-03
    7    6   -.195E-02   -.194E-02
    7    7   -.258E+01   -.258E+01
    7    8   -.184E-02   -.185E-02
    8    1    .230E+01    .228E+01
    8    2   -.323E+01   -.320E+01
    8    3   -.448E-02   -.556E-02
    8    4   -.182E-02   -.130E-02
    8    5   -.616E-02   -.549E-02
    8    6   -.147E-01   -.138E-01
    8    7   -.678E-01   -.664E-01
    8    8   -.532E+00   -.536E+00
    9    1    .754E+00    .752E+00
    9    2   -.934E+00   -.936E+00
    9    3   -.114E-02   -.156E-02
    9    4   -.495E-03   -.312E-03
    9    5   -.140E-02   -.118E-02
    9    6   -.271E-02   -.247E-02
    9    7   -.796E-02   -.762E-02
    9    8   -.212E+01   -.211E+01
  3  1  1    3  2  0        72
    1    1   -.810E+01   -.827E+01
    1    2   -.477E+00   -.511E+00
    1    3   -.104E+00   -.114E+00
    1    4   -.367E-01   -.413E-01
    1    5   -.170E-01   -.192E-01
    1    6   -.917E-02   -.105E-01
    1    7   -.552E-02   -.633E-02
    1    8   -.358E-02   -.412E-02
    2    1    .225E+01    .230E+01
    2    2   -.977E+01   -.103E+02
    2    3   -.676E+00   -.744E+00
    2    4   -.146E+00   -.165E+00
    2    5   -.468E-01   -.542E-01
    2    6   -.181E-01   -.215E-01
    2    7   -.778E-02   -.960E-02
    2    8   -.360E-02   -.464E-02
    3    1    .235E-01    .304E-01
    3    2    .472E+01    .487E+01
    3    3   -.125E+02   -.125E+02
    3    4   -.108E+01   -.109E+01
    3    5   -.301E+00   -.297E+00
    3    6   -.125E+00   -.122E+00
    3    7   -.641E-01   -.615E-01
    3    8   -.375E-01   -.355E-01
    4    1    .307E-02    .528E-02
    4    2    .919E-01    .818E-01
    4    3    .744E+01    .000E+00
    4    4   -.148E+02   -.143E+02
    4    5   -.140E+01   -.136E+01
    4    6   -.414E+00   -.410E+00
    4    7   -.180E+00   -.182E+00
    4    8   -.961E-01   -.986E-01
    5    1    .546E-03    .111E-02
    5    2    .226E-01    .205E-01
    5    3    .126E+00    .115E+00
    5    4    .984E+01    .000E+00
    5    5   -.168E+02    .000E+00
    5    6   -.165E+01   -.164E+01
    5    7   -.506E+00   -.502E+00
    5    8   -.227E+00   -.225E+00
    6    1    .372E-04    .164E-03
    6    2    .856E-02    .768E-02
    6    3    .309E-01    .286E-01
    6    4    .147E+00    .142E+00
    6    5    .122E+02    .000E+00
    6    6   -.186E+02    .000E+00
    6    7   -.190E+01   -.188E+01
    6    8   -.597E+00   -.589E+00
    7    1    .300E-04    .105E-03
    7    2    .252E-02    .206E-02
    7    3    .936E-02    .865E-02
    7    4    .285E-01    .282E-01
    7    5    .136E+00    .132E+00
    7    6    .141E+02    .000E+00
    7    7   -.198E+02    .000E+00
    7    8   -.215E+01    .000E+00
    8    1    .258E-01    .250E-01
    8    2    .163E-01    .186E-01
    8    3    .165E-01    .173E-01
    8    4    .215E-01    .214E-01
    8    5    .424E-01    .430E-01
    8    6    .158E+00    .000E+00
    8    7    .170E+01    .000E+00
    8    8   -.294E+01    .000E+00
    9    1    .163E-01    .148E-01
    9    2    .172E-01    .174E-01
    9    3    .280E-01    .277E-01
    9    4    .494E-01    .495E-01
    9    5    .110E+00    .108E+00
    9    6    .417E+00    .000E+00
    9    7    .143E+02    .000E+00
    9    8   -.200E+02    .000E+00
  3  1  0    3  2  1        64
    1    1   -.119E+02   -.122E+02
    1    2   -.846E+00   -.914E+00
    1    3   -.192E+00   -.212E+00
    1    4   -.661E-01   -.748E-01
    1    5   -.302E-01   -.345E-01
    1    6   -.163E-01   -.187E-01
    1    7   -.978E-02   -.113E-01
    1    8   -.636E-02   -.737E-02
    2    1    .173E+01    .176E+01
    2    2   -.726E+01   -.756E+01
    2    3   -.354E+00   -.398E+00
    2    4   -.488E-01   -.587E-01
    2    5   -.908E-02   -.120E-01
    2    6   -.163E-02   -.257E-02
    2    7   -.179E-03   -.457E-03
    2    8   -.616E-06   -.320E-04
    3    1    .210E-01    .225E-01
    3    2    .347E+01    .385E+01
    3    3   -.952E+01   -.967E+01
    3    4   -.660E+00   -.678E+00
    3    5   -.159E+00   -.161E+00
    3    6   -.589E-01   -.583E-01
    3    7   -.276E-01   -.268E-01
    3    8   -.150E-01   -.143E-01
    4    1    .251E-02    .353E-02
    4    2    .741E-01    .779E-01
    4    3    .566E+01    .549E+01
    4    4   -.115E+02   -.112E+02
    4    5   -.904E+00   -.887E+00
    4    6   -.242E+00   -.243E+00
    4    7   -.984E-01   -.101E+00
    4    8   -.498E-01   -.523E-01
    5    1    .481E-03    .736E-03
    5    2    .193E-01    .209E-01
    5    3    .137E+00    .132E+00
    5    4    .755E+01    .743E+01
    5    5   -.132E+02   -.131E+02
    5    6   -.108E+01   -.107E+01
    5    7   -.303E+00   -.302E+00
    5    8   -.128E+00   -.128E+00
    6    1    .539E-04    .117E-03
    6    2    .843E-02    .921E-02
    6    3    .380E-01    .375E-01
    6    4    .186E+00    .184E+00
    6    5    .945E+01    .000E+00
    6    6   -.149E+02   -.148E+02
    6    7   -.124E+01   -.123E+01
    6    8   -.360E+00   -.356E+00
    7    1    .166E-05    .192E-05
    7    2    .463E-02    .501E-02
    7    3    .172E-01    .173E-01
    7    4    .516E-01    .521E-01
    7    5    .232E+00    .229E+00
    7    6    .113E+02    .000E+00
    7    7   -.166E+02    .000E+00
    7    8   -.141E+01   -.140E+01
    8    1    .435E-04    .191E-04
    8    2    .287E-02    .306E-02
    8    3    .964E-02    .973E-02
    8    4    .235E-01    .240E-01
    8    5    .630E-01    .621E-01
    8    6    .273E+00    .267E+00
    8    7    .132E+02    .000E+00
    8    8   -.182E+02    .000E+00
  3  2  1    3  2  0        64
    1    1    .460E+01    .452E+01
    1    2    .678E-02    .609E-02
    1    3    .236E-02    .237E-02
    1    4    .127E-02    .136E-02
    1    5    .785E-03    .867E-03
    1    6    .509E-03    .580E-03
    1    7    .338E-03    .397E-03
    1    8    .229E-03    .278E-03
    2    1    .412E-02    .371E-02
    2    2    .470E+01    .466E+01
    2    3    .203E-02    .148E-02
    2    4    .256E-02    .209E-02
    2    5    .256E-02    .219E-02
    2    6    .241E-02    .212E-02
    2    7    .219E-02    .196E-02
    2    8    .196E-02    .178E-02
    3    1    .102E-02    .102E-02
    3    2    .185E-02    .169E-02
    3    3    .458E+01    .457E+01
    3    4    .434E-02    .425E-02
    3    5    .221E-02    .216E-02
    3    6    .151E-02    .148E-02
    3    7    .113E-02    .111E-02
    3    8    .888E-03    .878E-03
    4    1    .441E-03    .481E-03
    4    2    .512E-03    .512E-03
    4    3    .431E-04    .425E-04
    4    4    .451E+01    .451E+01
    4    5    .415E-02    .416E-02
    4    6    .173E-02    .174E-02
    4    7    .105E-02    .106E-02
    4    8    .728E-03    .736E-03
    5    1    .258E-03    .286E-03
    5    2    .230E-03    .239E-03
    5    3    .350E-05    .428E-05
    5    4    .773E-03    .763E-03
    5    5    .447E+01    .447E+01
    5    6    .404E-02    .406E-02
    5    7    .145E-02    .146E-02
    5    8    .808E-03    .817E-03
    6    1    .169E-03    .188E-03
    6    2    .126E-03    .134E-03
    6    3    .835E-05    .961E-05
    6    4    .939E-04    .903E-04
    6    5    .160E-02    .158E-02
    6    6    .445E+01    .445E+01
    6    7    .390E-02    .392E-02
    6    8    .127E-02    .128E-02
    7    1    .119E-03    .132E-03
    7    2    .776E-04    .836E-04
    7    3    .788E-05    .904E-05
    7    4    .228E-04    .212E-04
    7    5    .271E-03    .266E-03
    7    6    .221E-02    .220E-02
    7    7    .443E+01    .443E+01
    7    8    .378E-02    .380E-02
    8    1    .870E-04    .965E-04
    8    2    .516E-04    .562E-04
    8    3    .639E-05    .735E-05
    8    4    .764E-05    .682E-05
    8    5    .896E-04    .869E-04
    8    6    .424E-03    .419E-03
    8    7    .263E-02    .262E-02
    8    8    .443E+01    .443E+01
  3  2  1    3  3  0        56
    1    1   -.913E+01   -.907E+01
    1    2   -.918E+00   -.900E+00
    1    3   -.718E-01   -.696E-01
    1    4   -.720E-02   -.793E-02
    1    5   -.101E+00   -.104E+00
    1    6   -.243E+00   -.247E+00
    1    7   -.400E+00   -.406E+00
    2    1   -.195E+01    .000E+00
    2    2   -.841E+01   -.874E+01
    2    3   -.194E+01   -.200E+01
    2    4   -.675E+00   -.708E+00
    2    5   -.272E+00   -.291E+00
    2    6   -.111E+00   -.122E+00
    2    7   -.405E-01   -.463E-01
    3    1    .447E+00    .475E+00
    3    2   -.361E+01    .000E+00
    3    3   -.789E+01   -.782E+01
    3    4   -.222E+01   -.224E+01
    3    5   -.910E+00   -.942E+00
    3    6   -.438E+00   -.462E+00
    3    7   -.223E+00   -.239E+00
    4    1    .719E-01    .735E-01
    4    2    .108E+01    .103E+01
    4    3   -.441E+01    .000E+00
    4    4   -.799E+01   -.799E+01
    4    5   -.235E+01   -.233E+01
    4    6   -.102E+01   -.101E+01
    4    7   -.518E+00   -.512E+00
    5    1    .246E-01    .245E-01
    5    2    .185E+00    .174E+00
    5    3    .163E+01    .158E+01
    5    4   -.432E+01    .000E+00
    5    5   -.882E+01   -.873E+01
    5    6   -.258E+01   -.254E+01
    5    7   -.113E+01   -.111E+01
    6    1    .114E-01    .111E-01
    6    2    .653E-01    .618E-01
    6    3    .288E+00    .280E+00
    6    4    .203E+01    .205E+01
    6    5   -.329E+01    .000E+00
    6    6   -.103E+02   -.102E+02
    6    7   -.289E+01   -.286E+01
    7    1    .623E-02    .599E-02
    7    2    .311E-01    .298E-01
    7    3    .104E+00    .103E+00
    7    4    .378E+00    .384E+00
    7    5    .221E+01    .225E+01
    7    6   -.115E+01    .000E+00
    7    7   -.126E+02    .000E+00
    8    1    .381E-02    .362E-02
    8    2    .174E-01    .170E-01
    8    3    .509E-01    .505E-01
    8    4    .140E+00    .143E+00
    8    5    .434E+00    .443E+00
    8    6    .213E+01    .000E+00
    8    7    .219E+01    .000E+00
  3  2  0    3  3  1        56
    1    1   -.953E+01   -.950E+01
    1    2   -.625E+00   -.635E+00
    1    3   -.589E+00   -.566E+00
    1    4   -.374E+01   -.369E+01
    1    5   -.255E+01   -.253E+01
    1    6   -.126E+01   -.125E+01
    1    7   -.713E+00   -.709E+00
    2    1   -.284E+01    .000E+00
    2    2   -.924E+01   -.943E+01
    2    3   -.137E+01   -.139E+01
    2    4   -.873E-01   -.830E-01
    2    5   -.661E+00   -.657E+00
    2    6   -.524E+00   -.525E+00
    2    7   -.352E+00   -.355E+00
    3    1    .574E+00    .576E+00
    3    2   -.301E+01    .000E+00
    3    3   -.117E+02   -.116E+02
    3    4   -.234E+00   -.260E+00
    3    5   -.551E+00   -.523E+00
    3    6   -.606E+00   -.598E+00
    3    7   -.431E+00   -.433E+00
    4    1    .912E-01    .870E-01
    4    2    .890E+00    .855E+00
    4    3    .290E+01    .000E+00
    4    4   -.183E+02    .000E+00
    4    5   -.299E+00   -.301E+00
    4    6   -.763E+00   -.755E+00
    4    7   -.561E+00   -.550E+00
    5    1    .307E-01    .284E-01
    5    2    .148E+00    .139E+00
    5    3    .165E+00    .159E+00
    5    4    .906E+01    .000E+00
    5    5   -.237E+02    .000E+00
    5    6   -.934E+00   -.921E+00
    5    7   -.806E+00   -.788E+00
    6    1    .139E-01    .126E-01
    6    2    .496E-01    .469E-01
    6    3    .283E-01    .273E-01
    6    4    .424E+00    .410E+00
    6    5    .103E+02    .000E+00
    6    6   -.253E+02    .000E+00
    6    7   -.122E+01    .000E+00
    7    1    .747E-02    .661E-02
    7    2    .224E-01    .214E-01
    7    3    .823E-02    .803E-02
    7    4    .134E+00    .130E+00
    7    5    .114E+01    .114E+01
    7    6    .110E+02    .000E+00
    7    7   -.270E+02    .000E+00
    8    1    .445E-02    .388E-02
    8    2    .120E-01    .116E-01
    8    3    .305E-02    .304E-02
    8    4    .662E-01    .645E-01
    8    5    .385E+00    .386E+00
    8    6    .144E+01    .000E+00
    8    7    .122E+02    .000E+00
  3  3  1    3  3  0        49
    1    1   -.726E+01   -.719E+01
    1    2   -.914E-02   -.880E-02
    1    3   -.600E-02   -.608E-02
    1    4   -.440E-02   -.456E-02
    1    5   -.358E-02   -.376E-02
    1    6   -.313E-02   -.331E-02
    1    7   -.283E-02   -.303E-02
    2    1   -.834E-01   -.800E-01
    2    2   -.696E+01   -.697E+01
    2    3   -.388E-01   -.396E-01
    2    4   -.264E-01   -.271E-01
    2    5   -.210E-01   -.217E-01
    2    6   -.182E-01   -.188E-01
    2    7   -.166E-01   -.171E-01
    3    1   -.223E+00   -.220E+00
    3    2   -.706E-02   -.765E-02
    3    3   -.600E+01   -.602E+01
    3    4   -.315E+00   -.319E+00
    3    5   -.177E+00   -.181E+00
    3    6   -.135E+00   -.138E+00
    3    7   -.115E+00   -.117E+00
    4    1   -.296E+00   -.299E+00
    4    2   -.121E-01   -.131E-01
    4    3   -.580E+00   -.573E+00
    4    4   -.318E+01   -.319E+01
    4    5   -.661E+00   -.668E+00
    4    6   -.392E+00   -.397E+00
    4    7   -.299E+00   -.303E+00
    5    1   -.105E+00   -.107E+00
    5    2   -.468E-02   -.513E-02
    5    3   -.387E-01   -.376E-01
    5    4   -.289E+01   -.288E+01
    5    5   -.146E+01   -.146E+01
    5    6   -.404E+00   -.407E+00
    5    7   -.242E+00   -.244E+00
    6    1   -.359E-01   -.372E-01
    6    2   -.166E-02   -.182E-02
    6    3   -.545E-02   -.521E-02
    6    4   -.855E-01   -.847E-01
    6    5   -.396E+01   -.395E+01
    6    6   -.102E+01   -.102E+01
    6    7   -.277E+00   -.278E+00
    7    1   -.167E-01   -.174E-01
    7    2   -.772E-03   -.854E-03
    7    3   -.152E-02   -.143E-02
    7    4   -.164E-01   -.162E-01
    7    5   -.116E+00   -.115E+00
    7    6   -.420E+01   -.419E+01
    7    7   -.100E+01   -.100E+01
  3  3  1    3  4  0        42
    1    1   -.248E+02   -.245E+02
    1    2   -.406E+01   -.392E+01
    1    3   -.137E+01   -.132E+01
    1    4   -.633E+00   -.612E+00
    1    5   -.350E+00   -.339E+00
    1    6   -.216E+00   -.210E+00
    2    1   -.394E+01    .000E+00
    2    2   -.167E+02   -.164E+02
    2    3   -.438E+01   -.436E+01
    2    4   -.184E+01   -.185E+01
    2    5   -.968E+00   -.976E+00
    2    6   -.583E+00   -.589E+00
    3    1    .140E+01    .134E+01
    3    2   -.137E+02    .000E+00
    3    3   -.480E+01   -.474E+01
    3    4   -.212E+01   -.207E+01
    3    5   -.113E+01   -.110E+01
    3    6   -.684E+00   -.662E+00
    4    1    .139E+00    .129E+00
    4    2    .677E+01    .000E+00
    4    3   -.277E+02    .000E+00
    4    4   -.538E+00   -.520E+00
    4    5   -.302E-01   -.276E-01
    4    6   -.290E-03   -.129E-03
    5    1    .135E-02    .127E-02
    5    2    .121E-02    .447E-03
    5    3    .102E+02    .000E+00
    5    4   -.328E+02    .000E+00
    5    5   -.441E+01   -.429E+01
    5    6   -.142E+01   -.137E+01
    6    1    .548E-03    .532E-03
    6    2    .109E-01    .124E-01
    6    3    .149E+00    .173E+00
    6    4    .931E+01    .000E+00
    6    5   -.310E+02    .000E+00
    6    6   -.571E+01   -.559E+01
    7    1    .814E-03    .834E-03
    7    2    .845E-02    .936E-02
    7    3    .579E-01    .668E-01
    7    4    .497E+00    .000E+00
    7    5    .855E+01    .000E+00
    7    6   -.296E+02    .000E+00
  3  3  0    3  4  1        42
    1    1   -.237E+02   -.243E+02
    1    2   -.375E+01   -.380E+01
    1    3   -.125E+01   -.128E+01
    1    4   -.579E+00   -.593E+00
    1    5   -.320E+00   -.330E+00
    1    6   -.198E+00   -.205E+00
    2    1   -.260E+01    .000E+00
    2    2   -.186E+02   -.186E+02
    2    3   -.444E+01   -.449E+01
    2    4   -.179E+01   -.182E+01
    2    5   -.918E+00   -.942E+00
    2    6   -.544E+00   -.560E+00
    3    1    .560E+00    .507E+00
    3    2   -.581E+01    .000E+00
    3    3   -.148E+02   -.147E+02
    3    4   -.423E+01   -.416E+01
    3    5   -.187E+01   -.183E+01
    3    6   -.102E+01   -.994E+00
    4    1    .988E-01    .880E-01
    4    2    .161E+01    .157E+01
    4    3   -.998E+01    .000E+00
    4    4   -.118E+02   -.116E+02
    4    5   -.379E+01   -.372E+01
    4    6   -.178E+01   -.175E+01
    5    1    .386E-01    .355E-01
    5    2    .290E+00    .283E+00
    5    3    .328E+01    .332E+01
    5    4   -.153E+02    .000E+00
    5    5   -.902E+01   -.893E+01
    5    6   -.321E+01   -.318E+01
    6    1    .211E-01    .203E-01
    6    2    .115E+00    .114E+00
    6    3    .588E+00    .592E+00
    6    4    .572E+01    .000E+00
    6    5   -.220E+02    .000E+00
    6    6   -.642E+01   -.639E+01
    7    1    .138E-01    .138E-01
    7    2    .629E-01    .626E-01
    7    3    .230E+00    .230E+00
    7    4    .988E+00    .988E+00
    7    5    .910E+01    .000E+00
    7    6   -.300E+02    .000E+00
  3  4  1    3  4  0        36
    1    1    .864E+01    .806E+01
    1    2    .126E-01    .615E-02
    1    3    .312E-02    .169E-02
    1    4    .134E-02    .821E-03
    1    5    .746E-03    .494E-03
    1    6    .476E-03    .331E-03
    2    1    .525E-03    .259E-02
    2    2    .823E+01    .800E+01
    2    3    .119E-01    .614E-02
    2    4    .426E-02    .179E-02
    2    5    .219E-02    .868E-03
    2    6    .131E-02    .513E-03
    3    1    .667E-04    .352E-03
    3    2    .106E-02    .366E-02
    3    3    .811E+01    .797E+01
    3    4    .855E-02    .538E-02
    3    5    .293E-02    .152E-02
    3    6    .153E-02    .721E-03
    4    1    .265E-04    .107E-03
    4    2    .424E-04    .677E-03
    4    3    .201E-02    .395E-02
    4    4    .804E+01    .796E+01
    4    5    .665E-02    .482E-02
    4    6    .216E-02    .133E-02
    5    1    .137E-04    .461E-04
    5    2    .196E-05    .243E-03
    5    3    .214E-03    .801E-03
    5    4    .267E-02    .400E-02
    5    5    .800E+01    .795E+01
    5    6    .563E-02    .448E-02
    6    1    .788E-05    .243E-04
    6    2    .948E-10    .116E-03
    6    3    .456E-04    .306E-03
    6    4    .398E-03    .856E-03
    6    5    .307E-02    .400E-02
    6    6    .798E+01    .794E+01
  0  0  0    0  0  0         0
