   13   10    F
  1  0  0    1  1  1       144
    1    1   -.250E+00   -.257E+00
    1    2   -.788E+00   -.739E+00
    1    3   -.405E-01   -.420E-01
    1    4   -.326E+00   -.306E+00
    1    5   -.151E-01   -.157E-01
    1    6   -.164E+00   -.154E+00
    1    7   -.740E-02   -.767E-02
    1    8   -.939E-01   -.881E-01
    1    9   -.420E-02   -.435E-02
    1   10   -.587E-01   -.551E-01
    1   11   -.262E-02   -.272E-02
    1   12   -.392E-01   -.367E-01
    1   13   -.175E-02   -.181E-02
    1   14   -.274E-01   -.257E-01
    1   15   -.123E-02   -.127E-02
    1   16   -.199E-01   -.187E-01
    2    1    .410E+00    .420E+00
    2    2   -.604E+00   -.497E+00
    2    3   -.246E+00   -.251E+00
    2    4   -.741E-01   -.885E-01
    2    5   -.254E-01   -.272E-01
    2    6   -.384E-01   -.450E-01
    2    7   -.831E-02   -.916E-02
    2    8   -.211E-01   -.247E-01
    2    9   -.390E-02   -.438E-02
    2   10   -.128E-01   -.150E-01
    2   11   -.219E-02   -.248E-02
    2   12   -.834E-02   -.978E-02
    2   13   -.136E-02   -.156E-02
    2   14   -.575E-02   -.675E-02
    2   15   -.914E-03   -.105E-02
    2   16   -.414E-02   -.486E-02
    3    1    .828E-03    .123E-02
    3    2    .148E+00    .122E+00
    3    3    .576E+00    .593E+00
    3    4   -.920E+00   -.831E+00
    3    5   -.386E+00   -.395E+00
    3    6   -.372E-01   -.454E-01
    3    7   -.394E-01   -.410E-01
    3    8   -.236E-01   -.279E-01
    3    9   -.130E-01   -.136E-01
    3   10   -.141E-01   -.165E-01
    3   11   -.619E-02   -.650E-02
    3   12   -.896E-02   -.105E-01
    3   13   -.352E-02   -.370E-02
    3   14   -.606E-02   -.709E-02
    3   15   -.222E-02   -.234E-02
    3   16   -.429E-02   -.502E-02
    4    1    .514E-04    .136E-03
    4    2    .185E-01    .140E-01
    4    3    .251E-02    .309E-02
    4    4    .319E+00    .289E+00
    4    5    .734E+00    .747E+00
    4    6   -.120E+01   -.112E+01
    4    7   -.524E+00   -.530E+00
    4    8   -.215E-01   -.262E-01
    4    9   -.532E-01   -.543E-01
    4   10   -.164E-01   -.192E-01
    4   11   -.176E-01   -.181E-01
    4   12   -.105E-01   -.121E-01
    4   13   -.842E-02   -.865E-02
    4   14   -.695E-02   -.801E-02
    4   15   -.482E-02   -.495E-02
    4   16   -.484E-02   -.557E-02
    5    1    .260E-04    .719E-04
    5    2    .640E-02    .467E-02
    5    3    .108E-03    .196E-03
    5    4    .402E-01    .344E-01
    5    5    .466E-02    .513E-02
    5    6    .498E+00    .470E+00
    5    7    .891E+00    .900E+00
    5    8   -.146E+01   -.139E+01
    5    9   -.659E+00   -.664E+00
    5   10   -.130E-01   -.159E-01
    5   11   -.666E-01   -.675E-01
    5   12   -.121E-01   -.139E-01
    5   13   -.221E-01   -.224E-01
    5   14   -.816E-02   -.930E-02
    5   15   -.106E-01   -.108E-01
    5   16   -.560E-02   -.636E-02
    6    1    .285E-04    .637E-04
    6    2    .310E-02    .224E-02
    6    3    .258E-05    .181E-04
    6    4    .139E-01    .116E-01
    6    5    .353E-03    .438E-03
    6    6    .630E-01    .574E-01
    6    7    .691E-02    .726E-02
    6    8    .682E+00    .656E+00
    6    9    .105E+01    .105E+01
    6   10   -.171E+01    .000E+00
    6   11   -.793E+00   -.797E+00
    6   12   -.800E-02   -.976E-02
    6   13   -.799E-01   -.806E-01
    6   14   -.920E-02   -.105E-01
    6   15   -.265E-01   -.267E-01
    6   16   -.656E-02   -.738E-02
    7    1    .327E-04    .617E-04
    7    2    .178E-02    .128E-02
    7    3    .135E-05    .775E-06
    7    4    .675E-02    .553E-02
    7    5    .433E-04    .660E-04
    7    6    .219E-01    .195E-01
    7    7    .678E-03    .751E-03
    7    8    .862E-01    .810E-01
    7    9    .914E-02    .942E-02
    7   10    .868E+00    .845E+00
    7   11    .120E+01    .000E+00
    7   12   -.196E+01    .000E+00
    7   13   -.927E+00   -.930E+00
    7   14   -.486E-02   -.598E-02
    7   15   -.930E-01   -.936E-01
    7   16   -.718E-02   -.810E-02
    8    1    .350E-04    .591E-04
    8    2    .113E-02    .814E-03
    8    3    .460E-05    .260E-06
    8    4    .388E-02    .316E-02
    8    5    .466E-05    .112E-04
    8    6    .107E-01    .941E-02
    8    7    .123E-03    .146E-03
    8    8    .300E-01    .278E-01
    8    9    .104E-02    .110E-02
    8   10    .109E+00    .105E+00
    8   11    .113E-01    .116E-01
    8   12    .106E+01    .103E+01
    8   13    .135E+01    .000E+00
    8   14   -.220E+01    .000E+00
    8   15   -.106E+01    .000E+00
    8   16   -.285E-02   -.356E-02
    9    1    .352E-04    .552E-04
    9    2    .772E-03    .556E-03
    9    3    .609E-05    .126E-05
    9    4    .248E-02    .200E-02
    9    5    .609E-07    .143E-05
    9    6    .615E-02    .540E-02
    9    7    .284E-04    .371E-04
    9    8    .146E-01    .134E-01
    9    9    .226E-03    .247E-03
    9   10    .380E-01    .360E-01
    9   11    .141E-02    .146E-02
    9   12    .133E+00    .128E+00
    9   13    .135E-01    .137E-01
    9   14    .125E+01    .000E+00
    9   15    .151E+01    .000E+00
    9   16   -.245E+01    .000E+00
  1  1  0    1  1  1       128
    1    1    .763E+00    .717E+00
    1    2   -.704E+00   -.684E+00
    1    3   -.286E+00   -.274E+00
    1    4   -.142E-02   -.132E-02
    1    5   -.465E-01   -.451E-01
    1    6   -.388E-02   -.365E-02
    1    7   -.172E-01   -.169E-01
    1    8   -.306E-02   -.289E-02
    1    9   -.852E-02   -.844E-02
    1   10   -.219E-02   -.206E-02
    1   11   -.493E-02   -.491E-02
    1   12   -.157E-02   -.148E-02
    1   13   -.313E-02   -.313E-02
    1   14   -.115E-02   -.108E-02
    1   15   -.213E-02   -.213E-02
    1   16   -.858E-03   -.813E-03
    2    1    .420E-01    .413E-01
    2    2    .250E+00    .243E+00
    2    3    .108E+01    .109E+01
    2    4   -.103E+01   -.101E+01
    2    5   -.524E+00   -.526E+00
    2    6   -.240E-02   -.199E-02
    2    7   -.820E-01   -.821E-01
    2    8   -.135E-03   -.204E-03
    2    9   -.302E-01   -.302E-01
    2   10   -.441E-03   -.523E-03
    2   11   -.151E-01   -.150E-01
    2   12   -.460E-03   -.522E-03
    2   13   -.881E-02   -.877E-02
    2   14   -.396E-03   -.441E-03
    2   15   -.566E-02   -.563E-02
    2   16   -.323E-03   -.357E-03
    3    1    .181E-01    .173E-01
    3    2    .195E-01    .187E-01
    3    3    .356E-01    .339E-01
    3    4    .476E+00    .465E+00
    3    5    .139E+01    .140E+01
    3    6   -.130E+01   -.129E+01
    3    7   -.760E+00   -.762E+00
    3    8   -.987E-02   -.915E-02
    3    9   -.117E+00   -.117E+00
    3   10   -.337E-03   -.255E-03
    3   11   -.430E-01   -.429E-01
    3   12   -.310E-06   -.527E-05
    3   13   -.215E-01   -.215E-01
    3   14   -.409E-04   -.600E-04
    3   15   -.127E-01   -.126E-01
    3   16   -.678E-04   -.869E-04
    4    1    .917E-02    .874E-02
    4    2    .604E-02    .577E-02
    4    3    .174E-01    .165E-01
    4    4    .387E-01    .370E-01
    4    5    .311E-01    .305E-01
    4    6    .703E+00    .692E+00
    4    7    .170E+01    .170E+01
    4    8   -.157E+01   -.155E+01
    4    9   -.996E+00   -.996E+00
    4   10   -.185E-01   -.177E-01
    4   11   -.151E+00   -.151E+00
    4   12   -.162E-02   -.147E-02
    4   13   -.556E-01   -.554E-01
    4   14   -.213E-03   -.173E-03
    4   15   -.279E-01   -.278E-01
    4   16   -.241E-04   -.144E-04
    5    1    .530E-02    .504E-02
    5    2    .277E-02    .265E-02
    5    3    .935E-02    .889E-02
    5    4    .122E-01    .116E-01
    5    5    .165E-01    .162E-01
    5    6    .575E-01    .559E-01
    5    7    .283E-01    .281E-01
    5    8    .928E+00    .918E+00
    5    9    .201E+01    .201E+01
    5   10   -.182E+01   -.181E+01
    5   11   -.123E+01   -.123E+01
    5   12   -.272E-01   -.265E-01
    5   13   -.185E+00   -.185E+00
    5   14   -.331E-02   -.314E-02
    5   15   -.680E-01   -.678E-01
    5   16   -.710E-03   -.650E-03
    6    1    .335E-02    .318E-02
    6    2    .154E-02    .147E-02
    6    3    .564E-02    .535E-02
    6    4    .569E-02    .536E-02
    6    5    .922E-02    .905E-02
    6    6    .183E-01    .176E-01
    6    7    .159E-01    .158E-01
    6    8    .759E-01    .744E-01
    6    9    .265E-01    .265E-01
    6   10    .115E+01    .114E+01
    6   11    .231E+01    .231E+01
    6   12   -.207E+01   -.206E+01
    6   13   -.147E+01   -.147E+01
    6   14   -.359E-01   -.352E-01
    6   15   -.219E+00   -.219E+00
    6   16   -.517E-02   -.499E-02
    7    1    .226E-02    .214E-02
    7    2    .954E-03    .913E-03
    7    3    .368E-02    .349E-02
    7    4    .320E-02    .300E-02
    7    5    .571E-02    .560E-02
    7    6    .857E-02    .823E-02
    7    7    .913E-02    .908E-02
    7    8    .241E-01    .235E-01
    7    9    .155E-01    .155E-01
    7   10    .937E-01    .925E-01
    7   11    .254E-01    .254E-01
    7   12    .137E+01    .137E+01
    7   13    .261E+01    .261E+01
    7   14   -.231E+01   -.230E+01
    7   15   -.170E+01   -.170E+01
    7   16   -.445E-01   -.439E-01
    8    1    .160E-02    .151E-02
    8    2    .638E-03    .611E-03
    8    3    .254E-02    .241E-02
    8    4    .201E-02    .188E-02
    8    5    .381E-02    .373E-02
    8    6    .485E-02    .465E-02
    8    7    .575E-02    .572E-02
    8    8    .113E-01    .110E-01
    8    9    .909E-02    .908E-02
    8   10    .297E-01    .292E-01
    8   11    .154E-01    .154E-01
    8   12    .111E+00    .110E+00
    8   13    .247E-01    .247E-01
    8   14    .160E+01    .159E+01
    8   15    .292E+01    .291E+01
    8   16   -.255E+01   -.255E+01
  1  1  0    1  2  1        64
    1    1   -.181E+01   -.190E+01
    1    2   -.267E-01   -.199E-01
    1    3   -.272E-01   -.227E-01
    1    4   -.177E-01   -.151E-01
    1    5   -.115E-01   -.995E-02
    1    6   -.781E-02   -.679E-02
    1    7   -.550E-02   -.481E-02
    1    8   -.402E-02   -.352E-02
    2    1    .511E+00    .529E+00
    2    2   -.262E+01   -.264E+01
    2    3   -.222E-02   -.194E-02
    2    4   -.995E-02   -.948E-02
    2    5   -.839E-02   -.804E-02
    2    6   -.619E-02   -.593E-02
    2    7   -.453E-02   -.434E-02
    2    8   -.337E-02   -.323E-02
    3    1    .450E-01    .471E-01
    3    2    .104E+01    .104E+01
    3    3   -.334E+01   -.334E+01
    3    4   -.708E-03   -.769E-03
    3    5   -.315E-02   -.303E-02
    3    6   -.389E-02   -.378E-02
    3    7   -.332E-02   -.323E-02
    3    8   -.264E-02   -.257E-02
    4    1    .142E-01    .149E-01
    4    2    .100E+00    .999E-01
    4    3    .158E+01    .158E+01
    4    4   -.401E+01   -.402E+01
    4    5   -.640E-02   -.654E-02
    4    6   -.582E-03   -.547E-03
    4    7   -.164E-02   -.159E-02
    4    8   -.173E-02   -.168E-02
    5    1    .658E-02    .693E-02
    5    2    .326E-01    .325E-01
    5    3    .155E+00    .155E+00
    5    4    .211E+01    .211E+01
    5    5   -.467E+01   -.468E+01
    5    6   -.149E-01   -.151E-01
    5    7   -.808E-06   -.229E-05
    5    8   -.537E-03   -.513E-03
    6    1    .366E-02    .386E-02
    6    2    .154E-01    .153E-01
    6    3    .510E-01    .510E-01
    6    4    .209E+00    .210E+00
    6    5    .265E+01    .265E+01
    6    6   -.531E+01   -.532E+01
    6    7   -.247E-01   -.249E-01
    6    8   -.459E-03   -.482E-03
    7    1    .228E-02    .240E-02
    7    2    .869E-02    .865E-02
    7    3    .243E-01    .243E-01
    7    4    .691E-01    .692E-01
    7    5    .263E+00    .263E+00
    7    6    .319E+01    .319E+01
    7    7   -.595E+01   -.595E+01
    7    8   -.350E-01   -.353E-01
    8    1    .153E-02    .161E-02
    8    2    .548E-02    .545E-02
    8    3    .138E-01    .138E-01
    8    4    .330E-01    .331E-01
    8    5    .868E-01    .870E-01
    8    6    .315E+00    .316E+00
    8    7    .373E+01    .373E+01
    8    8   -.658E+01   -.659E+01
  1  1  1    1  2  0       240
    1    1   -.128E+01   -.140E+01
    1    2   -.741E-01   -.638E-01
    1    3   -.474E-03   -.505E-03
    1    4   -.313E-01   -.278E-01
    1    5   -.212E-03   -.230E-03
    1    6   -.158E-01   -.142E-01
    1    7   -.111E-03   -.122E-03
    1    8   -.910E-02   -.825E-02
    1    9   -.655E-04   -.723E-04
    1   10   -.574E-02   -.523E-02
    1   11   -.420E-04   -.466E-04
    1   12   -.386E-02   -.353E-02
    1   13   -.286E-04   -.318E-04
    1   14   -.273E-02   -.250E-02
    1   15   -.204E-04   -.228E-04
    2    1    .230E-01    .150E-01
    2    2   -.718E-03   -.976E-04
    2    3   -.300E+01   -.295E+01
    2    4   -.501E-03   -.231E-03
    2    5   -.470E+00   -.462E+00
    2    6   -.224E-03   -.112E-03
    2    7   -.162E+00   -.160E+00
    2    8   -.120E-03   -.617E-04
    2    9   -.768E-01   -.759E-01
    2   10   -.721E-04   -.379E-04
    2   11   -.432E-01   -.428E-01
    2   12   -.471E-04   -.251E-04
    2   13   -.270E-01   -.268E-01
    2   14   -.326E-04   -.175E-04
    2   15   -.182E-01   -.180E-01
    3    1    .566E+00    .568E+00
    3    2   -.188E+01   -.186E+01
    3    3   -.104E-01   -.101E-01
    3    4   -.594E-01   -.595E-01
    3    5   -.350E-03   -.315E-03
    3    6   -.289E-01   -.286E-01
    3    7   -.512E-04   -.425E-04
    3    8   -.156E-01   -.153E-01
    3    9   -.131E-04   -.993E-05
    3   10   -.939E-02   -.919E-02
    3   11   -.455E-05   -.312E-05
    3   12   -.612E-02   -.597E-02
    3   13   -.192E-05   -.119E-05
    3   14   -.423E-02   -.412E-02
    3   15   -.932E-06   -.516E-06
    4    1    .124E-02    .225E-02
    4    2    .321E-01    .274E-01
    4    3   -.430E-01    .000E+00
    4    4   -.370E-02   -.262E-02
    4    5   -.260E+01   -.259E+01
    4    6   -.778E-03   -.536E-03
    4    7   -.555E+00   -.550E+00
    4    8   -.319E-03   -.216E-03
    4    9   -.217E+00   -.215E+00
    4   10   -.168E-03   -.112E-03
    4   11   -.110E+00   -.109E+00
    4   12   -.101E-03   -.674E-04
    4   13   -.647E-01   -.640E-01
    4   14   -.667E-04   -.441E-04
    4   15   -.418E-01   -.413E-01
    5    1    .895E-01    .891E-01
    5    2    .996E+00    .986E+00
    5    3    .291E-02    .268E-02
    5    4   -.245E+01   -.245E+01
    5    5   -.124E-01   -.121E-01
    5    6   -.516E-01   -.515E-01
    5    7   -.805E-03   -.767E-03
    5    8   -.274E-01   -.272E-01
    5    9   -.186E-03   -.173E-03
    5   10   -.153E-01   -.151E-01
    5   11   -.688E-04   -.628E-04
    5   12   -.950E-02   -.935E-02
    5   13   -.326E-04   -.293E-04
    5   14   -.633E-02   -.622E-02
    5   15   -.180E-04   -.160E-04
    6    1    .115E-02    .172E-02
    6    2    .619E-04    .201E-03
    6    3    .425E-01    .431E-01
    6    4    .383E-01    .349E-01
    6    5   -.746E-01    .000E+00
    6    6   -.753E-02   -.638E-02
    6    7   -.245E+01   -.244E+01
    6    8   -.112E-02   -.893E-03
    6    9   -.582E+00   -.579E+00
    6   10   -.432E-03   -.336E-03
    6   11   -.241E+00   -.239E+00
    6   12   -.224E-03   -.171E-03
    6   13   -.127E+00   -.126E+00
    6   14   -.135E-03   -.102E-03
    6   15   -.766E-01   -.759E-01
    7    1    .327E-01    .325E-01
    7    2    .154E+00    .151E+00
    7    3    .431E-04    .330E-04
    7    4    .143E+01    .142E+01
    7    5    .527E-02    .505E-02
    7    6   -.301E+01   -.302E+01
    7    7   -.143E-01   -.141E-01
    7    8   -.471E-01   -.467E-01
    7    9   -.118E-02   -.114E-02
    7   10   -.265E-01   -.262E-01
    7   11   -.316E-03   -.302E-03
    7   12   -.152E-01   -.150E-01
    7   13   -.129E-03   -.122E-03
    7   14   -.959E-02   -.946E-02
    7   15   -.659E-04   -.619E-04
    8    1    .787E-03    .112E-02
    8    2    .218E-03    .358E-03
    8    3    .757E-02    .763E-02
    8    4    .942E-05    .169E-05
    8    5    .109E+00    .111E+00
    8    6    .440E-01    .412E-01
    8    7   -.106E+00    .000E+00
    8    8   -.117E-01   -.106E-01
    8    9   -.240E+01   -.239E+01
    8   10   -.148E-02   -.127E-02
    8   11   -.600E+00   -.596E+00
    8   12   -.550E-03   -.460E-03
    8   13   -.256E+00   -.254E+00
    8   14   -.282E-03   -.232E-03
    8   15   -.138E+00   -.137E+00
    9    1    .161E-01    .160E-01
    9    2    .563E-01    .554E-01
    9    3    .110E-04    .788E-05
    9    4    .217E+00    .216E+00
    9    5    .765E-04    .654E-04
    9    6    .185E+01    .185E+01
    9    7    .753E-02    .731E-02
    9    8   -.356E+01    .000E+00
    9    9   -.161E-01   -.159E-01
    9   10   -.443E-01   -.439E-01
    9   11   -.149E-02   -.146E-02
    9   12   -.260E-01   -.258E-01
    9   13   -.431E-03   -.418E-03
    9   14   -.152E-01   -.150E-01
    9   15   -.185E-03   -.179E-03
   10    1    .540E-03    .752E-03
   10    2    .186E-03    .280E-03
   10    3    .271E-02    .272E-02
   10    4    .587E-04    .113E-03
   10    5    .208E-01    .211E-01
   10    6    .106E-03    .483E-04
   10    7    .193E+00    .195E+00
   10    8    .494E-01    .471E-01
   10    9   -.137E+00    .000E+00
   10   10   -.161E-01   -.150E-01
   10   11   -.241E+01   -.240E+01
   10   12   -.184E-02   -.165E-02
   10   13   -.616E+00   -.613E+00
   10   14   -.668E-03   -.585E-03
   10   15   -.267E+00   -.266E+00
   11    1    .930E-02    .920E-02
   11    2    .280E-01    .275E-01
   11    3    .481E-05    .331E-05
   11    4    .796E-01    .793E-01
   11    5    .199E-04    .162E-04
   11    6    .280E+00    .280E+00
   11    7    .101E-03    .902E-04
   11    8    .228E+01    .228E+01
   11    9    .973E-02    .000E+00
   11   10   -.411E+01    .000E+00
   11   11   -.179E-01   -.177E-01
   11   12   -.427E-01   -.423E-01
   11   13   -.177E-02   -.174E-02
   11   14   -.259E-01   -.256E-01
   11   15   -.534E-03   -.522E-03
   12    1    .382E-03    .525E-03
   12    2    .139E-03    .202E-03
   12    3    .131E-02    .130E-02
   12    4    .741E-04    .118E-03
   12    5    .765E-02    .781E-02
   12    6    .905E-05    .285E-04
   12    7    .380E-01    .386E-01
   12    8    .249E-03    .171E-03
   12    9    .288E+00    .290E+00
   12   10    .547E-01    .000E+00
   12   11   -.167E+00    .000E+00
   12   12   -.206E-01    .000E+00
   12   13   -.244E+01   -.244E+01
   12   14   -.221E-02   -.203E-02
   12   15   -.633E+00   -.631E+00
   13    1    .590E-02    .584E-02
   13    2    .163E-01    .160E-01
   13    3    .262E-05    .176E-05
   13    4    .398E-01    .396E-01
   13    5    .879E-05    .696E-05
   13    6    .103E+00    .103E+00
   13    7    .259E-04    .223E-04
   13    8    .342E+00    .342E+00
   13    9    .119E-03    .109E-03
   13   10    .270E+01    .271E+01
   13   11    .119E-01    .000E+00
   13   12   -.466E+01    .000E+00
   13   13   -.196E-01   -.194E-01
   13   14   -.417E-01   -.413E-01
   13   15   -.203E-02   -.200E-02
   14    1    .279E-03    .379E-03
   14    2    .103E-03    .148E-03
   14    3    .746E-03    .741E-03
   14    4    .644E-04    .968E-04
   14    5    .376E-02    .384E-02
   14    6    .281E-04    .503E-04
   14    7    .143E-01    .146E-01
   14    8    .245E-06    .194E-05
   14    9    .582E-01    .590E-01
   14   10    .409E-03    .325E-03
   14   11    .391E+00    .393E+00
   14   12    .600E-01    .000E+00
   14   13   -.197E+00    .000E+00
   14   14   -.251E-01    .000E+00
   14   15   -.250E+01   -.250E+01
   15    1    .400E-02    .395E-02
   15    2    .105E-01    .103E-01
   15    3    .161E-05    .107E-05
   15    4    .233E-01    .232E-01
   15    5    .485E-05    .377E-05
   15    6    .513E-01    .514E-01
   15    7    .115E-04    .970E-05
   15    8    .125E+00    .125E+00
   15    9    .299E-04    .267E-04
   15   10    .403E+00    .404E+00
   15   11    .132E-03    .124E-03
   15   12    .313E+01    .313E+01
   15   13    .140E-01    .000E+00
   15   14   -.520E+01    .000E+00
   15   15   -.213E-01    .000E+00
   16    1    .209E-03    .282E-03
   16    2    .775E-04    .110E-03
   16    3    .472E-03    .467E-03
   16    4    .519E-04    .758E-04
   16    5    .217E-02    .222E-02
   16    6    .305E-04    .487E-04
   16    7    .710E-02    .726E-02
   16    8    .781E-05    .182E-04
   16    9    .222E-01    .225E-01
   16   10    .110E-04    .304E-05
   16   11    .806E-01    .814E-01
   16   12    .578E-03    .491E-03
   16   13    .499E+00    .502E+00
   16   14    .652E-01    .000E+00
   16   15   -.226E+00    .000E+00
  1  2  0    1  2  1       120
    1    1   -.609E+00   -.602E+00
    1    2   -.785E-02   -.701E-02
    1    3   -.848E-02   -.775E-02
    1    4   -.559E-02   -.514E-02
    1    5   -.367E-02   -.338E-02
    1    6   -.249E-02   -.230E-02
    1    7   -.176E-02   -.163E-02
    1    8   -.129E-02   -.119E-02
    2    1    .175E+00    .172E+00
    2    2   -.881E+00   -.870E+00
    2    3   -.576E-03   -.683E-03
    2    4   -.310E-02   -.322E-02
    2    5   -.265E-02   -.273E-02
    2    6   -.197E-02   -.201E-02
    2    7   -.145E-02   -.147E-02
    2    8   -.108E-02   -.109E-02
    3    1    .522E+00    .500E+00
    3    2    .460E-01    .754E-01
    3    3   -.118E-01   -.142E-01
    3    4   -.202E-02   -.256E-02
    3    5   -.718E-03   -.931E-03
    3    6   -.347E-03   -.455E-03
    3    7   -.198E-03   -.261E-03
    3    8   -.125E-03   -.165E-03
    4    1    .143E-01    .141E-01
    4    2    .358E+00    .352E+00
    4    3   -.112E+01   -.111E+01
    4    4   -.331E-03   -.264E-03
    4    5   -.943E-03   -.101E-02
    4    6   -.121E-02   -.127E-02
    4    7   -.105E-02   -.109E-02
    4    8   -.838E-03   -.864E-03
    5    1    .886E-01    .826E-01
    5    2    .417E+00    .402E+00
    5    3    .916E-01    .117E+00
    5    4   -.314E-01   -.342E-01
    5    5   -.563E-02   -.629E-02
    5    6   -.205E-02   -.233E-02
    5    7   -.100E-02   -.115E-02
    5    8   -.577E-03   -.665E-03
    6    1    .439E-02    .434E-02
    6    2    .334E-01    .324E-01
    6    3    .540E+00    .535E+00
    6    4   -.135E+01   -.135E+01
    6    5   -.241E-02   -.227E-02
    6    6   -.150E-03   -.173E-03
    6    7   -.493E-03   -.522E-03
    6    8   -.533E-03   -.556E-03
    7    1    .315E-01    .289E-01
    7    2    .996E-01    .949E-01
    7    3    .368E+00    .359E+00
    7    4    .133E+00    .154E+00
    7    5   -.555E-01   -.581E-01
    7    6   -.102E-01   -.109E-01
    7    7   -.379E-02   -.408E-02
    7    8   -.188E-02   -.203E-02
    8    1    .200E-02    .198E-02
    8    2    .107E-01    .104E-01
    8    3    .522E-01    .513E-01
    8    4    .722E+00    .718E+00
    8    5   -.157E+01   -.157E+01
    8    6   -.540E-02   -.524E-02
    8    7   -.510E-05   -.243E-05
    8    8   -.148E-03   -.161E-03
    9    1    .152E-01    .138E-01
    9    2    .408E-01    .386E-01
    9    3    .989E-01    .957E-01
    9    4    .345E+00    .339E+00
    9    5    .172E+00    .189E+00
    9    6   -.824E-01   -.848E-01
    9    7   -.155E-01   -.162E-01
    9    8   -.582E-02   -.611E-02
   10    1    .110E-02    .109E-02
   10    2    .504E-02    .484E-02
   10    3    .171E-01    .167E-01
   10    4    .707E-01    .700E-01
   10    5    .905E+00    .901E+00
   10    6   -.179E+01   -.179E+01
   10    7   -.880E-02   -.865E-02
   10    8   -.201E-03   -.186E-03
   11    1    .862E-02    .778E-02
   11    2    .212E-01    .200E-01
   11    3    .430E-01    .415E-01
   11    4    .976E-01    .953E-01
   11    5    .335E+00    .330E+00
   11    6    .209E+00    .223E+00
   11    7   -.111E+00   -.113E+00
   11    8   -.213E-01   -.219E-01
   12    1    .678E-03    .675E-03
   12    2    .284E-02    .272E-02
   12    3    .809E-02    .790E-02
   12    4    .232E-01    .229E-01
   12    5    .888E-01    .882E-01
   12    6    .109E+01    .108E+01
   12    7   -.201E+01   -.201E+01
   12    8   -.124E-01   -.122E-01
   13    1    .542E-02    .487E-02
   13    2    .127E-01    .119E-01
   13    3    .233E-01    .224E-01
   13    4    .438E-01    .426E-01
   13    5    .970E-01    .953E-01
   13    6    .331E+00    .327E+00
   13    7    .245E+00    .257E+00
   13    8   -.141E+00   -.143E+00
   14    1    .451E-03    .450E-03
   14    2    .178E-02    .170E-02
   14    3    .460E-02    .448E-02
   14    4    .111E-01    .109E-01
   14    5    .292E-01    .290E-01
   14    6    .107E+00    .106E+00
   14    7    .127E+01    .127E+01
   14    8   -.222E+01   -.222E+01
   15    1    .366E-02    .328E-02
   15    2    .828E-02    .777E-02
   15    3    .143E-01    .137E-01
   15    4    .242E-01    .236E-01
   15    5    .443E-01    .434E-01
   15    6    .972E-01    .958E-01
   15    7    .332E+00    .329E+00
   15    8    .280E+00    .290E+00
  1  2  0    1  3  1       210
    1    1   -.330E+01   -.367E+01
    1    2   -.651E-01   -.424E-01
    1    3   -.582E-01   -.446E-01
    1    4   -.494E-04   -.440E-04
    1    5   -.368E-01   -.293E-01
    1    6   -.360E-04   -.328E-04
    1    7   -.237E-01   -.192E-01
    1    8   -.237E-04   -.218E-04
    1    9   -.159E-01   -.130E-01
    1   10   -.159E-04   -.148E-04
    1   11   -.112E-01   -.919E-02
    1   12   -.111E-04   -.103E-04
    1   13   -.814E-02   -.672E-02
    1   14   -.799E-05   -.749E-05
    2    1    .926E+00    .101E+01
    2    2   -.481E+01   -.496E+01
    2    3   -.834E-02   -.588E-02
    2    4   -.181E-03   -.175E-03
    2    5   -.228E-01   -.199E-01
    2    6   -.885E-04   -.855E-04
    2    7   -.182E-01   -.162E-01
    2    8   -.484E-04   -.468E-04
    2    9   -.131E-01   -.118E-01
    2   10   -.293E-04   -.283E-04
    2   11   -.948E-02   -.854E-02
    2   12   -.191E-04   -.185E-04
    2   13   -.701E-02   -.632E-02
    2   14   -.132E-04   -.128E-04
    3    1    .150E-01    .142E-01
    3    2    .233E-02    .000E+00
    3    3   -.451E-02   -.466E-02
    3    4   -.669E+01   -.665E+01
    3    5   -.618E-03   -.644E-03
    3    6   -.919E+00   -.908E+00
    3    7   -.192E-03   -.200E-03
    3    8   -.296E+00   -.291E+00
    3    9   -.850E-04   -.886E-04
    3   10   -.135E+00   -.132E+00
    3   11   -.457E-04   -.475E-04
    3   12   -.743E-01   -.727E-01
    3   13   -.277E-04   -.287E-04
    3   14   -.459E-01   -.448E-01
    4    1    .867E-01    .979E-01
    4    2    .190E+01    .194E+01
    4    3   -.615E+01   -.624E+01
    4    4   -.258E-02   -.260E-02
    4    5   -.104E-03   -.360E-03
    4    6   -.125E-04   -.118E-04
    4    7   -.835E-02   -.726E-02
    4    8   -.224E-04   -.218E-04
    4    9   -.906E-02   -.816E-02
    4   10   -.168E-04   -.164E-04
    4   11   -.741E-02   -.675E-02
    4   12   -.118E-04   -.116E-04
    4   13   -.577E-02   -.528E-02
    4   14   -.844E-05   -.828E-05
    5    1    .234E-02    .213E-02
    5    2    .119E-01    .115E-01
    5    3    .537E-02    .000E+00
    5    4   -.384E-01    .000E+00
    5    5   -.616E-02   -.627E-02
    5    6   -.585E+01   -.582E+01
    5    7   -.101E-02   -.104E-02
    5    8   -.115E+01   -.114E+01
    5    9   -.348E-03   -.356E-03
    5   10   -.426E+00   -.421E+00
    5   11   -.163E-03   -.167E-03
    5   12   -.210E+00   -.207E+00
    5   13   -.910E-04   -.931E-04
    5   14   -.121E+00   -.119E+00
    6    1    .280E-01    .319E-01
    6    2    .188E+00    .194E+00
    6    3    .288E+01    .291E+01
    6    4    .875E-03    .882E-03
    6    5   -.741E+01   -.748E+01
    6    6   -.318E-02   -.319E-02
    6    7   -.693E-02   -.807E-02
    6    8   -.567E-06   -.652E-06
    6    9   -.231E-02   -.188E-02
    6   10   -.491E-05   -.476E-05
    6   11   -.430E-02   -.383E-02
    6   12   -.588E-05   -.576E-05
    6   13   -.415E-02   -.376E-02
    6   14   -.498E-05   -.489E-05
    7    1    .752E-03    .666E-03
    7    2    .286E-02    .274E-02
    7    3    .111E-01    .109E-01
    7    4    .506E-01    .533E-01
    7    5    .778E-02    .000E+00
    7    6   -.762E-01    .000E+00
    7    7   -.749E-02   -.758E-02
    7    8   -.545E+01   -.542E+01
    7    9   -.135E-02   -.136E-02
    7   10   -.122E+01   -.122E+01
    7   11   -.487E-03   -.494E-03
    7   12   -.488E+00   -.484E+00
    7   13   -.236E-03   -.240E-03
    7   14   -.251E+00   -.249E+00
    8    1    .131E-01    .150E-01
    8    2    .616E-01    .641E-01
    8    3    .290E+00    .297E+00
    8    4    .655E-04    .664E-04
    8    5    .386E+01    .390E+01
    8    6    .130E-02    .131E-02
    8    7   -.863E+01   -.869E+01
    8    8   -.343E-02   -.344E-02
    8    9   -.197E-01   -.212E-01
    8   10   -.103E-04   -.105E-04
    8   11   -.201E-03   -.107E-03
    8   12   -.404E-06   -.378E-06
    8   13   -.178E-02   -.154E-02
    8   14   -.174E-05   -.170E-05
    9    1    .331E-03    .287E-03
    9    2    .116E-02    .110E-02
    9    3    .298E-02    .292E-02
    9    4    .804E-02    .868E-02
    9    5    .107E-01    .106E-01
    9    6    .136E+00    .140E+00
    9    7    .982E-02    .000E+00
    9    8   -.111E+00    .000E+00
    9    9   -.885E-02   -.891E-02
    9   10   -.526E+01   -.524E+01
    9   11   -.167E-02   -.168E-02
    9   12   -.126E+01   -.125E+01
    9   13   -.621E-03   -.627E-03
    9   14   -.523E+00   -.520E+00
   10    1    .732E-02    .844E-02
   10    2    .292E-01    .304E-01
   10    3    .960E-01    .985E-01
   10    4    .199E-04    .202E-04
   10    5    .392E+00    .398E+00
   10    6    .992E-04    .100E-03
   10    7    .485E+01    .489E+01
   10    8    .159E-02    .159E-02
   10    9   -.983E+01    .000E+00
   10   10   -.362E-02    .000E+00
   10   11   -.352E-01   -.369E-01
   10   12   -.236E-04   -.239E-04
   10   13   -.182E-03   -.278E-03
   10   14   -.229E-06   -.243E-06
   11    1    .175E-03    .150E-03
   11    2    .598E-03    .567E-03
   11    3    .129E-02    .126E-02
   11    4    .267E-02    .293E-02
   11    5    .304E-02    .300E-02
   11    6    .235E-01    .245E-01
   11    7    .107E-01    .106E-01
   11    8    .246E+00    .250E+00
   11    9    .117E-01    .000E+00
   11   10   -.144E+00    .000E+00
   11   11   -.103E-01   -.103E-01
   11   12   -.519E+01   -.517E+01
   11   13   -.198E-02   -.200E-02
   11   14   -.129E+01   -.128E+01
   12    1    .457E-02    .528E-02
   12    2    .165E-01    .173E-01
   12    3    .458E-01    .471E-01
   12    4    .906E-05    .922E-05
   12    5    .130E+00    .132E+00
   12    6    .304E-04    .307E-04
   12    7    .492E+00    .498E+00
   12    8    .122E-03    .123E-03
   12    9    .585E+01    .588E+01
   12   10    .183E-02    .000E+00
   12   11   -.110E+02    .000E+00
   12   12   -.380E-02    .000E+00
   12   13   -.521E-01   -.538E-01
   12   14   -.373E-04   -.375E-04
   13    1    .104E-03    .878E-04
   13    2    .355E-03    .335E-03
   13    3    .697E-03    .679E-03
   13    4    .123E-02    .136E-02
   13    5    .136E-02    .134E-02
   13    6    .813E-02    .854E-02
   13    7    .310E-02    .307E-02
   13    8    .448E-01    .459E-01
   13    9    .108E-01    .108E-01
   13   10    .374E+00    .378E+00
   13   11    .135E-01    .000E+00
   13   12   -.175E+00    .000E+00
   13   13   -.117E-01   -.118E-01
   13   14   -.518E+01   -.517E+01
   14    1    .307E-02    .355E-02
   14    2    .104E-01    .109E-01
   14    3    .261E-01    .269E-01
   14    4    .504E-05    .513E-05
   14    5    .622E-01    .636E-01
   14    6    .140E-04    .141E-04
   14    7    .163E+00    .166E+00
   14    8    .376E-04    .378E-04
   14    9    .591E+00    .597E+00
   14   10    .141E-03    .141E-03
   14   11    .684E+01    .000E+00
   14   12    .206E-02    .000E+00
   14   13   -.122E+02    .000E+00
   14   14   -.399E-02    .000E+00
   15    1    .672E-04    .561E-04
   15    2    .230E-03    .217E-03
   15    3    .427E-03    .415E-03
   15    4    .675E-03    .757E-03
   15    5    .750E-03    .738E-03
   15    6    .383E-02    .405E-02
   15    7    .141E-02    .139E-02
   15    8    .160E-01    .165E-01
   15    9    .317E-02    .315E-02
   15   10    .709E-01    .720E-01
   15   11    .111E-01    .110E-01
   15   12    .515E+00    .519E+00
   15   13    .152E-01    .000E+00
   15   14   -.206E+00    .000E+00
  1  2  1    1  3  0        56
    1    1   -.418E+01   -.412E+01
    1    2   -.737E+00   -.728E+00
    1    3   -.269E+00   -.266E+00
    1    4   -.132E+00   -.131E+00
    1    5   -.758E-01   -.753E-01
    1    6   -.481E-01   -.479E-01
    1    7   -.327E-01   -.326E-01
    2    1   -.435E+00   -.461E+00
    2    2   -.326E+01   -.324E+01
    2    3   -.797E+00   -.790E+00
    2    4   -.330E+00   -.326E+00
    2    5   -.173E+00   -.171E+00
    2    6   -.104E+00   -.103E+00
    2    7   -.680E-01   -.670E-01
    3    1    .117E+00    .119E+00
    3    2   -.872E+00   -.908E+00
    3    3   -.284E+01   -.282E+01
    3    4   -.780E+00   -.774E+00
    3    5   -.343E+00   -.339E+00
    3    6   -.187E+00   -.184E+00
    3    7   -.115E+00   -.113E+00
    4    1    .202E-01    .205E-01
    4    2    .298E+00    .303E+00
    4    3   -.127E+01   -.131E+01
    4    4   -.264E+01   -.263E+01
    4    5   -.764E+00   -.758E+00
    4    6   -.346E+00   -.342E+00
    4    7   -.192E+00   -.190E+00
    5    1    .723E-02    .736E-02
    5    2    .532E-01    .545E-01
    5    3    .514E+00    .521E+00
    5    4   -.164E+01   -.168E+01
    5    5   -.255E+01   -.253E+01
    5    6   -.755E+00   -.750E+00
    5    7   -.348E+00   -.345E+00
    6    1    .351E-02    .357E-02
    6    2    .195E-01    .200E-01
    6    3    .945E-01    .963E-01
    6    4    .754E+00    .762E+00
    6    5   -.199E+01   -.203E+01
    6    6   -.251E+01   -.250E+01
    6    7   -.754E+00   -.749E+00
    7    1    .200E-02    .204E-02
    7    2    .954E-02    .985E-02
    7    3    .350E-01    .358E-01
    7    4    .141E+00    .143E+00
    7    5    .101E+01    .102E+01
    7    6   -.232E+01   -.237E+01
    7    7   -.251E+01   -.250E+01
    8    1    .127E-02    .129E-02
    8    2    .550E-02    .569E-02
    8    3    .173E-01    .178E-01
    8    4    .529E-01    .539E-01
    8    5    .191E+00    .194E+00
    8    6    .127E+01    .128E+01
    8    7   -.265E+01   -.269E+01
  1  3  0    1  3  1        98
    1    1    .514E+00    .492E+00
    1    2    .651E-01    .946E-01
    1    3   -.139E-01   -.165E-01
    1    4   -.592E+00   -.586E+00
    1    5   -.246E-02   -.306E-02
    1    6   -.791E-01   -.776E-01
    1    7   -.897E-03   -.114E-02
    1    8   -.251E-01   -.245E-01
    1    9   -.440E-03   -.564E-03
    1   10   -.114E-01   -.110E-01
    1   11   -.254E-03   -.326E-03
    1   12   -.621E-02   -.599E-02
    1   13   -.161E-03   -.208E-03
    1   14   -.381E-02   -.367E-02
    2    1    .947E-01    .885E-01
    2    2    .394E+00    .379E+00
    2    3    .124E+00    .149E+00
    2    4    .236E-02    .000E+00
    2    5   -.368E-01   -.398E-01
    2    6   -.525E+00   -.520E+00
    2    7   -.660E-02   -.733E-02
    2    8   -.100E+00   -.986E-01
    2    9   -.243E-02   -.273E-02
    2   10   -.367E-01   -.361E-01
    2   11   -.120E-02   -.136E-02
    2   12   -.180E-01   -.176E-01
    2   13   -.693E-03   -.791E-03
    2   14   -.103E-01   -.101E-01
    3    1    .352E-01    .325E-01
    3    2    .989E-01    .941E-01
    3    3    .341E+00    .331E+00
    3    4    .495E-02    .533E-02
    3    5    .177E+00    .198E+00
    3    6    .461E-02    .000E+00
    3    7   -.648E-01   -.677E-01
    3    8   -.494E+00   -.490E+00
    3    9   -.118E-01   -.126E-01
    3   10   -.108E+00   -.107E+00
    3   11   -.439E-02   -.472E-02
    3   12   -.426E-01   -.420E-01
    3   13   -.218E-02   -.236E-02
    3   14   -.218E-01   -.214E-01
    4    1    .174E-01    .159E-01
    4    2    .414E-01    .391E-01
    4    3    .956E-01    .924E-01
    4    4    .826E-03    .923E-03
    4    5    .315E+00    .308E+00
    4    6    .122E-01    .127E-01
    4    7    .226E+00    .243E+00
    4    8    .666E-02    .000E+00
    4    9   -.959E-01   -.986E-01
    4   10   -.480E+00   -.477E+00
    4   11   -.178E-01   -.185E-01
    4   12   -.112E+00   -.111E+00
    4   13   -.666E-02   -.698E-02
    4   14   -.461E-01   -.456E-01
    5    1    .101E-01    .917E-02
    5    2    .218E-01    .206E-01
    5    3    .424E-01    .408E-01
    5    4    .282E-03    .323E-03
    5    5    .929E-01    .907E-01
    5    6    .217E-02    .232E-02
    5    7    .303E+00    .298E+00
    5    8    .211E-01    .218E-01
    5    9    .273E+00    .287E+00
    5   10    .855E-02    .000E+00
    5   11   -.129E+00   -.132E+00
    5   12   -.476E+00   -.473E+00
    5   13   -.242E-01   -.249E-01
    5   14   -.115E+00   -.114E+00
    6    1    .643E-02    .582E-02
    6    2    .131E-01    .124E-01
    6    3    .232E-01    .223E-01
    6    4    .132E-03    .154E-03
    6    5    .424E-01    .413E-01
    6    6    .763E-03    .828E-03
    6    7    .914E-01    .897E-01
    6    8    .395E-02    .413E-02
    6    9    .297E+00    .294E+00
    6   10    .315E-01    .322E-01
    6   11    .319E+00    .331E+00
    6   12    .103E-01    .000E+00
    6   13   -.163E+00   -.166E+00
    6   14   -.478E+00   -.475E+00
    7    1    .438E-02    .396E-02
    7    2    .863E-02    .809E-02
    7    3    .143E-01    .137E-01
    7    4    .736E-04    .868E-04
    7    5    .237E-01    .230E-01
    7    6    .363E-03    .398E-03
    7    7    .424E-01    .416E-01
    7    8    .142E-02    .150E-02
    7    9    .909E-01    .896E-01
    7   10    .610E-02    .629E-02
    7   11    .296E+00    .293E+00
    7   12    .430E-01    .437E-01
    7   13    .363E+00    .374E+00
    7   14    .120E-01    .000E+00
  1  3  0    1  4  1        42
    1    1   -.886E+01   -.881E+01
    1    2   -.119E+01   -.118E+01
    1    3   -.379E+00   -.374E+00
    1    4   -.172E+00   -.170E+00
    1    5   -.944E-01   -.928E-01
    1    6   -.581E-01   -.571E-01
    2    1    .273E-01    .000E+00
    2    2   -.782E+01   -.779E+01
    2    3   -.150E+01   -.149E+01
    2    4   -.552E+00   -.547E+00
    2    5   -.271E+00   -.268E+00
    2    6   -.155E+00   -.154E+00
    3    1    .599E-01    .625E-01
    3    2    .457E-01    .000E+00
    3    3   -.734E+01   -.731E+01
    3    4   -.161E+01   -.160E+01
    3    5   -.638E+00   -.634E+00
    3    6   -.326E+00   -.324E+00
    4    1    .955E-02    .102E-01
    4    2    .162E+00    .166E+00
    4    3    .587E-01    .000E+00
    4    4   -.711E+01   -.709E+01
    4    5   -.167E+01   -.166E+01
    4    6   -.688E+00   -.685E+00
    5    1    .317E-02    .343E-02
    5    2    .282E-01    .291E-01
    5    3    .295E+00    .299E+00
    5    4    .692E-01    .000E+00
    5    5   -.704E+01   -.702E+01
    5    6   -.171E+01   -.171E+01
    6    1    .145E-02    .159E-02
    6    2    .975E-02    .102E-01
    6    3    .542E-01    .552E-01
    6    4    .450E+00    .454E+00
    6    5    .784E-01    .000E+00
    6    6   -.705E+01   -.704E+01
    7    1    .799E-03    .880E-03
    7    2    .459E-02    .480E-02
    7    3    .193E-01    .198E-01
    7    4    .861E-01    .871E-01
    7    5    .623E+00    .626E+00
    7    6    .869E-01    .000E+00
  1  3  1    1  4  0       168
    1    1   -.598E+01   -.597E+01
    1    2   -.107E+01   -.108E+01
    1    3   -.390E+00   -.395E+00
    1    4   -.271E-02   -.274E-02
    1    5   -.191E+00   -.193E+00
    1    6   -.234E-02   -.238E-02
    1    7   -.109E+00   -.111E+00
    1    8   -.175E-02   -.178E-02
    1    9   -.691E-01   -.706E-01
    1   10   -.129E-02   -.131E-02
    1   11   -.468E-01   -.479E-01
    1   12   -.958E-03   -.980E-03
    2    1   -.684E+00    .000E+00
    2    2   -.466E+01   -.466E+01
    2    3   -.114E+01   -.114E+01
    2    4   -.784E-02   -.783E-02
    2    5   -.470E+00   -.469E+00
    2    6   -.576E-02   -.575E-02
    2    7   -.246E+00   -.245E+00
    2    8   -.393E-02   -.392E-02
    2    9   -.147E+00   -.147E+00
    2   10   -.274E-02   -.273E-02
    2   11   -.962E-01   -.958E-01
    2   12   -.197E-02   -.197E-02
    3    1    .174E+00    .173E+00
    3    2   -.131E+01    .000E+00
    3    3   -.407E+01   -.406E+01
    3    4   -.177E-01   -.177E-01
    3    5   -.111E+01   -.111E+01
    3    6   -.109E-01   -.108E-01
    3    7   -.488E+00   -.485E+00
    3    8   -.661E-02   -.657E-02
    3    9   -.265E+00   -.263E+00
    3   10   -.430E-02   -.427E-02
    3   11   -.163E+00   -.162E+00
    3   12   -.296E-02   -.294E-02
    4    1    .887E-02    .880E-02
    4    2    .101E-04    .000E+00
    4    3   -.747E-01   -.749E-01
    4    4   -.116E+02   -.116E+02
    4    5   -.153E-01   -.154E-01
    4    6   -.140E+01   -.140E+01
    4    7   -.578E-02   -.580E-02
    4    8   -.414E+00   -.413E+00
    4    9   -.286E-02   -.287E-02
    4   10   -.179E+00   -.178E+00
    4   11   -.165E-02   -.166E-02
    4   12   -.948E-01   -.944E-01
    5    1    .294E-01    .292E-01
    5    2    .435E+00    .438E+00
    5    3   -.187E+01    .000E+00
    5    4   -.120E-01    .000E+00
    5    5   -.378E+01   -.376E+01
    5    6   -.344E-01   -.342E-01
    5    7   -.109E+01   -.108E+01
    5    8   -.141E-01   -.140E-01
    5    9   -.492E+00   -.489E+00
    5   10   -.770E-02   -.765E-02
    5   11   -.273E+00   -.271E+00
    5   12   -.480E-02   -.477E-02
    6    1    .121E-02    .119E-02
    6    2    .736E-02    .726E-02
    6    3    .487E-03    .000E+00
    6    4   -.586E-02    .000E+00
    6    5   -.125E+00   -.126E+00
    6    6   -.103E+02   -.103E+02
    6    7   -.282E-01   -.282E-01
    6    8   -.183E+01   -.183E+01
    6    9   -.113E-01   -.113E-01
    6   10   -.641E+00   -.639E+00
    6   11   -.579E-02   -.580E-02
    6   12   -.303E+00   -.302E+00
    7    1    .104E-01    .104E-01
    7    2    .773E-01    .781E-01
    7    3    .742E+00    .748E+00
    7    4    .507E-02    .510E-02
    7    5   -.236E+01    .000E+00
    7    6   -.278E-01    .000E+00
    7    7   -.364E+01   -.362E+01
    7    8   -.465E-01   -.463E-01
    7    9   -.107E+01   -.107E+01
    7   10   -.167E-01   -.166E-01
    7   11   -.494E+00   -.491E+00
    7   12   -.865E-02   -.860E-02
    8    1    .389E-03    .378E-03
    8    2    .145E-02    .142E-02
    8    3    .101E-01    .997E-02
    8    4    .508E-01    .514E-01
    8    5    .146E-02    .000E+00
    8    6   -.141E-01    .000E+00
    8    7   -.158E+00   -.159E+00
    8    8   -.956E+01   -.955E+01
    8    9   -.374E-01   -.374E-01
    8   10   -.200E+01   -.199E+01
    8   11   -.154E-01   -.155E-01
    8   12   -.762E+00   -.760E+00
    9    1    .504E-02    .499E-02
    9    2    .281E-01    .285E-01
    9    3    .136E+00    .137E+00
    9    4    .942E-03    .953E-03
    9    5    .108E+01    .109E+01
    9    6    .131E-01    .132E-01
    9    7   -.283E+01    .000E+00
    9    8   -.442E-01    .000E+00
    9    9   -.358E+01   -.357E+01
    9   10   -.554E-01   -.552E-01
    9   11   -.107E+01   -.107E+01
    9   12   -.188E-01   -.187E-01
   10    1    .177E-03    .171E-03
   10    2    .544E-03    .530E-03
   10    3    .212E-02    .209E-02
   10    4    .716E-02    .731E-02
   10    5    .146E-01    .145E-01
   10    6    .140E+00    .141E+00
   10    7    .265E-02    .000E+00
   10    8   -.230E-01    .000E+00
   10    9   -.182E+00   -.182E+00
   10   10   -.915E+01   -.914E+01
   10   11   -.442E-01   -.442E-01
   10   12   -.208E+01   -.207E+01
   11    1    .287E-02    .284E-02
   11    2    .138E-01    .140E-01
   11    3    .502E-01    .510E-01
   11    4    .352E-03    .357E-03
   11    5    .201E+00    .204E+00
   11    6    .248E-02    .250E-02
   11    7    .143E+01    .144E+01
   11    8    .229E-01    .230E-01
   11    9   -.330E+01    .000E+00
   11   10   -.606E-01    .000E+00
   11   11   -.358E+01   -.356E+01
   11   12   -.624E-01   -.622E-01
   12    1    .970E-04    .932E-04
   12    2    .269E-03    .261E-03
   12    3    .820E-03    .807E-03
   12    4    .219E-02    .225E-02
   12    5    .309E-02    .307E-02
   12    6    .220E-01    .223E-01
   12    7    .202E-01    .201E-01
   12    8    .258E+00    .259E+00
   12    9    .392E-02    .000E+00
   12   10   -.320E-01    .000E+00
   12   11   -.200E+00   -.201E+00
   12   12   -.892E+01   -.891E+01
   13    1    .181E-02    .180E-02
   13    2    .792E-02    .808E-02
   13    3    .248E-01    .253E-01
   13    4    .175E-03    .178E-03
   13    5    .754E-01    .764E-01
   13    6    .935E-03    .947E-03
   13    7    .272E+00    .275E+00
   13    8    .437E-02    .440E-02
   13    9    .181E+01    .181E+01
   13   10    .336E-01    .338E-01
   13   11   -.380E+01    .000E+00
   13   12   -.768E-01    .000E+00
   14    1    .596E-04    .571E-04
   14    2    .156E-03    .150E-03
   14    3    .415E-03    .407E-03
   14    4    .948E-03    .981E-03
   14    5    .121E-02    .120E-02
   14    6    .711E-02    .723E-02
   14    7    .432E-02    .429E-02
   14    8    .435E-01    .439E-01
   14    9    .267E-01    .266E-01
   14   10    .398E+00    .400E+00
   14   11    .519E-02    .000E+00
   14   12   -.408E-01    .000E+00
  1  4  0    1  4  1        72
    1    1   -.586E+00   -.580E+00
    1    2   -.804E-01   -.788E-01
    1    3   -.259E-01   -.252E-01
    1    4   -.118E-01   -.115E-01
    1    5   -.653E-02   -.629E-02
    1    6   -.403E-02   -.387E-02
    2    1   -.278E-02    .000E+00
    2    2   -.513E+00   -.508E+00
    2    3   -.100E+00   -.988E-01
    2    4   -.373E-01   -.366E-01
    2    5   -.184E-01   -.180E-01
    2    6   -.106E-01   -.104E-01
    3    1    .124E-06    .102E-04
    3    2   -.544E-02    .000E+00
    3    3   -.468E+00   -.464E+00
    3    4   -.105E+00   -.104E+00
    3    5   -.421E-01   -.415E-01
    3    6   -.217E-01   -.213E-01
    4    1    .608E+00    .608E+00
    4    2   -.424E-03    .000E+00
    4    3   -.124E-01   -.123E-01
    4    4   -.226E-02   -.224E-02
    4    5   -.810E-03   -.802E-03
    4    6   -.391E-03   -.387E-03
    5    1    .135E-04    .382E-05
    5    2    .655E-03    .794E-03
    5    3   -.788E-02    .000E+00
    5    4   -.442E+00   -.439E+00
    5    5   -.106E+00   -.105E+00
    5    6   -.443E-01   -.438E-01
    6    1    .732E-01    .733E-01
    6    2    .549E+00    .549E+00
    6    3   -.101E-02    .000E+00
    6    4   -.266E-01   -.265E-01
    6    5   -.514E-02   -.512E-02
    6    6   -.190E-02   -.189E-02
    7    1    .112E-04    .451E-05
    7    2    .310E-04    .516E-04
    7    3    .295E-02    .319E-02
    7    4   -.102E-01    .000E+00
    7    5   -.427E+00   -.424E+00
    7    6   -.107E+00   -.106E+00
    8    1    .217E-01    .218E-01
    8    2    .975E-01    .977E-01
    8    3    .520E+00    .520E+00
    8    4   -.164E-02    .000E+00
    8    5   -.414E-01   -.413E-01
    8    6   -.830E-02   -.827E-02
    9    1    .777E-05    .339E-05
    9    2    .212E-05    .694E-05
    9    3    .309E-03    .361E-03
    9    4    .687E-02    .719E-02
    9    5   -.124E-01    .000E+00
    9    6   -.419E+00   -.417E+00
   10    1    .939E-02    .943E-02
   10    2    .341E-01    .342E-01
   10    3    .108E+00    .108E+00
   10    4    .507E+00    .508E+00
   10    5   -.228E-02    .000E+00
   10    6   -.566E-01   -.565E-01
   11    1    .541E-05    .243E-05
   11    2    .267E-07    .119E-05
   11    3    .695E-04    .879E-04
   11    4    .915E-03    .990E-03
   11    5    .121E-01    .125E-01
   11    6   -.144E-01    .000E+00
   12    1    .498E-02    .500E-02
   12    2    .161E-01    .162E-01
   12    3    .412E-01    .412E-01
   12    4    .114E+00    .114E+00
   12    5    .504E+00    .504E+00
   12    6   -.291E-02    .000E+00
  3  0  0    3  1  1       128
    1    1    .637E+00    .497E+00
    1    2   -.224E+01   -.216E+01
    1    3   -.370E+00   -.334E+00
    1    4   -.357E-01   -.359E-01
    1    5   -.612E-01   -.551E-01
    1    6   -.375E-01   -.371E-01
    1    7   -.228E-01   -.207E-01
    1    8   -.247E-01   -.245E-01
    1    9   -.114E-01   -.104E-01
    1   10   -.162E-01   -.161E-01
    1   11   -.664E-02   -.606E-02
    1   12   -.111E-01   -.109E-01
    1   13   -.425E-02   -.389E-02
    1   14   -.782E-02   -.774E-02
    1   15   -.289E-02   -.266E-02
    1   16   -.572E-02   -.567E-02
    2    1    .100E+00    .109E+00
    2    2    .587E+00    .548E+00
    2    3    .105E+01    .101E+01
    2    4   -.333E+01   -.323E+01
    2    5   -.606E+00   -.588E+00
    2    6   -.110E-02   -.203E-02
    2    7   -.984E-01   -.939E-01
    2    8   -.105E-01   -.119E-01
    2    9   -.365E-01   -.344E-01
    2   10   -.939E-02   -.103E-01
    2   11   -.182E-01   -.171E-01
    2   12   -.709E-02   -.769E-02
    2   13   -.107E-01   -.993E-02
    2   14   -.526E-02   -.565E-02
    2   15   -.684E-02   -.636E-02
    2   16   -.394E-02   -.422E-02
    3    1    .447E-01    .471E-01
    3    2    .535E-01    .476E-01
    3    3    .706E-01    .734E-01
    3    4    .127E+01    .122E+01
    3    5    .138E+01    .134E+01
    3    6   -.426E+01   -.418E+01
    3    7   -.846E+00   -.830E+00
    3    8   -.377E-02   -.273E-02
    3    9   -.137E+00   -.133E+00
    3   10   -.208E-02   -.263E-02
    3   11   -.511E-01   -.492E-01
    3   12   -.343E-02   -.392E-02
    3   13   -.257E-01   -.246E-01
    3   14   -.317E-02   -.353E-02
    3   15   -.151E-01   -.144E-01
    3   16   -.262E-02   -.288E-02
    4    1    .256E-01    .268E-01
    4    2    .171E-01    .148E-01
    4    3    .302E-01    .312E-01
    4    4    .119E+00    .110E+00
    4    5    .683E-01    .715E-01
    4    6    .197E+01    .193E+01
    4    7    .169E+01    .165E+01
    4    8   -.514E+01   -.507E+01
    4    9   -.108E+01   -.107E+01
    4   10   -.173E-01   -.156E-01
    4   11   -.176E+00   -.172E+00
    4   12   -.994E-05   -.585E-04
    4   13   -.657E-01   -.639E-01
    4   14   -.859E-03   -.106E-02
    4   15   -.331E-01   -.321E-01
    4   16   -.120E-02   -.138E-02
    5    1    .170E-01    .176E-01
    5    2    .788E-02    .668E-02
    5    3    .158E-01    .163E-01
    5    4    .387E-01    .351E-01
    5    5    .303E-01    .316E-01
    5    6    .186E+00    .178E+00
    5    7    .703E-01    .733E-01
    5    8    .268E+01    .264E+01
    5    9    .199E+01    .000E+00
    5   10   -.599E+01   -.593E+01
    5   11   -.132E+01   -.130E+01
    5   12   -.357E-01   -.336E-01
    5   13   -.214E+00   -.211E+00
    5   14   -.970E-03   -.754E-03
    5   15   -.800E-01   -.784E-01
    5   16   -.294E-04   -.667E-04
    6    1    .122E-01    .126E-01
    6    2    .435E-02    .362E-02
    6    3    .946E-02    .975E-02
    6    4    .182E-01    .162E-01
    6    5    .162E-01    .169E-01
    6    6    .606E-01    .573E-01
    6    7    .316E-01    .329E-01
    6    8    .251E+00    .244E+00
    6    9    .743E-01    .770E-01
    6   10    .340E+01    .336E+01
    6   11    .229E+01    .000E+00
    6   12   -.682E+01    .000E+00
    6   13   -.155E+01   -.153E+01
    6   14   -.565E-01   -.544E-01
    6   15   -.252E+00   -.249E+00
    6   16   -.362E-02   -.326E-02
    7    1    .917E-02    .950E-02
    7    2    .267E-02    .219E-02
    7    3    .617E-02    .636E-02
    7    4    .102E-01    .904E-02
    7    5    .984E-02    .103E-01
    7    6    .287E-01    .269E-01
    7    7    .171E-01    .178E-01
    7    8    .820E-01    .791E-01
    7    9    .336E-01    .348E-01
    7   10    .315E+00    .309E+00
    7   11    .795E-01    .819E-01
    7   12    .412E+01    .409E+01
    7   13    .258E+01    .000E+00
    7   14   -.765E+01    .000E+00
    7   15   -.177E+01   -.176E+01
    7   16   -.788E-01   -.767E-01
    8    1    .716E-02    .741E-02
    8    2    .176E-02    .142E-02
    8    3    .428E-02    .440E-02
    8    4    .640E-02    .561E-02
    8    5    .652E-02    .680E-02
    8    6    .163E-01    .151E-01
    8    7    .105E-01    .109E-01
    8    8    .389E-01    .373E-01
    8    9    .182E-01    .189E-01
    8   10    .103E+00    .100E+00
    8   11    .358E-01    .369E-01
    8   12    .378E+00    .372E+00
    8   13    .856E-01    .876E-01
    8   14    .484E+01    .000E+00
    8   15    .287E+01    .000E+00
    8   16   -.847E+01    .000E+00
  3  1  0    3  1  1       128
    1    1    .247E+01    .215E+01
    1    2   -.178E+01   -.173E+01
    1    3   -.941E+00   -.857E+00
    1    4   -.715E-01   -.684E-01
    1    5   -.145E+00   -.132E+00
    1    6   -.497E-01   -.473E-01
    1    7   -.523E-01   -.476E-01
    1    8   -.296E-01   -.282E-01
    1    9   -.254E-01   -.232E-01
    1   10   -.186E-01   -.177E-01
    1   11   -.145E-01   -.133E-01
    1   12   -.123E-01   -.117E-01
    1   13   -.909E-02   -.836E-02
    1   14   -.858E-02   -.819E-02
    1   15   -.612E-02   -.564E-02
    1   16   -.622E-02   -.593E-02
    2    1    .824E-01    .925E-01
    2    2    .578E+00    .561E+00
    2    3    .346E+01    .339E+01
    2    4   -.265E+01   -.260E+01
    2    5   -.173E+01   -.169E+01
    2    6   -.206E-01   -.223E-01
    2    7   -.259E+00   -.251E+00
    2    8   -.239E-01   -.250E-01
    2    9   -.944E-01   -.907E-01
    2   10   -.165E-01   -.171E-01
    2   11   -.469E-01   -.448E-01
    2   12   -.112E-01   -.116E-01
    2   13   -.273E-01   -.259E-01
    2   14   -.787E-02   -.807E-02
    2   15   -.175E-01   -.166E-01
    2   16   -.570E-02   -.583E-02
    3    1    .393E-01    .423E-01
    3    2    .560E-01    .536E-01
    3    3    .652E-01    .674E-01
    3    4    .111E+01    .108E+01
    3    5    .448E+01    .441E+01
    3    6   -.341E+01   -.337E+01
    3    7   -.250E+01   -.247E+01
    3    8   -.523E-02   -.598E-02
    3    9   -.367E+00   -.359E+00
    3   10   -.129E-01   -.136E-01
    3   11   -.134E+00   -.130E+00
    3   12   -.104E-01   -.108E-01
    3   13   -.667E-01   -.647E-01
    3   14   -.758E-02   -.784E-02
    3   15   -.391E-01   -.378E-01
    3   16   -.556E-02   -.574E-02
    4    1    .206E-01    .219E-01
    4    2    .179E-01    .171E-01
    4    3    .365E-01    .373E-01
    4    4    .118E+00    .113E+00
    4    5    .522E-01    .548E-01
    4    6    .165E+01    .162E+01
    4    7    .547E+01    .540E+01
    4    8   -.413E+01   -.410E+01
    4    9   -.327E+01   -.324E+01
    4   10   -.513E-03   -.696E-03
    4   11   -.474E+00   -.467E+00
    4   12   -.718E-02   -.759E-02
    4   13   -.172E+00   -.169E+00
    4   14   -.676E-02   -.704E-02
    4   15   -.860E-01   -.841E-01
    4   16   -.531E-02   -.550E-02
    5    1    .121E-01    .128E-01
    5    2    .830E-02    .792E-02
    5    3    .205E-01    .209E-01
    5    4    .389E-01    .370E-01
    5    5    .332E-01    .345E-01
    5    6    .180E+00    .176E+00
    5    7    .437E-01    .461E-01
    5    8    .219E+01    .217E+01
    5    9    .645E+01    .639E+01
    5   10   -.483E+01   -.480E+01
    5   11   -.404E+01   -.401E+01
    5   12   -.239E-03   -.159E-03
    5   13   -.579E+00   -.573E+00
    5   14   -.391E-02   -.415E-02
    5   15   -.210E+00   -.207E+00
    5   16   -.450E-02   -.468E-02
    6    1    .770E-02    .812E-02
    6    2    .463E-02    .441E-02
    6    3    .126E-01    .128E-01
    6    4    .185E-01    .175E-01
    6    5    .196E-01    .203E-01
    6    6    .604E-01    .587E-01
    6    7    .307E-01    .320E-01
    6    8    .243E+00    .239E+00
    6    9    .379E-01    .399E-01
    6   10    .273E+01    .272E+01
    6   11    .743E+01    .737E+01
    6   12   -.552E+01   -.549E+01
    6   13   -.480E+01   -.478E+01
    6   14   -.216E-02   -.195E-02
    6   15   -.684E+00   -.678E+00
    6   16   -.200E-02   -.213E-02
    7    1    .522E-02    .549E-02
    7    2    .288E-02    .275E-02
    7    3    .830E-02    .844E-02
    7    4    .105E-01    .987E-02
    7    5    .124E-01    .129E-01
    7    6    .289E-01    .280E-01
    7    7    .188E-01    .195E-01
    7    8    .817E-01    .803E-01
    7    9    .289E-01    .301E-01
    7   10    .304E+00    .301E+00
    7   11    .338E-01    .354E-01
    7   12    .328E+01    .327E+01
    7   13    .840E+01    .835E+01
    7   14   -.619E+01   -.617E+01
    7   15   -.557E+01   -.555E+01
    7   16   -.528E-02   -.502E-02
    8    1    .370E-02    .389E-02
    8    2    .193E-02    .184E-02
    8    3    .578E-02    .587E-02
    8    4    .661E-02    .622E-02
    8    5    .840E-02    .870E-02
    8    6    .165E-01    .160E-01
    8    7    .122E-01    .127E-01
    8    8    .393E-01    .386E-01
    8    9    .182E-01    .189E-01
    8   10    .103E+00    .102E+00
    8   11    .277E-01    .287E-01
    8   12    .365E+00    .363E+00
    8   13    .307E-01    .320E-01
    8   14    .383E+01    .382E+01
    8   15    .937E+01    .932E+01
    8   16   -.686E+01   -.685E+01
  3  1  0    3  2  1        64
    1    1   -.543E+01   -.571E+01
    1    2   -.809E-01   -.601E-01
    1    3   -.819E-01   -.681E-01
    1    4   -.532E-01   -.454E-01
    1    5   -.347E-01   -.299E-01
    1    6   -.235E-01   -.204E-01
    1    7   -.166E-01   -.144E-01
    1    8   -.121E-01   -.105E-01
    2    1    .153E+01    .159E+01
    2    2   -.785E+01   -.791E+01
    2    3   -.688E-02   -.596E-02
    2    4   -.301E-01   -.286E-01
    2    5   -.253E-01   -.242E-01
    2    6   -.187E-01   -.179E-01
    2    7   -.137E-01   -.131E-01
    2    8   -.102E-01   -.972E-02
    3    1    .135E+00    .142E+00
    3    2    .313E+01    .313E+01
    3    3   -.100E+02   -.100E+02
    3    4   -.199E-02   -.219E-02
    3    5   -.960E-02   -.922E-02
    3    6   -.118E-01   -.114E-01
    3    7   -.101E-01   -.976E-02
    3    8   -.799E-02   -.775E-02
    4    1    .427E-01    .450E-01
    4    2    .300E+00    .300E+00
    4    3    .473E+01    .473E+01
    4    4   -.120E+02   -.121E+02
    4    5   -.188E-01   -.192E-01
    4    6   -.182E-02   -.170E-02
    4    7   -.501E-02   -.484E-02
    4    8   -.524E-02   -.509E-02
    5    1    .198E-01    .209E-01
    5    2    .978E-01    .976E-01
    5    3    .465E+00    .466E+00
    5    4    .633E+01    .634E+01
    5    5   -.140E+02   -.140E+02
    5    6   -.440E-01   -.447E-01
    5    7   -.398E-06   -.325E-05
    5    8   -.166E-02   -.158E-02
    6    1    .110E-01    .116E-01
    6    2    .461E-01    .460E-01
    6    3    .153E+00    .153E+00
    6    4    .628E+00    .629E+00
    6    5    .795E+01    .795E+01
    6    6   -.159E+02   -.160E+02
    6    7   -.731E-01   -.738E-01
    6    8   -.131E-02   -.138E-02
    7    1    .684E-02    .725E-02
    7    2    .261E-01    .260E-01
    7    3    .729E-01    .729E-01
    7    4    .207E+00    .208E+00
    7    5    .788E+00    .790E+00
    7    6    .956E+01    .957E+01
    7    7   -.178E+02   -.179E+02
    7    8   -.104E+00   -.105E+00
    8    1    .458E-02    .485E-02
    8    2    .164E-01    .164E-01
    8    3    .416E-01    .415E-01
    8    4    .991E-01    .993E-01
    8    5    .261E+00    .261E+00
    8    6    .946E+00    .948E+00
    8    7    .112E+02    .112E+02
    8    8   -.197E+02   -.198E+02
  3  1  1    3  2  0       240
    1    1   -.382E+01   -.421E+01
    1    2   -.220E+00   -.186E+00
    1    3   -.159E-02   -.141E-02
    1    4   -.940E-01   -.823E-01
    1    5   -.720E-03   -.626E-03
    1    6   -.477E-01   -.423E-01
    1    7   -.379E-03   -.326E-03
    1    8   -.275E-01   -.246E-01
    1    9   -.225E-03   -.191E-03
    1   10   -.174E-01   -.157E-01
    1   11   -.144E-03   -.122E-03
    1   12   -.117E-01   -.106E-01
    1   13   -.985E-04   -.833E-04
    1   14   -.827E-02   -.748E-02
    1   15   -.704E-04   -.593E-04
    2    1    .563E-01    .463E-01
    2    2   -.277E-03   -.447E-04
    2    3   -.795E+01   -.777E+01
    2    4   -.106E-02   -.813E-03
    2    5   -.153E+01   -.149E+01
    2    6   -.568E-03   -.463E-03
    2    7   -.574E+00   -.557E+00
    2    8   -.330E-03   -.276E-03
    2    9   -.285E+00   -.276E+00
    2   10   -.208E-03   -.177E-03
    2   11   -.165E+00   -.160E+00
    2   12   -.140E-03   -.120E-03
    2   13   -.105E+00   -.102E+00
    2   14   -.990E-04   -.853E-04
    2   15   -.714E-01   -.693E-01
    3    1    .172E+01    .173E+01
    3    2   -.565E+01   -.561E+01
    3    3   -.346E-01   -.346E-01
    3    4   -.171E+00   -.169E+00
    3    5   -.166E-02   -.169E-02
    3    6   -.843E-01   -.826E-01
    3    7   -.328E-03   -.343E-03
    3    8   -.456E-01   -.444E-01
    3    9   -.110E-03   -.118E-03
    3   10   -.275E-01   -.266E-01
    3   11   -.490E-04   -.538E-04
    3   12   -.180E-01   -.173E-01
    3   13   -.258E-04   -.289E-04
    3   14   -.124E-01   -.120E-01
    3   15   -.153E-04   -.174E-04
    4    1    .933E-02    .102E-01
    4    2    .842E-01    .820E-01
    4    3   -.144E+01   -.155E+01
    4    4   -.527E-02   -.491E-02
    4    5   -.587E+01   -.580E+01
    4    6   -.165E-02   -.154E-02
    4    7   -.155E+01   -.152E+01
    4    8   -.747E-03   -.695E-03
    4    9   -.660E+00   -.646E+00
    4   10   -.414E-03   -.384E-03
    4   11   -.351E+00   -.343E+00
    4   12   -.257E-03   -.238E-03
    4   13   -.213E+00   -.207E+00
    4   14   -.172E-03   -.159E-03
    4   15   -.140E+00   -.136E+00
    5    1    .279E+00    .278E+00
    5    2    .300E+01    .297E+01
    5    3    .976E-02    .979E-02
    5    4   -.738E+01   -.738E+01
    5    5   -.380E-01   -.382E-01
    5    6   -.146E+00   -.145E+00
    5    7   -.304E-02   -.307E-02
    5    8   -.790E-01   -.776E-01
    5    9   -.799E-03   -.814E-03
    5   10   -.445E-01   -.435E-01
    5   11   -.324E-03   -.332E-03
    5   12   -.276E-01   -.269E-01
    5   13   -.165E-03   -.169E-03
    5   14   -.184E-01   -.179E-01
    5   15   -.959E-04   -.991E-04
    6    1    .595E-02    .618E-02
    6    2    .267E-02    .274E-02
    6    3    .320E+00    .330E+00
    6    4    .101E+00    .100E+00
    6    5   -.264E+01    .000E+00
    6    6   -.134E-01   -.131E-01
    6    7   -.498E+01   -.492E+01
    6    8   -.256E-02   -.248E-02
    6    9   -.147E+01   -.145E+01
    6   10   -.105E-02   -.101E-02
    6   11   -.663E+00   -.652E+00
    6   12   -.563E-03   -.540E-03
    6   13   -.366E+00   -.359E+00
    6   14   -.345E-03   -.330E-03
    6   15   -.228E+00   -.223E+00
    7    1    .104E+00    .104E+00
    7    2    .462E+00    .456E+00
    7    3    .943E-04    .963E-04
    7    4    .428E+01    .428E+01
    7    5    .172E-01    .173E-01
    7    6   -.906E+01   -.909E+01
    7    7   -.427E-01   -.428E-01
    7    8   -.132E+00   -.130E+00
    7    9   -.409E-02   -.412E-02
    7   10   -.759E-01   -.746E-01
    7   11   -.119E-02   -.121E-02
    7   12   -.438E-01   -.430E-01
    7   13   -.517E-03   -.524E-03
    7   14   -.277E-01   -.272E-01
    7   15   -.275E-03   -.279E-03
    8    1    .354E-02    .362E-02
    8    2    .231E-02    .233E-02
    8    3    .523E-01    .541E-01
    8    4    .117E-02    .121E-02
    8    5    .780E+00    .798E+00
    8    6    .117E+00    .116E+00
    8    7   -.372E+01    .000E+00
    8    8   -.229E-01   -.226E-01
    8    9   -.453E+01   -.449E+01
    8   10   -.360E-02   -.353E-02
    8   11   -.140E+01   -.139E+01
    8   12   -.141E-02   -.137E-02
    8   13   -.654E+00   -.645E+00
    8   14   -.735E-03   -.715E-03
    8   15   -.369E+00   -.364E+00
    9    1    .522E-01    .518E-01
    9    2    .170E+00    .167E+00
    9    3    .232E-04    .241E-04
    9    4    .650E+00    .649E+00
    9    5    .160E-03    .165E-03
    9    6    .557E+01    .558E+01
    9    7    .242E-01    .243E-01
    9    8   -.107E+02    .000E+00
    9    9   -.476E-01   -.477E-01
    9   10   -.123E+00   -.121E+00
    9   11   -.498E-02   -.501E-02
    9   12   -.741E-01   -.730E-01
    9   13   -.153E-02   -.154E-02
    9   14   -.436E-01   -.429E-01
    9   15   -.688E-03   -.694E-03
   10    1    .224E-02    .227E-02
   10    2    .152E-02    .152E-02
   10    3    .184E-01    .191E-01
   10    4    .137E-02    .139E-02
   10    5    .134E+00    .138E+00
   10    6    .530E-03    .553E-03
   10    7    .132E+01    .134E+01
   10    8    .132E+00    .131E+00
   10    9   -.471E+01    .000E+00
   10   10   -.331E-01   -.328E-01
   10   11   -.431E+01   -.427E+01
   10   12   -.471E-02   -.465E-02
   10   13   -.137E+01   -.135E+01
   10   14   -.178E-02   -.175E-02
   10   15   -.647E+00   -.639E+00
   11    1    .305E-01    .302E-01
   11    2    .846E-01    .833E-01
   11    3    .102E-04    .106E-04
   11    4    .238E+00    .238E+00
   11    5    .392E-04    .408E-04
   11    6    .837E+00    .839E+00
   11    7    .202E-03    .208E-03
   11    8    .685E+01    .687E+01
   11    9    .309E-01    .000E+00
   11   10   -.124E+02    .000E+00
   11   11   -.525E-01   -.526E-01
   11   12   -.118E+00   -.116E+00
   11   13   -.579E-02   -.581E-02
   11   14   -.733E-01   -.724E-01
   11   15   -.184E-02   -.185E-02
   12    1    .150E-02    .151E-02
   12    2    .101E-02    .101E-02
   12    3    .888E-02    .919E-02
   12    4    .984E-03    .994E-03
   12    5    .482E-01    .501E-01
   12    6    .893E-03    .912E-03
   12    7    .232E+00    .238E+00
   12    8    .215E-03    .229E-03
   12    9    .190E+01    .193E+01
   12   10    .147E+00    .000E+00
   12   11   -.565E+01    .000E+00
   12   12   -.438E-01   -.435E-01
   12   13   -.419E+01   -.416E+01
   12   14   -.586E-02   -.579E-02
   12   15   -.135E+01   -.133E+01
   13    1    .195E-01    .194E-01
   13    2    .493E-01    .486E-01
   13    3    .560E-05    .591E-05
   13    4    .119E+00    .119E+00
   13    5    .172E-04    .180E-04
   13    6    .307E+00    .307E+00
   13    7    .482E-04    .500E-04
   13    8    .102E+01    .103E+01
   13    9    .230E-03    .235E-03
   13   10    .814E+01    .815E+01
   13   11    .375E-01    .000E+00
   13   12   -.140E+02    .000E+00
   13   13   -.574E-01   -.575E-01
   13   14   -.114E+00   -.113E+00
   13   15   -.654E-02   -.656E-02
   14    1    .105E-02    .106E-02
   14    2    .704E-03    .703E-03
   14    3    .505E-02    .523E-02
   14    4    .691E-03    .698E-03
   14    5    .235E-01    .245E-01
   14    6    .698E-03    .709E-03
   14    7    .851E-01    .878E-01
   14    8    .606E-03    .621E-03
   14    9    .342E+00    .349E+00
   14   10    .637E-04    .704E-04
   14   11    .252E+01    .255E+01
   14   12    .161E+00    .000E+00
   14   13   -.655E+01    .000E+00
   14   14   -.548E-01    .000E+00
   14   15   -.415E+01   -.412E+01
   15    1    .133E-01    .132E-01
   15    2    .317E-01    .312E-01
   15    3    .350E-05    .371E-05
   15    4    .699E-01    .698E-01
   15    5    .949E-05    .998E-05
   15    6    .154E+00    .154E+00
   15    7    .210E-04    .219E-04
   15    8    .374E+00    .375E+00
   15    9    .529E-04    .546E-04
   15   10    .121E+01    .121E+01
   15   11    .249E-03    .254E-03
   15   12    .942E+01    .944E+01
   15   13    .439E-01    .000E+00
   15   14   -.157E+02    .000E+00
   15   15   -.624E-01    .000E+00
   16    1    .769E-03    .770E-03
   16    2    .508E-03    .506E-03
   16    3    .319E-02    .330E-02
   16    4    .498E-03    .502E-03
   16    5    .135E-01    .142E-01
   16    6    .513E-03    .521E-03
   16    7    .420E-01    .434E-01
   16    8    .516E-03    .526E-03
   16    9    .127E+00    .130E+00
   16   10    .417E-03    .429E-03
   16   11    .459E+00    .466E+00
   16   12    .565E-05    .753E-05
   16   13    .316E+01    .319E+01
   16   14    .175E+00    .000E+00
   16   15   -.743E+01    .000E+00
  3  2  0    3  2  1       120
    1    1   -.187E+01   -.178E+01
    1    2   -.138E-01   -.141E-01
    1    3   -.195E-01   -.193E-01
    1    4   -.136E-01   -.133E-01
    1    5   -.914E-02   -.894E-02
    1    6   -.629E-02   -.615E-02
    1    7   -.448E-02   -.438E-02
    1    8   -.329E-02   -.322E-02
    2    1    .554E+00    .523E+00
    2    2   -.271E+01   -.263E+01
    2    3   -.874E-07   -.970E-04
    2    4   -.520E-02   -.611E-02
    2    5   -.529E-02   -.592E-02
    2    6   -.418E-02   -.459E-02
    2    7   -.317E-02   -.345E-02
    2    8   -.241E-02   -.261E-02
    3    1    .156E+01    .150E+01
    3    2    .130E+00    .221E+00
    3    3   -.320E-01   -.391E-01
    3    4   -.541E-02   -.702E-02
    3    5   -.191E-02   -.255E-02
    3    6   -.921E-03   -.125E-02
    3    7   -.523E-03   -.713E-03
    3    8   -.330E-03   -.452E-03
    4    1    .420E-01    .384E-01
    4    2    .114E+01    .110E+01
    4    3   -.346E+01   -.339E+01
    4    4   -.587E-02   -.473E-02
    4    5   -.702E-03   -.989E-03
    4    6   -.176E-02   -.207E-02
    4    7   -.179E-02   -.203E-02
    4    8   -.154E-02   -.172E-02
    5    1    .263E+00    .245E+00
    5    2    .126E+01    .121E+01
    5    3    .255E+00    .333E+00
    5    4   -.860E-01   -.941E-01
    5    5   -.153E-01   -.173E-01
    5    6   -.556E-02   -.639E-02
    5    7   -.271E-02   -.315E-02
    5    8   -.156E-02   -.182E-02
    6    1    .127E-01    .115E-01
    6    2    .992E-01    .931E-01
    6    3    .172E+01    .168E+01
    6    4   -.416E+01   -.411E+01
    6    5   -.176E-01   -.161E-01
    6    6   -.524E-04   -.116E-04
    6    7   -.351E-03   -.464E-03
    6    8   -.629E-03   -.745E-03
    7    1    .927E-01    .849E-01
    7    2    .298E+00    .284E+00
    7    3    .112E+01    .109E+01
    7    4    .368E+00    .432E+00
    7    5   -.153E+00   -.161E+00
    7    6   -.282E-01   -.302E-01
    7    7   -.104E-01   -.113E-01
    7    8   -.513E-02   -.561E-02
    8    1    .573E-02    .515E-02
    8    2    .315E-01    .291E-01
    8    3    .156E+00    .150E+00
    8    4    .229E+01    .226E+01
    8    5   -.485E+01   -.481E+01
    8    6   -.314E-01   -.299E-01
    8    7   -.115E-02   -.951E-03
    8    8   -.423E-07   -.615E-05
    9    1    .444E-01    .402E-01
    9    2    .122E+00    .115E+00
    9    3    .297E+00    .287E+00
    9    4    .105E+01    .103E+01
    9    5    .474E+00    .526E+00
    9    6   -.228E+00   -.235E+00
    9    7   -.430E-01   -.450E-01
    9    8   -.161E-01   -.170E-01
   10    1    .314E-02    .281E-02
   10    2    .147E-01    .135E-01
   10    3    .501E-01    .479E-01
   10    4    .211E+00    .206E+00
   10    5    .287E+01    .284E+01
   10    6   -.552E+01   -.549E+01
   10    7   -.461E-01   -.445E-01
   10    8   -.312E-02   -.285E-02
   11    1    .251E-01    .226E-01
   11    2    .631E-01    .593E-01
   11    3    .129E+00    .124E+00
   11    4    .294E+00    .287E+00
   11    5    .102E+01    .100E+01
   11    6    .574E+00    .619E+00
   11    7   -.308E+00   -.315E+00
   11    8   -.592E-01   -.611E-01
   12    1    .193E-02    .173E-02
   12    2    .823E-02    .751E-02
   12    3    .236E-01    .225E-01
   12    4    .682E-01    .663E-01
   12    5    .264E+00    .260E+00
   12    6    .344E+01    .342E+01
   12    7   -.619E+01   -.616E+01
   12    8   -.610E-01   -.596E-01
   13    1    .157E-01    .141E-01
   13    2    .376E-01    .353E-01
   13    3    .695E-01    .668E-01
   13    4    .132E+00    .128E+00
   13    5    .293E+00    .288E+00
   13    6    .101E+01    .998E+00
   13    7    .670E+00    .709E+00
   13    8   -.393E+00   -.399E+00
   14    1    .128E-02    .114E-02
   14    2    .516E-02    .470E-02
   14    3    .134E-01    .127E-01
   14    4    .323E-01    .313E-01
   14    5    .858E-01    .841E-01
   14    6    .317E+00    .313E+00
   14    7    .402E+01    .400E+01
   14    8   -.684E+01   -.682E+01
   15    1    .106E-01    .944E-02
   15    2    .245E-01    .229E-01
   15    3    .426E-01    .408E-01
   15    4    .726E-01    .705E-01
   15    5    .133E+00    .130E+00
   15    6    .294E+00    .290E+00
   15    7    .102E+01    .101E+01
   15    8    .764E+00    .799E+00
  3  2  0    3  3  1       210
    1    1   -.982E+01   -.106E+02
    1    2   -.195E+00   -.143E+00
    1    3   -.177E+00   -.146E+00
    1    4   -.193E-03   -.173E-03
    1    5   -.113E+00   -.954E-01
    1    6   -.152E-03   -.138E-03
    1    7   -.724E-01   -.623E-01
    1    8   -.105E-03   -.963E-04
    1    9   -.488E-01   -.423E-01
    1   10   -.736E-04   -.674E-04
    1   11   -.342E-01   -.298E-01
    1   12   -.527E-04   -.484E-04
    1   13   -.249E-01   -.218E-01
    1   14   -.388E-04   -.357E-04
    2    1    .276E+01    .290E+01
    2    2   -.144E+02   -.146E+02
    2    3   -.242E-01   -.205E-01
    2    4   -.101E-02   -.982E-03
    2    5   -.683E-01   -.637E-01
    2    6   -.494E-03   -.478E-03
    2    7   -.547E-01   -.514E-01
    2    8   -.277E-03   -.267E-03
    2    9   -.395E-01   -.373E-01
    2   10   -.171E-03   -.165E-03
    2   11   -.286E-01   -.270E-01
    2   12   -.114E-03   -.110E-03
    2   13   -.212E-01   -.200E-01
    2   14   -.799E-04   -.770E-04
    3    1    .448E-01    .407E-01
    3    2    .101E-01    .000E+00
    3    3   -.211E-01   -.226E-01
    3    4   -.200E+02   -.199E+02
    3    5   -.311E-02   -.341E-02
    3    6   -.277E+01   -.273E+01
    3    7   -.102E-02   -.114E-02
    3    8   -.894E+00   -.878E+00
    3    9   -.471E-03   -.526E-03
    3   10   -.409E+00   -.400E+00
    3   11   -.260E-03   -.292E-03
    3   12   -.225E+00   -.220E+00
    3   13   -.160E-03   -.181E-03
    3   14   -.139E+00   -.136E+00
    4    1    .258E+00    .274E+00
    4    2    .566E+01    .570E+01
    4    3   -.184E+02   -.185E+02
    4    4   -.149E-01   -.150E-01
    4    5   -.387E-03   -.687E-03
    4    6   -.743E-04   -.704E-04
    4    7   -.249E-01   -.233E-01
    4    8   -.144E-03   -.140E-03
    4    9   -.272E-01   -.258E-01
    4   10   -.112E-03   -.109E-03
    4   11   -.223E-01   -.212E-01
    4   12   -.812E-04   -.791E-04
    4   13   -.174E-01   -.166E-01
    4   14   -.592E-04   -.576E-04
    5    1    .722E-02    .606E-02
    5    2    .352E-01    .327E-01
    5    3    .240E-01    .000E+00
    5    4   -.169E+00    .000E+00
    5    5   -.319E-01   -.333E-01
    5    6   -.174E+02   -.173E+02
    5    7   -.547E-02   -.581E-02
    5    8   -.344E+01   -.341E+01
    5    9   -.195E-02   -.209E-02
    5   10   -.128E+01   -.127E+01
    5   11   -.940E-03   -.101E-02
    5   12   -.633E+00   -.625E+00
    5   13   -.535E-03   -.579E-03
    5   14   -.365E+00   -.361E+00
    6    1    .834E-01    .890E-01
    6    2    .558E+00    .563E+00
    6    3    .859E+01    .863E+01
    6    4    .499E-02    .502E-02
    6    5   -.222E+02   -.223E+02
    6    6   -.224E-01   -.225E-01
    6    7   -.212E-01   -.227E-01
    6    8   -.132E-04   -.144E-04
    6    9   -.685E-02   -.622E-02
    6   10   -.277E-04   -.265E-04
    6   11   -.129E-01   -.122E-01
    6   12   -.387E-04   -.375E-04
    6   13   -.124E-01   -.118E-01
    6   14   -.347E-04   -.338E-04
    7    1    .232E-02    .183E-02
    7    2    .873E-02    .792E-02
    7    3    .326E-01    .310E-01
    7    4    .157E+00    .166E+00
    7    5    .360E-01    .000E+00
    7    6   -.349E+00    .000E+00
    7    7   -.406E-01   -.419E-01
    7    8   -.162E+02   -.161E+02
    7    9   -.747E-02   -.779E-02
    7   10   -.366E+01   -.363E+01
    7   11   -.277E-02   -.291E-02
    7   12   -.147E+01   -.145E+01
    7   13   -.137E-02   -.145E-02
    7   14   -.756E+00   -.749E+00
    8    1    .391E-01    .417E-01
    8    2    .183E+00    .185E+00
    8    3    .865E+00    .870E+00
    8    4    .357E-03    .361E-03
    8    5    .115E+02    .116E+02
    8    6    .912E-02    .916E-02
    8    7   -.258E+02   -.259E+02
    8    8   -.278E-01   -.278E-01
    8    9   -.595E-01   -.617E-01
    8   10   -.137E-03   -.139E-03
    8   11   -.592E-03   -.443E-03
    8   12   -.189E-06   -.122E-06
    8   13   -.535E-02   -.496E-02
    8   14   -.857E-05   -.816E-05
    9    1    .102E-02    .765E-03
    9    2    .359E-02    .320E-02
    9    3    .907E-02    .853E-02
    9    4    .250E-01    .270E-01
    9    5    .320E-01    .308E-01
    9    6    .423E+00    .435E+00
    9    7    .469E-01    .000E+00
    9    8   -.523E+00    .000E+00
    9    9   -.489E-01   -.500E-01
    9   10   -.156E+02   -.155E+02
    9   11   -.932E-02   -.961E-02
    9   12   -.376E+01   -.374E+01
    9   13   -.354E-02   -.367E-02
    9   14   -.157E+01   -.156E+01
   10    1    .219E-01    .235E-01
   10    2    .868E-01    .875E-01
   10    3    .286E+00    .288E+00
   10    4    .108E-03    .109E-03
   10    5    .117E+01    .118E+01
   10    6    .663E-03    .668E-03
   10    7    .145E+02    .146E+02
   10    8    .129E-01    .129E-01
   10    9   -.294E+02    .000E+00
   10   10   -.323E-01    .000E+00
   10   11   -.106E+00   -.108E+00
   10   12   -.310E-03   -.313E-03
   10   13   -.548E-03   -.689E-03
   10   14   -.106E-04   -.110E-04
   11    1    .534E-03    .386E-03
   11    2    .186E-02    .164E-02
   11    3    .398E-02    .371E-02
   11    4    .834E-02    .917E-02
   11    5    .930E-02    .890E-02
   11    6    .730E-01    .761E-01
   11    7    .323E-01    .314E-01
   11    8    .765E+00    .778E+00
   11    9    .571E-01    .000E+00
   11   10   -.688E+00    .000E+00
   11   11   -.570E-01   -.580E-01
   11   12   -.153E+02   -.153E+02
   11   13   -.111E-01   -.114E-01
   11   14   -.383E+01   -.382E+01
   12    1    .137E-01    .147E-01
   12    2    .493E-01    .496E-01
   12    3    .137E+00    .138E+00
   12    4    .495E-04    .500E-04
   12    5    .388E+00    .391E+00
   12    6    .203E-03    .205E-03
   12    7    .147E+01    .148E+01
   12    8    .938E-03    .943E-03
   12    9    .175E+02    .175E+02
   12   10    .164E-01    .000E+00
   12   11   -.329E+02    .000E+00
   12   12   -.365E-01    .000E+00
   12   13   -.156E+00   -.159E+00
   12   14   -.498E-03   -.501E-03
   13    1    .315E-03    .221E-03
   13    2    .111E-02    .971E-03
   13    3    .216E-02    .200E-02
   13    4    .384E-02    .427E-02
   13    5    .421E-02    .400E-02
   13    6    .253E-01    .266E-01
   13    7    .958E-02    .926E-02
   13    8    .139E+00    .143E+00
   13    9    .332E-01    .325E-01
   13   10    .116E+01    .118E+01
   13   11    .668E-01    .000E+00
   13   12   -.847E+00    .000E+00
   13   13   -.651E-01   -.660E-01
   13   14   -.153E+02   -.152E+02
   14    1    .923E-02    .987E-02
   14    2    .311E-01    .314E-01
   14    3    .779E-01    .786E-01
   14    4    .276E-04    .278E-04
   14    5    .186E+00    .187E+00
   14    6    .934E-04    .942E-04
   14    7    .487E+00    .491E+00
   14    8    .289E-03    .291E-03
   14    9    .177E+01    .177E+01
   14   10    .120E-02    .120E-02
   14   11    .204E+02    .000E+00
   14   12    .200E-01    .000E+00
   14   13   -.364E+02    .000E+00
   14   14   -.404E-01    .000E+00
   15    1    .202E-03    .138E-03
   15    2    .722E-03    .627E-03
   15    3    .133E-02    .123E-02
   15    4    .212E-02    .237E-02
   15    5    .234E-02    .221E-02
   15    6    .119E-01    .126E-01
   15    7    .440E-02    .423E-02
   15    8    .497E-01    .512E-01
   15    9    .993E-02    .966E-02
   15   10    .220E+00    .223E+00
   15   11    .344E-01    .338E-01
   15   12    .160E+01    .161E+01
   15   13    .761E-01    .000E+00
   15   14   -.100E+01    .000E+00
  3  2  1    3  3  0        56
    1    1   -.125E+02   -.124E+02
    1    2   -.221E+01   -.218E+01
    1    3   -.805E+00   -.798E+00
    1    4   -.395E+00   -.392E+00
    1    5   -.227E+00   -.226E+00
    1    6   -.144E+00   -.143E+00
    1    7   -.979E-01   -.976E-01
    2    1   -.129E+01   -.137E+01
    2    2   -.979E+01   -.973E+01
    2    3   -.239E+01   -.237E+01
    2    4   -.989E+00   -.978E+00
    2    5   -.519E+00   -.512E+00
    2    6   -.311E+00   -.307E+00
    2    7   -.204E+00   -.201E+00
    3    1    .350E+00    .355E+00
    3    2   -.260E+01   -.270E+01
    3    3   -.855E+01   -.850E+01
    3    4   -.234E+01   -.232E+01
    3    5   -.103E+01   -.102E+01
    3    6   -.560E+00   -.553E+00
    3    7   -.345E+00   -.340E+00
    4    1    .603E-01    .613E-01
    4    2    .889E+00    .903E+00
    4    3   -.378E+01   -.391E+01
    4    4   -.795E+01   -.790E+01
    4    5   -.230E+01   -.228E+01
    4    6   -.104E+01   -.103E+01
    4    7   -.577E+00   -.571E+00
    5    1    .216E-01    .220E-01
    5    2    .159E+00    .163E+00
    5    3    .154E+01    .156E+01
    5    4   -.488E+01   -.502E+01
    5    5   -.767E+01   -.763E+01
    5    6   -.227E+01   -.225E+01
    5    7   -.105E+01   -.104E+01
    6    1    .105E-01    .107E-01
    6    2    .581E-01    .597E-01
    6    3    .282E+00    .288E+00
    6    4    .225E+01    .227E+01
    6    5   -.591E+01   -.605E+01
    6    6   -.757E+01   -.753E+01
    6    7   -.227E+01   -.225E+01
    7    1    .599E-02    .609E-02
    7    2    .285E-01    .294E-01
    7    3    .105E+00    .107E+00
    7    4    .422E+00    .428E+00
    7    5    .301E+01    .304E+01
    7    6   -.691E+01   -.705E+01
    7    7   -.757E+01   -.753E+01
    8    1    .379E-02    .386E-02
    8    2    .164E-01    .170E-01
    8    3    .518E-01    .532E-01
    8    4    .158E+00    .161E+00
    8    5    .572E+00    .579E+00
    8    6    .381E+01    .383E+01
    8    7   -.788E+01   -.801E+01
  3  3  0    3  3  1        98
    1    1    .150E+01    .144E+01
    1    2    .243E+00    .332E+00
    1    3   -.477E-01   -.562E-01
    1    4   -.178E+01   -.176E+01
    1    5   -.823E-02   -.101E-01
    1    6   -.238E+00   -.233E+00
    1    7   -.298E-02   -.373E-02
    1    8   -.755E-01   -.734E-01
    1    9   -.146E-02   -.184E-02
    1   10   -.341E-01   -.330E-01
    1   11   -.839E-03   -.106E-02
    1   12   -.186E-01   -.180E-01
    1   13   -.534E-03   -.677E-03
    1   14   -.115E-01   -.110E-01
    2    1    .287E+00    .268E+00
    2    2    .111E+01    .107E+01
    2    3    .456E+00    .533E+00
    2    4    .722E-02    .000E+00
    2    5   -.124E+00   -.134E+00
    2    6   -.158E+01   -.156E+01
    2    7   -.218E-01   -.241E-01
    2    8   -.301E+00   -.296E+00
    2    9   -.795E-02   -.891E-02
    2   10   -.110E+00   -.108E+00
    2   11   -.391E-02   -.442E-02
    2   12   -.540E-01   -.529E-01
    2   13   -.226E-02   -.256E-02
    2   14   -.310E-01   -.303E-01
    3    1    .108E+00    .996E-01
    3    2    .291E+00    .276E+00
    3    3    .943E+00    .916E+00
    3    4    .154E-01    .166E-01
    3    5    .646E+00    .708E+00
    3    6    .142E-01    .000E+00
    3    7   -.217E+00   -.227E+00
    3    8   -.148E+01   -.147E+01
    3    9   -.387E-01   -.411E-01
    3   10   -.325E+00   -.321E+00
    3   11   -.143E-01   -.153E-01
    3   12   -.128E+00   -.126E+00
    3   13   -.707E-02   -.761E-02
    3   14   -.655E-01   -.645E-01
    4    1    .541E-01    .493E-01
    4    2    .123E+00    .117E+00
    4    3    .275E+00    .266E+00
    4    4    .258E-02    .288E-02
    4    5    .858E+00    .840E+00
    4    6    .379E-01    .396E-01
    4    7    .823E+00    .875E+00
    4    8    .206E-01    .000E+00
    4    9   -.320E+00   -.329E+00
    4   10   -.144E+01   -.144E+01
    4   11   -.579E-01   -.602E-01
    4   12   -.337E+00   -.334E+00
    4   13   -.215E-01   -.225E-01
    4   14   -.139E+00   -.137E+00
    5    1    .314E-01    .285E-01
    5    2    .658E-01    .619E-01
    5    3    .124E+00    .119E+00
    5    4    .887E-03    .101E-02
    5    5    .263E+00    .257E+00
    5    6    .681E-02    .726E-02
    5    7    .813E+00    .800E+00
    5    8    .658E-01    .677E-01
    5    9    .992E+00    .103E+01
    5   10    .266E-01    .000E+00
    5   11   -.429E+00   -.437E+00
    5   12   -.143E+01   -.143E+01
    5   13   -.786E-01   -.807E-01
    5   14   -.347E+00   -.344E+00
    6    1    .201E-01    .182E-01
    6    2    .398E-01    .374E-01
    6    3    .684E-01    .657E-01
    6    4    .416E-03    .483E-03
    6    5    .122E+00    .119E+00
    6    6    .241E-02    .261E-02
    6    7    .256E+00    .251E+00
    6    8    .124E-01    .129E-01
    6    9    .791E+00    .781E+00
    6   10    .980E-01    .100E+00
    6   11    .115E+01    .119E+01
    6   12    .322E-01    .000E+00
    6   13   -.543E+00   -.550E+00
    6   14   -.144E+01   -.143E+01
    7    1    .137E-01    .124E-01
    7    2    .262E-01    .246E-01
    7    3    .425E-01    .407E-01
    7    4    .232E-03    .273E-03
    7    5    .690E-01    .669E-01
    7    6    .115E-02    .126E-02
    7    7    .121E+00    .118E+00
    7    8    .448E-02    .472E-02
    7    9    .252E+00    .248E+00
    7   10    .191E-01    .197E-01
    7   11    .782E+00    .774E+00
    7   12    .133E+00    .135E+00
    7   13    .131E+01    .134E+01
    7   14    .376E-01    .000E+00
  3  3  0    3  4  1        42
    1    1   -.266E+02   -.264E+02
    1    2   -.357E+01   -.353E+01
    1    3   -.114E+01   -.112E+01
    1    4   -.516E+00   -.509E+00
    1    5   -.283E+00   -.279E+00
    1    6   -.174E+00   -.171E+00
    2    1    .832E-01    .000E+00
    2    2   -.235E+02   -.234E+02
    2    3   -.449E+01   -.447E+01
    2    4   -.166E+01   -.164E+01
    2    5   -.811E+00   -.804E+00
    2    6   -.466E+00   -.462E+00
    3    1    .179E+00    .188E+00
    3    2    .140E+00    .000E+00
    3    3   -.220E+02   -.219E+02
    3    4   -.483E+01   -.481E+01
    3    5   -.191E+01   -.190E+01
    3    6   -.979E+00   -.973E+00
    4    1    .286E-01    .305E-01
    4    2    .485E+00    .496E+00
    4    3    .181E+00    .000E+00
    4    4   -.214E+02   -.213E+02
    4    5   -.501E+01   -.499E+01
    4    6   -.206E+01   -.206E+01
    5    1    .950E-02    .103E-01
    5    2    .844E-01    .872E-01
    5    3    .883E+00    .895E+00
    5    4    .214E+00    .000E+00
    5    5   -.211E+02   -.211E+02
    5    6   -.514E+01   -.512E+01
    6    1    .436E-02    .477E-02
    6    2    .292E-01    .304E-01
    6    3    .162E+00    .165E+00
    6    4    .135E+01    .136E+01
    6    5    .243E+00    .000E+00
    6    6   -.212E+02   -.211E+02
    7    1    .240E-02    .264E-02
    7    2    .138E-01    .144E-01
    7    3    .579E-01    .593E-01
    7    4    .258E+00    .261E+00
    7    5    .187E+01    .188E+01
    7    6    .270E+00    .000E+00
  3  3  1    3  4  0       168
    1    1   -.175E+02   -.175E+02
    1    2   -.326E+01   -.328E+01
    1    3   -.120E+01   -.122E+01
    1    4   -.641E-02   -.649E-02
    1    5   -.592E+00   -.600E+00
    1    6   -.557E-02   -.566E-02
    1    7   -.341E+00   -.347E+00
    1    8   -.417E-02   -.425E-02
    1    9   -.217E+00   -.221E+00
    1   10   -.307E-02   -.314E-02
    1   11   -.147E+00   -.150E+00
    1   12   -.230E-02   -.235E-02
    2    1   -.257E+01    .000E+00
    2    2   -.133E+02   -.132E+02
    2    3   -.337E+01   -.336E+01
    2    4   -.176E-01   -.176E-01
    2    5   -.141E+01   -.141E+01
    2    6   -.131E-01   -.131E-01
    2    7   -.745E+00   -.742E+00
    2    8   -.904E-02   -.901E-02
    2    9   -.448E+00   -.446E+00
    2   10   -.633E-02   -.631E-02
    2   11   -.294E+00   -.293E+00
    2   12   -.457E-02   -.455E-02
    3    1    .604E+00    .602E+00
    3    2   -.487E+01    .000E+00
    3    3   -.114E+02   -.113E+02
    3    4   -.312E-01   -.311E-01
    3    5   -.323E+01   -.322E+01
    3    6   -.219E-01   -.218E-01
    3    7   -.144E+01   -.143E+01
    3    8   -.139E-01   -.138E-01
    3    9   -.788E+00   -.782E+00
    3   10   -.920E-02   -.914E-02
    3   11   -.487E+00   -.483E+00
    3   12   -.640E-02   -.636E-02
    4    1    .263E-01    .261E-01
    4    2    .257E-04    .000E+00
    4    3   -.166E+00   -.166E+00
    4    4   -.350E+02   -.350E+02
    4    5   -.337E-01   -.338E-01
    4    6   -.421E+01   -.420E+01
    4    7   -.127E-01   -.127E-01
    4    8   -.125E+01   -.124E+01
    4    9   -.623E-02   -.626E-02
    4   10   -.539E+00   -.538E+00
    4   11   -.359E-02   -.360E-02
    4   12   -.286E+00   -.285E+00
    5    1    .100E+00    .998E-01
    5    2    .150E+01    .151E+01
    5    3   -.688E+01    .000E+00
    5    4   -.316E-01    .000E+00
    5    5   -.104E+02   -.104E+02
    5    6   -.609E-01   -.606E-01
    5    7   -.312E+01   -.310E+01
    5    8   -.272E-01   -.270E-01
    5    9   -.143E+01   -.142E+01
    5   10   -.154E-01   -.153E-01
    5   11   -.802E+00   -.796E+00
    5   12   -.981E-02   -.973E-02
    6    1    .356E-02    .350E-02
    6    2    .213E-01    .210E-01
    6    3    .129E-02    .000E+00
    6    4   -.181E-01    .000E+00
    6    5   -.277E+00   -.278E+00
    6    6   -.310E+02   -.310E+02
    6    7   -.618E-01   -.620E-01
    6    8   -.552E+01   -.551E+01
    6    9   -.246E-01   -.247E-01
    6   10   -.193E+01   -.193E+01
    6   11   -.126E-01   -.127E-01
    6   12   -.913E+00   -.910E+00
    7    1    .355E-01    .353E-01
    7    2    .261E+00    .264E+00
    7    3    .254E+01    .256E+01
    7    4    .127E-01    .128E-01
    7    5   -.921E+01    .000E+00
    7    6   -.729E-01    .000E+00
    7    7   -.991E+01   -.987E+01
    7    8   -.822E-01   -.818E-01
    7    9   -.305E+01   -.303E+01
    7   10   -.316E-01   -.314E-01
    7   11   -.143E+01   -.142E+01
    7   12   -.169E-01   -.168E-01
    8    1    .114E-02    .111E-02
    8    2    .418E-02    .410E-02
    8    3    .273E-01    .271E-01
    8    4    .154E+00    .156E+00
    8    5    .389E-02    .000E+00
    8    6   -.437E-01    .000E+00
    8    7   -.350E+00   -.350E+00
    8    8   -.288E+02   -.288E+02
    8    9   -.820E-01   -.822E-01
    8   10   -.602E+01   -.602E+01
    8   11   -.338E-01   -.338E-01
    8   12   -.230E+01   -.229E+01
    9    1    .171E-01    .170E-01
    9    2    .945E-01    .960E-01
    9    3    .456E+00    .461E+00
    9    4    .232E-02    .235E-02
    9    5    .368E+01    .370E+01
    9    6    .326E-01    .328E-01
    9    7   -.109E+02    .000E+00
    9    8   -.116E+00    .000E+00
    9    9   -.969E+01   -.965E+01
    9   10   -.979E-01   -.975E-01
    9   11   -.302E+01   -.300E+01
    9   12   -.351E-01   -.349E-01
   10    1    .515E-03    .498E-03
   10    2    .156E-02    .152E-02
   10    3    .578E-02    .570E-02
   10    4    .218E-01    .222E-01
   10    5    .378E-01    .375E-01
   10    6    .424E+00    .427E+00
   10    7    .708E-02    .000E+00
   10    8   -.715E-01    .000E+00
   10    9   -.401E+00   -.402E+00
   10   10   -.276E+02   -.276E+02
   10   11   -.969E-01   -.970E-01
   10   12   -.626E+01   -.625E+01
   11    1    .974E-02    .968E-02
   11    2    .462E-01    .470E-01
   11    3    .168E+00    .170E+00
   11    4    .864E-03    .877E-03
   11    5    .672E+00    .680E+00
   11    6    .603E-02    .609E-02
   11    7    .488E+01    .491E+01
   11    8    .563E-01    .566E-01
   11    9   -.127E+02    .000E+00
   11   10   -.158E+00    .000E+00
   11   11   -.962E+01   -.958E+01
   11   12   -.110E+00   -.110E+00
   12    1    .281E-03    .271E-03
   12    2    .768E-03    .745E-03
   12    3    .224E-02    .220E-02
   12    4    .667E-02    .686E-02
   12    5    .810E-02    .803E-02
   12    6    .668E-01    .677E-01
   12    7    .507E-01    .505E-01
   12    8    .782E+00    .786E+00
   12    9    .105E-01    .000E+00
   12   10   -.995E-01    .000E+00
   12   11   -.442E+00   -.442E+00
   12   12   -.269E+02   -.269E+02
   13    1    .615E-02    .611E-02
   13    2    .266E-01    .271E-01
   13    3    .828E-01    .843E-01
   13    4    .430E-03    .438E-03
   13    5    .250E+00    .254E+00
   13    6    .227E-02    .229E-02
   13    7    .905E+00    .913E+00
   13    8    .105E-01    .106E-01
   13    9    .613E+01    .616E+01
   13   10    .821E-01    .824E-01
   13   11   -.143E+02    .000E+00
   13   12   -.198E+00    .000E+00
   14    1    .172E-03    .165E-03
   14    2    .443E-03    .428E-03
   14    3    .113E-02    .111E-02
   14    4    .289E-02    .299E-02
   14    5    .318E-02    .314E-02
   14    6    .216E-01    .220E-01
   14    7    .109E-01    .109E-01
   14    8    .132E+00    .133E+00
   14    9    .655E-01    .653E-01
   14   10    .121E+01    .121E+01
   14   11    .139E-01    .000E+00
   14   12   -.127E+00    .000E+00
  3  4  0    3  4  1        72
    1    1   -.176E+01   -.174E+01
    1    2   -.242E+00   -.237E+00
    1    3   -.779E-01   -.758E-01
    1    4   -.356E-01   -.345E-01
    1    5   -.196E-01   -.189E-01
    1    6   -.121E-01   -.116E-01
    2    1   -.952E-02    .000E+00
    2    2   -.154E+01   -.152E+01
    2    3   -.301E+00   -.297E+00
    2    4   -.112E+00   -.110E+00
    2    5   -.552E-01   -.541E-01
    2    6   -.319E-01   -.311E-01
    3    1    .213E-03    .381E-03
    3    2   -.189E-01    .000E+00
    3    3   -.140E+01   -.139E+01
    3    4   -.316E+00   -.313E+00
    3    5   -.127E+00   -.125E+00
    3    6   -.652E-01   -.642E-01
    4    1    .182E+01    .182E+01
    4    2   -.125E-02    .000E+00
    4    3   -.327E-01   -.325E-01
    4    4   -.588E-02   -.584E-02
    4    5   -.209E-02   -.208E-02
    4    6   -.101E-02   -.996E-03
    5    1    .134E-09    .930E-05
    5    2    .382E-02    .441E-02
    5    3   -.277E-01    .000E+00
    5    4   -.133E+01   -.132E+01
    5    5   -.321E+00   -.317E+00
    5    6   -.134E+00   -.132E+00
    6    1    .220E+00    .220E+00
    6    2    .164E+01    .165E+01
    6    3   -.297E-02    .000E+00
    6    4   -.712E-01   -.709E-01
    6    5   -.136E-01   -.135E-01
    6    6   -.500E-02   -.497E-02
    7    1    .333E-05    .121E-06
    7    2    .328E-03    .440E-03
    7    3    .129E-01    .138E-01
    7    4   -.359E-01    .000E+00
    7    5   -.129E+01   -.128E+01
    7    6   -.322E+00   -.320E+00
    8    1    .652E-01    .654E-01
    8    2    .292E+00    .293E+00
    8    3    .156E+01    .156E+01
    8    4   -.483E-02    .000E+00
    8    5   -.112E+00   -.112E+00
    8    6   -.223E-01   -.222E-01
    9    1    .402E-05    .106E-06
    9    2    .627E-04    .100E-03
    9    3    .161E-02    .181E-02
    9    4    .271E-01    .282E-01
    9    5   -.438E-01    .000E+00
    9    6   -.127E+01   -.126E+01
   10    1    .282E-01    .283E-01
   10    2    .102E+00    .103E+00
   10    3    .324E+00    .324E+00
   10    4    .152E+01    .152E+01
   10    5   -.671E-02    .000E+00
   10    6   -.155E+00   -.155E+00
   11    1    .346E-05    .252E-06
   11    2    .176E-04    .341E-04
   11    3    .429E-03    .509E-03
   11    4    .396E-02    .423E-02
   11    5    .454E-01    .466E-01
   11    6   -.514E-01    .000E+00
   12    1    .150E-01    .150E-01
   12    2    .483E-01    .485E-01
   12    3    .123E+00    .123E+00
   12    4    .342E+00    .342E+00
   12    5    .150E+01    .151E+01
   12    6   -.855E-02    .000E+00
  0  0  0    0  0  0         0
