   13   13    F
  2  0  1    2  1  0        72
    1    1    .207E+00    .181E+00
    1    2    .115E+01    .101E+01
    1    3    .445E-01    .386E-01
    1    4    .126E-01    .109E-01
    1    5    .568E-02    .487E-02
    1    6    .311E-02    .266E-02
    1    7    .191E-02    .163E-02
    1    8    .126E-02    .107E-02
    1    9    .880E-03    .748E-03
    2    1    .780E-02    .498E-02
    2    2    .504E-01    .401E-01
    2    3    .120E+01    .106E+01
    2    4    .191E-01    .174E-01
    2    5    .512E-02    .472E-02
    2    6    .224E-02    .208E-02
    2    7    .121E-02    .113E-02
    2    8    .743E-03    .693E-03
    2    9    .493E-03    .460E-03
    3    1    .219E-02    .118E-02
    3    2    .771E-02    .557E-02
    3    3    .266E-01    .221E-01
    3    4    .121E+01    .106E+01
    3    5    .145E-01    .130E-01
    3    6    .390E-02    .354E-02
    3    7    .173E-02    .158E-02
    3    8    .948E-03    .871E-03
    3    9    .588E-03    .542E-03
    4    1    .945E-03    .472E-03
    4    2    .276E-02    .190E-02
    4    3    .483E-02    .389E-02
    4    4    .211E-01    .179E-01
    4    5    .122E+01    .106E+01
    4    6    .127E-01    .113E-01
    4    7    .343E-02    .306E-02
    4    8    .153E-02    .137E-02
    4    9    .847E-03    .764E-03
    5    1    .500E-03    .238E-03
    5    2    .134E-02    .893E-03
    5    3    .182E-02    .143E-02
    5    4    .416E-02    .348E-02
    5    5    .187E-01    .161E-01
    5    6    .122E+01    .107E+01
    5    7    .117E-01    .103E-01
    5    8    .316E-02    .280E-02
    5    9    .142E-02    .126E-02
    6    1    .299E-03    .138E-03
    6    2    .760E-03    .499E-03
    6    3    .911E-03    .709E-03
    6    4    .164E-02    .135E-02
    6    5    .386E-02    .328E-02
    6    6    .173E-01    .149E-01
    6    7    .122E+01    .107E+01
    6    8    .110E-01    .970E-02
    6    9    .299E-02    .264E-02
    7    1    .194E-03    .878E-04
    7    2    .478E-03    .310E-03
    7    3    .532E-03    .410E-03
    7    4    .842E-03    .690E-03
    7    5    .156E-02    .131E-02
    7    6    .366E-02    .314E-02
    7    7    .164E-01    .142E-01
    7    8    .123E+01    .107E+01
    7    9    .106E-01    .931E-02
    8    1    .133E-03    .596E-04
    8    2    .322E-03    .207E-03
    8    3    .341E-03    .262E-03
    8    4    .502E-03    .409E-03
    8    5    .816E-03    .685E-03
    8    6    .150E-02    .128E-02
    8    7    .353E-02    .304E-02
    8    8    .158E-01    .137E-01
    8    9    .123E+01    .107E+01
  2  0  0    2  1  1        72
    1    1    .729E+00    .704E+00
    1    2   -.243E+01   -.246E+01
    1    3   -.402E-01   -.414E-01
    1    4   -.633E-02   -.635E-02
    1    5   -.185E-02   -.186E-02
    1    6   -.745E-03   -.753E-03
    1    7   -.365E-03   -.372E-03
    1    8   -.203E-03   -.210E-03
    1    9   -.125E-03   -.130E-03
    2    1    .868E-01    .820E-01
    2    2    .155E+01    .152E+01
    2    3   -.343E+01   -.338E+01
    2    4   -.923E-01   -.887E-01
    2    5   -.189E-01   -.179E-01
    2    6   -.689E-02   -.643E-02
    2    7   -.330E-02   -.306E-02
    2    8   -.185E-02   -.171E-02
    2    9   -.115E-02   -.106E-02
    3    1    .288E-01    .274E-01
    3    2    .141E+00    .134E+00
    3    3    .237E+01    .000E+00
    3    4   -.430E+01    .000E+00
    3    5   -.137E+00   -.133E+00
    3    6   -.305E-01   -.294E-01
    3    7   -.117E-01   -.112E-01
    3    8   -.582E-02   -.553E-02
    3    9   -.336E-02   -.318E-02
    4    1    .138E-01    .128E-01
    4    2    .470E-01    .443E-01
    4    3    .189E+00    .184E+00
    4    4    .318E+01    .000E+00
    4    5   -.514E+01    .000E+00
    4    6   -.178E+00    .000E+00
    4    7   -.413E-01    .000E+00
    4    8   -.163E-01   -.158E-01
    4    9   -.826E-02   -.795E-02
    5    1    .773E-02    .705E-02
    5    2    .224E-01    .210E-01
    5    3    .610E-01    .588E-01
    5    4    .237E+00    .000E+00
    5    5    .400E+01    .000E+00
    5    6   -.597E+01    .000E+00
    5    7   -.218E+00    .000E+00
    5    8   -.519E-01    .000E+00
    5    9   -.208E-01    .000E+00
    6    1    .476E-02    .431E-02
    6    2    .127E-01    .118E-01
    6    3    .289E-01    .277E-01
    6    4    .752E-01    .734E-01
    6    5    .285E+00    .000E+00
    6    6    .482E+01    .000E+00
    6    7   -.681E+01    .000E+00
    6    8   -.257E+00    .000E+00
    6    9   -.623E-01    .000E+00
    7    1    .315E-02    .283E-02
    7    2    .797E-02    .741E-02
    7    3    .164E-01    .157E-01
    7    4    .355E-01    .345E-01
    7    5    .893E-01    .000E+00
    7    6    .334E+00    .000E+00
    7    7    .563E+01    .000E+00
    7    8   -.764E+01    .000E+00
    7    9   -.296E+00    .000E+00
    8    1    .219E-02    .197E-02
    8    2    .537E-02    .498E-02
    8    3    .104E-01    .991E-02
    8    4    .202E-01    .196E-01
    8    5    .420E-01    .000E+00
    8    6    .103E+00    .000E+00
    8    7    .382E+00    .000E+00
    8    8    .644E+01    .000E+00
    8    9   -.847E+01    .000E+00
  2  1  1    2  1  0        81
    1    1   -.475E+01   -.444E+01
    1    2   -.710E+00   -.684E+00
    1    3   -.862E-01   -.795E-01
    1    4   -.267E-01   -.236E-01
    1    5   -.118E-01   -.103E-01
    1    6   -.632E-02   -.546E-02
    1    7   -.379E-02   -.326E-02
    1    8   -.247E-02   -.212E-02
    1    9   -.170E-02   -.146E-02
    2    1   -.108E-01   -.121E-01
    2    2   -.264E-01   -.217E-01
    2    3   -.158E-01   -.140E-01
    2    4   -.972E-02   -.883E-02
    2    5   -.651E-02   -.594E-02
    2    6   -.453E-02   -.414E-02
    2    7   -.325E-02   -.297E-02
    2    8   -.240E-02   -.219E-02
    2    9   -.181E-02   -.166E-02
    3    1   -.319E-02   -.359E-02
    3    2   -.982E-02   -.865E-02
    3    3   -.401E-02   -.367E-02
    3    4   -.203E-02   -.189E-02
    3    5   -.121E-02   -.112E-02
    3    6   -.775E-03   -.722E-03
    3    7   -.526E-03   -.489E-03
    3    8   -.373E-03   -.346E-03
    3    9   -.273E-03   -.253E-03
    4    1   -.146E-02   -.167E-02
    4    2   -.513E-02   -.463E-02
    4    3   -.179E-02   -.166E-02
    4    4   -.854E-03   -.804E-03
    4    5   -.490E-03   -.461E-03
    4    6   -.308E-03   -.289E-03
    4    7   -.206E-03   -.193E-03
    4    8   -.144E-03   -.135E-03
    4    9   -.105E-03   -.984E-04
    5    1   -.805E-03   -.936E-03
    5    2   -.307E-02   -.280E-02
    5    3   -.988E-03   -.922E-03
    5    4   -.455E-03   -.431E-03
    5    5   -.257E-03   -.243E-03
    5    6   -.160E-03   -.151E-03
    5    7   -.106E-03   -.999E-04
    5    8   -.741E-04   -.697E-04
    5    9   -.538E-04   -.505E-04
    6    1   -.492E-03   -.579E-03
    6    2   -.199E-02   -.183E-02
    6    3   -.607E-03   -.569E-03
    6    4   -.274E-03   -.260E-03
    6    5   -.153E-03   -.145E-03
    6    6   -.947E-04   -.895E-04
    6    7   -.627E-04   -.592E-04
    6    8   -.437E-04   -.412E-04
    6    9   -.316E-04   -.298E-04
    7    1   -.323E-03   -.384E-03
    7    2   -.136E-02   -.125E-02
    7    3   -.400E-03   -.376E-03
    7    4   -.179E-03   -.170E-03
    7    5   -.991E-04   -.941E-04
    7    6   -.610E-04   -.578E-04
    7    7   -.403E-04   -.381E-04
    7    8   -.280E-04   -.265E-04
    7    9   -.203E-04   -.191E-04
    8    1   -.224E-03   -.267E-03
    8    2   -.967E-03   -.893E-03
    8    3   -.278E-03   -.262E-03
    8    4   -.123E-03   -.117E-03
    8    5   -.680E-04   -.646E-04
    8    6   -.418E-04   -.396E-04
    8    7   -.275E-04   -.261E-04
    8    8   -.191E-04   -.181E-04
    8    9   -.138E-04   -.131E-04
    9    1   -.161E-03   -.194E-03
    9    2   -.711E-03   -.659E-03
    9    3   -.201E-03   -.189E-03
    9    4   -.885E-04   -.843E-04
    9    5   -.487E-04   -.463E-04
    9    6   -.299E-04   -.283E-04
    9    7   -.197E-04   -.186E-04
    9    8   -.137E-04   -.129E-04
    9    9   -.986E-05   -.932E-05
  2  1  1    2  2  0        72
    1    1   -.958E+00   -.779E+00
    1    2   -.353E+00   -.317E+00
    1    3   -.759E+00   -.676E+00
    1    4   -.580E+00   -.523E+00
    1    5   -.378E+00   -.342E+00
    1    6   -.248E+00   -.225E+00
    1    7   -.169E+00   -.153E+00
    1    8   -.119E+00   -.108E+00
    2    1    .164E+00    .000E+00
    2    2   -.483E+01   -.472E+01
    2    3   -.285E-01   -.210E-01
    2    4   -.325E-01   -.387E-01
    2    5   -.516E-01   -.569E-01
    2    6   -.452E-01   -.487E-01
    2    7   -.352E-01   -.375E-01
    2    8   -.268E-01   -.284E-01
    3    1    .902E-02    .833E-02
    3    2    .215E+01    .000E+00
    3    3   -.736E+01    .000E+00
    3    4   -.163E-01   -.145E-01
    3    5   -.204E-01   -.215E-01
    3    6   -.319E-01   -.327E-01
    3    7   -.289E-01   -.294E-01
    3    8   -.234E-01   -.237E-01
    4    1    .277E-03    .617E-03
    4    2    .552E-01    .516E-01
    4    3    .362E+01    .000E+00
    4    4   -.919E+01    .000E+00
    4    5   -.599E-02    .000E+00
    4    6   -.179E-01   -.172E-01
    4    7   -.251E-01   -.244E-01
    4    8   -.226E-01   -.221E-01
    5    1    .896E-05    .736E-04
    5    2    .183E-01    .170E-01
    5    3    .231E+00    .229E+00
    5    4    .475E+01    .000E+00
    5    5   -.108E+02    .000E+00
    5    6   -.279E-02    .000E+00
    5    7   -.158E-01    .000E+00
    5    8   -.209E-01    .000E+00
    6    1    .552E-06    .772E-05
    6    2    .922E-02    .848E-02
    6    3    .739E-01    .730E-01
    6    4    .411E+00    .000E+00
    6    5    .580E+01    .000E+00
    6    6   -.122E+02    .000E+00
    6    7   -.180E-02    .000E+00
    6    8   -.141E-01    .000E+00
    7    1    .378E-05    .128E-06
    7    2    .548E-02    .502E-02
    7    3    .354E-01    .348E-01
    7    4    .135E+00    .134E+00
    7    5    .574E+00    .000E+00
    7    6    .686E+01    .000E+00
    7    7   -.136E+02    .000E+00
    7    8   -.159E-02    .000E+00
    8    1    .531E-05    .527E-06
    8    2    .358E-02    .326E-02
    8    3    .204E-01    .199E-01
    8    4    .646E-01    .643E-01
    8    5    .191E+00    .000E+00
    8    6    .728E+00    .000E+00
    8    7    .794E+01    .000E+00
    8    8   -.151E+02    .000E+00
    9    1    .552E-05    .148E-05
    9    2    .249E-02    .226E-02
    9    3    .130E-01    .127E-01
    9    4    .371E-01    .369E-01
    9    5    .920E-01    .000E+00
    9    6    .245E+00    .000E+00
    9    7    .878E+00    .000E+00
    9    8    .905E+01    .000E+00
  2  1  0    2  2  1        72
    1    1   -.690E+00   -.475E+00
    1    2   -.519E+00   -.410E+00
    1    3   -.276E+00   -.221E+00
    1    4   -.148E+00   -.121E+00
    1    5   -.862E-01   -.713E-01
    1    6   -.539E-01   -.450E-01
    1    7   -.358E-01   -.299E-01
    1    8   -.249E-01   -.209E-01
    2    1    .729E+00    .105E+01
    2    2   -.395E+01   -.346E+01
    2    3   -.207E+00   -.156E+00
    2    4   -.293E-01   -.180E-01
    2    5   -.563E-02   -.245E-02
    2    6   -.118E-02   -.241E-03
    2    7   -.223E-03   -.926E-07
    2    8   -.246E-04   -.468E-04
    3    1    .121E-01    .185E-01
    3    2    .184E+01    .000E+00
    3    3   -.544E+01   -.520E+01
    3    4   -.489E+00   -.454E+00
    3    5   -.123E+00   -.111E+00
    3    6   -.454E-01   -.406E-01
    3    7   -.210E-01   -.185E-01
    3    8   -.112E-01   -.975E-02
    4    1    .467E-02    .521E-02
    4    2    .172E-01    .849E-02
    4    3    .299E+01    .000E+00
    4    4   -.658E+01   -.644E+01
    4    5   -.639E+00   -.618E+00
    4    6   -.179E+00   -.172E+00
    4    7   -.737E-01   -.705E-01
    4    8   -.372E-01   -.355E-01
    5    1    .219E-02    .237E-02
    5    2    .522E-02    .239E-02
    5    3    .286E-01    .216E-01
    5    4    .422E+01    .000E+00
    5    5   -.769E+01    .000E+00
    5    6   -.768E+00   -.753E+00
    5    7   -.227E+00   -.221E+00
    5    8   -.976E-01   -.949E-01
    6    1    .119E-02    .132E-02
    6    2    .254E-02    .114E-02
    6    3    .785E-02    .552E-02
    6    4    .452E-01    .394E-01
    6    5    .547E+01    .000E+00
    6    6   -.879E+01    .000E+00
    6    7   -.887E+00    .000E+00
    6    8   -.269E+00   -.264E+00
    7    1    .720E-03    .813E-03
    7    2    .148E-02    .665E-03
    7    3    .366E-02    .249E-02
    7    4    .117E-01    .970E-02
    7    5    .643E-01    .000E+00
    7    6    .671E+01    .000E+00
    7    7   -.988E+01    .000E+00
    7    8   -.100E+01    .000E+00
    8    1    .470E-03    .540E-03
    8    2    .947E-03    .427E-03
    8    3    .209E-02    .140E-02
    8    4    .529E-02    .428E-02
    8    5    .161E-01    .143E-01
    8    6    .843E-01    .000E+00
    8    7    .796E+01    .000E+00
    8    8   -.109E+02    .000E+00
    9    1    .325E-03    .379E-03
    9    2    .650E-03    .293E-03
    9    3    .134E-02    .883E-03
    9    4    .299E-02    .238E-02
    9    5    .715E-02    .626E-02
    9    6    .207E-01    .000E+00
    9    7    .104E+00    .000E+00
    9    8    .919E+01    .000E+00
  2  2  1    2  2  0        64
    1    1    .798E-01    .680E-01
    1    2    .742E-01    .614E-01
    1    3    .427E-01    .349E-01
    1    4    .225E-01    .183E-01
    1    5    .125E-01    .101E-01
    1    6    .750E-02    .604E-02
    1    7    .484E-02    .389E-02
    1    8    .331E-02    .265E-02
    2    1    .329E-01    .294E-01
    2    2    .243E-01    .197E-01
    2    3    .137E-01    .108E-01
    2    4    .741E-02    .575E-02
    2    5    .421E-02    .325E-02
    2    6    .258E-02    .199E-02
    2    7    .169E-02    .130E-02
    2    8    .117E-02    .901E-03
    3    1    .605E-01    .546E-01
    3    2    .341E-01    .289E-01
    3    3    .168E-01    .138E-01
    3    4    .832E-02    .678E-02
    3    5    .448E-02    .363E-02
    3    6    .266E-02    .215E-02
    3    7    .171E-02    .137E-02
    3    8    .116E-02    .934E-03
    4    1    .608E-01    .553E-01
    4    2    .293E-01    .254E-01
    4    3    .135E-01    .113E-01
    4    4    .644E-02    .535E-02
    4    5    .340E-02    .280E-02
    4    6    .199E-02    .163E-02
    4    7    .126E-02    .103E-02
    4    8    .852E-03    .697E-03
    5    1    .523E-01    .477E-01
    5    2    .228E-01    .198E-01
    5    3    .100E-01    .852E-02
    5    4    .470E-02    .393E-02
    5    5    .244E-02    .203E-02
    5    6    .142E-02    .117E-02
    5    7    .895E-03    .738E-03
    5    8    .602E-03    .496E-03
    6    1    .426E-01    .390E-01
    6    2    .173E-01    .151E-01
    6    3    .743E-02    .632E-02
    6    4    .342E-02    .287E-02
    6    5    .177E-02    .147E-02
    6    6    .102E-02    .845E-03
    6    7    .641E-03    .530E-03
    6    8    .430E-03    .355E-03
    7    1    .342E-01    .313E-01
    7    2    .132E-01    .115E-01
    7    3    .555E-02    .473E-02
    7    4    .253E-02    .213E-02
    7    5    .130E-02    .108E-02
    7    6    .746E-03    .620E-03
    7    7    .468E-03    .388E-03
    7    8    .314E-03    .259E-03
    8    1    .273E-01    .250E-01
    8    2    .102E-01    .888E-02
    8    3    .421E-02    .359E-02
    8    4    .191E-02    .161E-02
    8    5    .974E-03    .814E-03
    8    6    .558E-03    .464E-03
    8    7    .350E-03    .290E-03
    8    8    .234E-03    .194E-03
  2  2  1    2  3  0        56
    1    1   -.294E+01   -.282E+01
    1    2   -.107E+01   -.103E+01
    1    3   -.528E+00   -.502E+00
    1    4   -.301E+00   -.284E+00
    1    5   -.189E+00   -.178E+00
    1    6   -.127E+00   -.119E+00
    1    7   -.896E-01   -.837E-01
    2    1   -.776E+01   -.791E+01
    2    2   -.297E+00   -.281E+00
    2    3   -.257E+00   -.247E+00
    2    4   -.166E+00   -.161E+00
    2    5   -.110E+00   -.106E+00
    2    6   -.755E-01   -.731E-01
    2    7   -.540E-01   -.523E-01
    3    1    .189E+01    .193E+01
    3    2   -.120E+02    .000E+00
    3    3   -.198E-03   -.491E-03
    3    4   -.338E-01   -.320E-01
    3    5   -.376E-01   -.363E-01
    3    6   -.312E-01   -.303E-01
    3    7   -.245E-01   -.239E-01
    4    1    .125E+00    .129E+00
    4    2    .414E+01    .000E+00
    4    3   -.152E+02    .000E+00
    4    4   -.128E+00   -.131E+00
    4    5   -.112E-02   -.128E-02
    4    6   -.170E-02   -.157E-02
    4    7   -.382E-02   -.368E-02
    5    1    .352E-01    .362E-01
    5    2    .255E+00    .261E+00
    5    3    .653E+01    .000E+00
    5    4   -.180E+02    .000E+00
    5    5   -.356E+00    .000E+00
    5    6   -.360E-01   -.365E-01
    5    7   -.513E-02   -.524E-02
    6    1    .152E-01    .156E-01
    6    2    .729E-01    .750E-01
    6    3    .381E+00    .000E+00
    6    4    .893E+01    .000E+00
    6    5   -.206E+02    .000E+00
    6    6   -.604E+00    .000E+00
    6    7   -.952E-01    .000E+00
    7    1    .807E-02    .828E-02
    7    2    .320E-01    .331E-01
    7    3    .110E+00    .111E+00
    7    4    .495E+00    .000E+00
    7    5    .113E+02    .000E+00
    7    6   -.229E+02    .000E+00
    7    7   -.846E+00    .000E+00
    8    1    .486E-02    .498E-02
    8    2    .173E-01    .179E-01
    8    3    .487E-01    .494E-01
    8    4    .143E+00    .000E+00
    8    5    .597E+00    .000E+00
    8    6    .137E+02    .000E+00
    8    7   -.252E+02    .000E+00
  2  2  0    2  3  1        56
    1    1   -.362E+01   -.378E+01
    1    2   -.110E+01   -.117E+01
    1    3   -.504E+00   -.534E+00
    1    4   -.279E+00   -.294E+00
    1    5   -.172E+00   -.181E+00
    1    6   -.114E+00   -.120E+00
    1    7   -.801E-01   -.841E-01
    2    1   -.831E+01   -.840E+01
    2    2   -.165E-01   -.136E-01
    2    3   -.653E-01   -.616E-01
    2    4   -.555E-01   -.532E-01
    2    5   -.412E-01   -.398E-01
    2    6   -.303E-01   -.293E-01
    2    7   -.226E-01   -.219E-01
    3    1    .226E+01    .000E+00
    3    2   -.128E+02    .000E+00
    3    3   -.746E+00   -.778E+00
    3    4   -.154E+00   -.163E+00
    3    5   -.511E-01   -.550E-01
    3    6   -.221E-01   -.240E-01
    3    7   -.113E-01   -.124E-01
    4    1    .602E-02    .105E-01
    4    2    .407E+01    .000E+00
    4    3   -.139E+02    .000E+00
    4    4   -.165E+01    .000E+00
    4    5   -.510E+00   -.523E+00
    4    6   -.226E+00   -.233E+00
    4    7   -.122E+00   -.125E+00
    5    1    .124E-04    .403E-03
    5    2    .158E-02    .000E+00
    5    3    .523E+01    .000E+00
    5    4   -.141E+02    .000E+00
    5    5   -.215E+01    .000E+00
    5    6   -.753E+00    .000E+00
    5    7   -.361E+00    .000E+00
    6    1    .988E-04    .563E-05
    6    2    .260E-02    .118E-02
    6    3    .313E-01    .000E+00
    6    4    .609E+01    .000E+00
    6    5   -.142E+02    .000E+00
    6    6   -.245E+01    .000E+00
    6    7   -.908E+00    .000E+00
    7    1    .156E-03    .779E-05
    7    2    .188E-02    .961E-03
    7    3    .126E-01    .000E+00
    7    4    .973E-01    .000E+00
    7    5    .681E+01    .000E+00
    7    6   -.144E+02    .000E+00
    7    7   -.266E+01    .000E+00
    8    1    .151E-03    .193E-04
    8    2    .131E-02    .699E-03
    8    3    .640E-02    .000E+00
    8    4    .304E-01    .000E+00
    8    5    .192E+00    .000E+00
    8    6    .749E+01    .000E+00
    8    7   -.147E+02    .000E+00
  2  3  1    2  3  0        49
    1    1   -.589E-06   -.100E-05
    1    2   -.512E-06   -.763E-06
    1    3   -.378E-06   -.536E-06
    1    4   -.272E-06   -.376E-06
    1    5   -.198E-06   -.269E-06
    1    6   -.147E-06   -.197E-06
    1    7   -.111E-06   -.148E-06
    2    1   -.424E-06   -.740E-06
    2    2   -.354E-06   -.543E-06
    2    3   -.255E-06   -.373E-06
    2    4   -.181E-06   -.258E-06
    2    5   -.130E-06   -.183E-06
    2    6   -.958E-07   -.133E-06
    2    7   -.721E-07   -.995E-07
    3    1   -.298E-06   -.518E-06
    3    2   -.242E-06   -.372E-06
    3    3   -.172E-06   -.253E-06
    3    4   -.121E-06   -.173E-06
    3    5   -.863E-07   -.122E-06
    3    6   -.633E-07   -.888E-07
    3    7   -.476E-07   -.662E-07
    4    1   -.210E-06   -.363E-06
    4    2   -.168E-06   -.258E-06
    4    3   -.118E-06   -.174E-06
    4    4   -.825E-07   -.119E-06
    4    5   -.588E-07   -.836E-07
    4    6   -.430E-07   -.606E-07
    4    7   -.322E-07   -.451E-07
    5    1   -.151E-06   -.260E-06
    5    2   -.119E-06   -.183E-06
    5    3   -.835E-07   -.123E-06
    5    4   -.581E-07   -.839E-07
    5    5   -.413E-07   -.588E-07
    5    6   -.302E-07   -.426E-07
    5    7   -.226E-07   -.317E-07
    6    1   -.111E-06   -.191E-06
    6    2   -.871E-07   -.134E-06
    6    3   -.607E-07   -.897E-07
    6    4   -.422E-07   -.609E-07
    6    5   -.300E-07   -.427E-07
    6    6   -.218E-07   -.309E-07
    6    7   -.164E-07   -.230E-07
    7    1   -.833E-07   -.143E-06
    7    2   -.652E-07   -.100E-06
    7    3   -.454E-07   -.670E-07
    7    4   -.314E-07   -.455E-07
    7    5   -.223E-07   -.318E-07
    7    6   -.163E-07   -.230E-07
    7    7   -.122E-07   -.171E-07
  2  3  1    2  4  0        42
    1    1   -.183E+02   -.183E+02
    1    2   -.264E+01   -.264E+01
    1    3   -.863E+00   -.863E+00
    1    4   -.397E+00   -.397E+00
    1    5   -.219E+00   -.219E+00
    1    6   -.136E+00   -.136E+00
    2    1   -.549E+00    .000E+00
    2    2   -.156E+02    .000E+00
    2    3   -.322E+01    .000E+00
    2    4   -.122E+01   -.122E+01
    2    5   -.609E+00   -.609E+00
    2    6   -.354E+00   -.354E+00
    3    1    .186E+00    .000E+00
    3    2   -.105E+01    .000E+00
    3    3   -.142E+02    .000E+00
    3    4   -.337E+01    .000E+00
    3    5   -.138E+01    .000E+00
    3    6   -.717E+00    .000E+00
    4    1    .293E-01    .000E+00
    4    2    .492E+00    .000E+00
    4    3   -.152E+01    .000E+00
    4    4   -.135E+02    .000E+00
    4    5   -.342E+01    .000E+00
    4    6   -.145E+01    .000E+00
    5    1    .982E-02    .985E-02
    5    2    .839E-01    .000E+00
    5    3    .881E+00    .000E+00
    5    4   -.197E+01    .000E+00
    5    5   -.132E+02    .000E+00
    5    6   -.345E+01    .000E+00
    6    1    .455E-02    .456E-02
    6    2    .291E-01    .000E+00
    6    3    .158E+00    .000E+00
    6    4    .133E+01    .000E+00
    6    5   -.240E+01    .000E+00
    6    6   -.130E+02    .000E+00
    7    1    .252E-02    .253E-02
    7    2    .137E-01    .000E+00
    7    3    .562E-01    .000E+00
    7    4    .246E+00    .000E+00
    7    5    .182E+01    .000E+00
    7    6   -.282E+01    .000E+00
  2  3  0    2  4  1        42
    1    1   -.165E+02   -.165E+02
    1    2   -.260E+01   -.260E+01
    1    3   -.879E+00   -.880E+00
    1    4   -.412E+00   -.413E+00
    1    5   -.231E+00   -.231E+00
    1    6   -.144E+00   -.144E+00
    2    1   -.118E+01    .000E+00
    2    2   -.135E+02   -.135E+02
    2    3   -.302E+01   -.302E+01
    2    4   -.119E+01   -.119E+01
    2    5   -.603E+00   -.603E+00
    2    6   -.355E+00   -.355E+00
    3    1    .241E+00    .242E+00
    3    2   -.221E+01    .000E+00
    3    3   -.119E+02    .000E+00
    3    4   -.306E+01   -.306E+01
    3    5   -.129E+01   -.129E+01
    3    6   -.687E+00   -.687E+00
    4    1    .367E-01    .369E-01
    4    2    .636E+00    .000E+00
    4    3   -.320E+01    .000E+00
    4    4   -.110E+02    .000E+00
    4    5   -.302E+01    .000E+00
    4    6   -.133E+01   -.133E+01
    5    1    .123E-01    .123E-01
    5    2    .105E+00    .105E+00
    5    3    .113E+01    .000E+00
    5    4   -.412E+01    .000E+00
    5    5   -.105E+02    .000E+00
    5    6   -.299E+01    .000E+00
    6    1    .569E-02    .572E-02
    6    2    .363E-01    .363E-01
    6    3    .195E+00    .000E+00
    6    4    .169E+01    .000E+00
    6    5   -.499E+01    .000E+00
    6    6   -.103E+02    .000E+00
    7    1    .317E-02    .318E-02
    7    2    .171E-01    .171E-01
    7    3    .690E-01    .000E+00
    7    4    .301E+00    .000E+00
    7    5    .229E+01    .000E+00
    7    6   -.581E+01    .000E+00
  2  4  1    2  4  0        36
    1    1    .143E-11    .402E-11
    1    2    .159E-11    .413E-11
    1    3    .126E-11    .323E-11
    1    4    .934E-12    .241E-11
    1    5    .693E-12    .180E-11
    1    6    .522E-12    .136E-11
    2    1    .160E-11    .417E-11
    2    2    .148E-11    .412E-11
    2    3    .111E-11    .318E-11
    2    4    .813E-12    .236E-11
    2    5    .601E-12    .175E-11
    2    6    .452E-12    .133E-11
    3    1    .134E-11    .349E-11
    3    2    .118E-11    .340E-11
    3    3    .872E-12    .261E-11
    3    4    .632E-12    .193E-11
    3    5    .465E-12    .144E-11
    3    6    .349E-12    .108E-11
    4    1    .105E-11    .276E-11
    4    2    .914E-12    .268E-11
    4    3    .670E-12    .206E-11
    4    4    .484E-12    .152E-11
    4    5    .355E-12    .113E-11
    4    6    .266E-12    .850E-12
    5    1    .815E-12    .216E-11
    5    2    .707E-12    .210E-11
    5    3    .517E-12    .161E-11
    5    4    .372E-12    .119E-11
    5    5    .272E-12    .879E-12
    5    6    .204E-12    .663E-12
    6    1    .636E-12    .170E-11
    6    2    .552E-12    .165E-11
    6    3    .402E-12    .126E-11
    6    4    .289E-12    .930E-12
    6    5    .211E-12    .689E-12
    6    6    .158E-12    .519E-12
  2  4  0    2  5  1        30
    1    1   -.300E+02    .000E+00
    1    2   -.369E+01    .000E+00
    1    3   -.111E+01   -.110E+01
    1    4   -.482E+00   -.478E+00
    1    5   -.256E+00   -.254E+00
    2    1   -.196E+00    .000E+00
    2    2   -.265E+02    .000E+00
    2    3   -.482E+01    .000E+00
    2    4   -.170E+01    .000E+00
    2    5   -.810E+00    .000E+00
    3    1    .154E+00    .000E+00
    3    2   -.379E+00    .000E+00
    3    3   -.245E+02    .000E+00
    3    4   -.524E+01    .000E+00
    3    5   -.202E+01    .000E+00
    4    1    .219E-01    .000E+00
    4    2    .418E+00    .000E+00
    4    3   -.549E+00    .000E+00
    4    4   -.234E+02    .000E+00
    4    5   -.543E+01    .000E+00
    5    1    .674E-02    .000E+00
    5    2    .660E-01    .000E+00
    5    3    .764E+00    .000E+00
    5    4   -.709E+00    .000E+00
    5    5   -.228E+02    .000E+00
    6    1    .293E-02    .000E+00
    6    2    .215E-01    .000E+00
    6    3    .129E+00    .000E+00
    6    4    .117E+01    .000E+00
    6    5   -.862E+00    .000E+00
  4  0  1    4  1  0        81
    1    1    .377E+01    .343E+01
    1    2    .128E-02    .413E-02
    1    3    .144E-03    .136E-02
    1    4    .407E-04    .797E-03
    1    5    .160E-04    .546E-03
    1    6    .753E-05    .402E-03
    1    7    .404E-05    .308E-03
    1    8    .237E-05    .243E-03
    1    9    .150E-05    .196E-03
    2    1    .127E-01    .113E-01
    2    2    .258E+01    .226E+01
    2    3    .420E-02    .431E-02
    2    4    .911E-03    .107E-02
    2    5    .363E-03    .464E-03
    2    6    .185E-03    .250E-03
    2    7    .109E-03    .152E-03
    2    8    .697E-04    .100E-03
    2    9    .476E-04    .696E-04
    3    1    .245E-02    .183E-02
    3    2    .553E-02    .502E-02
    3    3    .254E+01    .221E+01
    3    4    .498E-02    .445E-02
    3    5    .118E-02    .108E-02
    3    6    .504E-03    .471E-03
    3    7    .271E-03    .256E-03
    3    8    .165E-03    .158E-03
    3    9    .109E-03    .105E-03
    4    1    .100E-02    .672E-03
    4    2    .149E-02    .138E-02
    4    3    .506E-02    .439E-02
    4    4    .253E+01    .220E+01
    4    5    .573E-02    .504E-02
    4    6    .132E-02    .118E-02
    4    7    .560E-03    .501E-03
    4    8    .301E-03    .271E-03
    4    9    .185E-03    .167E-03
    5    1    .511E-03    .333E-03
    5    2    .661E-03    .622E-03
    5    3    .142E-02    .123E-02
    5    4    .522E-02    .453E-02
    5    5    .252E+01    .219E+01
    5    6    .607E-02    .532E-02
    5    7    .141E-02    .124E-02
    5    8    .599E-03    .529E-03
    5    9    .325E-03    .287E-03
    6    1    .297E-03    .192E-03
    6    2    .359E-03    .342E-03
    6    3    .646E-03    .560E-03
    6    4    .140E-02    .121E-02
    6    5    .530E-02    .459E-02
    6    6    .252E+01    .219E+01
    6    7    .625E-02    .546E-02
    6    8    .146E-02    .128E-02
    6    9    .623E-03    .547E-03
    7    1    .188E-03    .121E-03
    7    2    .219E-03    .210E-03
    7    3    .361E-03    .313E-03
    7    4    .628E-03    .542E-03
    7    5    .140E-02    .121E-02
    7    6    .533E-02    .463E-02
    7    7    .252E+01    .219E+01
    7    8    .635E-02    .554E-02
    7    9    .149E-02    .130E-02
    8    1    .127E-03    .814E-04
    8    2    .144E-03    .139E-03
    8    3    .226E-03    .196E-03
    8    4    .350E-03    .303E-03
    8    5    .627E-03    .542E-03
    8    6    .140E-02    .122E-02
    8    7    .535E-02    .465E-02
    8    8    .252E+01    .219E+01
    8    9    .641E-02    .559E-02
    9    1    .899E-04    .576E-04
    9    2    .101E-03    .974E-04
    9    3    .152E-03    .132E-03
    9    4    .220E-03    .190E-03
    9    5    .350E-03    .303E-03
    9    6    .628E-03    .545E-03
    9    7    .140E-02    .122E-02
    9    8    .537E-02    .467E-02
    9    9    .252E+01    .219E+01
  4  0  0    4  1  1       128
    1    1    .147E+01    .151E+01
    1    2   -.157E+01   -.573E+00
    1    3   -.764E+00   -.624E+00
    1    4   -.134E+01   -.134E+01
    1    5   -.104E+00   -.805E-01
    1    6   -.471E+00   -.441E+00
    1    7   -.382E-01   -.292E-01
    1    8   -.217E+00   -.199E+00
    1    9   -.191E-01   -.145E-01
    1   10   -.120E+00   -.108E+00
    1   11   -.111E-01   -.844E-02
    1   12   -.735E-01   -.660E-01
    1   13   -.705E-02   -.538E-02
    1   14   -.487E-01   -.435E-01
    1   15   -.479E-02   -.365E-02
    1   16   -.340E-01   -.303E-01
    2    1    .335E-01    .309E-01
    2    2    .301E+00    .219E+00
    2    3    .197E+01    .185E+01
    2    4   -.144E+01    .000E+00
    2    5   -.114E+01   -.107E+01
    2    6   -.151E+01   -.146E+01
    2    7   -.101E+00   -.902E-01
    2    8   -.456E+00   -.438E+00
    2    9   -.346E-01   -.306E-01
    2   10   -.207E+00   -.198E+00
    2   11   -.170E-01   -.149E-01
    2   12   -.115E+00   -.109E+00
    2   13   -.985E-02   -.863E-02
    2   14   -.711E-01   -.676E-01
    2   15   -.631E-02   -.552E-02
    2   16   -.476E-01   -.452E-01
    3    1    .822E-02    .706E-02
    3    2    .470E-01    .367E-01
    3    3    .767E-01    .667E-01
    3    4    .490E+00    .510E+00
    3    5    .240E+01    .232E+01
    3    6   -.149E+01    .000E+00
    3    7   -.157E+01    .000E+00
    3    8   -.166E+01   -.162E+01
    3    9   -.119E+00   -.112E+00
    3   10   -.499E+00   -.484E+00
    3   11   -.395E-01   -.367E-01
    3   12   -.229E+00   -.222E+00
    3   13   -.191E-01   -.177E-01
    3   14   -.128E+00   -.124E+00
    3   15   -.111E-01   -.102E-01
    3   16   -.805E-01   -.777E-01
    4    1    .331E-02    .273E-02
    4    2    .171E-01    .135E-01
    4    3    .186E-01    .155E-01
    4    4    .856E-01    .903E-01
    4    5    .989E-01    .913E-01
    4    6    .715E+00    .741E+00
    4    7    .281E+01    .000E+00
    4    8   -.162E+01    .000E+00
    4    9   -.200E+01    .000E+00
    4   10   -.179E+01    .000E+00
    4   11   -.138E+00   -.132E+00
    4   12   -.531E+00   -.520E+00
    4   13   -.443E-01   -.421E-01
    4   14   -.245E+00   -.239E+00
    4   15   -.213E-01   -.201E-01
    4   16   -.138E+00   -.134E+00
    5    1    .169E-02    .137E-02
    5    2    .854E-02    .667E-02
    5    3    .756E-02    .614E-02
    5    4    .316E-01    .335E-01
    5    5    .245E-01    .220E-01
    5    6    .136E+00    .143E+00
    5    7    .124E+00    .118E+00
    5    8    .956E+00    .000E+00
    5    9    .322E+01    .000E+00
    5   10   -.177E+01    .000E+00
    5   11   -.243E+01    .000E+00
    5   12   -.192E+01    .000E+00
    5   13   -.157E+00    .000E+00
    5   14   -.563E+00    .000E+00
    5   15   -.494E-01    .000E+00
    5   16   -.260E+00   -.255E+00
    6    1    .996E-03    .794E-03
    6    2    .498E-02    .386E-02
    6    3    .391E-02    .312E-02
    6    4    .157E-01    .166E-01
    6    5    .101E-01    .888E-02
    6    6    .520E-01    .549E-01
    6    7    .316E-01    .294E-01
    6    8    .189E+00    .195E+00
    6    9    .150E+00    .000E+00
    6   10    .121E+01    .000E+00
    6   11    .365E+01    .000E+00
    6   12   -.194E+01    .000E+00
    6   13   -.286E+01    .000E+00
    6   14   -.205E+01    .000E+00
    6   15   -.176E+00    .000E+00
    6   16   -.596E+00    .000E+00
    7    1    .641E-03    .506E-03
    7    2    .319E-02    .246E-02
    7    3    .233E-02    .183E-02
    7    4    .911E-02    .967E-02
    7    5    .526E-02    .457E-02
    7    6    .263E-01    .278E-01
    7    7    .131E-01    .121E-01
    7    8    .731E-01    .759E-01
    7    9    .386E-01    .367E-01
    7   10    .243E+00    .000E+00
    7   11    .175E+00    .000E+00
    7   12    .146E+01    .000E+00
    7   13    .407E+01    .000E+00
    7   14   -.211E+01    .000E+00
    7   15   -.330E+01    .000E+00
    7   16   -.218E+01    .000E+00
    8    1    .439E-03    .344E-03
    8    2    .219E-02    .167E-02
    8    3    .151E-02    .118E-02
    8    4    .584E-02    .619E-02
    8    5    .314E-02    .271E-02
    8    6    .155E-01    .164E-01
    8    7    .690E-02    .630E-02
    8    8    .373E-01    .388E-01
    8    9    .162E-01    .153E-01
    8   10    .952E-01    .977E-01
    8   11    .456E-01    .000E+00
    8   12    .299E+00    .000E+00
    8   13    .200E+00    .000E+00
    8   14    .173E+01    .000E+00
    8   15    .449E+01    .000E+00
    8   16   -.229E+01    .000E+00
  4  1  1    4  1  0       144
    1    1    .322E+01    .309E+01
    1    2   -.539E+01   -.555E+01
    1    3   -.121E+00   -.125E+00
    1    4   -.274E-01   -.278E-01
    1    5   -.106E-01   -.109E-01
    1    6   -.528E-02   -.544E-02
    1    7   -.303E-02   -.315E-02
    1    8   -.191E-02   -.200E-02
    1    9   -.129E-02   -.136E-02
    2    1    .252E+01    .219E+01
    2    2    .872E+00    .456E+00
    2    3   -.125E+00   -.880E-01
    2    4   -.183E-01   -.136E-01
    2    5   -.689E-02   -.498E-02
    2    6   -.351E-02   -.246E-02
    2    7   -.208E-02   -.142E-02
    2    8   -.135E-02   -.906E-03
    2    9   -.935E-03   -.616E-03
    3    1    .355E+00    .345E+00
    3    2    .393E+01    .332E+01
    3    3   -.751E+01   -.701E+01
    3    4   -.261E+00   -.222E+00
    3    5   -.645E-01   -.525E-01
    3    6   -.266E-01   -.211E-01
    3    7   -.139E-01   -.109E-01
    3    8   -.831E-02   -.641E-02
    3    9   -.541E-02   -.415E-02
    4    1    .704E+00    .631E+00
    4    2    .940E+00    .895E+00
    4    3    .874E+00    .000E+00
    4    4   -.172E+00   -.192E+00
    4    5   -.295E-01   -.341E-01
    4    6   -.108E-01   -.127E-01
    4    7   -.537E-02   -.631E-02
    4    8   -.311E-02   -.367E-02
    4    9   -.199E-02   -.235E-02
    5    1    .111E+00    .109E+00
    5    2    .374E+00    .293E+00
    5    3    .560E+01    .530E+01
    5    4   -.928E+01   -.898E+01
    5    5   -.384E+00   -.356E+00
    5    6   -.977E-01   -.881E-01
    5    7   -.408E-01   -.362E-01
    5    8   -.215E-01   -.189E-01
    5    9   -.129E-01   -.113E-01
    6    1    .297E+00    .270E+00
    6    2    .342E+00    .308E+00
    6    3    .964E+00    .910E+00
    6    4    .872E+00    .000E+00
    6    5   -.266E+00   -.288E+00
    6    6   -.477E-01   -.534E-01
    6    7   -.177E-01   -.201E-01
    6    8   -.877E-02   -.101E-01
    6    9   -.510E-02   -.589E-02
    7    1    .538E-01    .513E-01
    7    2    .122E+00    .937E-01
    7    3    .402E+00    .363E+00
    7    4    .747E+01    .000E+00
    7    5   -.111E+02    .000E+00
    7    6   -.495E+00   -.471E+00
    7    7   -.128E+00   -.120E+00
    7    8   -.539E-01   -.498E-01
    7    9   -.286E-01   -.262E-01
    8    1    .154E+00    .140E+00
    8    2    .158E+00    .139E+00
    8    3    .312E+00    .291E+00
    8    4    .102E+01    .972E+00
    8    5    .946E+00    .000E+00
    8    6   -.384E+00    .000E+00
    8    7   -.719E-01   -.776E-01
    8    8   -.270E-01   -.296E-01
    8    9   -.135E-01   -.149E-01
    9    1    .302E-01    .284E-01
    9    2    .573E-01    .434E-01
    9    3    .124E+00    .110E+00
    9    4    .480E+00    .452E+00
    9    5    .934E+01    .000E+00
    9    6   -.129E+02    .000E+00
    9    7   -.601E+00    .000E+00
    9    8   -.157E+00   -.150E+00
    9    9   -.668E-01   -.632E-01
   10    1    .909E-01    .822E-01
   10    2    .869E-01    .754E-01
   10    3    .145E+00    .134E+00
   10    4    .318E+00    .301E+00
   10    5    .107E+01    .000E+00
   10    6    .104E+01    .000E+00
   10    7   -.516E+00    .000E+00
   10    8   -.992E-01    .000E+00
   10    9   -.378E-01   -.403E-01
   11    1    .188E-01    .175E-01
   11    2    .320E-01    .242E-01
   11    3    .575E-01    .504E-01
   11    4    .146E+00    .136E+00
   11    5    .568E+00    .545E+00
   11    6    .112E+02    .000E+00
   11    7   -.147E+02    .000E+00
   11    8   -.706E+00    .000E+00
   11    9   -.187E+00    .000E+00
   12    1    .584E-01    .527E-01
   12    2    .533E-01    .459E-01
   12    3    .813E-01    .748E-01
   12    4    .148E+00    .140E+00
   12    5    .329E+00    .316E+00
   12    6    .112E+01    .000E+00
   12    7    .115E+01    .000E+00
   12    8   -.655E+00    .000E+00
   12    9   -.128E+00    .000E+00
   13    1    .125E-01    .116E-01
   13    2    .200E-01    .150E-01
   13    3    .322E-01    .281E-01
   13    4    .675E-01    .622E-01
   13    5    .170E+00    .162E+00
   13    6    .656E+00    .000E+00
   13    7    .130E+02    .000E+00
   13    8   -.165E+02    .000E+00
   13    9   -.810E+00    .000E+00
   14    1    .398E-01    .359E-01
   14    2    .352E-01    .302E-01
   14    3    .507E-01    .465E-01
   14    4    .839E-01    .788E-01
   14    5    .154E+00    .147E+00
   14    6    .342E+00    .000E+00
   14    7    .118E+01    .000E+00
   14    8    .126E+01    .000E+00
   14    9   -.798E+00    .000E+00
   15    1    .871E-02    .807E-02
   15    2    .134E-01    .100E-01
   15    3    .202E-01    .175E-01
   15    4    .380E-01    .348E-01
   15    5    .784E-01    .741E-01
   15    6    .195E+00    .000E+00
   15    7    .745E+00    .000E+00
   15    8    .149E+02    .000E+00
   15    9   -.184E+02    .000E+00
   16    1    .284E-01    .256E-01
   16    2    .246E-01    .210E-01
   16    3    .340E-01    .311E-01
   16    4    .530E-01    .496E-01
   16    5    .875E-01    .835E-01
   16    6    .160E+00    .154E+00
   16    7    .356E+00    .000E+00
   16    8    .124E+01    .000E+00
   16    9    .138E+01    .000E+00
  4  1  1    4  2  0       224
    1    1   -.727E+01   -.817E+01
    1    2   -.168E-01   -.213E-01
    1    3   -.204E-02   -.205E-02
    1    4   -.544E-03   -.782E-03
    1    5   -.700E-03   -.783E-03
    1    6   -.767E-06   -.400E-05
    1    7   -.337E-03   -.376E-03
    1    8   -.606E-04   -.307E-04
    1    9   -.189E-03   -.209E-03
    1   10   -.929E-04   -.604E-04
    1   11   -.117E-03   -.128E-03
    1   12   -.957E-04   -.671E-04
    1   13   -.772E-04   -.839E-04
    1   14   -.869E-04   -.631E-04
    2    1    .153E+00    .649E-01
    2    2   -.117E+00   -.106E+00
    2    3   -.812E+01   -.790E+01
    2    4   -.276E-01   -.266E-01
    2    5   -.197E+01   -.191E+01
    2    6   -.841E-02   -.817E-02
    2    7   -.814E+00   -.783E+00
    2    8   -.381E-02   -.371E-02
    2    9   -.428E+00   -.408E+00
    2   10   -.210E-02   -.204E-02
    2   11   -.256E+00   -.243E+00
    2   12   -.130E-02   -.127E-02
    2   13   -.167E+00   -.158E+00
    2   14   -.868E-03   -.845E-03
    3    1    .446E+01    .377E+01
    3    2   -.108E+02   -.102E+02
    3    3   -.109E+00   -.108E+00
    3    4   -.128E+00   -.106E+00
    3    5   -.811E-02   -.769E-02
    3    6   -.196E-01   -.145E-01
    3    7   -.186E-02   -.173E-02
    3    8   -.594E-02   -.401E-02
    3    9   -.690E-03   -.637E-03
    3   10   -.250E-02   -.157E-02
    3   11   -.331E-03   -.304E-03
    3   12   -.128E-02   -.753E-03
    3   13   -.186E-03   -.171E-03
    3   14   -.743E-03   -.415E-03
    4    1    .377E-01    .398E-01
    4    2    .308E+00    .000E+00
    4    3   -.474E+01    .000E+00
    4    4   -.342E+00   -.351E+00
    4    5   -.438E+01   -.430E+01
    4    6   -.542E-01   -.561E-01
    4    7   -.153E+01   -.149E+01
    4    8   -.196E-01   -.204E-01
    4    9   -.729E+00   -.709E+00
    4   10   -.965E-02   -.101E-01
    4   11   -.413E+00   -.400E+00
    4   12   -.559E-02   -.586E-02
    4   13   -.260E+00   -.251E+00
    4   14   -.358E-02   -.376E-02
    5    1    .641E+00    .517E+00
    5    2    .668E+01    .639E+01
    5    3    .335E-01    .000E+00
    5    4   -.134E+02    .000E+00
    5    5   -.240E+00   -.238E+00
    5    6   -.215E+00   -.196E+00
    5    7   -.324E-01   -.319E-01
    5    8   -.372E-01   -.322E-01
    5    9   -.106E-01   -.105E-01
    5   10   -.123E-01   -.102E-01
    5   11   -.493E-02   -.486E-02
    5   12   -.553E-02   -.443E-02
    5   13   -.273E-02   -.269E-02
    5   14   -.296E-02   -.231E-02
    6    1    .145E-01    .138E-01
    6    2    .322E-01    .302E-01
    6    3    .978E+00    .103E+01
    6    4    .468E+00    .000E+00
    6    5   -.824E+01    .000E+00
    6    6   -.502E+00   -.510E+00
    6    7   -.295E+01   -.289E+01
    6    8   -.853E-01   -.872E-01
    6    9   -.120E+01   -.117E+01
    6   10   -.319E-01   -.328E-01
    6   11   -.614E+00   -.600E+00
    6   12   -.161E-01   -.165E-01
    6   13   -.364E+00   -.355E+00
    6   14   -.945E-02   -.974E-02
    7    1    .233E+00    .187E+00
    7    2    .697E+00    .651E+00
    7    3    .132E-04    .107E-04
    7    4    .914E+01    .000E+00
    7    5    .117E+00    .000E+00
    7    6   -.161E+02    .000E+00
    7    7   -.304E+00    .000E+00
    7    8   -.300E+00   -.284E+00
    7    9   -.438E-01   -.436E-01
    7   10   -.557E-01   -.512E-01
    7   11   -.152E-01   -.151E-01
    7   12   -.192E-01   -.173E-01
    7   13   -.729E-02   -.725E-02
    7   14   -.893E-02   -.785E-02
    8    1    .714E-02    .650E-02
    8    2    .128E-01    .118E-01
    8    3    .130E+00    .139E+00
    8    4    .503E-01    .479E-01
    8    5    .221E+01    .000E+00
    8    6    .607E+00    .000E+00
    8    7   -.111E+02    .000E+00
    8    8   -.620E+00    .000E+00
    8    9   -.226E+01    .000E+00
    8   10   -.109E+00   -.111E+00
    8   11   -.987E+00   -.970E+00
    8   12   -.414E-01   -.423E-01
    8   13   -.527E+00   -.517E+00
    8   14   -.211E-01   -.215E-01
    9    1    .115E+00    .921E-01
    9    2    .237E+00    .220E+00
    9    3    .284E-05    .262E-05
    9    4    .871E+00    .840E+00
    9    5    .118E-06    .119E-05
    9    6    .116E+02    .000E+00
    9    7    .183E+00    .000E+00
    9    8   -.187E+02    .000E+00
    9    9   -.354E+00    .000E+00
    9   10   -.383E+00    .000E+00
    9   11   -.529E-01    .000E+00
    9   12   -.743E-01   -.703E-01
    9   13   -.188E-01   -.188E-01
    9   14   -.264E-01   -.246E-01
   10    1    .410E-02    .363E-02
   10    2    .647E-02    .592E-02
   10    3    .432E-01    .467E-01
   10    4    .186E-01    .177E-01
   10    5    .311E+00    .321E+00
   10    6    .602E-01    .000E+00
   10    7    .357E+01    .000E+00
   10    8    .733E+00    .000E+00
   10    9   -.137E+02    .000E+00
   10   10   -.725E+00    .000E+00
   10   11   -.187E+01    .000E+00
   10   12   -.130E+00    .000E+00
   10   13   -.854E+00    .000E+00
   10   14   -.499E-01   -.507E-01
   11    1    .664E-01    .531E-01
   11    2    .115E+00    .106E+00
   11    3    .129E-05    .136E-05
   11    4    .290E+00    .278E+00
   11    5    .274E-09    .149E-06
   11    6    .105E+01    .103E+01
   11    7    .288E-04    .000E+00
   11    8    .141E+02    .000E+00
   11    9    .242E+00    .000E+00
   11   10   -.214E+02    .000E+00
   11   11   -.398E+00    .000E+00
   11   12   -.466E+00    .000E+00
   11   13   -.607E-01    .000E+00
   11   14   -.932E-01    .000E+00
   12    1    .259E-02    .225E-02
   12    2    .378E-02    .344E-02
   12    3    .203E-01    .220E-01
   12    4    .922E-02    .869E-02
   12    5    .107E+00    .111E+00
   12    6    .216E-01    .208E-01
   12    7    .515E+00    .525E+00
   12    8    .697E-01    .000E+00
   12    9    .501E+01    .000E+00
   12   10    .855E+00    .000E+00
   12   11   -.162E+02    .000E+00
   12   12   -.827E+00    .000E+00
   12   13   -.162E+01    .000E+00
   12   14   -.150E+00    .000E+00
   13    1    .421E-01    .337E-01
   13    2    .661E-01    .607E-01
   13    3    .752E-06    .869E-06
   13    4    .140E+00    .134E+00
   13    5    .380E-06    .131E-06
   13    6    .346E+00    .336E+00
   13    7    .128E-04    .142E-04
   13    8    .124E+01    .000E+00
   13    9    .113E-03    .000E+00
   13   10    .165E+02    .000E+00
   13   11    .299E+00    .000E+00
   13   12   -.240E+02    .000E+00
   13   13   -.440E+00    .000E+00
   13   14   -.548E+00    .000E+00
   14    1    .174E-02    .150E-02
   14    2    .243E-02    .220E-02
   14    3    .114E-01    .124E-01
   14    4    .535E-02    .502E-02
   14    5    .514E-01    .534E-01
   14    6    .106E-01    .102E-01
   14    7    .180E+00    .184E+00
   14    8    .246E-01    .000E+00
   14    9    .732E+00    .000E+00
   14   10    .794E-01    .000E+00
   14   11    .649E+01    .000E+00
   14   12    .976E+00    .000E+00
   14   13   -.185E+02    .000E+00
   14   14   -.927E+00    .000E+00
   15    1    .286E-01    .229E-01
   15    2    .421E-01    .386E-01
   15    3    .492E-06    .607E-06
   15    4    .807E-01    .768E-01
   15    5    .710E-06    .443E-06
   15    6    .166E+00    .161E+00
   15    7    .381E-05    .431E-05
   15    8    .403E+00    .394E+00
   15    9    .538E-04    .000E+00
   15   10    .142E+01    .000E+00
   15   11    .246E-03    .000E+00
   15   12    .190E+02    .000E+00
   15   13    .355E+00    .000E+00
   15   14   -.267E+02    .000E+00
   16    1    .123E-02    .105E-02
   16    2    .166E-02    .150E-02
   16    3    .714E-02    .778E-02
   16    4    .343E-02    .321E-02
   16    5    .292E-01    .305E-01
   16    6    .619E-02    .590E-02
   16    7    .869E-01    .892E-01
   16    8    .120E-01    .116E-01
   16    9    .258E+00    .000E+00
   16   10    .276E-01    .000E+00
   16   11    .957E+00    .000E+00
   16   12    .892E-01    .000E+00
   16   13    .800E+01    .000E+00
   16   14    .110E+01    .000E+00
  4  1  0    4  2  1        72
    1    1   -.854E+01   -.752E+01
    1    2   -.211E+01   -.192E+01
    1    3   -.852E+00   -.790E+00
    1    4   -.445E+00   -.412E+00
    1    5   -.264E+00   -.244E+00
    1    6   -.170E+00   -.157E+00
    1    7   -.116E+00   -.107E+00
    1    8   -.828E-01   -.762E-01
    2    1   -.212E+01   -.820E+00
    2    2   -.375E+01   -.356E+01
    2    3   -.113E+01   -.102E+01
    2    4   -.503E+00   -.447E+00
    2    5   -.272E+00   -.239E+00
    2    6   -.165E+00   -.144E+00
    2    7   -.108E+00   -.942E-01
    2    8   -.753E-01   -.653E-01
    3    1    .377E+00    .280E+00
    3    2   -.199E+01    .000E+00
    3    3   -.386E+01   -.368E+01
    3    4   -.112E+01   -.105E+01
    3    5   -.498E+00   -.465E+00
    3    6   -.273E+00   -.254E+00
    3    7   -.168E+00   -.156E+00
    3    8   -.112E+00   -.103E+00
    4    1    .641E-01    .514E-01
    4    2    .643E+00    .714E+00
    4    3   -.207E+01    .000E+00
    4    4   -.412E+01   -.397E+01
    4    5   -.118E+01   -.112E+01
    4    6   -.530E+00   -.503E+00
    4    7   -.294E+00   -.278E+00
    4    8   -.183E+00   -.173E+00
    5    1    .250E-01    .198E-01
    5    2    .121E+00    .139E+00
    5    3    .103E+01    .110E+01
    5    4   -.220E+01    .000E+00
    5    5   -.441E+01    .000E+00
    5    6   -.125E+01   -.121E+01
    5    7   -.564E+00   -.543E+00
    5    8   -.315E+00   -.302E+00
    6    1    .130E-01    .101E-01
    6    2    .459E-01    .532E-01
    6    3    .200E+00    .220E+00
    6    4    .145E+01    .000E+00
    6    5   -.238E+01    .000E+00
    6    6   -.469E+01    .000E+00
    6    7   -.132E+01    .000E+00
    6    8   -.598E+00   -.581E+00
    7    1    .778E-02    .590E-02
    7    2    .231E-01    .269E-01
    7    3    .767E-01    .851E-01
    7    4    .292E+00    .311E+00
    7    5    .190E+01    .000E+00
    7    6   -.258E+01    .000E+00
    7    7   -.499E+01    .000E+00
    7    8   -.139E+01    .000E+00
    8    1    .508E-02    .379E-02
    8    2    .135E-01    .157E-01
    8    3    .387E-01    .433E-01
    8    4    .113E+00    .122E+00
    8    5    .390E+00    .000E+00
    8    6    .236E+01    .000E+00
    8    7   -.279E+01    .000E+00
    8    8   -.529E+01    .000E+00
    9    1    .352E-02    .260E-02
    9    2    .869E-02    .101E-01
    9    3    .228E-01    .256E-01
    9    4    .577E-01    .623E-01
    9    5    .153E+00    .161E+00
    9    6    .492E+00    .000E+00
    9    7    .283E+01    .000E+00
    9    8   -.301E+01    .000E+00
  4  2  1    4  2  0       112
    1    1    .126E+01    .513E+00
    1    2   -.206E+00   -.152E+00
    1    3   -.136E+01   -.130E+01
    1    4   -.287E-01   -.224E-01
    1    5   -.378E+00   -.362E+00
    1    6   -.121E-01   -.947E-02
    1    7   -.164E+00   -.155E+00
    1    8   -.652E-02   -.504E-02
    1    9   -.880E-01   -.825E-01
    1   10   -.398E-02   -.304E-02
    1   11   -.534E-01   -.497E-01
    1   12   -.263E-02   -.199E-02
    1   13   -.351E-01   -.325E-01
    1   14   -.184E-02   -.138E-02
    2    1    .832E+00    .829E+00
    2    2    .133E+01    .000E+00
    2    3   -.119E+01    .000E+00
    2    4   -.307E+00   -.317E+00
    2    5   -.633E+00   -.618E+00
    2    6   -.524E-01   -.542E-01
    2    7   -.253E+00   -.245E+00
    2    8   -.196E-01   -.202E-01
    2    9   -.127E+00   -.122E+00
    2   10   -.984E-02   -.101E-01
    2   11   -.735E-01   -.707E-01
    2   12   -.577E-02   -.587E-02
    2   13   -.469E-01   -.450E-01
    2   14   -.372E-02   -.377E-02
    3    1    .315E+00    .295E+00
    3    2    .819E+00    .798E+00
    3    3    .280E+00    .295E+00
    3    4    .155E+01    .000E+00
    3    5   -.206E+01    .000E+00
    3    6   -.474E+00   -.486E+00
    3    7   -.402E+00   -.392E+00
    3    8   -.832E-01   -.859E-01
    3    9   -.183E+00   -.178E+00
    3   10   -.311E-01   -.321E-01
    3   11   -.982E-01   -.953E-01
    3   12   -.155E-01   -.161E-01
    3   13   -.595E-01   -.577E-01
    3   14   -.911E-02   -.941E-02
    4    1    .153E+00    .141E+00
    4    2    .281E+00    .272E+00
    4    3    .357E-01    .384E-01
    4    4    .802E+00    .785E+00
    4    5    .679E+00    .000E+00
    4    6    .179E+01    .000E+00
    4    7   -.276E+01    .000E+00
    4    8   -.669E+00    .000E+00
    4    9   -.296E+00    .000E+00
    4   10   -.120E+00   -.122E+00
    4   11   -.146E+00   -.142E+00
    4   12   -.451E-01   -.461E-01
    4   13   -.816E-01   -.795E-01
    4   14   -.227E-01   -.232E-01
    5    1    .867E-01    .793E-01
    5    2    .134E+00    .130E+00
    5    3    .120E-01    .130E-01
    5    4    .275E+00    .269E+00
    5    5    .895E-01    .924E-01
    5    6    .814E+00    .000E+00
    5    7    .107E+01    .000E+00
    5    8    .205E+01    .000E+00
    5    9   -.341E+01    .000E+00
    5   10   -.876E+00    .000E+00
    5   11   -.235E+00    .000E+00
    5   12   -.160E+00    .000E+00
    5   13   -.123E+00    .000E+00
    5   14   -.604E-01   -.613E-01
    6    1    .542E-01    .493E-01
    6    2    .762E-01    .736E-01
    6    3    .563E-02    .616E-02
    6    4    .134E+00    .130E+00
    6    5    .304E-01    .316E-01
    6    6    .278E+00    .274E+00
    6    7    .145E+00    .148E+00
    6    8    .834E+00    .000E+00
    6    9    .147E+01    .000E+00
    6   10    .231E+01    .000E+00
    6   11   -.401E+01    .000E+00
    6   12   -.109E+01    .000E+00
    6   13   -.197E+00    .000E+00
    6   14   -.201E+00    .000E+00
    7    1    .362E-01    .329E-01
    7    2    .481E-01    .464E-01
    7    3    .317E-02    .348E-02
    7    4    .770E-01    .750E-01
    7    5    .145E-01    .152E-01
    7    6    .136E+00    .133E+00
    7    7    .499E-01    .513E-01
    7    8    .283E+00    .000E+00
    7    9    .202E+00    .000E+00
    7   10    .858E+00    .000E+00
    7   11    .187E+01    .000E+00
    7   12    .257E+01    .000E+00
    7   13   -.460E+01    .000E+00
    7   14   -.131E+01    .000E+00
    8    1    .255E-01    .231E-01
    8    2    .325E-01    .313E-01
    8    3    .199E-02    .219E-02
    8    4    .492E-01    .479E-01
    8    5    .828E-02    .866E-02
    8    6    .788E-01    .774E-01
    8    7    .240E-01    .248E-01
    8    8    .139E+00    .137E+00
    8    9    .701E-01    .000E+00
    8   10    .290E+00    .000E+00
    8   11    .259E+00    .000E+00
    8   12    .886E+00    .000E+00
    8   13    .227E+01    .000E+00
    8   14    .283E+01    .000E+00
  4  2  1    4  3  0        56
    1    1   -.131E+02   -.129E+02
    1    2   -.288E+01   -.286E+01
    1    3   -.115E+01   -.113E+01
    1    4   -.586E+00   -.570E+00
    1    5   -.343E+00   -.332E+00
    1    6   -.220E+00   -.212E+00
    1    7   -.151E+00   -.145E+00
    2    1   -.539E+01    .000E+00
    2    2   -.851E+01   -.841E+01
    2    3   -.269E+01   -.264E+01
    2    4   -.122E+01   -.119E+01
    2    5   -.669E+00   -.652E+00
    2    6   -.412E+00   -.400E+00
    2    7   -.274E+00   -.266E+00
    3    1    .101E+01    .107E+01
    3    2   -.923E+01    .000E+00
    3    3   -.671E+01   -.661E+01
    3    4   -.235E+01   -.231E+01
    3    5   -.113E+01   -.111E+01
    3    6   -.646E+00   -.632E+00
    3    7   -.410E+00   -.401E+00
    4    1    .148E+00    .161E+00
    4    2    .237E+01    .242E+01
    4    3   -.123E+02    .000E+00
    4    4   -.584E+01    .000E+00
    4    5   -.214E+01   -.211E+01
    4    6   -.106E+01   -.104E+01
    4    7   -.621E+00   -.610E+00
    5    1    .505E-01    .557E-01
    5    2    .362E+00    .375E+00
    5    3    .386E+01    .000E+00
    5    4   -.151E+02    .000E+00
    5    5   -.535E+01    .000E+00
    5    6   -.200E+01    .000E+00
    5    7   -.101E+01   -.997E+00
    6    1    .239E-01    .266E-01
    6    2    .127E+00    .132E+00
    6    3    .613E+00    .628E+00
    6    4    .546E+01    .000E+00
    6    5   -.178E+02    .000E+00
    6    6   -.505E+01    .000E+00
    6    7   -.191E+01    .000E+00
    7    1    .134E-01    .150E-01
    7    2    .611E-01    .640E-01
    7    3    .219E+00    .225E+00
    7    4    .888E+00    .000E+00
    7    5    .712E+01    .000E+00
    7    6   -.204E+02    .000E+00
    7    7   -.487E+01    .000E+00
    8    1    .842E-02    .946E-02
    8    2    .349E-01    .366E-01
    8    3    .107E+00    .110E+00
    8    4    .320E+00    .000E+00
    8    5    .118E+01    .000E+00
    8    6    .884E+01    .000E+00
    8    7   -.230E+02    .000E+00
  4  2  0    4  3  1       182
    1    1   -.147E+00    .000E+00
    1    2   -.113E+02   -.995E+01
    1    3   -.259E+01   -.218E+01
    1    4   -.268E-04   -.168E-03
    1    5   -.104E+01   -.865E+00
    1    6   -.289E-03   -.503E-03
    1    7   -.534E+00   -.442E+00
    1    8   -.307E-03   -.469E-03
    1    9   -.315E+00   -.260E+00
    1   10   -.250E-03   -.367E-03
    1   11   -.203E+00   -.167E+00
    1   12   -.192E-03   -.278E-03
    1   13   -.139E+00   -.114E+00
    2    1    .586E-01    .321E-01
    2    2    .138E+01    .000E+00
    2    3   -.115E+02   -.110E+02
    2    4   -.310E-03   -.198E-03
    2    5   -.256E+01   -.242E+01
    2    6   -.132E-03   -.179E-03
    2    7   -.104E+01   -.976E+00
    2    8   -.242E-03   -.283E-03
    2    9   -.540E+00   -.507E+00
    2   10   -.222E-03   -.251E-03
    2   11   -.323E+00   -.303E+00
    2   12   -.179E-03   -.200E-03
    2   13   -.211E+00   -.197E+00
    3    1    .361E-01    .337E-01
    3    2    .183E-01    .276E-01
    3    3   -.150E-01   -.207E-01
    3    4   -.268E+02   -.268E+02
    3    5   -.404E-04   -.279E-03
    3    6   -.357E+01   -.357E+01
    3    7   -.147E-06   -.512E-04
    3    8   -.113E+01   -.113E+01
    3    9   -.111E-05   -.153E-04
    3   10   -.510E+00   -.511E+00
    3   11   -.222E-05   -.571E-05
    3   12   -.278E+00   -.279E+00
    3   13   -.253E-05   -.245E-05
    4    1    .722E-02    .566E-02
    4    2    .272E+00    .341E+00
    4    3    .258E+01    .000E+00
    4    4   -.335E-02    .000E+00
    4    5   -.125E+02   -.121E+02
    4    6   -.104E-01   -.107E-01
    4    7   -.282E+01   -.273E+01
    4    8   -.494E-02   -.503E-02
    4    9   -.116E+01   -.113E+01
    4   10   -.266E-02   -.271E-02
    4   11   -.615E+00   -.594E+00
    4   12   -.160E-02   -.163E-02
    4   13   -.373E+00   -.359E+00
    5    1    .160E-01    .142E-01
    5    2    .829E-02    .535E-02
    5    3    .164E-01    .000E+00
    5    4    .507E-01    .000E+00
    5    5   -.509E-03    .000E+00
    5    6   -.237E+02   -.237E+02
    5    7   -.459E-04   -.668E-05
    5    8   -.455E+01   -.455E+01
    5    9   -.687E-04   -.367E-05
    5   10   -.167E+01   -.167E+01
    5   11   -.611E-04   -.908E-05
    5   12   -.819E+00   -.819E+00
    5   13   -.497E-04   -.104E-04
    6    1    .234E-02    .181E-02
    6    2    .517E-01    .687E-01
    6    3    .593E+00    .658E+00
    6    4    .812E-03    .000E+00
    6    5    .367E+01    .000E+00
    6    6   -.212E-01    .000E+00
    6    7   -.135E+02    .000E+00
    6    8   -.702E-02   -.712E-02
    6    9   -.307E+01   -.301E+01
    6   10   -.395E-02   -.400E-02
    6   11   -.128E+01   -.125E+01
    6   12   -.230E-02   -.232E-02
    6   13   -.683E+00   -.667E+00
    7    1    .857E-02    .744E-02
    7    2    .520E-02    .362E-02
    7    3    .513E-02    .352E-02
    7    4    .188E+00    .189E+00
    7    5    .166E-01    .000E+00
    7    6    .433E-01    .000E+00
    7    7   -.674E-03    .000E+00
    7    8   -.222E+02    .000E+00
    7    9   -.323E-05    .000E+00
    7   10   -.489E+01   -.489E+01
    7   11   -.240E-04   -.109E-08
    7   12   -.194E+01   -.193E+01
    7   13   -.281E-04   -.248E-05
    8    1    .111E-02    .792E-03
    8    2    .186E-01    .256E-01
    8    3    .126E+00    .144E+00
    8    4    .147E-03    .119E-03
    8    5    .955E+00    .000E+00
    8    6    .326E-02    .000E+00
    8    7    .471E+01    .000E+00
    8    8   -.340E-01    .000E+00
    8    9   -.145E+02    .000E+00
    8   10   -.461E-02    .000E+00
    8   11   -.332E+01    .000E+00
    8   12   -.301E-02    .000E+00
    8   13   -.139E+01   -.137E+01
    9    1    .516E-02    .444E-02
    9    2    .318E-02    .228E-02
    9    3    .351E-02    .261E-02
    9    4    .301E-01    .304E-01
    9    5    .281E-02    .197E-02
    9    6    .503E+00    .000E+00
    9    7    .193E-01    .000E+00
    9    8    .420E-01    .000E+00
    9    9   -.162E-02    .000E+00
    9   10   -.215E+02    .000E+00
    9   11   -.241E-04    .000E+00
    9   12   -.506E+01    .000E+00
    9   13   -.143E-06    .000E+00
   10    1    .627E-03    .417E-03
   10    2    .894E-02    .126E-01
   10    3    .484E-01    .564E-01
   10    4    .589E-04    .468E-04
   10    5    .215E+00    .231E+00
   10    6    .375E-03    .000E+00
   10    7    .134E+01    .000E+00
   10    8    .630E-02    .000E+00
   10    9    .572E+01    .000E+00
   10   10   -.447E-01    .000E+00
   10   11   -.156E+02    .000E+00
   10   12   -.311E-02    .000E+00
   10   13   -.357E+01    .000E+00
   11    1    .336E-02    .288E-02
   11    2    .207E-02    .150E-02
   11    3    .223E-02    .169E-02
   11    4    .100E-01    .102E-01
   11    5    .218E-02    .167E-02
   11    6    .876E-01    .879E-01
   11    7    .159E-02    .000E+00
   11    8    .912E+00    .000E+00
   11    9    .223E-01    .000E+00
   11   10    .298E-01    .000E+00
   11   11   -.287E-02    .000E+00
   11   12   -.212E+02    .000E+00
   11   13   -.115E-03    .000E+00
   12    1    .394E-03    .247E-03
   12    2    .505E-02    .722E-02
   12    3    .242E-01    .286E-01
   12    4    .305E-04    .240E-04
   12    5    .849E-01    .925E-01
   12    6    .126E-03    .118E-03
   12    7    .312E+00    .000E+00
   12    8    .686E-03    .000E+00
   12    9    .175E+01    .000E+00
   12   10    .991E-02    .000E+00
   12   11    .670E+01    .000E+00
   12   12   -.546E-01    .000E+00
   12   13   -.166E+02    .000E+00
   13    1    .232E-02    .198E-02
   13    2    .142E-02    .104E-02
   13    3    .148E-02    .114E-02
   13    4    .462E-02    .469E-02
   13    5    .147E-02    .115E-02
   13    6    .304E-01    .305E-01
   13    7    .142E-02    .111E-02
   13    8    .168E+00    .000E+00
   13    9    .912E-03    .000E+00
   13   10    .139E+01    .000E+00
   13   11    .250E-01    .000E+00
   13   12    .949E-02    .000E+00
   13   13   -.424E-02    .000E+00
   14    1    .266E-03    .159E-03
   14    2    .316E-02    .457E-02
   14    3    .141E-01    .168E-01
   14    4    .181E-04    .141E-04
   14    5    .433E-01    .476E-01
   14    6    .606E-04    .564E-04
   14    7    .126E+00    .133E+00
   14    8    .224E-03    .000E+00
   14    9    .417E+00    .000E+00
   14   10    .108E-02    .000E+00
   14   11    .218E+01    .000E+00
   14   12    .141E-01    .000E+00
   14   13    .767E+01    .000E+00
  4  3  1    4  3  0        91
    1    1   -.930E+00   -.888E+00
    1    2   -.314E+00   -.300E+00
    1    3   -.150E+00   -.142E+00
    1    4   -.843E-01   -.790E-01
    1    5   -.524E-01   -.488E-01
    1    6   -.350E-01   -.325E-01
    1    7   -.246E-01   -.228E-01
    2    1   -.158E+01   -.161E+01
    2    2   -.326E+00   -.320E+00
    2    3   -.162E+00   -.159E+00
    2    4   -.881E-01   -.863E-01
    2    5   -.532E-01   -.521E-01
    2    6   -.347E-01   -.340E-01
    2    7   -.240E-01   -.235E-01
    3    1    .271E+00    .275E+00
    3    2   -.233E+01    .000E+00
    3    3   -.168E+00   -.166E+00
    3    4   -.104E+00   -.103E+00
    3    5   -.622E-01   -.613E-01
    3    6   -.398E-01   -.392E-01
    3    7   -.271E-01   -.267E-01
    4    1    .212E+01    .212E+01
    4    2    .285E+00    .000E+00
    4    3   -.643E-01   -.644E-01
    4    4   -.990E-02   -.993E-02
    4    5   -.338E-02   -.340E-02
    4    6   -.160E-02   -.161E-02
    4    7   -.903E-03   -.909E-03
    5    1    .311E-01    .315E-01
    5    2    .600E+00    .000E+00
    5    3   -.295E+01    .000E+00
    5    4   -.102E+00   -.101E+00
    5    5   -.737E-01   -.730E-01
    5    6   -.468E-01   -.464E-01
    5    7   -.312E-01   -.309E-01
    6    1    .377E+00    .378E+00
    6    2    .162E+01    .162E+01
    6    3    .528E+00    .000E+00
    6    4   -.152E+00    .000E+00
    6    5   -.247E-01   -.247E-01
    6    6   -.860E-02   -.862E-02
    6    7   -.410E-02   -.411E-02
    7    1    .101E-01    .102E-01
    7    2    .700E-01    .706E-01
    7    3    .942E+00    .000E+00
    7    4   -.351E+01    .000E+00
    7    5   -.658E-01    .000E+00
    7    6   -.551E-01    .000E+00
    7    7   -.367E-01   -.365E-01
    8    1    .135E+00    .136E+00
    8    2    .401E+00    .402E+00
    8    3    .139E+01    .000E+00
    8    4    .748E+00    .000E+00
    8    5   -.255E+00    .000E+00
    8    6   -.431E-01    .000E+00
    8    7   -.153E-01    .000E+00
    9    1    .470E-02    .472E-02
    9    2    .234E-01    .236E-01
    9    3    .112E+00    .113E+00
    9    4    .129E+01    .000E+00
    9    5   -.403E+01    .000E+00
    9    6   -.443E-01    .000E+00
    9    7   -.427E-01    .000E+00
   10    1    .653E-01    .656E-01
   10    2    .165E+00    .165E+00
   10    3    .390E+00    .391E+00
   10    4    .126E+01    .000E+00
   10    5    .952E+00    .000E+00
   10    6   -.368E+00    .000E+00
   10    7   -.639E-01    .000E+00
   11    1    .264E-02    .264E-02
   11    2    .111E-01    .112E-01
   11    3    .380E-01    .382E-01
   11    4    .156E+00    .000E+00
   11    5    .165E+01    .000E+00
   11    6   -.454E+01    .000E+00
   11    7   -.304E-01    .000E+00
   12    1    .372E-01    .374E-01
   12    2    .860E-01    .861E-01
   12    3    .172E+00    .172E+00
   12    4    .376E+00    .000E+00
   12    5    .118E+01    .000E+00
   12    6    .114E+01    .000E+00
   12    7   -.487E+00    .000E+00
   13    1    .166E-02    .166E-02
   13    2    .634E-02    .639E-02
   13    3    .182E-01    .183E-01
   13    4    .530E-01    .000E+00
   13    5    .200E+00    .000E+00
   13    6    .201E+01    .000E+00
   13    7   -.504E+01    .000E+00
  4  3  1    4  4  0       143
    1    1   -.927E+01   -.881E+01
    1    2   -.351E+01   -.334E+01
    1    3   -.174E+01   -.164E+01
    1    4   -.291E-02   -.281E-02
    1    5   -.101E+01   -.944E+00
    1    6   -.380E-03   -.365E-03
    1    7   -.637E+00   -.595E+00
    1    8   -.690E-04   -.650E-04
    1    9   -.431E+00   -.401E+00
    1   10   -.208E-04   -.188E-04
    1   11   -.306E+00   -.284E+00
    2    1   -.213E+02   -.216E+02
    2    2   -.198E+01   -.195E+01
    2    3   -.126E+01   -.124E+01
    2    4   -.608E-02   -.615E-02
    2    5   -.745E+00   -.733E+00
    2    6   -.199E-02   -.202E-02
    2    7   -.472E+00   -.463E+00
    2    8   -.921E-03   -.934E-03
    2    9   -.317E+00   -.311E+00
    2   10   -.547E-03   -.552E-03
    2   11   -.223E+00   -.219E+00
    3    1    .462E+01    .466E+01
    3    2   -.316E+02    .000E+00
    3    3   -.659E+00   -.649E+00
    3    4   -.142E-01   -.143E-01
    3    5   -.633E+00   -.627E+00
    3    6   -.423E-02   -.428E-02
    3    7   -.430E+00   -.426E+00
    3    8   -.175E-02   -.176E-02
    3    9   -.293E+00   -.291E+00
    3   10   -.946E-03   -.951E-03
    3   11   -.207E+00   -.205E+00
    4    1    .210E-01    .213E-01
    4    2    .489E-04    .000E+00
    4    3   -.749E-01   -.753E-01
    4    4   -.470E+02   -.470E+02
    4    5   -.286E-02   -.290E-02
    4    6   -.554E+01   -.552E+01
    4    7   -.621E-03   -.638E-03
    4    8   -.163E+01   -.162E+01
    4    9   -.310E-03   -.319E-03
    4   10   -.704E+00   -.699E+00
    4   11   -.209E-03   -.215E-03
    5    1    .416E+00    .418E+00
    5    2    .971E+01    .000E+00
    5    3   -.399E+02    .000E+00
    5    4   -.875E-01    .000E+00
    5    5   -.216E+00   -.214E+00
    5    6   -.481E-02   -.487E-02
    5    7   -.347E+00   -.345E+00
    5    8   -.244E-02   -.246E-02
    5    9   -.267E+00   -.266E+00
    5   10   -.132E-02   -.133E-02
    5   11   -.194E+00   -.193E+00
    6    1    .332E-02    .343E-02
    6    2    .235E-01    .237E-01
    6    3    .712E-03    .000E+00
    6    4    .233E+00    .000E+00
    6    5   -.154E-01    .000E+00
    6    6   -.421E+02    .000E+00
    6    7   -.138E-02   -.141E-02
    6    8   -.740E+01   -.738E+01
    6    9   -.478E-03   -.491E-03
    6   10   -.258E+01   -.257E+01
    6   11   -.279E-03   -.287E-03
    7    1    .129E+00    .129E+00
    7    2    .936E+00    .939E+00
    7    3    .149E+02    .000E+00
    7    4    .262E-01    .000E+00
    7    5   -.475E+02    .000E+00
    7    6   -.438E-01    .000E+00
    7    7   -.500E-01    .000E+00
    7    8   -.267E-02    .000E+00
    7    9   -.194E+00   -.193E+00
    7   10   -.181E-02   -.183E-02
    7   11   -.171E+00   -.171E+00
    8    1    .118E-02    .123E-02
    8    2    .467E-02    .475E-02
    8    3    .154E-01    .000E+00
    8    4    .203E+00    .000E+00
    8    5    .461E-04    .000E+00
    8    6    .295E+00    .000E+00
    8    7   -.546E-02    .000E+00
    8    8   -.393E+02    .000E+00
    8    9   -.103E-02    .000E+00
    8   10   -.814E+01    .000E+00
    8   11   -.480E-03    .000E+00
    9    1    .588E-01    .586E-01
    9    2    .298E+00    .299E+00
    9    3    .149E+01    .000E+00
    9    4    .246E-02    .000E+00
    9    5    .203E+02    .000E+00
    9    6    .124E-01    .000E+00
    9    7   -.547E+02    .000E+00
    9    8   -.363E-01    .000E+00
    9    9   -.171E-02    .000E+00
    9   10   -.152E-02    .000E+00
    9   11   -.107E+00    .000E+00
   10    1    .570E-03    .595E-03
   10    2    .171E-02    .174E-02
   10    3    .372E-02    .376E-02
   10    4    .294E-01    .302E-01
   10    5    .137E-01    .000E+00
   10    6    .562E+00    .000E+00
   10    7    .246E-04    .000E+00
   10    8    .308E+00    .000E+00
   10    9   -.355E-02    .000E+00
   10   10   -.377E+02    .000E+00
   10   11   -.101E-02    .000E+00
   11    1    .325E-01    .324E-01
   11    2    .138E+00    .139E+00
   11    3    .479E+00    .480E+00
   11    4    .798E-03    .775E-03
   11    5    .205E+01    .000E+00
   11    6    .117E-02    .000E+00
   11    7    .256E+02    .000E+00
   11    8    .101E-01    .000E+00
   11    9   -.617E+02    .000E+00
   11   10   -.402E-01    .000E+00
   11   11   -.109E-01    .000E+00
   12    1    .325E-03    .341E-03
   12    2    .826E-03    .845E-03
   12    3    .151E-02    .153E-02
   12    4    .913E-02    .945E-02
   12    5    .359E-02    .000E+00
   12    6    .899E-01    .000E+00
   12    7    .126E-01    .000E+00
   12    8    .104E+01    .000E+00
   12    9    .881E-04    .000E+00
   12   10    .312E+00    .000E+00
   12   11   -.331E-02    .000E+00
   13    1    .202E-01    .201E-01
   13    2    .775E-01    .777E-01
   13    3    .225E+00    .225E+00
   13    4    .380E-03    .367E-03
   13    5    .667E+00    .000E+00
   13    6    .378E-03    .000E+00
   13    7    .261E+01    .000E+00
   13    8    .941E-03    .000E+00
   13    9    .310E+02    .000E+00
   13   10    .120E-01    .000E+00
   13   11   -.684E+02    .000E+00
  4  3  0    4  4  1        42
    1    1   -.332E+02   -.332E+02
    1    2   -.518E+01   -.518E+01
    1    3   -.175E+01   -.175E+01
    1    4   -.820E+00   -.821E+00
    1    5   -.458E+00   -.459E+00
    1    6   -.286E+00   -.287E+00
    2    1   -.226E+01    .000E+00
    2    2   -.271E+02   -.271E+02
    2    3   -.603E+01   -.603E+01
    2    4   -.237E+01   -.237E+01
    2    5   -.120E+01   -.120E+01
    2    6   -.707E+00   -.707E+00
    3    1    .470E+00    .470E+00
    3    2   -.422E+01    .000E+00
    3    3   -.240E+02    .000E+00
    3    4   -.613E+01   -.614E+01
    3    5   -.259E+01   -.259E+01
    3    6   -.137E+01   -.137E+01
    4    1    .717E-01    .718E-01
    4    2    .124E+01    .000E+00
    4    3   -.610E+01    .000E+00
    4    4   -.223E+02    .000E+00
    4    5   -.608E+01    .000E+00
    4    6   -.267E+01   -.267E+01
    5    1    .239E-01    .239E-01
    5    2    .205E+00    .205E+00
    5    3    .220E+01    .000E+00
    5    4   -.784E+01    .000E+00
    5    5   -.214E+02    .000E+00
    5    6   -.602E+01    .000E+00
    6    1    .111E-01    .111E-01
    6    2    .708E-01    .707E-01
    6    3    .381E+00    .000E+00
    6    4    .329E+01    .000E+00
    6    5   -.949E+01    .000E+00
    6    6   -.209E+02    .000E+00
    7    1    .616E-02    .618E-02
    7    2    .334E-01    .334E-01
    7    3    .135E+00    .000E+00
    7    4    .588E+00    .000E+00
    7    5    .447E+01    .000E+00
    7    6   -.111E+02    .000E+00
  4  4  1    4  4  0        66
    1    1    .237E+01    .237E+01
    1    2   -.125E-01    .000E+00
    1    3   -.268E-01   -.269E-01
    1    4   -.234E+01   -.234E+01
    1    5   -.265E-02   -.269E-02
    1    6   -.318E+00   -.317E+00
    1    7   -.754E-03   -.773E-03
    1    8   -.100E+00   -.100E+00
    1    9   -.337E-03   -.347E-03
    1   10   -.451E-01   -.450E-01
    1   11   -.188E-03   -.195E-03
    2    1    .300E+00    .301E+00
    2    2    .210E+01    .210E+01
    2    3   -.234E-01    .000E+00
    2    4   -.670E-01    .000E+00
    2    5   -.435E-01    .000E+00
    2    6   -.200E+01    .000E+00
    2    7   -.675E-02   -.679E-02
    2    8   -.396E+00   -.395E+00
    2    9   -.226E-02   -.228E-02
    2   10   -.146E+00   -.145E+00
    2   11   -.106E-02   -.108E-02
    3    1    .927E-01    .930E-01
    3    2    .394E+00    .394E+00
    3    3    .198E+01    .000E+00
    3    4    .850E-02    .000E+00
    3    5   -.248E-01    .000E+00
    3    6   -.140E+00    .000E+00
    3    7   -.722E-01    .000E+00
    3    8   -.181E+01    .000E+00
    3    9   -.129E-01    .000E+00
    3   10   -.418E+00    .000E+00
    3   11   -.457E-02   -.459E-02
    4    1    .413E-01    .414E-01
    4    2    .144E+00    .144E+00
    4    3    .430E+00    .430E+00
    4    4    .947E-03    .970E-03
    4    5    .191E+01    .000E+00
    4    6    .441E-01    .000E+00
    4    7   -.245E-01    .000E+00
    4    8   -.207E+00    .000E+00
    4    9   -.110E+00    .000E+00
    4   10   -.170E+01    .000E+00
    4   11   -.208E-01    .000E+00
    5    1    .224E-01    .224E-01
    5    2    .699E-01    .699E-01
    5    3    .169E+00    .169E+00
    5    4    .242E-03    .250E-03
    5    5    .446E+00    .000E+00
    5    6    .670E-02    .000E+00
    5    7    .188E+01    .000E+00
    5    8    .885E-01    .000E+00
    5    9   -.241E-01    .000E+00
    5   10   -.269E+00    .000E+00
    5   11   -.154E+00    .000E+00
    6    1    .136E-01    .137E-01
    6    2    .399E-01    .400E-01
    6    3    .862E-01    .862E-01
    6    4    .906E-04    .947E-04
    6    5    .183E+00    .000E+00
    6    6    .215E-02    .000E+00
    6    7    .456E+00    .000E+00
    6    8    .147E-01    .000E+00
    6    9    .188E+01    .000E+00
    6   10    .137E+00    .000E+00
    6   11   -.240E-01    .000E+00
  4  4  0    4  5  1        66
    1    1   -.448E+02   -.447E+02
    1    2   -.641E+01   -.639E+01
    1    3   -.210E+01   -.209E+01
    1    4   -.963E+00   -.958E+00
    1    5   -.532E+00   -.529E+00
    1    6   -.329E+00   -.327E+00
    2    1   -.119E+01    .000E+00
    2    2   -.383E+02   -.382E+02
    2    3   -.787E+01   -.785E+01
    2    4   -.298E+01   -.297E+01
    2    5   -.149E+01   -.148E+01
    2    6   -.862E+00   -.858E+00
    3    1    .442E+00    .452E+00
    3    2   -.236E+01    .000E+00
    3    3   -.350E+02    .000E+00
    3    4   -.825E+01   -.823E+01
    3    5   -.336E+01   -.335E+01
    3    6   -.175E+01   -.174E+01
    4    1    .331E-01    .135E-01
    4    2    .409E-03    .000E+00
    4    3   -.296E-01    .000E+00
    4    4   -.688E-02   -.111E-01
    4    5   -.288E-02   -.474E-02
    4    6   -.155E-02   -.256E-02
    5    1    .710E-01    .728E-01
    5    2    .118E+01    .000E+00
    5    3   -.347E+01    .000E+00
    5    4   -.333E+02    .000E+00
    5    5   -.839E+01    .000E+00
    5    6   -.356E+01   -.355E+01
    6    1    .471E-02    .292E-03
    6    2    .242E-01    .000E+00
    6    3    .233E-03    .000E+00
    6    4   -.128E-02    .000E+00
    6    5   -.317E-03    .000E+00
    6    6   -.147E-03    .000E+00
    7    1    .239E-01    .246E-01
    7    2    .203E+00    .205E+00
    7    3    .212E+01    .000E+00
    7    4   -.457E+01    .000E+00
    7    5   -.324E+02    .000E+00
    7    6   -.847E+01    .000E+00
    8    1    .175E-02    .348E-06
    8    2    .454E-02    .724E-03
    8    3    .188E-01    .000E+00
    8    4    .133E-03    .000E+00
    8    5   -.173E-03    .000E+00
    8    6   -.511E-04    .000E+00
    9    1    .111E-01    .114E-01
    9    2    .706E-01    .716E-01
    9    3    .382E+00    .000E+00
    9    4    .321E+01    .000E+00
    9    5   -.555E+01    .000E+00
    9    6   -.321E+02    .000E+00
   10    1    .925E-03    .123E-04
   10    2    .177E-02    .107E-03
   10    3    .412E-02    .000E+00
   10    4    .158E-01    .000E+00
   10    5    .112E-03    .000E+00
   10    6   -.715E-03    .000E+00
   11    1    .616E-02    .634E-02
   11    2    .334E-01    .339E-01
   11    3    .136E+00    .000E+00
   11    4    .597E+00    .000E+00
   11    5    .439E+01    .000E+00
   11    6   -.654E+01    .000E+00
  0  0  0    0  0  0         0
