   14   11    F
  2  0  0    2  1  1        64
    1    1   -.156E+01   -.157E+01
    1    2   -.702E-01   -.698E-01
    1    3   -.320E-01   -.326E-01
    1    4   -.166E-01   -.169E-01
    1    5   -.970E-02   -.987E-02
    1    6   -.617E-02   -.627E-02
    1    7   -.417E-02   -.424E-02
    1    8   -.296E-02   -.300E-02
    2    1    .717E+00    .712E+00
    2    2   -.236E+01    .000E+00
    2    3   -.467E-01   -.356E-01
    2    4   -.261E-01   -.207E-01
    2    5   -.147E-01   -.120E-01
    2    6   -.901E-02   -.749E-02
    2    7   -.594E-02   -.502E-02
    2    8   -.414E-02   -.353E-02
    3    1    .110E+00    .113E+00
    3    2    .126E+01    .125E+01
    3    3   -.308E+01    .000E+00
    3    4   -.360E-01   -.392E-01
    3    5   -.229E-01   -.243E-01
    3    6   -.135E-01   -.143E-01
    3    7   -.858E-02   -.900E-02
    3    8   -.580E-02   -.606E-02
    4    1    .404E-01    .419E-01
    4    2    .187E+00    .185E+00
    4    3    .179E+01    .000E+00
    4    4   -.378E+01    .000E+00
    4    5   -.300E-01    .000E+00
    4    6   -.210E-01   -.229E-01
    4    7   -.128E-01   -.139E-01
    4    8   -.831E-02   -.894E-02
    5    1    .200E-01    .207E-01
    5    2    .682E-01    .669E-01
    5    3    .263E+00    .249E+00
    5    4    .233E+01    .000E+00
    5    5   -.447E+01    .000E+00
    5    6   -.262E-01    .000E+00
    5    7   -.198E-01    .000E+00
    5    8   -.124E-01   -.133E-01
    6    1    .115E-01    .120E-01
    6    2    .339E-01    .331E-01
    6    3    .956E-01    .895E-01
    6    4    .337E+00    .324E+00
    6    5    .287E+01    .000E+00
    6    6   -.516E+01    .000E+00
    6    7   -.236E-01    .000E+00
    6    8   -.190E-01    .000E+00
    7    1    .733E-02    .761E-02
    7    2    .197E-01    .193E-01
    7    3    .477E-01    .443E-01
    7    4    .123E+00    .117E+00
    7    5    .411E+00    .000E+00
    7    6    .340E+01    .000E+00
    7    7   -.584E+01    .000E+00
    7    8   -.216E-01    .000E+00
    8    1    .497E-02    .517E-02
    8    2    .127E-01    .123E-01
    8    3    .279E-01    .258E-01
    8    4    .612E-01    .580E-01
    8    5    .149E+00    .000E+00
    8    6    .485E+00    .000E+00
    8    7    .394E+01    .000E+00
    8    8   -.652E+01    .000E+00
  2  1  1    2  2  0        64
    1    1   -.476E+01   -.489E+01
    1    2   -.509E-01   -.447E-01
    1    3   -.579E-01   -.563E-01
    1    4   -.388E-01   -.385E-01
    1    5   -.257E-01   -.256E-01
    1    6   -.176E-01   -.176E-01
    1    7   -.125E-01   -.125E-01
    1    8   -.914E-02   -.916E-02
    2    1    .141E+01    .141E+01
    2    2   -.710E+01   -.717E+01
    2    3   -.258E-04   -.135E-02
    2    4   -.128E-01   -.753E-02
    2    5   -.133E-01   -.893E-02
    2    6   -.106E-01   -.744E-02
    2    7   -.807E-02   -.581E-02
    2    8   -.615E-02   -.450E-02
    3    1    .126E+00    .126E+00
    3    2    .292E+01    .293E+01
    3    3   -.912E+01    .000E+00
    3    4   -.219E-01   -.220E-01
    3    5   -.795E-03   -.781E-03
    3    6   -.334E-02   -.331E-02
    3    7   -.370E-02   -.368E-02
    3    8   -.330E-02   -.329E-02
    4    1    .403E-01    .411E-01
    4    2    .265E+00    .266E+00
    4    3    .443E+01    .000E+00
    4    4   -.110E+02    .000E+00
    4    5   -.603E-01    .000E+00
    4    6   -.931E-03   -.598E-03
    4    7   -.295E-03   -.476E-03
    4    8   -.939E-03   -.118E-02
    5    1    .188E-01    .194E-01
    5    2    .859E-01    .864E-01
    5    3    .404E+00    .392E+00
    5    4    .594E+01    .000E+00
    5    5   -.128E+02    .000E+00
    5    6   -.103E+00    .000E+00
    5    7   -.574E-02    .000E+00
    5    8   -.206E-03    .000E+00
    6    1    .105E-01    .109E-01
    6    2    .405E-01    .408E-01
    6    3    .131E+00    .126E+00
    6    4    .541E+00    .000E+00
    6    5    .746E+01    .000E+00
    6    6   -.145E+02    .000E+00
    6    7   -.147E+00    .000E+00
    6    8   -.127E-01    .000E+00
    7    1    .656E-02    .682E-02
    7    2    .229E-01    .231E-01
    7    3    .623E-01    .593E-01
    7    4    .176E+00    .169E+00
    7    5    .675E+00    .000E+00
    7    6    .897E+01    .000E+00
    7    7   -.162E+02    .000E+00
    7    8   -.192E+00    .000E+00
    8    1    .440E-02    .459E-02
    8    2    .145E-01    .146E-01
    8    3    .355E-01    .336E-01
    8    4    .837E-01    .797E-01
    8    5    .219E+00    .000E+00
    8    6    .807E+00    .000E+00
    8    7    .105E+02    .000E+00
    8    8   -.179E+02    .000E+00
  2  2  0    2  3  1        56
    1    1   -.902E+01   -.900E+01
    1    2   -.168E+01   -.167E+01
    1    3   -.622E+00   -.617E+00
    1    4   -.307E+00   -.303E+00
    1    5   -.177E+00   -.174E+00
    1    6   -.112E+00   -.111E+00
    1    7   -.763E-01   -.751E-01
    2    1   -.130E+01    .000E+00
    2    2   -.695E+01   -.663E+01
    2    3   -.177E+01   -.166E+01
    2    4   -.741E+00   -.693E+00
    2    5   -.391E+00   -.366E+00
    2    6   -.235E+00   -.221E+00
    2    7   -.155E+00   -.145E+00
    3    1    .300E+00    .315E+00
    3    2   -.236E+01    .000E+00
    3    3   -.605E+01    .000E+00
    3    4   -.171E+01   -.166E+01
    3    5   -.759E+00   -.737E+00
    3    6   -.415E+00   -.403E+00
    3    7   -.257E+00   -.249E+00
    4    1    .504E-01    .525E-01
    4    2    .734E+00    .000E+00
    4    3   -.331E+01    .000E+00
    4    4   -.562E+01    .000E+00
    4    5   -.167E+01    .000E+00
    4    6   -.761E+00   -.751E+00
    4    7   -.425E+00   -.419E+00
    5    1    .179E-01    .185E-01
    5    2    .128E+00    .133E+00
    5    3    .125E+01    .000E+00
    5    4   -.419E+01    .000E+00
    5    5   -.542E+01    .000E+00
    5    6   -.164E+01    .000E+00
    5    7   -.763E+00    .000E+00
    6    1    .868E-02    .888E-02
    6    2    .466E-01    .476E-01
    6    3    .225E+00    .000E+00
    6    4    .182E+01    .000E+00
    6    5   -.503E+01    .000E+00
    6    6   -.534E+01    .000E+00
    6    7   -.164E+01    .000E+00
    7    1    .496E-02    .503E-02
    7    2    .228E-01    .230E-01
    7    3    .831E-01    .838E-01
    7    4    .335E+00    .000E+00
    7    5    .242E+01    .000E+00
    7    6   -.585E+01    .000E+00
    7    7   -.533E+01    .000E+00
    8    1    .314E-02    .317E-02
    8    2    .131E-01    .131E-01
    8    3    .410E-01    .412E-01
    8    4    .125E+00    .000E+00
    8    5    .453E+00    .000E+00
    8    6    .304E+01    .000E+00
    8    7   -.664E+01    .000E+00
  0  0  0    0  0  0         0
