   14    3    F
  2  0  0    2  1  1        81
    1    1   -.205E+00    .000E+00
    1    2   -.683E+00    .000E+00
    1    3   -.176E+00    .000E+00
    1    4   -.739E-01    .000E+00
    1    5   -.386E-01    .000E+00
    1    6   -.229E-01    .000E+00
    1    7   -.148E-01    .000E+00
    1    8   -.101E-01    .000E+00
    1    9   -.725E-02    .000E+00
    2    1    .125E+00    .000E+00
    2    2   -.346E+00    .000E+00
    2    3   -.739E+00    .000E+00
    2    4   -.202E+00    .000E+00
    2    5   -.884E-01    .000E+00
    2    6   -.478E-01    .000E+00
    2    7   -.292E-01    .000E+00
    2    8   -.192E-01    .000E+00
    2    9   -.134E-01    .000E+00
    3    1    .262E-01    .000E+00
    3    2    .284E+00    .000E+00
    3    3   -.478E+00    .000E+00
    3    4   -.816E+00    .000E+00
    3    5   -.226E+00    .000E+00
    3    6   -.101E+00    .000E+00
    3    7   -.555E-01    .000E+00
    3    8   -.344E-01    .000E+00
    3    9   -.230E-01    .000E+00
    4    1    .102E-01    .000E+00
    4    2    .612E-01    .000E+00
    4    3    .456E+00    .000E+00
    4    4   -.606E+00    .000E+00
    4    5   -.901E+00    .000E+00
    4    6   -.251E+00    .000E+00
    4    7   -.113E+00    .000E+00
    4    8   -.625E-01    .000E+00
    4    9   -.391E-01    .000E+00
    5    1    .517E-02    .000E+00
    5    2    .245E-01    .000E+00
    5    3    .993E-01    .000E+00
    5    4    .635E+00    .000E+00
    5    5   -.733E+00    .000E+00
    5    6   -.991E+00    .000E+00
    5    7   -.275E+00    .000E+00
    5    8   -.124E+00    .000E+00
    5    9   -.692E-01    .000E+00
    6    1    .300E-02    .000E+00
    6    2    .126E-01    .000E+00
    6    3    .402E-01    .000E+00
    6    4    .139E+00    .000E+00
    6    5    .817E+00    .000E+00
    6    6   -.859E+00    .000E+00
    6    7   -.108E+01    .000E+00
    6    8   -.300E+00    .000E+00
    6    9   -.135E+00    .000E+00
    7    1    .191E-02    .000E+00
    7    2    .749E-02    .000E+00
    7    3    .210E-01    .000E+00
    7    4    .566E-01    .000E+00
    7    5    .180E+00    .000E+00
    7    6    .100E+01    .000E+00
    7    7   -.984E+00    .000E+00
    7    8   -.118E+01    .000E+00
    7    9   -.325E+00    .000E+00
    8    1    .130E-02    .000E+00
    8    2    .485E-02    .000E+00
    8    3    .126E-01    .000E+00
    8    4    .297E-01    .000E+00
    8    5    .732E-01    .000E+00
    8    6    .220E+00    .000E+00
    8    7    .119E+01    .000E+00
    8    8   -.111E+01    .000E+00
    8    9   -.127E+01    .000E+00
    9    1    .922E-03    .000E+00
    9    2    .334E-02    .000E+00
    9    3    .823E-02    .000E+00
    9    4    .179E-01    .000E+00
    9    5    .386E-01    .000E+00
    9    6    .900E-01    .000E+00
    9    7    .261E+00    .000E+00
    9    8    .137E+01    .000E+00
    9    9   -.123E+01    .000E+00
  2  1  1    2  2  0        72
    1    1   -.403E+01    .000E+00
    1    2   -.733E+00    .000E+00
    1    3   -.271E+00    .000E+00
    1    4   -.133E+00    .000E+00
    1    5   -.760E-01    .000E+00
    1    6   -.479E-01    .000E+00
    1    7   -.323E-01    .000E+00
    1    8   -.229E-01    .000E+00
    2    1   -.166E+00    .000E+00
    2    2   -.349E+01    .000E+00
    2    3   -.817E+00    .000E+00
    2    4   -.334E+00    .000E+00
    2    5   -.174E+00    .000E+00
    2    6   -.104E+00    .000E+00
    2    7   -.673E-01    .000E+00
    2    8   -.464E-01    .000E+00
    3    1    .134E+00    .000E+00
    3    2   -.295E+00    .000E+00
    3    3   -.339E+01    .000E+00
    3    4   -.858E+00    .000E+00
    3    5   -.366E+00    .000E+00
    3    6   -.197E+00    .000E+00
    3    7   -.120E+00    .000E+00
    3    8   -.793E-01    .000E+00
    4    1    .265E-01    .000E+00
    4    2    .333E+00    .000E+00
    4    3   -.410E+00    .000E+00
    4    4   -.344E+01    .000E+00
    4    5   -.897E+00    .000E+00
    4    6   -.392E+00    .000E+00
    4    7   -.214E+00    .000E+00
    4    8   -.132E+00    .000E+00
    5    1    .100E-01    .000E+00
    5    2    .684E-01    .000E+00
    5    3    .567E+00    .000E+00
    5    4   -.519E+00    .000E+00
    5    5   -.357E+01    .000E+00
    5    6   -.941E+00    .000E+00
    5    7   -.415E+00    .000E+00
    5    8   -.229E+00    .000E+00
    6    1    .502E-02    .000E+00
    6    2    .265E-01    .000E+00
    6    3    .119E+00    .000E+00
    6    4    .823E+00    .000E+00
    6    5   -.620E+00    .000E+00
    6    6   -.373E+01    .000E+00
    6    7   -.988E+00    .000E+00
    6    8   -.438E+00    .000E+00
    7    1    .292E-02    .000E+00
    7    2    .135E-01    .000E+00
    7    3    .469E-01    .000E+00
    7    4    .176E+00    .000E+00
    7    5    .109E+01    .000E+00
    7    6   -.723E+00    .000E+00
    7    7   -.391E+01    .000E+00
    7    8   -.104E+01    .000E+00
    8    1    .186E-02    .000E+00
    8    2    .790E-02    .000E+00
    8    3    .240E-01    .000E+00
    8    4    .699E-01    .000E+00
    8    5    .237E+00    .000E+00
    8    6    .138E+01    .000E+00
    8    7   -.823E+00    .000E+00
    8    8   -.411E+01    .000E+00
    9    1    .127E-02    .000E+00
    9    2    .510E-02    .000E+00
    9    3    .142E-01    .000E+00
    9    4    .360E-01    .000E+00
    9    5    .945E-01    .000E+00
    9    6    .300E+00    .000E+00
    9    7    .166E+01    .000E+00
    9    8   -.926E+00    .000E+00
  0  0  0    0  0  0         0
