   14    4    F
  1  0  0    1  1  1       238
    1    1   -.262E+00   -.299E+00
    1    2   -.581E+00   -.571E+00
    1    3   -.202E-01   -.190E-01
    1    4   -.334E-01   -.331E-01
    1    5   -.153E+00   -.150E+00
    1    6   -.413E-04   -.787E-04
    1    7   -.146E-01   -.148E-01
    1    8   -.607E-01   -.592E-01
    1    9   -.321E-01   -.315E-01
    1   10   -.361E-02   -.333E-02
    1   11   -.399E-02   -.411E-02
    1   12   -.193E-01   -.187E-01
    1   13   -.133E-01   -.130E-01
    1   14   -.115E-06   -.111E-05
    1   15   -.387E-02   -.393E-02
    1   16   -.737E-02   -.713E-02
    1   17   -.623E-02   -.606E-02
    2    1    .190E+00    .208E+00
    2    2   -.221E-02   -.213E-02
    2    3   -.864E-01   -.890E-01
    2    4   -.121E+01   -.122E+01
    2    5   -.111E-01   -.105E-01
    2    6   -.197E-01   -.198E-01
    2    7   -.240E+00   -.232E+00
    2    8   -.121E-01   -.115E-01
    2    9   -.140E-04   -.273E-04
    2   10   -.757E-02   -.750E-02
    2   11   -.945E-01   -.909E-01
    2   12   -.318E-02   -.298E-02
    2   13   -.432E-03   -.386E-03
    2   14   -.414E-02   -.412E-02
    2   15   -.437E-01   -.419E-01
    2   16   -.381E-02   -.360E-02
    2   17   -.856E-03   -.799E-03
    3    1    .328E-01    .351E-01
    3    2   -.103E+00    .000E+00
    3    3   -.244E+00   -.273E+00
    3    4   -.259E-02   -.273E-02
    3    5   -.325E+00   -.322E+00
    3    6   -.180E-02   -.211E-02
    3    7   -.832E-02   -.855E-02
    3    8   -.837E-01   -.825E-01
    3    9   -.382E-01   -.380E-01
    3   10   -.220E-02   -.198E-02
    3   11   -.151E-02   -.158E-02
    3   12   -.200E-01   -.197E-01
    3   13   -.132E-01   -.130E-01
    3   14   -.115E-03   -.152E-03
    3   15   -.182E-02   -.188E-02
    3   16   -.710E-02   -.695E-02
    3   17   -.569E-02   -.559E-02
    4    1    .862E-01    .841E-01
    4    2    .214E-01    .242E-01
    4    3    .221E+00    .233E+00
    4    4   -.313E-01    .000E+00
    4    5   -.121E-01   -.110E-01
    4    6   -.126E+00   -.128E+00
    4    7   -.539E+00   -.529E+00
    4    8   -.138E-01   -.131E-01
    4    9   -.225E-02   -.243E-02
    4   10   -.207E-01   -.208E-01
    4   11   -.128E+00   -.125E+00
    4   12   -.222E-02   -.208E-02
    4   13   -.257E-04   -.155E-04
    4   14   -.992E-02   -.100E-01
    4   15   -.487E-01   -.472E-01
    4   16   -.322E-02   -.307E-02
    4   17   -.467E-03   -.431E-03
    5    1    .115E-01    .116E-01
    5    2    .134E+00    .135E+00
    5    3    .798E-02    .770E-02
    5    4    .752E-04    .941E-04
    5    5   -.243E+00    .000E+00
    5    6   -.180E+00   -.200E+00
    5    7   -.298E-02   -.262E-02
    5    8   -.352E+00   -.351E+00
    5    9   -.952E-01   -.977E-01
    5   10   -.837E-02   -.857E-02
    5   11   -.333E-04   -.154E-04
    5   12   -.461E-01   -.475E-01
    5   13   -.259E-01   -.266E-01
    5   14   -.106E-05   -.111E-05
    5   15   -.559E-03   -.637E-03
    5   16   -.150E-01   -.153E-01
    5   17   -.107E-01   -.109E-01
    6    1    .213E-01    .206E-01
    6    2    .128E-01    .131E-01
    6    3    .627E-01    .623E-01
    6    4    .259E-01    .251E-01
    6    5    .691E-01    .722E-01
    6    6    .244E+00    .230E+00
    6    7   -.734E-01    .000E+00
    6    8   -.282E-01   -.259E-01
    6    9   -.660E-01   -.663E-01
    6   10   -.140E+00   -.141E+00
    6   11   -.503E+00   -.505E+00
    6   12   -.463E-03   -.489E-03
    6   13   -.175E-02   -.179E-02
    6   14   -.362E-01   -.374E-01
    6   15   -.126E+00   -.129E+00
    6   16   -.325E-02   -.333E-02
    6   17   -.234E-04   -.223E-04
    7    1    .796E-02    .792E-02
    7    2    .247E-01    .250E-01
    7    3    .548E-02    .536E-02
    7    4    .618E-03    .633E-03
    7    5    .205E+00    .196E+00
    7    6    .510E-03    .486E-03
    7    7    .230E-03    .149E-03
    7    8   -.314E+00    .000E+00
    7    9   -.499E+00   -.477E+00
    7   10   -.226E-02   -.591E-02
    7   11   -.406E-01   -.398E-01
    7   12   -.113E+00   -.101E+00
    7   13   -.488E-01   -.438E-01
    7   14   -.101E-02   -.923E-03
    7   15   -.160E-02   -.160E-02
    7   16   -.312E-01   -.286E-01
    7   17   -.185E-01   -.172E-01
    8    1    .985E-03    .100E-02
    8    2    .140E-01    .141E-01
    8    3    .783E-06    .157E-06
    8    4    .938E-04    .815E-04
    8    5    .518E-01    .509E-01
    8    6    .476E-02    .467E-02
    8    7    .711E-02    .661E-02
    8    8    .364E+00    .367E+00
    8    9   -.302E+00    .000E+00
    8   10   -.148E+00    .000E+00
    8   11   -.568E-05   -.388E-07
    8   12   -.436E+00   -.432E+00
    8   13   -.169E+00   -.170E+00
    8   14   -.140E+00   -.155E+00
    8   15   -.924E-02   -.850E-02
    8   16   -.366E-01   -.356E-01
    8   17   -.276E-01   -.271E-01
    9    1    .112E-01    .108E-01
    9    2    .221E-02    .224E-02
    9    3    .203E-01    .201E-01
    9    4    .559E-02    .541E-02
    9    5    .933E-04    .680E-04
    9    6    .846E-01    .832E-01
    9    7    .535E-01    .507E-01
    9    8    .728E-02    .922E-02
    9    9    .400E-04    .144E-03
    9   10    .295E+00    .000E+00
    9   11   -.869E-01    .000E+00
    9   12   -.621E-01   -.591E-01
    9   13   -.361E-03   -.338E-03
    9   14   -.153E+00   -.135E+00
    9   15   -.492E+00   -.465E+00
    9   16   -.239E-01   -.218E-01
    9   17   -.169E-02   -.149E-02
   10    1    .210E-02    .209E-02
   10    2    .547E-02    .552E-02
   10    3    .857E-03    .826E-03
   10    4    .751E-04    .791E-04
   10    5    .197E-01    .198E-01
   10    6    .217E-03    .221E-03
   10    7    .131E-04    .840E-05
   10    8    .644E-01    .634E-01
   10    9    .360E+00    .355E+00
   10   10    .706E-01    .702E-01
   10   11    .242E-02    .271E-02
   10   12   -.481E+00    .000E+00
   10   13   -.508E+00   -.514E+00
   10   14   -.226E-02   -.204E-02
   10   15   -.431E-02   -.376E-02
   10   16   -.156E+00   -.157E+00
   10   17   -.719E-01   -.727E-01
   11    1    .624E-03    .629E-03
   11    2    .406E-02    .410E-02
   11    3    .517E-04    .471E-04
   11    4    .103E-05    .502E-06
   11    5    .110E-01    .112E-01
   11    6    .258E-03    .246E-03
   11    7    .433E-03    .394E-03
   11    8    .274E-01    .269E-01
   11    9    .103E+00    .996E-01
   11   10    .707E-02    .679E-02
   11   11    .130E-02    .121E-02
   11   12    .533E+00    .521E+00
   11   13   -.559E+00    .000E+00
   11   14   -.726E-01    .000E+00
   11   15   -.437E-02   -.483E-02
   11   16   -.501E+00   -.507E+00
   11   17   -.154E+00   -.156E+00
   12    1    .452E-02    .430E-02
   12    2    .249E-02    .252E-02
   12    3    .812E-02    .799E-02
   12    4    .214E-02    .207E-02
   12    5    .124E-02    .118E-02
   12    6    .253E-01    .252E-01
   12    7    .109E-01    .106E-01
   12    8    .362E-03    .321E-03
   12    9    .104E+00    .110E+00
   12   10    .338E-01    .331E-01
   12   11    .758E-01    .750E-01
   12   12    .120E-02    .874E-03
   12   13    .802E-01    .775E-01
   12   14    .379E+00    .000E+00
   12   15   -.155E+00    .000E+00
   12   16   -.182E+00    .000E+00
   12   17   -.315E-02   -.354E-02
   13    1    .194E-02    .190E-02
   13    2    .130E-02    .131E-02
   13    3    .131E-02    .127E-02
   13    4    .221E-03    .220E-03
   13    5    .519E-02    .536E-02
   13    6    .164E-02    .166E-02
   13    7    .345E-03    .354E-03
   13    8    .139E-01    .137E-01
   13    9    .105E-01    .895E-02
   13   10    .123E-01    .118E-01
   13   11    .405E-02    .410E-02
   13   12    .115E+00    .112E+00
   13   13    .530E+00    .521E+00
   13   14    .939E-02    .101E-01
   13   15    .444E-02    .000E+00
   13   16   -.477E+00    .000E+00
   13   17   -.612E+00   -.617E+00
   14    1    .591E-03    .587E-03
   14    2    .152E-02    .154E-02
   14    3    .177E-03    .169E-03
   14    4    .147E-04    .158E-04
   14    5    .414E-02    .426E-02
   14    6    .205E-04    .229E-04
   14    7    .106E-04    .769E-05
   14    8    .897E-02    .879E-02
   14    9    .146E-01    .133E-01
   14   10    .255E-02    .236E-02
   14   11    .177E-04    .218E-04
   14   12    .510E-01    .488E-01
   14   13    .137E+00    .133E+00
   14   14    .880E-04    .962E-04
   14   15    .897E-02    .839E-02
   14   16    .712E+00    .704E+00
   14   17   -.717E+00    .000E+00
  1  1  0    1  1  1       136
    1    1    .367E+00    .362E+00
    1    2    .247E+00    .273E+00
    1    3    .321E-01    .000E+00
    1    4   -.182E+00   -.183E+00
    1    5   -.577E-03   -.637E-03
    1    6   -.108E+00   -.109E+00
    1    7   -.311E+00   -.313E+00
    1    8   -.365E-03   -.384E-03
    1    9   -.157E-02   -.164E-02
    1   10   -.253E-01   -.258E-01
    1   11   -.904E-01   -.909E-01
    1   12   -.693E-04   -.731E-04
    1   13   -.705E-04   -.759E-04
    1   14   -.996E-02   -.102E-01
    1   15   -.414E-01   -.416E-01
    1   16   -.350E-03   -.353E-03
    1   17   -.116E-04   -.125E-04
    2    1    .884E-01    .884E-01
    2    2    .162E-01    .158E-01
    2    3    .361E+00    .362E+00
    2    4    .565E-01    .590E-01
    2    5    .183E+00    .206E+00
    2    6    .139E+00    .000E+00
    2    7   -.277E+00   -.279E+00
    2    8   -.786E-03   -.108E-02
    2    9   -.177E-01   -.180E-01
    2   10   -.165E+00   -.163E+00
    2   11   -.278E+00   -.277E+00
    2   12   -.234E-03   -.283E-03
    2   13   -.496E-03   -.559E-03
    2   14   -.380E-01   -.391E-01
    2   15   -.881E-01   -.891E-01
    2   16   -.660E-03   -.702E-03
    2   17   -.416E-04   -.507E-04
    3    1    .365E-01    .364E-01
    3    2    .560E-02    .545E-02
    3    3    .934E-01    .939E-01
    3    4    .100E-01    .106E-01
    3    5    .267E-03    .211E-03
    3    6    .383E+00    .374E+00
    3    7    .137E+00    .135E+00
    3    8    .159E+00    .179E+00
    3    9    .683E-01    .000E+00
    3   10    .130E+00    .000E+00
    3   11   -.345E+00    .000E+00
    3   12   -.945E-03   -.101E-02
    3   13   -.429E-02   -.400E-02
    3   14   -.242E+00   -.215E+00
    3   15   -.287E+00   -.265E+00
    3   16   -.140E-02   -.142E-02
    3   17   -.108E-03   -.119E-03
    4    1    .189E-01    .188E-01
    4    2    .267E-02    .259E-02
    4    3    .400E-01    .402E-01
    4    4    .372E-02    .394E-02
    4    5    .184E-03    .151E-03
    4    6    .106E+00    .106E+00
    4    7    .243E-01    .245E-01
    4    8    .238E-03    .267E-03
    4    9    .112E-01    .162E-01
    4   10    .607E+00    .624E+00
    4   11    .149E+00    .147E+00
    4   12    .524E-02    .554E-02
    4   13    .177E-01    .180E-01
    4   14    .252E+00    .000E+00
    4   15   -.439E+00    .000E+00
    4   16   -.144E-03    .000E+00
    4   17   -.889E-03   -.968E-03
    5    1    .112E-01    .111E-01
    5    2    .151E-02    .146E-02
    5    3    .215E-01    .215E-01
    5    4    .185E-02    .196E-02
    5    5    .112E-03    .937E-04
    5    6    .472E-01    .478E-01
    5    7    .923E-02    .950E-02
    5    8    .679E-04    .827E-04
    5    9    .112E-01    .110E-01
    5   10    .102E+00    .102E+00
    5   11    .395E-01    .397E-01
    5   12    .113E+00    .129E+00
    5   13    .199E-02    .185E-02
    5   14    .502E+00    .497E+00
    5   15    .256E+00    .250E+00
    5   16    .144E-02    .156E-02
    5   17    .305E-02    .319E-02
    6    1    .719E-02    .713E-02
    6    2    .945E-03    .913E-03
    6    3    .130E-01    .131E-01
    6    4    .107E-02    .114E-02
    6    5    .719E-04    .607E-04
    6    6    .259E-01    .264E-01
    6    7    .466E-02    .486E-02
    6    8    .283E-04    .363E-04
    6    9    .538E-02    .527E-02
    6   10    .469E-01    .467E-01
    6   11    .143E-01    .142E-01
    6   12    .338E-05    .518E-05
    6   13    .830E-01    .971E-01
    6   14    .167E+00    .165E+00
    6   15    .455E-01    .428E-01
    6   16    .488E-03    .551E-03
    6   17    .181E-03    .204E-03
    7    1    .491E-02    .487E-02
    7    2    .634E-03    .613E-03
    7    3    .857E-02    .859E-02
    7    4    .685E-03    .727E-03
    7    5    .486E-04    .414E-04
    7    6    .160E-01    .164E-01
    7    7    .274E-02    .288E-02
    7    8    .146E-04    .194E-04
    7    9    .309E-02    .302E-02
    7   10    .261E-01    .260E-01
    7   11    .716E-02    .708E-02
    7   12    .400E-05    .612E-05
    7   13    .579E-03    .537E-03
    7   14    .451E-01    .421E-01
    7   15    .334E-01    .328E-01
    7   16    .107E+00    .122E+00
    7   17    .107E-03    .125E-03
    8    1    .351E-02    .349E-02
    8    2    .447E-03    .433E-03
    8    3    .597E-02    .599E-02
    8    4    .468E-03    .496E-03
    8    5    .345E-04    .295E-04
    8    6    .107E-01    .110E-01
    8    7    .177E-02    .187E-02
    8    8    .863E-05    .118E-04
    8    9    .197E-02    .193E-02
    8   10    .163E-01    .162E-01
    8   11    .420E-02    .415E-02
    8   12    .249E-05    .400E-05
    8   13    .324E-03    .296E-03
    8   14    .288E-01    .270E-01
    8   15    .120E-01    .112E-01
    8   16    .289E-05    .313E-05
    8   17    .105E+00    .121E+00
  1  1  0    1  2  1        64
    1    1   -.179E+00   -.180E+00
    1    2   -.117E+01   -.117E+01
    1    3   -.293E+00   -.294E+00
    1    4   -.123E+00   -.123E+00
    1    5   -.652E-01   -.651E-01
    1    6   -.392E-01   -.392E-01
    1    7   -.256E-01   -.256E-01
    1    8   -.178E-01   -.178E-01
    2    1    .644E-01    .674E-01
    2    2   -.298E+00    .000E+00
    2    3   -.111E+01   -.110E+01
    2    4   -.298E+00   -.301E+00
    2    5   -.130E+00   -.132E+00
    2    6   -.707E-01   -.711E-01
    2    7   -.435E-01   -.435E-01
    2    8   -.289E-01   -.288E-01
    3    1    .121E-01    .129E-01
    3    2    .158E+00    .154E+00
    3    3   -.404E+00    .000E+00
    3    4   -.111E+01   -.104E+01
    3    5   -.308E+00   -.285E+00
    3    6   -.137E+00   -.129E+00
    3    7   -.758E-01   -.727E-01
    3    8   -.472E-01   -.460E-01
    4    1    .452E-02    .483E-02
    4    2    .312E-01    .316E-01
    4    3    .266E+00    .270E+00
    4    4   -.503E+00    .000E+00
    4    5   -.114E+01   -.113E+01
    4    6   -.319E+00   -.316E+00
    4    7   -.144E+00   -.143E+00
    4    8   -.802E-01   -.796E-01
    5    1    .224E-02    .240E-02
    5    2    .119E-01    .125E-01
    5    3    .541E-01    .540E-01
    5    4    .384E+00    .376E+00
    5    5   -.600E+00    .000E+00
    5    6   -.119E+01   -.119E+01
    5    7   -.332E+00   -.333E+00
    5    8   -.151E+00   -.151E+00
    6    1    .130E-02    .139E-02
    6    2    .602E-02    .641E-02
    6    3    .210E-01    .208E-01
    6    4    .791E-01    .749E-01
    6    5    .507E+00    .495E+00
    6    6   -.696E+00    .000E+00
    6    7   -.124E+01   -.124E+01
    6    8   -.347E+00   -.348E+00
    7    1    .825E-03    .887E-03
    7    2    .353E-02    .380E-02
    7    3    .107E-01    .105E-01
    7    4    .310E-01    .286E-01
    7    5    .106E+00    .101E+00
    7    6    .634E+00    .625E+00
    7    7   -.790E+00    .000E+00
    7    8   -.130E+01   -.130E+01
    8    1    .562E-03    .604E-03
    8    2    .228E-02    .246E-02
    8    3    .634E-02    .620E-02
    8    4    .159E-01    .144E-01
    8    5    .417E-01    .394E-01
    8    6    .133E+00    .130E+00
    8    7    .764E+00    .759E+00
    8    8   -.883E+00    .000E+00
  1  1  1    1  2  0       272
    1    1   -.283E+00   -.314E+00
    1    2   -.160E+01   -.160E+01
    1    3   -.774E+00   -.766E+00
    1    4   -.345E+00   -.342E+00
    1    5   -.170E+00   -.167E+00
    1    6   -.343E-02   -.316E-02
    1    7   -.139E+00   -.137E+00
    1    8   -.553E-01   -.546E-01
    1    9   -.796E-01   -.780E-01
    1   10   -.246E-02   -.226E-02
    1   11   -.399E-01   -.394E-01
    1   12   -.231E-01   -.228E-01
    1   13   -.356E-01   -.346E-01
    1   14   -.144E-02   -.132E-02
    1   15   -.184E-01   -.182E-01
    1   16   -.120E-01   -.119E-01
    2    1    .449E-01    .459E-01
    2    2   -.316E+00   -.317E+00
    2    3   -.311E-01   -.393E-01
    2    4   -.131E+01   -.131E+01
    2    5   -.248E-01   -.250E-01
    2    6   -.120E-01   -.120E-01
    2    7   -.346E+00   -.345E+00
    2    8   -.155E+00   -.154E+00
    2    9   -.558E-02   -.563E-02
    2   10   -.315E-02   -.316E-02
    2   11   -.785E-01   -.782E-01
    2   12   -.484E-01   -.483E-01
    2   13   -.586E-02   -.587E-02
    2   14   -.114E-02   -.115E-02
    2   15   -.307E-01   -.306E-01
    2   16   -.217E-01   -.217E-01
    3    1    .186E+00    .190E+00
    3    2    .130E-01    .133E-01
    3    3   -.531E+00   -.563E+00
    3    4   -.169E+00   -.169E+00
    3    5   -.514E+00   -.511E+00
    3    6   -.781E-02   -.745E-02
    3    7   -.350E-01   -.349E-01
    3    8   -.535E-02   -.532E-02
    3    9   -.150E+00   -.148E+00
    3   10   -.311E-02   -.296E-02
    3   11   -.621E-02   -.617E-02
    3   12   -.251E-02   -.250E-02
    3   13   -.635E-01   -.627E-01
    3   14   -.154E-02   -.147E-02
    3   15   -.288E-02   -.286E-02
    3   16   -.144E-02   -.143E-02
    4    1    .582E-01    .599E-01
    4    2    .157E+00    .174E+00
    4    3    .900E-02    .773E-02
    4    4   -.320E-01   -.326E-01
    4    5   -.577E-01   -.572E-01
    4    6   -.304E+01   -.300E+01
    4    7   -.312E-02   -.320E-02
    4    8   -.758E-03   -.785E-03
    4    9   -.117E-01   -.115E-01
    4   10   -.442E+00   -.433E+00
    4   11   -.692E-03   -.706E-03
    4   12   -.440E-03   -.446E-03
    4   13   -.443E-02   -.436E-02
    4   14   -.147E+00   -.144E+00
    4   15   -.899E-04   -.938E-04
    4   16   -.137E-03   -.139E-03
    5    1    .752E-03    .119E-02
    5    2    .107E+00    .112E+00
    5    3    .763E-02    .986E-02
    5    4   -.495E+00    .000E+00
    5    5   -.775E-01   -.867E-01
    5    6   -.211E-01   -.216E-01
    5    7   -.137E+01   -.136E+01
    5    8   -.381E+00   -.386E+00
    5    9   -.772E-03   -.107E-02
    5   10   -.958E-03   -.992E-03
    5   11   -.169E+00   -.171E+00
    5   12   -.922E-01   -.931E-01
    5   13   -.306E-03   -.208E-03
    5   14   -.463E-03   -.491E-03
    5   15   -.567E-01   -.570E-01
    5   16   -.378E-01   -.379E-01
    6    1    .468E-01    .493E-01
    6    2    .291E-02    .353E-02
    6    3    .289E+00    .297E+00
    6    4    .225E-01    .264E-01
    6    5   -.715E+00   -.803E+00
    6    6   -.781E-02   -.823E-02
    6    7   -.661E-01   -.710E-01
    6    8   -.411E-03   -.166E-03
    6    9   -.593E+00   -.588E+00
    6   10   -.146E-02   -.146E-02
    6   11   -.984E-03   -.130E-02
    6   12   -.188E-04   -.573E-04
    6   13   -.170E+00   -.172E+00
    6   14   -.736E-03   -.772E-03
    6   15   -.557E-03   -.680E-03
    6   16   -.851E-04   -.123E-03
    7    1    .114E-01    .107E-01
    7    2    .272E-02    .237E-02
    7    3    .188E-01    .183E-01
    7    4    .178E+00    .192E+00
    7    5    .141E-01    .000E+00
    7    6    .393E-01    .000E+00
    7    7   -.385E-01   -.368E-01
    7    8   -.431E-04   -.415E-04
    7    9   -.768E-01   -.769E-01
    7   10   -.264E+01   -.264E+01
    7   11   -.526E-04   -.527E-04
    7   12   -.319E-04   -.289E-04
    7   13   -.153E-01   -.153E-01
    7   14   -.542E+00   -.545E+00
    7   15   -.106E-03   -.117E-03
    7   16   -.180E-05   -.353E-05
    8    1    .917E-04    .252E-04
    8    2    .183E-01    .194E-01
    8    3    .396E-03    .198E-03
    8    4    .210E+00    .202E+00
    8    5    .987E-02    .119E-01
    8    6    .475E-02    .439E-02
    8    7   -.592E+00    .000E+00
    8    8   -.148E+01   -.139E+01
    8    9   -.256E-01   -.345E-01
    8   10   -.433E-01   -.447E-01
    8   11   -.395E+00   -.366E+00
    8   12   -.178E+00   -.167E+00
    8   13   -.191E-02   -.222E-02
    8   14   -.169E-02   -.171E-02
    8   15   -.993E-01   -.949E-01
    8   16   -.619E-01   -.600E-01
    9    1    .359E-02    .415E-02
    9    2    .862E-02    .928E-02
    9    3    .102E-01    .114E-01
    9    4    .456E-01    .465E-01
    9    5    .107E+00    .109E+00
    9    6    .233E-04    .164E-04
    9    7    .411E+00    .421E+00
    9    8   -.101E+01    .000E+00
    9    9   -.121E+00   -.138E+00
    9   10   -.440E-02   -.446E-02
    9   11   -.110E+01   -.108E+01
    9   12   -.348E+00   -.344E+00
    9   13   -.400E+00   -.410E+00
    9   14   -.348E-03   -.199E-03
    9   15   -.136E+00   -.134E+00
    9   16   -.828E-01   -.817E-01
   10    1    .149E-01    .154E-01
   10    2    .373E-04    .168E-04
   10    3    .482E-01    .495E-01
   10    4    .186E-02    .146E-02
   10    5    .371E+00    .365E+00
   10    6    .692E-02    .666E-02
   10    7    .287E-01    .272E-01
   10    8    .124E+00    .000E+00
   10    9   -.707E+00    .000E+00
   10   10   -.228E-01    .000E+00
   10   11   -.367E+00   -.367E+00
   10   12   -.691E-01   -.701E-01
   10   13   -.323E+00   -.273E+00
   10   14   -.516E-02   -.429E-02
   10   15   -.388E-01   -.385E-01
   10   16   -.174E-01   -.175E-01
   11    1    .450E-02    .413E-02
   11    2    .527E-03    .419E-03
   11    3    .501E-02    .479E-02
   11    4    .607E-03    .538E-03
   11    5    .225E-01    .222E-01
   11    6    .261E-01    .248E-01
   11    7    .108E+00    .121E+00
   11    8    .336E-01    .301E-01
   11    9    .311E-01    .000E+00
   11   10    .586E-01    .000E+00
   11   11   -.748E-01   -.717E-01
   11   12   -.997E-02   -.942E-02
   11   13   -.676E-01   -.612E-01
   11   14   -.251E+01   -.240E+01
   11   15   -.839E-03   -.755E-03
   11   16   -.108E-02   -.100E-02
   12    1    .115E-04    .406E-06
   12    2    .354E-02    .378E-02
   12    3    .426E-04    .114E-04
   12    4    .168E-01    .173E-01
   12    5    .620E-05    .388E-04
   12    6    .698E-04    .630E-04
   12    7    .688E-01    .680E-01
   12    8    .554E+00    .545E+00
   12    9    .591E-03    .885E-03
   12   10    .420E-02    .385E-02
   12   11   -.888E+00    .000E+00
   12   12   -.152E+01   -.153E+01
   12   13   -.209E-01   -.213E-01
   12   14   -.153E-01   -.144E-01
   12   15   -.438E+00   -.440E+00
   12   16   -.201E+00   -.201E+00
   13    1    .235E-03    .317E-03
   13    2    .241E-02    .258E-02
   13    3    .468E-03    .601E-03
   13    4    .918E-02    .972E-02
   13    5    .312E-02    .347E-02
   13    6    .315E-04    .285E-04
   13    7    .290E-01    .286E-01
   13    8    .136E+00    .131E+00
   13    9    .213E-01    .227E-01
   13   10    .813E-03    .744E-03
   13   11    .744E+00    .727E+00
   13   12   -.123E+01    .000E+00
   13   13   -.208E-01   -.229E-01
   13   14   -.160E-01   -.151E-01
   13   15   -.147E+01   -.148E+01
   13   16   -.428E+00   -.429E+00
   14    1    .919E-02    .966E-02
   14    2    .196E-03    .252E-03
   14    3    .224E-01    .233E-01
   14    4    .158E-03    .248E-03
   14    5    .940E-01    .955E-01
   14    6    .107E-02    .105E-02
   14    7    .109E-04    .361E-04
   14    8    .886E-02    .959E-02
   14    9    .626E+00    .636E+00
   14   10    .104E-01    .104E-01
   14   11    .243E-03    .328E-03
   14   12    .148E+00    .000E+00
   14   13   -.103E+01    .000E+00
   14   14   -.212E-01    .000E+00
   14   15   -.195E+00   -.197E+00
   14   16   -.155E-01   -.161E-01
   15    1    .195E-02    .182E-02
   15    2    .506E-03    .442E-03
   15    3    .166E-02    .161E-02
   15    4    .729E-03    .686E-03
   15    5    .464E-02    .472E-02
   15    6    .484E-02    .494E-02
   15    7    .147E-02    .138E-02
   15    8    .141E+00    .156E+00
   15    9    .113E-01    .112E-01
   15   10    .803E-01    .812E-01
   15   11    .641E-02    .580E-02
   15   12    .698E-01    .674E-01
   15   13    .323E-01    .000E+00
   15   14    .426E-01    .000E+00
   15   15   -.153E+00    .000E+00
   15   16   -.261E-04   -.509E-04
   16    1    .163E-03    .120E-03
   16    2    .109E-02    .118E-02
   16    3    .306E-03    .244E-03
   16    4    .446E-02    .473E-02
   16    5    .633E-03    .544E-03
   16    6    .529E-07    .381E-06
   16    7    .133E-01    .130E-01
   16    8    .240E-01    .208E-01
   16    9    .348E-02    .319E-02
   16   10    .482E-04    .635E-04
   16   11    .141E+00    .136E+00
   16   12    .817E+00    .804E+00
   16   13    .270E-02    .000E+00
   16   14    .293E-01    .000E+00
   16   15   -.965E+00    .000E+00
   16   16   -.172E+01   -.173E+01
   17    1    .618E-06    .589E-06
   17    2    .925E-03    .991E-03
   17    3    .351E-05    .307E-07
   17    4    .326E-02    .349E-02
   17    5    .717E-05    .196E-04
   17    6    .147E-04    .130E-04
   17    7    .866E-02    .842E-02
   17    8    .199E-01    .179E-01
   17    9    .816E-06    .101E-04
   17   10    .120E-03    .104E-03
   17   11    .610E-01    .579E-01
   17   12    .188E+00    .183E+00
   17   13    .896E-02    .920E-02
   17   14    .194E-02    .176E-02
   17   15    .106E+01    .105E+01
   17   16   -.133E+01    .000E+00
  1  2  0    1  2  1       128
    1    1   -.105E+01   -.106E+01
    1    2   -.195E+00   -.190E+00
    1    3   -.725E-01   -.702E-01
    1    4   -.357E-01   -.344E-01
    1    5   -.205E-01   -.197E-01
    1    6   -.129E-01   -.125E-01
    1    7   -.874E-02   -.841E-02
    1    8   -.619E-02   -.596E-02
    2    1   -.164E+00   -.187E+00
    2    2   -.794E-02   -.702E-02
    2    3   -.224E-02   -.192E-02
    2    4   -.980E-03   -.822E-03
    2    5   -.525E-03   -.437E-03
    2    6   -.317E-03   -.263E-03
    2    7   -.207E-03   -.172E-03
    2    8   -.144E-03   -.119E-03
    3    1    .101E-01    .000E+00
    3    2   -.470E+00   -.462E+00
    3    3   -.105E+00   -.102E+00
    3    4   -.421E-01   -.410E-01
    3    5   -.217E-01   -.211E-01
    3    6   -.129E-01   -.125E-01
    3    7   -.834E-02   -.810E-02
    3    8   -.574E-02   -.558E-02
    4    1    .146E-03    .305E-03
    4    2   -.185E+00   -.214E+00
    4    3   -.104E-02   -.996E-03
    4    4   -.403E-03   -.375E-03
    4    5   -.205E-03   -.189E-03
    4    6   -.120E-03   -.110E-03
    4    7   -.774E-04   -.708E-04
    4    8   -.530E-04   -.485E-04
    5    1    .121E-02    .103E-02
    5    2    .309E-02    .000E+00
    5    3   -.429E+00   -.429E+00
    5    4   -.107E+00   -.108E+00
    5    5   -.452E-01   -.459E-01
    5    6   -.242E-01   -.244E-01
    5    7   -.147E-01   -.148E-01
    5    8   -.972E-02   -.972E-02
    6    1    .585E+00    .575E+00
    6    2    .575E-01    .000E+00
    6    3   -.360E-01   -.361E-01
    6    4   -.695E-02   -.723E-02
    6    5   -.263E-02   -.275E-02
    6    6   -.132E-02   -.137E-02
    6    7   -.775E-03   -.791E-03
    6    8   -.499E-03   -.504E-03
    7    1    .266E-03    .373E-03
    7    2    .176E-03    .249E-03
    7    3   -.193E+00   -.221E+00
    7    4   -.697E-04   -.608E-04
    7    5   -.318E-04   -.261E-04
    7    6   -.195E-04   -.161E-04
    7    7   -.130E-04   -.109E-04
    7    8   -.916E-05   -.776E-05
    8    1    .516E-04    .890E-04
    8    2    .179E-03    .196E-03
    8    3   -.245E-02    .000E+00
    8    4   -.133E+00   -.156E+00
    8    5   -.146E-02   -.140E-02
    8    6   -.615E-03   -.584E-03
    8    7   -.339E-03   -.324E-03
    8    8   -.212E-03   -.205E-03
    9    1    .232E-03    .196E-03
    9    2    .781E-02    .688E-02
    9    3   -.286E-02    .000E+00
    9    4   -.475E+00   -.456E+00
    9    5   -.102E+00   -.961E-01
    9    6   -.454E-01   -.432E-01
    9    7   -.248E-01   -.240E-01
    9    8   -.154E-01   -.151E-01
   10    1    .111E+00    .108E+00
   10    2    .461E+00    .451E+00
   10    3    .102E+00    .000E+00
   10    4   -.778E-01   -.687E-01
   10    5   -.151E-01   -.129E-01
   10    6   -.584E-02   -.511E-02
   10    7   -.295E-02   -.269E-02
   10    8   -.174E-02   -.165E-02
   11    1    .526E-04    .781E-04
   11    2    .642E-07    .116E-05
   11    3    .382E-03    .444E-03
   11    4   -.125E-02   -.135E-02
   11    5   -.177E+00   -.202E+00
   11    6   -.603E-04   -.657E-04
   11    7   -.145E-04   -.148E-04
   11    8   -.685E-05   -.665E-05
   12    1    .145E-04    .261E-04
   12    2    .177E-04    .224E-04
   12    3    .369E-03    .402E-03
   12    4   -.112E-02   -.126E-02
   12    5   -.873E-05   -.308E-05
   12    6   -.166E+00   -.191E+00
   12    7   -.232E-03   -.243E-03
   12    8   -.860E-04   -.874E-04
   13    1    .700E-04    .551E-04
   13    2    .132E-02    .123E-02
   13    3    .195E-01    .195E-01
   13    4   -.114E-01    .000E+00
   13    5   -.433E+00   -.429E+00
   13    6   -.119E+00   -.118E+00
   13    7   -.425E-01   -.418E-01
   13    8   -.254E-01   -.252E-01
   14    1    .420E-01    .410E-01
   14    2    .111E+00    .110E+00
   14    3    .424E+00    .420E+00
   14    4    .141E+00    .000E+00
   14    5   -.119E+00   -.122E+00
   14    6   -.252E-01   -.259E-01
   14    7   -.772E-02   -.774E-02
   14    8   -.452E-02   -.454E-02
   15    1    .882E-04    .107E-03
   15    2    .633E-04    .551E-04
   15    3    .141E-03    .126E-03
   15    4    .130E-02    .000E+00
   15    5   -.201E-02   -.208E-02
   15    6   -.652E-03   -.703E-03
   15    7   -.181E+00   -.206E+00
   15    8   -.766E-05   -.104E-04
   16    1    .237E-04    .328E-04
   16    2    .165E-05    .813E-06
   16    3    .135E-05    .264E-05
   16    4    .326E-03    .353E-03
   16    5   -.568E-03   -.606E-03
   16    6   -.756E-04   -.871E-04
   16    7   -.115E-03   -.134E-03
   16    8   -.173E+00   -.199E+00
  1  2  0    1  3  1       208
    1    1   -.486E+01   -.484E+01
    1    2   -.540E-02   -.525E-02
    1    3   -.104E+01   -.103E+01
    1    4   -.861E-02   -.842E-02
    1    5   -.589E-03   -.595E-03
    1    6   -.150E-04   -.142E-04
    1    7   -.406E+00   -.401E+00
    1    8   -.114E-02   -.111E-02
    1    9   -.119E-05   -.180E-05
    1   10   -.587E-03   -.582E-03
    1   11   -.201E+00   -.198E+00
    1   12   -.316E-02   -.309E-02
    1   13   -.280E-03   -.268E-03
    2    1   -.786E-01   -.959E-01
    2    2   -.501E+01   -.499E+01
    2    3   -.110E-01   -.107E-01
    2    4   -.793E+00   -.787E+00
    2    5   -.261E+00   -.258E+00
    2    6   -.369E-04   -.432E-04
    2    7   -.165E-01   -.162E-01
    2    8   -.130E+00   -.129E+00
    2    9   -.710E-01   -.702E-01
    2   10   -.454E-06   -.507E-07
    2   11   -.355E-02   -.345E-02
    2   12   -.480E-01   -.475E-01
    2   13   -.309E-01   -.306E-01
    3    1   -.383E+00   -.409E+00
    3    2   -.111E+00   -.110E+00
    3    3   -.210E+01   -.209E+01
    3    4   -.524E-03   -.466E-03
    3    5   -.109E-01   -.106E-01
    3    6   -.332E-03   -.330E-03
    3    7   -.503E+00   -.500E+00
    3    8   -.195E-03   -.172E-03
    3    9   -.142E-02   -.137E-02
    3   10   -.126E-02   -.127E-02
    3   11   -.207E+00   -.205E+00
    3   12   -.816E-03   -.834E-03
    3   13   -.397E-04   -.352E-04
    4    1    .562E-02    .545E-02
    4    2   -.733E-01    .000E+00
    4    3   -.409E-01   -.561E-01
    4    4   -.442E+01   -.444E+01
    4    5   -.934E+00   -.946E+00
    4    6   -.475E-04   -.431E-04
    4    7   -.886E-02   -.920E-02
    4    8   -.370E+00   -.373E+00
    4    9   -.187E+00   -.187E+00
    4   10   -.401E-04   -.401E-04
    4   11   -.238E-03   -.271E-03
    4   12   -.112E+00   -.112E+00
    4   13   -.718E-01   -.713E-01
    5    1    .147E+00    .147E+00
    5    2    .221E-01    .219E-01
    5    3   -.610E+00    .000E+00
    5    4   -.677E-01   -.670E-01
    5    5   -.402E-01   -.402E-01
    5    6   -.836E-01   -.838E-01
    5    7   -.198E+01   -.199E+01
    5    8   -.430E-04   -.377E-04
    5    9   -.235E-02   -.235E-02
    5   10   -.230E-01   -.233E-01
    5   11   -.525E+00   -.539E+00
    5   12   -.340E-02   -.356E-02
    5   13   -.661E-07   -.634E-06
    6    1    .496E-02    .402E-02
    6    2    .156E+00    .179E+00
    6    3   -.173E-03    .000E+00
    6    4   -.696E-03   -.744E-03
    6    5   -.126E-03   -.135E-03
    6    6   -.672E+01   -.671E+01
    6    7   -.316E-01   -.314E-01
    6    8   -.106E-03   -.100E-03
    6    9   -.779E-04   -.746E-04
    6   10   -.886E+00   -.884E+00
    6   11   -.171E-01   -.171E-01
    6   12   -.139E-09   -.469E-08
    6   13   -.828E-05   -.779E-05
    7    1    .289E-03    .271E-03
    7    2    .713E-01    .680E-01
    7    3    .274E-01    .263E-01
    7    4   -.168E+00    .000E+00
    7    5   -.393E+01   -.375E+01
    7    6   -.606E-04   -.558E-04
    7    7   -.244E+00   -.274E+00
    7    8   -.100E+01   -.975E+00
    7    9   -.413E+00   -.410E+00
    7   10   -.194E-03   -.175E-03
    7   11   -.806E-03   -.946E-03
    7   12   -.216E+00   -.219E+00
    7   13   -.131E+00   -.136E+00
    8    1    .691E-03    .687E-03
    8    2    .131E-01    .132E-01
    8    3    .813E-02    .791E-02
    8    4    .200E+00    .201E+00
    8    5   -.199E+00    .000E+00
    8    6   -.136E-03   -.159E-03
    8    7   -.171E+00   -.174E+00
    8    8   -.383E+01   -.382E+01
    8    9   -.923E+00   -.920E+00
    8   10   -.277E-02   -.289E-02
    8   11   -.285E+00   -.317E+00
    8   12   -.492E+00   -.496E+00
    8   13   -.239E+00   -.240E+00
    9    1    .278E-01    .279E-01
    9    2    .200E-03    .160E-03
    9    3    .319E+00    .305E+00
    9    4    .170E-01    .173E-01
    9    5    .742E-01    .000E+00
    9    6   -.678E-02    .000E+00
    9    7   -.812E+00    .000E+00
    9    8   -.136E+00   -.134E+00
    9    9   -.489E-01   -.474E-01
    9   10   -.151E+00   -.148E+00
    9   11   -.179E+01   -.167E+01
    9   12   -.127E-02   -.998E-03
    9   13   -.230E-02   -.236E-02
   10    1    .360E-03    .226E-03
   10    2    .355E-06    .444E-06
   10    3    .553E-03    .392E-03
   10    4    .159E+00    .183E+00
   10    5    .617E-03    .608E-03
   10    6    .469E-01    .000E+00
   10    7   -.305E-03    .000E+00
   10    8   -.132E-03   -.138E-03
   10    9   -.260E-04   -.252E-04
   10   10   -.585E+01   -.574E+01
   10   11   -.106E+00   -.102E+00
   10   12   -.179E-03   -.188E-03
   10   13   -.604E-05   -.661E-05
   11    1    .335E-04    .330E-04
   11    2    .451E-02    .475E-02
   11    3    .163E-03    .179E-03
   11    4    .351E-01    .335E-01
   11    5    .311E+00    .294E+00
   11    6    .164E-04    .189E-04
   11    7    .410E-01    .404E-01
   11    8   -.291E+00    .000E+00
   11    9   -.399E+01   -.400E+01
   11   10   -.283E-03   -.281E-03
   11   11   -.322E-01   -.318E-01
   11   12   -.982E+00   -.978E+00
   11   13   -.433E+00   -.429E+00
   12    1    .636E-04    .634E-04
   12    2    .222E-02    .239E-02
   12    3    .306E-03    .323E-03
   12    4    .133E-01    .122E-01
   12    5    .601E-01    .534E-01
   12    6    .301E-05    .364E-05
   12    7    .989E-02    .962E-02
   12    8    .496E+00    .482E+00
   12    9   -.320E+00    .000E+00
   12   10   -.510E-02   -.508E-02
   12   11   -.223E+00   -.221E+00
   12   12   -.387E+01   -.386E+01
   12   13   -.104E+01   -.103E+01
   13    1    .107E-01    .107E-01
   13    2    .156E-03    .133E-03
   13    3    .643E-01    .632E-01
   13    4    .134E-02    .125E-02
   13    5    .292E-02    .324E-02
   13    6    .216E-02    .202E-02
   13    7    .554E+00    .557E+00
   13    8    .127E-01    .124E-01
   13    9    .486E-01    .476E-01
   13   10   -.275E-01    .000E+00
   13   11   -.992E+00    .000E+00
   13   12   -.137E+00    .000E+00
   13   13   -.134E-01   -.133E-01
   14    1    .633E-04    .259E-04
   14    2    .167E-06    .127E-06
   14    3    .131E-03    .870E-04
   14    4    .189E-05    .181E-05
   14    5    .160E+00    .184E+00
   14    6    .424E-01    .401E-01
   14    7    .304E-02    .305E-02
   14    8    .318E-03    .333E-03
   14    9    .270E-02    .273E-02
   14   10    .863E-01    .000E+00
   14   11    .914E-04    .000E+00
   14   12   -.663E-02    .000E+00
   14   13   -.784E-04   -.659E-04
   15    1    .162E-05    .135E-05
   15    2    .122E-02    .134E-02
   15    3    .290E-06    .102E-05
   15    4    .625E-02    .564E-02
   15    5    .250E-01    .217E-01
   15    6    .193E-04    .197E-04
   15    7    .631E-03    .569E-03
   15    8    .961E-01    .916E-01
   15    9    .641E+00    .638E+00
   15   10    .209E-02    .000E+00
   15   11    .138E+00    .000E+00
   15   12   -.494E+00    .000E+00
   15   13   -.413E+01   -.410E+01
   16    1    .103E-04    .999E-05
   16    2    .786E-03    .865E-03
   16    3    .290E-04    .332E-04
   16    4    .369E-02    .329E-02
   16    5    .117E-01    .975E-02
   16    6    .278E-05    .306E-05
   16    7    .837E-03    .779E-03
   16    8    .370E-01    .348E-01
   16    9    .133E+00    .132E+00
   16   10    .826E-05    .705E-05
   16   11    .532E-02    .503E-02
   16   12    .874E+00    .879E+00
   16   13   -.480E+00    .000E+00
  1  2  1    1  3  0        56
    1    1   -.436E+01   -.434E+01
    1    2   -.722E+00   -.716E+00
    1    3   -.255E+00   -.253E+00
    1    4   -.123E+00   -.122E+00
    1    5   -.699E-01   -.692E-01
    1    6   -.440E-01   -.436E-01
    1    7   -.298E-01   -.295E-01
    2    1   -.170E+00    .000E+00
    2    2   -.369E+01   -.371E+01
    2    3   -.820E+00   -.830E+00
    2    4   -.326E+00   -.328E+00
    2    5   -.167E+00   -.167E+00
    2    6   -.990E-01   -.986E-01
    2    7   -.642E-01   -.637E-01
    3    1    .735E-01    .696E-01
    3    2   -.289E+00    .000E+00
    3    3   -.344E+01   -.330E+01
    3    4   -.849E+00   -.824E+00
    3    5   -.357E+00   -.354E+00
    3    6   -.189E+00   -.192E+00
    3    7   -.115E+00   -.119E+00
    4    1    .128E-01    .127E-01
    4    2    .186E+00    .186E+00
    4    3   -.394E+00    .000E+00
    4    4   -.336E+01   -.336E+01
    4    5   -.866E+00   -.865E+00
    4    6   -.374E+00   -.374E+00
    4    7   -.203E+00   -.202E+00
    5    1    .453E-02    .470E-02
    5    2    .347E-01    .329E-01
    5    3    .325E+00    .307E+00
    5    4   -.489E+00    .000E+00
    5    5   -.335E+01   -.336E+01
    5    6   -.884E+00   -.880E+00
    5    7   -.388E+00   -.385E+00
    6    1    .218E-02    .231E-02
    6    2    .127E-01    .116E-01
    6    3    .627E-01    .560E-01
    6    4    .480E+00    .467E+00
    6    5   -.579E+00    .000E+00
    6    6   -.340E+01   -.339E+01
    6    7   -.906E+00   -.897E+00
    7    1    .124E-02    .133E-02
    7    2    .621E-02    .557E-02
    7    3    .234E-01    .201E-01
    7    4    .953E-01    .912E-01
    7    5    .647E+00    .645E+00
    7    6   -.668E+00    .000E+00
    7    7   -.347E+01   -.345E+01
    8    1    .783E-03    .842E-03
    8    2    .357E-02    .316E-02
    8    3    .116E-01    .970E-02
    8    4    .361E-01    .341E-01
    8    5    .131E+00    .131E+00
    8    6    .824E+00    .831E+00
    8    7   -.754E+00    .000E+00
  1  3  0    1  3  1        91
    1    1    .664E+00    .658E+00
    1    2    .192E+00    .224E+00
    1    3   -.212E-01    .000E+00
    1    4   -.935E-03   -.884E-03
    1    5   -.316E-03   -.312E-03
    1    6   -.599E+00   -.591E+00
    1    7   -.483E-02   -.513E-02
    1    8   -.244E-04   -.220E-04
    1    9   -.123E-04   -.120E-04
    1   10   -.868E-01   -.851E-01
    1   11   -.187E-02   -.207E-02
    1   12   -.216E-04   -.180E-04
    1   13   -.921E-05   -.831E-05
    2    1    .953E-01    .938E-01
    2    2    .248E-03    .254E-03
    2    3    .597E+00    .588E+00
    2    4    .176E+00    .207E+00
    2    5    .186E-02    .164E-02
    2    6   -.108E-01    .000E+00
    2    7   -.372E-01    .000E+00
    2    8   -.446E-03   -.405E-03
    2    9   -.116E-03   -.953E-04
    2   10   -.496E+00   -.485E+00
    2   11   -.228E-01   -.192E-01
    2   12   -.270E-04   -.352E-04
    2   13   -.225E-04   -.219E-04
    3    1    .320E-01    .313E-01
    3    2    .542E-04    .549E-04
    3    3    .115E+00    .114E+00
    3    4    .101E-02    .102E-02
    3    5    .285E+00    .322E+00
    3    6    .479E-02    .452E-02
    3    7    .456E+00    .448E+00
    3    8    .151E-02    .145E-02
    3    9    .121E-02    .120E-02
    3   10   -.173E-01    .000E+00
    3   11   -.488E-01    .000E+00
    3   12   -.197E-02    .000E+00
    3   13   -.308E-03   -.289E-03
    4    1    .150E-01    .147E-01
    4    2    .208E-04    .209E-04
    4    3    .436E-01    .434E-01
    4    4    .322E-03    .325E-03
    4    5    .338E-03    .319E-03
    4    6    .717E-03    .600E-03
    4    7    .128E+00    .126E+00
    4    8    .230E+00    .265E+00
    4    9    .478E-03    .484E-03
    4   10    .704E-02    .658E-02
    4   11    .499E+00    .483E+00
    4   12    .658E-02    .633E-02
    4   13    .984E-03    .946E-03
    5    1    .842E-02    .821E-02
    5    2    .104E-04    .103E-04
    5    3    .219E-01    .217E-01
    5    4    .151E-03    .152E-03
    5    5    .173E-03    .165E-03
    5    6    .230E-03    .181E-03
    5    7    .499E-01    .490E-01
    5    8    .156E-03    .165E-03
    5    9    .252E+00    .287E+00
    5   10    .133E-02    .121E-02
    5   11    .104E+00    .983E-01
    5   12    .811E-03    .733E-03
    5   13    .179E-04    .140E-04
    6    1    .525E-02    .511E-02
    6    2    .601E-05    .594E-05
    6    3    .128E-01    .127E-01
    6    4    .851E-04    .854E-04
    6    5    .984E-04    .940E-04
    6    6    .103E-03    .784E-04
    6    7    .258E-01    .253E-01
    6    8    .505E-04    .525E-04
    6    9    .291E-05    .138E-05
    6   10    .744E-04    .414E-04
    6   11    .739E-01    .726E-01
    6   12    .218E+00    .252E+00
    6   13    .739E-05    .112E-04
    7    1    .353E-02    .343E-02
    7    2    .383E-05    .376E-05
    7    3    .820E-02    .813E-02
    7    4    .535E-04    .536E-04
    7    5    .617E-04    .590E-04
    7    6    .554E-04    .419E-04
    7    7    .154E-01    .151E-01
    7    8    .247E-04    .255E-04
    7    9    .804E-05    .647E-05
    7   10    .916E-04    .682E-04
    7   11    .303E-01    .291E-01
    7   12    .567E-03    .571E-03
    7   13    .239E+00    .275E+00
  1  3  1    1  4  0       130
    1    1   -.620E+01   -.616E+01
    1    2   -.594E-02   -.575E-02
    1    3   -.170E-01   -.170E-01
    1    4   -.835E+00   -.827E+00
    1    5   -.449E-04   -.549E-04
    1    6   -.171E-02   -.175E-02
    1    7   -.236E+00   -.234E+00
    1    8   -.338E-01   -.334E-01
    1    9   -.622E-03   -.586E-03
    1   10   -.966E-04   -.106E-03
    2    1   -.158E+00   -.189E+00
    2    2   -.968E+01   -.971E+01
    2    3   -.129E+01   -.129E+01
    2    4   -.123E-01   -.123E-01
    2    5   -.415E+00   -.414E+00
    2    6   -.187E+00   -.186E+00
    2    7   -.424E-04   -.424E-04
    2    8   -.108E-05   -.956E-06
    2    9   -.103E+00   -.102E+00
    2   10   -.635E-01   -.627E-01
    3    1    .134E+00    .000E+00
    3    2   -.174E-02   -.166E-02
    3    3   -.177E+00   -.177E+00
    3    4   -.548E+01   -.550E+01
    3    5   -.169E-02   -.177E-02
    3    6   -.100E-01   -.103E-01
    3    7   -.984E+00   -.999E+00
    3    8   -.135E+00   -.137E+00
    3    9   -.182E-02   -.178E-02
    3   10   -.556E-03   -.599E-03
    4    1    .384E-03    .397E-03
    4    2    .571E-02    .000E+00
    4    3   -.781E+01   -.766E+01
    4    4   -.924E+00   -.993E+00
    4    5   -.166E+01   -.168E+01
    4    6   -.597E+00   -.621E+00
    4    7   -.539E-02   -.523E-02
    4    8   -.673E-04   -.597E-04
    4    9   -.301E+00   -.319E+00
    4   10   -.170E+00   -.182E+00
    5    1    .116E-02    .105E-02
    5    2    .651E-01    .616E-01
    5    3    .354E-01    .000E+00
    5    4   -.257E-01   -.232E-01
    5    5   -.767E+01   -.765E+01
    5    6   -.167E+01   -.164E+01
    5    7   -.130E+00   -.161E+00
    5    8   -.140E-01   -.179E-01
    5    9   -.742E+00   -.736E+00
    5   10   -.364E+00   -.358E+00
    6    1    .315E-02    .266E-02
    6    2    .234E+00    .269E+00
    6    3    .188E-08    .396E-06
    6    4    .282E-04    .000E+00
    6    5   -.123E-04   -.108E-04
    6    6   -.656E-06   -.416E-06
    6    7   -.148E+01   -.148E+01
    6    8   -.103E+02   -.103E+02
    6    9   -.451E-03   -.453E-03
    6   10   -.123E-03   -.123E-03
    7    1    .677E-01    .650E-01
    7    2    .795E-03    .804E-03
    7    3    .814E-03    .114E-02
    7    4    .188E+00    .000E+00
    7    5   -.606E-01   -.602E-01
    7    6   -.548E-02   -.522E-02
    7    7   -.504E+01   -.485E+01
    7    8   -.723E+00   -.697E+00
    7    9   -.423E-01   -.407E-01
    7   10   -.117E-02   -.110E-02
    8    1    .177E-05    .321E-06
    8    2    .106E-01    .894E-02
    8    3    .170E+00    .158E+00
    8    4    .573E-02    .546E-02
    8    5    .195E-01    .000E+00
    8    6   -.751E+01   -.741E+01
    8    7   -.369E-02   -.361E-02
    8    8   -.179E-04   -.169E-04
    8    9   -.178E+01   -.173E+01
    8   10   -.724E+00   -.701E+00
    9    1    .759E-04    .654E-04
    9    2    .347E-02    .272E-02
    9    3    .294E-01    .258E-01
    9    4    .239E-04    .426E-04
    9    5    .319E+00    .326E+00
    9    6    .249E-01    .000E+00
    9    7   -.761E-01   -.758E-01
    9    8   -.198E-01   -.197E-01
    9    9   -.734E+01   -.722E+01
    9   10   -.182E+01   -.178E+01
   10    1    .901E-03    .826E-03
   10    2    .105E-04    .913E-05
   10    3    .220E+00    .254E+00
   10    4    .252E-01    .261E-01
   10    5    .150E-03    .153E-03
   10    6    .213E-02    .213E-02
   10    7    .729E-02    .000E+00
   10    8    .159E-01    .000E+00
   10    9   -.620E-02    .000E+00
   10   10   -.379E-03   -.368E-03
   11    1    .122E-01    .125E-01
   11    2    .310E-04    .385E-04
   11    3    .448E-02    .465E-02
   11    4    .176E+00    .178E+00
   11    5    .550E-06    .101E-05
   11    6    .181E-01    .182E-01
   11    7    .209E+00    .000E+00
   11    8    .305E-01    .000E+00
   11    9   -.856E-01    .000E+00
   11   10   -.249E-01   -.248E-01
   12    1    .604E-04    .706E-04
   12    2    .166E-02    .128E-02
   12    3    .109E-01    .950E-02
   12    4    .234E-02    .226E-02
   12    5    .581E-01    .601E-01
   12    6    .470E+00    .492E+00
   12    7    .153E-01    .000E+00
   12    8    .607E-02    .000E+00
   12    9    .612E-01    .000E+00
   12   10   -.745E+01   -.734E+01
   13    1    .103E-05    .333E-06
   13    2    .893E-03    .674E-03
   13    3    .507E-02    .431E-02
   13    4    .103E-03    .899E-04
   13    5    .205E-01    .214E-01
   13    6    .924E-01    .982E-01
   13    7    .517E-03    .513E-03
   13    8    .220E-06    .113E-06
   13    9    .673E+00    .701E+00
   13   10    .443E-01    .000E+00
  3  0  0    3  1  1       204
    1    1    .287E+00    .291E+00
    1    2   -.742E+00   -.780E+00
    1    3   -.298E+00   -.340E+00
    1    4   -.907E-02   -.967E-02
    1    5   -.926E+00   -.923E+00
    1    6   -.143E-03   -.158E-03
    1    7   -.260E-01   -.255E-01
    1    8   -.260E+00   -.258E+00
    1    9   -.124E+00   -.123E+00
    1   10   -.142E-02   -.138E-02
    1   11   -.390E-02   -.381E-02
    1   12   -.642E-01   -.637E-01
    1   13   -.415E-01   -.411E-01
    1   14   -.520E-04   -.557E-04
    1   15   -.537E-02   -.530E-02
    1   16   -.244E-01   -.242E-01
    1   17   -.186E-01   -.184E-01
    2    1    .257E+00    .253E+00
    2    2    .157E+00    .176E+00
    2    3    .247E+00    .260E+00
    2    4   -.368E+00   -.366E+00
    2    5   -.158E-01   -.166E-01
    2    6   -.853E-01   -.881E-01
    2    7   -.153E+01   -.154E+01
    2    8   -.190E-01   -.195E-01
    2    9   -.144E-02   -.142E-02
    2   10   -.193E-01   -.200E-01
    2   11   -.392E+00   -.395E+00
    2   12   -.353E-02   -.362E-02
    2   13   -.138E-03   -.148E-03
    2   14   -.971E-02   -.100E-01
    2   15   -.162E+00   -.162E+00
    2   16   -.488E-02   -.496E-02
    2   17   -.758E-03   -.778E-03
    3    1    .462E-01    .489E-01
    3    2    .475E+00    .492E+00
    3    3    .277E-02    .312E-02
    3    4    .389E-02    .407E-02
    3    5   -.109E+01    .000E+00
    3    6   -.299E+00   -.337E+00
    3    7   -.522E-02   -.532E-02
    3    8   -.995E+00   -.982E+00
    3    9   -.295E+00   -.296E+00
    3   10   -.498E-02   -.526E-02
    3   11   -.185E-04   -.948E-05
    3   12   -.134E+00   -.135E+00
    3   13   -.759E-01   -.763E-01
    3   14   -.157E-05   -.580E-05
    3   15   -.218E-02   -.210E-02
    3   16   -.449E-01   -.450E-01
    3   17   -.314E-01   -.313E-01
    4    1    .811E-01    .805E-01
    4    2    .684E-02    .667E-02
    4    3    .274E+00    .277E+00
    4    4    .161E+00    .169E+00
    4    5    .204E+00    .226E+00
    4    6    .295E+00    .000E+00
    4    7   -.524E+00    .000E+00
    4    8   -.326E-01   -.336E-01
    4    9   -.446E-01   -.426E-01
    4   10   -.168E+00   -.168E+00
    4   11   -.147E+01   -.147E+01
    4   12   -.141E-02   -.167E-02
    4   13   -.945E-03   -.829E-03
    4   14   -.404E-01   -.416E-01
    4   15   -.396E+00   -.402E+00
    4   16   -.514E-02   -.545E-02
    4   17   -.129E-03   -.159E-03
    5    1    .117E-01    .126E-01
    5    2    .941E-01    .985E-01
    5    3    .801E-03    .723E-03
    5    4    .299E-02    .320E-02
    5    5    .736E+00    .722E+00
    5    6    .440E-02    .486E-02
    5    7    .208E-02    .157E-02
    5    8   -.136E+01    .000E+00
    5    9   -.123E+01   -.114E+01
    5   10   -.119E+00   -.151E+00
    5   11   -.288E-01   -.271E-01
    5   12   -.325E+00   -.287E+00
    5   13   -.147E+00   -.131E+00
    5   14   -.558E-03   -.590E-03
    5   15   -.465E-03   -.517E-03
    5   16   -.857E-01   -.777E-01
    5   17   -.533E-01   -.490E-01
    6    1    .146E-01    .152E-01
    6    2    .402E-01    .420E-01
    6    3    .254E-02    .268E-02
    6    4    .175E-03    .182E-03
    6    5    .164E+00    .166E+00
    6    6    .177E-01    .181E-01
    6    7    .196E-01    .197E-01
    6    8    .121E+01    .124E+01
    6    9   -.172E+01    .000E+00
    6   10   -.325E-01    .000E+00
    6   11   -.289E-02   -.240E-02
    6   12   -.115E+01   -.113E+01
    6   13   -.386E+00   -.380E+00
    6   14   -.359E+00   -.398E+00
    6   15   -.587E-01   -.563E-01
    6   16   -.130E+00   -.127E+00
    6   17   -.848E-01   -.829E-01
    7    1    .287E-01    .283E-01
    7    2    .181E-03    .147E-03
    7    3    .764E-01    .769E-01
    7    4    .311E-01    .331E-01
    7    5    .142E-03    .119E-03
    7    6    .291E+00    .288E+00
    7    7    .310E+00    .301E+00
    7    8    .284E-01    .370E-01
    7    9    .319E-01    .314E-01
    7   10    .400E+00    .000E+00
    7   11   -.658E+00    .000E+00
    7   12   -.111E+00   -.109E+00
    7   13   -.167E-02   -.179E-02
    7   14   -.151E+00   -.125E+00
    7   15   -.142E+01   -.132E+01
    7   16   -.393E-01   -.369E-01
    7   17   -.468E-02   -.446E-02
    8    1    .369E-02    .398E-02
    8    2    .192E-01    .202E-01
    8    3    .129E-03    .110E-03
    8    4    .398E-03    .428E-03
    8    5    .640E-01    .663E-01
    8    6    .373E-04    .211E-04
    8    7    .235E-04    .136E-04
    8    8    .215E+00    .216E+00
    8    9    .140E+01    .139E+01
    8   10    .162E-01    .156E-01
    8   11    .270E-01    .267E-01
    8   12   -.195E+01    .000E+00
    8   13   -.133E+01   -.134E+01
    8   14   -.518E-02   -.516E-02
    8   15   -.413E-02   -.386E-02
    8   16   -.405E+00   -.407E+00
    8   17   -.186E+00   -.187E+00
    9    1    .411E-02    .434E-02
    9    2    .120E-01    .126E-01
    9    3    .179E-03    .200E-03
    9    4    .334E-05    .381E-05
    9    5    .341E-01    .359E-01
    9    6    .961E-03    .103E-02
    9    7    .824E-03    .858E-03
    9    8    .891E-01    .893E-01
    9    9    .350E+00    .342E+00
    9   10    .478E-06    .327E-05
    9   11    .924E-03    .993E-03
    9   12    .177E+01    .174E+01
    9   13   -.234E+01    .000E+00
    9   14   -.438E-02    .000E+00
    9   15   -.208E-01   -.207E-01
    9   16   -.138E+01   -.139E+01
    9   17   -.416E+00   -.419E+00
   10    1    .181E-01    .179E-01
   10    2    .947E-03    .933E-03
   10    3    .344E-01    .346E-01
   10    4    .115E-01    .123E-01
   10    5    .917E-03    .998E-03
   10    6    .867E-01    .871E-01
   10    7    .624E-01    .625E-01
   10    8    .932E-04    .110E-03
   10    9    .239E+00    .260E+00
   10   10    .251E+00    .252E+00
   10   11    .405E+00    .404E+00
   10   12    .449E-03    .376E-03
   10   13    .155E+00    .154E+00
   10   14    .448E+00    .000E+00
   10   15   -.856E+00    .000E+00
   10   16   -.182E+00    .000E+00
   10   17   -.132E-03   -.117E-03
   11    1    .692E-03    .780E-03
   11    2    .680E-02    .716E-02
   11    3    .666E-03    .640E-03
   11    4    .504E-03    .542E-03
   11    5    .189E-01    .200E-01
   11    6    .113E-02    .108E-02
   11    7    .698E-03    .680E-03
   11    8    .463E-01    .463E-01
   11    9    .788E-01    .727E-01
   11   10    .859E-02    .820E-02
   11   11    .896E-02    .875E-02
   11   12    .374E+00    .363E+00
   11   13    .197E+01    .194E+01
   11   14    .391E-03    .361E-03
   11   15    .395E-01    .000E+00
   11   16   -.238E+01    .000E+00
   11   17   -.159E+01   -.160E+01
   12    1    .124E-02    .133E-02
   12    2    .511E-02    .538E-02
   12    3    .169E-04    .133E-04
   12    4    .741E-04    .802E-04
   12    5    .131E-01    .139E-01
   12    6    .108E-05    .132E-06
   12    7    .535E-06    .108E-05
   12    8    .285E-01    .285E-01
   12    9    .562E-01    .524E-01
   12   10    .834E-03    .732E-03
   12   11    .407E-03    .372E-03
   12   12    .158E+00    .152E+00
   12   13    .446E+00    .436E+00
   12   14    .165E-02    .169E-02
   12   15    .971E-02    .949E-02
   12   16    .239E+01    .236E+01
   12   17   -.283E+01    .000E+00
  3  1  0    3  1  1       153
    1    1    .906E+00    .105E+01
    1    2   -.138E-01   -.123E-01
    1    3   -.703E+00   -.723E+00
    1    4   -.263E+01   -.264E+01
    1    5   -.373E-03   -.296E-03
    1    6   -.119E+00   -.123E+00
    1    7   -.537E+00   -.523E+00
    1    8   -.274E-02   -.250E-02
    1    9   -.483E-05   -.540E-05
    1   10   -.449E-01   -.463E-01
    1   11   -.204E+00   -.198E+00
    1   12   -.631E-03   -.566E-03
    1   13   -.848E-05   -.537E-05
    1   14   -.203E-01   -.210E-01
    1   15   -.102E+00   -.988E-01
    1   16   -.154E-02   -.144E-02
    1   17   -.138E-03   -.122E-03
    2    1    .830E+00    .808E+00
    2    2    .357E+00    .412E+00
    2    3    .961E+00    .103E+01
    2    4   -.123E+00   -.119E+00
    2    5   -.202E-02   -.297E-02
    2    6   -.730E+00   -.743E+00
    2    7   -.110E+01   -.107E+01
    2    8   -.172E-02   -.125E-02
    2    9   -.184E-04   -.372E-05
    2   10   -.147E+00   -.150E+00
    2   11   -.270E+00   -.263E+00
    2   12   -.311E-03   -.214E-03
    2   13   -.946E-06   -.833E-05
    2   14   -.540E-01   -.553E-01
    2   15   -.114E+00   -.111E+00
    2   16   -.116E-02   -.101E-02
    2   17   -.547E-04   -.338E-04
    3    1    .236E+00    .228E+00
    3    2    .229E-03    .610E-04
    3    3    .915E+00    .908E+00
    3    4    .182E-01    .167E-01
    3    5    .328E+00    .365E+00
    3    6    .129E+01    .126E+01
    3    7   -.211E+00    .000E+00
    3    8   -.270E-02   -.338E-02
    3    9   -.683E-03   -.536E-03
    3   10   -.107E+01   -.108E+01
    3   11   -.996E+00   -.100E+01
    3   12   -.333E-03   -.266E-03
    3   13   -.216E-04   -.366E-04
    3   14   -.212E+00   -.222E+00
    3   15   -.277E+00   -.283E+00
    3   16   -.209E-02   -.201E-02
    3   17   -.539E-04   -.412E-04
    4    1    .102E+00    .982E-01
    4    2    .371E-04    .258E-05
    4    3    .268E+00    .266E+00
    4    4    .316E-02    .280E-02
    4    5    .162E-04    .412E-04
    4    6    .101E+01    .973E+00
    4    7    .949E-01    .889E-01
    4    8    .308E+00    .349E+00
    4    9    .218E-01    .188E-01
    4   10    .160E+01    .000E+00
    4   11   -.298E+00    .000E+00
    4   12   -.168E-02   -.199E-02
    4   13   -.487E-03   -.615E-03
    4   14   -.137E+01   -.126E+01
    4   15   -.101E+01   -.960E+00
    4   16   -.468E-02   -.424E-02
    4   17   -.235E-04   -.109E-04
    5    1    .537E-01    .516E-01
    5    2    .519E-05    .887E-06
    5    3    .120E+00    .118E+00
    5    4    .118E-02    .103E-02
    5    5    .205E-04    .374E-04
    5    6    .298E+00    .293E+00
    5    7    .162E-01    .155E-01
    5    8    .171E-04    .822E-05
    5    9    .185E+00    .217E+00
    5   10    .131E+01    .132E+01
    5   11    .105E+00    .100E+00
    5   12    .951E-04    .154E-03
    5   13    .587E-03    .401E-03
    5   14    .193E+01    .000E+00
    5   15   -.370E+00    .000E+00
    5   16   -.692E-02    .000E+00
    5   17   -.788E-03   -.899E-03
    6    1    .321E-01    .307E-01
    6    2    .293E-06    .363E-05
    6    3    .658E-01    .648E-01
    6    4    .594E-03    .516E-03
    6    5    .124E-04    .222E-04
    6    6    .136E+00    .136E+00
    6    7    .598E-02    .585E-02
    6    8    .125E-05    .591E-08
    6    9    .344E-02    .350E-02
    6   10    .321E+00    .318E+00
    6   11    .392E-01    .384E-01
    6   12    .307E+00    .351E+00
    6   13    .794E-03    .897E-03
    6   14    .125E+01    .123E+01
    6   15    .242E+00    .232E+00
    6   16    .104E-02    .108E-02
    6   17    .402E-04    .592E-04
    7    1    .208E-01    .199E-01
    7    2    .860E-07    .497E-05
    7    3    .404E-01    .398E-01
    7    4    .351E-03    .304E-03
    7    5    .753E-05    .136E-04
    7    6    .755E-01    .759E-01
    7    7    .296E-02    .294E-02
    7    8    .173E-06    .187E-06
    7    9    .185E-02    .190E-02
    7   10    .148E+00    .146E+00
    7   11    .137E-01    .131E-01
    7   12    .216E-04    .189E-04
    7   13    .295E+00    .338E+00
    7   14    .392E+00    .379E+00
    7   15    .385E-01    .341E-01
    7   16    .263E-03    .274E-03
    7   17    .361E-04    .463E-04
    8    1    .142E-01    .137E-01
    8    2    .488E-06    .521E-05
    8    3    .268E-01    .264E-01
    8    4    .228E-03    .197E-03
    8    5    .482E-05    .888E-05
    8    6    .470E-01    .476E-01
    8    7    .172E-02    .172E-02
    8    8    .314E-07    .278E-06
    8    9    .111E-02    .114E-02
    8   10    .833E-01    .818E-01
    8   11    .672E-02    .633E-02
    8   12    .348E-05    .229E-05
    8   13    .262E-05    .254E-05
    8   14    .157E+00    .148E+00
    8   15    .401E-01    .385E-01
    8   16    .300E+00    .344E+00
    8   17    .722E-04    .873E-04
    9    1    .102E-01    .982E-02
    9    2    .789E-06    .491E-05
    9    3    .188E-01    .185E-01
    9    4    .158E-03    .136E-03
    9    5    .325E-05    .608E-05
    9    6    .316E-01    .320E-01
    9    7    .110E-02    .111E-02
    9    8    .630E-08    .267E-06
    9    9    .726E-03    .748E-03
    9   10    .524E-01    .514E-01
    9   11    .390E-02    .364E-02
    9   12    .113E-05    .554E-06
    9   13    .124E-04    .133E-04
    9   14    .910E-01    .851E-01
    9   15    .135E-01    .121E-01
    9   16    .131E-08    .159E-06
    9   17    .309E+00    .354E+00
  3  1  0    3  2  1        72
    1    1   -.846E+01   -.845E+01
    1    2   -.170E+01   -.168E+01
    1    3   -.648E+00   -.639E+00
    1    4   -.322E+00   -.317E+00
    1    5   -.186E+00   -.183E+00
    1    6   -.118E+00   -.116E+00
    1    7   -.795E-01   -.783E-01
    1    8   -.564E-01   -.556E-01
    2    1   -.397E+00    .000E+00
    2    2   -.364E+01   -.361E+01
    2    3   -.877E+00   -.868E+00
    2    4   -.360E+00   -.355E+00
    2    5   -.187E+00   -.185E+00
    2    6   -.111E+00   -.110E+00
    2    7   -.722E-01   -.712E-01
    2    8   -.498E-01   -.491E-01
    3    1    .193E+00    .190E+00
    3    2   -.726E+00    .000E+00
    3    3   -.347E+01   -.349E+01
    3    4   -.916E+00   -.937E+00
    3    5   -.397E+00   -.407E+00
    3    6   -.215E+00   -.219E+00
    3    7   -.131E+00   -.133E+00
    3    8   -.872E-01   -.882E-01
    4    1    .385E-01    .379E-01
    4    2    .456E+00    .433E+00
    4    3   -.101E+01    .000E+00
    4    4   -.348E+01   -.327E+01
    4    5   -.948E+00   -.886E+00
    4    6   -.421E+00   -.399E+00
    4    7   -.231E+00   -.223E+00
    4    8   -.144E+00   -.141E+00
    5    1    .149E-01    .146E-01
    5    2    .917E-01    .898E-01
    5    3    .765E+00    .766E+00
    5    4   -.128E+01    .000E+00
    5    5   -.357E+01   -.354E+01
    5    6   -.985E+00   -.978E+00
    5    7   -.442E+00   -.440E+00
    5    8   -.245E+00   -.245E+00
    6    1    .755E-02    .741E-02
    6    2    .355E-01    .357E-01
    6    3    .158E+00    .155E+00
    6    4    .110E+01    .107E+01
    6    5   -.154E+01    .000E+00
    6    6   -.371E+01   -.373E+01
    6    7   -.103E+01   -.103E+01
    6    8   -.463E+00   -.465E+00
    7    1    .444E-02    .436E-02
    7    2    .180E-01    .184E-01
    7    3    .616E-01    .598E-01
    7    4    .230E+00    .216E+00
    7    5    .146E+01    .141E+01
    7    6   -.179E+01    .000E+00
    7    7   -.387E+01   -.390E+01
    7    8   -.107E+01   -.108E+01
    8    1    .287E-02    .281E-02
    8    2    .106E-01    .109E-01
    8    3    .315E-01    .303E-01
    8    4    .906E-01    .826E-01
    8    5    .307E+00    .292E+00
    8    6    .182E+01    .179E+01
    8    7   -.204E+01    .000E+00
    8    8   -.405E+01   -.407E+01
    9    1    .197E-02    .193E-02
    9    2    .685E-02    .712E-02
    9    3    .187E-01    .179E-01
    9    4    .466E-01    .416E-01
    9    5    .122E+00    .114E+00
    9    6    .387E+00    .375E+00
    9    7    .220E+01    .217E+01
    9    8   -.229E+01    .000E+00
  3  1  1    3  2  0       255
    1    1   -.649E+01   -.647E+01
    1    2   -.797E+00   -.778E+00
    1    3   -.119E+01   -.118E+01
    1    4   -.315E+00   -.311E+00
    1    5   -.317E-03   -.287E-03
    1    6   -.433E+00   -.429E+00
    1    7   -.253E+00   -.251E+00
    1    8   -.109E+00   -.107E+00
    1    9   -.144E-04   -.190E-04
    1   10   -.123E+00   -.122E+00
    1   11   -.832E-01   -.824E-01
    1   12   -.746E-01   -.730E-01
    1   13   -.949E-04   -.885E-04
    1   14   -.503E-01   -.499E-01
    1   15   -.376E-01   -.373E-01
    2    1   -.492E+00    .000E+00
    2    2   -.589E+00   -.659E+00
    2    3   -.472E+01   -.471E+01
    2    4   -.371E-03   -.391E-03
    2    5   -.645E-01   -.655E-01
    2    6   -.115E+01   -.115E+01
    2    7   -.488E+00   -.485E+00
    2    8   -.193E-02   -.188E-02
    2    9   -.114E-01   -.117E-01
    2   10   -.252E+00   -.251E+00
    2   11   -.153E+00   -.152E+00
    2   12   -.236E-03   -.248E-03
    2   13   -.800E-02   -.820E-02
    2   14   -.974E-01   -.968E-01
    2   15   -.685E-01   -.681E-01
    3    1    .209E-01    .210E-01
    3    2   -.960E+00   -.102E+01
    3    3   -.182E-02   -.195E-02
    3    4   -.168E+01   -.167E+01
    3    5   -.126E+00   -.128E+00
    3    6   -.240E-02   -.245E-02
    3    7   -.125E-02   -.124E-02
    3    8   -.460E+00   -.459E+00
    3    9   -.298E-01   -.303E-01
    3   10   -.676E-03   -.674E-03
    3   11   -.540E-04   -.544E-04
    3   12   -.201E+00   -.200E+00
    3   13   -.136E-01   -.138E-01
    3   14   -.515E-03   -.513E-03
    3   15   -.183E-03   -.184E-03
    4    1    .455E+00    .501E+00
    4    2    .126E+00    .126E+00
    4    3   -.780E-01   -.752E-01
    4    4   -.137E+00   -.140E+00
    4    5   -.884E+01   -.874E+01
    4    6   -.254E-01   -.243E-01
    4    7   -.181E-03   -.130E-03
    4    8   -.303E-01   -.306E-01
    4    9   -.143E+01   -.141E+01
    4   10   -.497E-02   -.471E-02
    4   11   -.122E-02   -.112E-02
    4   12   -.136E-01   -.137E-01
    4   13   -.498E+00   -.489E+00
    4   14   -.319E-02   -.304E-02
    4   15   -.101E-02   -.950E-03
    5    1    .235E+00    .238E+00
    5    2    .129E-04    .335E-05
    5    3   -.101E+01    .000E+00
    5    4   -.540E+00   -.624E+00
    5    5   -.106E-01   -.104E-01
    5    6   -.451E+01   -.452E+01
    5    7   -.120E+01   -.123E+01
    5    8   -.834E-02   -.811E-02
    5    9   -.117E-02   -.120E-02
    5   10   -.525E+00   -.535E+00
    5   11   -.286E+00   -.290E+00
    5   12   -.308E-04   -.506E-04
    5   13   -.314E-02   -.323E-02
    5   14   -.174E+00   -.175E+00
    5   15   -.116E+00   -.117E+00
    6    1    .732E-02    .618E-02
    6    2    .650E+00    .673E+00
    6    3    .404E-02    .687E-02
    6    4   -.139E+01    .000E+00
    6    5   -.311E-01   -.328E-01
    6    6   -.238E-02   -.141E-02
    6    7   -.163E-01   -.176E-01
    6    8   -.185E+01   -.184E+01
    6    9   -.638E-01   -.634E-01
    6   10   -.192E-03   -.104E-03
    6   11   -.162E-03   -.247E-03
    6   12   -.518E+00   -.526E+00
    6   13   -.213E-01   -.213E-01
    6   14   -.303E-03   -.232E-03
    6   15   -.246E-04   -.925E-05
    7    1    .807E-02    .808E-02
    7    2    .886E-01    .904E-01
    7    3    .487E+00    .533E+00
    7    4    .107E+00    .000E+00
    7    5   -.241E+00    .000E+00
    7    6   -.787E-01   -.768E-01
    7    7   -.219E-01   -.213E-01
    7    8   -.177E+00   -.179E+00
    7    9   -.748E+01   -.748E+01
    7   10   -.132E-02   -.139E-02
    7   11   -.119E-03   -.116E-03
    7   12   -.425E-01   -.437E-01
    7   13   -.164E+01   -.165E+01
    7   14   -.177E-02   -.178E-02
    7   15   -.614E-04   -.571E-04
    8    1    .424E-01    .432E-01
    8    2    .725E-03    .793E-03
    8    3    .549E+00    .523E+00
    8    4    .253E-03    .141E-03
    8    5    .234E-02    .233E-02
    8    6   -.136E+01    .000E+00
    8    7   -.481E+01   -.454E+01
    8    8   -.207E+00   -.263E+00
    8    9   -.967E-01   -.962E-01
    8   10   -.124E+01   -.116E+01
    8   11   -.553E+00   -.522E+00
    8   12   -.942E-03   -.853E-03
    8   13   -.200E-02   -.202E-02
    8   14   -.308E+00   -.296E+00
    8   15   -.191E+00   -.187E+00
    9    1    .195E-01    .197E-01
    9    2    .478E-02    .491E-02
    9    3    .119E+00    .118E+00
    9    4    .472E-01    .456E-01
    9    5    .343E-02    .327E-02
    9    6    .112E+01    .113E+01
    9    7   -.202E+01    .000E+00
    9    8   -.211E-03    .000E+00
    9    9   -.179E-02   -.203E-02
    9   10   -.447E+01   -.444E+01
    9   11   -.131E+01   -.131E+01
    9   12   -.873E+00   -.948E+00
    9   13   -.356E-01   -.333E-01
    9   14   -.521E+00   -.517E+00
    9   15   -.305E+00   -.304E+00
   10    1    .932E-03    .694E-03
   10    2    .137E+00    .143E+00
   10    3    .430E-03    .712E-03
   10    4    .106E+01    .104E+01
   10    5    .904E-02    .910E-02
   10    6    .487E-01    .538E-01
   10    7    .194E-01    .000E+00
   10    8   -.179E+01    .000E+00
   10    9   -.552E-01   -.596E-01
   10   10   -.127E+00   -.121E+00
   10   11   -.180E-01   -.173E-01
   10   12   -.166E+01   -.149E+01
   10   13   -.708E-01   -.659E-01
   10   14   -.176E-01   -.164E-01
   10   15   -.702E-02   -.658E-02
   11    1    .136E-02    .136E-02
   11    2    .226E-01    .230E-01
   11    3    .693E-03    .642E-03
   11    4    .987E-01    .967E-01
   11    5    .138E+00    .131E+00
   11    6    .268E+00    .307E+00
   11    7    .749E-01    .678E-01
   11    8    .143E+00    .000E+00
   11    9   -.395E+00    .000E+00
   11   10   -.206E+00   -.199E+00
   11   11   -.126E-01   -.122E-01
   11   12   -.138E+00   -.121E+00
   11   13   -.693E+01   -.663E+01
   11   14   -.275E-01   -.261E-01
   11   15   -.552E-02   -.528E-02
   12    1    .791E-02    .807E-02
   12    2    .106E-03    .114E-03
   12    3    .439E-01    .449E-01
   12    4    .508E-04    .673E-04
   12    5    .161E-04    .175E-04
   12    6    .188E+00    .184E+00
   12    7    .148E+01    .145E+01
   12    8    .123E-01    .126E-01
   12    9    .342E-04    .669E-04
   12   10   -.209E+01    .000E+00
   12   11   -.490E+01   -.493E+01
   12   12   -.491E-02   -.443E-02
   12   13   -.236E-01   -.223E-01
   12   14   -.138E+01   -.139E+01
   12   15   -.624E+00   -.626E+00
   13    1    .511E-02    .518E-02
   13    2    .992E-04    .993E-04
   13    3    .231E-01    .240E-01
   13    4    .833E-03    .781E-03
   13    5    .186E-03    .183E-03
   13    6    .775E-01    .753E-01
   13    7    .350E+00    .332E+00
   13    8    .889E-03    .919E-03
   13    9    .163E-02    .157E-02
   13   10    .198E+01    .193E+01
   13   11   -.259E+01    .000E+00
   13   12   -.358E-02   -.379E-02
   13   13   -.105E-02   -.825E-03
   13   14   -.503E+01   -.506E+01
   13   15   -.141E+01   -.142E+01
   14    1    .113E-02    .953E-03
   14    2    .577E-01    .602E-01
   14    3    .222E-03    .121E-03
   14    4    .240E+00    .242E+00
   14    5    .104E-02    .111E-02
   14    6    .470E-05    .334E-04
   14    7    .479E-02    .393E-02
   14    8    .158E+01    .160E+01
   14    9    .151E-01    .152E-01
   14   10    .116E-02    .158E-02
   14   11    .178E-01    .000E+00
   14   12   -.218E+01    .000E+00
   14   13   -.685E-01    .000E+00
   14   14   -.264E-01   -.243E-01
   14   15   -.106E-02   -.848E-03
   15    1    .123E-02    .126E-02
   15    2    .896E-02    .906E-02
   15    3    .135E-02    .132E-02
   15    4    .245E-01    .243E-01
   15    5    .244E-01    .244E-01
   15    6    .189E-02    .181E-02
   15    7    .432E+00    .476E+00
   15    8    .605E-01    .589E-01
   15    9    .316E+00    .313E+00
   15   10    .760E-02    .685E-02
   15   11    .154E+00    .150E+00
   15   12    .154E+00    .000E+00
   15   13   -.618E+00    .000E+00
   15   14   -.303E+00    .000E+00
   15   15   -.111E-03   -.149E-03
   16    1    .257E-02    .262E-02
   16    2    .291E-03    .302E-03
   16    3    .124E-01    .130E-01
   16    4    .548E-03    .583E-03
   16    5    .869E-04    .876E-04
   16    6    .379E-01    .367E-01
   16    7    .770E-01    .671E-01
   16    8    .463E-02    .452E-02
   16    9    .172E-02    .171E-02
   16   10    .409E+00    .392E+00
   16   11    .236E+01    .232E+01
   16   12    .210E-02    .000E+00
   16   13    .312E-02    .000E+00
   16   14   -.253E+01    .000E+00
   16   15   -.541E+01   -.543E+01
   17    1    .202E-02    .206E-02
   17    2    .129E-04    .140E-04
   17    3    .848E-02    .897E-02
   17    4    .132E-05    .310E-05
   17    5    .687E-05    .661E-05
   17    6    .235E-01    .226E-01
   17    7    .548E-01    .485E-01
   17    8    .381E-03    .357E-03
   17    9    .252E-05    .222E-05
   17   10    .170E+00    .161E+00
   17   11    .523E+00    .509E+00
   17   12    .105E-02    .941E-03
   17   13    .621E-02    .587E-02
   17   14    .294E+01    .292E+01
   17   15   -.314E+01    .000E+00
  3  2  0    3  2  1       120
    1    1   -.716E+00   -.794E+00
    1    2   -.768E-02   -.716E-02
    1    3   -.233E-02   -.217E-02
    1    4   -.990E-03   -.916E-03
    1    5   -.512E-03   -.472E-03
    1    6   -.299E-03   -.276E-03
    1    7   -.191E-03   -.176E-03
    1    8   -.129E-03   -.119E-03
    2    1   -.189E+00   -.195E+00
    2    2   -.111E+01   -.112E+01
    2    3   -.293E+00   -.295E+00
    2    4   -.126E+00   -.127E+00
    2    5   -.674E-01   -.678E-01
    2    6   -.409E-01   -.412E-01
    2    7   -.269E-01   -.271E-01
    2    8   -.188E-01   -.189E-01
    3    1    .189E-03    .987E-04
    3    2   -.600E+00   -.680E+00
    3    3   -.436E-04   -.357E-04
    3    4   -.560E-04   -.519E-04
    3    5   -.353E-04   -.332E-04
    3    6   -.222E-04   -.209E-04
    3    7   -.147E-04   -.138E-04
    3    8   -.102E-04   -.958E-05
    4    1    .667E-01    .701E-01
    4    2   -.358E+00    .000E+00
    4    3   -.102E+01   -.102E+01
    4    4   -.288E+00   -.293E+00
    4    5   -.128E+00   -.130E+00
    4    6   -.702E-01   -.709E-01
    4    7   -.433E-01   -.435E-01
    4    8   -.289E-01   -.289E-01
    5    1    .174E+01    .171E+01
    5    2    .657E-01    .000E+00
    5    3   -.428E-01   -.443E-01
    5    4   -.756E-02   -.825E-02
    5    5   -.277E-02   -.305E-02
    5    6   -.137E-02   -.149E-02
    5    7   -.790E-03   -.851E-03
    5    8   -.505E-03   -.537E-03
    6    1    .693E-03    .577E-03
    6    2    .154E-03    .120E-03
    6    3   -.573E+00   -.651E+00
    6    4   -.273E-03   -.290E-03
    6    5   -.545E-04   -.581E-04
    6    6   -.193E-04   -.204E-04
    6    7   -.905E-05   -.943E-05
    6    8   -.504E-05   -.517E-05
    7    1    .427E-05    .169E-05
    7    2    .491E-05    .158E-05
    7    3   -.632E-02   -.605E-02
    7    4   -.404E+00   -.471E+00
    7    5   -.140E-02   -.131E-02
    7    6   -.801E-03   -.769E-03
    7    7   -.491E-03   -.478E-03
    7    8   -.325E-03   -.320E-03
    8    1    .118E-01    .127E-01
    8    2    .152E+00    .144E+00
    8    3   -.474E+00    .000E+00
    8    4   -.119E+01   -.113E+01
    8    5   -.282E+00   -.262E+00
    8    6   -.129E+00   -.122E+00
    8    7   -.722E-01   -.692E-01
    8    8   -.452E-01   -.440E-01
    9    1    .291E+00    .284E+00
    9    2    .143E+01    .140E+01
    9    3    .114E+00    .000E+00
    9    4   -.768E-01   -.629E-01
    9    5   -.214E-01   -.177E-01
    9    6   -.764E-02   -.645E-02
    9    7   -.375E-02   -.332E-02
    9    8   -.217E-02   -.202E-02
   10    1    .200E-03    .168E-03
   10    2    .316E-03    .298E-03
   10    3    .765E-04    .585E-04
   10    4   -.409E-03   -.357E-03
   10    5   -.529E+00   -.604E+00
   10    6   -.134E-03   -.141E-03
   10    7   -.395E-04   -.406E-04
   10    8   -.183E-04   -.186E-04
   11    1    .430E-04    .339E-04
   11    2    .509E-04    .456E-04
   11    3    .549E-04    .466E-04
   11    4   -.108E-02   -.101E-02
   11    5   -.504E-03   -.542E-03
   11    6   -.504E+00   -.578E+00
   11    7   -.118E-05   -.232E-05
   11    8   -.224E-05   -.176E-05
   12    1    .382E-02    .417E-02
   12    2    .267E-01    .263E-01
   12    3    .238E+00    .238E+00
   12    4   -.586E+00    .000E+00
   12    5   -.106E+01   -.105E+01
   12    6   -.325E+00   -.325E+00
   12    7   -.124E+00   -.122E+00
   12    8   -.734E-01   -.728E-01
   13    1    .104E+00    .101E+00
   13    2    .324E+00    .320E+00
   13    3    .134E+01    .133E+01
   13    4    .155E+00    .000E+00
   13    5   -.165E+00   -.171E+00
   13    6   -.306E-01   -.318E-01
   13    7   -.178E-01   -.187E-01
   13    8   -.741E-02   -.764E-02
   14    1    .175E-03    .153E-03
   14    2    .295E-03    .282E-03
   14    3    .553E-03    .526E-03
   14    4    .166E-04    .000E+00
   14    5   -.540E-03   -.490E-03
   14    6   -.221E-04   -.140E-04
   14    7   -.529E+00   -.605E+00
   14    8   -.170E-03   -.178E-03
   15    1    .383E-04    .312E-04
   15    2    .440E-04    .404E-04
   15    3    .495E-04    .442E-04
   15    4    .447E-04    .330E-04
   15    5   -.258E-03   -.232E-03
   15    6   -.225E-06   -.118E-07
   15    7   -.322E-04   -.413E-04
   15    8   -.521E+00   -.596E+00
  3  2  0    3  3  1       195
    1    1   -.222E+00   -.282E+00
    1    2   -.146E+02   -.146E+02
    1    3   -.226E-01   -.235E-01
    1    4   -.245E+01   -.244E+01
    1    5   -.861E+00   -.855E+00
    1    6   -.161E-01   -.166E-01
    1    7   -.179E-04   -.276E-04
    1    8   -.417E+00   -.414E+00
    1    9   -.236E+00   -.234E+00
    1   10   -.703E-02   -.725E-02
    1   11   -.292E-04   -.199E-04
    1   12   -.150E+00   -.149E+00
    1   13   -.101E+00   -.100E+00
    2    1   -.817E+00    .000E+00
    2    2   -.252E+00   -.248E+00
    2    3   -.668E+01   -.669E+01
    2    4   -.176E-01   -.169E-01
    2    5   -.130E-01   -.126E-01
    2    6   -.162E+01   -.161E+01
    2    7   -.147E-02   -.140E-02
    2    8   -.369E-02   -.355E-02
    2    9   -.320E-02   -.310E-02
    2   10   -.670E+00   -.668E+00
    2   11   -.183E-02   -.176E-02
    2   12   -.654E-03   -.622E-03
    2   13   -.836E-03   -.806E-03
    3    1    .149E-01    .179E-01
    3    2   -.628E+00    .000E+00
    3    3   -.367E+00   -.426E+00
    3    4   -.125E+02   -.126E+02
    3    5   -.279E+01   -.282E+01
    3    6   -.134E-02   -.101E-02
    3    7   -.300E-02   -.297E-02
    3    8   -.111E+01   -.112E+01
    3    9   -.569E+00   -.570E+00
    3   10   -.564E-03   -.443E-03
    3   11   -.165E-02   -.165E-02
    3   12   -.338E+00   -.336E+00
    3   13   -.219E+00   -.217E+00
    4    1    .312E+00    .330E+00
    4    2    .729E-02    .927E-02
    4    3   -.138E+01    .000E+00
    4    4   -.653E-01   -.693E-01
    4    5   -.115E-01   -.123E-01
    4    6   -.647E+01   -.645E+01
    4    7   -.287E-03   -.311E-03
    4    8   -.613E-03   -.729E-03
    4    9   -.110E-02   -.120E-02
    4   10   -.169E+01   -.171E+01
    4   11   -.192E-02   -.201E-02
    4   12   -.359E-04   -.270E-04
    4   13   -.477E-04   -.564E-04
    5    1    .404E-01    .369E-01
    5    2    .563E+00    .637E+00
    5    3    .137E-02    .000E+00
    5    4   -.126E-01   -.123E-01
    5    5   -.366E-03   -.354E-03
    5    6   -.290E-01   -.288E-01
    5    7   -.203E+02   -.202E+02
    5    8   -.634E-04   -.624E-04
    5    9   -.562E-04   -.521E-04
    5   10   -.813E-02   -.803E-02
    5   11   -.275E+01   -.274E+01
    5   12   -.107E-03   -.114E-03
    5   13   -.306E-05   -.448E-05
    6    1    .995E-03    .145E-02
    6    2    .247E+00    .235E+00
    6    3    .188E-01    .211E-01
    6    4   -.104E+01    .000E+00
    6    5   -.115E+02   -.110E+02
    6    6   -.564E+00   -.645E+00
    6    7   -.207E-01   -.213E-01
    6    8   -.289E+01   -.280E+01
    6    9   -.121E+01   -.121E+01
    6   10   -.778E-03   -.108E-02
    6   11   -.231E-03   -.219E-03
    6   12   -.644E+00   -.654E+00
    6   13   -.391E+00   -.404E+00
    7    1    .258E-02    .314E-02
    7    2    .448E-01    .453E-01
    7    3    .209E-01    .221E-01
    7    4    .703E+00    .707E+00
    7    5   -.170E+01    .000E+00
    7    6   -.118E+00    .000E+00
    7    7   -.230E-02   -.269E-02
    7    8   -.110E+02   -.110E+02
    7    9   -.282E+01   -.281E+01
    7   10   -.114E+01   -.124E+01
    7   11   -.974E-02   -.852E-02
    7   12   -.128E+01   -.128E+01
    7   13   -.683E+00   -.682E+00
    8    1    .575E-01    .617E-01
    8    2    .581E-05    .402E-04
    8    3    .800E+00    .788E+00
    8    4    .272E-04    .985E-04
    8    5    .927E-01    .000E+00
    8    6   -.183E+01    .000E+00
    8    7   -.206E-02    .000E+00
    8    8   -.260E+00   -.262E+00
    8    9   -.623E-01   -.624E-01
    8   10   -.598E+01   -.553E+01
    8   11   -.250E-02   -.207E-02
    8   12   -.101E-01   -.107E-01
    8   13   -.824E-02   -.852E-02
    9    1    .720E-02    .640E-02
    9    2    .260E-03    .232E-03
    9    3    .240E-01    .231E-01
    9    4    .511E+00    .584E+00
    9    5    .188E-01    .173E-01
    9    6    .462E-02    .000E+00
    9    7    .237E-01    .000E+00
    9    8   -.624E-01   -.613E-01
    9    9   -.100E-01   -.984E-02
    9   10   -.417E-01   -.388E-01
    9   11   -.178E+02   -.174E+02
    9   12   -.510E-03   -.512E-03
    9   13   -.885E-03   -.886E-03
   10    1    .145E-03    .237E-03
   10    2    .155E-01    .163E-01
   10    3    .150E-03    .255E-03
   10    4    .112E+00    .106E+00
   10    5    .111E+01    .105E+01
   10    6    .157E-01    .165E-01
   10    7    .433E-03    .396E-03
   10    8   -.170E+01    .000E+00
   10    9   -.113E+02   -.113E+02
   10   10   -.150E-01   -.152E-01
   10   11   -.745E-02   -.724E-02
   10   12   -.297E+01   -.295E+01
   10   13   -.130E+01   -.129E+01
   11    1    .236E-03    .329E-03
   11    2    .759E-02    .817E-02
   11    3    .590E-03    .741E-03
   11    4    .426E-01    .392E-01
   11    5    .223E+00    .201E+00
   11    6    .908E-02    .955E-02
   11    7    .249E-03    .237E-03
   11    8    .165E+01    .160E+01
   11    9   -.206E+01    .000E+00
   11   10   -.669E-01   -.684E-01
   11   11   -.808E-02   -.779E-02
   11   12   -.114E+02   -.113E+02
   11   13   -.304E+01   -.301E+01
   12    1    .222E-01    .240E-01
   12    2    .134E-03    .200E-03
   12    3    .163E+00    .167E+00
   12    4    .446E-03    .532E-03
   12    5    .194E-02    .226E-02
   12    6    .141E+01    .144E+01
   12    7    .117E-02    .121E-02
   12    8    .476E-02    .502E-02
   12    9    .562E-01    .000E+00
   12   10   -.237E+01    .000E+00
   12   11   -.446E-02    .000E+00
   12   12   -.112E+00    .000E+00
   12   13   -.805E-02   -.837E-02
   13    1    .259E-02    .227E-02
   13    2    .193E-03    .176E-03
   13    3    .543E-02    .525E-02
   13    4    .629E-03    .590E-03
   13    5    .550E+00    .625E+00
   13    6    .274E-01    .271E-01
   13    7    .134E+00    .126E+00
   13    8    .124E-02    .111E-02
   13    9    .158E-01    .153E-01
   13   10    .821E-02    .000E+00
   13   11    .963E-02    .000E+00
   13   12   -.412E-01    .000E+00
   13   13   -.261E-04   -.199E-04
   14    1    .144E-04    .351E-04
   14    2    .419E-02    .455E-02
   14    3    .395E-05    .267E-07
   14    4    .205E-01    .185E-01
   14    5    .683E-01    .573E-01
   14    6    .191E-04    .313E-04
   14    7    .619E-07    .878E-08
   14    8    .324E+00    .310E+00
   14    9    .218E+01    .218E+01
   14   10    .363E-01    .000E+00
   14   11    .702E-02    .000E+00
   14   12   -.227E+01    .000E+00
   14   13   -.117E+02   -.116E+02
   15    1    .429E-04    .702E-04
   15    2    .269E-02    .294E-02
   15    3    .357E-04    .613E-04
   15    4    .120E-01    .107E-01
   15    5    .375E-01    .312E-01
   15    6    .415E-03    .461E-03
   15    7    .221E-04    .216E-04
   15    8    .125E+00    .118E+00
   15    9    .446E+00    .443E+00
   15   10    .566E-02    .577E-02
   15   11    .596E-03    .566E-03
   15   12    .281E+01    .283E+01
   15   13   -.262E+01    .000E+00
  3  2  1    3  3  0        56
    1    1   -.133E+02   -.132E+02
    1    2   -.203E+01   -.201E+01
    1    3   -.688E+00   -.681E+00
    1    4   -.323E+00   -.320E+00
    1    5   -.181E+00   -.179E+00
    1    6   -.113E+00   -.111E+00
    1    7   -.753E-01   -.744E-01
    2    1   -.117E+00    .000E+00
    2    2   -.116E+02   -.117E+02
    2    3   -.246E+01   -.249E+01
    2    4   -.958E+00   -.965E+00
    2    5   -.486E+00   -.486E+00
    2    6   -.285E+00   -.284E+00
    2    7   -.184E+00   -.182E+00
    3    1    .178E+00    .171E+00
    3    2   -.235E+00    .000E+00
    3    3   -.110E+02   -.105E+02
    3    4   -.260E+01   -.252E+01
    3    5   -.107E+01   -.107E+01
    3    6   -.565E+00   -.574E+00
    3    7   -.340E+00   -.352E+00
    4    1    .316E-01    .322E-01
    4    2    .468E+00    .469E+00
    4    3   -.355E+00    .000E+00
    4    4   -.108E+02   -.108E+02
    4    5   -.268E+01   -.268E+01
    4    6   -.114E+01   -.114E+01
    4    7   -.613E+00   -.613E+00
    5    1    .113E-01    .120E-01
    5    2    .888E-01    .846E-01
    5    3    .830E+00    .785E+00
    5    4   -.457E+00    .000E+00
    5    5   -.108E+02   -.108E+02
    5    6   -.276E+01   -.274E+01
    5    7   -.119E+01   -.118E+01
    6    1    .542E-02    .593E-02
    6    2    .327E-01    .300E-01
    6    3    .164E+00    .146E+00
    6    4    .124E+01    .121E+01
    6    5   -.554E+00    .000E+00
    6    6   -.110E+02   -.110E+02
    6    7   -.284E+01   -.281E+01
    7    1    .308E-02    .342E-02
    7    2    .160E-01    .144E-01
    7    3    .615E-01    .524E-01
    7    4    .251E+00    .240E+00
    7    5    .169E+01    .168E+01
    7    6   -.649E+00    .000E+00
    7    7   -.113E+02   -.112E+02
    8    1    .194E-02    .217E-02
    8    2    .922E-02    .817E-02
    8    3    .305E-01    .253E-01
    8    4    .957E-01    .903E-01
    8    5    .349E+00    .347E+00
    8    6    .216E+01    .218E+01
    8    7   -.741E+00    .000E+00
  3  3  0    3  3  1        91
    1    1    .182E+01    .180E+01
    1    2    .666E+00    .771E+00
    1    3    .649E-01    .000E+00
    1    4   -.213E-03   -.171E-03
    1    5   -.217E-03   -.197E-03
    1    6   -.128E-01   -.126E-01
    1    7   -.181E+01   -.178E+01
    1    8   -.264E-06   -.750E-06
    1    9   -.199E-06   -.443E-06
    1   10   -.152E-02   -.163E-02
    1   11   -.265E+00   -.260E+00
    1   12   -.824E-05   -.694E-05
    1   13   -.624E-06   -.405E-06
    2    1    .319E+00    .314E+00
    2    2    .133E-02    .126E-02
    2    3    .146E+01    .144E+01
    2    4    .666E+00    .769E+00
    2    5    .411E-03    .289E-03
    2    6    .108E+00    .000E+00
    2    7   -.331E-01    .000E+00
    2    8   -.156E-04   -.809E-05
    2    9   -.693E-08   -.597E-06
    2   10   -.340E-01   -.256E-01
    2   11   -.155E+01   -.151E+01
    2   12   -.238E-04   -.225E-04
    2   13   -.706E-06   -.331E-06
    3    1    .117E+00    .115E+00
    3    2    .462E-03    .430E-03
    3    3    .329E+00    .328E+00
    3    4    .619E-03    .595E-03
    3    5    .742E+00    .850E+00
    3    6    .126E+01    .125E+01
    3    7    .289E-01    .277E-01
    3    8    .163E-03    .140E-03
    3    9    .204E-03    .179E-03
    3   10    .144E+00    .000E+00
    3   11   -.594E-01    .000E+00
    3   12   -.643E-04    .000E+00
    3   13   -.125E-04   -.847E-05
    4    1    .580E-01    .568E-01
    4    2    .221E-03    .203E-03
    4    3    .132E+00    .132E+00
    4    4    .268E-03    .255E-03
    4    5    .140E-06    .241E-06
    4    6    .329E+00    .325E+00
    4    7    .561E-02    .507E-02
    4    8    .717E+00    .822E+00
    4    9    .840E-04    .926E-04
    4   10    .122E+01    .118E+01
    4   11    .794E-01    .757E-01
    4   12    .424E-03    .394E-03
    4   13    .102E-03    .909E-04
    5    1    .336E-01    .329E-01
    5    2    .125E-03    .114E-03
    5    3    .684E-01    .684E-01
    5    4    .147E-03    .139E-03
    5    5    .117E-06    .239E-06
    5    6    .139E+00    .137E+00
    5    7    .195E-02    .170E-02
    5    8    .487E-04    .479E-04
    5    9    .732E+00    .838E+00
    5   10    .308E+00    .295E+00
    5   11    .158E-01    .146E-01
    5   12    .470E-04    .387E-04
    5   13    .196E-05    .104E-05
    6    1    .215E-01    .210E-01
    6    2    .786E-04    .716E-04
    6    3    .407E-01    .406E-01
    6    4    .907E-04    .855E-04
    6    5    .169E-07    .690E-07
    6    6    .744E-01    .730E-01
    6    7    .926E-03    .799E-03
    6    8    .192E-04    .182E-04
    6    9    .908E-06    .110E-05
    6   10    .150E+00    .144E+00
    6   11    .490E-02    .437E-02
    6   12    .715E+00    .820E+00
    6   13    .191E-05    .324E-05
    7    1    .147E-01    .144E-01
    7    2    .531E-04    .482E-04
    7    3    .265E-01    .264E-01
    7    4    .604E-04    .568E-04
    7    5    .621E-10    .154E-07
    7    6    .453E-01    .444E-01
    7    7    .522E-03    .450E-03
    7    8    .108E-04    .101E-04
    7    9    .325E-09    .252E-09
    7   10    .783E-01    .750E-01
    7   11    .265E-02    .238E-02
    7   12    .666E-04    .664E-04
    7   13    .724E+00    .830E+00
  3  3  1    3  4  0       130
    1    1   -.181E+02   -.180E+02
    1    2   -.449E-01   -.442E-01
    1    3   -.304E-01   -.305E-01
    1    4   -.303E+01   -.302E+01
    1    5   -.139E-02   -.133E-02
    1    6   -.126E-02   -.129E-02
    1    7   -.108E+01   -.107E+01
    1    8   -.615E-02   -.612E-02
    1    9   -.577E-02   -.566E-02
    1   10   -.120E-03   -.110E-03
    2    1   -.294E+00   -.370E+00
    2    2   -.287E+02   -.288E+02
    2    3   -.388E+01   -.390E+01
    2    4   -.595E-01   -.595E-01
    2    5   -.127E+01   -.127E+01
    2    6   -.574E+00   -.570E+00
    2    7   -.316E-02   -.313E-02
    2    8   -.688E-07   -.173E-06
    2    9   -.323E+00   -.320E+00
    2   10   -.197E+00   -.195E+00
    3    1   -.962E+00    .000E+00
    3    2   -.432E-01   -.421E-01
    3    3   -.340E+00   -.340E+00
    3    4   -.151E+02   -.152E+02
    3    5   -.965E-05   -.464E-05
    3    6   -.125E-01   -.125E-01
    3    7   -.343E+01   -.348E+01
    3    8   -.167E-01   -.169E-01
    3    9   -.102E-01   -.105E-01
    3   10   -.309E-04   -.257E-04
    4    1    .215E-01    .207E-01
    4    2   -.234E+00    .000E+00
    4    3   -.234E+02   -.230E+02
    4    4   -.192E+01   -.209E+01
    4    5   -.498E+01   -.505E+01
    4    6   -.182E+01   -.190E+01
    4    7   -.439E-02   -.395E-02
    4    8   -.939E-03   -.966E-03
    4    9   -.910E+00   -.963E+00
    4   10   -.521E+00   -.558E+00
    5    1    .174E-03    .205E-03
    5    2    .224E+00    .212E+00
    5    3   -.193E+00    .000E+00
    5    4   -.216E+00   -.211E+00
    5    5   -.227E+02   -.226E+02
    5    6   -.496E+01   -.489E+01
    5    7   -.799E+00   -.928E+00
    5    8   -.205E-03   -.384E-03
    5    9   -.226E+01   -.223E+01
    5   10   -.110E+01   -.108E+01
    6    1    .346E+00    .327E+00
    6    2    .140E-01    .140E-01
    6    3    .303E-01    .000E+00
    6    4   -.170E+01    .000E+00
    6    5   -.101E-01   -.984E-02
    6    6   -.551E-01   -.532E-01
    6    7   -.146E+02   -.140E+02
    6    8   -.181E-02   -.133E-02
    6    9   -.478E-01   -.455E-01
    6   10   -.662E-04   -.493E-04
    7    1    .628E-02    .521E-02
    7    2    .698E+00    .801E+00
    7    3    .836E-04    .711E-04
    7    4    .153E-03    .000E+00
    7    5   -.153E-02   -.150E-02
    7    6   -.148E-06   -.283E-06
    7    7   -.834E-01   -.842E-01
    7    8   -.352E+02   -.352E+02
    7    9   -.307E-02   -.305E-02
    7   10   -.547E-03   -.544E-03
    8    1    .157E-03    .182E-03
    8    2    .349E-01    .294E-01
    8    3    .549E+00    .509E+00
    8    4    .545E-01    .523E-01
    8    5   -.549E+00    .000E+00
    8    6   -.220E+02   -.217E+02
    8    7   -.643E-02   -.622E-02
    8    8   -.485E-03   -.475E-03
    8    9   -.523E+01   -.511E+01
    8   10   -.217E+01   -.210E+01
    9    1    .207E-04    .288E-04
    9    2    .116E-01    .918E-02
    9    3    .936E-01    .823E-01
    9    4    .453E-02    .412E-02
    9    5    .104E+01    .106E+01
    9    6   -.548E+00    .000E+00
    9    7   -.382E+00   -.379E+00
    9    8   -.979E-02   -.972E-02
    9    9   -.214E+02   -.211E+02
    9   10   -.539E+01   -.527E+01
   10    1    .598E-01    .591E-01
   10    2    .801E-03    .758E-03
   10    3    .619E-05    .345E-04
   10    4    .887E+00    .885E+00
   10    5    .904E-02    .891E-02
   10    6    .478E-02    .465E-02
   10    7   -.221E+01    .000E+00
   10    8   -.306E-02    .000E+00
   10    9   -.123E-01    .000E+00
   10   10   -.221E-01   -.218E-01
   11    1    .967E-03    .824E-03
   11    2    .286E-04    .230E-04
   11    3    .678E+00    .779E+00
   11    4    .342E-01    .356E-01
   11    5    .383E-03    .395E-03
   11    6    .191E-02    .192E-02
   11    7    .860E-04    .000E+00
   11    8    .593E-01    .000E+00
   11    9   -.393E-02    .000E+00
   11   10   -.124E-04   -.968E-05
   12    1    .849E-04    .960E-04
   12    2    .547E-02    .420E-02
   12    3    .347E-01    .300E-01
   12    4    .351E-02    .326E-02
   12    5    .190E+00    .196E+00
   12    6    .156E+01    .163E+01
   12    7    .180E+00    .000E+00
   12    8    .530E-02    .000E+00
   12    9   -.104E+01    .000E+00
   12   10   -.217E+02   -.214E+02
   13    1    .236E-04    .284E-04
   13    2    .299E-02    .228E-02
   13    3    .158E-01    .134E-01
   13    4    .106E-02    .965E-03
   13    5    .671E-01    .696E-01
   13    6    .296E+00    .314E+00
   13    7    .323E-02    .308E-02
   13    8    .182E-03    .175E-03
   13    9    .221E+01    .229E+01
   13   10   -.951E+00    .000E+00
  0  0  0    0  0  0         0
