   14   13    F
  2  0  1    2  1  0        80
    1    1    .688E-03    .104E-02
    1    2    .142E+01    .138E+01
    1    3    .148E-01    .120E-01
    1    4    .285E-01    .307E-01
    1    5    .250E-01    .228E-01
    1    6    .948E-02    .823E-02
    1    7    .605E-02    .521E-02
    1    8    .424E-02    .365E-02
    1    9    .311E-02    .268E-02
    1   10    .235E-02    .203E-02
    2    1    .492E-03    .162E-02
    2    2    .146E-03    .560E-04
    2    3    .117E+01    .116E+01
    2    4    .194E-01    .203E-01
    2    5    .668E-02    .671E-02
    2    6    .919E-03    .850E-03
    2    7    .332E-03    .284E-03
    2    8    .153E-03    .121E-03
    2    9    .797E-04    .581E-04
    2   10    .451E-04    .302E-04
    3    1    .439E-03    .119E-02
    3    2    .364E-06    .223E-04
    3    3    .111E-03    .998E-04
    3    4    .914E-01    .893E-01
    3    5    .106E+01    .106E+01
    3    6    .111E-02    .109E-02
    3    7    .208E-03    .194E-03
    3    8    .676E-04    .581E-04
    3    9    .270E-04    .210E-04
    3   10    .120E-04    .827E-05
    4    1    .304E-03    .766E-03
    4    2    .502E-05    .297E-04
    4    3    .281E-05    .177E-05
    4    4    .263E-02    .241E-02
    4    5    .158E-02    .152E-02
    4    6    .114E+01    .113E+01
    4    7    .331E-03    .318E-03
    4    8    .541E-04    .483E-04
    4    9    .146E-04    .116E-04
    4   10    .459E-05    .301E-05
    5    1    .207E-03    .506E-03
    5    2    .554E-05    .243E-04
    5    3    .153E-09    .581E-07
    5    4    .663E-03    .578E-03
    5    5    .246E-03    .228E-03
    5    6    .300E-03    .301E-03
    5    7    .114E+01    .113E+01
    5    8    .957E-04    .896E-04
    5    9    .118E-04    .978E-05
    5   10    .204E-05    .127E-05
    6    1    .145E-03    .348E-03
    6    2    .469E-05    .184E-04
    6    3    .190E-06    .408E-06
    6    4    .277E-03    .232E-03
    6    5    .800E-04    .719E-04
    6    6    .475E-04    .480E-04
    6    7    .105E-03    .108E-03
    6    8    .114E+01    .113E+01
    6    9    .184E-04    .164E-04
    6   10    .888E-06    .500E-06
    7    1    .104E-03    .249E-03
    7    2    .373E-05    .139E-04
    7    3    .311E-06    .531E-06
    7    4    .147E-03    .119E-03
    7    5    .359E-04    .314E-04
    7    6    .150E-04    .153E-04
    7    7    .170E-04    .182E-04
    7    8    .287E-04    .305E-04
    7    9    .114E+01    .113E+01
    7   10    .157E-06    .424E-07
    8    1    .775E-04    .184E-03
    8    2    .293E-05    .106E-04
    8    3    .328E-06    .520E-06
    8    4    .886E-04    .705E-04
    8    5    .193E-04    .165E-04
    8    6    .648E-05    .660E-05
    8    7    .537E-05    .590E-05
    8    8    .435E-05    .497E-05
    8    9    .269E-05    .323E-05
    8   10    .114E+01    .113E+01
  2  0  0    2  1  1        90
    1    1    .786E+00    .780E+00
    1    2   -.225E+01   -.227E+01
    1    3   -.465E-02   -.452E-02
    1    4   -.168E-01   -.166E-01
    1    5   -.396E-01   -.392E-01
    1    6   -.275E-01   -.274E-01
    1    7   -.111E-03   -.948E-04
    1    8   -.199E-02   -.181E-02
    1    9   -.769E-02   -.598E-02
    1   10   -.762E-03   -.382E-03
    2    1    .531E+00    .469E+00
    2    2   -.498E-02    .000E+00
    2    3   -.364E-03   -.363E-03
    2    4   -.124E-02   -.119E-02
    2    5   -.346E-01   -.340E-01
    2    6   -.106E+00   -.105E+00
    2    7   -.194E-01   -.195E-01
    2    8   -.139E-01   -.145E-01
    2    9   -.103E+00   -.113E+00
    2   10   -.421E-01   -.474E-01
    3    1    .904E-01    .886E-01
    3    2    .140E+01    .137E+01
    3    3   -.329E+01   -.315E+01
    3    4   -.808E-04   -.633E-04
    3    5   -.266E-01   -.305E-01
    3    6   -.457E-01   -.423E-01
    3    7   -.159E-02   -.680E-03
    3    8   -.681E-04   -.369E-03
    3    9   -.798E-02   -.801E-02
    3   10   -.475E-02   -.324E-02
    4    1    .341E-01    .336E-01
    4    2    .189E+00    .181E+00
    4    3    .206E+01    .195E+01
    4    4   -.395E+01   -.377E+01
    4    5   -.433E-01   -.409E-01
    4    6   -.181E+00   -.168E+00
    4    7   -.128E-01   -.127E-01
    4    8   -.395E-03   -.558E-03
    4    9   -.924E-02   -.759E-02
    4   10   -.907E-02   -.841E-02
    5    1    .167E-01    .166E-01
    5    2    .666E-01    .646E-01
    5    3    .243E+00    .231E+00
    5    4    .255E+01    .251E+01
    5    5   -.280E+01    .000E+00
    5    6   -.188E+01   -.184E+01
    5    7   -.101E+00   -.975E-01
    5    8   -.525E-02   -.498E-02
    5    9   -.137E-01   -.124E-01
    5   10   -.204E-01   -.184E-01
    6    1    .953E-02    .951E-02
    6    2    .326E-01    .318E-01
    6    3    .839E-01    .812E-01
    6    4    .305E+00    .300E+00
    6    5    .173E+01    .172E+01
    6    6    .183E+01    .000E+00
    6    7   -.580E+01    .000E+00
    6    8   -.606E-01   -.572E-01
    6    9   -.241E-01   -.230E-01
    6   10   -.560E-01   -.514E-01
    7    1    .601E-02    .600E-02
    7    2    .188E-01    .184E-01
    7    3    .410E-01    .400E-01
    7    4    .106E+00    .105E+00
    7    5    .262E+00    .257E+00
    7    6    .179E-01    .168E-01
    7    7    .447E+01    .000E+00
    7    8   -.657E+01    .000E+00
    7    9   -.503E-01    .000E+00
    7   10   -.239E+00    .000E+00
    8    1    .405E-02    .404E-02
    8    2    .120E-01    .117E-01
    8    3    .237E-01    .232E-01
    8    4    .521E-01    .516E-01
    8    5    .962E-01    .935E-01
    8    6    .400E-02    .368E-02
    8    7    .383E+00    .372E+00
    8    8    .494E+01    .000E+00
    8    9   -.216E+01    .000E+00
    8   10   -.513E+01    .000E+00
    9    1    .287E-02    .286E-02
    9    2    .818E-02    .800E-02
    9    3    .152E-01    .149E-01
    9    4    .303E-01    .300E-01
    9    5    .483E-01    .466E-01
    9    6    .171E-02    .157E-02
    9    7    .124E+00    .119E+00
    9    8    .489E+00    .000E+00
    9    9    .144E+01    .000E+00
    9   10    .454E+01    .000E+00
  2  1  1    2  1  0       100
    1    1   -.532E+01   -.512E+01
    1    2   -.162E-01   -.181E-01
    1    3   -.923E-03   -.155E-02
    1    4   -.346E-03   -.308E-03
    1    5   -.117E-02   -.181E-02
    1    6   -.117E-02   -.170E-02
    1    7   -.886E-03   -.128E-02
    1    8   -.663E-03   -.950E-03
    1    9   -.501E-03   -.716E-03
    1   10   -.385E-03   -.549E-03
    2    1   -.113E-03   -.183E-04
    2    2   -.810E-01   -.754E-01
    2    3   -.817E-01   -.795E-01
    2    4   -.333E+01   -.327E+01
    2    5   -.272E+00   -.269E+00
    2    6   -.102E-01   -.102E-01
    2    7   -.243E-02   -.243E-02
    2    8   -.950E-03   -.953E-03
    2    9   -.474E-03   -.477E-03
    2   10   -.273E-03   -.275E-03
    3    1    .161E-02    .219E-02
    3    2   -.497E-01   -.508E-01
    3    3   -.307E-02   -.294E-02
    3    4   -.275E-02   -.170E-02
    3    5   -.227E-03   -.348E-03
    3    6   -.407E-03   -.446E-03
    3    7   -.319E-03   -.341E-03
    3    8   -.256E-03   -.271E-03
    3    9   -.213E-03   -.224E-03
    3   10   -.181E-03   -.190E-03
    4    1    .102E-01    .100E-01
    4    2   -.916E-01   -.970E-01
    4    3   -.175E-05   -.265E-05
    4    4   -.103E-02   -.697E-03
    4    5   -.782E-03   -.683E-03
    4    6   -.453E-03   -.436E-03
    4    7   -.375E-03   -.367E-03
    4    8   -.312E-03   -.307E-03
    4    9   -.258E-03   -.255E-03
    4   10   -.214E-03   -.212E-03
    5    1    .124E+00    .112E+00
    5    2   -.536E+00   -.581E+00
    5    3   -.248E-01   -.242E-01
    5    4   -.246E-03   -.155E-03
    5    5   -.192E-01   -.193E-01
    5    6   -.143E-01   -.143E-01
    5    7   -.104E-01   -.104E-01
    5    8   -.777E-02   -.778E-02
    5    9   -.595E-02   -.595E-02
    5   10   -.464E-02   -.464E-02
    6    1    .301E+00    .269E+00
    6    2   -.955E+00   -.104E+01
    6    3   -.995E-01   -.967E-01
    6    4   -.649E-02   -.422E-02
    6    5   -.536E-01   -.553E-01
    6    6   -.412E-01   -.414E-01
    6    7   -.292E-01   -.293E-01
    6    8   -.214E-01   -.214E-01
    6    9   -.161E-01   -.161E-01
    6   10   -.124E-01   -.124E-01
    7    1    .355E-01    .321E-01
    7    2   -.654E-01   -.709E-01
    7    3   -.189E-01   -.183E-01
    7    4   -.212E-02   -.129E-02
    7    5   -.762E-02   -.804E-02
    7    6   -.588E-02   -.591E-02
    7    7   -.404E-02   -.403E-02
    7    8   -.289E-02   -.288E-02
    7    9   -.214E-02   -.212E-02
    7   10   -.162E-02   -.161E-02
    8    1    .879E-02    .884E-02
    8    2   -.445E-02   -.376E-02
    8    3   -.671E-02   -.645E-02
    8    4   -.269E-03   -.632E-04
    8    5   -.283E-02   -.301E-02
    8    6   -.192E-02   -.190E-02
    8    7   -.127E-02   -.124E-02
    8    8   -.889E-03   -.861E-03
    8    9   -.647E-03   -.624E-03
    8   10   -.486E-03   -.468E-03
    9    1    .225E-03    .248E-02
    9    2   -.375E-01   -.721E-01
    9    3   -.727E-03   -.631E-03
    9    4   -.120E-01   -.152E-01
    9    5   -.429E-02   -.449E-02
    9    6   -.113E-02   -.963E-03
    9    7   -.654E-03   -.514E-03
    9    8   -.433E-03   -.326E-03
    9    9   -.306E-03   -.225E-03
    9   10   -.225E-03   -.163E-03
   10    1    .460E-02    .118E-02
   10    2   -.508E-01   -.865E-01
   10    3   -.283E-02   -.285E-02
   10    4   -.162E-01   -.175E-01
   10    5   -.269E-03   -.260E-03
   10    6   -.443E-04   -.798E-04
   10    7   -.484E-04   -.876E-04
   10    8   -.389E-04   -.716E-04
   10    9   -.302E-04   -.562E-04
   10   10   -.235E-04   -.441E-04
  2  1  1    2  2  0        90
    1    1   -.150E-01   -.173E-01
    1    2   -.707E+01   -.695E+01
    1    3   -.102E+01   -.980E+00
    1    4   -.259E+00   -.250E+00
    1    5   -.999E-01   -.976E-01
    1    6   -.489E-01   -.478E-01
    1    7   -.276E-01   -.269E-01
    1    8   -.171E-01   -.166E-01
    1    9   -.114E-01   -.109E-01
    2    1    .597E+00    .556E+00
    2    2    .234E+00    .000E+00
    2    3   -.546E+01   -.539E+01
    2    4   -.680E+00   -.656E+00
    2    5   -.189E+00   -.184E+00
    2    6   -.767E-01   -.751E-01
    2    7   -.386E-01   -.377E-01
    2    8   -.222E-01   -.216E-01
    2    9   -.140E-01   -.136E-01
    3    1    .111E+00    .107E+00
    3    2    .848E-01    .796E-01
    3    3    .232E+01    .000E+00
    3    4   -.703E+01   -.685E+01
    3    5   -.899E+00   -.900E+00
    3    6   -.286E+00   -.289E+00
    3    7   -.130E+00   -.131E+00
    3    8   -.711E-01   -.709E-01
    3    9   -.437E-01   -.432E-01
    4    1    .978E-01    .963E-01
    4    2    .625E-01    .592E-01
    4    3    .359E-02    .837E-02
    4    4    .368E+01    .000E+00
    4    5   -.784E+01   -.752E+01
    4    6   -.110E+01   -.104E+01
    4    7   -.380E+00   -.356E+00
    4    8   -.183E+00   -.172E+00
    4    9   -.104E+00   -.986E-01
    5    1    .381E+00    .375E+00
    5    2    .219E+00    .210E+00
    5    3    .553E-01    .647E-01
    5    4    .896E-01    .105E+00
    5    5    .236E+01    .000E+00
    5    6   -.509E+01   -.497E+01
    5    7   -.101E+01   -.978E+00
    5    8   -.409E+00   -.397E+00
    5    9   -.219E+00   -.213E+00
    6    1    .649E+00    .641E+00
    6    2    .331E+00    .316E+00
    6    3    .137E+00    .130E+00
    6    4    .244E+00    .234E+00
    6    5    .258E+01    .000E+00
    6    6   -.507E+01    .000E+00
    6    7   -.256E-01   -.224E-01
    6    8   -.902E-04   -.240E-03
    6    9   -.273E-02   -.315E-02
    7    1    .656E-01    .652E-01
    7    2    .206E-01    .192E-01
    7    3    .161E-01    .115E-01
    7    4    .270E-01    .211E-01
    7    5    .981E-01    .822E-01
    7    6    .756E+01    .000E+00
    7    7   -.115E+02    .000E+00
    7    8   -.113E+01   -.111E+01
    7    9   -.341E+00   -.331E+00
    8    1    .499E-01    .485E-01
    8    2    .378E-02    .333E-02
    8    3    .345E-02    .169E-02
    8    4    .497E-02    .310E-02
    8    5    .102E-01    .742E-02
    8    6    .446E-01    .382E-01
    8    7    .875E+01    .000E+00
    8    8   -.122E+02    .000E+00
    8    9   -.144E+01    .000E+00
    9    1    .698E+00    .657E+00
    9    2    .794E-02    .671E-02
    9    3    .358E-03    .100E-02
    9    4    .228E-02    .311E-02
    9    5    .710E-02    .756E-02
    9    6    .236E-01    .240E-01
    9    7    .114E+00    .000E+00
    9    8    .214E+01    .000E+00
    9    9   -.336E+01    .000E+00
   10    1    .393E+00    .366E+00
   10    2    .206E-02    .175E-02
   10    3    .484E-02    .390E-02
   10    4    .113E-01    .976E-02
   10    5    .243E-01    .214E-01
   10    6    .623E-01    .574E-01
   10    7    .255E+00    .000E+00
   10    8    .772E+01    .000E+00
   10    9   -.111E+02    .000E+00
  2  1  0    2  2  1       100
    1    1   -.627E-04   -.205E-03
    1    2   -.649E+00   -.657E+00
    1    3   -.189E+01   -.174E+01
    1    4   -.469E+01   -.454E+01
    1    5   -.241E+01   -.238E+01
    1    6   -.539E+00   -.541E+00
    1    7   -.134E+00   -.137E+00
    1    8   -.348E-01   -.365E-01
    1    9   -.635E-02   -.713E-02
    1   10   -.241E-04   -.982E-04
    2    1    .901E+00    .925E+00
    2    2   -.306E+00   -.126E+00
    2    3   -.338E+01   -.285E+01
    2    4   -.254E+00   -.260E+00
    2    5   -.748E+00   -.669E+00
    2    6   -.298E+00   -.262E+00
    2    7   -.113E+00   -.985E-01
    2    8   -.504E-01   -.438E-01
    2    9   -.253E-01   -.219E-01
    2   10   -.136E-01   -.118E-01
    3    1    .833E-01    .784E-01
    3    2    .959E-01    .789E-01
    3    3    .187E+01    .156E+01
    3    4   -.310E+01   -.312E+01
    3    5   -.200E+01   -.190E+01
    3    6   -.798E+00   -.782E+00
    3    7   -.296E+00   -.293E+00
    3    8   -.136E+00   -.134E+00
    3    9   -.728E-01   -.716E-01
    3   10   -.431E-01   -.422E-01
    4    1    .296E-01    .379E-01
    4    2    .212E+00    .221E+00
    4    3    .186E+00    .129E+00
    4    4    .730E+00    .434E+00
    4    5   -.173E+00   -.626E-01
    4    6   -.414E+00   -.467E+00
    4    7   -.289E+00   -.310E+00
    4    8   -.219E+00   -.233E+00
    4    9   -.187E+00   -.199E+00
    4   10   -.176E+00   -.188E+00
    5    1    .667E-01    .678E-01
    5    2    .118E+00    .110E+00
    5    3    .117E-01    .903E-02
    5    4    .947E+00    .103E+01
    5    5    .182E-01    .000E+00
    5    6   -.398E+01   -.368E+01
    5    7   -.615E+00   -.551E+00
    5    8   -.166E+00   -.146E+00
    5    9   -.536E-01   -.461E-01
    5   10   -.164E-01   -.136E-01
    6    1    .271E-01    .255E-01
    6    2    .303E-01    .272E-01
    6    3    .107E-01    .703E-02
    6    4    .150E+00    .155E+00
    6    5    .320E+00    .361E+00
    6    6    .245E+01    .000E+00
    6    7   -.591E+01   -.572E+01
    6    8   -.911E+00   -.872E+00
    6    9   -.293E+00   -.280E+00
    6   10   -.123E+00   -.117E+00
    7    1    .157E-01    .144E-01
    7    2    .161E-01    .144E-01
    7    3    .538E-02    .327E-02
    7    4    .548E-01    .568E-01
    7    5    .728E-01    .844E-01
    7    6    .635E-01    .785E-01
    7    7    .418E+01    .000E+00
    7    8   -.718E+01   -.707E+01
    7    9   -.103E+01   -.101E+01
    7   10   -.331E+00   -.323E+00
    8    1    .997E-02    .903E-02
    8    2    .101E-01    .901E-02
    8    3    .307E-02    .175E-02
    8    4    .278E-01    .289E-01
    8    5    .308E-01    .361E-01
    8    6    .185E-01    .227E-01
    8    7    .131E-01    .168E-01
    8    8    .562E+01    .000E+00
    8    9   -.839E+01    .000E+00
    8   10   -.113E+01   -.111E+01
    9    1    .672E-02    .605E-02
    9    2    .692E-02    .616E-02
    9    3    .191E-02    .104E-02
    9    4    .166E-01    .173E-01
    9    5    .168E-01    .198E-01
    9    6    .835E-02    .101E-01
    9    7    .506E-02    .628E-02
    9    8    .861E-03    .149E-02
    9    9    .701E+01    .000E+00
    9   10   -.965E+01    .000E+00
   10    1    .472E-02    .423E-02
   10    2    .499E-02    .444E-02
   10    3    .127E-02    .669E-03
   10    4    .109E-01    .114E-01
   10    5    .105E-01    .124E-01
   10    6    .468E-02    .555E-02
   10    7    .240E-02    .292E-02
   10    8    .932E-03    .129E-02
   10    9    .196E-02    .000E+00
   10   10    .841E+01    .000E+00
  2  2  1    2  2  0        90
    1    1    .253E-01    .259E-01
    1    2    .877E-04    .486E-04
    1    3    .787E-04    .185E-04
    1    4   -.122E-03   -.310E-03
    1    5   -.293E-03   -.467E-03
    1    6   -.400E-03   -.558E-03
    1    7   -.456E-03   -.596E-03
    1    8   -.475E-03   -.598E-03
    1    9   -.470E-03   -.577E-03
    2    1    .721E+01    .697E+01
    2    2    .105E+00    .818E-01
    2    3    .112E-01    .873E-02
    2    4    .420E-02    .352E-02
    2    5    .235E-02    .211E-02
    2    6    .153E-02    .146E-02
    2    7    .109E-02    .109E-02
    2    8    .812E-03    .850E-03
    2    9    .625E-03    .681E-03
    3    1    .129E+01    .124E+01
    3    2    .684E+00    .683E+00
    3    3    .268E-01    .239E-01
    3    4    .100E-01    .835E-02
    3    5    .655E-02    .529E-02
    3    6    .514E-02    .409E-02
    3    7    .432E-02    .341E-02
    3    8    .373E-02    .293E-02
    3    9    .326E-02    .256E-02
    4    1    .767E-01    .729E-01
    4    2    .196E+01    .192E+01
    4    3    .765E-03    .193E-03
    4    4    .103E-04    .327E-04
    4    5    .161E-04    .111E-03
    4    6    .523E-04    .152E-03
    4    7    .786E-04    .170E-03
    4    8    .938E-04    .174E-03
    4    9    .100E-03    .170E-03
    5    1    .125E-01    .118E-01
    5    2    .121E+01    .119E+01
    5    3    .260E-01    .299E-01
    5    4    .589E-02    .687E-02
    5    5    .306E-02    .350E-02
    5    6    .205E-02    .228E-02
    5    7    .152E-02    .166E-02
    5    8    .120E-02    .128E-02
    5    9    .969E-03    .102E-02
    6    1    .263E-01    .248E-01
    6    2    .358E+00    .349E+00
    6    3    .528E-01    .565E-01
    6    4    .729E-02    .794E-02
    6    5    .299E-02    .323E-02
    6    6    .170E-02    .181E-02
    6    7    .112E-02    .118E-02
    6    8    .802E-03    .830E-03
    6    9    .603E-03    .616E-03
    7    1    .182E-01    .171E-01
    7    2    .134E+00    .131E+00
    7    3    .656E-01    .687E-01
    7    4    .599E-02    .638E-02
    7    5    .213E-02    .225E-02
    7    6    .110E-02    .115E-02
    7    7    .675E-03    .699E-03
    7    8    .455E-03    .465E-03
    7    9    .326E-03    .329E-03
    8    1    .121E-01    .113E-01
    8    2    .649E-01    .633E-01
    8    3    .779E-01    .808E-01
    8    4    .485E-02    .509E-02
    8    5    .156E-02    .163E-02
    8    6    .757E-03    .784E-03
    8    7    .442E-03    .453E-03
    8    8    .286E-03    .290E-03
    8    9    .197E-03    .198E-03
    9    1    .845E-02    .787E-02
    9    2    .370E-01    .362E-01
    9    3    .931E-01    .959E-01
    9    4    .401E-02    .417E-02
    9    5    .120E-02    .124E-02
    9    6    .556E-03    .570E-03
    9    7    .313E-03    .318E-03
    9    8    .197E-03    .198E-03
    9    9    .132E-03    .132E-03
   10    1    .627E-02    .583E-02
   10    2    .235E-01    .231E-01
   10    3    .113E+00    .116E+00
   10    4    .340E-02    .350E-02
   10    5    .960E-03    .981E-03
   10    6    .432E-03    .437E-03
   10    7    .237E-03    .238E-03
   10    8    .145E-03    .144E-03
   10    9    .956E-04    .941E-04
  2  2  1    2  3  0        70
    1    1   -.271E+01   -.250E+01
    1    2   -.801E+00   -.739E+00
    1    3   -.231E+00   -.214E+00
    1    4   -.238E-01   -.210E-01
    1    5   -.628E-01   -.629E-01
    1    6   -.578E+00   -.559E+00
    1    7   -.837E+00   -.804E+00
    2    1   -.294E+01   -.275E+01
    2    2   -.976E-01   -.835E-01
    2    3   -.262E-03   -.232E-04
    2    4   -.124E-01   -.141E-01
    2    5   -.454E-01   -.481E-01
    2    6   -.822E-01   -.851E-01
    2    7   -.509E-01   -.521E-01
    3    1   -.349E+01   -.360E+01
    3    2   -.182E+01   -.178E+01
    3    3   -.734E+00   -.723E+00
    3    4   -.346E+00   -.337E+00
    3    5   -.146E+00   -.138E+00
    3    6   -.136E-01   -.107E-01
    3    7   -.191E-01   -.220E-01
    4    1    .138E+01    .132E+01
    4    2   -.771E+01   -.778E+01
    4    3   -.636E-02   -.115E-01
    4    4   -.452E-01   -.366E-01
    4    5   -.110E+00   -.985E-01
    4    6   -.145E+00   -.134E+00
    4    7   -.684E-01   -.639E-01
    5    1    .475E-02    .595E-02
    5    2    .176E+01    .000E+00
    5    3   -.813E+01   -.794E+01
    5    4   -.106E+01   -.105E+01
    5    5   -.158E+00   -.170E+00
    5    6   -.110E-01   -.560E-02
    5    7   -.160E+00   -.139E+00
    6    1    .211E-01    .227E-01
    6    2    .349E+00    .354E+00
    6    3   -.420E+00    .000E+00
    6    4   -.713E+01   -.715E+01
    6    5   -.147E+01   -.150E+01
    6    6   -.143E+00   -.157E+00
    6    7   -.608E-01   -.534E-01
    7    1    .129E-01    .139E-01
    7    2    .106E+00    .105E+00
    7    3    .898E+00    .869E+00
    7    4   -.114E+01    .000E+00
    7    5   -.805E+01   -.812E+01
    7    6   -.116E+01   -.118E+01
    7    7   -.309E-04   -.189E-05
    8    1    .785E-02    .844E-02
    8    2    .472E-01    .458E-01
    8    3    .203E+00    .190E+00
    8    4    .118E+01    .115E+01
    8    5    .141E+01    .000E+00
    8    6   -.122E+02    .000E+00
    8    7   -.288E+00   -.285E+00
    9    1    .529E-02    .563E-02
    9    2    .261E-01    .252E-01
    9    3    .843E-01    .773E-01
    9    4    .261E+00    .251E+00
    9    5    .730E+00    .722E+00
    9    6    .734E+01    .000E+00
    9    7   -.184E+02    .000E+00
   10    1    .390E-02    .409E-02
   10    2    .167E-01    .160E-01
   10    3    .458E-01    .417E-01
   10    4    .109E+00    .105E+00
   10    5    .188E+00    .186E+00
   10    6    .155E-02    .229E-02
   10    7    .112E+02    .000E+00
  2  2  0    2  3  1        63
    1    1   -.132E+01   -.129E+01
    1    2   -.545E+00   -.531E+00
    1    3   -.275E+00   -.270E+00
    1    4   -.161E+00   -.158E+00
    1    5   -.104E+00   -.101E+00
    1    6   -.707E-01   -.691E-01
    1    7   -.505E-01   -.493E-01
    2    1   -.571E+01   -.566E+01
    2    2   -.673E+00   -.667E+00
    2    3   -.158E+00   -.159E+00
    2    4   -.514E-01   -.520E-01
    2    5   -.201E-01   -.205E-01
    2    6   -.890E-02   -.913E-02
    2    7   -.433E-02   -.447E-02
    3    1   -.249E+01    .000E+00
    3    2   -.507E+01   -.506E+01
    3    3   -.143E+01   -.145E+01
    3    4   -.610E+00   -.618E+00
    3    5   -.320E+00   -.324E+00
    3    6   -.191E+00   -.192E+00
    3    7   -.124E+00   -.124E+00
    4    1    .578E+00    .570E+00
    4    2   -.494E+01    .000E+00
    4    3   -.388E+01   -.371E+01
    4    4   -.134E+01   -.128E+01
    4    5   -.636E+00   -.612E+00
    4    6   -.360E+00   -.350E+00
    4    7   -.226E+00   -.222E+00
    5    1    .873E-01    .891E-01
    5    2    .139E+01    .140E+01
    5    3   -.701E+01    .000E+00
    5    4   -.323E+01   -.321E+01
    5    5   -.120E+01   -.119E+01
    5    6   -.597E+00   -.595E+00
    5    7   -.349E+00   -.348E+00
    6    1    .302E-01    .317E-01
    6    2    .218E+00    .218E+00
    6    3    .231E+01    .227E+01
    6    4   -.883E+01    .000E+00
    6    5   -.286E+01   -.288E+01
    6    6   -.110E+01   -.110E+01
    6    7   -.560E+00   -.562E+00
    7    1    .144E-01    .155E-01
    7    2    .775E-01    .770E-01
    7    3    .368E+00    .352E+00
    7    4    .328E+01    .000E+00
    7    5   -.106E+02    .000E+00
    7    6   -.263E+01    .000E+00
    7    7   -.103E+01   -.103E+01
    8    1    .820E-02    .890E-02
    8    2    .377E-01    .373E-01
    8    3    .132E+00    .124E+00
    8    4    .530E+00    .513E+00
    8    5    .429E+01    .000E+00
    8    6   -.122E+02    .000E+00
    8    7   -.248E+01    .000E+00
    9    1    .519E-02    .567E-02
    9    2    .217E-01    .214E-01
    9    3    .649E-01    .603E-01
    9    4    .192E+00    .184E+00
    9    5    .701E+00    .688E+00
    9    6    .534E+01    .000E+00
    9    7   -.138E+02    .000E+00
  2  3  1    2  3  0        49
    1    1   -.137E-03   -.149E-03
    1    2   -.129E-03   -.137E-03
    1    3   -.254E-03   -.268E-03
    1    4   -.801E-03   -.839E-03
    1    5   -.308E-02   -.321E-02
    1    6   -.884E-02   -.917E-02
    1    7   -.944E-02   -.978E-02
    2    1   -.119E-03   -.127E-03
    2    2   -.623E-04   -.668E-04
    2    3   -.759E-04   -.817E-04
    2    4   -.167E-03   -.179E-03
    2    5   -.490E-03   -.522E-03
    2    6   -.115E-02   -.122E-02
    2    7   -.104E-02   -.110E-02
    3    1   -.976E-04   -.104E-03
    3    2   -.379E-04   -.408E-04
    3    3   -.378E-04   -.412E-04
    3    4   -.737E-04   -.803E-04
    3    5   -.203E-03   -.219E-03
    3    6   -.458E-03   -.493E-03
    3    7   -.403E-03   -.433E-03
    4    1   -.801E-04   -.844E-04
    4    2   -.253E-04   -.273E-04
    4    3   -.223E-04   -.246E-04
    4    4   -.411E-04   -.453E-04
    4    5   -.110E-03   -.120E-03
    4    6   -.245E-03   -.267E-03
    4    7   -.215E-03   -.233E-03
    5    1   -.652E-04   -.683E-04
    5    2   -.177E-04   -.191E-04
    5    3   -.144E-04   -.160E-04
    5    4   -.257E-04   -.285E-04
    5    5   -.680E-04   -.751E-04
    5    6   -.151E-03   -.166E-03
    5    7   -.132E-03   -.144E-03
    6    1   -.528E-04   -.551E-04
    6    2   -.128E-04   -.139E-04
    6    3   -.986E-05   -.110E-04
    6    4   -.172E-04   -.193E-04
    6    5   -.454E-04   -.505E-04
    6    6   -.101E-03   -.112E-03
    6    7   -.887E-04   -.973E-04
    7    1   -.428E-04   -.445E-04
    7    2   -.956E-05   -.103E-04
    7    3   -.704E-05   -.790E-05
    7    4   -.121E-04   -.137E-04
    7    5   -.321E-04   -.358E-04
    7    6   -.716E-04   -.794E-04
    7    7   -.629E-04   -.693E-04
  2  3  1    2  4  0        42
    1    1   -.173E+02   -.173E+02
    1    2   -.263E+01   -.264E+01
    1    3   -.874E+00   -.875E+00
    1    4   -.404E+00   -.403E+00
    1    5   -.223E+00   -.222E+00
    1    6   -.138E+00   -.137E+00
    2    1   -.130E+01    .000E+00
    2    2   -.142E+02   -.139E+02
    2    3   -.319E+01   -.314E+01
    2    4   -.125E+01   -.125E+01
    2    5   -.632E+00   -.639E+00
    2    6   -.370E+00   -.378E+00
    3    1    .286E+00    .287E+00
    3    2   -.265E+01    .000E+00
    3    3   -.123E+02   -.123E+02
    3    4   -.322E+01   -.321E+01
    3    5   -.137E+01   -.136E+01
    3    6   -.727E+00   -.726E+00
    4    1    .460E-01    .439E-01
    4    2    .751E+00    .728E+00
    4    3   -.396E+01    .000E+00
    4    4   -.113E+02    .000E+00
    4    5   -.315E+01   -.314E+01
    4    6   -.140E+01   -.139E+01
    5    1    .159E-01    .146E-01
    5    2    .126E+00    .117E+00
    5    3    .134E+01    .000E+00
    5    4   -.525E+01    .000E+00
    5    5   -.106E+02    .000E+00
    5    6   -.309E+01   -.306E+01
    6    1    .753E-02    .677E-02
    6    2    .441E-01    .399E-01
    6    3    .233E+00    .228E+00
    6    4    .202E+01    .000E+00
    6    5   -.650E+01    .000E+00
    6    6   -.101E+02    .000E+00
    7    1    .425E-02    .376E-02
    7    2    .212E-01    .188E-01
    7    3    .832E-01    .810E-01
    7    4    .359E+00    .360E+00
    7    5    .277E+01    .000E+00
    7    6   -.773E+01    .000E+00
  2  3  0    2  4  1        42
    1    1   -.154E+02   -.154E+02
    1    2   -.258E+01   -.259E+01
    1    3   -.903E+00   -.904E+00
    1    4   -.429E+00   -.428E+00
    1    5   -.241E+00   -.240E+00
    1    6   -.151E+00   -.150E+00
    2    1   -.231E+01    .000E+00
    2    2   -.113E+02   -.111E+02
    2    3   -.291E+01   -.287E+01
    2    4   -.121E+01   -.121E+01
    2    5   -.629E+00   -.638E+00
    2    6   -.376E+00   -.385E+00
    3    1    .472E+00    .472E+00
    3    2   -.528E+01    .000E+00
    3    3   -.838E+01   -.836E+01
    3    4   -.260E+01   -.259E+01
    3    5   -.119E+01   -.118E+01
    3    6   -.659E+00   -.655E+00
    4    1    .864E-01    .837E-01
    4    2    .151E+01    .148E+01
    4    3   -.951E+01    .000E+00
    4    4   -.539E+01   -.536E+01
    4    5   -.200E+01   -.198E+01
    4    6   -.997E+00   -.982E+00
    5    1    .374E-01    .362E-01
    5    2    .279E+00    .270E+00
    5    3    .379E+01    .379E+01
    5    4   -.165E+02    .000E+00
    5    5   -.171E+01   -.168E+01
    5    6   -.909E+00   -.890E+00
    6    1    .160E-01    .162E-01
    6    2    .806E-01    .810E-01
    6    3    .439E+00    .446E+00
    6    4    .842E+01    .000E+00
    6    5   -.240E+02    .000E+00
    6    6   -.155E+00   -.162E+00
    7    1    .185E-02    .220E-02
    7    2    .593E-02    .716E-02
    7    3    .170E-01    .187E-01
    7    4    .725E-01    .754E-01
    7    5    .118E+02    .000E+00
    7    6   -.247E+02    .000E+00
  2  4  1    2  4  0        36
    1    1    .179E-09    .385E-10
    1    2    .288E-10    .294E-12
    1    3    .104E-10    .613E-10
    1    4    .739E-10    .149E-09
    1    5    .133E-09    .209E-09
    1    6    .167E-09    .235E-09
    2    1    .233E-09    .671E-10
    2    2    .544E-10    .226E-11
    2    3    .764E-12    .287E-10
    2    4    .350E-10    .876E-10
    2    5    .746E-10    .129E-09
    2    6    .992E-10    .148E-09
    3    1    .225E-09    .709E-10
    3    2    .606E-10    .466E-11
    3    3    .424E-12    .147E-10
    3    4    .135E-10    .528E-10
    3    5    .364E-10    .804E-10
    3    6    .520E-10    .932E-10
    4    1    .196E-09    .653E-10
    4    2    .559E-10    .543E-11
    4    3    .178E-11    .828E-11
    4    4    .561E-11    .339E-10
    4    5    .194E-10    .529E-10
    4    6    .295E-10    .619E-10
    5    1    .164E-09    .572E-10
    5    2    .480E-10    .534E-11
    5    3    .254E-11    .505E-11
    5    4    .258E-11    .230E-10
    5    5    .113E-10    .366E-10
    5    6    .183E-10    .431E-10
    6    1    .136E-09    .490E-10
    6    2    .402E-10    .490E-11
    6    3    .274E-11    .327E-11
    6    4    .130E-11    .163E-10
    6    5    .719E-11    .264E-10
    6    6    .121E-10    .312E-10
  2  4  0    2  5  1        30
    1    1   -.297E+02   -.295E+02
    1    2   -.370E+01   -.373E+01
    1    3   -.111E+01   -.113E+01
    1    4   -.483E+00   -.497E+00
    1    5   -.256E+00   -.265E+00
    2    1   -.380E+00    .000E+00
    2    2   -.261E+02   -.258E+02
    2    3   -.483E+01   -.474E+01
    2    4   -.172E+01   -.168E+01
    2    5   -.820E+00   -.796E+00
    3    1    .168E+00    .171E+00
    3    2   -.736E+00    .000E+00
    3    3   -.240E+02    .000E+00
    3    4   -.523E+01   -.512E+01
    3    5   -.203E+01   -.198E+01
    4    1    .241E-01    .244E-01
    4    2    .458E+00    .000E+00
    4    3   -.109E+01    .000E+00
    4    4   -.228E+02    .000E+00
    4    5   -.539E+01   -.530E+01
    5    1    .753E-02    .764E-02
    5    2    .722E-01    .796E-01
    5    3    .836E+00    .000E+00
    5    4   -.143E+01    .000E+00
    5    5   -.221E+02    .000E+00
    6    1    .334E-02    .338E-02
    6    2    .236E-01    .266E-01
    6    3    .141E+00    .152E+00
    6    4    .128E+01    .000E+00
    6    5   -.175E+01    .000E+00
  4  0  1    4  1  0        64
    1    1    .353E+01    .340E+01
    1    2   -.467E-03   -.738E-02
    1    3   -.471E-03   -.211E-03
    1    4   -.368E-03   -.138E-04
    1    5   -.306E-03   -.786E-06
    1    6   -.259E-03   -.106E-04
    1    7   -.222E-03   -.204E-04
    1    8   -.190E-03   -.264E-04
    2    1    .622E-03    .497E-03
    2    2    .240E+01    .231E+01
    2    3    .109E-02    .305E-02
    2    4    .477E-05    .408E-03
    2    5    .449E-04    .650E-04
    2    6    .103E-03    .454E-05
    2    7    .131E-03    .115E-05
    2    8    .137E-03    .815E-05
    3    1    .420E-04    .211E-03
    3    2    .475E-02    .396E-02
    3    3    .231E+01    .228E+01
    3    4    .212E-02    .256E-02
    3    5    .382E-03    .555E-03
    3    6    .127E-03    .217E-03
    3    7    .550E-04    .109E-03
    3    8    .280E-04    .628E-04
    4    1    .109E-03    .258E-03
    4    2    .110E-02    .932E-03
    4    3    .348E-02    .316E-02
    4    4    .228E+01    .227E+01
    4    5    .249E-02    .268E-02
    4    6    .510E-03    .587E-03
    4    7    .197E-03    .240E-03
    4    8    .988E-04    .127E-03
    5    1    .790E-04    .203E-03
    5    2    .463E-03    .383E-03
    5    3    .960E-03    .835E-03
    5    4    .305E-02    .286E-02
    5    5    .228E+01    .226E+01
    5    6    .269E-02    .280E-02
    5    7    .593E-03    .644E-03
    5    8    .242E-03    .272E-03
    6    1    .555E-04    .149E-03
    6    2    .244E-03    .199E-03
    6    3    .430E-03    .363E-03
    6    4    .829E-03    .754E-03
    6    5    .285E-02    .272E-02
    6    6    .227E+01    .226E+01
    6    7    .281E-02    .289E-02
    6    8    .643E-03    .677E-03
    7    1    .402E-04    .109E-03
    7    2    .146E-03    .118E-03
    7    3    .236E-03    .196E-03
    7    4    .377E-03    .336E-03
    7    5    .764E-03    .712E-03
    7    6    .276E-02    .267E-02
    7    7    .227E+01    .226E+01
    7    8    .290E-02    .295E-02
    8    1    .299E-04    .813E-04
    8    2    .951E-04    .768E-04
    8    3    .146E-03    .120E-03
    8    4    .211E-03    .186E-03
    8    5    .347E-03    .319E-03
    8    6    .732E-03    .694E-03
    8    7    .272E-02    .265E-02
    8    8    .227E+01    .225E+01
  4  0  0    4  1  1       112
    1    1    .125E+01    .124E+01
    1    2    .115E+01    .140E+01
    1    3   -.450E+00   -.394E+00
    1    4   -.494E+01   -.420E+01
    1    5   -.957E-01   -.809E-01
    1    6   -.525E+00   -.422E+00
    1    7   -.396E-01   -.337E-01
    1    8   -.149E+00   -.119E+00
    1    9   -.204E-01   -.174E-01
    1   10   -.623E-01   -.493E-01
    1   11   -.119E-01   -.102E-01
    1   12   -.322E-01   -.253E-01
    1   13   -.765E-02   -.656E-02
    1   14   -.190E-01   -.148E-01
    1   15   -.522E-02   -.448E-02
    1   16   -.122E-01   -.950E-02
    2    1    .189E-02    .112E-02
    2    2    .726E-02    .815E-02
    2    3    .171E+01    .159E+01
    2    4    .263E+01    .218E+01
    2    5   -.936E+00   -.882E+00
    2    6   -.575E+01   -.553E+01
    2    7   -.125E+00   -.122E+00
    2    8   -.588E+00   -.579E+00
    2    9   -.460E-01   -.451E-01
    2   10   -.176E+00   -.174E+00
    2   11   -.230E-01   -.225E-01
    2   12   -.774E-01   -.762E-01
    2   13   -.134E-01   -.131E-01
    2   14   -.417E-01   -.407E-01
    2   15   -.865E-02   -.838E-02
    2   16   -.254E-01   -.245E-01
    3    1    .508E-06    .364E-04
    3    2    .229E-02    .242E-02
    3    3    .134E-01    .104E-01
    3    4    .277E-01    .166E-01
    3    5    .230E+01    .221E+01
    3    6    .369E+01    .343E+01
    3    7   -.148E+01   -.139E+01
    3    8   -.663E+01   -.635E+01
    3    9   -.163E+00   -.146E+00
    3   10   -.711E+00   -.663E+00
    3   11   -.569E-01   -.499E-01
    3   12   -.222E+00   -.205E+00
    3   13   -.280E-01   -.245E-01
    3   14   -.101E+00   -.933E-01
    3   15   -.164E-01   -.143E-01
    3   16   -.554E-01   -.515E-01
    4    1    .462E-04    .134E-03
    4    2    .127E-02    .114E-02
    4    3    .126E-02    .656E-03
    4    4    .829E-02    .444E-02
    4    5    .258E-01    .212E-01
    4    6    .331E-01    .242E-01
    4    7    .291E+01    .278E+01
    4    8    .470E+01    .000E+00
    4    9   -.201E+01   -.193E+01
    4   10   -.747E+01   -.727E+01
    4   11   -.203E+00   -.189E+00
    4   12   -.834E+00   -.801E+00
    4   13   -.693E-01   -.637E-01
    4   14   -.268E+00   -.257E+00
    4   15   -.339E-01   -.310E-01
    4   16   -.124E+00   -.119E+00
    5    1    .650E-04    .137E-03
    5    2    .784E-03    .641E-03
    5    3    .234E-03    .520E-04
    5    4    .404E-02    .200E-02
    5    5    .336E-02    .229E-02
    5    6    .878E-02    .593E-02
    5    7    .395E-01    .334E-01
    5    8    .400E-01    .313E-01
    5    9    .349E+01    .000E+00
    5   10    .571E+01    .000E+00
    5   11   -.251E+01    .000E+00
    5   12   -.829E+01   -.818E+01
    5   13   -.243E+00   -.233E+00
    5   14   -.950E+00   -.929E+00
    5   15   -.815E-01   -.773E-01
    5   16   -.311E+00   -.303E+00
    6    1    .608E-04    .114E-03
    6    2    .515E-03    .402E-03
    6    3    .594E-04    .848E-06
    6    4    .236E-02    .111E-02
    6    5    .870E-03    .479E-03
    6    6    .408E-02    .268E-02
    6    7    .590E-02    .452E-02
    6    8    .984E-02    .746E-02
    6    9    .528E-01    .476E-01
    6   10    .444E-01    .387E-01
    6   11    .404E+01    .000E+00
    6   12    .674E+01    .000E+00
    6   13   -.299E+01    .000E+00
    6   14   -.912E+01    .000E+00
    6   15   -.282E+00   -.274E+00
    6   16   -.106E+01   -.105E+01
    7    1    .511E-04    .904E-04
    7    2    .356E-03    .271E-03
    7    3    .179E-04    .241E-05
    7    4    .152E-02    .688E-03
    7    5    .316E-03    .137E-03
    7    6    .234E-02    .153E-02
    7    7    .171E-02    .121E-02
    7    8    .441E-02    .339E-02
    7    9    .856E-02    .731E-02
    7   10    .103E-01    .880E-02
    7   11    .656E-01    .615E-01
    7   12    .475E-01    .438E-01
    7   13    .457E+01    .000E+00
    7   14    .777E+01    .000E+00
    7   15   -.346E+01    .000E+00
    7   16   -.994E+01    .000E+00
  4  1  1    4  1  0       128
    1    1    .397E+01    .398E+01
    1    2   -.551E+01   -.559E+01
    1    3   -.284E-02   -.398E-02
    1    4   -.213E-02   -.154E-02
    1    5   -.394E-02   -.335E-02
    1    6   -.405E-02   -.359E-02
    1    7   -.364E-02   -.329E-02
    1    8   -.312E-02   -.285E-02
    2    1    .398E+01    .376E+01
    2    2   -.183E+00   -.187E+00
    2    3   -.160E-01   -.131E-01
    2    4   -.597E-02   -.488E-02
    2    5   -.323E-02   -.243E-02
    2    6   -.195E-02   -.141E-02
    2    7   -.127E-02   -.898E-03
    2    8   -.878E-03   -.614E-03
    3    1    .451E+00    .449E+00
    3    2    .411E+01    .364E+01
    3    3   -.796E+01   -.733E+01
    3    4   -.515E-01   -.325E-01
    3    5   -.466E-02   -.103E-02
    3    6   -.789E-03   -.753E-06
    3    7   -.170E-03   -.110E-03
    3    8   -.390E-04   -.177E-03
    4    1    .278E+00    .252E+00
    4    2    .245E+01    .206E+01
    4    3   -.718E+00   -.491E+00
    4    4   -.220E-01   -.991E-02
    4    5   -.830E-02   -.334E-02
    4    6   -.429E-02   -.162E-02
    4    7   -.256E-02   -.936E-03
    4    8   -.167E-02   -.597E-03
    5    1    .153E+00    .154E+00
    5    2    .473E+00    .412E+00
    5    3    .542E+01    .504E+01
    5    4   -.969E+01   -.914E+01
    5    5   -.863E-01   -.777E-01
    5    6   -.965E-02   -.944E-02
    5    7   -.209E-02   -.231E-02
    5    8   -.618E-03   -.784E-03
    6    1    .800E-01    .724E-01
    6    2    .272E+00    .212E+00
    6    3    .309E+01    .286E+01
    6    4   -.145E+01   -.124E+01
    6    5   -.223E-01   -.167E-01
    6    6   -.723E-02   -.593E-02
    6    7   -.358E-02   -.311E-02
    6    8   -.211E-02   -.188E-02
    7    1    .703E-01    .722E-01
    7    2    .152E+00    .136E+00
    7    3    .533E+00    .497E+00
    7    4    .679E+01    .662E+01
    7    5   -.113E+02   -.111E+02
    7    6   -.112E+00   -.105E+00
    7    7   -.142E-01   -.126E-01
    7    8   -.351E-02   -.296E-02
    8    1    .340E-01    .315E-01
    8    2    .768E-01    .593E-01
    8    3    .359E+00    .331E+00
    8    4    .377E+01    .366E+01
    8    5   -.224E+01    .000E+00
    8    6   -.203E-01   -.162E-01
    8    7   -.590E-02   -.445E-02
    8    8   -.286E-02   -.212E-02
    9    1    .394E-01    .407E-01
    9    2    .718E-01    .649E-01
    9    3    .174E+00    .165E+00
    9    4    .673E+00    .655E+00
    9    5    .818E+01    .805E+01
    9    6   -.129E+02    .000E+00
    9    7   -.139E+00   -.128E+00
    9    8   -.192E-01   -.163E-01
   10    1    .179E-01    .166E-01
   10    2    .318E-01    .242E-01
   10    3    .113E+00    .105E+00
   10    4    .456E+00    .441E+00
   10    5    .438E+01    .429E+01
   10    6   -.299E+01    .000E+00
   10    7   -.193E-01   -.149E-01
   10    8   -.505E-02   -.353E-02
   11    1    .246E-01    .255E-01
   11    2    .408E-01    .371E-01
   11    3    .829E-01    .791E-01
   11    4    .223E+00    .218E+00
   11    5    .814E+00    .788E+00
   11    6    .962E+01    .000E+00
   11    7   -.145E+02    .000E+00
   11    8   -.168E+00   -.154E+00
   12    1    .107E-01    .988E-02
   12    2    .162E-01    .122E-01
   12    3    .511E-01    .475E-01
   12    4    .150E+00    .145E+00
   12    5    .544E+00    .524E+00
   12    6    .494E+01    .484E+01
   12    7   -.370E+01    .000E+00
   12    8   -.184E-01   -.142E-01
   13    1    .165E-01    .171E-01
   13    2    .258E-01    .235E-01
   13    3    .474E-01    .454E-01
   13    4    .107E+00    .105E+00
   13    5    .270E+00    .259E+00
   13    6    .952E+00    .920E+00
   13    7    .111E+02    .000E+00
   13    8   -.162E+02    .000E+00
   14    1    .693E-02    .637E-02
   14    2    .935E-02    .695E-02
   14    3    .280E-01    .260E-01
   14    4    .701E-01    .676E-01
   14    5    .183E+00    .174E+00
   14    6    .624E+00    .601E+00
   14    7    .548E+01    .000E+00
   14    8   -.438E+01    .000E+00
   15    1    .117E-01    .121E-01
   15    2    .175E-01    .160E-01
   15    3    .301E-01    .289E-01
   15    4    .616E-01    .602E-01
   15    5    .130E+00    .124E+00
   15    6    .315E+00    .302E+00
   15    7    .109E+01    .106E+01
   15    8    .126E+02    .000E+00
   16    1    .477E-02    .436E-02
   16    2    .592E-02    .435E-02
   16    3    .172E-01    .159E-01
   16    4    .393E-01    .378E-01
   16    5    .868E-01    .821E-01
   16    6    .212E+00    .202E+00
   16    7    .699E+00    .676E+00
   16    8    .600E+01    .000E+00
  4  1  1    4  2  0       224
    1    1   -.681E+01   -.738E+01
    1    2   -.849E-02   -.782E-02
    1    3   -.116E+00   -.103E+00
    1    4   -.782E-02   -.798E-02
    1    5   -.534E-01   -.482E-01
    1    6   -.596E-02   -.612E-02
    1    7   -.305E-01   -.281E-01
    1    8   -.446E-02   -.456E-02
    1    9   -.197E-01   -.182E-01
    1   10   -.339E-02   -.346E-02
    1   11   -.135E-01   -.126E-01
    1   12   -.262E-02   -.267E-02
    1   13   -.978E-02   -.912E-02
    1   14   -.206E-02   -.210E-02
    2    1   -.193E+00   -.285E+00
    2    2   -.575E+00   -.539E+00
    2    3   -.581E+01   -.534E+01
    2    4   -.479E+00   -.444E+00
    2    5   -.125E+01   -.113E+01
    2    6   -.258E+00   -.240E+00
    2    7   -.420E+00   -.381E+00
    2    8   -.142E+00   -.132E+00
    2    9   -.183E+00   -.165E+00
    2   10   -.829E-01   -.766E-01
    2   11   -.943E-01   -.844E-01
    2   12   -.510E-01   -.470E-01
    2   13   -.543E-01   -.483E-01
    2   14   -.330E-01   -.302E-01
    3    1    .405E+01    .356E+01
    3    2   -.903E+01   -.844E+01
    3    3   -.163E+01   -.160E+01
    3    4   -.779E-02   -.287E-02
    3    5   -.992E-03   -.202E-02
    3    6   -.514E-05   -.551E-03
    3    7   -.589E-02   -.869E-02
    3    8   -.798E-04   -.804E-03
    3    9   -.521E-02   -.771E-02
    3   10   -.102E-03   -.630E-03
    3   11   -.396E-02   -.589E-02
    3   12   -.875E-04   -.451E-03
    3   13   -.296E-02   -.442E-02
    3   14   -.687E-04   -.322E-03
    4    1    .409E+00    .333E+00
    4    2   -.121E+01   -.110E+01
    4    3   -.487E+01   -.515E+01
    4    4   -.131E+01   -.133E+01
    4    5   -.233E+01   -.225E+01
    4    6   -.653E+00   -.670E+00
    4    7   -.746E+00   -.725E+00
    4    8   -.365E+00   -.375E+00
    4    9   -.317E+00   -.306E+00
    4   10   -.225E+00   -.230E+00
    4   11   -.163E+00   -.156E+00
    4   12   -.149E+00   -.152E+00
    4   13   -.948E-01   -.903E-01
    4   14   -.104E+00   -.106E+00
    5    1    .677E+00    .583E+00
    5    2    .555E+01    .517E+01
    5    3    .706E+00    .684E+00
    5    4   -.840E+01   -.793E+01
    5    5   -.508E+01   -.492E+01
    5    6   -.519E-02   -.407E-02
    5    7   -.189E-01   -.191E-01
    5    8   -.247E-03   -.187E-03
    5    9   -.460E-04   -.193E-03
    5   10   -.631E-03   -.463E-03
    5   11   -.394E-03   -.145E-03
    5   12   -.586E-03   -.431E-03
    5   13   -.684E-03   -.362E-03
    5   14   -.468E-03   -.348E-03
    6    1    .523E-01    .397E-01
    6    2    .702E+00    .659E+00
    6    3    .799E+00    .811E+00
    6    4   -.375E+01    .000E+00
    6    5   -.556E+01   -.582E+01
    6    6   -.149E+01   -.143E+01
    6    7   -.125E+01   -.115E+01
    6    8   -.687E+00   -.651E+00
    6    9   -.488E+00   -.450E+00
    6   10   -.380E+00   -.363E+00
    6   11   -.233E+00   -.217E+00
    6   12   -.237E+00   -.228E+00
    6   13   -.129E+00   -.122E+00
    6   14   -.159E+00   -.155E+00
    7    1    .254E+00    .222E+00
    7    2    .725E+00    .679E+00
    7    3    .656E-01    .654E-01
    7    4    .563E+01    .549E+01
    7    5    .295E+01    .291E+01
    7    6   -.821E+01    .000E+00
    7    7   -.792E+01   -.786E+01
    7    8   -.207E-02   -.142E-02
    7    9   -.535E-01   -.515E-01
    7   10   -.126E-02   -.159E-02
    7   11   -.336E-02   -.306E-02
    7   12   -.171E-02   -.198E-02
    7   13   -.217E-03   -.167E-03
    7   14   -.144E-02   -.163E-02
    8    1    .160E-01    .122E-01
    8    2    .903E-01    .859E-01
    8    3    .105E+00    .110E+00
    8    4    .164E+01    .162E+01
    8    5    .114E+01    .117E+01
    8    6   -.605E+01    .000E+00
    8    7   -.585E+01    .000E+00
    8    8   -.153E+01   -.152E+01
    8    9   -.784E+00   -.768E+00
    8   10   -.688E+00   -.686E+00
    8   11   -.346E+00   -.340E+00
    8   12   -.381E+00   -.380E+00
    8   13   -.178E+00   -.174E+00
    8   14   -.239E+00   -.239E+00
    9    1    .128E+00    .113E+00
    9    2    .259E+00    .246E+00
    9    3    .212E-01    .216E-01
    9    4    .720E+00    .699E+00
    9    5    .301E+00    .298E+00
    9    6    .569E+01    .559E+01
    9    7    .516E+01    .510E+01
    9    8   -.822E+01    .000E+00
    9    9   -.105E+02    .000E+00
    9   10   -.986E-03   -.348E-03
    9   11   -.859E-01   -.798E-01
    9   12   -.199E-02   -.283E-02
    9   13   -.810E-02   -.677E-02
    9   14   -.237E-02   -.303E-02
   10    1    .712E-02    .539E-02
   10    2    .287E-01    .276E-01
   10    3    .354E-01    .381E-01
   10    4    .228E+00    .225E+00
   10    5    .158E+00    .161E+00
   10    6    .267E+01    .263E+01
   10    7    .143E+01    .141E+01
   10    8   -.818E+01    .000E+00
   10    9   -.599E+01    .000E+00
   10   10   -.155E+01   -.157E+01
   10   11   -.548E+00   -.549E+00
   10   12   -.686E+00   -.693E+00
   10   13   -.263E+00   -.263E+00
   10   14   -.379E+00   -.382E+00
   11    1    .753E-01    .668E-01
   11    2    .129E+00    .123E+00
   11    3    .100E-01    .104E-01
   11    4    .256E+00    .249E+00
   11    5    .101E+00    .101E+00
   11    6    .728E+00    .703E+00
   11    7    .527E+00    .515E+00
   11    8    .578E+01    .567E+01
   11    9    .730E+01    .000E+00
   11   10   -.834E+01    .000E+00
   11   11   -.130E+02    .000E+00
   11   12   -.559E-03   -.958E-04
   11   13   -.116E+00   -.108E+00
   11   14   -.242E-02   -.342E-02
   12    1    .394E-02    .296E-02
   12    2    .131E-01    .126E-01
   12    3    .167E-01    .183E-01
   12    4    .772E-01    .757E-01
   12    5    .545E-01    .555E-01
   12    6    .398E+00    .383E+00
   12    7    .199E+00    .193E+00
   12    8    .377E+01    .370E+01
   12    9    .166E+01    .164E+01
   12   10   -.101E+02    .000E+00
   12   11   -.610E+01    .000E+00
   12   12   -.158E+01   -.160E+01
   12   13   -.414E+00   -.415E+00
   12   14   -.689E+00   -.696E+00
   13    1    .486E-01    .432E-01
   13    2    .752E-01    .719E-01
   13    3    .572E-02    .598E-02
   13    4    .127E+00    .123E+00
   13    5    .489E-01    .490E-01
   13    6    .259E+00    .247E+00
   13    7    .177E+00    .172E+00
   13    8    .741E+00    .715E+00
   13    9    .745E+00    .725E+00
   13   10    .594E+01    .000E+00
   13   11    .937E+01    .000E+00
   13   12   -.854E+01    .000E+00
   13   13   -.154E+02    .000E+00
   13   14   -.336E-03   -.270E-04
   14    1    .247E-02    .185E-02
   14    2    .721E-02    .698E-02
   14    3    .942E-02    .104E-01
   14    4    .365E-01    .357E-01
   14    5    .262E-01    .266E-01
   14    6    .140E+00    .132E+00
   14    7    .696E-01    .663E-01
   14    8    .581E+00    .563E+00
   14    9    .233E+00    .227E+00
   14   10    .489E+01    .000E+00
   14   11    .188E+01    .000E+00
   14   12   -.120E+02    .000E+00
   14   13   -.622E+01    .000E+00
   14   14   -.162E+01    .000E+00
   15    1    .334E-01    .298E-01
   15    2    .485E-01    .464E-01
   15    3    .363E-02    .381E-02
   15    4    .744E-01    .722E-01
   15    5    .283E-01    .283E-01
   15    6    .128E+00    .122E+00
   15    7    .856E-01    .825E-01
   15    8    .263E+00    .251E+00
   15    9    .249E+00    .240E+00
   15   10    .763E+00    .738E+00
   15   11    .952E+00    .927E+00
   15   12    .614E+01    .000E+00
   15   13    .114E+02    .000E+00
   15   14   -.878E+01    .000E+00
   16    1    .168E-02    .124E-02
   16    2    .447E-02    .432E-02
   16    3    .592E-02    .659E-02
   16    4    .206E-01    .201E-01
   16    5    .149E-01    .152E-01
   16    6    .675E-01    .632E-01
   16    7    .338E-01    .318E-01
   16    8    .208E+00    .199E+00
   16    9    .816E-01    .788E-01
   16   10    .771E+00    .755E+00
   16   11    .264E+00    .261E+00
   16   12    .602E+01    .000E+00
   16   13    .209E+01    .000E+00
   16   14   -.138E+02    .000E+00
  4  1  0    4  2  1        64
    1    1   -.151E+02   -.148E+02
    1    2   -.131E+01   -.124E+01
    1    3   -.336E+00   -.318E+00
    1    4   -.129E+00   -.124E+00
    1    5   -.638E-01   -.614E-01
    1    6   -.366E-01   -.349E-01
    1    7   -.230E-01   -.219E-01
    1    8   -.155E-01   -.147E-01
    2    1    .183E+01    .206E+01
    2    2   -.971E+01   -.842E+01
    2    3   -.829E+00   -.675E+00
    2    4   -.184E+00   -.148E+00
    2    5   -.629E-01   -.498E-01
    2    6   -.274E-01   -.212E-01
    2    7   -.139E-01   -.106E-01
    2    8   -.792E-02   -.587E-02
    3    1    .101E-01    .986E-02
    3    2    .465E+01    .362E+01
    3    3   -.120E+02   -.115E+02
    3    4   -.108E+01   -.106E+01
    3    5   -.300E+00   -.293E+00
    3    6   -.125E+00   -.120E+00
    3    7   -.643E-01   -.611E-01
    3    8   -.378E-01   -.354E-01
    4    1    .208E-02    .188E-02
    4    2    .781E-01    .400E-01
    4    3    .711E+01    .643E+01
    4    4   -.142E+02   -.135E+02
    4    5   -.140E+01   -.129E+01
    4    6   -.418E+00   -.383E+00
    4    7   -.184E+00   -.169E+00
    4    8   -.986E-01   -.912E-01
    5    1    .837E-03    .561E-03
    5    2    .248E-01    .109E-01
    5    3    .113E+00    .804E-01
    5    4    .949E+01    .000E+00
    5    5   -.163E+02   -.158E+02
    5    6   -.167E+01   -.160E+01
    5    7   -.519E+00   -.494E+00
    5    8   -.235E+00   -.224E+00
    6    1    .395E-03    .207E-03
    6    2    .120E-01    .476E-02
    6    3    .317E-01    .208E-01
    6    4    .132E+00    .105E+00
    6    5    .119E+02    .000E+00
    6    6   -.182E+02   -.180E+02
    6    7   -.192E+01   -.187E+01
    6    8   -.609E+00   -.591E+00
    7    1    .207E-03    .881E-04
    7    2    .696E-02    .257E-02
    7    3    .146E-01    .928E-02
    7    4    .352E-01    .273E-01
    7    5    .153E+00    .135E+00
    7    6    .143E+02    .000E+00
    7    7   -.202E+02    .000E+00
    7    8   -.216E+01   -.213E+01
    8    1    .118E-03    .420E-04
    8    2    .445E-02    .156E-02
    8    3    .826E-02    .516E-02
    8    4    .160E-01    .125E-01
    8    5    .390E-01    .337E-01
    8    6    .172E+00    .159E+00
    8    7    .166E+02    .000E+00
    8    8   -.221E+02    .000E+00
  4  2  1    4  2  0       112
    1    1   -.496E+00   -.726E+00
    1    2   -.682E-01   -.698E-01
    1    3   -.113E+01   -.100E+01
    1    4   -.613E-01   -.576E-01
    1    5   -.250E+00   -.216E+00
    1    6   -.321E-01   -.292E-01
    1    7   -.875E-01   -.755E-01
    1    8   -.168E-01   -.150E-01
    1    9   -.397E-01   -.342E-01
    1   10   -.928E-02   -.815E-02
    1   11   -.213E-01   -.182E-01
    1   12   -.540E-02   -.468E-02
    1   13   -.127E-01   -.109E-01
    1   14   -.331E-02   -.283E-02
    2    1    .327E+01    .281E+01
    2    2   -.874E+00   -.694E+00
    2    3   -.197E+01   -.199E+01
    2    4   -.243E+00   -.213E+00
    2    5   -.280E+00   -.284E+00
    2    6   -.119E+00   -.106E+00
    2    7   -.976E-01   -.103E+00
    2    8   -.662E-01   -.591E-01
    2    9   -.419E-01   -.453E-01
    2   10   -.405E-01   -.362E-01
    2   11   -.214E-01   -.236E-01
    2   12   -.267E-01   -.239E-01
    2   13   -.123E-01   -.138E-01
    2   14   -.185E-01   -.166E-01
    3    1    .400E+00    .331E+00
    3    2    .319E+01    .303E+01
    3    3    .104E+01    .103E+01
    3    4   -.376E+00   -.303E+00
    3    5   -.416E+01   -.412E+01
    3    6   -.239E+00   -.223E+00
    3    7   -.790E-01   -.702E-01
    3    8   -.112E+00   -.107E+00
    3    9   -.424E-01   -.366E-01
    3   10   -.632E-01   -.614E-01
    3   11   -.219E-01   -.187E-01
    3   12   -.397E-01   -.391E-01
    3   13   -.125E-01   -.107E-01
    3   14   -.268E-01   -.266E-01
    4    1    .113E+00    .931E-01
    4    2    .365E+00    .350E+00
    4    3    .995E-01    .101E+00
    4    4    .210E+01    .206E+01
    4    5    .321E+01    .322E+01
    4    6   -.150E+00    .000E+00
    4    7   -.588E+01    .000E+00
    4    8   -.211E+00   -.205E+00
    4    9   -.216E-01   -.220E-01
    4   10   -.991E-01   -.962E-01
    4   11   -.193E-01   -.197E-01
    4   12   -.566E-01   -.550E-01
    4   13   -.116E-01   -.119E-01
    4   14   -.361E-01   -.351E-01
    5    1    .462E-01    .379E-01
    5    2    .113E+00    .110E+00
    5    3    .292E-01    .303E-01
    5    4    .260E+00    .256E+00
    5    5    .341E+00    .342E+00
    5    6    .140E+01    .138E+01
    5    7    .496E+01    .492E+01
    5    8   -.487E-01    .000E+00
    5    9   -.739E+01    .000E+00
    5   10   -.187E+00   -.181E+00
    5   11   -.383E-02   -.506E-02
    5   12   -.885E-01   -.856E-01
    5   13   -.905E-02   -.103E-01
    5   14   -.510E-01   -.492E-01
    6    1    .233E-01    .189E-01
    6    2    .508E-01    .494E-01
    6    3    .127E-01    .134E-01
    6    4    .853E-01    .844E-01
    6    5    .107E+00    .108E+00
    6    6    .183E+00    .179E+00
    6    7    .547E+00    .534E+00
    6    8    .946E+00    .931E+00
    6    9    .645E+01    .637E+01
    6   10   -.908E-02    .000E+00
    6   11   -.879E+01    .000E+00
    6   12   -.167E+00   -.162E+00
    6   13   -.787E-05   -.180E-03
    6   14   -.800E-01   -.771E-01
    7    1    .133E-01    .108E-01
    7    2    .276E-01    .269E-01
    7    3    .675E-02    .717E-02
    7    4    .397E-01    .393E-01
    7    5    .485E-01    .489E-01
    7    6    .621E-01    .607E-01
    7    7    .176E+00    .170E+00
    7    8    .128E+00    .125E+00
    7    9    .726E+00    .708E+00
    7   10    .657E+00    .000E+00
    7   11    .778E+01    .000E+00
    7   12   -.217E-04    .000E+00
    7   13   -.101E+02    .000E+00
    7   14   -.152E+00    .000E+00
    8    1    .835E-02    .669E-02
    8    2    .169E-01    .164E-01
    8    3    .406E-02    .434E-02
    8    4    .221E-01    .219E-01
    8    5    .266E-01    .269E-01
    8    6    .297E-01    .289E-01
    8    7    .813E-01    .781E-01
    8    8    .447E-01    .432E-01
    8    9    .237E+00    .229E+00
    8   10    .914E-01    .882E-01
    8   11    .888E+00    .869E+00
    8   12    .462E+00    .000E+00
    8   13    .901E+01    .000E+00
    8   14   -.755E-02    .000E+00
  4  2  1    4  3  0        56
    1    1   -.107E+02   -.997E+01
    1    2   -.173E+01   -.159E+01
    1    3   -.408E+00   -.375E+00
    1    4   -.107E+00   -.965E-01
    1    5   -.243E-01   -.210E-01
    1    6   -.293E-02   -.213E-02
    1    7   -.836E-04   -.225E-03
    2    1   -.542E+01   -.601E+01
    2    2   -.844E+01   -.829E+01
    2    3   -.249E+01   -.248E+01
    2    4   -.106E+01   -.106E+01
    2    5   -.545E+00   -.542E+00
    2    6   -.312E+00   -.310E+00
    2    7   -.193E+00   -.192E+00
    3    1    .105E+01    .109E+01
    3    2   -.882E+01    .000E+00
    3    3   -.714E+01   -.679E+01
    3    4   -.250E+01   -.239E+01
    3    5   -.119E+01   -.115E+01
    3    6   -.661E+00   -.653E+00
    3    7   -.408E+00   -.408E+00
    4    1    .147E+00    .159E+00
    4    2    .232E+01    .236E+01
    4    3   -.113E+02    .000E+00
    4    4   -.671E+01   -.669E+01
    4    5   -.244E+01   -.243E+01
    4    6   -.120E+01   -.120E+01
    4    7   -.694E+00   -.695E+00
    5    1    .490E-01    .547E-01
    5    2    .359E+00    .361E+00
    5    3    .357E+01    .350E+01
    5    4   -.129E+02    .000E+00
    5    5   -.684E+01   -.687E+01
    5    6   -.248E+01   -.248E+01
    5    7   -.123E+01   -.123E+01
    6    1    .228E-01    .259E-01
    6    2    .126E+00    .126E+00
    6    3    .574E+00    .548E+00
    6    4    .471E+01    .463E+01
    6    5   -.140E+02    .000E+00
    6    6   -.725E+01   -.726E+01
    6    7   -.257E+01   -.257E+01
    7    1    .127E-01    .146E-01
    7    2    .603E-01    .600E-01
    7    3    .205E+00    .192E+00
    7    4    .787E+00    .764E+00
    7    5    .571E+01    .000E+00
    7    6   -.146E+02    .000E+00
    7    7   -.784E+01    .000E+00
    8    1    .790E-02    .911E-02
    8    2    .342E-01    .340E-01
    8    3    .996E-01    .922E-01
    8    4    .285E+00    .275E+00
    8    5    .990E+00    .977E+00
    8    6    .660E+01    .000E+00
    8    7   -.148E+02    .000E+00
  4  2  0    4  3  1       182
    1    1    .417E+01    .436E+01
    1    2   -.199E+02   -.167E+02
    1    3   -.176E+01   -.141E+01
    1    4   -.232E-02   -.351E-02
    1    5   -.481E+00   -.390E+00
    1    6   -.147E-02   -.228E-02
    1    7   -.201E+00   -.163E+00
    1    8   -.101E-02   -.151E-02
    1    9   -.104E+00   -.845E-01
    1   10   -.733E-03   -.105E-02
    1   11   -.621E-01   -.500E-01
    1   12   -.546E-03   -.763E-03
    1   13   -.402E-01   -.323E-01
    2    1    .107E+00    .103E+00
    2    2    .849E+01    .707E+01
    2    3   -.218E+02   -.211E+02
    2    4   -.117E+01   -.118E+01
    2    5   -.207E+01   -.205E+01
    2    6   -.209E+00   -.212E+00
    2    7   -.610E+00   -.607E+00
    2    8   -.756E-01   -.763E-01
    2    9   -.269E+00   -.265E+00
    2   10   -.371E-01   -.373E-01
    2   11   -.145E+00   -.141E+00
    2   12   -.214E-01   -.214E-01
    2   13   -.886E-01   -.854E-01
    3    1    .224E+00    .193E+00
    3    2    .345E+00    .236E+00
    3    3   -.110E+01   -.102E+01
    3    4   -.246E+02   -.246E+02
    3    5   -.580E-01   -.536E-01
    3    6   -.336E+01   -.338E+01
    3    7   -.168E-01   -.155E-01
    3    8   -.106E+01   -.106E+01
    3    9   -.743E-02   -.672E-02
    3   10   -.479E+00   -.476E+00
    3   11   -.402E-02   -.356E-02
    3   12   -.260E+00   -.258E+00
    3   13   -.245E-02   -.213E-02
    4    1    .420E-02    .443E-02
    4    2    .965E-01    .616E-01
    4    3    .105E+02    .980E+01
    4    4   -.554E+00    .000E+00
    4    5   -.208E+02   -.199E+02
    4    6   -.441E+01   -.431E+01
    4    7   -.221E+01   -.208E+01
    4    8   -.102E+01   -.100E+01
    4    9   -.694E+00   -.654E+00
    4   10   -.405E+00   -.406E+00
    4   11   -.317E+00   -.301E+00
    4   12   -.208E+00   -.211E+00
    4   13   -.175E+00   -.168E+00
    5    1    .154E+00    .134E+00
    5    2    .153E+00    .112E+00
    5    3    .267E+01    .242E+01
    5    4   -.178E+00    .000E+00
    5    5   -.567E+01   -.540E+01
    5    6   -.178E+02   -.174E+02
    5    7   -.480E+00   -.440E+00
    5    8   -.349E+01   -.342E+01
    5    9   -.143E+00   -.130E+00
    5   10   -.129E+01   -.128E+01
    5   11   -.637E-01   -.580E-01
    5   12   -.634E+00   -.637E+00
    5   13   -.347E-01   -.317E-01
    6    1    .369E-03    .370E-03
    6    2    .164E-01    .836E-02
    6    3    .662E-01    .492E-01
    6    4    .151E+00    .152E+00
    6    5    .120E+02    .000E+00
    6    6   -.146E+01    .000E+00
    6    7   -.200E+02   -.196E+02
    6    8   -.591E+01   -.590E+01
    6    9   -.232E+01   -.226E+01
    6   10   -.157E+01   -.157E+01
    6   11   -.758E+00   -.739E+00
    6   12   -.676E+00   -.675E+00
    6   13   -.355E+00   -.347E+00
    7    1    .100E+00    .859E-01
    7    2    .705E-01    .494E-01
    7    3    .184E+00    .151E+00
    7    4    .138E+00    .143E+00
    7    5    .544E+01    .507E+01
    7    6   -.209E+00    .000E+00
    7    7   -.985E+01   -.956E+01
    7    8   -.141E+02   -.140E+02
    7    9   -.903E+00   -.862E+00
    7   10   -.316E+01   -.315E+01
    7   11   -.276E+00   -.262E+00
    7   12   -.126E+01   -.126E+01
    7   13   -.125E+00   -.119E+00
    8    1    .312E-02    .309E-02
    8    2    .468E-02    .183E-02
    8    3    .102E-01    .680E-02
    8    4    .282E-01    .272E-01
    8    5    .431E-01    .349E-01
    8    6    .451E+00    .438E+00
    8    7    .133E+02    .000E+00
    8    8   -.264E+01    .000E+00
    8    9   -.195E+02   -.194E+02
    8   10   -.661E+01   -.660E+01
    8   11   -.240E+01   -.237E+01
    8   12   -.189E+01   -.188E+01
    8   13   -.805E+00   -.795E+00
    9    1    .681E-01    .576E-01
    9    2    .392E-01    .266E-01
    9    3    .671E-01    .536E-01
    9    4    .193E-01    .193E-01
    9    5    .216E+00    .186E+00
    9    6    .328E+00    .325E+00
    9    7    .844E+01    .000E+00
    9    8   -.240E+00    .000E+00
    9    9   -.136E+02   -.134E+02
    9   10   -.119E+02   -.119E+02
    9   11   -.130E+01   -.127E+01
    9   12   -.286E+01   -.285E+01
    9   13   -.407E+00   -.395E+00
   10    1    .519E-02    .508E-02
   10    2    .171E-02    .487E-03
   10    3    .292E-02    .179E-02
   10    4    .107E-01    .997E-02
   10    5    .536E-02    .429E-02
   10    6    .840E-01    .786E-01
   10    7    .281E-01    .253E-01
   10    8    .915E+00    .906E+00
   10    9    .144E+02    .000E+00
   10   10   -.393E+01    .000E+00
   10   11   -.194E+02    .000E+00
   10   12   -.695E+01   -.693E+01
   10   13   -.248E+01   -.247E+01
   11    1    .480E-01    .404E-01
   11    2    .243E-01    .161E-01
   11    3    .346E-01    .274E-01
   11    4    .589E-02    .567E-02
   11    5    .711E-01    .611E-01
   11    6    .519E-01    .497E-01
   11    7    .244E+00    .225E+00
   11    8    .536E+00    .534E+00
   11    9    .115E+02    .000E+00
   11   10   -.262E+00    .000E+00
   11   11   -.170E+02    .000E+00
   11   12   -.107E+02   -.106E+02
   11   13   -.168E+01   -.165E+01
   12    1    .615E-02    .597E-02
   12    2    .723E-03    .137E-03
   12    3    .108E-02    .615E-03
   12    4    .543E-02    .496E-02
   12    5    .134E-02    .113E-02
   12    6    .320E-01    .291E-01
   12    7    .261E-02    .230E-02
   12    8    .169E+00    .167E+00
   12    9    .176E-01    .164E-01
   12   10    .151E+01    .000E+00
   12   11    .155E+02    .000E+00
   12   12   -.527E+01    .000E+00
   12   13   -.196E+02    .000E+00
   13    1    .349E-01    .295E-01
   13    2    .162E-01    .106E-01
   13    3    .208E-01    .165E-01
   13    4    .253E-02    .238E-02
   13    5    .354E-01    .307E-01
   13    6    .168E-01    .155E-01
   13    7    .748E-01    .684E-01
   13    8    .916E-01    .908E-01
   13    9    .269E+00    .256E+00
   13   10    .752E+00    .756E+00
   13   11    .145E+02    .000E+00
   13   12   -.280E+00    .000E+00
   13   13   -.201E+02    .000E+00
   14    1    .635E-02    .613E-02
   14    2    .337E-03    .363E-04
   14    3    .465E-03    .242E-03
   14    4    .323E-02    .291E-02
   14    5    .439E-03    .403E-03
   14    6    .163E-01    .145E-01
   14    7    .514E-03    .465E-03
   14    8    .640E-01    .626E-01
   14    9    .978E-03    .847E-03
   14   10    .279E+00    .281E+00
   14   11    .102E-01    .949E-02
   14   12    .219E+01    .000E+00
   14   13    .166E+02    .000E+00
  4  3  1    4  3  0        91
    1    1   -.935E+00   -.845E+00
    1    2   -.186E+00   -.162E+00
    1    3   -.349E-01   -.286E-01
    1    4   -.300E-02   -.172E-02
    1    5   -.650E-03   -.130E-02
    1    6   -.579E-02   -.720E-02
    1    7   -.116E-01   -.133E-01
    2    1   -.106E+01   -.106E+01
    2    2   -.749E+00   -.745E+00
    2    3   -.275E+00   -.275E+00
    2    4   -.131E+00   -.131E+00
    2    5   -.731E-01   -.726E-01
    2    6   -.448E-01   -.443E-01
    2    7   -.293E-01   -.289E-01
    3    1    .162E+00    .157E+00
    3    2   -.147E+01   -.150E+01
    3    3   -.655E+00   -.623E+00
    3    4   -.266E+00   -.255E+00
    3    5   -.136E+00   -.132E+00
    3    6   -.796E-01   -.784E-01
    3    7   -.509E-01   -.508E-01
    4    1    .198E+01    .196E+01
    4    2    .481E+00    .000E+00
    4    3   -.107E+00   -.972E-01
    4    4   -.164E-01   -.147E-01
    4    5   -.582E-02   -.547E-02
    4    6   -.285E-02   -.285E-02
    4    7   -.165E-02   -.176E-02
    5    1    .195E-01    .192E-01
    5    2    .303E+00    .302E+00
    5    3   -.173E+01    .000E+00
    5    4   -.622E+00   -.623E+00
    5    5   -.257E+00   -.257E+00
    5    6   -.135E+00   -.134E+00
    5    7   -.808E-01   -.806E-01
    6    1    .391E+00    .390E+00
    6    2    .134E+01    .133E+01
    6    3    .959E+00    .000E+00
    6    4   -.286E+00   -.296E+00
    6    5   -.436E-01   -.454E-01
    6    6   -.153E-01   -.159E-01
    6    7   -.742E-02   -.763E-02
    7    1    .710E-02    .711E-02
    7    2    .447E-01    .438E-01
    7    3    .442E+00    .429E+00
    7    4   -.191E+01    .000E+00
    7    5   -.643E+00   -.647E+00
    7    6   -.261E+00   -.261E+00
    7    7   -.137E+00   -.136E+00
    8    1    .146E+00    .146E+00
    8    2    .384E+00    .379E+00
    8    3    .999E+00    .972E+00
    8    4    .145E+01    .000E+00
    8    5   -.503E+00   -.514E+00
    8    6   -.770E-01   -.787E-01
    8    7   -.272E-01   -.276E-01
    9    1    .354E-02    .357E-02
    9    2    .159E-01    .154E-01
    9    3    .680E-01    .640E-01
    9    4    .574E+00    .562E+00
    9    5   -.203E+01    .000E+00
    9    6   -.692E+00   -.693E+00
    9    7   -.271E+00   -.270E+00
   10    1    .723E-01    .724E-01
   10    2    .167E+00    .165E+00
   10    3    .332E+00    .321E+00
   10    4    .773E+00    .756E+00
   10    5    .196E+01    .000E+00
   10    6   -.754E+00    .000E+00
   10    7   -.115E+00   -.116E+00
   11    1    .206E-02    .209E-02
   11    2    .773E-02    .744E-02
   11    3    .243E-01    .224E-01
   11    4    .914E-01    .883E-01
   11    5    .693E+00    .000E+00
   11    6   -.210E+01    .000E+00
   11    7   -.757E+00    .000E+00
   12    1    .419E-01    .419E-01
   12    2    .902E-01    .888E-01
   12    3    .157E+00    .151E+00
   12    4    .284E+00    .277E+00
   12    5    .608E+00    .599E+00
   12    6    .248E+01    .000E+00
   12    7   -.103E+01    .000E+00
   13    1    .132E-02    .135E-02
   13    2    .444E-02    .426E-02
   13    3    .119E-01    .108E-01
   13    4    .329E-01    .315E-01
   13    5    .114E+00    .113E+00
   13    6    .799E+00    .000E+00
   13    7   -.215E+01    .000E+00
  4  3  1    4  4  0       143
    1    1   -.122E+02   -.113E+02
    1    2   -.439E+01   -.407E+01
    1    3   -.206E+01   -.193E+01
    1    4   -.108E-01   -.104E-01
    1    5   -.116E+01   -.109E+01
    1    6   -.227E-02   -.214E-02
    1    7   -.724E+00   -.679E+00
    1    8   -.597E-03   -.550E-03
    1    9   -.485E+00   -.454E+00
    1   10   -.213E-03   -.192E-03
    1   11   -.341E+00   -.320E+00
    2    1   -.166E+02   -.166E+02
    2    2   -.491E+01   -.490E+01
    2    3   -.229E+01   -.230E+01
    2    4   -.414E-02   -.421E-02
    2    5   -.122E+01   -.122E+01
    2    6   -.117E-03   -.103E-03
    2    7   -.727E+00   -.729E+00
    2    8   -.452E-04   -.594E-04
    2    9   -.472E+00   -.472E+00
    2   10   -.135E-03   -.159E-03
    2   11   -.325E+00   -.325E+00
    3    1    .333E+01    .324E+01
    3    2   -.248E+02   -.251E+02
    3    3   -.313E+01   -.291E+01
    3    4   -.135E-02   -.105E-02
    3    5   -.167E+01   -.156E+01
    3    6   -.650E-05   -.298E-04
    3    7   -.949E+00   -.898E+00
    3    8   -.288E-03   -.357E-03
    3    9   -.592E+00   -.567E+00
    3   10   -.393E-03   -.449E-03
    3   11   -.397E+00   -.384E+00
    4    1    .329E-01    .344E-01
    4    2    .233E-04    .000E+00
    4    3   -.236E+00   -.233E+00
    4    4   -.465E+02   -.463E+02
    4    5   -.249E-02   -.246E-02
    4    6   -.557E+01   -.562E+01
    4    7   -.616E-05   -.636E-05
    4    8   -.165E+01   -.168E+01
    4    9   -.123E-03   -.123E-03
    4   10   -.707E+00   -.731E+00
    4   11   -.139E-03   -.139E-03
    5    1    .377E+00    .374E+00
    5    2    .694E+01    .693E+01
    5    3   -.316E+02    .000E+00
    5    4   -.121E+00   -.120E+00
    5    5   -.226E+01   -.227E+01
    5    6   -.862E-02   -.846E-02
    5    7   -.130E+01   -.131E+01
    5    8   -.435E-02   -.428E-02
    5    9   -.771E+00   -.771E+00
    5   10   -.266E-02   -.262E-02
    5   11   -.495E+00   -.495E+00
    6    1    .586E-02    .642E-02
    6    2    .153E-01    .159E-01
    6    3    .970E-02    .000E+00
    6    4   -.759E-02    .000E+00
    6    5   -.397E-01   -.393E-01
    6    6   -.416E+02   -.412E+02
    6    7   -.268E-03   -.240E-03
    6    8   -.742E+01   -.730E+01
    6    9   -.722E-04   -.855E-04
    6   10   -.260E+01   -.254E+01
    6   11   -.156E-03   -.173E-03
    7    1    .123E+00    .124E+00
    7    2    .841E+00    .832E+00
    7    3    .106E+02    .104E+02
    7    4    .480E-01    .465E-01
    7    5   -.379E+02    .000E+00
    7    6   -.872E-02    .000E+00
    7    7   -.176E+01   -.180E+01
    7    8   -.907E-02   -.884E-02
    7    9   -.107E+01   -.109E+01
    7   10   -.473E-02   -.464E-02
    7   11   -.654E+00   -.660E+00
    8    1    .230E-02    .254E-02
    8    2    .331E-02    .350E-02
    8    3    .189E-01    .190E-01
    8    4    .210E+00    .213E+00
    8    5    .479E-02    .000E+00
    8    6   -.757E-01    .000E+00
    8    7   -.497E-02   -.476E-02
    8    8   -.388E+02   -.383E+02
    8    9   -.150E-04   -.241E-04
    8   10   -.813E+01   -.797E+01
    8   11   -.181E-03   -.204E-03
    9    1    .572E-01    .586E-01
    9    2    .281E+00    .276E+00
    9    3    .134E+01    .128E+01
    9    4    .500E-02    .465E-02
    9    5    .145E+02    .143E+02
    9    6    .957E-02    .911E-02
    9    7   -.439E+02    .000E+00
    9    8   -.221E-02    .000E+00
    9    9   -.144E+01   -.147E+01
    9   10   -.705E-02   -.696E-02
    9   11   -.923E+00   -.934E+00
   10    1    .123E-02    .135E-02
   10    2    .141E-02    .150E-02
   10    3    .467E-02    .470E-02
   10    4    .301E-01    .305E-01
   10    5    .157E-01    .160E-01
   10    6    .589E+00    .631E+00
   10    7    .192E-02    .000E+00
   10    8   -.115E+00    .000E+00
   10    9   -.188E-03    .000E+00
   10   10   -.372E+02   -.368E+02
   10   11   -.196E-03   -.222E-03
   11    1    .321E-01    .331E-01
   11    2    .133E+00    .130E+00
   11    3    .456E+00    .429E+00
   11    4    .160E-02    .145E-02
   11    5    .188E+01    .182E+01
   11    6    .111E-02    .102E-02
   11    7    .185E+02    .000E+00
   11    8    .239E-03    .000E+00
   11    9   -.496E+02    .000E+00
   11   10   -.159E-01    .000E+00
   11   11   -.122E+01   -.124E+01
   12    1    .761E-03    .835E-03
   12    2    .790E-03    .840E-03
   12    3    .198E-02    .201E-02
   12    4    .935E-02    .944E-02
   12    5    .424E-02    .438E-02
   12    6    .934E-01    .104E+00
   12    7    .124E-01    .127E-01
   12    8    .109E+01    .115E+01
   12    9    .835E-03    .000E+00
   12   10   -.158E+00    .000E+00
   12   11   -.178E-03    .000E+00
   13    1    .201E-01    .208E-01
   13    2    .753E-01    .736E-01
   13    3    .218E+00    .203E+00
   13    4    .745E-03    .663E-03
   13    5    .644E+00    .617E+00
   13    6    .377E-03    .346E-03
   13    7    .243E+01    .238E+01
   13    8    .430E-04    .388E-04
   13    9    .224E+02    .000E+00
   13   10    .139E-02    .000E+00
   13   11   -.553E+02    .000E+00
  4  3  0    4  4  1        42
    1    1   -.311E+02   -.311E+02
    1    2   -.511E+01   -.513E+01
    1    3   -.177E+01   -.177E+01
    1    4   -.837E+00   -.836E+00
    1    5   -.469E+00   -.467E+00
    1    6   -.292E+00   -.290E+00
    2    1   -.410E+01    .000E+00
    2    2   -.237E+02   -.231E+02
    2    3   -.590E+01   -.582E+01
    2    4   -.241E+01   -.241E+01
    2    5   -.125E+01   -.127E+01
    2    6   -.742E+00   -.759E+00
    3    1    .797E+00    .799E+00
    3    2   -.878E+01    .000E+00
    3    3   -.190E+02   -.189E+02
    3    4   -.555E+01   -.553E+01
    3    5   -.248E+01   -.246E+01
    3    6   -.135E+01   -.135E+01
    4    1    .132E+00    .127E+00
    4    2    .220E+01    .215E+01
    4    3   -.137E+02    .000E+00
    4    4   -.157E+02   -.156E+02
    4    5   -.507E+01   -.502E+01
    4    6   -.238E+01   -.235E+01
    5    1    .481E-01    .456E-01
    5    2    .364E+00    .346E+00
    5    3    .413E+01    .412E+01
    5    4   -.192E+02    .000E+00
    5    5   -.132E+02   -.131E+02
    5    6   -.456E+01   -.450E+01
    6    1    .242E-01    .228E-01
    6    2    .133E+00    .124E+00
    6    3    .691E+00    .688E+00
    6    4    .652E+01    .000E+00
    6    5   -.250E+02    .000E+00
    6    6   -.112E+02    .000E+00
    7    1    .144E-01    .136E-01
    7    2    .662E-01    .620E-01
    7    3    .252E+00    .251E+00
    7    4    .109E+01    .110E+01
    7    5    .930E+01    .000E+00
    7    6   -.311E+02    .000E+00
  4  4  1    4  4  0        66
    1    1    .225E+01    .222E+01
    1    2    .150E-01    .000E+00
    1    3   -.284E-04   -.411E-04
    1    4   -.232E+01   -.230E+01
    1    5   -.867E-03   -.477E-03
    1    6   -.334E+00   -.335E+00
    1    7   -.537E-03   -.354E-03
    1    8   -.107E+00   -.109E+00
    1    9   -.304E-03   -.225E-03
    1   10   -.486E-01   -.498E-01
    1   11   -.182E-03   -.148E-03
    2    1    .280E+00    .279E+00
    2    2    .202E+01    .201E+01
    2    3    .568E-01    .000E+00
    2    4   -.139E+00    .000E+00
    2    5   -.208E-01   -.245E-01
    2    6   -.194E+01   -.193E+01
    2    7   -.490E-02   -.586E-02
    2    8   -.401E+00   -.394E+00
    2    9   -.194E-02   -.230E-02
    2   10   -.150E+00   -.147E+00
    2   11   -.970E-03   -.114E-02
    3    1    .851E-01    .846E-01
    3    2    .391E+00    .385E+00
    3    3    .183E+01    .178E+01
    3    4    .724E-01    .720E-01
    3    5    .881E-01    .000E+00
    3    6   -.242E+00    .000E+00
    3    7   -.609E-01   -.665E-01
    3    8   -.174E+01   -.172E+01
    3    9   -.118E-01   -.131E-01
    3   10   -.418E+00   -.409E+00
    3   11   -.434E-02   -.480E-02
    4    1    .370E-01    .367E-01
    4    2    .142E+00    .140E+00
    4    3    .414E+00    .401E+00
    4    4    .117E-01    .116E-01
    4    5    .176E+01    .172E+01
    4    6    .101E+00    .104E+00
    4    7    .117E+00    .000E+00
    4    8   -.335E+00    .000E+00
    4    9   -.108E+00   -.113E+00
    4   10   -.161E+01   -.160E+01
    4   11   -.206E-01   -.217E-01
    5    1    .195E-01    .194E-01
    5    2    .688E-01    .674E-01
    5    3    .165E+00    .160E+00
    5    4    .399E-02    .393E-02
    5    5    .428E+00    .418E+00
    5    6    .168E-01    .176E-01
    5    7    .173E+01    .170E+01
    5    8    .141E+00    .000E+00
    5    9    .146E+00    .000E+00
    5   10   -.423E+00    .000E+00
    5   11   -.160E+00    .000E+00
    6    1    .117E-01    .116E-01
    6    2    .390E-01    .382E-01
    6    3    .846E-01    .817E-01
    6    4    .187E-02    .184E-02
    6    5    .179E+00    .174E+00
    6    6    .577E-02    .609E-02
    6    7    .437E+00    .430E+00
    6    8    .241E-01    .253E-01
    6    9    .172E+01    .000E+00
    6   10    .192E+00    .000E+00
    6   11    .173E+00    .000E+00
  4  4  0    4  5  1        66
    1    1   -.430E+02   -.429E+02
    1    2   -.647E+01   -.647E+01
    1    3   -.214E+01   -.214E+01
    1    4   -.990E+00   -.983E+00
    1    5   -.548E+00   -.542E+00
    1    6   -.340E+00   -.335E+00
    2    1   -.258E+01    .000E+00
    2    2   -.358E+02   -.350E+02
    2    3   -.782E+01   -.768E+01
    2    4   -.303E+01   -.302E+01
    2    5   -.153E+01   -.154E+01
    2    6   -.892E+00   -.907E+00
    3    1    .636E+00    .628E+00
    3    2   -.500E+01    .000E+00
    3    3   -.317E+02   -.316E+02
    3    4   -.797E+01   -.795E+01
    3    5   -.334E+01   -.333E+01
    3    6   -.176E+01   -.176E+01
    4    1    .268E-01    .142E-03
    4    2    .521E-02    .000E+00
    4    3   -.253E+00   -.224E+00
    4    4   -.518E-01   -.478E-01
    4    5   -.197E-01   -.189E-01
    4    6   -.980E-02   -.977E-02
    5    1    .988E-01    .935E-01
    5    2    .159E+01    .155E+01
    5    3   -.727E+01    .000E+00
    5    4   -.296E+02   -.296E+02
    5    5   -.797E+01   -.794E+01
    5    6   -.348E+01   -.345E+01
    6    1    .826E-02    .131E-03
    6    2    .131E-01    .167E-02
    6    3    .234E-02    .000E+00
    6    4   -.101E+00   -.852E-01
    6    5   -.227E-01   -.191E-01
    6    6   -.906E-02   -.771E-02
    7    1    .331E-01    .303E-01
    7    2    .265E+00    .248E+00
    7    3    .280E+01    .277E+01
    7    4   -.940E+01    .000E+00
    7    5   -.284E+02   -.283E+02
    7    6   -.793E+01   -.788E+01
    8    1    .401E-02    .123E-03
    8    2    .413E-02    .146E-03
    8    3    .981E-02    .275E-02
    8    4    .105E-02    .000E+00
    8    5   -.501E-01   -.397E-01
    8    6   -.119E-01   -.911E-02
    9    1    .153E-01    .138E-01
    9    2    .920E-01    .835E-01
    9    3    .488E+00    .480E+00
    9    4    .417E+01    .000E+00
    9    5   -.114E+02    .000E+00
    9    6   -.278E+02    .000E+00
   10    1    .228E-02    .900E-04
   10    2    .200E-02    .139E-04
   10    3    .303E-02    .449E-03
   10    4    .820E-02    .306E-02
   10    5    .588E-03    .000E+00
   10    6   -.320E-01    .000E+00
   11    1    .850E-02    .751E-02
   11    2    .436E-01    .387E-01
   11    3    .174E+00    .169E+00
   11    4    .752E+00    .756E+00
   11    5    .567E+01    .000E+00
   11    6   -.134E+02    .000E+00
  0  0  0    0  0  0         0
