   14   12    F
  1  0  0    1  1  1       100
    1    1   -.170E+01   -.170E+01
    1    2   -.156E-01   -.146E-01
    1    3   -.141E-01   -.145E-01
    1    4   -.485E-02   -.489E-02
    1    5   -.418E-03   -.312E-03
    1    6   -.181E-02   -.194E-02
    1    7   -.287E-02   -.304E-02
    1    8   -.217E-02   -.229E-02
    1    9   -.158E-02   -.167E-02
    1   10   -.117E-02   -.123E-02
    2    1    .820E+00    .828E+00
    2    2   -.745E-01   -.818E-01
    2    3   -.289E-01   -.275E-01
    2    4   -.187E+00   -.187E+00
    2    5   -.190E+01   -.199E+01
    2    6   -.328E-01   -.337E-01
    2    7   -.252E-02   -.277E-02
    2    8   -.444E-03   -.528E-03
    2    9   -.107E-03   -.143E-03
    2   10   -.282E-04   -.446E-04
    3    1    .128E+00    .126E+00
    3    2   -.781E+00   -.795E+00
    3    3   -.184E+00   -.178E+00
    3    4   -.723E+00   -.718E+00
    3    5   -.736E-01   -.784E-01
    3    6   -.109E+00   -.111E+00
    3    7   -.425E-02   -.455E-02
    3    8   -.349E-03   -.425E-03
    3    9   -.184E-04   -.361E-04
    3   10   -.169E-05   -.521E-07
    4    1    .395E-01    .392E-01
    4    2    .615E+00    .608E+00
    4    3   -.118E+01   -.110E+01
    4    4   -.289E+00   -.296E+00
    4    5   -.293E-02   -.236E-02
    4    6   -.554E-02   -.394E-02
    4    7   -.525E-02   -.685E-02
    4    8   -.648E-02   -.781E-02
    4    9   -.570E-02   -.667E-02
    4   10   -.476E-02   -.548E-02
    5    1    .136E-01    .134E-01
    5    2    .106E+00    .102E+00
    5    3    .704E+00    .673E+00
    5    4    .202E+00    .000E+00
    5    5   -.837E-04   -.841E-06
    5    6   -.189E+01   -.185E+01
    5    7   -.772E-06   -.166E-04
    5    8   -.332E-02   -.331E-02
    5    9   -.342E-02   -.373E-02
    5   10   -.278E-02   -.321E-02
    6    1    .628E-02    .621E-02
    6    2    .448E-01    .430E-01
    6    3    .110E+00    .105E+00
    6    4    .233E-01    .216E-01
    6    5    .144E-02    .198E-02
    6    6    .137E+01    .133E+01
    6    7   -.244E+01    .000E+00
    6    8   -.245E-06   -.198E-03
    6    9   -.232E-02   -.314E-02
    6   10   -.245E-02   -.295E-02
    7    1    .328E-02    .324E-02
    7    2    .284E-01    .272E-01
    7    3    .369E-01    .353E-01
    7    4    .341E-02    .301E-02
    7    5    .327E-02    .374E-02
    7    6    .144E+00    .138E+00
    7    7    .169E+01    .162E+01
    7    8   -.280E+01    .000E+00
    7    9   -.165E-03   -.124E-04
    7   10   -.149E-02   -.187E-02
    8    1    .154E-02    .154E-02
    8    2    .277E-01    .266E-01
    8    3    .120E-01    .114E-01
    8    4    .779E-04    .127E-03
    8    5    .123E-01    .130E-01
    8    6    .553E-01    .531E-01
    8    7    .202E+00    .192E+00
    8    8    .198E+01    .194E+01
    8    9   -.317E+01    .000E+00
    8   10   -.240E-02   -.200E-02
    9    1    .660E-04    .356E-04
    9    2    .913E-01    .904E-01
    9    3    .631E-02    .662E-02
    9    4    .621E-01    .644E-01
    9    5    .183E+00    .186E+00
    9    6    .431E-01    .436E-01
    9    7    .424E-01    .419E-01
    9    8    .128E+00    .127E+00
    9    9    .179E+01    .000E+00
    9   10   -.245E+01    .000E+00
   10    1    .425E-02    .382E-02
   10    2    .529E-01    .541E-01
   10    3    .651E-01    .647E-01
   10    4    .125E+00    .128E+00
   10    5    .239E+00    .241E+00
   10    6    .144E-02    .203E-02
   10    7    .163E-01    .140E-01
   10    8    .708E-01    .660E-01
   10    9    .447E+00    .000E+00
   10   10   -.663E+00    .000E+00
  1  1  1    1  1  0        70
    1    1   -.234E-01   -.224E-01
    1    2   -.105E-01   -.110E-01
    1    3   -.539E-02   -.571E-02
    1    4   -.312E-02   -.332E-02
    1    5   -.198E-02   -.211E-02
    1    6   -.134E-02   -.142E-02
    1    7   -.946E-03   -.101E-02
    2    1   -.126E+01   -.126E+01
    2    2   -.607E-06   -.328E-09
    2    3   -.240E-04   -.289E-04
    2    4   -.163E-04   -.198E-04
    2    5   -.101E-04   -.126E-04
    2    6   -.651E-05   -.827E-05
    2    7   -.443E-05   -.569E-05
    3    1   -.138E+00   -.140E+00
    3    2   -.777E+00   -.777E+00
    3    3   -.120E-03   -.989E-04
    3    4   -.612E-04   -.506E-04
    3    5   -.423E-04   -.349E-04
    3    6   -.306E-04   -.251E-04
    3    7   -.227E-04   -.185E-04
    4    1   -.574E+00   -.598E+00
    4    2   -.151E+00   -.146E+00
    4    3   -.103E+00   -.105E+00
    4    4   -.370E-03   -.471E-03
    4    5   -.427E-04   -.207E-04
    4    6   -.142E-03   -.105E-03
    4    7   -.163E-03   -.128E-03
    5    1   -.171E-01   -.186E-01
    5    2   -.225E-02   -.270E-02
    5    3   -.117E-02   -.139E-02
    5    4   -.356E-03   -.416E-03
    5    5   -.220E-03   -.251E-03
    5    6   -.143E-03   -.162E-03
    5    7   -.976E-04   -.110E-03
    6    1   -.819E-01   -.900E-01
    6    2   -.824E-01   -.796E-01
    6    3   -.770E+00   -.763E+00
    6    4   -.708E-02   -.733E-02
    6    5   -.321E-03   -.367E-03
    6    6   -.152E-04   -.244E-04
    6    7   -.550E-06   -.268E-07
    7    1    .448E-02    .000E+00
    7    2   -.232E-01   -.224E-01
    7    3   -.171E-01   -.166E-01
    7    4   -.832E+00   -.828E+00
    7    5   -.362E-02   -.368E-02
    7    6   -.410E-03   -.431E-03
    7    7   -.960E-04   -.105E-03
    8    1    .647E-02    .590E-02
    8    2   -.136E-01   -.131E-01
    8    3   -.548E-02   -.529E-02
    8    4   -.759E-02   -.744E-02
    8    5   -.821E+00   -.818E+00
    8    6   -.303E-02   -.307E-02
    8    7   -.461E-03   -.475E-03
    9    1    .558E-02    .524E-02
    9    2   -.981E-02   -.942E-02
    9    3   -.283E-02   -.270E-02
    9    4   -.238E-02   -.231E-02
    9    5   -.477E-02   -.469E-02
    9    6   -.814E+00   -.811E+00
    9    7   -.272E-02   -.275E-02
   10    1    .465E-02    .442E-02
   10    2   -.769E-02   -.737E-02
   10    3   -.174E-02   -.165E-02
   10    4   -.118E-02   -.114E-02
   10    5   -.143E-02   -.139E-02
   10    6   -.351E-02   -.345E-02
   10    7   -.810E+00   -.807E+00
  1  1  1    1  2  0       100
    1    1   -.135E+00   -.115E+00
    1    2   -.515E+01   -.521E+01
    1    3   -.274E+00   -.296E+00
    1    4   -.248E-01   -.287E-01
    1    5   -.464E-02   -.569E-02
    1    6   -.145E-02   -.165E-02
    1    7   -.344E-03   -.235E-03
    1    8   -.175E-06   -.241E-04
    1    9   -.942E-05   -.559E-04
    1   10   -.578E-05   -.359E-04
    2    1    .468E+00    .484E+00
    2    2    .327E+00    .346E+00
    2    3   -.298E+01   -.315E+01
    2    4   -.222E-01   -.285E-01
    2    5   -.305E-01   -.272E-01
    2    6   -.232E+00   -.229E+00
    2    7   -.643E+00   -.650E+00
    2    8   -.306E+00   -.313E+00
    2    9   -.876E-01   -.907E-01
    2   10   -.350E-01   -.366E-01
    3    1    .195E+00    .200E+00
    3    2    .462E-01    .417E-01
    3    3    .133E+01    .130E+01
    3    4   -.424E+01   -.419E+01
    3    5   -.190E+00   -.185E+00
    3    6   -.327E-01   -.314E-01
    3    7   -.311E-02   -.325E-02
    3    8   -.475E-03   -.306E-03
    3    9   -.654E-03   -.463E-03
    3   10   -.288E-03   -.185E-03
    4    1    .445E+00    .441E+00
    4    2    .227E+00    .225E+00
    4    3    .187E+00    .213E+00
    4    4    .239E+00    .000E+00
    4    5   -.151E+01   -.148E+01
    4    6   -.733E+00   -.744E+00
    4    7   -.595E+00   -.606E+00
    4    8   -.107E+00   -.107E+00
    4    9   -.907E-02   -.861E-02
    4   10   -.798E-03   -.651E-03
    5    1    .600E-02    .516E-02
    5    2    .102E+01    .105E+01
    5    3    .966E-02    .118E-01
    5    4    .338E-02    .368E-02
    5    5   -.869E-03   -.105E-02
    5    6   -.153E-01   -.164E-01
    5    7   -.431E-01   -.452E-01
    5    8   -.207E-01   -.216E-01
    5    9   -.600E-02   -.619E-02
    5   10   -.241E-02   -.247E-02
    6    1    .404E-01    .381E-01
    6    2    .369E-01    .397E-01
    6    3    .220E+00    .219E+00
    6    4    .194E+01    .190E+01
    6    5   -.364E+01   -.360E+01
    6    6   -.209E+00   -.193E+00
    6    7   -.700E+00   -.681E+00
    6    8   -.274E+00   -.279E+00
    6    9   -.582E-01   -.623E-01
    6   10   -.172E-01   -.193E-01
    7    1    .239E-04    .187E-05
    7    2    .237E-02    .286E-02
    7    3    .547E-01    .527E-01
    7    4    .198E+00    .195E+00
    7    5    .289E+01    .288E+01
    7    6   -.438E+01    .000E+00
    7    7   -.104E+01   -.103E+01
    7    8   -.596E+00   -.589E+00
    7    9   -.143E+00   -.140E+00
    7   10   -.464E-01   -.454E-01
    8    1    .534E-03    .660E-03
    8    2    .335E-03    .472E-03
    8    3    .243E-01    .230E-01
    8    4    .631E-01    .631E-01
    8    5    .257E+00    .257E+00
    8    6    .265E+01    .261E+01
    8    7   -.712E+00    .000E+00
    8    8   -.467E+01   -.461E+01
    8    9   -.555E+00   -.539E+00
    8   10   -.137E+00   -.131E+00
    9    1    .830E-03    .953E-03
    9    2    .506E-04    .964E-04
    9    3    .139E-01    .129E-01
    9    4    .300E-01    .301E-01
    9    5    .852E-01    .854E-01
    9    6    .313E+00    .305E+00
    9    7    .584E+00    .583E+00
    9    8    .361E+01    .000E+00
    9    9   -.702E+01    .000E+00
    9   10   -.568E+00   -.552E+00
   10    1    .850E-03    .953E-03
   10    2    .343E-05    .168E-04
   10    3    .901E-02    .822E-02
   10    4    .172E-01    .173E-01
   10    5    .414E-01    .415E-01
   10    6    .112E+00    .109E+00
   10    7    .135E+00    .134E+00
   10    8    .230E-02    .143E-02
   10    9    .561E+01    .000E+00
   10   10   -.825E+01    .000E+00
  1  1  0    1  2  1        56
    1    1    .583E+00    .608E+00
    1    2   -.278E+01   -.289E+01
    1    3   -.672E-01   -.727E-01
    1    4   -.106E-01   -.118E-01
    1    5   -.348E-02   -.394E-02
    1    6   -.214E-02   -.244E-02
    1    7   -.290E-02   -.322E-02
    1    8   -.326E-01   -.344E-01
    2    1    .350E-01    .383E-01
    2    2    .124E+01    .119E+01
    2    3   -.354E+01   -.349E+01
    2    4   -.109E+00   -.105E+00
    2    5   -.188E-01   -.175E-01
    2    6   -.571E-02   -.515E-02
    2    7   -.231E-02   -.202E-02
    2    8   -.966E-03   -.793E-03
    3    1    .112E-01    .124E-01
    3    2    .872E-01    .762E-01
    3    3    .188E+01    .181E+01
    3    4   -.420E+01   -.415E+01
    3    5   -.152E+00   -.160E+00
    3    6   -.301E-01   -.343E-01
    3    7   -.101E-01   -.121E-01
    3    8   -.409E-02   -.498E-02
    4    1    .532E-02    .582E-02
    4    2    .269E-01    .237E-01
    4    3    .116E+00    .113E+00
    4    4    .251E+01    .250E+01
    4    5   -.484E+01   -.480E+01
    4    6   -.193E+00   -.189E+00
    4    7   -.418E-01   -.405E-01
    4    8   -.142E-01   -.135E-01
    5    1    .303E-02    .331E-02
    5    2    .129E-01    .113E-01
    5    3    .362E-01    .361E-01
    5    4    .151E+00    .151E+00
    5    5    .314E+01    .309E+01
    5    6   -.546E+01   -.539E+01
    5    7   -.235E+00   -.227E+00
    5    8   -.511E-01   -.485E-01
    6    1    .191E-02    .209E-02
    6    2    .747E-02    .642E-02
    6    3    .171E-01    .171E-01
    6    4    .466E-01    .466E-01
    6    5    .182E+00    .175E+00
    6    6    .377E+01    .371E+01
    6    7   -.608E+01    .000E+00
    6    8   -.266E+00   -.258E+00
    7    1    .129E-02    .141E-02
    7    2    .482E-02    .407E-02
    7    3    .973E-02    .976E-02
    7    4    .218E-01    .218E-01
    7    5    .551E-01    .527E-01
    7    6    .211E+00    .204E+00
    7    7    .440E+01    .000E+00
    7    8   -.661E+01    .000E+00
  1  2  1    1  2  0        80
    1    1    .265E+01    .272E+01
    1    2    .722E-01    .573E-01
    1    3   -.798E-06    .000E+00
    1    4   -.707E-03   -.519E-03
    1    5   -.722E-02   -.722E-02
    1    6   -.446E-01   -.465E-01
    1    7   -.142E+00   -.150E+00
    1    8   -.800E-01   -.847E-01
    1    9   -.281E-01   -.299E-01
    1   10   -.136E-01   -.144E-01
    2    1    .401E-02    .542E-02
    2    2    .548E-01    .602E-01
    2    3    .159E+01    .158E+01
    2    4    .632E-01    .625E-01
    2    5    .600E-01    .612E-01
    2    6    .133E+00    .142E+00
    2    7    .257E+00    .286E+00
    2    8    .100E+00    .116E+00
    2    9    .245E-01    .298E-01
    2   10    .877E-02    .112E-01
    3    1    .304E-04    .140E-05
    3    2    .124E-02    .158E-02
    3    3    .596E-02    .578E-02
    3    4    .142E+01    .142E+01
    3    5    .386E-02    .412E-02
    3    6    .459E-03    .262E-03
    3    7    .129E-01    .108E-01
    3    8    .130E-01    .114E-01
    3    9    .656E-02    .589E-02
    3   10    .391E-02    .355E-02
    4    1    .259E-03    .127E-03
    4    2    .324E-04    .717E-04
    4    3    .393E-03    .354E-03
    4    4    .165E-02    .158E-02
    4    5    .131E+01    .131E+01
    4    6    .107E-01    .100E-01
    4    7    .404E-01    .383E-01
    4    8    .232E-01    .220E-01
    4    9    .807E-02    .767E-02
    4   10    .381E-02    .363E-02
    5    1    .278E-03    .175E-03
    5    2    .692E-05    .625E-06
    5    3    .668E-04    .542E-04
    5    4    .167E-03    .151E-03
    5    5    .590E-05    .203E-05
    5    6    .107E+01    .107E+01
    5    7    .233E+00    .229E+00
    5    8    .555E-01    .542E-01
    5    9    .124E-01    .120E-01
    5   10    .463E-02    .450E-02
    6    1    .225E-03    .153E-03
    6    2    .358E-04    .211E-04
    6    3    .174E-04    .125E-04
    6    4    .508E-04    .438E-04
    6    5    .289E-06    .483E-07
    6    6    .601E-02    .622E-02
    6    7    .416E+00    .418E+00
    6    8    .898E+00    .892E+00
    6    9    .329E-01    .325E-01
    6   10    .776E-02    .763E-02
    7    1    .153E-03    .106E-03
    7    2    .782E-04    .591E-04
    7    3    .648E-05    .430E-05
    7    4    .352E-04    .307E-04
    7    5    .930E-05    .611E-05
    7    6    .909E-03    .972E-03
    7    7    .238E-01    .243E-01
    7    8    .105E+00    .106E+00
    7    9    .120E+01    .119E+01
    7   10    .229E-01    .227E-01
    8    1    .960E-05    .255E-05
    8    2    .624E-03    .564E-03
    8    3    .869E-05    .909E-05
    8    4    .185E-03    .181E-03
    8    5    .477E-03    .469E-03
    8    6    .555E-03    .547E-03
    8    7    .148E-03    .150E-03
    8    8    .554E-02    .552E-02
    8    9    .345E-01    .344E-01
    8   10    .128E+01    .128E+01
  1  2  1    1  3  0        56
    1    1   -.341E+01   -.340E+01
    1    2   -.798E+00   -.794E+00
    1    3   -.326E+00   -.324E+00
    1    4   -.168E+00   -.167E+00
    1    5   -.995E-01   -.988E-01
    1    6   -.645E-01   -.640E-01
    1    7   -.444E-01   -.441E-01
    2    1   -.122E+01   -.126E+01
    2    2   -.221E+01   -.222E+01
    2    3   -.687E+00   -.679E+00
    2    4   -.303E+00   -.303E+00
    2    5   -.164E+00   -.165E+00
    2    6   -.100E+00   -.101E+00
    2    7   -.662E-01   -.667E-01
    3    1    .243E+00    .236E+00
    3    2   -.209E+01   -.222E+01
    3    3   -.183E+01   -.179E+01
    3    4   -.614E+00   -.613E+00
    3    5   -.290E+00   -.292E+00
    3    6   -.164E+00   -.166E+00
    3    7   -.104E+00   -.104E+00
    4    1    .408E-01    .379E-01
    4    2    .535E+00    .534E+00
    4    3   -.277E+01    .000E+00
    4    4   -.163E+01   -.155E+01
    4    5   -.572E+00   -.534E+00
    4    6   -.280E+00   -.261E+00
    4    7   -.162E+00   -.152E+00
    5    1    .147E-01    .136E-01
    5    2    .844E-01    .877E-01
    5    3    .868E+00    .891E+00
    5    4   -.341E+01    .000E+00
    5    5   -.152E+01   -.146E+01
    5    6   -.543E+00   -.522E+00
    5    7   -.270E+00   -.260E+00
    6    1    .731E-02    .674E-02
    6    2    .298E-01    .323E-01
    6    3    .143E+00    .149E+00
    6    4    .123E+01    .126E+01
    6    5   -.402E+01    .000E+00
    6    6   -.145E+01   -.143E+01
    6    7   -.524E+00   -.515E+00
    7    1    .434E-02    .398E-02
    7    2    .145E-01    .162E-01
    7    3    .516E-01    .549E-01
    7    4    .206E+00    .211E+00
    7    5    .162E+01    .163E+01
    7    6   -.461E+01    .000E+00
    7    7   -.141E+01   -.140E+01
    8    1    .307E-02    .279E-02
    8    2    .839E-02    .957E-02
    8    3    .253E-01    .272E-01
    8    4    .751E-01    .763E-01
    8    5    .274E+00    .275E+00
    8    6    .202E+01    .203E+01
    8    7   -.524E+01    .000E+00
  1  2  0    1  3  1        70
    1    1   -.230E+01   -.233E+01
    1    2   -.128E+01   -.132E+01
    1    3   -.372E+00   -.394E+00
    1    4   -.115E-01   -.135E-01
    1    5   -.146E-02   -.116E-02
    1    6   -.531E-02   -.501E-02
    1    7   -.629E-02   -.613E-02
    2    1   -.117E+01   -.114E+01
    2    2   -.194E+01   -.198E+01
    2    3   -.425E+01   -.428E+01
    2    4   -.177E+01   -.177E+01
    2    5   -.678E+00   -.679E+00
    2    6   -.326E+00   -.326E+00
    2    7   -.183E+00   -.183E+00
    3    1   -.449E-02    .000E+00
    3    2   -.306E+01   -.309E+01
    3    3   -.206E+00   -.208E+00
    3    4   -.614E+00   -.612E+00
    3    5   -.345E+00   -.347E+00
    3    6   -.183E+00   -.185E+00
    3    7   -.103E+00   -.105E+00
    4    1    .598E-01    .571E-01
    4    2    .916E+00    .000E+00
    4    3   -.461E+01   -.466E+01
    4    4   -.429E+00   -.409E+00
    4    5   -.454E+00   -.452E+00
    4    6   -.289E+00   -.292E+00
    4    7   -.186E+00   -.189E+00
    5    1    .484E-02    .365E-02
    5    2    .291E-02    .262E-02
    5    3    .226E+01    .223E+01
    5    4   -.627E+01   -.623E+01
    5    5   -.363E+00   -.337E+00
    5    6   -.321E+00   -.296E+00
    5    7   -.219E+00   -.202E+00
    6    1    .964E-03    .152E-02
    6    2    .454E-02    .443E-02
    6    3    .152E+00    .156E+00
    6    4    .305E+01    .308E+01
    6    5   -.735E+01    .000E+00
    6    6   -.387E-01   -.332E-01
    6    7   -.989E-01   -.925E-01
    7    1    .191E-01    .208E-01
    7    2    .267E-01    .270E-01
    7    3    .385E-01    .437E-01
    7    4    .470E-01    .527E-01
    7    5    .311E+01    .000E+00
    7    6   -.591E+01   -.586E+01
    7    7   -.391E+00   -.381E+00
    8    1    .169E-01    .173E-01
    8    2    .158E-01    .169E-01
    8    3    .242E-03    .550E-03
    8    4    .389E-01    .376E-01
    8    5    .396E+00    .410E+00
    8    6    .543E-01    .000E+00
    8    7   -.367E+01   -.361E+01
    9    1    .746E-02    .733E-02
    9    2    .504E-02    .573E-02
    9    3    .118E-02    .999E-03
    9    4    .371E-01    .380E-01
    9    5    .179E+00    .185E+00
    9    6    .130E+01    .132E+01
    9    7   -.290E+01    .000E+00
   10    1    .397E-02    .383E-02
   10    2    .209E-02    .252E-02
   10    3    .147E-02    .142E-02
   10    4    .221E-01    .233E-01
   10    5    .774E-01    .798E-01
   10    6    .282E+00    .287E+00
   10    7    .192E+01    .000E+00
  1  3  1    1  3  0        49
    1    1   -.238E+01   -.238E+01
    1    2   -.173E-01   -.179E-01
    1    3   -.588E-02   -.614E-02
    1    4   -.281E-02   -.295E-02
    1    5   -.160E-02   -.168E-02
    1    6   -.101E-02   -.106E-02
    1    7   -.682E-03   -.717E-03
    2    1   -.140E-01   -.135E-01
    2    2   -.155E+01   -.155E+01
    2    3   -.729E-01   -.732E-01
    2    4   -.250E-01   -.252E-01
    2    5   -.124E-01   -.125E-01
    2    6   -.724E-02   -.730E-02
    2    7   -.467E-02   -.471E-02
    3    1   -.362E-01   -.359E-01
    3    2   -.432E+00   -.430E+00
    3    3   -.515E+00   -.514E+00
    3    4   -.750E-01   -.750E-01
    3    5   -.291E-01   -.292E-01
    3    6   -.152E-01   -.152E-01
    3    7   -.921E-02   -.923E-02
    4    1   -.199E-01   -.202E-01
    4    2   -.309E-01   -.308E-01
    4    3   -.132E+01   -.132E+01
    4    4   -.150E+00   -.149E+00
    4    5   -.284E-01   -.283E-01
    4    6   -.115E-01   -.115E-01
    4    7   -.612E-02   -.610E-02
    5    1   -.104E-01   -.107E-01
    5    2   -.717E-02   -.714E-02
    5    3   -.349E-01   -.348E-01
    5    4   -.165E+01   -.164E+01
    5    5   -.673E-01   -.671E-01
    5    6   -.134E-01   -.133E-01
    5    7   -.542E-02   -.539E-02
    6    1   -.659E-02   -.688E-02
    6    2   -.345E-02   -.344E-02
    6    3   -.868E-02   -.864E-02
    6    4   -.277E-01   -.277E-01
    6    5   -.175E+01   -.174E+01
    6    6   -.411E-01   -.409E-01
    6    7   -.833E-02   -.829E-02
    7    1   -.468E-02   -.493E-02
    7    2   -.233E-02   -.233E-02
    7    3   -.393E-02   -.391E-02
    7    4   -.704E-02   -.703E-02
    7    5   -.219E-01   -.219E-01
    7    6   -.180E+01   -.179E+01
    7    7   -.290E-01   -.289E-01
  1  3  1    1  4  0        42
    1    1   -.727E+01   -.715E+01
    1    2   -.129E+01   -.125E+01
    1    3   -.435E+00   -.424E+00
    1    4   -.197E+00   -.192E+00
    1    5   -.104E+00   -.102E+00
    1    6   -.613E-01   -.598E-01
    2    1   -.271E+01   -.268E+01
    2    2   -.228E+01   -.228E+01
    2    3   -.926E+00   -.935E+00
    2    4   -.479E+00   -.484E+00
    2    5   -.289E+00   -.290E+00
    2    6   -.191E+00   -.192E+00
    3    1    .117E+01    .107E+01
    3    2   -.784E+01   -.768E+01
    3    3   -.549E-01   -.554E-01
    3    4   -.299E-02   -.281E-02
    3    5   -.148E-01   -.149E-01
    3    6   -.189E-01   -.196E-01
    4    1    .196E-02    .123E-02
    4    2    .234E+01    .000E+00
    4    3   -.103E+02   -.100E+02
    4    4   -.117E+01   -.111E+01
    4    5   -.324E+00   -.303E+00
    4    6   -.127E+00   -.118E+00
    5    1    .122E-03    .331E-03
    5    2    .182E-01    .239E-01
    5    3    .247E+01    .000E+00
    5    4   -.101E+02   -.988E+01
    5    5   -.170E+01   -.166E+01
    5    6   -.594E+00   -.577E+00
    6    1    .141E-03    .375E-03
    6    2    .723E-02    .926E-02
    6    3    .944E-01    .107E+00
    6    4    .243E+01    .000E+00
    6    5   -.971E+01   -.961E+01
    6    6   -.190E+01   -.188E+01
    7    1    .799E-04    .262E-03
    7    2    .338E-02    .430E-02
    7    3    .248E-01    .272E-01
    7    4    .214E+00    .223E+00
    7    5    .235E+01    .000E+00
    7    6   -.946E+01    .000E+00
  1  3  0    1  4  1        42
    1    1   -.805E+01   -.792E+01
    1    2   -.125E+01   -.121E+01
    1    3   -.403E+00   -.392E+00
    1    4   -.181E+00   -.177E+00
    1    5   -.981E-01   -.955E-01
    1    6   -.595E-01   -.578E-01
    2    1   -.601E+00    .000E+00
    2    2   -.675E+01   -.669E+01
    2    3   -.148E+01   -.149E+01
    2    4   -.576E+00   -.577E+00
    2    5   -.289E+00   -.289E+00
    2    6   -.169E+00   -.168E+00
    3    1    .119E+00    .116E+00
    3    2   -.101E+01    .000E+00
    3    3   -.607E+01   -.589E+01
    3    4   -.154E+01   -.148E+01
    3    5   -.644E+00   -.622E+00
    3    6   -.340E+00   -.331E+00
    4    1    .178E-01    .182E-01
    4    2    .297E+00    .306E+00
    4    3   -.140E+01    .000E+00
    4    4   -.571E+01   -.563E+01
    4    5   -.154E+01   -.152E+01
    4    6   -.669E+00   -.661E+00
    5    1    .577E-02    .635E-02
    5    2    .493E-01    .509E-01
    5    3    .518E+00    .524E+00
    5    4   -.173E+01    .000E+00
    5    5   -.553E+01   -.551E+01
    5    6   -.153E+01   -.153E+01
    6    1    .262E-02    .304E-02
    6    2    .171E-01    .176E-01
    6    3    .899E-01    .885E-01
    6    4    .766E+00    .762E+00
    6    5   -.204E+01    .000E+00
    6    6   -.546E+01   -.545E+01
    7    1    .143E-02    .173E-02
    7    2    .805E-02    .827E-02
    7    3    .318E-01    .304E-01
    7    4    .138E+00    .135E+00
    7    5    .103E+01    .103E+01
    7    6   -.233E+01    .000E+00
  1  4  1    1  4  0        36
    1    1    .272E+01    .251E+01
    1    2    .489E-02    .274E-02
    1    3    .203E-02    .141E-02
    1    4    .141E-02    .110E-02
    1    5    .116E-02    .961E-03
    1    6    .101E-02    .868E-03
    2    1    .360E-06    .173E-03
    2    2    .259E+01    .247E+01
    2    3    .422E-02    .185E-02
    2    4    .175E-02    .780E-03
    2    5    .100E-02    .512E-03
    2    6    .673E-03    .390E-03
    3    1    .793E-05    .601E-05
    3    2    .973E-05    .258E-03
    3    3    .251E+01    .245E+01
    3    4    .188E-02    .100E-02
    3    5    .821E-03    .391E-03
    3    6    .506E-03    .243E-03
    4    1    .727E-05    .133E-06
    4    2    .505E-04    .173E-04
    4    3    .888E-05    .191E-03
    4    4    .248E+01    .244E+01
    4    5    .100E-02    .584E-03
    4    6    .431E-03    .214E-03
    5    1    .613E-05    .714E-07
    5    2    .334E-04    .168E-05
    5    3    .166E-04    .142E-04
    5    4    .192E-04    .131E-03
    5    5    .247E+01    .244E+01
    5    6    .564E-03    .343E-03
    6    1    .505E-05    .237E-06
    6    2    .201E-04    .693E-07
    6    3    .226E-04    .141E-05
    6    4    .639E-05    .992E-05
    6    5    .166E-04    .827E-04
    6    6    .246E+01    .243E+01
  3  0  0    3  1  1        90
    1    1    .107E+01    .107E+01
    1    2   -.344E+01   -.347E+01
    1    3   -.341E-01   -.322E-01
    1    4   -.562E-01   -.534E-01
    1    5   -.265E+01   -.265E+01
    1    6   -.172E-02   -.221E-02
    1    7   -.200E-02   -.169E-02
    1    8   -.234E-02   -.206E-02
    1    9   -.197E-02   -.174E-02
    1   10   -.155E-02   -.138E-02
    2    1    .154E+00    .156E+00
    2    2    .202E+01    .201E+01
    2    3   -.375E+01   -.357E+01
    2    4   -.110E+01   -.106E+01
    2    5   -.627E-01   -.621E-01
    2    6   -.263E-02   -.564E-02
    2    7   -.979E-02   -.133E-01
    2    8   -.824E-02   -.106E-01
    2    9   -.635E-02   -.798E-02
    2   10   -.492E-02   -.608E-02
    3    1    .580E-01    .590E-01
    3    2    .313E+00    .303E+00
    3    3    .220E+01    .211E+01
    3    4    .730E+00    .710E+00
    3    5    .845E-01    .000E+00
    3    6   -.615E+01   -.606E+01
    3    7   -.183E-03   -.273E-04
    3    8   -.526E-02   -.507E-02
    3    9   -.488E-02   -.538E-02
    3   10   -.377E-02   -.451E-02
    4    1    .299E-01    .304E-01
    4    2    .141E+00    .136E+00
    4    3    .274E+00    .263E+00
    4    4    .115E+00    .113E+00
    4    5    .194E-02    .204E-02
    4    6    .401E+01    .390E+01
    4    7   -.735E+01    .000E+00
    4    8   -.850E-03   -.527E-04
    4    9   -.244E-02   -.365E-02
    4   10   -.299E-02   -.368E-02
    5    1    .118E-01    .112E-01
    5    2    .630E+00    .626E+00
    5    3    .105E+00    .109E+00
    5    4    .395E+00    .411E+00
    5    5    .114E+01    .118E+01
    5    6    .144E+00    .145E+00
    5    7    .125E+01    .123E+01
    5    8   -.181E+01    .000E+00
    5    9   -.447E-01   -.446E-01
    5   10   -.874E-02   -.893E-02
    6    1    .807E-02    .854E-02
    6    2    .148E-01    .160E-01
    6    3    .268E+00    .265E+00
    6    4    .101E-01    .116E-01
    6    5    .274E+00    .285E+00
    6    6    .358E+00    .339E+00
    6    7    .366E+01    .352E+01
    6    8   -.659E+01    .000E+00
    6    9   -.502E-02   -.714E-02
    6   10   -.978E-02   -.111E-01
    7    1    .990E-02    .101E-01
    7    2    .174E-01    .161E-01
    7    3    .703E-01    .687E-01
    7    4    .824E-02    .797E-02
    7    5    .676E-02    .707E-02
    7    6    .173E+00    .166E+00
    7    7    .612E+00    .583E+00
    7    8    .574E+01    .564E+01
    7    9   -.953E+01    .000E+00
    7   10   -.188E-02   -.143E-02
    8    1    .692E-02    .705E-02
    8    2    .140E-01    .129E-01
    8    3    .386E-01    .376E-01
    8    4    .611E-02    .595E-02
    8    5    .218E-02    .231E-02
    8    6    .860E-01    .826E-01
    8    7    .216E+00    .206E+00
    8    8    .724E+00    .707E+00
    8    9    .671E+01    .000E+00
    8   10   -.107E+02    .000E+00
    9    1    .498E-02    .507E-02
    9    2    .103E-01    .953E-02
    9    3    .243E-01    .237E-01
    9    4    .428E-02    .418E-02
    9    5    .108E-02    .116E-02
    9    6    .502E-01    .484E-01
    9    7    .106E+00    .102E+00
    9    8    .254E+00    .248E+00
    9    9    .834E+00    .825E+00
    9   10    .764E+01    .000E+00
  3  1  1    3  1  0        90
    1    1   -.509E+01   -.508E+01
    1    2   -.201E-01   -.191E-01
    1    3   -.137E-01   -.137E-01
    1    4   -.521E-03   -.685E-03
    1    5   -.746E-02   -.749E-02
    1    6   -.479E-02   -.490E-02
    1    7   -.316E-02   -.323E-02
    1    8   -.219E-02   -.223E-02
    1    9   -.157E-02   -.160E-02
    2    1    .178E-02    .219E-02
    2    2   -.272E+01   -.273E+01
    2    3   -.380E-02   -.413E-02
    2    4   -.345E-02   -.383E-02
    2    5   -.547E-03   -.607E-03
    2    6   -.410E-03   -.463E-03
    2    7   -.246E-03   -.282E-03
    2    8   -.162E-03   -.187E-03
    2    9   -.114E-03   -.132E-03
    3    1    .747E+00    .792E+00
    3    2   -.924E-01   -.103E+00
    3    3   -.183E+01   -.181E+01
    3    4   -.151E+01   -.152E+01
    3    5   -.331E-01   -.346E-01
    3    6   -.146E-02   -.165E-02
    3    7   -.627E-03   -.712E-03
    3    8   -.362E-03   -.411E-03
    3    9   -.234E-03   -.266E-03
    4    1    .381E+01    .396E+01
    4    2   -.824E+00   -.853E+00
    4    3   -.715E+00   -.721E+00
    4    4   -.552E+01   -.555E+01
    4    5   -.180E+00   -.183E+00
    4    6   -.122E-01   -.126E-01
    4    7   -.510E-02   -.529E-02
    4    8   -.282E-02   -.293E-02
    4    9   -.177E-02   -.184E-02
    5    1    .156E+01    .154E+01
    5    2   -.329E+01   -.329E+01
    5    3   -.730E-01   -.656E-01
    5    4   -.587E-01   -.604E-01
    5    5   -.724E-04   -.567E-06
    5    6   -.328E-02   -.256E-02
    5    7   -.317E-02   -.259E-02
    5    8   -.252E-02   -.208E-02
    5    9   -.193E-02   -.160E-02
    6    1    .500E-02    .513E-02
    6    2   -.268E-01   -.302E-01
    6    3   -.239E-02   -.188E-02
    6    4   -.276E-01   -.272E-01
    6    5   -.251E+01   -.249E+01
    6    6   -.107E-02   -.923E-03
    6    7   -.551E-03   -.468E-03
    6    8   -.335E-03   -.283E-03
    6    9   -.221E-03   -.186E-03
    7    1    .302E-04    .458E-04
    7    2   -.112E-02   -.257E-02
    7    3   -.160E-02   -.127E-02
    7    4   -.128E-03   -.119E-03
    7    5   -.309E-03   -.227E-03
    7    6   -.248E+01   -.247E+01
    7    7   -.469E-03   -.413E-03
    7    8   -.213E-03   -.183E-03
    7    9   -.126E-03   -.108E-03
    8    1    .147E-04    .754E-05
    8    2    .566E-03    .868E-04
    8    3   -.153E-02   -.125E-02
    8    4   -.216E-04   -.189E-04
    8    5   -.308E-03   -.236E-03
    8    6   -.383E-04   -.220E-04
    8    7   -.246E+01   -.245E+01
    8    8   -.280E-03   -.250E-03
    8    9   -.120E-03   -.104E-03
    9    1    .451E-04    .338E-04
    9    2    .899E-03    .486E-03
    9    3   -.147E-02   -.122E-02
    9    4   -.784E-05   -.651E-05
    9    5   -.260E-03   -.201E-03
    9    6   -.692E-04   -.491E-04
    9    7   -.640E-06   -.289E-07
    9    8   -.245E+01   -.244E+01
    9    9   -.193E-03   -.175E-03
   10    1    .599E-04    .489E-04
   10    2    .954E-03    .634E-03
   10    3   -.139E-02   -.117E-02
   10    4   -.381E-05   -.302E-05
   10    5   -.215E-03   -.167E-03
   10    6   -.660E-04   -.485E-04
   10    7   -.144E-04   -.860E-05
   10    8   -.435E-05   -.762E-05
   10    9   -.244E+01   -.244E+01
  3  1  1    3  2  0        90
    1    1   -.801E+01   -.827E+01
    1    2   -.435E-01   -.568E-01
    1    3   -.111E-02   -.250E-03
    1    4   -.193E-01   -.158E-01
    1    5   -.771E-01   -.738E-01
    1    6   -.151E-02   -.197E-02
    1    7   -.185E-03   -.696E-04
    1    8   -.555E-03   -.365E-03
    1    9   -.654E-03   -.474E-03
    2    1    .225E+01    .236E+01
    2    2   -.100E+02   -.105E+02
    2    3   -.464E-01   -.597E-01
    2    4   -.321E+00   -.304E+00
    2    5   -.400E+01   -.400E+01
    2    6   -.450E+00   -.462E+00
    2    7   -.744E-01   -.782E-01
    2    8   -.265E-01   -.283E-01
    2    9   -.126E-01   -.137E-01
    3    1    .219E+00    .207E+00
    3    2    .379E+01    .368E+01
    3    3   -.108E+02   -.106E+02
    3    4   -.194E+00   -.188E+00
    3    5   -.123E+00   -.121E+00
    3    6   -.938E-01   -.884E-01
    3    7   -.238E-01   -.216E-01
    3    8   -.874E-02   -.764E-02
    3    9   -.392E-02   -.332E-02
    4    1    .251E+01    .254E+01
    4    2    .108E+01    .108E+01
    4    3   -.290E+01   -.286E+01
    4    4   -.221E-01   -.197E-01
    4    5   -.132E-01   -.146E-01
    4    6   -.292E-02   -.252E-02
    4    7   -.324E-04   -.105E-03
    4    8   -.680E-03   -.902E-03
    4    9   -.115E-02   -.139E-02
    5    1    .585E-01    .585E-01
    5    2    .914E-01    .962E-01
    5    3   -.564E-02    .000E+00
    5    4   -.957E+00   -.978E+00
    5    5   -.407E+01   -.414E+01
    5    6   -.274E+00   -.274E+00
    5    7   -.353E-01   -.341E-01
    5    8   -.126E-01   -.119E-01
    5    9   -.643E-02   -.600E-02
    6    1    .574E-01    .625E-01
    6    2    .374E+00    .336E+00
    6    3    .738E+01    .708E+01
    6    4   -.144E+02   -.141E+02
    6    5   -.175E+01   -.169E+01
    6    6   -.918E+00   -.940E+00
    6    7   -.161E+00   -.177E+00
    6    8   -.498E-01   -.578E-01
    6    9   -.207E-01   -.248E-01
    7    1    .229E-01    .249E-01
    7    2    .115E+00    .104E+00
    7    3    .497E+00    .482E+00
    7    4    .859E+01    .852E+01
    7    5    .589E-01    .000E+00
    7    6   -.177E+02   -.176E+02
    7    7   -.911E+00   -.893E+00
    7    8   -.195E+00   -.189E+00
    7    9   -.692E-01   -.665E-01
    8    1    .124E-01    .134E-01
    8    2    .560E-01    .499E-01
    8    3    .158E+00    .156E+00
    8    4    .673E+00    .667E+00
    8    5    .282E+00    .275E+00
    8    6    .121E+02    .000E+00
    8    7   -.215E+02    .000E+00
    8    8   -.105E+01   -.101E+01
    8    9   -.242E+00   -.229E+00
    9    1    .758E-02    .823E-02
    9    2    .331E-01    .291E-01
    9    3    .756E-01    .750E-01
    9    4    .220E+00    .218E+00
    9    5    .730E-01    .702E-01
    9    6    .488E+00    .466E+00
    9    7    .152E+02    .000E+00
    9    8   -.242E+02    .000E+00
    9    9   -.120E+01   -.116E+01
   10    1    .502E-02    .546E-02
   10    2    .217E-01    .189E-01
   10    3    .436E-01    .432E-01
   10    4    .106E+00    .105E+00
   10    5    .333E-01    .320E-01
   10    6    .138E+00    .130E+00
   10    7    .740E+00    .707E+00
   10    8    .178E+02    .000E+00
   10    9   -.267E+02    .000E+00
  3  1  0    3  2  1        72
    1    1   -.119E+02   -.124E+02
    1    2   -.102E+00   -.131E+00
    1    3   -.489E-04   -.907E-03
    1    4   -.262E-02   -.126E-02
    1    5   -.389E-02   -.266E-02
    1    6   -.396E-02   -.300E-02
    1    7   -.379E-02   -.304E-02
    1    8   -.370E-02   -.313E-02
    2    1    .173E+01    .183E+01
    2    2   -.728E+01   -.775E+01
    2    3   -.795E-02   -.139E-01
    2    4   -.356E-01   -.308E-01
    2    5   -.903E-01   -.873E-01
    2    6   -.162E+00   -.162E+00
    2    7   -.299E+00   -.304E+00
    2    8   -.639E+00   -.658E+00
    3    1    .636E-01    .702E-01
    3    2    .360E+01    .351E+01
    3    3   -.102E+02   -.101E+02
    3    4   -.130E+00   -.121E+00
    3    5   -.342E-02   -.219E-02
    3    6   -.136E-02   -.217E-02
    3    7   -.845E-02   -.987E-02
    3    8   -.225E-01   -.241E-01
    4    1    .238E+01    .239E+01
    4    2    .637E-02    .787E-02
    4    3    .959E-01    .979E-01
    4    4   -.301E+00   -.313E+00
    4    5   -.471E-01   -.537E-01
    4    6   -.280E-01   -.341E-01
    4    7   -.280E-01   -.355E-01
    4    8   -.401E-01   -.524E-01
    5    1    .148E+00    .155E+00
    5    2    .296E+00    .265E+00
    5    3    .531E+01    .508E+01
    5    4   -.121E+02   -.118E+02
    5    5   -.175E+00   -.186E+00
    5    6   -.596E-02   -.866E-02
    5    7   -.261E-02   -.160E-02
    5    8   -.230E-01   -.215E-01
    6    1    .210E-01    .224E-01
    6    2    .899E-01    .805E-01
    6    3    .394E+00    .380E+00
    6    4    .712E+01    .704E+01
    6    5   -.142E+02   -.141E+02
    6    6   -.219E+00   -.210E+00
    6    7   -.657E-02   -.564E-02
    6    8   -.931E-02   -.996E-02
    7    1    .103E-01    .110E-01
    7    2    .433E-01    .383E-01
    7    3    .127E+00    .124E+00
    7    4    .529E+00    .522E+00
    7    5    .875E+01    .858E+01
    7    6   -.159E+02   -.157E+02
    7    7   -.177E+00   -.164E+00
    7    8   -.118E-02   -.176E-02
    8    1    .612E-02    .652E-02
    8    2    .253E-01    .220E-01
    8    3    .604E-01    .595E-01
    8    4    .169E+00    .166E+00
    8    5    .661E+00    .634E+00
    8    6    .102E+02    .100E+02
    8    7   -.173E+02    .000E+00
    8    8   -.404E-01   -.365E-01
    9    1    .400E-02    .426E-02
    9    2    .164E-01    .140E-01
    9    3    .347E-01    .341E-01
    9    4    .800E-01    .789E-01
    9    5    .210E+00    .199E+00
    9    6    .807E+00    .778E+00
    9    7    .112E+02    .000E+00
    9    8   -.173E+02    .000E+00
  3  2  1    3  2  0        72
    1    1    .422E+01    .422E+01
    1    2    .235E-02    .135E-02
    1    3   -.218E-02   -.223E-02
    1    4   -.414E-01   -.421E-01
    1    5   -.411E+00   -.422E+00
    1    6   -.486E-01   -.501E-01
    1    7   -.103E-01   -.106E-01
    1    8   -.479E-02   -.498E-02
    1    9   -.291E-02   -.302E-02
    2    1    .706E-02    .672E-02
    2    2    .464E+01    .465E+01
    2    3    .474E-01    .472E-01
    2    4    .285E+00    .290E+00
    2    5    .209E+01    .218E+01
    2    6    .191E+00    .204E+00
    2    7    .296E-01    .328E-01
    2    8    .109E-01    .125E-01
    2    9    .549E-02    .652E-02
    3    1    .308E-02    .338E-02
    3    2    .983E-03    .136E-02
    3    3    .436E+01    .436E+01
    3    4    .143E-01    .156E-01
    3    5    .153E-01    .189E-01
    3    6    .169E-03    .717E-04
    3    7    .935E-03    .816E-03
    3    8    .993E-03    .908E-03
    3    9    .915E-03    .851E-03
    4    1    .244E-02    .268E-02
    4    2    .520E-03    .719E-03
    4    3    .151E-03    .212E-03
    4    4    .400E+01    .401E+01
    4    5    .170E+00    .161E+00
    4    6    .171E-01    .163E-01
    4    7    .392E-02    .380E-02
    4    8    .198E-02    .193E-02
    4    9    .127E-02    .124E-02
    5    1    .244E-02    .259E-02
    5    2    .315E-03    .421E-03
    5    3    .249E-03    .310E-03
    5    4    .804E-02    .861E-02
    5    5    .630E+00    .640E+00
    5    6    .346E+01    .344E+01
    5    7    .177E-01    .175E-01
    5    8    .450E-02    .445E-02
    5    9    .211E-02    .209E-02
    6    1    .291E-02    .300E-02
    6    2    .226E-03    .290E-03
    6    3    .227E-03    .278E-03
    6    4    .574E-02    .621E-02
    6    5    .156E+00    .162E+00
    6    6    .876E-01    .884E-01
    6    7    .379E+01    .377E+01
    6    8    .219E-01    .218E-01
    6    9    .575E-02    .570E-02
    7    1    .418E-02    .420E-02
    7    2    .194E-03    .232E-03
    7    3    .237E-03    .288E-03
    7    4    .643E-02    .695E-02
    7    5    .133E+00    .138E+00
    7    6    .422E-01    .429E-01
    7    7    .734E-01    .735E-01
    7    8    .370E+01    .369E+01
    7    9    .334E-01    .333E-01
    8    1    .750E-02    .735E-02
    8    2    .200E-03    .217E-03
    8    3    .315E-03    .378E-03
    8    4    .101E-01    .109E-01
    8    5    .188E+00    .195E+00
    8    6    .479E-01    .489E-01
    8    7    .410E-01    .412E-01
    8    8    .145E+00    .144E+00
    8    9    .336E+01    .335E+01
  3  2  1    3  3  0        64
    1    1   -.545E+01   -.535E+01
    1    2   -.977E+01   -.100E+02
    1    3   -.900E+01   -.907E+01
    1    4   -.224E+01   -.225E+01
    1    5   -.971E+00   -.971E+00
    1    6   -.529E+00   -.528E+00
    1    7   -.327E+00   -.326E+00
    1    8   -.219E+00   -.218E+00
    2    1   -.182E+01   -.195E+01
    2    2   -.404E+01   -.405E+01
    2    3   -.388E+01   -.391E+01
    2    4   -.198E+01   -.196E+01
    2    5   -.894E+00   -.892E+00
    2    6   -.477E+00   -.479E+00
    2    7   -.287E+00   -.289E+00
    2    8   -.187E+00   -.188E+00
    3    1    .378E+00    .361E+00
    3    2    .172E+01    .169E+01
    3    3   -.876E+01   -.909E+01
    3    4   -.425E+01   -.414E+01
    3    5   -.169E+01   -.168E+01
    3    6   -.836E+00   -.841E+00
    3    7   -.484E+00   -.488E+00
    3    8   -.309E+00   -.311E+00
    4    1    .518E-01    .451E-01
    4    2    .475E-01    .504E-01
    4    3    .284E+01    .285E+01
    4    4   -.109E+02    .000E+00
    4    5   -.365E+01   -.345E+01
    4    6   -.147E+01   -.137E+01
    4    7   -.760E+00   -.704E+00
    4    8   -.454E+00   -.421E+00
    5    1    .109E-01    .880E-02
    5    2    .501E-01    .521E-01
    5    3    .470E+00    .488E+00
    5    4    .378E+01    .387E+01
    5    5   -.135E+02    .000E+00
    5    6   -.305E+01   -.292E+01
    5    7   -.128E+01   -.122E+01
    5    8   -.676E+00   -.646E+00
    6    1    .139E-02    .814E-03
    6    2    .679E-01    .709E-01
    6    3    .217E+00    .235E+00
    6    4    .628E+00    .660E+00
    6    5    .534E+01    .547E+01
    6    6   -.166E+02    .000E+00
    6    7   -.240E+01   -.234E+01
    6    8   -.106E+01   -.104E+01
    7    1    .369E-03    .750E-03
    7    2    .109E+00    .116E+00
    7    3    .160E+00    .178E+00
    7    4    .260E+00    .279E+00
    7    5    .888E+00    .910E+00
    7    6    .756E+01    .762E+01
    7    7   -.208E+02    .000E+00
    7    8   -.154E+01   -.152E+01
    8    1    .822E-02    .985E-02
    8    2    .217E+00    .233E+00
    8    3    .169E+00    .190E+00
    8    4    .160E+00    .175E+00
    8    5    .354E+00    .362E+00
    8    6    .121E+01    .122E+01
    8    7    .110E+02    .110E+02
    8    8   -.266E+02    .000E+00
  3  2  0    3  3  1        72
    1    1   -.894E-02   -.752E-02
    1    2   -.149E+02   -.148E+02
    1    3   -.365E+01   -.363E+01
    1    4   -.144E+01   -.143E+01
    1    5   -.734E+00   -.730E+00
    1    6   -.434E+00   -.432E+00
    1    7   -.281E+00   -.280E+00
    1    8   -.195E+00   -.194E+00
    2    1    .488E+00    .000E+00
    2    2   -.502E+01   -.523E+01
    2    3   -.660E+01   -.665E+01
    2    4   -.219E+01   -.218E+01
    2    5   -.960E+00   -.965E+00
    2    6   -.503E+00   -.510E+00
    2    7   -.294E+00   -.299E+00
    2    8   -.185E+00   -.188E+00
    3    1    .229E-01    .287E-01
    3    2    .153E+01    .153E+01
    3    3   -.862E+01    .000E+00
    3    4   -.513E+01   -.501E+01
    3    5   -.190E+01   -.190E+01
    3    6   -.936E+00   -.946E+00
    3    7   -.543E+00   -.550E+00
    3    8   -.349E+00   -.353E+00
    4    1    .276E+00    .301E+00
    4    2    .471E+00    .472E+00
    4    3    .279E+01    .279E+01
    4    4   -.123E+02    .000E+00
    4    5   -.299E+01   -.282E+01
    4    6   -.132E+01   -.122E+01
    4    7   -.720E+00   -.664E+00
    4    8   -.449E+00   -.416E+00
    5    1    .213E+01    .221E+01
    5    2    .432E+00    .457E+00
    5    3    .834E-01    .981E-01
    5    4    .275E+01    .000E+00
    5    5   -.613E+01   -.616E+01
    5    6   -.434E+00   -.436E+00
    5    7   -.858E-01   -.860E-01
    5    8   -.215E-01   -.215E-01
    6    1    .191E+00    .191E+00
    6    2    .334E-02    .232E-02
    6    3    .204E+00    .203E+00
    6    4    .213E+01    .216E+01
    6    5   -.780E+01    .000E+00
    6    6   -.637E+01   -.618E+01
    6    7   -.203E+01   -.196E+01
    6    8   -.950E+00   -.915E+00
    7    1    .270E-01    .259E-01
    7    2    .149E-01    .136E-01
    7    3    .986E-01    .103E+00
    7    4    .467E+00    .483E+00
    7    5    .394E+01    .404E+01
    7    6   -.124E+02    .000E+00
    7    7   -.538E+01   -.528E+01
    7    8   -.188E+01   -.185E+01
    8    1    .906E-02    .843E-02
    8    2    .126E-01    .117E-01
    8    3    .511E-01    .553E-01
    8    4    .177E+00    .186E+00
    8    5    .697E+00    .715E+00
    8    6    .537E+01    .543E+01
    8    7   -.150E+02    .000E+00
    8    8   -.504E+01    .000E+00
    9    1    .422E-02    .383E-02
    9    2    .976E-02    .911E-02
    9    3    .303E-01    .336E-01
    9    4    .884E-01    .944E-01
    9    5    .258E+00    .264E+00
    9    6    .933E+00    .941E+00
    9    7    .677E+01    .000E+00
    9    8   -.172E+02    .000E+00
  3  3  1    3  3  0        64
    1    1   -.740E+01   -.745E+01
    1    2   -.361E+01   -.374E+01
    1    3   -.908E-01   -.993E-01
    1    4   -.136E-01   -.129E-01
    1    5   -.168E-01   -.165E-01
    1    6   -.130E-01   -.129E-01
    1    7   -.957E-02   -.952E-02
    1    8   -.710E-02   -.708E-02
    2    1   -.138E+01   -.136E+01
    2    2   -.323E+01   -.328E+01
    2    3   -.800E-01   -.851E-01
    2    4   -.403E-02   -.357E-02
    2    5   -.605E-02   -.573E-02
    2    6   -.481E-02   -.461E-02
    2    7   -.357E-02   -.344E-02
    2    8   -.266E-02   -.258E-02
    3    1   -.270E-03   -.405E-03
    3    2   -.519E+00   -.512E+00
    3    3   -.499E+01   -.499E+01
    3    4   -.280E-03   -.232E-03
    3    5   -.651E-03   -.601E-03
    3    6   -.502E-03   -.470E-03
    3    7   -.363E-03   -.342E-03
    3    8   -.266E-03   -.251E-03
    4    1   -.123E-02   -.152E-02
    4    2   -.237E-01   -.230E-01
    4    3   -.587E-02   -.563E-02
    4    4   -.561E+01   -.560E+01
    4    5   -.124E-02   -.119E-02
    4    6   -.450E-03   -.426E-03
    4    7   -.239E-03   -.225E-03
    4    8   -.148E-03   -.140E-03
    5    1   -.131E-02   -.159E-02
    5    2   -.664E-02   -.642E-02
    5    3   -.818E-03   -.764E-03
    5    4   -.646E-03   -.676E-03
    5    5   -.566E+01   -.565E+01
    5    6   -.158E-02   -.154E-02
    5    7   -.408E-03   -.393E-03
    5    8   -.184E-03   -.176E-03
    6    1   -.124E-02   -.150E-02
    6    2   -.332E-02   -.323E-02
    6    3   -.174E-03   -.158E-03
    6    4   -.338E-03   -.353E-03
    6    5   -.175E-02   -.178E-02
    6    6   -.568E+01   -.566E+01
    6    7   -.170E-02   -.167E-02
    6    8   -.393E-03   -.383E-03
    7    1   -.116E-02   -.139E-02
    7    2   -.220E-02   -.215E-02
    7    3   -.275E-04   -.232E-04
    7    4   -.275E-03   -.285E-03
    7    5   -.634E-03   -.647E-03
    7    6   -.212E-02   -.214E-02
    7    7   -.568E+01   -.566E+01
    7    8   -.173E-02   -.171E-02
    8    1   -.109E-02   -.130E-02
    8    2   -.170E-02   -.167E-02
    8    3   -.460E-07   -.809E-08
    8    4   -.256E-03   -.263E-03
    8    5   -.397E-03   -.406E-03
    8    6   -.694E-03   -.704E-03
    8    7   -.219E-02   -.221E-02
    8    8   -.568E+01   -.566E+01
  3  3  1    3  4  0        48
    1    1   -.518E+01   -.512E+01
    1    2   -.158E+01   -.155E+01
    1    3   -.748E+00   -.739E+00
    1    4   -.437E+00   -.433E+00
    1    5   -.287E+00   -.285E+00
    1    6   -.203E+00   -.201E+00
    2    1   -.214E+02   -.210E+02
    2    2   -.183E+01   -.174E+01
    2    3   -.355E+00   -.335E+00
    2    4   -.915E-01   -.850E-01
    2    5   -.252E-01   -.227E-01
    2    6   -.622E-02   -.525E-02
    3    1   -.223E+00    .000E+00
    3    2   -.239E+02   -.236E+02
    3    3   -.442E+01   -.442E+01
    3    4   -.154E+01   -.154E+01
    3    5   -.714E+00   -.709E+00
    3    6   -.389E+00   -.383E+00
    4    1    .234E+00    .230E+00
    4    2   -.595E+00    .000E+00
    4    3   -.225E+02   -.218E+02
    4    4   -.499E+01   -.479E+01
    4    5   -.195E+01   -.187E+01
    4    6   -.980E+00   -.947E+00
    5    1    .363E-01    .379E-01
    5    2    .622E+00    .653E+00
    5    3   -.889E+00    .000E+00
    5    4   -.218E+02   -.214E+02
    5    5   -.522E+01   -.512E+01
    5    6   -.215E+01   -.211E+01
    6    1    .114E-01    .131E-01
    6    2    .108E+00    .115E+00
    6    3    .111E+01    .115E+01
    6    4   -.107E+01    .000E+00
    6    5   -.215E+02   -.214E+02
    6    6   -.536E+01   -.532E+01
    7    1    .488E-02    .610E-02
    7    2    .374E-01    .399E-01
    7    3    .202E+00    .204E+00
    7    4    .166E+01    .167E+01
    7    5   -.118E+01    .000E+00
    7    6   -.216E+02    .000E+00
    8    1    .249E-02    .334E-02
    8    2    .174E-01    .187E-01
    8    3    .722E-01    .708E-01
    8    4    .315E+00    .313E+00
    8    5    .226E+01    .000E+00
    8    6   -.125E+01    .000E+00
  3  3  0    3  4  1        48
    1    1   -.219E+02   -.216E+02
    1    2   -.378E+01   -.367E+01
    1    3   -.130E+01   -.126E+01
    1    4   -.610E+00   -.597E+00
    1    5   -.342E+00   -.334E+00
    1    6   -.213E+00   -.208E+00
    2    1   -.514E+01   -.513E+01
    2    2   -.122E+01   -.122E+01
    2    3   -.707E+00   -.710E+00
    2    4   -.423E+00   -.424E+00
    2    5   -.275E+00   -.274E+00
    2    6   -.190E+00   -.189E+00
    3    1    .140E+01    .000E+00
    3    2   -.217E+02   -.215E+02
    3    3   -.317E+01   -.319E+01
    3    4   -.998E+00   -.101E+01
    3    5   -.438E+00   -.438E+00
    3    6   -.231E+00   -.229E+00
    4    1    .172E+00    .168E+00
    4    2    .113E+00    .000E+00
    4    3   -.214E+02   -.208E+02
    4    4   -.465E+01   -.448E+01
    4    5   -.182E+01   -.176E+01
    4    6   -.919E+00   -.894E+00
    5    1    .312E-01    .324E-01
    5    2    .552E+00    .576E+00
    5    3   -.838E+00    .000E+00
    5    4   -.201E+02   -.199E+02
    5    5   -.487E+01   -.479E+01
    5    6   -.202E+01   -.199E+01
    6    1    .105E-01    .120E-01
    6    2    .101E+00    .106E+00
    6    3    .107E+01    .109E+01
    6    4   -.156E+01    .000E+00
    6    5   -.195E+02   -.194E+02
    6    6   -.495E+01   -.492E+01
    7    1    .483E-02    .588E-02
    7    2    .360E-01    .377E-01
    7    3    .198E+00    .197E+00
    7    4    .167E+01    .166E+01
    7    5   -.216E+01    .000E+00
    7    6   -.192E+02   -.192E+02
    8    1    .264E-02    .339E-02
    8    2    .172E-01    .180E-01
    8    3    .715E-01    .689E-01
    8    4    .316E+00    .311E+00
    8    5    .232E+01    .232E+01
    8    6   -.270E+01    .000E+00
  3  4  1    3  4  0        36
    1    1    .816E+01    .752E+01
    1    2    .145E-01    .810E-02
    1    3    .599E-02    .415E-02
    1    4    .412E-02    .321E-02
    1    5    .333E-02    .275E-02
    1    6    .284E-02    .244E-02
    2    1    .201E-05    .493E-03
    2    2    .775E+01    .742E+01
    2    3    .125E-01    .544E-02
    2    4    .513E-02    .227E-02
    2    5    .292E-02    .147E-02
    2    6    .192E-02    .110E-02
    3    1    .250E-04    .157E-04
    3    2    .332E-04    .747E-03
    3    3    .753E+01    .736E+01
    3    4    .553E-02    .292E-02
    3    5    .239E-02    .113E-02
    3    6    .145E-02    .687E-03
    4    1    .222E-04    .196E-06
    4    2    .154E-03    .492E-04
    4    3    .249E-04    .561E-03
    4    4    .744E+01    .733E+01
    4    5    .293E-02    .170E-02
    4    6    .125E-02    .612E-03
    5    1    .184E-04    .362E-06
    5    2    .100E-03    .458E-05
    5    3    .491E-04    .424E-04
    5    4    .593E-04    .396E-03
    5    5    .739E+01    .731E+01
    5    6    .166E-02    .101E-02
    6    1    .151E-04    .904E-06
    6    2    .600E-04    .157E-06
    6    3    .662E-04    .438E-05
    6    4    .172E-04    .318E-04
    6    5    .567E-04    .263E-03
    6    6    .736E+01    .730E+01
  0  0  0    0  0  0         0
