   16   11    F
  2  0  0    2  1  1        64
    1    1   -.132E+01   -.135E+01
    1    2   -.163E+00   -.160E+00
    1    3   -.624E-01   -.622E-01
    1    4   -.307E-01   -.306E-01
    1    5   -.175E-01   -.174E-01
    1    6   -.110E-01   -.109E-01
    1    7   -.738E-02   -.732E-02
    1    8   -.521E-02   -.516E-02
    2    1    .604E+00    .606E+00
    2    2   -.198E+01   -.208E+01
    2    3   -.141E+00   -.120E+00
    2    4   -.592E-01   -.514E-01
    2    5   -.305E-01   -.271E-01
    2    6   -.180E-01   -.163E-01
    2    7   -.116E-01   -.107E-01
    2    8   -.795E-02   -.743E-02
    3    1    .103E+00    .107E+00
    3    2    .104E+01    .103E+01
    3    3   -.259E+01    .000E+00
    3    4   -.134E+00   -.140E+00
    3    5   -.584E-01   -.604E-01
    3    6   -.308E-01   -.316E-01
    3    7   -.185E-01   -.189E-01
    3    8   -.122E-01   -.123E-01
    4    1    .389E-01    .406E-01
    4    2    .173E+00    .170E+00
    4    3    .148E+01    .142E+01
    4    4   -.318E+01    .000E+00
    4    5   -.132E+00   -.139E+00
    4    6   -.589E-01   -.612E-01
    4    7   -.315E-01   -.325E-01
    4    8   -.192E-01   -.196E-01
    5    1    .195E-01    .204E-01
    5    2    .652E-01    .634E-01
    5    3    .244E+00    .229E+00
    5    4    .192E+01    .000E+00
    5    5   -.376E+01    .000E+00
    5    6   -.133E+00    .000E+00
    5    7   -.603E-01   -.619E-01
    5    8   -.325E-01   -.332E-01
    6    1    .114E-01    .119E-01
    6    2    .328E-01    .318E-01
    6    3    .915E-01    .850E-01
    6    4    .314E+00    .302E+00
    6    5    .236E+01    .000E+00
    6    6   -.433E+01    .000E+00
    6    7   -.136E+00    .000E+00
    6    8   -.620E-01    .000E+00
    7    1    .728E-02    .760E-02
    7    2    .193E-01    .187E-01
    7    3    .463E-01    .427E-01
    7    4    .118E+00    .113E+00
    7    5    .384E+00    .376E+00
    7    6    .280E+01    .000E+00
    7    7   -.491E+01    .000E+00
    7    8   -.140E+00    .000E+00
    8    1    .497E-02    .518E-02
    8    2    .124E-01    .120E-01
    8    3    .273E-01    .251E-01
    8    4    .595E-01    .567E-01
    8    5    .144E+00    .140E+00
    8    6    .453E+00    .000E+00
    8    7    .324E+01    .000E+00
    8    8   -.548E+01    .000E+00
  2  1  1    2  2  0        64
    1    1   -.371E+01   -.382E+01
    1    2   -.425E+00   -.412E+00
    1    3   -.217E+00   -.216E+00
    1    4   -.118E+00   -.118E+00
    1    5   -.707E-01   -.708E-01
    1    6   -.458E-01   -.458E-01
    1    7   -.314E-01   -.314E-01
    1    8   -.225E-01   -.224E-01
    2    1    .101E+01    .101E+01
    2    2   -.577E+01   -.593E+01
    2    3   -.208E+00   -.173E+00
    2    4   -.137E+00   -.118E+00
    2    5   -.824E-01   -.721E-01
    2    6   -.527E-01   -.467E-01
    2    7   -.356E-01   -.319E-01
    2    8   -.252E-01   -.228E-01
    3    1    .122E+00    .123E+00
    3    2    .212E+01    .211E+01
    3    3   -.758E+01    .000E+00
    3    4   -.115E+00   -.121E+00
    3    5   -.936E-01   -.964E-01
    3    6   -.606E-01   -.621E-01
    3    7   -.404E-01   -.413E-01
    3    8   -.282E-01   -.288E-01
    4    1    .414E-01    .420E-01
    4    2    .262E+00    .258E+00
    4    3    .327E+01    .318E+01
    4    4   -.923E+01    .000E+00
    4    5   -.713E-01   -.790E-01
    4    6   -.699E-01   -.745E-01
    4    7   -.478E-01   -.505E-01
    4    8   -.330E-01   -.346E-01
    5    1    .197E-01    .201E-01
    5    2    .897E-01    .877E-01
    5    3    .408E+00    .385E+00
    5    4    .443E+01    .000E+00
    5    5   -.108E+02    .000E+00
    5    6   -.462E-01    .000E+00
    5    7   -.549E-01   -.587E-01
    5    8   -.394E-01   -.416E-01
    6    1    .111E-01    .114E-01
    6    2    .432E-01    .421E-01
    6    3    .141E+00    .131E+00
    6    4    .556E+00    .533E+00
    6    5    .560E+01    .000E+00
    6    6   -.124E+02    .000E+00
    6    7   -.304E-01    .000E+00
    6    8   -.446E-01    .000E+00
    7    1    .699E-02    .719E-02
    7    2    .247E-01    .241E-01
    7    3    .684E-01    .629E-01
    7    4    .193E+00    .183E+00
    7    5    .705E+00    .000E+00
    7    6    .678E+01    .000E+00
    7    7   -.139E+02    .000E+00
    7    8   -.200E-01    .000E+00
    8    1    .470E-02    .486E-02
    8    2    .157E-01    .153E-01
    8    3    .394E-01    .360E-01
    8    4    .939E-01    .883E-01
    8    5    .245E+00    .236E+00
    8    6    .854E+00    .000E+00
    8    7    .796E+01    .000E+00
    8    8   -.154E+02    .000E+00
  2  2  0    2  3  1        56
    1    1   -.882E+01   -.879E+01
    1    2   -.169E+01   -.167E+01
    1    3   -.630E+00   -.619E+00
    1    4   -.312E+00   -.305E+00
    1    5   -.180E+00   -.175E+00
    1    6   -.114E+00   -.111E+00
    1    7   -.777E-01   -.755E-01
    2    1   -.148E+01    .000E+00
    2    2   -.672E+01   -.639E+01
    2    3   -.174E+01   -.166E+01
    2    4   -.737E+00   -.707E+00
    2    5   -.391E+00   -.378E+00
    2    6   -.236E+00   -.230E+00
    2    7   -.155E+00   -.152E+00
    3    1    .328E+00    .336E+00
    3    2   -.265E+01    .000E+00
    3    3   -.580E+01   -.574E+01
    3    4   -.167E+01   -.166E+01
    3    5   -.748E+00   -.741E+00
    3    6   -.411E+00   -.407E+00
    3    7   -.255E+00   -.252E+00
    4    1    .543E-01    .538E-01
    4    2    .789E+00    .783E+00
    4    3   -.368E+01    .000E+00
    4    4   -.536E+01   -.535E+01
    4    5   -.162E+01   -.161E+01
    4    6   -.746E+00   -.743E+00
    4    7   -.419E+00   -.417E+00
    5    1    .193E-01    .186E-01
    5    2    .137E+00    .131E+00
    5    3    .134E+01    .000E+00
    5    4   -.465E+01    .000E+00
    5    5   -.514E+01    .000E+00
    5    6   -.159E+01   -.159E+01
    5    7   -.744E+00   -.741E+00
    6    1    .932E-02    .879E-02
    6    2    .494E-01    .462E-01
    6    3    .238E+00    .234E+00
    6    4    .194E+01    .000E+00
    6    5   -.557E+01    .000E+00
    6    6   -.504E+01    .000E+00
    6    7   -.158E+01    .000E+00
    7    1    .532E-02    .495E-02
    7    2    .241E-01    .221E-01
    7    3    .876E-01    .851E-01
    7    4    .353E+00    .350E+00
    7    5    .257E+01    .000E+00
    7    6   -.646E+01    .000E+00
    7    7   -.502E+01    .000E+00
    8    1    .336E-02    .310E-02
    8    2    .139E-01    .125E-01
    8    3    .432E-01    .417E-01
    8    4    .131E+00    .130E+00
    8    5    .476E+00    .000E+00
    8    6    .323E+01    .000E+00
    8    7   -.732E+01    .000E+00
  0  0  0    0  0  0         0
