   16    4    F
  1  0  0    1  1  1       238
    1    1   -.225E+00   -.258E+00
    1    2   -.610E+00   -.600E+00
    1    3   -.258E-01   -.245E-01
    1    4   -.330E-01   -.328E-01
    1    5   -.160E+00   -.157E+00
    1    6   -.149E-04   -.257E-05
    1    7   -.126E-01   -.128E-01
    1    8   -.649E-01   -.635E-01
    1    9   -.399E-02   -.409E-02
    1   10   -.359E-01   -.351E-01
    1   11   -.223E-03   -.171E-03
    1   12   -.206E-01   -.201E-01
    1   13   -.825E-03   -.878E-03
    1   14   -.151E-01   -.148E-01
    1   15   -.143E-03   -.113E-03
    1   16   -.898E-02   -.877E-02
    1   17   -.672E-02   -.659E-02
    2    1    .164E+00    .180E+00
    2    2   -.187E-02   -.181E-02
    2    3   -.807E-01   -.830E-01
    2    4   -.123E+01   -.124E+01
    2    5   -.934E-02   -.880E-02
    2    6   -.188E-01   -.189E-01
    2    7   -.242E+00   -.235E+00
    2    8   -.834E-02   -.790E-02
    2    9   -.609E-02   -.615E-02
    2   10   -.440E-02   -.429E-02
    2   11   -.910E-01   -.878E-01
    2   12   -.194E-02   -.182E-02
    2   13   -.340E-02   -.340E-02
    2   14   -.475E-02   -.459E-02
    2   15   -.421E-01   -.405E-01
    2   16   -.110E-02   -.103E-02
    2   17   -.323E-03   -.297E-03
    3    1    .301E-01    .321E-01
    3    2   -.875E-01    .000E+00
    3    3   -.210E+00   -.235E+00
    3    4   -.223E-02   -.234E-02
    3    5   -.346E+00   -.344E+00
    3    6   -.721E-03   -.900E-03
    3    7   -.804E-02   -.827E-02
    3    8   -.899E-01   -.888E-01
    3    9   -.671E-02   -.694E-02
    3   10   -.351E-01   -.346E-01
    3   11   -.135E-02   -.124E-02
    3   12   -.214E-01   -.212E-01
    3   13   -.146E-02   -.155E-02
    3   14   -.124E-01   -.123E-01
    3   15   -.604E-03   -.551E-03
    3   16   -.845E-02   -.833E-02
    3   17   -.619E-02   -.613E-02
    4    1    .972E-01    .951E-01
    4    2    .167E-01    .190E-01
    4    3    .192E+00    .202E+00
    4    4   -.266E-01    .000E+00
    4    5   -.978E-02   -.894E-02
    4    6   -.111E+00   -.113E+00
    4    7   -.551E+00   -.543E+00
    4    8   -.843E-02   -.798E-02
    4    9   -.214E-01   -.217E-01
    4   10   -.691E-02   -.682E-02
    4   11   -.123E+00   -.120E+00
    4   12   -.113E-02   -.105E-02
    4   13   -.882E-02   -.893E-02
    4   14   -.595E-02   -.584E-02
    4   15   -.461E-01   -.448E-01
    4   16   -.660E-03   -.616E-03
    4   17   -.862E-04   -.741E-04
    5    1    .104E-01    .105E-01
    5    2    .129E+00    .130E+00
    5    3    .770E-02    .747E-02
    5    4    .113E-03    .135E-03
    5    5   -.211E+00    .000E+00
    5    6   -.151E+00   -.168E+00
    5    7   -.316E-02   -.281E-02
    5    8   -.381E+00   -.382E+00
    5    9   -.138E-01   -.142E-01
    5   10   -.805E-01   -.826E-01
    5   11   -.142E-01   -.142E-01
    5   12   -.484E-01   -.494E-01
    5   13   -.174E-02   -.178E-02
    5   14   -.206E-01   -.211E-01
    5   15   -.431E-02   -.424E-02
    5   16   -.164E-01   -.166E-01
    5   17   -.112E-01   -.113E-01
    6    1    .249E-01    .242E-01
    6    2    .110E-01    .111E-01
    6    3    .741E-01    .737E-01
    6    4    .244E-01    .237E-01
    6    5    .472E-01    .498E-01
    6    6    .210E+00    .198E+00
    6    7   -.584E-01    .000E+00
    6    8   -.139E-01   -.128E-01
    6    9   -.182E+00   -.183E+00
    6   10   -.455E-01   -.458E-01
    6   11   -.468E+00   -.470E+00
    6   12   -.126E-03   -.115E-03
    6   13   -.353E-01   -.363E-01
    6   14   -.220E-01   -.225E-01
    6   15   -.110E+00   -.112E+00
    6   16   -.197E-03   -.182E-03
    6   17   -.654E-04   -.786E-04
    7    1    .620E-02    .619E-02
    7    2    .258E-01    .261E-01
    7    3    .379E-02    .370E-02
    7    4    .298E-03    .312E-03
    7    5    .210E+00    .202E+00
    7    6    .137E-02    .132E-02
    7    7    .889E-04    .521E-04
    7    8   -.285E+00    .000E+00
    7    9   -.231E+00   -.243E+00
    7   10   -.191E+00   -.167E+00
    7   11   -.132E+00   -.122E+00
    7   12   -.119E+00   -.109E+00
    7   13   -.149E-02   -.145E-02
    7   14   -.328E-01   -.306E-01
    7   15   -.200E-01   -.186E-01
    7   16   -.305E-01   -.292E-01
    7   17   -.188E-01   -.184E-01
    8    1    .181E-03    .157E-03
    8    2    .153E-01    .155E-01
    8    3    .301E-02    .302E-02
    8    4    .115E-02    .108E-02
    8    5    .438E-01    .431E-01
    8    6    .282E-01    .277E-01
    8    7    .200E-01    .188E-01
    8    8    .329E+00    .335E+00
    8    9    .130E+00    .000E+00
    8   10   -.413E+00    .000E+00
    8   11   -.137E-01    .000E+00
    8   12   -.336E+00   -.339E+00
    8   13   -.297E+00   -.306E+00
    8   14   -.118E+00   -.114E+00
    8   15   -.327E-01   -.296E-01
    8   16   -.354E-01   -.357E-01
    8   17   -.258E-01   -.258E-01
    9    1    .131E-01    .127E-01
    9    2    .175E-05    .163E-05
    9    3    .198E-01    .196E-01
    9    4    .417E-02    .408E-02
    9    5    .623E-02    .640E-02
    9    6    .708E-01    .698E-01
    9    7    .342E-01    .328E-01
    9    8    .215E-01    .190E-01
    9    9    .843E-01    .000E+00
    9   10    .542E-01    .000E+00
    9   11   -.503E-01    .000E+00
    9   12   -.181E+00   -.179E+00
    9   13   -.360E-01   -.262E-01
    9   14   -.149E-01   -.144E-01
    9   15   -.453E+00   -.429E+00
    9   16   -.217E-01   -.209E-01
    9   17   -.650E-02   -.640E-02
   10    1    .153E-02    .152E-02
   10    2    .577E-02    .582E-02
   10    3    .493E-03    .474E-03
   10    4    .288E-04    .318E-04
   10    5    .197E-01    .200E-01
   10    6    .383E-04    .422E-04
   10    7    .444E-04    .335E-04
   10    8    .662E-01    .647E-01
   10    9    .305E-01    .293E-01
   10   10    .317E+00    .307E+00
   10   11    .740E-01    .727E-01
   10   12   -.431E+00    .000E+00
   10   13   -.419E-01   -.429E-01
   10   14   -.335E+00   -.342E+00
   10   15   -.168E+00   -.168E+00
   10   16   -.157E+00   -.159E+00
   10   17   -.818E-01   -.833E-01
   11    1    .555E-03    .508E-03
   11    2    .539E-02    .545E-02
   11    3    .246E-02    .243E-02
   11    4    .673E-03    .642E-03
   11    5    .891E-02    .896E-02
   11    6    .110E-01    .110E-01
   11    7    .483E-02    .468E-02
   11    8    .179E-01    .172E-01
   11    9    .924E-01    .923E-01
   11   10    .104E+00    .102E+00
   11   11    .206E-02    .198E-02
   11   12    .341E+00    .328E+00
   11   13    .217E+00    .000E+00
   11   14   -.565E+00    .000E+00
   11   15   -.381E-01    .000E+00
   11   16   -.286E+00   -.291E+00
   11   17   -.114E+00   -.115E+00
   12    1    .617E-02    .596E-02
   12    2    .183E-05    .181E-05
   12    3    .775E-02    .760E-02
   12    4    .150E-02    .147E-02
   12    5    .188E-02    .201E-02
   12    6    .186E-01    .187E-01
   12    7    .604E-02    .603E-02
   12    8    .918E-02    .908E-02
   12    9    .564E-01    .586E-01
   12   10    .234E-03    .204E-04
   12   11    .573E-01    .546E-01
   12   12    .167E+00    .165E+00
   12   13    .685E-01    .000E+00
   12   14    .767E-01    .000E+00
   12   15   -.775E-01    .000E+00
   12   16   -.311E+00   -.311E+00
   12   17   -.485E-01   -.485E-01
   13    1    .787E-03    .783E-03
   13    2    .211E-02    .213E-02
   13    3    .272E-03    .262E-03
   13    4    .239E-04    .255E-04
   13    5    .610E-02    .627E-02
   13    6    .732E-04    .785E-04
   13    7    .318E-06    .419E-10
   13    8    .145E-01    .140E-01
   13    9    .187E-02    .165E-02
   13   10    .249E-01    .226E-01
   13   11    .633E-02    .589E-02
   13   12    .116E+00    .112E+00
   13   13    .147E-01    .143E-01
   13   14    .428E+00    .420E+00
   13   15    .151E+00    .150E+00
   13   16   -.556E+00    .000E+00
   13   17   -.633E+00   -.636E+00
   14    1    .334E-03    .337E-03
   14    2    .169E-02    .171E-02
   14    3    .466E-04    .441E-04
   14    4    .996E-06    .137E-05
   14    5    .420E-02    .431E-02
   14    6    .158E-04    .142E-04
   14    7    .440E-04    .382E-04
   14    8    .885E-02    .853E-02
   14    9    .249E-02    .228E-02
   14   10    .141E-01    .127E-01
   14   11    .201E-02    .182E-02
   14   12    .522E-01    .501E-01
   14   13    .902E-02    .877E-02
   14   14    .104E+00    .101E+00
   14   15    .206E-01    .205E-01
   14   16    .697E+00    .691E+00
   14   17   -.629E+00    .000E+00
  1  1  0    1  1  1       136
    1    1    .377E+00    .372E+00
    1    2    .214E+00    .237E+00
    1    3    .263E-01    .000E+00
    1    4   -.156E+00   -.158E+00
    1    5   -.418E-03   -.464E-03
    1    6   -.104E+00   -.105E+00
    1    7   -.334E+00   -.336E+00
    1    8   -.131E-03   -.142E-03
    1    9   -.185E-01   -.189E-01
    1   10   -.318E-01   -.320E-01
    1   11   -.692E-01   -.695E-01
    1   12   -.251E-04   -.274E-04
    1   13   -.845E-02   -.862E-02
    1   14   -.151E-01   -.151E-01
    1   15   -.287E-01   -.287E-01
    1   16   -.111E-04   -.120E-04
    1   17   -.100E-04   -.111E-04
    2    1    .906E-01    .905E-01
    2    2    .194E-01    .190E-01
    2    3    .373E+00    .374E+00
    2    4    .498E-01    .518E-01
    2    5    .158E+00    .178E+00
    2    6    .117E+00    .000E+00
    2    7   -.236E+00   -.237E+00
    2    8   -.845E-03   -.106E-02
    2    9   -.140E+00   -.140E+00
    2   10   -.123E+00   -.122E+00
    2   11   -.217E+00   -.217E+00
    2   12   -.150E-03   -.181E-03
    2   13   -.337E-01   -.346E-01
    2   14   -.354E-01   -.355E-01
    2   15   -.615E-01   -.621E-01
    2   16   -.418E-04   -.506E-04
    2   17   -.675E-04   -.782E-04
    3    1    .373E-01    .372E-01
    3    2    .640E-02    .626E-02
    3    3    .957E-01    .961E-01
    3    4    .908E-02    .954E-02
    3    5    .561E-03    .481E-03
    3    6    .410E+00    .403E+00
    3    7    .116E+00    .114E+00
    3    8    .137E+00    .155E+00
    3    9    .196E+00    .000E+00
    3   10   -.124E+00    .000E+00
    3   11   -.200E+00    .000E+00
    3   12   -.114E-02   -.116E-02
    3   13   -.219E+00   -.194E+00
    3   14   -.135E+00   -.123E+00
    3   15   -.199E+00   -.186E+00
    3   16   -.111E-03   -.128E-03
    3   17   -.283E-03   -.273E-03
    4    1    .193E-01    .192E-01
    4    2    .301E-02    .292E-02
    4    3    .410E-01    .410E-01
    4    4    .340E-02    .357E-02
    4    5    .307E-03    .267E-03
    4    6    .111E+00    .112E+00
    4    7    .218E-01    .221E-01
    4    8    .970E-04    .118E-03
    4    9    .300E+00    .294E+00
    4   10    .428E+00    .454E+00
    4   11    .235E-01    .204E-01
    4   12    .561E-02    .596E-02
    4   13    .240E+00    .000E+00
    4   14   -.161E+00    .000E+00
    4   15   -.227E+00    .000E+00
    4   16   -.952E-03   -.104E-02
    4   17   -.229E-02   -.238E-02
    5    1    .114E-01    .113E-01
    5    2    .169E-02    .164E-02
    5    3    .219E-01    .220E-01
    5    4    .169E-02    .178E-02
    5    5    .174E-03    .153E-03
    5    6    .491E-01    .498E-01
    5    7    .833E-02    .863E-02
    5    8    .170E-04    .251E-04
    5    9    .104E+00    .103E+00
    5   10    .338E-01    .336E-01
    5   11    .182E-01    .179E-01
    5   12    .907E-01    .105E+00
    5   13    .488E+00    .477E+00
    5   14    .168E+00    .163E+00
    5   15    .106E+00    .101E+00
    5   16    .320E-02    .335E-02
    5   17    .819E-02    .000E+00
    6    1    .734E-02    .730E-02
    6    2    .105E-02    .102E-02
    6    3    .133E-01    .133E-01
    6    4    .984E-03    .104E-02
    6    5    .108E-03    .954E-04
    6    6    .269E-01    .274E-01
    6    7    .422E-02    .442E-02
    6    8    .495E-05    .859E-05
    6    9    .472E-01    .465E-01
    6   10    .139E-01    .137E-01
    6   11    .668E-02    .645E-02
    6   12    .181E-04    .132E-04
    6   13    .882E-01    .808E-01
    6   14    .192E+00    .203E+00
    6   15    .195E-04    .451E-03
    6   16    .240E-03    .268E-03
    6   17    .474E-03    .425E-03
    7    1    .502E-02    .499E-02
    7    2    .702E-03    .683E-03
    7    3    .876E-02    .878E-02
    7    4    .629E-03    .663E-03
    7    5    .713E-04    .636E-04
    7    6    .166E-01    .170E-01
    7    7    .249E-02    .262E-02
    7    8    .193E-05    .382E-05
    7    9    .263E-01    .258E-01
    7   10    .732E-02    .723E-02
    7   11    .333E-02    .320E-02
    7   12    .881E-05    .579E-05
    7   13    .525E-01    .492E-01
    7   14    .139E-01    .129E-01
    7   15    .104E-01    .961E-02
    7   16    .921E-01    .106E+00
    7   17    .169E-03    .146E-03
    8    1    .359E-02    .357E-02
    8    2    .494E-03    .482E-03
    8    3    .610E-02    .612E-02
    8    4    .430E-03    .453E-03
    8    5    .499E-04    .447E-04
    8    6    .111E-01    .114E-01
    8    7    .161E-02    .170E-02
    8    8    .909E-06    .200E-05
    8    9    .164E-01    .162E-01
    8   10    .443E-02    .437E-02
    8   11    .195E-02    .186E-02
    8   12    .587E-05    .383E-05
    8   13    .299E-01    .279E-01
    8   14    .734E-02    .679E-02
    8   15    .495E-02    .448E-02
    8   16    .941E-06    .945E-06
    8   17    .816E-01    .945E-01
  1  1  0    1  2  1        64
    1    1   -.153E+00   -.154E+00
    1    2   -.120E+01   -.120E+01
    1    3   -.297E+00   -.297E+00
    1    4   -.124E+00   -.124E+00
    1    5   -.654E-01   -.653E-01
    1    6   -.393E-01   -.392E-01
    1    7   -.256E-01   -.256E-01
    1    8   -.178E-01   -.178E-01
    2    1    .607E-01    .634E-01
    2    2   -.256E+00    .000E+00
    2    3   -.114E+01   -.114E+01
    2    4   -.303E+00   -.305E+00
    2    5   -.132E+00   -.132E+00
    2    6   -.715E-01   -.713E-01
    2    7   -.438E-01   -.435E-01
    2    8   -.291E-01   -.288E-01
    3    1    .115E-01    .122E-01
    3    2    .150E+00    .147E+00
    3    3   -.346E+00    .000E+00
    3    4   -.115E+01   -.108E+01
    3    5   -.314E+00   -.297E+00
    3    6   -.140E+00   -.136E+00
    3    7   -.768E-01   -.764E-01
    3    8   -.477E-01   -.484E-01
    4    1    .432E-02    .458E-02
    4    2    .298E-01    .305E-01
    4    3    .253E+00    .254E+00
    4    4   -.432E+00    .000E+00
    4    5   -.119E+01   -.118E+01
    4    6   -.327E+00   -.326E+00
    4    7   -.147E+00   -.146E+00
    4    8   -.814E-01   -.810E-01
    5    1    .214E-02    .228E-02
    5    2    .114E-01    .120E-01
    5    3    .518E-01    .508E-01
    5    4    .366E+00    .351E+00
    5    5   -.515E+00    .000E+00
    5    6   -.123E+01   -.124E+01
    5    7   -.341E+00   -.340E+00
    5    8   -.154E+00   -.152E+00
    6    1    .124E-02    .132E-02
    6    2    .578E-02    .616E-02
    6    3    .202E-01    .195E-01
    6    4    .760E-01    .702E-01
    6    5    .483E+00    .471E+00
    6    6   -.598E+00    .000E+00
    6    7   -.129E+01   -.129E+01
    6    8   -.357E+00   -.354E+00
    7    1    .790E-03    .842E-03
    7    2    .339E-02    .364E-02
    7    3    .103E-01    .987E-02
    7    4    .299E-01    .269E-01
    7    5    .102E+00    .976E-01
    7    6    .605E+00    .601E+00
    7    7   -.679E+00    .000E+00
    7    8   -.135E+01   -.134E+01
    8    1    .538E-03    .574E-03
    8    2    .219E-02    .236E-02
    8    3    .609E-02    .581E-02
    8    4    .153E-01    .136E-01
    8    5    .402E-01    .382E-01
    8    6    .128E+00    .127E+00
    8    7    .730E+00    .731E+00
    8    8   -.759E+00    .000E+00
  1  1  1    1  2  0       272
    1    1   -.248E+00   -.276E+00
    1    2   -.160E+01   -.160E+01
    1    3   -.822E+00   -.814E+00
    1    4   -.343E+00   -.340E+00
    1    5   -.176E+00   -.173E+00
    1    6   -.356E-02   -.331E-02
    1    7   -.136E+00   -.135E+00
    1    8   -.430E-01   -.421E-01
    1    9   -.124E-04   -.246E-04
    1   10   -.959E-01   -.945E-01
    1   11   -.384E-01   -.380E-01
    1   12   -.289E-01   -.281E-01
    1   13   -.241E-03   -.274E-03
    1   14   -.329E-01   -.324E-01
    1   15   -.168E-01   -.166E-01
    1   16   -.112E-01   -.111E-01
    2    1    .410E-01    .418E-01
    2    2   -.267E+00   -.269E+00
    2    3   -.279E-01   -.351E-01
    2    4   -.136E+01   -.136E+01
    2    5   -.280E-01   -.282E-01
    2    6   -.136E-01   -.136E-01
    2    7   -.351E+00   -.350E+00
    2    8   -.351E-01   -.351E-01
    2    9   -.661E-05   -.555E-05
    2   10   -.130E+00   -.129E+00
    2   11   -.790E-01   -.788E-01
    2   12   -.111E-01   -.111E-01
    2   13   -.660E-03   -.647E-03
    2   14   -.434E-01   -.433E-01
    2   15   -.311E-01   -.310E-01
    2   16   -.219E-01   -.219E-01
    3    1    .176E+00    .179E+00
    3    2    .981E-02    .101E-01
    3    3   -.459E+00   -.488E+00
    3    4   -.163E+00   -.163E+00
    3    5   -.544E+00   -.542E+00
    3    6   -.808E-02   -.775E-02
    3    7   -.345E-01   -.345E-01
    3    8   -.127E+00   -.126E+00
    3    9   -.526E-03   -.477E-03
    3   10   -.368E-01   -.365E-01
    3   11   -.598E-02   -.595E-02
    3   12   -.609E-01   -.602E-01
    3   13   -.123E-03   -.108E-03
    3   14   -.936E-02   -.927E-02
    3   15   -.231E-02   -.231E-02
    3   16   -.124E-02   -.124E-02
    4    1    .594E-01    .609E-01
    4    2    .136E+00    .151E+00
    4    3    .806E-02    .709E-02
    4    4   -.289E-01   -.293E-01
    4    5   -.554E-01   -.550E-01
    4    6   -.303E+01   -.300E+01
    4    7   -.361E-02   -.368E-02
    4    8   -.824E-02   -.811E-02
    4    9   -.445E+00   -.438E+00
    4   10   -.270E-02   -.259E-02
    4   11   -.784E-03   -.795E-03
    4   12   -.365E-02   -.359E-02
    4   13   -.142E+00   -.139E+00
    4   14   -.739E-02   -.717E-02
    4   15   -.242E-03   -.245E-03
    4   16   -.195E-03   -.196E-03
    5    1    .836E-03    .124E-02
    5    2    .101E+00    .104E+00
    5    3    .553E-02    .714E-02
    5    4   -.425E+00    .000E+00
    5    5   -.670E-01   -.750E-01
    5    6   -.164E-01   -.168E-01
    5    7   -.143E+01   -.143E+01
    5    8   -.248E-01   -.237E-01
    5    9   -.382E-02   -.384E-02
    5   10   -.363E+00   -.368E+00
    5   11   -.171E+00   -.173E+00
    5   12   -.360E-02   -.328E-02
    5   13   -.368E-02   -.364E-02
    5   14   -.871E-01   -.875E-01
    5   15   -.573E-01   -.571E-01
    5   16   -.382E-01   -.379E-01
    6    1    .445E-01    .466E-01
    6    2    .237E-02    .286E-02
    6    3    .268E+00    .275E+00
    6    4    .161E-01    .195E-01
    6    5   -.609E+00    .000E+00
    6    6   -.691E-02   -.724E-02
    6    7   -.494E-01   -.530E-01
    6    8   -.583E+00   -.577E+00
    6    9   -.247E-05   -.741E-06
    6   10   -.482E-01   -.503E-01
    6   11   -.110E-02   -.134E-02
    6   12   -.174E+00   -.175E+00
    6   13   -.243E-04   -.227E-04
    6   14   -.603E-02   -.644E-02
    6   15   -.330E-03   -.396E-03
    6   16   -.607E-04   -.825E-04
    7    1    .115E-01    .108E-01
    7    2    .201E-02    .172E-02
    7    3    .200E-01    .195E-01
    7    4    .147E+00    .159E+00
    7    5    .129E-01    .000E+00
    7    6    .340E-01    .000E+00
    7    7   -.245E-01   -.234E-01
    7    8   -.605E-01   -.604E-01
    7    9   -.263E+01   -.262E+01
    7   10   -.332E-01   -.334E-01
    7   11   -.378E-03   -.354E-03
    7   12   -.135E-01   -.135E-01
    7   13   -.509E+00   -.510E+00
    7   14   -.366E-01   -.370E-01
    7   15   -.412E-04   -.318E-04
    7   16   -.487E-04   -.387E-04
    8    1    .427E-05    .391E-05
    8    2    .179E-01    .188E-01
    8    3    .903E-04    .197E-04
    8    4    .209E+00    .203E+00
    8    5    .635E-02    .767E-02
    8    6    .239E-02    .222E-02
    8    7   -.528E+00    .000E+00
    8    8   -.251E+00   -.264E+00
    8    9   -.119E+00   -.117E+00
    8   10   -.121E+01   -.112E+01
    8   11   -.407E+00   -.384E+00
    8   12   -.685E-03   -.494E-03
    8   13   -.190E-01   -.185E-01
    8   14   -.163E+00   -.158E+00
    8   15   -.101E+00   -.100E+00
    8   16   -.627E-01   -.634E-01
    9    1    .173E-01    .183E-01
    9    2    .264E-02    .299E-02
    9    3    .528E-01    .551E-01
    9    4    .876E-02    .972E-02
    9    5    .428E+00    .426E+00
    9    6    .306E-02    .300E-02
    9    7    .709E-01    .749E-01
    9    8   -.880E+00    .000E+00
    9    9   -.990E-02    .000E+00
    9   10   -.666E-01    .000E+00
    9   11   -.570E-01   -.559E-01
    9   12   -.787E+00   -.731E+00
    9   13   -.508E-04   -.367E-04
    9   14   -.138E-02   -.156E-02
    9   15   -.937E-02   -.906E-02
    9   16   -.711E-02   -.678E-02
   10    1    .150E-04    .100E-04
   10    2    .571E-02    .575E-02
   10    3    .968E-03    .875E-03
   10    4    .332E-01    .329E-01
   10    5    .598E-02    .535E-02
   10    6    .119E-01    .114E-01
   10    7    .427E+00    .436E+00
   10    8    .136E-02    .000E+00
   10    9   -.972E-02    .000E+00
   10   10   -.584E+00    .000E+00
   10   11   -.108E+01   -.108E+01
   10   12   -.562E-01   -.703E-01
   10   13   -.216E+00   -.201E+00
   10   14   -.475E+00   -.465E+00
   10   15   -.135E+00   -.135E+00
   10   16   -.734E-01   -.735E-01
   11    1    .481E-02    .438E-02
   11    2    .110E-03    .173E-03
   11    3    .682E-02    .646E-02
   11    4    .316E-02    .333E-02
   11    5    .307E-01    .299E-01
   11    6    .182E-01    .176E-01
   11    7    .320E-02    .536E-02
   11    8    .104E-01    .000E+00
   11    9    .106E+00    .000E+00
   11   10    .371E-01    .000E+00
   11   11   -.436E+00   -.432E+00
   11   12   -.186E-01   -.131E-01
   11   13   -.221E+01   -.213E+01
   11   14   -.892E-02   -.832E-02
   11   15   -.436E-01   -.432E-01
   11   16   -.245E-01   -.243E-01
   12    1    .718E-05    .264E-04
   12    2    .352E-02    .374E-02
   12    3    .151E-05    .161E-04
   12    4    .165E-01    .172E-01
   12    5    .287E-03    .403E-03
   12    6    .694E-04    .632E-04
   12    7    .703E-01    .685E-01
   12    8    .540E-01    .544E-01
   12    9    .506E-02    .498E-02
   12   10    .479E+00    .460E+00
   12   11   -.806E+00    .000E+00
   12   12   -.158E-02   -.144E-02
   12   13   -.210E+00   -.209E+00
   12   14   -.139E+01   -.140E+01
   12   15   -.448E+00   -.448E+00
   12   16   -.208E+00   -.208E+00
   13    1    .889E-02    .938E-02
   13    2    .659E-03    .762E-03
   13    3    .213E-01    .222E-01
   13    4    .122E-02    .147E-02
   13    5    .902E-01    .926E-01
   13    6    .785E-03    .778E-03
   13    7    .224E-02    .240E-02
   13    8    .617E+00    .625E+00
   13    9    .498E-02    .508E-02
   13   10    .319E-02    .321E-02
   13   11    .877E-01    .881E-01
   13   12   -.992E+00    .000E+00
   13   13   -.337E-01    .000E+00
   13   14   -.961E-01    .000E+00
   13   15   -.119E-01   -.114E-01
   13   16   -.864E-02   -.822E-02
   14    1    .465E-04    .522E-04
   14    2    .194E-02    .195E-02
   14    3    .286E-04    .191E-04
   14    4    .687E-02    .704E-02
   14    5    .107E-03    .781E-04
   14    6    .224E-02    .228E-02
   14    7    .226E-01    .214E-01
   14    8    .328E-02    .339E-02
   14    9    .120E-01    .117E-01
   14   10    .209E+00    .207E+00
   14   11    .510E+00    .494E+00
   14   12    .513E-02    .000E+00
   14   13   -.274E-06    .000E+00
   14   14   -.833E+00    .000E+00
   14   15   -.109E+01   -.109E+01
   14   16   -.302E+00   -.302E+00
   15    1    .215E-02    .196E-02
   15    2    .320E-04    .545E-04
   15    3    .250E-02    .236E-02
   15    4    .789E-03    .892E-03
   15    5    .700E-02    .695E-02
   15    6    .292E-02    .307E-02
   15    7    .359E-02    .348E-02
   15    8    .380E-01    .396E-01
   15    9    .432E-01    .412E-01
   15   10    .142E-01    .200E-01
   15   11    .116E+00    .114E+00
   15   12    .156E-01    .000E+00
   15   13    .160E+00    .000E+00
   15   14    .222E-01    .000E+00
   15   15   -.610E+00   -.609E+00
   15   16   -.156E+00   -.155E+00
   16    1    .900E-06    .402E-06
   16    2    .127E-02    .136E-02
   16    3    .898E-05    .167E-05
   16    4    .483E-02    .513E-02
   16    5    .157E-05    .866E-05
   16    6    .180E-04    .159E-04
   16    7    .141E-01    .135E-01
   16    8    .240E-02    .234E-02
   16    9    .399E-03    .354E-03
   16   10    .358E-01    .318E-01
   16   11    .145E+00    .140E+00
   16   12    .323E-01    .326E-01
   16   13    .423E-01    .424E-01
   16   14    .776E+00    .767E+00
   16   15   -.102E+01    .000E+00
   16   16   -.174E+01   -.173E+01
   17    1    .443E-04    .655E-04
   17    2    .964E-03    .103E-02
   17    3    .612E-04    .881E-04
   17    4    .328E-02    .351E-02
   17    5    .378E-03    .448E-03
   17    6    .108E-04    .979E-05
   17    7    .864E-02    .822E-02
   17    8    .496E-02    .491E-02
   17    9    .148E-03    .130E-03
   17   10    .175E-01    .153E-01
   17   11    .626E-01    .600E-01
   17   12    .306E-01    .306E-01
   17   13    .784E-02    .794E-02
   17   14    .160E+00    .158E+00
   17   15    .104E+01    .104E+01
   17   16   -.127E+01    .000E+00
  1  2  0    1  2  1       128
    1    1   -.105E+01   -.106E+01
    1    2   -.193E+00   -.188E+00
    1    3   -.717E-01   -.696E-01
    1    4   -.353E-01   -.341E-01
    1    5   -.202E-01   -.195E-01
    1    6   -.128E-01   -.124E-01
    1    7   -.861E-02   -.833E-02
    1    8   -.610E-02   -.591E-02
    2    1   -.144E+00   -.164E+00
    2    2   -.829E-02   -.742E-02
    2    3   -.229E-02   -.200E-02
    2    4   -.996E-03   -.851E-03
    2    5   -.530E-03   -.451E-03
    2    6   -.319E-03   -.271E-03
    2    7   -.208E-03   -.177E-03
    2    8   -.144E-03   -.123E-03
    3    1    .872E-02    .000E+00
    3    2   -.466E+00   -.460E+00
    3    3   -.104E+00   -.102E+00
    3    4   -.418E-01   -.409E-01
    3    5   -.216E-01   -.211E-01
    3    6   -.128E-01   -.125E-01
    3    7   -.829E-02   -.810E-02
    3    8   -.571E-02   -.558E-02
    4    1    .962E-04    .209E-03
    4    2   -.162E+00   -.187E+00
    4    3   -.102E-02   -.972E-03
    4    4   -.390E-03   -.365E-03
    4    5   -.196E-03   -.182E-03
    4    6   -.114E-03   -.106E-03
    4    7   -.734E-04   -.678E-04
    4    8   -.502E-04   -.463E-04
    5    1    .119E-02    .103E-02
    5    2    .241E-02    .000E+00
    5    3   -.430E+00   -.432E+00
    5    4   -.106E+00   -.108E+00
    5    5   -.451E-01   -.455E-01
    5    6   -.241E-01   -.241E-01
    5    7   -.147E-01   -.146E-01
    5    8   -.969E-02   -.961E-02
    6    1    .587E+00    .578E+00
    6    2    .494E-01    .000E+00
    6    3   -.349E-01   -.351E-01
    6    4   -.678E-02   -.699E-02
    6    5   -.258E-02   -.265E-02
    6    6   -.130E-02   -.132E-02
    6    7   -.762E-03   -.761E-03
    6    8   -.491E-03   -.486E-03
    7    1    .168E-03    .243E-03
    7    2    .114E-03    .158E-03
    7    3   -.166E+00   -.191E+00
    7    4   -.779E-04   -.676E-04
    7    5   -.397E-04   -.338E-04
    7    6   -.243E-04   -.211E-04
    7    7   -.160E-04   -.142E-04
    7    8   -.111E-04   -.100E-04
    8    1    .203E-03    .159E-03
    8    2    .834E-02    .758E-02
    8    3   -.854E-02    .000E+00
    8    4   -.316E+00   -.292E+00
    8    5   -.103E+00   -.983E-01
    8    6   -.451E-01   -.440E-01
    8    7   -.246E-01   -.246E-01
    8    8   -.152E-01   -.155E-01
    9    1    .104E+00    .102E+00
    9    2    .454E+00    .447E+00
    9    3    .790E-01    .000E+00
    9    4   -.322E-01   -.257E-01
    9    5   -.117E-01   -.104E-01
    9    6   -.445E-02   -.418E-02
    9    7   -.224E-02   -.224E-02
    9    8   -.131E-02   -.138E-02
   10    1    .416E-02    .429E-02
   10    2    .160E-01    .153E-01
   10    3    .124E-01    .000E+00
   10    4   -.309E+00   -.334E+00
   10    5   -.594E-02   -.556E-02
   10    6   -.253E-02   -.247E-02
   10    7   -.135E-02   -.136E-02
   10    8   -.817E-03   -.846E-03
   11    1    .328E-04    .504E-04
   11    2    .296E-05    .571E-05
   11    3    .309E-03    .345E-03
   11    4   -.105E-02   -.114E-02
   11    5   -.149E+00   -.171E+00
   11    6   -.784E-04   -.814E-04
   11    7   -.260E-04   -.256E-04
   11    8   -.139E-04   -.132E-04
   12    1    .786E-04    .621E-04
   12    2    .146E-02    .141E-02
   12    3    .207E-01    .204E-01
   12    4   -.127E-01    .000E+00
   12    5   -.429E+00   -.429E+00
   12    6   -.810E-01   -.791E-01
   12    7   -.466E-01   -.465E-01
   12    8   -.259E-01   -.259E-01
   13    1    .366E-01    .357E-01
   13    2    .101E+00    .100E+00
   13    3    .395E+00    .390E+00
   13    4    .100E+00    .000E+00
   13    5   -.847E-01   -.876E-01
   13    6   -.381E-03   -.165E-03
   13    7   -.678E-02   -.678E-02
   13    8   -.345E-02   -.338E-02
   14    1    .423E-02    .427E-02
   14    2    .104E-01    .102E-01
   14    3    .409E-01    .401E-01
   14    4    .227E-01    .000E+00
   14    5   -.368E-01   -.378E-01
   14    6   -.203E+00   -.228E+00
   14    7   -.207E-02   -.205E-02
   14    8   -.121E-02   -.120E-02
   15    1    .255E-04    .351E-04
   15    2    .156E-05    .731E-06
   15    3    .227E-05    .391E-05
   15    4    .383E-03    .415E-03
   15    5   -.719E-03   -.768E-03
   15    6   -.137E-03   -.159E-03
   15    7   -.150E+00   -.172E+00
   15    8   -.392E-04   -.430E-04
   16    1    .927E-05    .145E-04
   16    2    .126E-05    .207E-05
   16    3    .271E-04    .304E-04
   16    4    .349E-03    .361E-03
   16    5   -.810E-03    .000E+00
   16    6   -.838E-05   -.533E-05
   16    7   -.512E-05   -.911E-05
   16    8   -.146E+00   -.168E+00
  1  2  0    1  3  1       208
    1    1   -.500E+01   -.498E+01
    1    2   -.317E-02   -.307E-02
    1    3   -.105E+01   -.104E+01
    1    4   -.387E-02   -.378E-02
    1    5   -.235E+00   -.233E+00
    1    6   -.997E-03   -.991E-03
    1    7   -.168E+00   -.166E+00
    1    8   -.318E-03   -.305E-03
    1    9   -.673E-01   -.666E-01
    1   10   -.730E-01   -.721E-01
    1   11   -.618E-01   -.609E-01
    1   12   -.281E-03   -.268E-03
    1   13   -.694E-05   -.561E-05
    2    1   -.743E-01   -.901E-01
    2    2   -.499E+01   -.497E+01
    2    3   -.212E-01   -.208E-01
    2    4   -.784E+00   -.779E+00
    2    5   -.587E-01   -.584E-01
    2    6   -.363E-04   -.309E-04
    2    7   -.219E+00   -.217E+00
    2    8   -.128E+00   -.126E+00
    2    9   -.435E-02   -.438E-02
    2   10   -.202E-02   -.200E-02
    2   11   -.708E-01   -.700E-01
    2   12   -.455E-01   -.450E-01
    2   13   -.300E-01   -.297E-01
    3    1   -.337E+00   -.360E+00
    3    2   -.114E+00   -.113E+00
    3    3   -.215E+01   -.214E+01
    3    4   -.368E-02   -.353E-02
    3    5   -.358E+00   -.355E+00
    3    6   -.679E-03   -.672E-03
    3    7   -.163E+00   -.163E+00
    3    8   -.976E-03   -.927E-03
    3    9   -.827E-01   -.821E-01
    3   10   -.799E-01   -.791E-01
    3   11   -.501E-01   -.499E-01
    3   12   -.136E-03   -.127E-03
    3   13   -.417E-03   -.403E-03
    4    1    .388E-02    .374E-02
    4    2   -.624E-01    .000E+00
    4    3   -.555E-01   -.723E-01
    4    4   -.440E+01   -.442E+01
    4    5   -.325E+00   -.327E+00
    4    6   -.129E-02   -.127E-02
    4    7   -.612E+00   -.618E+00
    4    8   -.367E+00   -.368E+00
    4    9   -.222E-01   -.220E-01
    4   10   -.166E-01   -.164E-01
    4   11   -.149E+00   -.149E+00
    4   12   -.110E+00   -.109E+00
    4   13   -.707E-01   -.699E-01
    5    1    .138E+00    .138E+00
    5    2    .191E-01    .189E-01
    5    3   -.540E+00    .000E+00
    5    4   -.493E-01   -.487E-01
    5    5   -.143E+01   -.144E+01
    5    6   -.436E-01   -.436E-01
    5    7   -.688E+00   -.694E+00
    5    8   -.993E-03   -.964E-03
    5    9   -.276E+00   -.280E+00
    5   10   -.145E+00   -.148E+00
    5   11   -.144E+00   -.147E+00
    5   12   -.201E-04   -.154E-04
    5   13   -.403E-03   -.390E-03
    6    1    .592E-02    .505E-02
    6    2    .135E+00    .156E+00
    6    3   -.212E-03    .000E+00
    6    4   -.415E-03   -.433E-03
    6    5   -.847E-03   -.851E-03
    6    6   -.674E+01   -.672E+01
    6    7   -.744E-02   -.736E-02
    6    8   -.337E-04   -.320E-04
    6    9   -.377E+00   -.376E+00
    6   10   -.526E+00   -.525E+00
    6   11   -.641E-05   -.597E-05
    6   12   -.517E-05   -.482E-05
    6   13   -.128E-04   -.123E-04
    7    1    .232E-03    .217E-03
    7    2    .698E-01    .673E-01
    7    3    .140E-01    .136E-01
    7    4   -.136E+00    .000E+00
    7    5   -.987E+00   -.895E+00
    7    6   -.239E-02   -.208E-02
    7    7   -.320E+01   -.317E+01
    7    8   -.991E+00   -.978E+00
    7    9   -.607E-01   -.624E-01
    7   10   -.511E-01   -.523E-01
    7   11   -.297E+00   -.301E+00
    7   12   -.216E+00   -.225E+00
    7   13   -.130E+00   -.138E+00
    8    1    .263E-01    .263E-01
    8    2    .172E-02    .163E-02
    8    3    .307E+00    .295E+00
    8    4    .522E-01    .523E-01
    8    5   -.226E+00    .000E+00
    8    6   -.141E-02    .000E+00
    8    7   -.710E+00    .000E+00
    8    8   -.612E-01   -.623E-01
    8    9   -.106E+01   -.102E+01
    8   10   -.417E+00   -.389E+00
    8   11   -.843E+00   -.808E+00
    8   12   -.144E-01   -.141E-01
    8   13   -.397E-02   -.390E-02
    9    1    .681E-03    .520E-03
    9    2    .283E-03    .286E-03
    9    3    .262E-02    .232E-02
    9    4    .907E-01    .108E+00
    9    5    .323E-02    .000E+00
    9    6    .382E-01    .000E+00
    9    7   -.111E-01    .000E+00
    9    8   -.104E+00   -.104E+00
    9    9   -.264E+01   -.260E+01
    9   10   -.321E+01   -.318E+01
    9   11   -.153E-01   -.156E-01
    9   12   -.112E-01   -.111E-01
    9   13   -.677E-02   -.671E-02
   10    1    .383E-03    .409E-03
   10    2    .108E-01    .111E-01
   10    3    .505E-02    .479E-02
   10    4    .199E+00    .200E+00
   10    5    .196E+00    .000E+00
   10    6    .296E-02    .000E+00
   10    7   -.185E+00    .000E+00
   10    8   -.382E+01   -.382E+01
   10    9   -.133E-01   -.842E-02
   10   10   -.274E+00   -.246E+00
   10   11   -.789E+00   -.825E+00
   10   12   -.414E+00   -.413E+00
   10   13   -.225E+00   -.223E+00
   11    1    .380E-04    .372E-04
   11    2    .445E-02    .471E-02
   11    3    .251E-03    .266E-03
   11    4    .347E-01    .320E-01
   11    5    .715E-01    .652E-01
   11    6    .244E-03    .231E-03
   11    7    .261E+00    .244E+00
   11    8   -.244E+00    .000E+00
   11    9   -.856E+00   -.850E+00
   11   10   -.603E+00   -.599E+00
   11   11   -.256E+01   -.255E+01
   11   12   -.101E+01   -.994E+00
   11   13   -.428E+00   -.416E+00
   12    1    .101E-01    .101E-01
   12    2    .250E-03    .229E-03
   12    3    .616E-01    .615E-01
   12    4    .178E-02    .163E-02
   12    5    .233E+00    .232E+00
   12    6    .535E-04    .296E-04
   12    7    .306E+00    .307E+00
   12    8    .434E-01    .427E-01
   12    9   -.265E+00    .000E+00
   12   10   -.164E+00    .000E+00
   12   11   -.673E+00    .000E+00
   12   12   -.777E-02   -.759E-02
   12   13   -.163E-03   -.137E-03
   13    1    .146E-03    .952E-04
   13    2    .165E-03    .176E-03
   13    3    .453E-03    .375E-03
   13    4    .847E-03    .749E-03
   13    5    .188E-01    .249E-01
   13    6    .425E-01    .395E-01
   13    7    .639E-01    .759E-01
   13    8    .468E-01    .463E-01
   13    9    .677E-01    .000E+00
   13   10    .137E-01    .000E+00
   13   11   -.729E-01    .000E+00
   13   12   -.322E+00   -.317E+00
   13   13   -.919E-01   -.898E-01
   14    1    .183E-04    .259E-04
   14    2    .184E-02    .199E-02
   14    3    .198E-03    .203E-03
   14    4    .110E-01    .978E-02
   14    5    .528E-01    .512E-01
   14    6    .488E-02    .456E-02
   14    7    .597E-01    .566E-01
   14    8    .406E+00    .399E+00
   14    9    .114E+00    .000E+00
   14   10    .132E+00    .000E+00
   14   11   -.318E+00    .000E+00
   14   12   -.375E+01   -.370E+01
   14   13   -.973E+00   -.954E+00
   15    1    .102E-04    .965E-05
   15    2    .122E-02    .132E-02
   15    3    .413E-04    .447E-04
   15    4    .627E-02    .548E-02
   15    5    .606E-02    .504E-02
   15    6    .289E-04    .259E-04
   15    7    .184E-01    .159E-01
   15    8    .959E-01    .935E-01
   15    9    .607E-01    .623E-01
   15   10    .385E-01    .395E-01
   15   11    .574E+00    .579E+00
   15   12   -.361E+00    .000E+00
   15   13   -.417E+01   -.412E+01
   16    1    .171E-04    .165E-04
   16    2    .781E-03    .843E-03
   16    3    .699E-04    .738E-04
   16    4    .365E-02    .318E-02
   16    5    .242E-02    .193E-02
   16    6    .963E-05    .845E-05
   16    7    .100E-01    .857E-02
   16    8    .363E-01    .352E-01
   16    9    .109E-01    .114E-01
   16   10    .609E-02    .639E-02
   16   11    .124E+00    .125E+00
   16   12    .843E+00    .861E+00
   16   13   -.393E+00    .000E+00
  1  2  1    1  3  0        56
    1    1   -.439E+01   -.436E+01
    1    2   -.719E+00   -.714E+00
    1    3   -.253E+00   -.251E+00
    1    4   -.122E+00   -.121E+00
    1    5   -.691E-01   -.685E-01
    1    6   -.435E-01   -.432E-01
    1    7   -.294E-01   -.291E-01
    2    1   -.146E+00    .000E+00
    2    2   -.373E+01   -.374E+01
    2    3   -.821E+00   -.828E+00
    2    4   -.326E+00   -.326E+00
    2    5   -.167E+00   -.166E+00
    2    6   -.986E-01   -.977E-01
    2    7   -.639E-01   -.631E-01
    3    1    .707E-01    .678E-01
    3    2   -.247E+00    .000E+00
    3    3   -.349E+01   -.336E+01
    3    4   -.853E+00   -.842E+00
    3    5   -.357E+00   -.363E+00
    3    6   -.189E+00   -.197E+00
    3    7   -.115E+00   -.121E+00
    4    1    .123E-01    .125E-01
    4    2    .180E+00    .176E+00
    4    3   -.337E+00    .000E+00
    4    4   -.340E+01   -.341E+01
    4    5   -.872E+00   -.868E+00
    4    6   -.376E+00   -.372E+00
    4    7   -.203E+00   -.201E+00
    5    1    .438E-02    .457E-02
    5    2    .336E-01    .309E-01
    5    3    .314E+00    .292E+00
    5    4   -.418E+00    .000E+00
    5    5   -.341E+01   -.339E+01
    5    6   -.892E+00   -.877E+00
    5    7   -.390E+00   -.381E+00
    6    1    .211E-02    .223E-02
    6    2    .123E-01    .109E-01
    6    3    .610E-01    .539E-01
    6    4    .465E+00    .459E+00
    6    5   -.495E+00    .000E+00
    6    6   -.345E+01   -.341E+01
    6    7   -.914E+00   -.895E+00
    7    1    .120E-02    .127E-02
    7    2    .603E-02    .527E-02
    7    3    .228E-01    .196E-01
    7    4    .928E-01    .909E-01
    7    5    .629E+00    .638E+00
    7    6   -.571E+00    .000E+00
    7    7   -.353E+01   -.348E+01
    8    1    .758E-03    .803E-03
    8    2    .346E-02    .301E-02
    8    3    .113E-01    .956E-02
    8    4    .352E-01    .343E-01
    8    5    .128E+00    .130E+00
    8    6    .801E+00    .819E+00
    8    7   -.645E+00    .000E+00
  1  3  0    1  3  1        91
    1    1    .646E+00    .641E+00
    1    2    .171E+00    .200E+00
    1    3   -.191E-01    .000E+00
    1    4   -.451E-03   -.428E-03
    1    5   -.142E-03   -.186E-03
    1    6   -.603E+00   -.597E+00
    1    7   -.899E-03   -.990E-03
    1    8   -.190E-04   -.177E-04
    1    9   -.353E-01   -.342E-01
    1   10   -.526E-01   -.523E-01
    1   11   -.105E-04   -.377E-05
    1   12   -.871E-05   -.787E-05
    1   13   -.364E-05   -.339E-05
    2    1    .937E-01    .923E-01
    2    2    .124E-03    .128E-03
    2    3    .571E+00    .562E+00
    2    4    .166E+00    .194E+00
    2    5   -.111E-01    .000E+00
    2    6   -.109E-01    .000E+00
    2    7   -.193E-01    .000E+00
    2    8   -.158E-03   -.142E-03
    2    9   -.182E+00   -.184E+00
    2   10   -.340E+00   -.327E+00
    2   11   -.346E-03   -.174E-03
    2   12   -.182E-04   -.181E-04
    2   13   -.853E-05   -.747E-05
    3    1    .315E-01    .310E-01
    3    2    .255E-04    .260E-04
    3    3    .112E+00    .112E+00
    3    4    .420E-03    .428E-03
    3    5    .687E+00    .715E+00
    3    6    .150E-01    .145E-01
    3    7    .866E-02    .413E-02
    3    8    .784E-03    .755E-03
    3    9   -.812E-04    .000E+00
    3   10   -.355E-01    .000E+00
    3   11   -.177E-01    .000E+00
    3   12   -.246E-03   -.225E-03
    3   13   -.910E-04   -.880E-04
    4    1    .149E-01    .145E-01
    4    2    .953E-05    .961E-05
    4    3    .429E-01    .427E-01
    4    4    .129E-03    .131E-03
    4    5    .709E-01    .695E-01
    4    6    .209E-02    .185E-02
    4    7    .489E-01    .481E-01
    4    8    .206E+00    .237E+00
    4    9    .106E+00    .103E+00
    4   10    .262E+00    .252E+00
    4   11    .137E+00    .132E+00
    4   12    .783E-03    .743E-03
    4   13    .642E-03    .000E+00
    5    1    .833E-02    .813E-02
    5    2    .467E-05    .466E-05
    5    3    .216E-01    .214E-01
    5    4    .598E-04    .604E-04
    5    5    .288E-01    .281E-01
    5    6    .742E-03    .648E-03
    5    7    .193E-01    .189E-01
    5    8    .243E-04    .274E-04
    5    9    .125E+00    .132E+00
    5   10    .159E+00    .163E+00
    5   11    .424E-01    .564E-01
    5   12    .303E-05    .121E-05
    5   13    .107E-03    .112E-03
    6    1    .520E-02    .507E-02
    6    2    .267E-05    .264E-05
    6    3    .126E-01    .125E-01
    6    4    .334E-04    .336E-04
    6    5    .151E-01    .147E-01
    6    6    .357E-03    .312E-03
    6    7    .998E-02    .974E-02
    6    8    .476E-05    .534E-05
    6    9    .133E-01    .129E-01
    6   10    .257E-01    .245E-01
    6   11    .160E-01    .155E-01
    6   12    .205E+00    .236E+00
    6   13    .101E-03    .109E-03
    7    1    .349E-02    .340E-02
    7    2    .168E-05    .166E-05
    7    3    .811E-02    .802E-02
    7    4    .209E-04    .209E-04
    7    5    .904E-02    .881E-02
    7    6    .203E-03    .179E-03
    7    7    .596E-02    .581E-02
    7    8    .175E-05    .194E-05
    7    9    .704E-02    .682E-02
    7   10    .133E-01    .127E-01
    7   11    .806E-02    .778E-02
    7   12    .510E-04    .541E-04
    7   13    .212E+00    .243E+00
  1  3  1    1  4  0       130
    1    1   -.625E+01   -.622E+01
    1    2   -.110E-02   -.104E-02
    1    3   -.667E+00   -.663E+00
    1    4   -.202E+00   -.200E+00
    1    5   -.347E-03   -.369E-03
    1    6   -.241E+00   -.239E+00
    1    7   -.223E-03   -.223E-03
    1    8   -.392E-01   -.386E-01
    1    9   -.823E-04   -.916E-04
    1   10   -.396E-03   -.411E-03
    2    1   -.184E+00   -.216E+00
    2    2   -.958E+01   -.960E+01
    2    3   -.337E+00   -.338E+00
    2    4   -.954E+00   -.956E+00
    2    5   -.412E+00   -.411E+00
    2    6   -.262E-01   -.260E-01
    2    7   -.290E-03   -.290E-03
    2    8   -.160E+00   -.159E+00
    2    9   -.103E+00   -.102E+00
    2   10   -.630E-01   -.623E-01
    3    1    .113E+00    .000E+00
    3    2   -.971E-03   -.925E-03
    3    3   -.444E+01   -.445E+01
    3    4   -.127E+01   -.127E+01
    3    5   -.187E-02   -.194E-02
    3    6   -.983E+00   -.996E+00
    3    7   -.576E-03   -.589E-03
    3    8   -.160E+00   -.161E+00
    3    9   -.221E-03   -.241E-03
    3   10   -.118E-02   -.122E-02
    4    1    .936E-04    .103E-03
    4    2    .550E-02    .000E+00
    4    3   -.929E+00   -.856E+00
    4    4   -.772E+01   -.775E+01
    4    5   -.163E+01   -.167E+01
    4    6   -.650E-01   -.689E-01
    4    7   -.190E-02   -.197E-02
    4    8   -.535E+00   -.559E+00
    4    9   -.294E+00   -.313E+00
    4   10   -.168E+00   -.180E+00
    5    1    .477E-01    .461E-01
    5    2    .162E-01    .140E-01
    5    3    .193E+00    .000E+00
    5    4   -.439E-01    .000E+00
    5    5   -.299E+01   -.296E+01
    5    6   -.298E+01   -.280E+01
    5    7   -.192E-01   -.197E-01
    5    8   -.267E-01   -.315E-01
    5    9   -.268E+00   -.261E+00
    5   10   -.161E+00   -.156E+00
    6    1    .329E-02    .297E-02
    6    2    .207E+00    .238E+00
    6    3    .392E-03    .000E+00
    6    4   -.223E-03    .000E+00
    6    5   -.778E-02   -.773E-02
    6    6   -.501E-03   -.628E-03
    6    7   -.117E+02   -.118E+02
    6    8   -.947E-02   -.935E-02
    6    9   -.230E-03   -.220E-03
    6   10   -.666E-04   -.608E-04
    7    1    .251E-01    .245E-01
    7    2    .433E-01    .402E-01
    7    3    .847E-05    .000E+00
    7    4    .373E-01    .000E+00
    7    5   -.473E+01   -.469E+01
    7    6   -.177E+01   -.179E+01
    7    7   -.863E-03   -.828E-03
    7    8   -.283E+01   -.280E+01
    7    9   -.432E+00   -.419E+00
    7   10   -.196E+00   -.189E+00
    8    1    .113E-04    .804E-05
    8    2    .106E-01    .874E-02
    8    3    .419E-01    .393E-01
    8    4    .133E+00    .125E+00
    8    5    .143E-01    .000E+00
    8    6   -.122E+01   -.120E+01
    8    7   -.156E-01   -.153E-01
    8    8   -.628E+01   -.615E+01
    8    9   -.177E+01   -.171E+01
    8   10   -.710E+00   -.681E+00
    9    1    .768E-02    .773E-02
    9    2    .369E-03    .274E-03
    9    3    .223E-01    .178E-01
    9    4    .139E+00    .155E+00
    9    5    .627E-01    .653E-01
    9    6    .126E+00    .000E+00
    9    7    .289E-02    .000E+00
    9    8   -.107E+00    .000E+00
    9    9   -.116E+01   -.114E+01
    9   10   -.367E+00   -.358E+00
   10    1    .259E-02    .277E-02
   10    2    .354E-03    .266E-03
   10    3    .136E+00    .143E+00
   10    4    .474E-01    .557E-01
   10    5    .350E-01    .366E-01
   10    6    .106E+00    .000E+00
   10    7    .168E-01    .000E+00
   10    8   -.471E-01    .000E+00
   10    9   -.812E+00   -.798E+00
   10   10   -.244E+00   -.238E+00
   11    1    .349E-02    .365E-02
   11    2    .282E-02    .227E-02
   11    3    .124E-01    .126E-01
   11    4    .720E-01    .693E-01
   11    5    .222E+00    .233E+00
   11    6    .773E-02    .000E+00
   11    7    .375E-02    .000E+00
   11    8    .152E+00    .000E+00
   11    9   -.548E+01   -.538E+01
   11   10   -.121E+01   -.117E+01
   12    1    .361E-06    .587E-07
   12    2    .162E-02    .128E-02
   12    3    .245E-02    .221E-02
   12    4    .841E-02    .764E-02
   12    5    .581E-01    .619E-01
   12    6    .673E-01    .709E-01
   12    7    .286E-03    .315E-03
   12    8    .420E+00    .443E+00
   12    9    .269E-01    .000E+00
   12   10   -.747E+01   -.736E+01
   13    1    .913E-05    .784E-05
   13    2    .882E-03    .705E-03
   13    3    .163E-02    .148E-02
   13    4    .344E-02    .311E-02
   13    5    .202E-01    .215E-01
   13    6    .190E-01    .199E-01
   13    7    .434E-04    .490E-04
   13    8    .738E-01    .793E-01
   13    9    .675E+00    .702E+00
   13   10    .264E-01    .000E+00
  3  0  0    3  1  1       204
    1    1    .274E+00    .278E+00
    1    2   -.637E+00   -.671E+00
    1    3   -.255E+00   -.292E+00
    1    4   -.730E-02   -.784E-02
    1    5   -.995E+00   -.992E+00
    1    6   -.480E-04   -.558E-04
    1    7   -.227E-01   -.222E-01
    1    8   -.277E+00   -.275E+00
    1    9   -.194E-02   -.195E-02
    1   10   -.110E+00   -.109E+00
    1   11   -.213E-01   -.211E-01
    1   12   -.680E-01   -.674E-01
    1   13   -.450E-03   -.457E-03
    1   14   -.310E-01   -.307E-01
    1   15   -.144E-01   -.144E-01
    1   16   -.274E-01   -.272E-01
    1   17   -.198E-01   -.197E-01
    2    1    .269E+00    .266E+00
    2    2    .134E+00    .150E+00
    2    3    .214E+00    .225E+00
    2    4   -.313E+00   -.313E+00
    2    5   -.143E-01   -.149E-01
    2    6   -.766E-01   -.789E-01
    2    7   -.159E+01   -.160E+01
    2    8   -.123E-01   -.126E-01
    2    9   -.211E-01   -.217E-01
    2   10   -.116E+00   -.117E+00
    2   11   -.281E+00   -.283E+00
    2   12   -.190E-02   -.195E-02
    2   13   -.918E-02   -.943E-02
    2   14   -.884E-01   -.885E-01
    2   15   -.787E-01   -.791E-01
    2   16   -.109E-02   -.111E-02
    2   17   -.183E-03   -.190E-03
    3    1    .454E-01    .478E-01
    3    2    .448E+00    .462E+00
    3    3    .234E-02    .261E-02
    3    4    .323E-02    .339E-02
    3    5   -.934E+00    .000E+00
    3    6   -.256E+00   -.288E+00
    3    7   -.265E-02   -.275E-02
    3    8   -.108E+01   -.107E+01
    3    9   -.319E-02   -.303E-02
    3   10   -.223E+00   -.223E+00
    3   11   -.902E-01   -.910E-01
    3   12   -.141E+00   -.142E+00
    3   13   -.355E-03   -.317E-03
    3   14   -.410E-01   -.407E-01
    3   15   -.382E-01   -.382E-01
    3   16   -.485E-01   -.481E-01
    3   17   -.330E-01   -.325E-01
    4    1    .814E-01    .807E-01
    4    2    .459E-02    .443E-02
    4    3    .295E+00    .298E+00
    4    4    .151E+00    .158E+00
    4    5    .157E+00    .175E+00
    4    6    .258E+00    .000E+00
    4    7   -.441E+00    .000E+00
    4    8   -.203E-01   -.209E-01
    4    9   -.183E+00   -.183E+00
    4   10   -.540E+00   -.536E+00
    4   11   -.990E+00   -.994E+00
    4   12   -.495E-03   -.582E-03
    4   13   -.391E-01   -.400E-01
    4   14   -.240E+00   -.242E+00
    4   15   -.171E+00   -.173E+00
    4   16   -.440E-03   -.474E-03
    4   17   -.154E-04   -.122E-04
    5    1    .132E-01    .140E-01
    5    2    .914E-01    .952E-01
    5    3    .218E-03    .181E-03
    5    4    .183E-02    .195E-02
    5    5    .712E+00    .703E+00
    5    6    .221E-02    .250E-02
    5    7    .127E-02    .100E-02
    5    8   -.118E+01    .000E+00
    5    9   -.325E+00   -.360E+00
    5   10   -.638E+00   -.572E+00
    5   11   -.480E+00   -.434E+00
    5   12   -.345E+00   -.312E+00
    5   13   -.130E-03   -.943E-04
    5   14   -.549E-01   -.506E-01
    5   15   -.102E+00   -.946E-01
    5   16   -.883E-01   -.838E-01
    5   17   -.553E-01   -.536E-01
    6    1    .376E-01    .380E-01
    6    2    .276E-01    .285E-01
    6    3    .404E-01    .409E-01
    6    4    .112E-01    .118E-01
    6    5    .999E-01    .102E+00
    6    6    .174E+00    .173E+00
    6    7    .153E+00    .150E+00
    6    8    .938E+00    .975E+00
    6    9    .130E+00    .000E+00
    6   10   -.122E+01    .000E+00
    6   11   -.549E-01    .000E+00
    6   12   -.614E+00   -.612E+00
    6   13   -.511E+00   -.519E+00
    6   14   -.858E+00   -.818E+00
    6   15   -.510E-01   -.444E-01
    6   16   -.745E-01   -.741E-01
    6   17   -.528E-01   -.521E-01
    7    1    .553E-02    .517E-02
    7    2    .106E-01    .113E-01
    7    3    .431E-01    .430E-01
    7    4    .184E-01    .195E-01
    7    5    .564E-01    .573E-01
    7    6    .155E+00    .153E+00
    7    7    .146E+00    .142E+00
    7    8    .219E+00    .206E+00
    7    9    .153E+00    .000E+00
    7   10    .212E-01    .000E+00
    7   11   -.731E+00    .000E+00
    7   12   -.741E+00   -.737E+00
    7   13   -.177E-03   -.350E-02
    7   14   -.188E+00   -.170E+00
    7   15   -.807E+00   -.767E+00
    7   16   -.957E-01   -.943E-01
    7   17   -.427E-01   -.424E-01
    8    1    .440E-02    .467E-02
    8    2    .189E-01    .197E-01
    8    3    .402E-05    .148E-05
    8    4    .201E-03    .216E-03
    8    5    .622E-01    .648E-01
    8    6    .482E-04    .666E-04
    8    7    .849E-06    .237E-05
    8    8    .214E+00    .212E+00
    8    9    .210E-01    .211E-01
    8   10    .820E+00    .799E+00
    8   11    .532E+00    .519E+00
    8   12   -.170E+01    .000E+00
    8   13   -.179E-02   -.177E-02
    8   14   -.511E+00   -.517E+00
    8   15   -.935E+00   -.942E+00
    8   16   -.423E+00   -.425E+00
    8   17   -.202E+00   -.202E+00
    9    1    .206E-01    .206E-01
    9    2    .595E-02    .610E-02
    9    3    .268E-01    .269E-01
    9    4    .721E-02    .765E-02
    9    5    .130E-01    .138E-01
    9    6    .697E-01    .705E-01
    9    7    .441E-01    .447E-01
    9    8    .262E-01    .260E-01
    9    9    .336E+00    .340E+00
    9   10    .546E+00    .558E+00
    9   11    .177E-01    .160E-01
    9   12    .560E+00    .547E+00
    9   13    .277E+00    .000E+00
    9   14   -.129E+01    .000E+00
    9   15   -.118E+00    .000E+00
    9   16   -.293E+00   -.295E+00
    9   17   -.130E+00   -.130E+00
   10    1    .657E-03    .566E-03
   10    2    .581E-02    .613E-02
   10    3    .102E-01    .102E-01
   10    4    .408E-02    .434E-02
   10    5    .196E-01    .206E-01
   10    6    .239E-01    .238E-01
   10    7    .157E-01    .159E-01
   10    8    .604E-01    .595E-01
   10    9    .719E-01    .730E-01
   10   10    .217E-02    .852E-03
   10   11    .206E+00    .193E+00
   10   12    .111E+01    .108E+01
   10   13    .836E-01    .000E+00
   10   14    .232E-01    .000E+00
   10   15   -.122E+01    .000E+00
   10   16   -.130E+01   -.131E+01
   10   17   -.315E+00   -.316E+00
   11    1    .167E-02    .178E-02
   11    2    .713E-02    .746E-02
   11    3    .288E-04    .239E-04
   11    4    .114E-03    .122E-03
   11    5    .192E-01    .203E-01
   11    6    .967E-05    .606E-05
   11    7    .174E-04    .160E-04
   11    8    .458E-01    .451E-01
   11    9    .904E-03    .880E-03
   11   10    .638E-01    .591E-01
   11   11    .434E-01    .402E-01
   11   12    .365E+00    .353E+00
   11   13    .112E-01    .113E-01
   11   14    .700E+00    .691E+00
   11   15    .124E+01    .122E+01
   11   16   -.218E+01    .000E+00
   11   17   -.169E+01   -.169E+01
   12    1    .174E-02    .184E-02
   12    2    .510E-02    .533E-02
   12    3    .305E-04    .352E-04
   12    4    .118E-04    .130E-04
   12    5    .128E-01    .136E-01
   12    6    .146E-03    .161E-03
   12    7    .610E-04    .656E-04
   12    8    .277E-01    .273E-01
   12    9    .210E-02    .207E-02
   12   10    .395E-01    .365E-01
   12   11    .177E-01    .161E-01
   12   12    .160E+00    .154E+00
   12   13    .972E-02    .966E-02
   12   14    .198E+00    .195E+00
   12   15    .222E+00    .219E+00
   12   16    .227E+01    .226E+01
   12   17   -.250E+01    .000E+00
  3  1  0    3  1  1       153
    1    1    .779E+00    .906E+00
    1    2   -.152E-01   -.139E-01
    1    3   -.670E+00   -.686E+00
    1    4   -.266E+01   -.267E+01
    1    5   -.833E-04   -.524E-04
    1    6   -.115E+00   -.118E+00
    1    7   -.535E+00   -.523E+00
    1    8   -.108E-02   -.958E-03
    1    9   -.386E-01   -.397E-01
    1   10   -.827E-01   -.812E-01
    1   11   -.125E+00   -.121E+00
    1   12   -.169E-03   -.145E-03
    1   13   -.190E-01   -.196E-01
    1   14   -.632E-01   -.616E-01
    1   15   -.396E-01   -.382E-01
    1   16   -.142E-03   -.125E-03
    1   17   -.718E-05   -.503E-05
    2    1    .891E+00    .870E+00
    2    2    .307E+00    .355E+00
    2    3    .825E+00    .885E+00
    2    4   -.106E+00    .000E+00
    2    5   -.190E-02   -.268E-02
    2    6   -.679E+00   -.690E+00
    2    7   -.112E+01   -.110E+01
    2    8   -.461E-03   -.273E-03
    2    9   -.127E+00   -.130E+00
    2   10   -.126E+00   -.125E+00
    2   11   -.159E+00   -.154E+00
    2   12   -.470E-04   -.197E-04
    2   13   -.500E-01   -.511E-01
    2   14   -.756E-01   -.745E-01
    2   15   -.419E-01   -.403E-01
    2   16   -.581E-04   -.360E-04
    2   17   -.615E-08   -.124E-05
    3    1    .247E+00    .240E+00
    3    2    .433E-03    .205E-03
    3    3    .990E+00    .983E+00
    3    4    .155E-01    .143E-01
    3    5    .284E+00    .316E+00
    3    6    .110E+01    .000E+00
    3    7   -.184E+00    .000E+00
    3    8   -.145E-02   -.186E-02
    3    9   -.933E+00   -.940E+00
    3   10   -.527E+00   -.534E+00
    3   11   -.566E+00   -.568E+00
    3   12   -.123E-04   -.329E-05
    3   13   -.197E+00   -.204E+00
    3   14   -.190E+00   -.194E+00
    3   15   -.972E-01   -.981E-01
    3   16   -.582E-04   -.441E-04
    3   17   -.202E-05   -.489E-05
    4    1    .106E+00    .102E+00
    4    2    .834E-04    .269E-04
    4    3    .283E+00    .280E+00
    4    4    .267E-02    .238E-02
    4    5    .645E-04    .107E-03
    4    6    .110E+01    .107E+01
    4    7    .814E-01    .766E-01
    4    8    .270E+00    .306E+00
    4    9    .136E+01    .000E+00
    4   10   -.612E-01    .000E+00
    4   11   -.179E+00    .000E+00
    4   12   -.886E-03   -.106E-02
    4   13   -.126E+01   -.115E+01
    4   14   -.740E+00   -.703E+00
    4   15   -.336E+00   -.318E+00
    4   16   -.289E-04   -.142E-04
    4   17   -.254E-04   -.416E-04
    5    1    .556E-01    .535E-01
    5    2    .195E-04    .250E-05
    5    3    .126E+00    .124E+00
    5    4    .984E-03    .867E-03
    5    5    .427E-04    .649E-04
    5    6    .316E+00    .314E+00
    5    7    .147E-01    .142E-01
    5    8    .717E-05    .185E-05
    5    9    .111E+01    .110E+01
    5   10    .527E+00    .563E+00
    5   11    .424E-02    .818E-02
    5   12    .157E-04    .470E-04
    5   13    .164E+01    .000E+00
    5   14   -.175E+00    .000E+00
    5   15   -.145E+00    .000E+00
    5   16   -.754E-03   -.857E-03
    5   17   -.376E-03   -.426E-03
    6    1    .331E-01    .319E-01
    6    2    .475E-05    .178E-08
    6    3    .686E-01    .677E-01
    6    4    .494E-03    .432E-03
    6    5    .233E-04    .357E-04
    6    6    .143E+00    .144E+00
    6    7    .544E-02    .541E-02
    6    8    .961E-08    .862E-06
    6    9    .341E+00    .336E+00
    6   10    .269E-01    .257E-01
    6   11    .143E-01    .137E-01
    6   12    .263E+00    .301E+00
    6   13    .136E+01    .131E+01
    6   14    .175E+00    .164E+00
    6   15    .662E-01    .623E-01
    6   16    .355E-04    .528E-04
    6   17    .862E-04    .000E+00
    7    1    .214E-01    .207E-01
    7    2    .105E-05    .432E-06
    7    3    .421E-01    .415E-01
    7    4    .291E-03    .253E-03
    7    5    .137E-04    .213E-04
    7    6    .792E-01    .801E-01
    7    7    .270E-02    .271E-02
    7    8    .123E-06    .137E-05
    7    9    .156E+00    .153E+00
    7   10    .104E-01    .972E-02
    7   11    .516E-02    .479E-02
    7   12    .678E-05    .506E-05
    7   13    .352E+00    .329E+00
    7   14    .267E+00    .279E+00
    7   15    .857E-01    .108E+00
    7   16    .613E-04    .767E-04
    7   17    .181E-03    .202E-03
    8    1    .147E-01    .142E-01
    8    2    .156E-06    .949E-06
    8    3    .279E-01    .275E-01
    8    4    .189E-03    .164E-03
    8    5    .867E-05    .137E-04
    8    6    .493E-01    .499E-01
    8    7    .157E-02    .158E-02
    8    8    .183E-06    .122E-05
    8    9    .874E-01    .852E-01
    8   10    .533E-02    .491E-02
    8   11    .252E-02    .230E-02
    8   12    .208E-06    .604E-08
    8   13    .171E+00    .159E+00
    8   14    .194E-01    .173E-01
    8   15    .568E-02    .499E-02
    8   16    .266E+00    .305E+00
    8   17    .173E-03    .195E-03
    9    1    .105E-01    .102E-01
    9    2    .165E-08    .122E-05
    9    3    .195E-01    .193E-01
    9    4    .131E-03    .113E-03
    9    5    .584E-05    .935E-05
    9    6    .331E-01    .336E-01
    9    7    .100E-02    .101E-02
    9    8    .172E-06    .969E-06
    9    9    .549E-01    .534E-01
    9   10    .317E-02    .290E-02
    9   11    .145E-02    .131E-02
    9   12    .149E-08    .142E-06
    9   13    .965E-01    .893E-01
    9   14    .940E-02    .820E-02
    9   15    .274E-02    .234E-02
    9   16    .156E-04    .162E-04
    9   17    .262E+00    .300E+00
  3  1  0    3  2  1        72
    1    1   -.859E+01   -.858E+01
    1    2   -.170E+01   -.168E+01
    1    3   -.642E+00   -.634E+00
    1    4   -.318E+00   -.313E+00
    1    5   -.183E+00   -.181E+00
    1    6   -.116E+00   -.114E+00
    1    7   -.784E-01   -.774E-01
    1    8   -.556E-01   -.549E-01
    2    1   -.343E+00    .000E+00
    2    2   -.371E+01   -.368E+01
    2    3   -.885E+00   -.877E+00
    2    4   -.362E+00   -.358E+00
    2    5   -.188E+00   -.186E+00
    2    6   -.112E+00   -.111E+00
    2    7   -.725E-01   -.717E-01
    2    8   -.500E-01   -.494E-01
    3    1    .183E+00    .180E+00
    3    2   -.627E+00    .000E+00
    3    3   -.356E+01   -.358E+01
    3    4   -.928E+00   -.945E+00
    3    5   -.401E+00   -.407E+00
    3    6   -.216E+00   -.219E+00
    3    7   -.132E+00   -.133E+00
    3    8   -.877E-01   -.878E-01
    4    1    .366E-01    .360E-01
    4    2    .435E+00    .416E+00
    4    3   -.874E+00    .000E+00
    4    4   -.357E+01   -.337E+01
    4    5   -.964E+00   -.917E+00
    4    6   -.426E+00   -.415E+00
    4    7   -.234E+00   -.233E+00
    4    8   -.145E+00   -.148E+00
    5    1    .141E-01    .139E-01
    5    2    .880E-01    .874E-01
    5    3    .732E+00    .728E+00
    5    4   -.111E+01    .000E+00
    5    5   -.368E+01   -.369E+01
    5    6   -.100E+01   -.101E+01
    5    7   -.448E+00   -.449E+00
    5    8   -.248E+00   -.249E+00
    6    1    .717E-02    .705E-02
    6    2    .341E-01    .347E-01
    6    3    .152E+00    .147E+00
    6    4    .106E+01    .101E+01
    6    5   -.133E+01    .000E+00
    6    6   -.383E+01   -.385E+01
    6    7   -.105E+01   -.105E+01
    6    8   -.470E+00   -.469E+00
    7    1    .422E-02    .414E-02
    7    2    .173E-01    .178E-01
    7    3    .594E-01    .564E-01
    7    4    .222E+00    .203E+00
    7    5    .140E+01    .135E+01
    7    6   -.155E+01    .000E+00
    7    7   -.400E+01   -.401E+01
    7    8   -.110E+01   -.109E+01
    8    1    .272E-02    .267E-02
    8    2    .102E-01    .106E-01
    8    3    .304E-01    .286E-01
    8    4    .876E-01    .779E-01
    8    5    .297E+00    .282E+00
    8    6    .175E+01    .173E+01
    8    7   -.176E+01    .000E+00
    8    8   -.419E+01   -.418E+01
    9    1    .187E-02    .184E-02
    9    2    .660E-02    .685E-02
    9    3    .180E-01    .168E-01
    9    4    .450E-01    .394E-01
    9    5    .118E+00    .111E+00
    9    6    .374E+00    .367E+00
    9    7    .211E+01    .211E+01
    9    8   -.198E+01    .000E+00
  3  1  1    3  2  0       255
    1    1   -.658E+01   -.657E+01
    1    2   -.854E+00   -.836E+00
    1    3   -.119E+01   -.118E+01
    1    4   -.330E+00   -.326E+00
    1    5   -.867E-04   -.734E-04
    1    6   -.433E+00   -.430E+00
    1    7   -.195E+00   -.192E+00
    1    8   -.104E+00   -.103E+00
    1    9   -.661E-01   -.657E-01
    1   10   -.124E+00   -.123E+00
    1   11   -.909E-01   -.892E-01
    1   12   -.111E-01   -.110E-01
    1   13   -.554E-01   -.551E-01
    1   14   -.523E-01   -.519E-01
    1   15   -.387E-01   -.384E-01
    2    1   -.421E+00    .000E+00
    2    2   -.506E+00   -.568E+00
    2    3   -.483E+01   -.482E+01
    2    4   -.170E-03   -.185E-03
    2    5   -.644E-01   -.653E-01
    2    6   -.117E+01   -.116E+01
    2    7   -.128E-01   -.129E-01
    2    8   -.380E+00   -.379E+00
    2    9   -.110E+00   -.109E+00
    2   10   -.254E+00   -.253E+00
    2   11   -.226E-02   -.229E-02
    2   12   -.537E-01   -.539E-01
    2   13   -.104E+00   -.103E+00
    2   14   -.991E-01   -.986E-01
    2   15   -.690E-01   -.687E-01
    3    1    .181E-01    .182E-01
    3    2   -.826E+00   -.879E+00
    3    3   -.199E-02   -.209E-02
    3    4   -.176E+01   -.176E+01
    3    5   -.129E+00   -.130E+00
    3    6   -.212E-02   -.215E-02
    3    7   -.462E+00   -.461E+00
    3    8   -.413E-01   -.415E-01
    3    9   -.483E-02   -.499E-02
    3   10   -.482E-03   -.479E-03
    3   11   -.205E+00   -.204E+00
    3   12   -.162E-01   -.164E-01
    3   13   -.773E-06   -.186E-06
    3   14   -.269E-03   -.269E-03
    3   15   -.667E-04   -.673E-04
    4    1    .396E+00    .437E+00
    4    2    .110E+00    .110E+00
    4    3   -.696E-01   -.673E-01
    4    4   -.127E+00   -.129E+00
    4    5   -.887E+01   -.878E+01
    4    6   -.208E-01   -.200E-01
    4    7   -.300E-01   -.303E-01
    4    8   -.447E+00   -.442E+00
    4    9   -.980E+00   -.964E+00
    4   10   -.376E-02   -.357E-02
    4   11   -.129E-01   -.130E-01
    4   12   -.390E+00   -.383E+00
    4   13   -.108E+00   -.106E+00
    4   14   -.154E-02   -.146E-02
    4   15   -.670E-03   -.628E-03
    5    1    .226E+00    .229E+00
    5    2    .296E-05    .134E-07
    5    3   -.869E+00    .000E+00
    5    4   -.456E+00   -.530E+00
    5    5   -.908E-02   -.900E-02
    5    6   -.465E+01   -.466E+01
    5    7   -.246E-01   -.256E-01
    5    8   -.817E+00   -.828E+00
    5    9   -.390E+00   -.396E+00
    5   10   -.531E+00   -.537E+00
    5   11   -.254E-02   -.270E-02
    5   12   -.696E-01   -.702E-01
    5   13   -.218E+00   -.219E+00
    5   14   -.176E+00   -.176E+00
    5   15   -.117E+00   -.117E+00
    6    1    .703E-02    .601E-02
    6    2    .617E+00    .637E+00
    6    3    .383E-02    .651E-02
    6    4   -.119E+01    .000E+00
    6    5   -.259E-01   -.273E-01
    6    6   -.222E-02   -.144E-02
    6    7   -.191E+01   -.191E+01
    6    8   -.102E+00   -.992E-01
    6    9   -.103E-01   -.108E-01
    6   10   -.931E-04   -.398E-04
    6   11   -.535E+00   -.541E+00
    6   12   -.263E-01   -.260E-01
    6   13   -.116E-04   -.295E-04
    6   14   -.746E-04   -.433E-04
    6   15   -.266E-05   -.116E-04
    7    1    .612E-02    .612E-02
    7    2    .947E-01    .963E-01
    7    3    .403E+00    .443E+00
    7    4    .922E-01    .000E+00
    7    5   -.203E+00    .000E+00
    7    6   -.510E-01   -.499E-01
    7    7   -.189E+00   -.190E+00
    7    8   -.274E+01   -.273E+01
    7    9   -.481E+01   -.481E+01
    7   10   -.120E-02   -.119E-02
    7   11   -.412E-01   -.421E-01
    7   12   -.135E+01   -.136E+01
    7   13   -.294E+00   -.294E+00
    7   14   -.431E-03   -.407E-03
    7   15   -.310E-04   -.239E-04
    8    1    .419E-01    .426E-01
    8    2    .370E-03    .409E-03
    8    3    .547E+00    .527E+00
    8    4    .124E-03    .666E-04
    8    5    .115E-02    .114E-02
    8    6   -.120E+01    .000E+00
    8    7   -.806E+00   -.882E+00
    8    8   -.227E+01   -.210E+01
    8    9   -.208E+01   -.196E+01
    8   10   -.127E+01   -.120E+01
    8   11   -.164E-02   -.168E-02
    8   12   -.810E-01   -.788E-01
    8   13   -.481E+00   -.468E+00
    8   14   -.310E+00   -.309E+00
    8   15   -.192E+00   -.196E+00
    9    1    .369E-02    .328E-02
    9    2    .137E+00    .142E+00
    9    3    .346E-02    .281E-02
    9    4    .106E+01    .105E+01
    9    5    .473E-02    .482E-02
    9    6    .180E-02    .109E-02
    9    7   -.155E+01    .000E+00
    9    8   -.124E-01    .000E+00
    9    9   -.277E-01    .000E+00
    9   10   -.268E-01   -.285E-01
    9   11   -.231E+01   -.213E+01
    9   12   -.361E-01   -.327E-01
    9   13   -.388E-02   -.445E-02
    9   14   -.322E-02   -.351E-02
    9   15   -.331E-02   -.346E-02
   10    1    .151E-01    .154E-01
   10    2    .400E-02    .397E-02
   10    3    .849E-01    .851E-01
   10    4    .182E-01    .175E-01
   10    5    .630E-01    .606E-01
   10    6    .131E+01    .135E+01
   10    7    .559E-01    .000E+00
   10    8   -.154E+01    .000E+00
   10    9   -.135E+00    .000E+00
   10   10   -.268E+01   -.269E+01
   10   11   -.526E+00   -.575E+00
   10   12   -.328E+01   -.317E+01
   10   13   -.119E-01   -.145E-01
   10   14   -.329E+00   -.329E+00
   10   15   -.193E+00   -.193E+00
   11    1    .174E-02    .179E-02
   11    2    .188E-01    .191E-01
   11    3    .276E-01    .282E-01
   11    4    .793E-01    .784E-01
   11    5    .735E-01    .705E-01
   11    6    .266E-01    .186E-01
   11    7    .329E-01    .000E+00
   11    8    .230E-01    .000E+00
   11    9   -.249E+00    .000E+00
   11   10   -.221E+01   -.220E+01
   11   11   -.231E-02   -.894E-02
   11   12   -.270E+01   -.259E+01
   11   13   -.233E+01   -.227E+01
   11   14   -.254E+00   -.252E+00
   11   15   -.129E+00   -.128E+00
   12    1    .795E-02    .807E-02
   12    2    .204E-04    .227E-04
   12    3    .433E-01    .447E-01
   12    4    .908E-05    .398E-05
   12    5    .452E-04    .446E-04
   12    6    .192E+00    .185E+00
   12    7    .307E-01    .291E-01
   12    8    .902E+00    .863E+00
   12    9    .518E+00    .497E+00
   12   10   -.185E+01    .000E+00
   12   11   -.223E-01   -.233E-01
   12   12   -.631E+00   -.640E+00
   12   13   -.441E+01   -.443E+01
   12   14   -.140E+01   -.140E+01
   12   15   -.645E+00   -.642E+00
   13    1    .143E-02    .125E-02
   13    2    .557E-01    .578E-01
   13    3    .655E-03    .493E-03
   13    4    .232E+00    .236E+00
   13    5    .791E-03    .850E-03
   13    6    .433E-03    .284E-03
   13    7    .148E+01    .149E+01
   13    8    .418E-01    .447E-01
   13    9    .170E-04    .874E-04
   13   10    .937E-02    .799E-02
   13   11   -.189E+01    .000E+00
   13   12   -.344E-01    .000E+00
   13   13   -.263E-01    .000E+00
   13   14   -.648E-02   -.705E-02
   13   15   -.609E-02   -.641E-02
   14    1    .410E-02    .418E-02
   14    2    .429E-02    .429E-02
   14    3    .127E-01    .131E-01
   14    4    .120E-01    .118E-01
   14    5    .158E-01    .160E-01
   14    6    .382E-01    .364E-01
   14    7    .103E+00    .104E+00
   14    8    .761E+00    .773E+00
   14    9    .911E-02    .117E-01
   14   10    .878E+00    .852E+00
   14   11    .100E+00    .000E+00
   14   12   -.123E+01    .000E+00
   14   13   -.786E+00    .000E+00
   14   14   -.164E+01   -.164E+01
   14   15   -.517E+00   -.515E+00
   15    1    .112E-02    .114E-02
   15    2    .513E-02    .521E-02
   15    3    .964E-02    .103E-01
   15    4    .134E-01    .136E-01
   15    5    .798E-02    .811E-02
   15    6    .382E-01    .365E-01
   15    7    .505E-01    .530E-01
   15    8    .132E-01    .204E-01
   15    9    .109E+00    .920E-01
   15   10    .102E+01    .996E+00
   15   11    .190E-01    .000E+00
   15   12    .799E-03    .000E+00
   15   13   -.546E+00    .000E+00
   15   14   -.368E+01   -.368E+01
   15   15   -.928E+00   -.922E+00
   16    1    .288E-02    .292E-02
   16    2    .245E-04    .262E-04
   16    3    .128E-01    .135E-01
   16    4    .824E-05    .126E-04
   16    5    .290E-05    .256E-05
   16    6    .388E-01    .366E-01
   16    7    .171E-02    .146E-02
   16    8    .666E-01    .590E-01
   16    9    .395E-01    .350E-01
   16   10    .408E+00    .391E+00
   16   11    .145E-01    .140E-01
   16   12    .420E+00    .414E+00
   16   13    .192E+01    .190E+01
   16   14   -.242E+01    .000E+00
   16   15   -.554E+01   -.552E+01
   17    1    .210E-02    .212E-02
   17    2    .893E-05    .861E-05
   17    3    .846E-02    .890E-02
   17    4    .927E-04    .842E-04
   17    5    .236E-04    .232E-04
   17    6    .233E-01    .219E-01
   17    7    .271E-02    .245E-02
   17    8    .370E-01    .324E-01
   17    9    .183E-01    .159E-01
   17   10    .173E+00    .165E+00
   17   11    .123E-01    .119E-01
   17   12    .109E+00    .107E+00
   17   13    .392E+00    .387E+00
   17   14    .286E+01    .286E+01
   17   15   -.282E+01    .000E+00
  3  2  0    3  2  1       120
    1    1   -.620E+00   -.689E+00
    1    2   -.948E-02   -.896E-02
    1    3   -.272E-02   -.255E-02
    1    4   -.114E-02   -.106E-02
    1    5   -.583E-03   -.546E-03
    1    6   -.340E-03   -.318E-03
    1    7   -.217E-03   -.203E-03
    1    8   -.147E-03   -.137E-03
    2    1   -.160E+00   -.166E+00
    2    2   -.115E+01   -.115E+01
    2    3   -.297E+00   -.298E+00
    2    4   -.126E+00   -.127E+00
    2    5   -.674E-01   -.677E-01
    2    6   -.408E-01   -.410E-01
    2    7   -.268E-01   -.270E-01
    2    8   -.186E-01   -.188E-01
    3    1    .993E-04    .481E-04
    3    2   -.518E+00   -.588E+00
    3    3   -.170E-03   -.158E-03
    3    4   -.111E-03   -.107E-03
    3    5   -.618E-04   -.595E-04
    3    6   -.370E-04   -.357E-04
    3    7   -.239E-04   -.230E-04
    3    8   -.163E-04   -.157E-04
    4    1    .610E-01    .639E-01
    4    2   -.305E+00    .000E+00
    4    3   -.107E+01   -.108E+01
    4    4   -.295E+00   -.299E+00
    4    5   -.130E+00   -.131E+00
    4    6   -.711E-01   -.711E-01
    4    7   -.438E-01   -.436E-01
    4    8   -.292E-01   -.289E-01
    5    1    .174E+01    .172E+01
    5    2    .564E-01    .000E+00
    5    3   -.393E-01   -.405E-01
    5    4   -.714E-02   -.765E-02
    5    5   -.262E-02   -.281E-02
    5    6   -.130E-02   -.136E-02
    5    7   -.749E-03   -.777E-03
    5    8   -.478E-03   -.490E-03
    6    1    .359E-03    .294E-03
    6    2    .117E-03    .957E-04
    6    3   -.492E+00   -.560E+00
    6    4   -.107E-03   -.116E-03
    6    5   -.128E-04   -.140E-04
    6    6   -.294E-05   -.313E-05
    6    7   -.967E-06   -.965E-06
    6    8   -.401E-06   -.366E-06
    7    1    .936E-02    .100E-01
    7    2    .126E+00    .121E+00
    7    3   -.405E+00    .000E+00
    7    4   -.893E+00   -.826E+00
    7    5   -.288E+00   -.273E+00
    7    6   -.131E+00   -.127E+00
    7    7   -.727E-01   -.722E-01
    7    8   -.454E-01   -.460E-01
    8    1    .115E+00    .114E+00
    8    2    .621E+00    .609E+00
    8    3    .362E-01    .000E+00
    8    4   -.680E+00   -.712E+00
    8    5   -.230E-01   -.208E-01
    8    6   -.895E-02   -.848E-02
    8    7   -.459E-02   -.457E-02
    8    8   -.273E-02   -.284E-02
    9    1    .174E+00    .170E+00
    9    2    .840E+00    .825E+00
    9    3    .574E-01    .000E+00
    9    4   -.680E-01   -.934E-01
    9    5   -.432E-02   -.351E-02
    9    6   -.148E-02   -.133E-02
    9    7   -.694E-03   -.697E-03
    9    8   -.386E-03   -.430E-03
   10    1    .936E-04    .773E-04
   10    2    .120E-03    .112E-03
   10    3    .710E-04    .582E-04
   10    4   -.415E-03   -.362E-03
   10    5   -.448E+00   -.514E+00
   10    6   -.377E-04   -.405E-04
   10    7   -.694E-05   -.725E-05
   10    8   -.228E-05   -.234E-05
   11    1    .339E-02    .366E-02
   11    2    .243E-01    .243E-01
   11    3    .217E+00    .216E+00
   11    4   -.500E+00    .000E+00
   11    5   -.111E+01   -.111E+01
   11    6   -.256E+00   -.253E+00
   11    7   -.135E+00   -.134E+00
   11    8   -.760E-01   -.757E-01
   12    1    .856E-01    .838E-01
   12    2    .275E+00    .273E+00
   12    3    .117E+01    .115E+01
   12    4    .115E+00    .000E+00
   12    5   -.161E+00   -.168E+00
   12    6   -.203E+00   -.223E+00
   12    7   -.150E-01   -.152E-01
   12    8   -.741E-02   -.734E-02
   13    1    .168E-01    .162E-01
   13    2    .494E-01    .489E-01
   13    3    .192E+00    .189E+00
   13    4    .181E-01    .000E+00
   13    5   -.720E-02   -.801E-02
   13    6   -.335E+00   -.386E+00
   13    7   -.238E-03   -.242E-03
   13    8   -.122E-03   -.116E-03
   14    1    .418E-04    .345E-04
   14    2    .482E-04    .444E-04
   14    3    .591E-04    .531E-04
   14    4    .587E-04    .446E-04
   14    5   -.296E-03   -.267E-03
   14    6   -.255E-05   -.545E-05
   14    7   -.449E+00   -.515E+00
   14    8   -.563E-04   -.612E-04
   15    1    .156E-04    .124E-04
   15    2    .155E-04    .139E-04
   15    3    .205E-04    .177E-04
   15    4    .414E-04    .334E-04
   15    5   -.549E-03    .000E+00
   15    6   -.106E-03   -.117E-03
   15    7   -.133E-03   -.148E-03
   15    8   -.441E+00   -.506E+00
  3  2  0    3  3  1       195
    1    1   -.210E+00   -.265E+00
    1    2   -.146E+02   -.146E+02
    1    3   -.321E-01   -.331E-01
    1    4   -.243E+01   -.241E+01
    1    5   -.978E-02   -.101E-01
    1    6   -.325E-02   -.313E-02
    1    7   -.855E+00   -.850E+00
    1    8   -.410E+00   -.408E+00
    1    9   -.517E-02   -.533E-02
    1   10   -.238E-03   -.263E-03
    1   11   -.236E+00   -.234E+00
    1   12   -.147E+00   -.146E+00
    1   13   -.990E-01   -.984E-01
    2    1   -.706E+00    .000E+00
    2    2   -.239E+00   -.236E+00
    2    3   -.681E+01   -.682E+01
    2    4   -.231E-01   -.225E-01
    2    5   -.164E+01   -.164E+01
    2    6   -.190E-02   -.183E-02
    2    7   -.433E-02   -.415E-02
    2    8   -.454E-02   -.442E-02
    2    9   -.676E+00   -.674E+00
    2   10   -.205E-02   -.198E-02
    2   11   -.515E-03   -.485E-03
    2   12   -.144E-02   -.140E-02
    2   13   -.117E-02   -.115E-02
    3    1    .107E-01    .129E-01
    3    2   -.533E+00    .000E+00
    3    3   -.355E+00   -.410E+00
    3    4   -.126E+02   -.126E+02
    3    5   -.217E-03   -.381E-03
    3    6   -.282E-01   -.283E-01
    3    7   -.276E+01   -.278E+01
    3    8   -.110E+01   -.111E+01
    3    9   -.267E-04   -.715E-05
    3   10   -.928E-04   -.947E-04
    3   11   -.568E+00   -.566E+00
    3   12   -.335E+00   -.332E+00
    3   13   -.217E+00   -.214E+00
    4    1    .301E+00    .316E+00
    4    2    .532E-02    .699E-02
    4    3   -.120E+01    .000E+00
    4    4   -.485E-01   -.510E-01
    4    5   -.663E+01   -.661E+01
    4    6   -.286E-03   -.315E-03
    4    7   -.715E-04   -.128E-03
    4    8   -.128E-02   -.139E-02
    4    9   -.172E+01   -.173E+01
    4   10   -.245E-02   -.254E-02
    4   11   -.482E-03   -.446E-03
    4   12   -.194E-03   -.211E-03
    4   13   -.236E-03   -.250E-03
    5    1    .426E-01    .396E-01
    5    2    .487E+00    .552E+00
    5    3    .128E-02    .000E+00
    5    4   -.102E-01   -.100E-01
    5    5   -.259E-01   -.257E-01
    5    6   -.202E+02   -.202E+02
    5    7   -.841E-01   -.839E-01
    5    8   -.194E-03   -.187E-03
    5    9   -.871E-02   -.861E-02
    5   10   -.274E+01   -.273E+01
    5   11   -.491E-02   -.494E-02
    5   12   -.132E-04   -.107E-04
    5   13   -.333E-04   -.292E-04
    6    1    .827E-03    .119E-02
    6    2    .240E+00    .232E+00
    6    3    .101E-01    .116E-01
    6    4   -.884E+00    .000E+00
    6    5   -.340E+00   -.403E+00
    6    6   -.121E-01   -.108E-01
    6    7   -.118E+02   -.114E+02
    6    8   -.289E+01   -.285E+01
    6    9   -.239E-02   -.285E-02
    6   10   -.381E-03   -.407E-03
    6   11   -.121E+01   -.123E+01
    6   12   -.643E+00   -.669E+00
    6   13   -.389E+00   -.412E+00
    7    1    .585E-01    .626E-01
    7    2    .214E-02    .252E-02
    7    3    .785E+00    .778E+00
    7    4    .335E-01    .350E-01
    7    5   -.165E+01    .000E+00
    7    6   -.916E-05    .000E+00
    7    7   -.164E+00    .000E+00
    7    8   -.885E-01   -.879E-01
    7    9   -.701E+01   -.661E+01
    7   10   -.649E-04   -.182E-04
    7   11   -.705E-01   -.681E-01
    7   12   -.152E-01   -.147E-01
    7   13   -.726E-02   -.693E-02
    8    1    .189E-02    .186E-02
    8    2    .289E-01    .292E-01
    8    3    .150E-02    .169E-02
    8    4    .107E+01    .112E+01
    8    5    .128E-01    .000E+00
    8    6   -.766E-01    .000E+00
    8    7   -.823E+00    .000E+00
    8    8   -.660E+01   -.661E+01
    8    9   -.164E+00   -.206E+00
    8   10   -.645E+01   -.636E+01
    8   11   -.208E+01   -.207E+01
    8   12   -.750E+00   -.744E+00
    8   13   -.402E+00   -.397E+00
    9    1    .517E-02    .447E-02
    9    2    .122E-01    .126E-01
    9    3    .278E-01    .263E-01
    9    4    .290E-02    .907E-02
    9    5    .296E-01    .000E+00
    9    6    .559E-01    .000E+00
    9    7   -.155E+00    .000E+00
    9    8   -.479E+01   -.479E+01
    9    9   -.343E-02   -.102E-01
    9   10   -.113E+02   -.112E+02
    9   11   -.897E+00   -.897E+00
    9   12   -.508E+00   -.504E+00
    9   13   -.279E+00   -.276E+00
   10    1    .150E-03    .232E-03
   10    2    .151E-01    .159E-01
   10    3    .259E-03    .369E-03
   10    4    .112E+00    .103E+00
   10    5    .299E-02    .341E-02
   10    6    .702E-02    .656E-02
   10    7    .108E+01    .101E+01
   10    8   -.146E+01    .000E+00
   10    9   -.589E-01   -.592E-01
   10   10   -.451E-01   -.445E-01
   10   11   -.114E+02   -.113E+02
   10   12   -.300E+01   -.295E+01
   10   13   -.131E+01   -.128E+01
   11    1    .219E-01    .235E-01
   11    2    .294E-03    .386E-03
   11    3    .158E+00    .163E+00
   11    4    .114E-02    .120E-02
   11    5    .135E+01    .136E+01
   11    6    .453E-03    .477E-03
   11    7    .159E-01    .164E-01
   11    8    .367E-01    .373E-01
   11    9   -.207E+01    .000E+00
   11   10   -.527E-02    .000E+00
   11   11   -.149E+00    .000E+00
   11   12   -.149E-01   -.142E-01
   11   13   -.435E-02   -.404E-02
   12    1    .208E-02    .192E-02
   12    2    .198E-02    .203E-02
   12    3    .378E-02    .375E-02
   12    4    .101E-01    .908E-02
   12    5    .102E-01    .983E-02
   12    6    .155E+00    .146E+00
   12    7    .623E+00    .676E+00
   12    8    .289E+00    .283E+00
   12    9    .242E-06    .000E+00
   12   10   -.382E-01    .000E+00
   12   11   -.536E+00    .000E+00
   12   12   -.165E+01   -.163E+01
   12   13   -.438E+00   -.430E+00
   13    1    .464E-03    .348E-03
   13    2    .524E-02    .565E-02
   13    3    .215E-02    .196E-02
   13    4    .311E-01    .276E-01
   13    5    .114E-01    .107E-01
   13    6    .160E-01    .152E-01
   13    7    .212E-01    .104E-01
   13    8    .128E+01    .126E+01
   13    9    .540E-01    .000E+00
   13   10    .647E-01    .000E+00
   13   11   -.931E+00    .000E+00
   13   12   -.999E+01   -.987E+01
   13   13   -.264E+01   -.259E+01
   14    1    .426E-04    .709E-04
   14    2    .412E-02    .443E-02
   14    3    .376E-04    .635E-04
   14    4    .203E-01    .179E-01
   14    5    .107E-03    .149E-03
   14    6    .499E-03    .441E-03
   14    7    .746E-01    .639E-01
   14    8    .318E+00    .312E+00
   14    9    .913E-03    .956E-03
   14   10    .118E-02    .124E-02
   14   11    .214E+01    .217E+01
   14   12   -.198E+01    .000E+00
   14   13   -.119E+02   -.117E+02
   15    1    .602E-04    .884E-04
   15    2    .262E-02    .282E-02
   15    3    .105E-03    .141E-03
   15    4    .118E-01    .103E-01
   15    5    .362E-03    .418E-03
   15    6    .299E-03    .260E-03
   15    7    .375E-01    .318E-01
   15    8    .124E+00    .122E+00
   15    9    .209E-02    .210E-02
   15   10    .108E-03    .123E-03
   15   11    .440E+00    .448E+00
   15   12    .273E+01    .279E+01
   15   13   -.227E+01    .000E+00
  3  2  1    3  3  0        56
    1    1   -.133E+02   -.133E+02
    1    2   -.203E+01   -.202E+01
    1    3   -.691E+00   -.685E+00
    1    4   -.325E+00   -.322E+00
    1    5   -.182E+00   -.180E+00
    1    6   -.113E+00   -.112E+00
    1    7   -.758E-01   -.750E-01
    2    1   -.103E+00    .000E+00
    2    2   -.117E+02   -.117E+02
    2    3   -.246E+01   -.248E+01
    2    4   -.959E+00   -.961E+00
    2    5   -.486E+00   -.484E+00
    2    6   -.286E+00   -.283E+00
    2    7   -.184E+00   -.182E+00
    3    1    .177E+00    .171E+00
    3    2   -.208E+00    .000E+00
    3    3   -.110E+02   -.106E+02
    3    4   -.260E+01   -.257E+01
    3    5   -.107E+01   -.109E+01
    3    6   -.565E+00   -.588E+00
    3    7   -.340E+00   -.361E+00
    4    1    .314E-01    .323E-01
    4    2    .464E+00    .455E+00
    4    3   -.313E+00    .000E+00
    4    4   -.108E+02   -.108E+02
    4    5   -.268E+01   -.267E+01
    4    6   -.114E+01   -.113E+01
    4    7   -.613E+00   -.606E+00
    5    1    .112E-01    .120E-01
    5    2    .881E-01    .812E-01
    5    3    .823E+00    .764E+00
    5    4   -.402E+00    .000E+00
    5    5   -.109E+02   -.108E+02
    5    6   -.276E+01   -.272E+01
    5    7   -.119E+01   -.117E+01
    6    1    .539E-02    .586E-02
    6    2    .324E-01    .288E-01
    6    3    .162E+00    .143E+00
    6    4    .123E+01    .121E+01
    6    5   -.488E+00    .000E+00
    6    6   -.111E+02   -.109E+02
    6    7   -.284E+01   -.279E+01
    7    1    .307E-02    .335E-02
    7    2    .159E-01    .139E-01
    7    3    .609E-01    .520E-01
    7    4    .249E+00    .244E+00
    7    5    .167E+01    .170E+01
    7    6   -.572E+00    .000E+00
    7    7   -.113E+02   -.112E+02
    8    1    .194E-02    .212E-02
    8    2    .913E-02    .791E-02
    8    3    .302E-01    .254E-01
    8    4    .950E-01    .926E-01
    8    5    .346E+00    .353E+00
    8    6    .214E+01    .219E+01
    8    7   -.655E+00    .000E+00
  3  3  0    3  3  1        91
    1    1    .180E+01    .178E+01
    1    2    .585E+00    .678E+00
    1    3    .548E-01    .000E+00
    1    4   -.843E-04   -.635E-04
    1    5   -.125E-01   -.123E-01
    1    6   -.180E+01   -.178E+01
    1    7   -.667E-02   -.667E-02
    1    8   -.172E-07   -.200E-06
    1    9   -.135E-02   -.143E-02
    1   10   -.262E+00   -.257E+00
    1   11   -.477E-03   -.457E-03
    1   12   -.233E-06   -.981E-07
    1   13   -.144E-06   -.248E-06
    2    1    .311E+00    .306E+00
    2    2    .112E-02    .105E-02
    2    3    .145E+01    .144E+01
    2    4    .591E+00    .683E+00
    2    5    .918E-01    .000E+00
    2    6   -.283E-01    .000E+00
    2    7   -.360E-03    .000E+00
    2    8   -.113E-06   -.125E-05
    2    9   -.316E-01   -.242E-01
    2   10   -.156E+01   -.153E+01
    2   11   -.239E-02   -.237E-02
    2   12   -.569E-08   -.136E-06
    2   13   -.218E-05   -.311E-05
    3    1    .113E+00    .111E+00
    3    2    .380E-03    .353E-03
    3    3    .325E+00    .325E+00
    3    4    .357E-03    .339E-03
    3    5    .135E+01    .134E+01
    3    6    .472E-01    .466E-01
    3    7    .554E+00    .643E+00
    3    8    .542E-04    .416E-04
    3    9    .125E+00    .000E+00
    3   10   -.518E-01    .000E+00
    3   11   -.268E-05    .000E+00
    3   12   -.114E-05   -.160E-06
    3   13   -.230E-05   -.355E-05
    4    1    .558E-01    .549E-01
    4    2    .179E-03    .165E-03
    4    3    .130E+00    .130E+00
    4    4    .163E-03    .153E-03
    4    5    .326E+00    .320E+00
    4    6    .503E-02    .446E-02
    4    7    .609E-03    .579E-03
    4    8    .621E+00    .714E+00
    4    9    .124E+01    .119E+01
    4   10    .798E-01    .764E-01
    4   11    .839E-03    .782E-03
    4   12    .359E-04    .292E-04
    4   13    .258E-04    .000E+00
    5    1    .323E-01    .317E-01
    5    2    .101E-03    .920E-04
    5    3    .672E-01    .671E-01
    5    4    .900E-04    .841E-04
    5    5    .138E+00    .135E+00
    5    6    .176E-02    .153E-02
    5    7    .250E-03    .235E-03
    5    8    .166E-04    .159E-04
    5    9    .354E+00    .343E+00
    5   10    .780E-02    .673E-02
    5   11    .597E+00    .688E+00
    5   12    .181E-07    .340E-06
    5   13    .788E-05    .963E-05
    6    1    .206E-01    .202E-01
    6    2    .630E-04    .573E-04
    6    3    .399E-01    .398E-01
    6    4    .556E-04    .518E-04
    6    5    .735E-01    .719E-01
    6    6    .836E-03    .733E-03
    6    7    .134E-03    .126E-03
    6    8    .648E-05    .587E-05
    6    9    .141E+00    .136E+00
    6   10    .555E-02    .519E-02
    6   11    .192E-03    .186E-03
    6   12    .623E+00    .715E+00
    6   13    .103E-04    .125E-04
    7    1    .141E-01    .138E-01
    7    2    .424E-04    .384E-04
    7    3    .259E-01    .258E-01
    7    4    .370E-04    .344E-04
    7    5    .447E-01    .438E-01
    7    6    .471E-03    .418E-03
    7    7    .826E-04    .776E-04
    7    8    .378E-05    .334E-05
    7    9    .765E-01    .737E-01
    7   10    .277E-02    .259E-02
    7   11    .958E-04    .921E-04
    7   12    .122E-04    .123E-04
    7   13    .626E+00    .719E+00
  3  3  1    3  4  0       130
    1    1   -.183E+02   -.183E+02
    1    2   -.152E-01   -.150E-01
    1    3   -.251E+01   -.249E+01
    1    4   -.561E+00   -.558E+00
    1    5   -.658E-04   -.566E-04
    1    6   -.981E+00   -.975E+00
    1    7   -.657E-03   -.658E-03
    1    8   -.108E+00   -.107E+00
    1    9   -.141E-03   -.131E-03
    1   10   -.139E-03   -.147E-03
    2    1   -.377E+00   -.458E+00
    2    2   -.285E+02   -.286E+02
    2    3   -.620E+00   -.623E+00
    2    4   -.329E+01   -.330E+01
    2    5   -.126E+01   -.126E+01
    2    6   -.292E-01   -.291E-01
    2    7   -.102E-02   -.102E-02
    2    8   -.547E+00   -.543E+00
    2    9   -.316E+00   -.313E+00
    2   10   -.194E+00   -.192E+00
    3    1   -.843E+00    .000E+00
    3    2   -.335E-01   -.327E-01
    3    3   -.132E+02   -.133E+02
    3    4   -.245E+01   -.247E+01
    3    5   -.167E-02   -.161E-02
    3    6   -.319E+01   -.322E+01
    3    7   -.143E-02   -.145E-02
    3    8   -.306E+00   -.310E+00
    3    9   -.130E-04   -.897E-05
    3   10   -.141E-02   -.138E-02
    4    1    .951E-02    .932E-02
    4    2   -.180E+00    .000E+00
    4    3   -.188E+01   -.170E+01
    4    4   -.234E+02   -.235E+02
    4    5   -.490E+01   -.501E+01
    4    6   -.121E+00   -.129E+00
    4    7   -.697E-02   -.721E-02
    4    8   -.169E+01   -.177E+01
    4    9   -.895E+00   -.951E+00
    4   10   -.514E+00   -.550E+00
    5    1    .332E+00    .317E+00
    5    2    .651E-02    .666E-02
    5    3   -.924E+00    .000E+00
    5    4   -.458E+00    .000E+00
    5    5   -.767E-01   -.756E-01
    5    6   -.135E+02   -.130E+02
    5    7   -.189E-01   -.194E-01
    5    8   -.111E+01   -.106E+01
    5    9   -.177E-02   -.182E-02
    5   10   -.765E-02   -.764E-02
    6    1    .120E-01    .110E-01
    6    2    .646E+00    .738E+00
    6    3    .179E-02    .000E+00
    6    4   -.493E-02    .000E+00
    6    5   -.811E-01   -.805E-01
    6    6   -.771E-02   -.874E-02
    6    7   -.352E+02   -.352E+02
    6    8   -.849E-02   -.847E-02
    6    9   -.465E-02   -.448E-02
    6   10   -.189E-02   -.179E-02
    7    1    .723E-03    .760E-03
    7    2    .176E+00    .157E+00
    7    3    .335E+00    .000E+00
    7    4   -.561E+00    .000E+00
    7    5   -.226E+02   -.224E+02
    7    6   -.586E-01   -.957E-01
    7    7   -.742E-01   -.758E-01
    7    8   -.610E+01   -.608E+01
    7    9   -.210E+01   -.203E+01
    7   10   -.107E+01   -.103E+01
    8    1    .111E-03    .124E-03
    8    2    .345E-01    .285E-01
    8    3    .579E-01    .538E-01
    8    4    .521E+00    .490E+00
    8    5   -.440E+00    .000E+00
    8    6   -.255E+01   -.250E+01
    8    7   -.462E-01   -.454E-01
    8    8   -.195E+02   -.191E+02
    8    9   -.525E+01   -.509E+01
    8   10   -.213E+01   -.205E+01
    9    1    .577E-01    .578E-01
    9    2    .316E-03    .310E-03
    9    3    .631E+00    .614E+00
    9    4    .217E+00    .216E+00
    9    5    .216E-02    .203E-02
    9    6   -.168E+01    .000E+00
    9    7   -.640E-03    .000E+00
    9    8   -.245E+00    .000E+00
    9    9   -.738E-01   -.723E-01
    9   10   -.586E-01   -.578E-01
   10    1    .129E-02    .115E-02
   10    2    .707E-07    .984E-07
   10    3    .567E-01    .696E-01
   10    4    .531E+00    .607E+00
   10    5    .478E-02    .494E-02
   10    6    .384E-04    .000E+00
   10    7    .494E-01    .000E+00
   10    8   -.167E-01    .000E+00
   10    9   -.385E-01   -.377E-01
   10   10   -.142E-01   -.138E-01
   11    1    .296E-03    .310E-03
   11    2    .117E-01    .930E-02
   11    3    .722E-02    .662E-02
   11    4    .121E+00    .114E+00
   11    5    .103E+01    .108E+01
   11    6    .468E+00    .000E+00
   11    7    .114E-01    .000E+00
   11    8   -.103E+01    .000E+00
   11    9   -.217E+02   -.213E+02
   11   10   -.535E+01   -.521E+01
   12    1    .321E-04    .360E-04
   12    2    .531E-02    .421E-02
   12    3    .352E-02    .313E-02
   12    4    .314E-01    .285E-01
   12    5    .187E+00    .198E+00
   12    6    .745E-01    .799E-01
   12    7    .129E-02    .139E-02
   12    8    .151E+01    .159E+01
   12    9   -.704E+00    .000E+00
   12   10   -.218E+02   -.215E+02
   13    1    .127E-04    .146E-04
   13    2    .291E-02    .234E-02
   13    3    .183E-02    .164E-02
   13    4    .144E-01    .131E-01
   13    5    .655E-01    .698E-01
   13    6    .167E-01    .181E-01
   13    7    .228E-03    .251E-03
   13    8    .281E+00    .299E+00
   13    9    .216E+01    .224E+01
   13   10   -.733E+00    .000E+00
  0  0  0    0  0  0         0
