   16    2    F
  1  0  0    1  1  1        90
    1    1   -.765E+00   -.764E+00
    1    2   -.153E+00   -.153E+00
    1    3   -.569E-01   -.570E-01
    1    4   -.275E-01   -.276E-01
    1    5   -.154E-01   -.155E-01
    1    6   -.954E-02   -.958E-02
    1    7   -.632E-02   -.634E-02
    1    8   -.440E-02   -.442E-02
    1    9   -.319E-02   -.320E-02
    2    1   -.324E-01    .000E+00
    2    2   -.405E+00   -.405E+00
    2    3   -.985E-01   -.985E-01
    2    4   -.405E-01   -.406E-01
    2    5   -.210E-01   -.210E-01
    2    6   -.124E-01   -.124E-01
    2    7   -.797E-02   -.798E-02
    2    8   -.544E-02   -.545E-02
    2    9   -.389E-02   -.390E-02
    3    1    .483E-01    .483E-01
    3    2   -.564E-01    .000E+00
    3    3   -.447E+00   -.448E+00
    3    4   -.115E+00   -.116E+00
    3    5   -.492E-01   -.500E-01
    3    6   -.263E-01   -.267E-01
    3    7   -.160E-01   -.162E-01
    3    8   -.105E-01   -.107E-01
    3    9   -.732E-02   -.741E-02
    4    1    .107E-01    .107E-01
    4    2    .112E+00    .109E+00
    4    3   -.790E-01    .000E+00
    4    4   -.498E+00    .000E+00
    4    5   -.130E+00   -.123E+00
    4    6   -.568E-01   -.538E-01
    4    7   -.309E-01   -.294E-01
    4    8   -.190E-01   -.181E-01
    4    9   -.127E-01   -.121E-01
    5    1    .424E-02    .423E-02
    5    2    .252E-01    .249E-01
    5    3    .181E+00    .000E+00
    5    4   -.999E-01    .000E+00
    5    5   -.554E+00    .000E+00
    5    6   -.145E+00    .000E+00
    5    7   -.639E-01    .000E+00
    5    8   -.351E-01    .000E+00
    5    9   -.218E-01   -.215E-01
    6    1    .216E-02    .215E-02
    6    2    .102E-01    .102E-01
    6    3    .413E-01    .412E-01
    6    4    .253E+00    .000E+00
    6    5   -.121E+00    .000E+00
    6    6   -.613E+00    .000E+00
    6    7   -.161E+00    .000E+00
    6    8   -.708E-01    .000E+00
    6    9   -.390E-01    .000E+00
    7    1    .126E-02    .126E-02
    7    2    .530E-02    .533E-02
    7    3    .170E-01    .168E-01
    7    4    .582E-01    .000E+00
    7    5    .328E+00    .000E+00
    7    6   -.142E+00    .000E+00
    7    7   -.672E+00    .000E+00
    7    8   -.176E+00    .000E+00
    7    9   -.775E-01    .000E+00
    8    1    .804E-03    .801E-03
    8    2    .316E-02    .318E-02
    8    3    .890E-02    .883E-02
    8    4    .240E-01    .000E+00
    8    5    .755E-01    .000E+00
    8    6    .403E+00    .000E+00
    8    7   -.163E+00    .000E+00
    8    8   -.733E+00    .000E+00
    8    9   -.191E+00    .000E+00
    9    1    .547E-03    .545E-03
    9    2    .205E-02    .207E-02
    9    3    .535E-02    .530E-02
    9    4    .127E-01    .000E+00
    9    5    .312E-01    .000E+00
    9    6    .930E-01    .000E+00
    9    7    .479E+00    .000E+00
    9    8   -.183E+00    .000E+00
    9    9   -.794E+00    .000E+00
   10    1    .389E-03    .388E-03
   10    2    .142E-02    .143E-02
   10    3    .351E-02    .347E-02
   10    4    .768E-02    .742E-02
   10    5    .166E-01    .000E+00
   10    6    .386E-01    .000E+00
   10    7    .111E+00    .000E+00
   10    8    .555E+00    .000E+00
   10    9   -.204E+00    .000E+00
  1  2  0    1  1  1        72
    1    1    .210E+01    .210E+01
    1    2   -.181E-01    .000E+00
    1    3   -.526E-01   -.528E-01
    1    4   -.106E-01   -.109E-01
    1    5   -.406E-02   -.419E-02
    1    6   -.203E-02   -.210E-02
    1    7   -.118E-02   -.122E-02
    1    8   -.754E-03   -.776E-03
    1    9   -.515E-03   -.529E-03
    2    1    .362E+00    .362E+00
    2    2    .188E+01    .187E+01
    2    3   -.298E-01    .000E+00
    2    4   -.134E+00    .000E+00
    2    5   -.283E-01   -.244E-01
    2    6   -.110E-01   -.939E-02
    2    7   -.560E-02   -.478E-02
    2    8   -.330E-02   -.283E-02
    2    9   -.213E-02   -.184E-02
    3    1    .131E+00    .131E+00
    3    2    .419E+00    .420E+00
    3    3    .185E+01    .000E+00
    3    4   -.401E-01    .000E+00
    3    5   -.232E+00    .000E+00
    3    6   -.502E-01    .000E+00
    3    7   -.199E-01    .000E+00
    3    8   -.102E-01    .000E+00
    3    9   -.605E-02   -.616E-02
    4    1    .637E-01    .637E-01
    4    2    .168E+00    .169E+00
    4    3    .448E+00    .447E+00
    4    4    .190E+01    .000E+00
    4    5   -.492E-01    .000E+00
    4    6   -.340E+00    .000E+00
    4    7   -.749E-01    .000E+00
    4    8   -.299E-01    .000E+00
    4    9   -.155E-01    .000E+00
    5    1    .363E-01    .363E-01
    5    2    .868E-01    .875E-01
    5    3    .188E+00    .187E+00
    5    4    .475E+00    .000E+00
    5    5    .199E+01    .000E+00
    5    6   -.582E-01    .000E+00
    5    7   -.455E+00    .000E+00
    5    8   -.101E+00    .000E+00
    5    9   -.408E-01    .000E+00
    6    1    .228E-01    .228E-01
    6    2    .515E-01    .519E-01
    6    3    .100E+00    .995E-01
    6    4    .204E+00    .000E+00
    6    5    .502E+00    .000E+00
    6    6    .209E+01    .000E+00
    6    7   -.672E-01    .000E+00
    6    8   -.575E+00    .000E+00
    6    9   -.129E+00    .000E+00
    7    1    .153E-01    .153E-01
    7    2    .333E-01    .336E-01
    7    3    .607E-01    .603E-01
    7    4    .110E+00    .000E+00
    7    5    .218E+00    .000E+00
    7    6    .531E+00    .000E+00
    7    7    .220E+01    .000E+00
    7    8   -.762E-01    .000E+00
    7    9   -.698E+00    .000E+00
    8    1    .108E-01    .108E-01
    8    2    .230E-01    .232E-01
    8    3    .400E-01    .398E-01
    8    4    .677E-01    .659E-01
    8    5    .119E+00    .000E+00
    8    6    .232E+00    .000E+00
    8    7    .560E+00    .000E+00
    8    8    .232E+01    .000E+00
    8    9   -.852E-01    .000E+00
  3  0  0    3  1  1        81
    1    1   -.135E+00    .000E+00
    1    2   -.118E+01   -.118E+01
    1    3   -.289E+00   -.289E+00
    1    4   -.119E+00   -.119E+00
    1    5   -.620E-01   -.620E-01
    1    6   -.366E-01   -.366E-01
    1    7   -.236E-01   -.236E-01
    1    8   -.161E-01   -.161E-01
    1    9   -.115E-01   -.115E-01
    2    1    .147E+00    .148E+00
    2    2   -.226E+00    .000E+00
    2    3   -.130E+01   -.130E+01
    2    4   -.337E+00   -.340E+00
    2    5   -.145E+00   -.147E+00
    2    6   -.776E-01   -.786E-01
    2    7   -.471E-01   -.477E-01
    2    8   -.310E-01   -.313E-01
    2    9   -.216E-01   -.218E-01
    3    1    .321E-01    .322E-01
    3    2    .345E+00    .338E+00
    3    3   -.312E+00    .000E+00
    3    4   -.145E+01    .000E+00
    3    5   -.382E+00   -.362E+00
    3    6   -.167E+00   -.158E+00
    3    7   -.910E-01   -.865E-01
    3    8   -.561E-01   -.534E-01
    3    9   -.374E-01   -.357E-01
    4    1    .127E-01    .127E-01
    4    2    .771E-01    .767E-01
    4    3    .561E+00    .000E+00
    4    4   -.394E+00    .000E+00
    4    5   -.161E+01    .000E+00
    4    6   -.426E+00    .000E+00
    4    7   -.188E+00    .000E+00
    4    8   -.103E+00    .000E+00
    4    9   -.641E-01   -.636E-01
    5    1    .642E-02    .643E-02
    5    2    .312E-01    .313E-01
    5    3    .127E+00    .127E+00
    5    4    .785E+00    .000E+00
    5    5   -.475E+00    .000E+00
    5    6   -.178E+01    .000E+00
    5    7   -.470E+00    .000E+00
    5    8   -.208E+00    .000E+00
    5    9   -.115E+00    .000E+00
    6    1    .375E-02    .375E-02
    6    2    .162E-01    .163E-01
    6    3    .519E-01    .517E-01
    6    4    .179E+00    .000E+00
    6    5    .102E+01    .000E+00
    6    6   -.557E+00    .000E+00
    6    7   -.195E+01    .000E+00
    6    8   -.515E+00    .000E+00
    6    9   -.228E+00    .000E+00
    7    1    .239E-02    .239E-02
    7    2    .961E-02    .974E-02
    7    3    .272E-01    .270E-01
    7    4    .736E-01    .000E+00
    7    5    .232E+00    .000E+00
    7    6    .125E+01    .000E+00
    7    7   -.639E+00    .000E+00
    7    8   -.213E+01    .000E+00
    7    9   -.559E+00    .000E+00
    8    1    .162E-02    .163E-02
    8    2    .624E-02    .634E-02
    8    3    .164E-01    .162E-01
    8    4    .388E-01    .000E+00
    8    5    .958E-01    .000E+00
    8    6    .286E+00    .000E+00
    8    7    .148E+01    .000E+00
    8    8   -.721E+00    .000E+00
    8    9   -.230E+01    .000E+00
    9    1    .115E-02    .116E-02
    9    2    .431E-02    .438E-02
    9    3    .107E-01    .106E-01
    9    4    .235E-01    .227E-01
    9    5    .507E-01    .000E+00
    9    6    .118E+00    .000E+00
    9    7    .340E+00    .000E+00
    9    8    .172E+01    .000E+00
    9    9   -.802E+00    .000E+00
  3  2  0    3  1  1        72
    1    1    .613E+01    .613E+01
    1    2    .164E+00    .000E+00
    1    3   -.188E+00   -.189E+00
    1    4   -.374E-01   -.383E-01
    1    5   -.142E-01   -.146E-01
    1    6   -.709E-02   -.730E-02
    1    7   -.412E-02   -.423E-02
    1    8   -.263E-02   -.270E-02
    1    9   -.179E-02   -.184E-02
    2    1    .110E+01    .110E+01
    2    2    .535E+01    .531E+01
    2    3    .291E+00    .000E+00
    2    4   -.469E+00    .000E+00
    2    5   -.971E-01   -.847E-01
    2    6   -.377E-01   -.326E-01
    2    7   -.191E-01   -.166E-01
    2    8   -.113E-01   -.981E-02
    2    9   -.726E-02   -.637E-02
    3    1    .405E+00    .405E+00
    3    2    .123E+01    .124E+01
    3    3    .522E+01    .000E+00
    3    4    .398E+00    .000E+00
    3    5   -.803E+00    .000E+00
    3    6   -.170E+00    .000E+00
    3    7   -.671E-01    .000E+00
    3    8   -.344E-01    .000E+00
    3    9   -.204E-01   -.207E-01
    4    1    .198E+00    .198E+00
    4    2    .502E+00    .506E+00
    4    3    .130E+01    .130E+01
    4    4    .532E+01    .000E+00
    4    5    .497E+00    .000E+00
    4    6   -.117E+01    .000E+00
    4    7   -.252E+00    .000E+00
    4    8   -.100E+00    .000E+00
    4    9   -.517E-01    .000E+00
    5    1    .113E+00    .113E+00
    5    2    .261E+00    .263E+00
    5    3    .554E+00    .551E+00
    5    4    .137E+01    .000E+00
    5    5    .553E+01    .000E+00
    5    6    .600E+00    .000E+00
    5    7   -.156E+01    .000E+00
    5    8   -.340E+00    .000E+00
    5    9   -.136E+00    .000E+00
    6    1    .714E-01    .715E-01
    6    2    .155E+00    .156E+00
    6    3    .297E+00    .295E+00
    6    4    .595E+00    .000E+00
    6    5    .144E+01    .000E+00
    6    6    .579E+01    .000E+00
    6    7    .682E+00    .000E+00
    6    8   -.196E+01    .000E+00
    6    9   -.431E+00    .000E+00
    7    1    .481E-01    .481E-01
    7    2    .101E+00    .102E+00
    7    3    .180E+00    .179E+00
    7    4    .324E+00    .000E+00
    7    5    .632E+00    .000E+00
    7    6    .152E+01    .000E+00
    7    7    .609E+01    .000E+00
    7    8    .794E+00    .000E+00
    7    9   -.237E+01    .000E+00
    8    1    .341E-01    .341E-01
    8    2    .695E-01    .702E-01
    8    3    .119E+00    .118E+00
    8    4    .200E+00    .194E+00
    8    5    .347E+00    .000E+00
    8    6    .669E+00    .000E+00
    8    7    .159E+01    .000E+00
    8    8    .640E+01    .000E+00
    8    9    .888E+00    .000E+00
  0  0  0    0  0  0         0
