   18   12    F
  1  0  0    1  1  1       168
    1    1   -.124E+01   -.128E+01
    1    2   -.625E-02   -.677E-02
    1    3   -.179E+00   -.172E+00
    1    4   -.520E-03   -.575E-03
    1    5   -.652E-01   -.650E-01
    1    6   -.422E-03   -.422E-03
    1    7   -.316E-01   -.317E-01
    1    8   -.726E-03   -.829E-03
    1    9   -.170E-01   -.169E-01
    1   10   -.332E-05   -.113E-05
    1   11   -.121E-01   -.121E-01
    1   12   -.298E-02   -.301E-02
    1   13   -.434E-02   -.433E-02
    1   14   -.538E-02   -.539E-02
    2    1    .483E+00    .508E+00
    2    2   -.125E+01   -.137E+01
    2    3   -.426E-01   -.447E-01
    2    4   -.118E+00   -.123E+00
    2    5   -.109E-02   -.965E-03
    2    6   -.162E+00   -.151E+00
    2    7   -.740E-04   -.548E-04
    2    8   -.248E-01   -.252E-01
    2    9   -.692E-03   -.709E-03
    2   10   -.377E-01   -.360E-01
    2   11   -.317E-02   -.298E-02
    2   12   -.258E-01   -.240E-01
    2   13   -.980E-02   -.907E-02
    2   14   -.255E-04   -.199E-04
    3    1    .211E+00    .214E+00
    3    2    .276E-02    .000E+00
    3    3   -.570E+00   -.584E+00
    3    4   -.981E+00   -.101E+01
    3    5   -.461E-01   -.450E-01
    3    6   -.130E-03   -.287E-03
    3    7   -.288E-01   -.282E-01
    3    8   -.305E-02   -.341E-02
    3    9   -.121E-01   -.118E-01
    3   10   -.620E-05   -.154E-05
    3   11   -.865E-02   -.850E-02
    3   12   -.962E-03   -.109E-02
    3   13   -.452E-02   -.423E-02
    3   14   -.422E-02   -.411E-02
    4    1    .918E-04    .880E-05
    4    2    .100E+01    .104E+01
    4    3    .347E-01    .343E-01
    4    4    .836E-01    .817E-01
    4    5   -.133E+00   -.136E+00
    4    6   -.161E+00   -.183E+00
    4    7   -.175E-01   -.181E-01
    4    8   -.231E+00   -.234E+00
    4    9   -.613E-02   -.634E-02
    4   10   -.416E+00   -.453E+00
    4   11   -.590E-02   -.617E-02
    4   12   -.926E-01   -.109E+00
    4   13   -.521E-01   -.609E-01
    4   14   -.323E-02   -.365E-02
    5    1    .202E-01    .197E-01
    5    2    .494E-01    .493E-01
    5    3    .482E+00    .483E+00
    5    4    .107E+00    .110E+00
    5    5   -.913E+00   -.884E+00
    5    6   -.222E-02   -.294E-02
    5    7   -.150E+00   -.154E+00
    5    8   -.657E+00   -.656E+00
    5    9   -.801E-03   -.108E-02
    5   10   -.912E-02   -.107E-01
    5   11   -.904E-02   -.946E-02
    5   12   -.259E-01   -.277E-01
    5   13   -.141E-03   -.175E-03
    5   14   -.352E-02   -.366E-02
    6    1    .396E-01    .383E-01
    6    2    .751E-04    .467E-03
    6    3    .109E-01    .121E-01
    6    4    .263E+00    .278E+00
    6    5    .491E-02    .000E+00
    6    6   -.568E+00   -.606E+00
    6    7   -.176E-01   -.179E-01
    6    8   -.143E-01   -.138E-01
    6    9   -.118E-01   -.122E-01
    6   10   -.390E+00   -.402E+00
    6   11   -.195E-02   -.183E-02
    6   12   -.290E-01   -.344E-01
    6   13   -.899E-02   -.109E-01
    6   14   -.183E-03   -.219E-03
    7    1    .150E-01    .148E-01
    7    2    .771E-03    .722E-03
    7    3    .699E-01    .684E-01
    7    4    .178E-02    .197E-02
    7    5    .666E+00    .650E+00
    7    6    .272E-01    .289E-01
    7    7   -.131E+01   -.132E+01
    7    8   -.741E-01   -.736E-01
    7    9   -.972E-01   -.906E-01
    7   10   -.140E-01   -.147E-01
    7   11   -.454E-01   -.452E-01
    7   12   -.200E-02   -.273E-02
    7   13   -.396E-01   -.396E-01
    7   14   -.411E-01   -.433E-01
    8    1    .502E-02    .500E-02
    8    2    .114E-02    .115E-02
    8    3    .280E-01    .278E-01
    8    4    .183E-02    .189E-02
    8    5    .153E+00    .151E+00
    8    6    .422E-02    .371E-02
    8    7    .809E+00    .787E+00
    8    8    .127E+00    .130E+00
    8    9   -.170E+01   -.160E+01
    8   10   -.322E-01   -.333E-01
    8   11   -.836E-01   -.876E-01
    8   12   -.105E-01   -.104E-01
    8   13   -.338E-01   -.342E-01
    8   14   -.288E-01   -.282E-01
    9    1    .992E-02    .933E-02
    9    2    .969E-02    .106E-01
    9    3    .401E-03    .424E-03
    9    4    .167E-01    .160E-01
    9    5    .193E+00    .192E+00
    9    6    .312E+00    .308E+00
    9    7    .163E-01    .165E-01
    9    8    .323E+00    .316E+00
    9    9    .227E+00    .221E+00
    9   10   -.125E+00   -.120E+00
    9   11   -.371E+00   -.368E+00
    9   12   -.603E+00   -.611E+00
    9   13   -.201E+00   -.205E+00
    9   14   -.925E-02   -.926E-02
   10    1    .723E-02    .705E-02
   10    2    .132E-04    .230E-04
   10    3    .135E-01    .133E-01
   10    4    .444E-04    .245E-04
   10    5    .121E-01    .120E-01
   10    6    .143E-01    .147E-01
   10    7    .174E+00    .169E+00
   10    8    .324E-01    .314E-01
   10    9    .914E+00    .881E+00
   10   10   -.493E-01    .000E+00
   10   11   -.148E+01    .000E+00
   10   12   -.414E+00   -.413E+00
   10   13   -.129E-02   -.125E-02
   10   14   -.377E-01   -.364E-01
   11    1    .312E-02    .306E-02
   11    2    .954E-04    .869E-04
   11    3    .869E-02    .853E-02
   11    4    .127E-03    .155E-03
   11    5    .147E-01    .146E-01
   11    6    .811E-03    .900E-03
   11    7    .664E-01    .645E-01
   11    8    .561E-02    .546E-02
   11    9    .173E+00    .166E+00
   11   10    .161E-01    .154E-01
   11   11    .115E+01    .114E+01
   11   12   -.471E-01    .000E+00
   11   13   -.204E+01    .000E+00
   11   14   -.109E+00   -.106E+00
   12    1    .186E-02    .183E-02
   12    2    .118E-03    .112E-03
   12    3    .574E-02    .561E-02
   12    4    .174E-03    .200E-03
   12    5    .974E-02    .967E-02
   12    6    .111E-03    .137E-03
   12    7    .355E-01    .347E-01
   12    8    .257E-02    .252E-02
   12    9    .662E-01    .640E-01
   12   10    .155E-02    .143E-02
   12   11    .208E+00    .206E+00
   12   12    .200E+00    .200E+00
   12   13    .133E+01    .133E+01
   12   14   -.243E+01    .000E+00
  1  1  1    1  1  0       112
    1    1   -.137E+00   -.133E+00
    1    2   -.423E-01   -.432E-01
    1    3   -.370E-02   -.373E-02
    1    4   -.169E-01   -.173E-01
    1    5   -.108E-01   -.111E-01
    1    6   -.678E-02   -.694E-02
    1    7   -.455E-02   -.465E-02
    1    8   -.323E-02   -.330E-02
    2    1   -.164E+00   -.174E+00
    2    2   -.969E-02   -.107E-01
    2    3   -.149E+00   -.139E+00
    2    4   -.949E-03   -.609E-03
    2    5   -.887E-03   -.104E-02
    2    6   -.671E-03   -.769E-03
    2    7   -.540E-03   -.611E-03
    2    8   -.516E-03   -.574E-03
    3    1   -.857E+00   -.878E+00
    3    2   -.127E-02   -.113E-02
    3    3   -.243E-02   -.205E-02
    3    4   -.215E-03   -.206E-03
    3    5   -.337E-03   -.305E-03
    3    6   -.227E-03   -.207E-03
    3    7   -.162E-03   -.149E-03
    3    8   -.125E-03   -.116E-03
    4    1   -.519E+00   -.538E+00
    4    2   -.793E-01   -.786E-01
    4    3   -.297E-02   -.340E-02
    4    4   -.342E-01   -.336E-01
    4    5   -.185E-01   -.185E-01
    4    6   -.108E-01   -.108E-01
    4    7   -.694E-02   -.692E-02
    4    8   -.474E-02   -.471E-02
    5    1    .331E-01    .339E-01
    5    2   -.898E+00   -.902E+00
    5    3   -.816E-02   -.897E-02
    5    4   -.847E-03   -.879E-03
    5    5   -.871E-03   -.957E-03
    5    6   -.474E-03   -.523E-03
    5    7   -.291E-03   -.320E-03
    5    8   -.196E-03   -.215E-03
    6    1    .724E+00    .757E+00
    6    2   -.113E+00   -.113E+00
    6    3   -.109E+01   -.115E+01
    6    4   -.466E-04   -.191E-03
    6    5   -.704E-02   -.721E-02
    6    6   -.344E-02   -.356E-02
    6    7   -.197E-02   -.203E-02
    6    8   -.124E-02   -.127E-02
    7    1    .687E-03    .547E-03
    7    2   -.263E-01   -.268E-01
    7    3   -.236E-02   -.216E-02
    7    4   -.604E+00   -.606E+00
    7    5   -.330E-03   -.306E-03
    7    6   -.123E-03   -.113E-03
    7    7   -.683E-04   -.627E-04
    7    8   -.414E-04   -.379E-04
    8    1    .533E+00    .526E+00
    8    2   -.927E+00   -.882E+00
    8    3   -.145E-03   -.142E-03
    8    4   -.210E+00   -.217E+00
    8    5   -.293E-02   -.353E-02
    8    6   -.122E-01   -.131E-01
    8    7   -.859E-02   -.909E-02
    8    8   -.599E-02   -.632E-02
    9    1    .342E-01    .344E-01
    9    2   -.781E-02    .000E+00
    9    3   -.271E-02   -.281E-02
    9    4   -.353E-01   -.367E-01
    9    5   -.689E+00   -.693E+00
    9    6   -.401E-03   -.472E-03
    9    7   -.504E-03   -.560E-03
    9    8   -.406E-03   -.444E-03
   10    1    .819E-01    .925E-01
   10    2    .359E+00    .364E+00
   10    3   -.673E+00   -.710E+00
   10    4   -.621E-01   -.619E-01
   10    5   -.229E-01   -.238E-01
   10    6   -.219E-02   -.203E-02
   10    7   -.360E-02   -.373E-02
   10    8   -.261E-02   -.269E-02
   11    1    .144E-02    .131E-02
   11    2    .689E-01    .717E-01
   11    3   -.746E-02   -.792E-02
   11    4   -.384E-01   -.397E-01
   11    5   -.777E-02   -.824E-02
   11    6   -.642E+00   -.645E+00
   11    7   -.479E-03   -.527E-03
   11    8   -.489E-03   -.525E-03
   12    1    .106E+00    .110E+00
   12    2    .299E+00    .306E+00
   12    3   -.109E+00   -.117E+00
   12    4   -.118E+00   -.124E+00
   12    5   -.556E-02   -.633E-02
   12    6   -.206E-04   -.215E-05
   12    7   -.244E+00   -.246E+00
   12    8   -.117E-01   -.121E-01
   13    1    .425E-01    .443E-01
   13    2    .715E-01    .725E-01
   13    3   -.525E-01   -.563E-01
   13    4   -.940E-02   -.102E-01
   13    5   -.196E-03   -.250E-03
   13    6   -.608E-03   -.547E-03
   13    7   -.371E+00   -.370E+00
   13    8   -.961E-02   -.979E-02
   14    1    .213E-02    .216E-02
   14    2    .241E-02    .241E-02
   14    3   -.265E-02   -.285E-02
   14    4   -.146E-01   -.148E-01
   14    5   -.743E-05   -.140E-04
   14    6   -.609E-05   -.720E-05
   14    7   -.138E-03   -.134E-03
   14    8   -.576E+00   -.576E+00
  1  1  1    1  2  0       210
    1    1   -.372E+00   -.354E+00
    1    2   -.345E+01   -.365E+01
    1    3   -.167E+00   -.150E+00
    1    4   -.367E-02   -.323E-02
    1    5   -.146E+00   -.140E+00
    1    6   -.142E+00   -.133E+00
    1    7   -.120E-01   -.114E-01
    1    8   -.571E-01   -.541E-01
    1    9   -.189E-02   -.247E-02
    1   10   -.111E-06   -.196E-05
    1   11   -.828E-01   -.782E-01
    1   12   -.295E-01   -.276E-01
    1   13   -.131E-01   -.127E-01
    1   14   -.847E-02   -.775E-02
    1   15   -.950E-02   -.881E-02
    2    1    .262E-01    .263E-01
    2    2    .957E+00    .105E+01
    2    3   -.140E+00   -.150E+00
    2    4   -.716E+00   -.750E+00
    2    5   -.332E-01   -.358E-01
    2    6   -.185E-01   -.184E-01
    2    7   -.260E+01   -.260E+01
    2    8   -.140E-01   -.146E-01
    2    9   -.306E+00   -.315E+00
    2   10   -.749E-02   -.767E-02
    2   11   -.264E-01   -.275E-01
    2   12   -.659E-03   -.578E-03
    2   13   -.527E+00   -.512E+00
    2   14   -.698E-01   -.682E-01
    2   15   -.119E-02   -.118E-02
    3    1    .230E+00    .241E+00
    3    2    .102E+00    .113E+00
    3    3   -.199E+01   -.207E+01
    3    4   -.536E-01   -.560E-01
    3    5   -.106E+01   -.109E+01
    3    6   -.520E-01   -.469E-01
    3    7   -.686E-01   -.695E-01
    3    8   -.462E-01   -.431E-01
    3    9   -.564E-01   -.577E-01
    3   10   -.362E-01   -.356E-01
    3   11   -.112E-01   -.105E-01
    3   12   -.272E-01   -.262E-01
    3   13   -.178E-02   -.191E-02
    3   14   -.266E-01   -.260E-01
    3   15   -.152E-01   -.147E-01
    4    1    .543E+00    .546E+00
    4    2    .225E+00    .237E+00
    4    3    .311E-02    .154E-02
    4    4   -.624E-03    .000E+00
    4    5   -.172E+01   -.174E+01
    4    6   -.558E-01   -.561E-01
    4    7   -.497E-01   -.523E-01
    4    8   -.229E+00   -.242E+00
    4    9   -.192E+01   -.203E+01
    4   10   -.162E-01   -.141E-01
    4   11   -.708E-03   -.900E-04
    4   12   -.589E-03   -.779E-03
    4   13   -.255E-04   -.855E-04
    4   14   -.323E-03   -.335E-03
    4   15   -.313E-03   -.346E-03
    5    1    .745E-02    .891E-02
    5    2    .367E-01    .398E-01
    5    3    .110E+01    .112E+01
    5    4    .283E-01    .274E-01
    5    5    .347E-01    .295E-01
    5    6   -.318E+01   -.325E+01
    5    7   -.152E-02   -.146E-02
    5    8   -.213E+00   -.208E+00
    5    9   -.206E-03   -.868E-05
    5   10   -.662E+00   -.655E+00
    5   11   -.425E+00   -.429E+00
    5   12   -.125E-01   -.116E-01
    5   13   -.363E-01   -.345E-01
    5   14   -.311E-02   -.290E-02
    5   15   -.978E-02   -.921E-02
    6    1    .135E-01    .131E-01
    6    2    .315E-04    .862E-05
    6    3    .388E+00    .406E+00
    6    4    .490E-01    .464E-01
    6    5    .170E+00    .180E+00
    6    6    .394E-01    .430E-01
    6    7   -.823E+00   -.796E+00
    6    8   -.376E-01   -.386E-01
    6    9   -.730E-04   -.162E-03
    6   10   -.913E-03   -.820E-03
    6   11   -.113E-01   -.123E-01
    6   12   -.117E-02   -.921E-03
    6   13   -.127E+01   -.123E+01
    6   14   -.187E+00   -.183E+00
    6   15   -.656E-02   -.661E-02
    7    1    .102E-01    .115E-01
    7    2    .490E-02    .552E-02
    7    3    .103E+00    .102E+00
    7    4    .571E-03    .543E-03
    7    5    .556E-01    .586E-01
    7    6    .138E+01    .139E+01
    7    7    .854E-02    .770E-02
    7    8   -.353E+01   -.364E+01
    7    9   -.590E+00   -.606E+00
    7   10   -.670E-01   -.530E-01
    7   11   -.148E-01   -.111E-01
    7   12   -.648E-01   -.561E-01
    7   13   -.121E-02   -.120E-02
    7   14   -.620E-01   -.579E-01
    7   15   -.426E-01   -.415E-01
    8    1    .117E+00    .118E+00
    8    2    .194E-01    .196E-01
    8    3    .114E-01    .116E-01
    8    4    .240E-01    .254E-01
    8    5    .708E+00    .693E+00
    8    6    .234E-01    .208E-01
    8    7    .165E-03    .293E-03
    8    8    .200E+00    .204E+00
    8    9    .154E-01    .000E+00
    8   10   -.173E+01   -.172E+01
    8   11   -.641E+00   -.640E+00
    8   12   -.520E-04   -.637E-04
    8   13   -.507E-02   -.473E-02
    8   14   -.124E-02   -.133E-02
    8   15   -.225E-04   -.527E-04
    9    1    .260E-03    .150E-03
    9    2    .576E-02    .632E-02
    9    3    .315E-01    .330E-01
    9    4    .189E-02    .205E-02
    9    5    .740E-02    .647E-02
    9    6    .237E+00    .244E+00
    9    7    .129E-02    .113E-02
    9    8    .148E+01    .148E+01
    9    9    .450E+00    .463E+00
    9   10   -.206E+01   -.204E+01
    9   11   -.275E+01   -.272E+01
    9   12   -.490E-01   -.502E-01
    9   13   -.455E-02   -.431E-02
    9   14   -.441E-01   -.439E-01
    9   15   -.339E-01   -.329E-01
   10    1    .912E-02    .858E-02
   10    2    .336E-01    .326E-01
   10    3    .393E-02    .424E-02
   10    4    .206E+00    .223E+00
   10    5    .150E-02    .185E-02
   10    6    .280E+00    .280E+00
   10    7    .148E+00    .156E+00
   10    8    .164E-01    .176E-01
   10    9    .446E+00    .468E+00
   10   10    .500E-01    .459E-01
   10   11    .860E-01    .936E-01
   10   12   -.163E+00   -.163E+00
   10   13   -.945E+00   -.965E+00
   10   14   -.141E+00   -.144E+00
   10   15   -.441E-02   -.464E-02
   11    1    .229E-02    .259E-02
   11    2    .356E-02    .395E-02
   11    3    .175E-01    .185E-01
   11    4    .169E-02    .183E-02
   11    5    .165E-02    .192E-02
   11    6    .182E+00    .188E+00
   11    7    .140E-01    .139E-01
   11    8    .235E+00    .236E+00
   11    9    .145E-01    .157E-01
   11   10    .128E+01    .126E+01
   11   11    .129E+01    .126E+01
   11   12   -.567E+01   -.561E+01
   11   13   -.134E-03   -.318E-03
   11   14   -.396E-01   -.404E-01
   11   15   -.392E-01   -.378E-01
   12    1    .890E-04    .143E-03
   12    2    .151E-01    .129E-01
   12    3    .778E-02    .918E-02
   12    4    .642E-01    .685E-01
   12    5    .807E-02    .685E-02
   12    6    .233E+00    .237E+00
   12    7    .350E-01    .323E-01
   12    8    .120E-01    .126E-01
   12    9    .169E+00    .186E+00
   12   10    .564E-04    .153E-03
   12   11    .218E+00    .226E+00
   12   12    .155E+01    .156E+01
   12   13   -.905E+00    .000E+00
   12   14   -.185E+01   -.186E+01
   12   15   -.273E-01   -.286E-01
   13    1    .150E-02    .162E-02
   13    2    .146E-01    .137E-01
   13    3    .430E-02    .394E-02
   13    4    .312E-01    .332E-01
   13    5    .209E-03    .421E-04
   13    6    .109E-01    .102E-01
   13    7    .106E-01    .972E-02
   13    8    .180E+00    .183E+00
   13    9    .234E-01    .265E-01
   13   10    .365E+00    .361E+00
   13   11    .297E-03    .923E-03
   13   12    .166E+01    .163E+01
   13   13   -.412E-01    .000E+00
   13   14   -.388E+01    .000E+00
   13   15   -.135E+00   -.133E+00
   14    1    .214E-02    .236E-02
   14    2    .125E-02    .130E-02
   14    3    .734E-02    .743E-02
   14    4    .122E-02    .129E-02
   14    5    .212E-02    .240E-02
   14    6    .877E-02    .964E-02
   14    7    .430E-04    .355E-04
   14    8    .598E-01    .606E-01
   14    9    .206E-02    .213E-02
   14   10    .154E+00    .152E+00
   14   11    .137E-02    .105E-02
   14   12    .384E+00    .380E+00
   14   13    .274E+00    .277E+00
   14   14    .331E+01    .332E+01
   14   15   -.711E+01    .000E+00
  1  1  0    1  2  1        88
    1    1    .336E+00    .353E+00
    1    2   -.206E+01   -.213E+01
    1    3   -.113E+01   -.121E+01
    1    4   -.140E+00   -.135E+00
    1    5   -.622E-01   -.597E-01
    1    6   -.516E-02   -.482E-02
    1    7   -.381E-01   -.367E-01
    1    8   -.243E-01   -.234E-01
    1    9   -.484E-03   -.501E-03
    1   10   -.165E-01   -.159E-01
    1   11   -.118E-01   -.113E-01
    2    1    .428E-01    .467E-01
    2    2    .756E+00    .748E+00
    2    3   -.283E-02   -.189E-02
    2    4   -.268E+01   -.277E+01
    2    5   -.634E-01   -.585E-01
    2    6   -.465E-02   -.417E-02
    2    7   -.457E-01   -.431E-01
    2    8   -.282E-01   -.266E-01
    2    9   -.122E+01   -.128E+01
    2   10   -.197E-01   -.186E-01
    2   11   -.130E-01   -.122E-01
    3    1    .470E-01    .452E-01
    3    2    .292E+00    .310E+00
    3    3    .383E+00    .401E+00
    3    4    .482E-01    .507E-01
    3    5   -.424E+00   -.433E+00
    3    6   -.230E+00   -.222E+00
    3    7   -.957E-03   -.521E-03
    3    8   -.169E-02   -.133E-02
    3    9   -.907E-01   -.872E-01
    3   10   -.188E-02   -.165E-02
    3   11   -.190E-02   -.176E-02
    4    1    .588E-02    .700E-02
    4    2    .410E-01    .386E-01
    4    3    .984E-02    .113E-01
    4    4    .108E+01    .109E+01
    4    5   -.234E+01   -.244E+01
    4    6   -.809E+00   -.823E+00
    4    7   -.477E-01   -.357E-01
    4    8   -.358E-01   -.301E-01
    4    9   -.680E-02   -.726E-02
    4   10   -.223E-01   -.202E-01
    4   11   -.144E-01   -.139E-01
    5    1    .666E-02    .738E-02
    5    2    .292E-01    .300E-01
    5    3    .169E-06    .340E-05
    5    4    .150E+00    .158E+00
    5    5    .124E+01    .125E+01
    5    6    .302E+00    .305E+00
    5    7   -.385E+01   -.382E+01
    5    8   -.362E-01   -.363E-01
    5    9   -.299E-03   -.451E-03
    5   10   -.308E-01   -.297E-01
    5   11   -.204E-01   -.193E-01
    6    1    .407E-02    .451E-02
    6    2    .146E-01    .151E-01
    6    3    .401E-07    .282E-05
    6    4    .540E-01    .582E-01
    6    5    .172E+00    .174E+00
    6    6    .316E-01    .320E-01
    6    7    .195E+01    .192E+01
    6    8   -.441E+01   -.438E+01
    6    9   -.169E-03   -.322E-03
    6   10   -.277E-01   -.268E-01
    6   11   -.262E-01   -.246E-01
    7    1    .274E-02    .302E-02
    7    2    .859E-02    .880E-02
    7    3    .208E-05    .654E-05
    7    4    .278E-01    .302E-01
    7    5    .619E-01    .631E-01
    7    6    .978E-02    .996E-02
    7    7    .257E+00    .251E+00
    7    8    .237E+01    .237E+01
    7    9   -.482E-05    .000E+00
    7   10   -.497E+01   -.499E+01
    7   11   -.217E-01   -.199E-01
    8    1    .203E-02    .223E-02
    8    2    .555E-02    .563E-02
    8    3    .923E-05    .155E-04
    8    4    .179E-01    .194E-01
    8    5    .312E-01    .320E-01
    8    6    .403E-02    .413E-02
    8    7    .898E-01    .885E-01
    8    8    .312E+00    .311E+00
    8    9    .325E-03    .160E-03
    8   10    .280E+01    .281E+01
    8   11   -.552E+01    .000E+00
  1  2  1    1  2  0       165
    1    1    .172E+01    .184E+01
    1    2    .193E+00    .178E+00
    1    3   -.312E-01   -.316E-01
    1    4   -.243E+01   -.260E+01
    1    5   -.421E-01   -.469E-01
    1    6   -.700E-02   -.727E-02
    1    7   -.210E+00   -.207E+00
    1    8   -.322E-01   -.327E-01
    1    9   -.433E+00   -.436E+00
    1   10   -.774E-05   -.364E-06
    1   11   -.100E-01   -.896E-02
    1   12   -.461E-03   -.420E-03
    1   13   -.558E-01   -.543E-01
    1   14   -.122E-01   -.118E-01
    1   15   -.107E-02   -.101E-02
    2    1    .103E+00    .942E-01
    2    2    .432E-01    .399E-01
    2    3    .128E+01    .131E+01
    2    4    .796E-01    .913E-01
    2    5    .330E+00    .361E+00
    2    6   -.913E-04    .000E+00
    2    7   -.224E+00   -.231E+00
    2    8   -.932E-03   -.990E-03
    2    9   -.176E-01   -.147E-01
    2   10   -.832E-01   -.817E-01
    2   11   -.184E+00   -.186E+00
    2   12   -.116E-01   -.121E-01
    2   13   -.244E+00   -.236E+00
    2   14   -.171E-01   -.158E-01
    2   15   -.562E-04   -.986E-04
    3    1    .188E-01    .173E-01
    3    2    .189E+00    .185E+00
    3    3    .220E-02    .202E-02
    3    4    .624E+00    .671E+00
    3    5    .528E+00    .561E+00
    3    6    .617E-01    .650E-01
    3    7    .632E-02    .715E-02
    3    8    .149E+00    .155E+00
    3    9    .972E+00    .989E+00
    3   10    .681E-02    .744E-02
    3   11    .131E-01    .000E+00
    3   12   -.477E-02   -.544E-02
    3   13   -.985E-02   -.968E-02
    3   14   -.539E-03   -.711E-03
    3   15   -.222E-02   -.245E-02
    4    1    .534E-01    .493E-01
    4    2    .116E-01    .114E-01
    4    3    .430E-04    .415E-06
    4    4    .873E-04    .151E-04
    4    5    .562E-02    .426E-02
    4    6    .115E+01    .115E+01
    4    7    .276E-01    .288E-01
    4    8    .656E-03    .718E-03
    4    9    .202E+00    .206E+00
    4   10    .245E+00    .245E+00
    4   11    .325E+00    .322E+00
    4   12   -.152E-02    .000E+00
    4   13   -.295E+00   -.304E+00
    4   14   -.292E-01   -.296E-01
    4   15   -.203E-04   -.152E-04
    5    1    .241E-01    .233E-01
    5    2    .108E-01    .126E-01
    5    3    .683E-02    .664E-02
    5    4    .484E+00    .438E+00
    5    5    .128E-02    .759E-03
    5    6    .232E-04    .351E-04
    5    7    .217E+00    .255E+00
    5    8    .718E+00    .717E+00
    5    9    .676E-01    .641E-01
    5   10    .215E-01    .203E-01
    5   11    .771E-01    .726E-01
    5   12    .677E-02    .668E-02
    5   13    .531E-01    .633E-01
    5   14    .947E-03    .155E-02
    5   15    .138E-02    .128E-02
    6    1    .293E-02    .196E-02
    6    2    .272E-03    .134E-02
    6    3    .433E-01    .385E-01
    6    4    .240E+01    .218E+01
    6    5    .594E-01    .621E-01
    6    6    .163E-02    .145E-02
    6    7    .498E+00    .630E+00
    6    8    .190E+00    .190E+00
    6    9    .433E-01    .537E-01
    6   10    .701E-02    .769E-02
    6   11    .305E-01    .355E-01
    6   12    .371E-02    .391E-02
    6   13    .151E-01    .556E-02
    6   14    .324E-07    .412E-03
    6   15    .120E-02    .147E-02
    7    1    .157E-01    .145E-01
    7    2    .437E-02    .421E-02
    7    3    .176E-03    .104E-03
    7    4    .159E-02    .148E-02
    7    5    .120E-01    .113E-01
    7    6    .297E-03    .303E-03
    7    7    .151E-02    .136E-02
    7    8    .185E-04    .174E-04
    7    9    .507E-02    .464E-02
    7   10    .509E+00    .509E+00
    7   11    .553E+00    .554E+00
    7   12    .464E-02    .475E-02
    7   13    .763E-02    .790E-02
    7   14    .174E-05    .201E-05
    7   15    .239E-03    .254E-03
    8    1    .102E-01    .940E-02
    8    2    .287E-02    .279E-02
    8    3    .612E-04    .313E-04
    8    4    .133E-03    .126E-03
    8    5    .721E-02    .681E-02
    8    6    .166E-03    .170E-03
    8    7    .838E-03    .810E-03
    8    8    .359E-06    .242E-06
    8    9    .887E-03    .777E-03
    8   10    .894E-03    .893E-03
    8   11    .121E-05    .494E-05
    8   12    .104E+01    .104E+01
    8   13    .213E-03    .289E-03
    8   14    .659E-03    .642E-03
    8   15    .179E-03    .188E-03
    9    1    .887E-02    .833E-02
    9    2    .572E-01    .588E-01
    9    3    .703E-03    .741E-03
    9    4    .527E-01    .571E-01
    9    5    .625E-03    .453E-03
    9    6    .177E-02    .155E-02
    9    7    .980E-04    .672E-04
    9    8    .166E-01    .158E-01
    9    9    .536E-01    .498E-01
    9   10    .206E+00    .215E+00
    9   11    .477E+00    .498E+00
    9   12    .163E-01    .171E-01
    9   13    .272E-02    .317E-02
    9   14    .405E-02    .411E-02
    9   15    .310E-02    .322E-02
   10    1    .702E-02    .650E-02
   10    2    .188E-02    .183E-02
   10    3    .275E-04    .123E-04
   10    4    .345E-05    .394E-05
   10    5    .472E-02    .445E-02
   10    6    .107E-03    .109E-03
   10    7    .465E-03    .459E-03
   10    8    .123E-06    .598E-07
   10    9    .417E-03    .362E-03
   10   10    .111E-02    .111E-02
   10   11    .120E-02    .126E-02
   10   12    .498E-04    .416E-04
   10   13    .158E+00    .160E+00
   10   14    .859E+00    .858E+00
   10   15    .438E-03    .448E-03
   11    1    .499E-02    .462E-02
   11    2    .141E-02    .137E-02
   11    3    .108E-04    .350E-05
   11    4    .360E-04    .317E-04
   11    5    .322E-02    .303E-02
   11    6    .692E-04    .708E-04
   11    7    .265E-03    .265E-03
   11    8    .649E-07    .116E-06
   11    9    .217E-03    .188E-03
   11   10    .100E-02    .101E-02
   11   11    .150E-02    .157E-02
   11   12    .996E-05    .134E-04
   11   13    .907E-02    .946E-02
   11   14    .294E-02    .299E-02
   11   15    .997E+00    .997E+00
  1  2  1    1  3  0        88
    1    1   -.383E+01   -.381E+01
    1    2   -.778E+00   -.765E+00
    1    3   -.200E+00   -.184E+00
    1    4   -.320E+00   -.313E+00
    1    5   -.158E+00   -.155E+00
    1    6   -.917E-01   -.897E-01
    1    7   -.581E-01   -.568E-01
    1    8   -.385E-01   -.376E-01
    2    1   -.845E+00   -.855E+00
    2    2   -.263E+01   -.255E+01
    2    3   -.156E+01   -.166E+01
    2    4   -.811E+00   -.784E+00
    2    5   -.338E+00   -.331E+00
    2    6   -.181E+00   -.178E+00
    2    7   -.111E+00   -.109E+00
    2    8   -.735E-01   -.719E-01
    3    1    .468E-02    .456E-02
    3    2   -.160E-01   -.156E-01
    3    3   -.220E+01   -.228E+01
    3    4   -.878E-02   -.903E-02
    3    5   -.368E-02   -.377E-02
    3    6   -.224E-02   -.228E-02
    3    7   -.162E-02   -.164E-02
    3    8   -.142E-02   -.142E-02
    4    1    .194E+00    .193E+00
    4    2   -.155E+01   -.162E+01
    4    3   -.205E-01   -.200E-01
    4    4   -.222E+01   -.220E+01
    4    5   -.678E+00   -.678E+00
    4    6   -.307E+00   -.306E+00
    4    7   -.166E+00   -.164E+00
    4    8   -.954E-01   -.936E-01
    5    1    .213E+00    .221E+00
    5    2    .399E+00    .395E+00
    5    3    .154E-02    .163E-02
    5    4   -.200E+01   -.211E+01
    5    5   -.156E+01   -.148E+01
    5    6   -.523E+00   -.503E+00
    5    7   -.252E+00   -.249E+00
    5    8   -.145E+00   -.146E+00
    6    1    .375E+00    .402E+00
    6    2    .398E-01    .409E-01
    6    3    .622E-01    .608E-01
    6    4   -.156E+00    .000E+00
    6    5   -.485E+00   -.460E+00
    6    6   -.132E+00   -.127E+00
    6    7   -.572E-01   -.561E-01
    6    8   -.302E-01   -.303E-01
    7    1    .619E-02    .627E-02
    7    2    .734E-01    .771E-01
    7    3    .100E-02    .964E-03
    7    4    .716E+00    .724E+00
    7    5   -.268E+01    .000E+00
    7    6   -.191E+01   -.190E+01
    7    7   -.631E+00   -.627E+00
    7    8   -.303E+00   -.300E+00
    8    1    .349E-02    .361E-02
    8    2    .278E-01    .302E-01
    8    3    .479E-03    .470E-03
    8    4    .126E+00    .126E+00
    8    5    .103E+01    .100E+01
    8    6   -.321E+01    .000E+00
    8    7   -.184E+01   -.184E+01
    8    8   -.616E+00   -.608E+00
    9    1    .412E-03    .197E-03
    9    2    .145E-02    .220E-02
    9    3    .798E+00    .772E+00
    9    4    .349E-03    .879E-04
    9    5    .963E-04    .101E-06
    9    6    .548E-05    .134E-03
    9    7   -.313E-03    .000E+00
    9    8   -.518E-03   -.103E-02
   10    1    .213E-02    .219E-02
   10    2    .147E-01    .161E-01
   10    3    .503E-03    .496E-03
   10    4    .466E-01    .462E-01
   10    5    .182E+00    .172E+00
   10    6    .136E+01    .135E+01
   10    7   -.373E+01    .000E+00
   10    8   -.181E+01   -.179E+01
   11    1    .140E-02    .144E-02
   11    2    .951E-02    .104E-01
   11    3    .332E-03    .330E-03
   11    4    .232E-01    .230E-01
   11    5    .673E-01    .630E-01
   11    6    .243E+00    .238E+00
   11    7    .171E+01    .171E+01
   11    8   -.422E+01    .000E+00
  1  2  0    1  3  1       180
    1    1   -.255E+01   -.274E+01
    1    2   -.506E+00   -.488E+00
    1    3   -.296E+00   -.267E+00
    1    4   -.337E+00   -.322E+00
    1    5   -.959E-01   -.932E-01
    1    6   -.729E-01   -.712E-01
    1    7   -.172E+00   -.166E+00
    1    8   -.147E-02   -.171E-02
    1    9   -.688E-01   -.618E-01
    1   10   -.147E-03   -.114E-03
    1   11   -.220E-01   -.209E-01
    1   12   -.127E-01   -.122E-01
    2    1   -.260E+01   -.272E+01
    2    2   -.422E+01   -.423E+01
    2    3   -.604E+00   -.592E+00
    2    4   -.582E+00   -.579E+00
    2    5   -.338E+00   -.335E+00
    2    6   -.207E+00   -.206E+00
    2    7   -.106E-01   -.113E-01
    2    8   -.197E+00   -.193E+00
    2    9   -.190E+00   -.183E+00
    2   10   -.132E-01   -.128E-01
    2   11   -.254E-01   -.253E-01
    2   12   -.284E-01   -.281E-01
    3    1    .113E+00    .123E+00
    3    2   -.138E+01   -.142E+01
    3    3   -.945E-01   -.102E+00
    3    4   -.290E+01   -.290E+01
    3    5   -.855E+00   -.845E+00
    3    6   -.402E+00   -.404E+00
    3    7   -.285E-02   -.340E-02
    3    8   -.219E+00   -.220E+00
    3    9   -.146E-02   -.170E-02
    3   10   -.172E-01   -.173E-01
    3   11   -.105E+00   -.104E+00
    3   12   -.795E-01   -.792E-01
    4    1    .489E+00    .538E+00
    4    2    .821E-03    .000E+00
    4    3   -.389E-01   -.438E-01
    4    4   -.238E-01   -.223E-01
    4    5   -.640E-02   -.638E-02
    4    6   -.109E-01   -.119E-01
    4    7   -.175E+00   -.191E+00
    4    8   -.217E-02   -.261E-02
    4    9   -.106E+00   -.117E+00
    4   10   -.134E+00   -.126E+00
    4   11   -.352E-02   -.390E-02
    4   12   -.307E-02   -.316E-02
    5    1    .253E+00    .280E+00
    5    2    .875E-01    .940E-01
    5    3   -.235E+01   -.245E+01
    5    4   -.104E+01   -.106E+01
    5    5   -.595E-02   -.573E-02
    5    6   -.655E-01   -.694E-01
    5    7   -.279E+01   -.290E+01
    5    8   -.248E-02   -.160E-02
    5    9   -.201E+00   -.240E+00
    5   10   -.214E-01   -.234E-01
    5   11   -.248E-01   -.276E-01
    5   12   -.765E-02   -.836E-02
    6    1    .128E-01    .154E-01
    6    2    .375E+00    .387E+00
    6    3   -.648E-01    .000E+00
    6    4   -.207E+01   -.215E+01
    6    5   -.212E+01   -.211E+01
    6    6   -.789E+00   -.791E+00
    6    7   -.271E+00   -.271E+00
    6    8   -.707E-01   -.709E-01
    6    9   -.675E+00   -.671E+00
    6   10   -.181E-02   -.156E-02
    6   11   -.262E+00   -.260E+00
    6   12   -.144E+00   -.142E+00
    7    1    .985E-04    .175E-05
    7    2    .958E+00    .100E+01
    7    3    .233E-01    .216E-01
    7    4    .103E-01    .144E-01
    7    5   -.932E-01   -.976E-01
    7    6   -.109E-01   -.114E-01
    7    7   -.256E-02   -.136E-02
    7    8   -.157E-01   -.158E-01
    7    9   -.203E+00   -.188E+00
    7   10   -.601E+01   -.570E+01
    7   11   -.183E-01   -.184E-01
    7   12   -.265E-02   -.276E-02
    8    1    .877E-01    .929E-01
    8    2    .477E-01    .487E-01
    8    3    .143E-02    .106E-02
    8    4    .785E+00    .781E+00
    8    5   -.320E+01   -.334E+01
    8    6   -.175E+01   -.166E+01
    8    7   -.164E+00   -.173E+00
    8    8   -.700E+00   -.676E+00
    8    9   -.172E+00   -.186E+00
    8   10   -.330E-03   -.154E-03
    8   11   -.173E+00   -.166E+00
    8   12   -.121E+00   -.120E+00
    9    1    .451E+00    .450E+00
    9    2    .181E-01    .182E-01
    9    3    .837E-01    .813E-01
    9    4    .381E-02    .316E-02
    9    5    .165E+00    .000E+00
    9    6   -.237E+00   -.223E+00
    9    7   -.218E+01   -.221E+01
    9    8   -.125E+00   -.120E+00
    9    9   -.145E+00   -.149E+00
    9   10   -.299E-01   -.286E-01
    9   11   -.992E-01   -.991E-01
    9   12   -.418E-01   -.423E-01
   10    1    .473E-01    .508E-01
   10    2    .211E-01    .218E-01
   10    3    .371E+00    .360E+00
   10    4    .228E+00    .231E+00
   10    5    .103E+01    .103E+01
   10    6   -.339E+01   -.336E+01
   10    7   -.441E-03   -.193E-03
   10    8   -.154E+01   -.155E+01
   10    9   -.152E+01   -.153E+01
   10   10   -.514E-01   -.511E-01
   10   11   -.999E-01   -.992E-01
   10   12   -.912E-01   -.902E-01
   11    1    .997E-01    .100E+00
   11    2    .155E-02    .130E-02
   11    3    .622E+00    .599E+00
   11    4    .418E-02    .327E-02
   11    5    .846E-01    .885E-01
   11    6    .150E+00    .000E+00
   11    7   -.743E+00   -.783E+00
   11    8   -.585E+00   -.575E+00
   11    9   -.223E+01   -.222E+01
   11   10   -.985E-01   -.943E-01
   11   11   -.678E+00   -.671E+00
   11   12   -.251E+00   -.248E+00
   12    1    .691E-03    .489E-03
   12    2    .392E-02    .441E-02
   12    3    .977E-02    .936E-02
   12    4    .550E-01    .590E-01
   12    5    .157E+00    .157E+00
   12    6    .115E+01    .112E+01
   12    7    .173E+00    .177E+00
   12    8   -.308E+01    .000E+00
   12    9   -.128E+01   -.129E+01
   12   10   -.803E-02   -.844E-02
   12   11   -.153E+01   -.152E+01
   12   12   -.606E+00   -.600E+00
   13    1    .497E-03    .573E-03
   13    2    .205E-02    .253E-02
   13    3    .355E-01    .358E-01
   13    4    .937E+00    .947E+00
   13    5    .809E-02    .833E-02
   13    6    .408E-01    .388E-01
   13    7    .111E-01    .129E-01
   13    8    .475E+00    .466E+00
   13    9    .265E-01    .343E-01
   13   10    .377E-02    .000E+00
   13   11   -.128E+01    .000E+00
   13   12   -.102E-01   -.973E-02
   14    1    .578E-04    .199E-04
   14    2    .150E-02    .157E-02
   14    3    .157E-02    .166E-02
   14    4    .454E-01    .432E-01
   14    5    .534E-01    .530E-01
   14    6    .171E+00    .162E+00
   14    7    .169E-02    .151E-02
   14    8    .929E+00    .913E+00
   14    9    .927E+00    .915E+00
   14   10    .739E-05    .000E+00
   14   11   -.426E+01    .000E+00
   14   12   -.167E+01   -.166E+01
   15    1    .750E-04    .135E-03
   15    2    .183E-02    .198E-02
   15    3    .198E-04    .239E-04
   15    4    .236E-02    .287E-02
   15    5    .331E-01    .329E-01
   15    6    .811E-01    .759E-01
   15    7    .140E-03    .133E-03
   15    8    .208E+00    .202E+00
   15    9    .132E+00    .132E+00
   15   10    .282E-02    .243E-02
   15   11    .248E+01    .248E+01
   15   12   -.602E+01    .000E+00
  1  3  1    1  3  0        96
    1    1   -.799E+00   -.807E+00
    1    2   -.132E+00   -.130E+00
    1    3   -.189E+00   -.178E+00
    1    4   -.419E-01   -.410E-01
    1    5   -.214E-01   -.208E-01
    1    6   -.126E-01   -.123E-01
    1    7   -.831E-02   -.809E-02
    1    8   -.609E-02   -.593E-02
    2    1   -.113E+01   -.116E+01
    2    2   -.186E-01   -.171E-01
    2    3   -.114E-01   -.108E-01
    2    4   -.421E-02   -.378E-02
    2    5   -.183E-02   -.164E-02
    2    6   -.987E-03   -.886E-03
    2    7   -.609E-03   -.547E-03
    2    8   -.420E-03   -.378E-03
    3    1   -.687E-01   -.721E-01
    3    2   -.835E+00   -.822E+00
    3    3   -.103E+01   -.110E+01
    3    4   -.919E-01   -.887E-01
    3    5   -.399E-01   -.392E-01
    3    6   -.214E-01   -.211E-01
    3    7   -.131E-01   -.129E-01
    3    8   -.865E-02   -.848E-02
    4    1   -.335E-02    .000E+00
    4    2   -.937E+00   -.944E+00
    4    3   -.147E+00   -.152E+00
    4    4   -.248E-01   -.240E-01
    4    5   -.846E-02   -.821E-02
    4    6   -.422E-02   -.410E-02
    4    7   -.249E-02   -.242E-02
    4    8   -.164E-02   -.158E-02
    5    1    .129E-02    .162E-02
    5    2   -.994E-03   -.109E-02
    5    3   -.111E-01   -.115E-01
    5    4   -.138E+01   -.138E+01
    5    5   -.403E-02   -.393E-02
    5    6   -.106E-02   -.103E-02
    5    7   -.494E-03   -.476E-03
    5    8   -.286E-03   -.276E-03
    6    1    .137E-03    .219E-03
    6    2   -.261E-02   -.269E-02
    6    3   -.440E-01   -.459E-01
    6    4   -.908E-03   -.953E-03
    6    5   -.133E+01   -.133E+01
    6    6   -.212E-02   -.208E-02
    6    7   -.630E-03   -.616E-03
    6    8   -.316E-03   -.309E-03
    7    1    .317E-01    .321E-01
    7    2   -.147E+00   -.146E+00
    7    3   -.545E+00   -.573E+00
    7    4   -.722E-01   -.723E-01
    7    5   -.113E+00   -.113E+00
    7    6   -.330E-03   -.324E-03
    7    7   -.118E-02   -.119E-02
    7    8   -.156E-02   -.157E-02
    8    1    .327E-02    .360E-02
    8    2   -.804E-02    .000E+00
    8    3   -.116E-01   -.122E-01
    8    4   -.390E-01   -.390E-01
    8    5   -.145E-01   -.147E-01
    8    6   -.140E+01   -.140E+01
    8    7   -.663E-03   -.667E-03
    8    8   -.917E-03   -.918E-03
    9    1    .419E-02    .403E-02
    9    2    .352E-02    .000E+00
    9    3   -.166E+00   -.179E+00
    9    4   -.215E+00   -.214E+00
    9    5   -.268E-01   -.269E-01
    9    6   -.350E-01   -.351E-01
    9    7   -.948E-01   -.944E-01
    9    8   -.321E-01   -.319E-01
   10    1    .715E+00    .688E+00
   10    2    .825E-01    .832E-01
   10    3   -.129E-01   -.116E-01
   10    4   -.368E-01   -.369E-01
   10    5   -.534E-02   -.556E-02
   10    6   -.662E-03   -.700E-03
   10    7   -.142E-01   -.142E-01
   10    8   -.267E-02   -.264E-02
   11    1    .315E-04    .587E-05
   11    2    .370E-02    .349E-02
   11    3   -.328E-02   -.363E-02
   11    4   -.449E-02   -.438E-02
   11    5   -.551E-05   -.460E-05
   11    6   -.203E-02   -.206E-02
   11    7   -.131E+01   -.131E+01
   11    8   -.872E-02   -.867E-02
   12    1    .853E-03    .998E-03
   12    2    .104E-02    .988E-03
   12    3   -.160E-03   -.224E-03
   12    4   -.843E-03   -.806E-03
   12    5   -.383E-04   -.411E-04
   12    6   -.478E-03   -.487E-03
   12    7   -.277E-02   -.279E-02
   12    8   -.137E+01   -.137E+01
  1  3  1    1  4  0        96
    1    1   -.338E+01   -.356E+01
    1    2   -.151E+01   -.151E+01
    1    3   -.433E+01   -.430E+01
    1    4   -.192E-01   -.183E-01
    1    5   -.211E-01   -.216E-01
    1    6   -.132E+00   -.131E+00
    1    7   -.108E+01   -.106E+01
    1    8   -.146E+00   -.142E+00
    2    1    .505E-06    .000E+00
    2    2   -.537E+01   -.525E+01
    2    3   -.512E+01   -.510E+01
    2    4   -.206E+01   -.201E+01
    2    5   -.514E+00   -.505E+00
    2    6   -.146E+00   -.144E+00
    2    7   -.661E-01   -.630E-01
    2    8   -.207E+00   -.201E+00
    3    1    .246E+00    .254E+00
    3    2   -.147E+00    .000E+00
    3    3   -.110E+01   -.105E+01
    3    4   -.115E+01   -.112E+01
    3    5   -.445E+00   -.431E+00
    3    6   -.432E+00   -.416E+00
    3    7   -.110E+01   -.105E+01
    3    8   -.345E-01   -.332E-01
    4    1    .307E-01    .344E-01
    4    2    .349E+00    .000E+00
    4    3   -.191E+01   -.195E+01
    4    4   -.597E+01   -.593E+01
    4    5   -.950E+00   -.951E+00
    4    6   -.408E-01   -.408E-01
    4    7   -.244E+01   -.240E+01
    4    8   -.134E+01   -.131E+01
    5    1    .749E-02    .882E-02
    5    2    .297E-01    .282E-01
    5    3    .269E+00    .277E+00
    5    4   -.791E+00    .000E+00
    5    5   -.711E+01   -.690E+01
    5    6   -.149E+01   -.148E+01
    5    7   -.112E-02   -.296E-02
    5    8   -.556E+00   -.550E+00
    6    1    .492E-01    .542E-01
    6    2    .138E-02    .167E-02
    6    3    .506E-01    .573E-01
    6    4    .331E+00    .339E+00
    6    5   -.750E+00    .000E+00
    6    6   -.702E+01   -.700E+01
    6    7   -.265E+00   -.272E+00
    6    8   -.103E+01   -.101E+01
    7    1    .881E+00    .949E+00
    7    2    .588E-01    .565E-01
    7    3    .384E+00    .411E+00
    7    4    .604E-01    .646E-01
    7    5    .334E+00    .336E+00
    7    6   -.290E+00   -.290E+00
    7    7   -.185E+01   -.188E+01
    7    8   -.768E+00   -.782E+00
    8    1    .111E-01    .115E-01
    8    2    .321E-02    .437E-02
    8    3    .102E-01    .733E-02
    8    4    .198E-01    .211E-01
    8    5    .342E+00    .332E+00
    8    6   -.126E+00    .000E+00
    8    7   -.243E+01   -.239E+01
    8    8   -.385E+01   -.380E+01
    9    1    .315E+00    .320E+00
    9    2    .207E-01    .107E-01
    9    3    .143E+00    .113E+00
    9    4    .319E-01    .210E-01
    9    5    .110E-01    .583E-02
    9    6    .497E+00    .563E+00
    9    7   -.204E+01    .000E+00
    9    8   -.569E+00   -.584E+00
   10    1    .426E-02    .428E-02
   10    2    .143E+01    .961E+00
   10    3    .294E+00    .123E+00
   10    4    .362E-02    .293E-02
   10    5    .103E-02    .162E-02
   10    6    .111E-01    .102E-02
   10    7    .903E-02    .000E+00
   10    8   -.567E-01   -.241E-01
   11    1    .127E-01    .124E-01
   11    2    .382E-03    .812E-04
   11    3    .114E-02    .216E-02
   11    4    .180E-01    .179E-01
   11    5    .665E-01    .609E-01
   11    6    .312E+00    .313E+00
   11    7    .187E+01    .186E+01
   11    8   -.315E+01    .000E+00
   12    1    .301E-02    .280E-02
   12    2    .312E-03    .421E-03
   12    3    .563E-03    .900E-03
   12    4    .821E-02    .778E-02
   12    5    .254E-01    .225E-01
   12    6    .727E-01    .724E-01
   12    7    .441E-01    .434E-01
   12    8    .132E+01    .135E+01
  1  3  0    1  4  1        56
    1    1   -.781E+01   -.749E+01
    1    2   -.147E+01   -.158E+01
    1    3   -.214E+01   -.210E+01
    1    4   -.535E+00   -.524E+00
    1    5   -.239E+00   -.234E+00
    1    6   -.131E+00   -.128E+00
    1    7   -.807E-01   -.783E-01
    2    1   -.331E+00    .000E+00
    2    2   -.703E+00   -.714E+00
    2    3   -.637E+01   -.634E+01
    2    4   -.146E+01   -.146E+01
    2    5   -.544E+00   -.539E+00
    2    6   -.256E+00   -.251E+00
    2    7   -.132E+00   -.128E+00
    3    1    .349E-02    .235E-02
    3    2   -.104E+01   -.101E+01
    3    3   -.545E-01   -.500E-01
    3    4   -.147E-01   -.137E-01
    3    5   -.113E-01   -.107E-01
    3    6   -.110E-01   -.105E-01
    3    7   -.130E-01   -.125E-01
    4    1    .927E-01    .900E-01
    4    2    .184E+00    .185E+00
    4    3   -.973E+00    .000E+00
    4    4   -.634E+01   -.617E+01
    4    5   -.155E+01   -.154E+01
    4    6   -.633E+00   -.647E+00
    4    7   -.326E+00   -.340E+00
    5    1    .146E-01    .153E-01
    5    2    .783E-03    .114E-02
    5    3    .288E+00    .286E+00
    5    4   -.103E+01    .000E+00
    5    5   -.608E+01   -.608E+01
    5    6   -.157E+01   -.156E+01
    5    7   -.672E+00   -.664E+00
    6    1    .505E-02    .551E-02
    6    2    .167E-03    .321E-03
    6    3    .481E-01    .457E-01
    6    4    .458E+00    .433E+00
    6    5   -.122E+01    .000E+00
    6    6   -.596E+01   -.591E+01
    6    7   -.159E+01   -.156E+01
    7    1    .251E-02    .273E-02
    7    2    .503E-04    .118E-03
    7    3    .166E-01    .153E-01
    7    4    .808E-01    .732E-01
    7    5    .669E+00    .668E+00
    7    6   -.140E+01    .000E+00
    7    7   -.594E+01   -.586E+01
    8    1    .156E-02    .166E-02
    8    2    .271E-05    .195E-04
    8    3    .759E-02    .693E-02
    8    4    .286E-01    .254E-01
    8    5    .122E+00    .122E+00
    8    6    .900E+00    .919E+00
    8    7   -.155E+01    .000E+00
  1  4  1    1  4  0        56
    1    1    .655E-01    .617E-01
    1    2    .252E+01    .235E+01
    1    3    .803E-01    .107E+00
    1    4    .105E-01    .177E-01
    1    5    .474E-02    .807E-02
    1    6    .469E-02    .840E-02
    1    7   -.195E-01    .000E+00
    1    8   -.108E-01   -.160E-01
    2    1    .247E+01    .234E+01
    2    2    .255E-01    .336E-01
    2    3    .593E+00    .756E+00
    2    4    .349E-01    .201E-01
    2    5    .150E-02    .171E-03
    2    6    .237E-02    .175E-02
    2    7    .214E-01    .429E-01
    2    8    .421E-02    .131E-01
    3    1    .100E+00    .957E-01
    3    2    .782E-02    .539E-02
    3    3    .114E+00    .100E+00
    3    4    .174E+01    .166E+01
    3    5    .740E-02    .461E-02
    3    6    .262E-01    .232E-01
    3    7    .318E+00    .316E+00
    3    8    .686E-01    .705E-01
    4    1    .534E-03    .541E-03
    4    2    .353E-02    .305E-02
    4    3    .359E-01    .355E-01
    4    4    .260E-02    .438E-02
    4    5    .189E+01    .184E+01
    4    6    .691E-02    .507E-02
    4    7    .283E-01    .298E-01
    4    8    .244E-02    .396E-02
    5    1    .650E-04    .518E-04
    5    2    .157E-02    .140E-02
    5    3    .140E-01    .142E-01
    5    4    .619E-03    .101E-02
    5    5    .708E-08    .122E-03
    5    6    .186E+01    .183E+01
    5    7    .171E-01    .163E-01
    5    8    .295E-02    .186E-02
    6    1    .404E-03    .361E-03
    6    2    .822E-03    .735E-03
    6    3    .670E-02    .692E-02
    6    4    .248E-03    .372E-03
    6    5    .695E-04    .359E-06
    6    6    .408E-02    .319E-02
    6    7    .480E+00    .483E+00
    6    8    .137E+01    .135E+01
    7    1    .866E-03    .790E-03
    7    2    .462E-03    .415E-03
    7    3    .350E-02    .368E-02
    7    4    .104E-03    .152E-03
    7    5    .965E-04    .170E-04
    7    6    .245E-02    .192E-02
    7    7    .710E-01    .720E-01
    7    8    .374E-01    .401E-01
  3  0  0    3  1  1       126
    1    1    .842E+00    .850E+00
    1    2    .162E-03    .150E-04
    1    3   -.249E+01   -.252E+01
    1    4   -.209E+01   -.215E+01
    1    5   -.209E+00   -.207E+00
    1    6   -.711E-05   -.769E-05
    1    7   -.961E-01   -.950E-01
    1    8   -.319E-02   -.316E-02
    1    9   -.481E-01   -.477E-01
    1   10   -.803E-03   -.689E-03
    1   11   -.305E-01   -.304E-01
    1   12   -.173E-03   -.118E-03
    1   13   -.190E-01   -.189E-01
    1   14   -.136E-01   -.135E-01
    2    1    .195E+00    .195E+00
    2    2    .307E+00    .320E+00
    2    3    .167E+01    .170E+01
    2    4    .746E+00    .771E+00
    2    5   -.169E+01   -.172E+01
    2    6   -.149E+01   -.153E+01
    2    7   -.151E+00   -.151E+00
    2    8   -.201E+01   -.200E+01
    2    9   -.863E-02   -.848E-02
    2   10   -.472E+00   -.517E+00
    2   11   -.190E+00   -.200E+00
    2   12   -.190E+00   -.190E+00
    2   13   -.607E-02   -.611E-02
    2   14   -.768E-02   -.766E-02
    3    1    .222E-01    .245E-01
    3    2    .164E+00    .169E+00
    3    3    .273E+00    .271E+00
    3    4    .297E+00    .311E+00
    3    5   -.184E+01   -.180E+01
    3    6   -.154E+01   -.159E+01
    3    7   -.166E+00   -.169E+00
    3    8   -.436E+00   -.429E+00
    3    9   -.380E-01   -.395E-01
    3   10   -.558E+00   -.596E+00
    3   11   -.209E-01   -.230E-01
    3   12   -.107E+00   -.108E+00
    3   13   -.188E-01   -.191E-01
    3   14   -.956E-02   -.972E-02
    4    1    .569E-01    .589E-01
    4    2    .364E-04    .279E-04
    4    3    .230E+00    .231E+00
    4    4    .157E-02    .176E-02
    4    5    .214E+01    .212E+01
    4    6    .475E-01    .489E-01
    4    7   -.448E+01   -.459E+01
    4    8   -.262E-01   -.234E-01
    4    9   -.250E+00   -.226E+00
    4   10   -.902E-02   -.918E-02
    4   11   -.108E+00   -.104E+00
    4   12   -.183E-02   -.168E-02
    4   13   -.736E-01   -.758E-01
    4   14   -.590E-01   -.628E-01
    5    1    .348E-01    .360E-01
    5    2    .631E-03    .717E-03
    5    3    .868E-01    .885E-01
    5    4    .262E-02    .279E-02
    5    5    .463E+00    .466E+00
    5    6    .833E-02    .776E-02
    5    7    .273E+01    .268E+01
    5    8    .884E-01    .792E-01
    5    9   -.539E+01   -.514E+01
    5   10   -.359E-01   -.365E-01
    5   11   -.186E+00   -.191E+00
    5   12   -.961E-02   -.111E-01
    5   13   -.112E+00   -.110E+00
    5   14   -.626E-01   -.596E-01
    6    1    .222E-01    .225E-01
    6    2    .691E-01    .741E-01
    6    3    .287E-04    .358E-04
    6    4    .703E-01    .707E-01
    6    5    .579E+00    .584E+00
    6    6    .101E+01    .101E+01
    6    7    .356E-01    .338E-01
    6    8    .111E+01    .107E+01
    6    9    .165E+00    .170E+00
    6   10   -.286E+00   -.295E+00
    6   11   -.215E+00   -.220E+00
    6   12   -.340E+01   -.348E+01
    6   13   -.911E-02   -.894E-02
    6   14   -.223E-02   -.205E-02
    7    1    .136E-01    .141E-01
    7    2    .749E-03    .765E-03
    7    3    .443E-01    .450E-01
    7    4    .766E-04    .582E-04
    7    5    .826E-01    .842E-01
    7    6    .102E-01    .107E-01
    7    7    .493E+00    .482E+00
    7    8    .218E-01    .226E-01
    7    9    .328E+01    .319E+01
    7   10   -.432E+00    .000E+00
    7   11   -.523E+01    .000E+00
    7   12   -.496E+00   -.489E+00
    7   13   -.221E+00   -.217E+00
    7   14   -.107E+00   -.102E+00
    8    1    .104E-01    .107E-01
    8    2    .911E-04    .856E-04
    8    3    .266E-01    .269E-01
    8    4    .345E-04    .472E-04
    8    5    .537E-01    .549E-01
    8    6    .108E-02    .117E-02
    8    7    .190E+00    .187E+00
    8    8    .506E-02    .545E-02
    8    9    .562E+00    .546E+00
    8   10    .332E+00    .331E+00
    8   11    .351E+01    .350E+01
    8   12    .267E+00    .261E+00
    8   13   -.711E+01    .000E+00
    8   14   -.256E+00   -.247E+00
    9    1    .752E-02    .780E-02
    9    2    .219E-04    .181E-04
    9    3    .173E-01    .174E-01
    9    4    .775E-04    .935E-04
    9    5    .333E-01    .340E-01
    9    6    .235E-03    .268E-03
    9    7    .101E+00    .100E+00
    9    8    .260E-02    .284E-02
    9    9    .214E+00    .210E+00
    9   10    .656E-01    .654E-01
    9   11    .589E+00    .588E+00
    9   12    .113E-02    .963E-03
    9   13    .471E+01    .473E+01
    9   14   -.785E+01    .000E+00
  3  1  1    3  1  0       140
    1    1   -.379E+01   -.393E+01
    1    2   -.321E-02   -.309E-02
    1    3   -.223E+00   -.213E+00
    1    4   -.881E-01   -.861E-01
    1    5   -.426E-01   -.419E-01
    1    6   -.973E-03   -.878E-03
    1    7   -.249E-01   -.245E-01
    1    8   -.158E-01   -.155E-01
    1    9   -.107E-01   -.105E-01
    1   10   -.758E-02   -.742E-02
    2    1    .277E+01    .301E+01
    2    2   -.528E+01   -.563E+01
    2    3   -.149E+00   -.163E+00
    2    4   -.258E-01   -.282E-01
    2    5   -.281E-03   -.335E-04
    2    6   -.273E+00   -.243E+00
    2    7   -.815E-02   -.845E-02
    2    8   -.304E-02   -.327E-02
    2    9   -.137E-02   -.152E-02
    2   10   -.558E-03   -.658E-03
    3    1    .123E-03    .270E-03
    3    2   -.659E-02   -.577E-02
    3    3   -.206E+01   -.214E+01
    3    4   -.578E-03   -.873E-03
    3    5   -.452E-03   -.598E-03
    3    6   -.992E-03   -.999E-03
    3    7   -.106E-03   -.158E-03
    3    8   -.121E-03   -.162E-03
    3    9   -.126E-03   -.157E-03
    3   10   -.127E-03   -.151E-03
    4    1    .159E+01    .160E+01
    4    2   -.481E-02   -.522E-02
    4    3   -.260E+01   -.265E+01
    4    4   -.222E+00   -.213E+00
    4    5   -.986E-01   -.950E-01
    4    6   -.122E-02   -.972E-03
    4    7   -.510E-01   -.493E-01
    4    8   -.308E-01   -.297E-01
    4    9   -.201E-01   -.194E-01
    4   10   -.139E-01   -.134E-01
    5    1    .102E-01    .103E-01
    5    2    .227E-03    .270E-03
    5    3    .181E-01    .146E-01
    5    4   -.220E+01   -.218E+01
    5    5   -.659E-02   -.621E-02
    5    6   -.329E-02   -.403E-02
    5    7   -.125E-02   -.108E-02
    5    8   -.687E-03   -.600E-03
    5    9   -.431E-03   -.375E-03
    5   10   -.299E-03   -.261E-03
    6    1    .307E+00    .282E+00
    6    2    .115E-01    .210E-01
    6    3    .191E+01    .202E+01
    6    4   -.534E+00   -.521E+00
    6    5   -.447E+00   -.453E+00
    6    6   -.167E+01   -.179E+01
    6    7   -.149E-01   -.143E-01
    6    8   -.101E-01   -.998E-02
    6    9   -.644E-02   -.632E-02
    6   10   -.437E-02   -.427E-02
    7    1    .829E-03    .690E-03
    7    2    .636E-05    .122E-05
    7    3    .576E-03    .116E-02
    7    4   -.326E-02   -.260E-02
    7    5   -.167E+01   -.166E+01
    7    6   -.151E+00   -.152E+00
    7    7   -.189E-03   -.143E-03
    7    8   -.182E-04   -.811E-05
    7    9   -.379E-05   -.662E-06
    7   10   -.133E-05   -.526E-07
    8    1    .284E+00    .288E+00
    8    2    .372E-01    .389E-01
    8    3    .177E+01    .175E+01
    8    4   -.367E+01   -.362E+01
    8    5   -.300E+00   -.307E+00
    8    6   -.313E-01   -.318E-01
    8    7   -.502E-01   -.521E-01
    8    8   -.432E-01   -.443E-01
    8    9   -.278E-01   -.285E-01
    8   10   -.189E-01   -.193E-01
    9    1    .395E-02    .411E-02
    9    2    .917E-03    .109E-02
    9    3    .253E-01    .268E-01
    9    4   -.152E-01   -.182E-01
    9    5   -.947E-02   -.905E-02
    9    6   -.233E-03   -.263E-03
    9    7   -.195E+01   -.195E+01
    9    8   -.204E-02   -.197E-02
    9    9   -.103E-02   -.987E-03
    9   10   -.651E-03   -.620E-03
   10    1    .533E-02    .556E-02
   10    2    .139E+01    .148E+01
   10    3    .919E+00    .990E+00
   10    4    .230E-01    .219E-01
   10    5   -.172E+00   -.179E+00
   10    6   -.350E+01   -.364E+01
   10    7   -.959E-02   -.100E-01
   10    8   -.269E+00   -.270E+00
   10    9   -.830E-02   -.846E-02
   10   10   -.539E-02   -.549E-02
   11    1    .234E-02    .220E-02
   11    2    .189E+00    .203E+00
   11    3    .772E-01    .840E-01
   11    4    .438E-01    .415E-01
   11    5   -.121E+00   -.121E+00
   11    6   -.459E+00   -.474E+00
   11    7   -.651E-03   -.589E-03
   11    8   -.163E+01   -.163E+01
   11    9   -.372E-03   -.335E-03
   11   10   -.139E-03   -.119E-03
   12    1    .152E+00    .141E+00
   12    2    .132E-01    .174E-01
   12    3    .663E-02    .360E-02
   12    4    .247E+01    .245E+01
   12    5   -.107E+01   -.106E+01
   12    6   -.134E-01   -.889E-02
   12    7   -.905E-01   -.946E-01
   12    8   -.137E-02   -.161E-02
   12    9   -.905E-01   -.912E-01
   12   10   -.391E-01   -.393E-01
   13    1    .100E-02    .883E-03
   13    2    .339E-03    .260E-03
   13    3    .134E-04    .656E-06
   13    4    .131E-01    .138E-01
   13    5   -.120E-02   -.134E-02
   13    6   -.323E-03   -.492E-03
   13    7   -.252E-03   -.316E-03
   13    8   -.862E-04   -.110E-03
   13    9   -.176E+01   -.176E+01
   13   10   -.230E-03   -.253E-03
   14    1    .226E-03    .201E-03
   14    2    .213E-03    .172E-03
   14    3    .313E-04    .631E-05
   14    4    .985E-04    .528E-04
   14    5   -.399E-02   -.373E-02
   14    6   -.635E-04   -.297E-04
   14    7   -.539E-05   -.111E-04
   14    8   -.302E-04   -.408E-04
   14    9   -.495E-04   -.619E-04
   14   10   -.179E+01   -.178E+01
  3  1  1    3  2  0       182
    1    1   -.523E+01   -.559E+01
    1    2   -.981E+00   -.915E+00
    1    3   -.378E+00   -.367E+00
    1    4   -.353E+00   -.333E+00
    1    5   -.172E-02   -.166E-02
    1    6   -.229E+00   -.219E+00
    1    7   -.401E-03   -.170E-03
    1    8   -.217E+00   -.215E+00
    1    9   -.330E-01   -.300E-01
    1   10   -.742E-01   -.705E-01
    1   11   -.440E-02   -.429E-02
    1   12   -.501E-01   -.476E-01
    1   13   -.411E-01   -.391E-01
    2    1    .213E+01    .227E+01
    2    2   -.383E-04   -.313E-03
    2    3   -.125E-01   -.144E-01
    2    4   -.807E-01   -.796E-01
    2    5   -.765E+01   -.764E+01
    2    6   -.277E-03   -.328E-03
    2    7   -.636E+00   -.653E+00
    2    8   -.204E-02   -.206E-02
    2    9   -.127E-02   -.136E-02
    2   10   -.359E-02   -.341E-02
    2   11   -.158E+01   -.155E+01
    2   12   -.523E-01   -.515E-01
    2   13   -.533E-02   -.525E-02
    3    1    .122E+01    .130E+01
    3    2   -.645E+01   -.669E+01
    3    3   -.444E+01   -.457E+01
    3    4   -.252E+00   -.238E+00
    3    5   -.481E-04   -.780E-04
    3    6   -.224E+00   -.217E+00
    3    7   -.483E-03   -.918E-03
    3    8   -.289E-01   -.288E-01
    3    9   -.955E-01   -.916E-01
    3   10   -.816E-01   -.789E-01
    3   11   -.376E-02   -.345E-02
    3   12   -.508E-01   -.493E-01
    3   13   -.387E-01   -.374E-01
    4    1    .220E-01    .208E-01
    4    2    .123E-01    .109E-01
    4    3   -.404E+01   -.409E+01
    4    4   -.202E-01   -.194E-01
    4    5   -.184E-04   -.571E-04
    4    6   -.328E+00   -.342E+00
    4    7   -.558E+01   -.594E+01
    4    8   -.128E+00   -.119E+00
    4    9   -.551E-01   -.551E-01
    4   10   -.288E-02   -.313E-02
    4   11   -.903E-02   -.905E-02
    4   12   -.929E-05   -.233E-04
    4   13   -.679E-07   -.144E-05
    5    1    .159E+00    .172E+00
    5    2    .320E+01    .324E+01
    5    3    .133E+00    .141E+00
    5    4   -.101E+02   -.103E+02
    5    5   -.525E-01   -.539E-01
    5    6   -.536E+00   -.517E+00
    5    7   -.425E-01   -.428E-01
    5    8   -.328E+01   -.329E+01
    5    9   -.841E-01   -.890E-01
    5   10   -.737E-01   -.707E-01
    5   11   -.807E-01   -.781E-01
    5   12   -.346E-01   -.331E-01
    5   13   -.357E-01   -.342E-01
    6    1    .193E-03    .587E-04
    6    2    .132E+01    .138E+01
    6    3    .324E+00    .340E+00
    6    4    .251E-01    .326E-01
    6    5   -.207E+01   -.207E+01
    6    6   -.151E-01   -.163E-01
    6    7   -.564E-01   -.589E-01
    6    8   -.390E-04   -.106E-04
    6    9   -.130E-03   -.362E-03
    6   10   -.207E-01   -.190E-01
    6   11   -.502E+01   -.487E+01
    6   12   -.147E+00   -.145E+00
    6   13   -.135E-01   -.136E-01
    7    1    .534E-01    .580E-01
    7    2    .315E+00    .310E+00
    7    3    .195E-01    .191E-01
    7    4    .442E+01    .442E+01
    7    5    .812E-01    .793E-01
    7    6   -.118E+02   -.122E+02
    7    7   -.794E+00   -.802E+00
    7    8   -.162E+00   -.150E+00
    7    9   -.146E+00   -.109E+00
    7   10   -.189E+00   -.165E+00
    7   11   -.115E-01   -.106E-01
    7   12   -.160E+00   -.150E+00
    7   13   -.120E+00   -.118E+00
    8    1    .772E-02    .847E-02
    8    2    .289E-01    .253E-01
    8    3    .210E+01    .207E+01
    8    4    .736E-01    .805E-01
    8    5    .577E-02    .570E-02
    8    6    .810E-02    .379E-02
    8    7    .864E-01    .708E-01
    8    8   -.528E+01   -.512E+01
    8    9   -.410E+00   -.427E+00
    8   10   -.611E-02   -.824E-02
    8   11   -.669E-03   -.757E-03
    8   12   -.381E-02   -.488E-02
    8   13   -.437E-02   -.522E-02
    9    1    .308E-01    .335E-01
    9    2    .107E+00    .110E+00
    9    3    .360E-02    .365E-02
    9    4    .706E+00    .733E+00
    9    5    .296E-03    .214E-03
    9    6    .568E+01    .571E+01
    9    7    .395E+00    .401E+00
    9    8   -.114E+01    .000E+00
    9    9   -.139E+02   -.138E+02
    9   10   -.161E+00   -.164E+00
    9   11   -.350E-02   -.318E-02
    9   12   -.137E+00   -.135E+00
    9   13   -.972E-01   -.940E-01
   10    1    .242E+00    .233E+00
   10    2    .358E-02    .317E-02
   10    3    .115E-02    .176E-02
   10    4    .220E+00    .229E+00
   10    5    .913E-01    .931E-01
   10    6    .326E+00    .337E+00
   10    7    .196E+01    .204E+01
   10    8    .117E-01    .174E-01
   10    9    .114E+01    .115E+01
   10   10   -.222E+01   -.222E+01
   10   11   -.155E+00   -.157E+00
   10   12   -.344E-02   -.313E-02
   10   13   -.295E-02   -.251E-02
   11    1    .322E-02    .211E-02
   11    2    .546E-01    .575E-01
   11    3    .265E-02    .289E-02
   11    4    .254E+00    .265E+00
   11    5    .455E-03    .606E-03
   11    6    .501E+00    .497E+00
   11    7    .562E+00    .585E+00
   11    8    .866E+00    .852E+00
   11    9    .599E+01    .585E+01
   11   10   -.151E+02   -.149E+02
   11   11   -.123E+00   -.117E+00
   11   12   -.994E-01   -.101E+00
   11   13   -.115E+00   -.112E+00
   12    1    .106E-01    .868E-02
   12    2    .317E-03    .658E-03
   12    3    .289E-01    .292E-01
   12    4    .155E+01    .155E+01
   12    5    .294E+00    .296E+00
   12    6    .873E-01    .891E-01
   12    7    .175E+00    .193E+00
   12    8    .150E+00    .147E+00
   12    9    .717E-03    .539E-03
   12   10    .204E+00    .000E+00
   12   11   -.354E+01   -.368E+01
   12   12   -.654E-01   -.639E-01
   12   13   -.154E-01   -.154E-01
   13    1    .964E-02    .104E-01
   13    2    .330E-01    .334E-01
   13    3    .134E-03    .129E-03
   13    4    .346E-01    .383E-01
   13    5    .277E-02    .295E-02
   13    6    .314E+00    .316E+00
   13    7    .751E-02    .746E-02
   13    8    .220E+00    .211E+00
   13    9    .809E+00    .785E+00
   13   10    .906E+01    .898E+01
   13   11    .113E+00    .000E+00
   13   12   -.193E+02    .000E+00
   13   13   -.122E+00   -.117E+00
   14    1    .624E-02    .680E-02
   14    2    .226E-01    .228E-01
   14    3    .125E-02    .124E-02
   14    4    .366E-01    .394E-01
   14    5    .244E-03    .279E-03
   14    6    .157E+00    .158E+00
   14    7    .386E-02    .390E-02
   14    8    .113E+00    .109E+00
   14    9    .261E+00    .254E+00
   14   10    .123E+01    .122E+01
   14   11    .809E-01    .822E-01
   14   12    .110E+02    .110E+02
   14   13   -.217E+02    .000E+00
  3  1  0    3  2  1       110
    1    1   -.786E+01   -.849E+01
    1    2   -.120E+01   -.111E+01
    1    3   -.729E-01   -.722E-01
    1    4   -.488E+00   -.453E+00
    1    5   -.307E+00   -.290E+00
    1    6   -.446E-04   -.848E-04
    1    7   -.176E+00   -.165E+00
    1    8   -.112E+00   -.106E+00
    1    9   -.154E-01   -.160E-01
    1   10   -.600E-01   -.545E-01
    1   11   -.563E-01   -.526E-01
    2    1    .205E+01    .221E+01
    2    2   -.470E-01   -.576E-01
    2    3   -.627E+00   -.688E+00
    2    4   -.416E-01   -.502E-01
    2    5   -.232E+00   -.215E+00
    2    6   -.977E+01   -.919E+01
    2    7   -.799E-02   -.771E-02
    2    8   -.100E-04   -.620E-05
    2    9   -.455E-01   -.498E-01
    2   10   -.180E-01   -.199E-01
    2   11   -.299E-04   -.539E-04
    3    1    .661E+00    .726E+00
    3    2   -.483E+01   -.509E+01
    3    3   -.499E+01   -.527E+01
    3    4   -.205E-01   -.367E-01
    3    5   -.107E+00   -.945E-01
    3    6   -.130E+00   -.135E+00
    3    7   -.994E-01   -.931E-01
    3    8   -.619E-01   -.584E-01
    3    9   -.155E-01   -.168E-01
    3   10   -.238E-01   -.206E-01
    3   11   -.272E-01   -.252E-01
    4    1    .924E-01    .100E+00
    4    2    .208E+01    .203E+01
    4    3   -.466E+00   -.482E+00
    4    4   -.681E+01   -.687E+01
    4    5   -.368E+00   -.363E+00
    4    6   -.618E-02   -.709E-02
    4    7   -.267E+00   -.269E+00
    4    8   -.258E+00   -.262E+00
    4    9   -.331E+01   -.348E+01
    4   10   -.690E+00   -.741E+00
    4   11   -.426E-02   -.356E-02
    5    1    .121E-01    .150E-01
    5    2    .474E+00    .466E+00
    5    3    .453E-01    .443E-01
    5    4    .317E+01    .314E+01
    5    5   -.880E+01   -.892E+01
    5    6   -.817E-01   -.108E+00
    5    7   -.237E+00   -.198E+00
    5    8   -.177E+00   -.161E+00
    5    9   -.162E+00   -.163E+00
    5   10   -.134E-01   -.115E-01
    5   11   -.584E-01   -.584E-01
    6    1    .109E+00    .966E-01
    6    2    .355E+00    .389E+00
    6    3    .149E+01    .155E+01
    6    4    .930E-02    .908E-02
    6    5   -.109E+00    .000E+00
    6    6   -.107E+01   -.526E+00
    6    7   -.685E-01   -.643E-01
    6    8   -.817E-02   -.747E-02
    6    9   -.206E+00   -.197E+00
    6   10   -.142E+00   -.136E+00
    6   11   -.810E-02   -.802E-02
    7    1    .190E-01    .202E-01
    7    2    .789E-01    .776E-01
    7    3    .836E-01    .867E-01
    7    4    .362E+00    .371E+00
    7    5    .410E+01    .411E+01
    7    6    .145E+00    .131E+00
    7    7   -.107E+02   -.105E+02
    7    8   -.243E+00   -.251E+00
    7    9   -.139E+00   -.141E+00
    7   10   -.441E-01   -.441E-01
    7   11   -.811E-01   -.799E-01
    8    1    .929E-02    .101E-01
    8    2    .432E-01    .429E-01
    8    3    .335E-01    .351E-01
    8    4    .132E+00    .138E+00
    8    5    .588E+00    .585E+00
    8    6    .642E-02    .560E-02
    8    7    .539E+01    .525E+01
    8    8   -.122E+02   -.120E+02
    8    9   -.430E+00   -.431E+00
    8   10   -.115E-01   -.122E-01
    8   11   -.107E+00   -.105E+00
    9    1    .525E-02    .577E-02
    9    2    .263E-01    .259E-01
    9    3    .195E-01    .205E-01
    9    4    .676E-01    .709E-01
    9    5    .211E+00    .210E+00
    9    6    .106E-02    .922E-03
    9    7    .746E+00    .717E+00
    9    8    .644E+01    .637E+01
    9    9   -.236E+01    .000E+00
    9   10   -.116E+02   -.116E+02
    9   11   -.112E+00   -.109E+00
   10    1    .308E-02    .344E-02
   10    2    .175E-01    .171E-01
   10    3    .138E-01    .145E-01
   10    4    .426E-01    .446E-01
   10    5    .104E+00    .104E+00
   10    6    .138E-03    .129E-03
   10    7    .263E+00    .253E+00
   10    8    .894E+00    .881E+00
   10    9    .123E+01    .124E+01
   10   10    .687E+01    .686E+01
   10   11   -.160E+02    .000E+00
  3  2  1    3  2  0       143
    1    1    .322E+01    .337E+01
    1    2   -.694E-03   -.172E-02
    1    3   -.295E+00   -.304E+00
    1    4   -.426E-01   -.427E-01
    1    5   -.137E+01   -.138E+01
    1    6   -.358E-01   -.359E-01
    1    7   -.128E+01   -.130E+01
    1    8   -.124E+00   -.129E+00
    1    9   -.135E-01   -.140E-01
    1   10   -.225E-02   -.217E-02
    1   11   -.260E+00   -.253E+00
    1   12   -.546E-02   -.538E-02
    1   13   -.631E-04   -.719E-04
    2    1    .150E-01    .156E-01
    2    2    .389E+01    .403E+01
    2    3    .158E+01    .165E+01
    2    4    .368E-03    .000E+00
    2    5   -.484E+00   -.492E+00
    2    6   -.648E-03   -.944E-03
    2    7   -.153E-01   -.167E-01
    2    8   -.800E+00   -.794E+00
    2    9   -.189E+00   -.190E+00
    2   10   -.222E-01   -.224E-01
    2   11   -.758E+00   -.731E+00
    2   12   -.712E-02   -.639E-02
    2   13   -.372E-03   -.489E-03
    3    1    .420E+00    .404E+00
    3    2    .528E-02    .559E-02
    3    3    .898E+00    .975E+00
    3    4    .441E+00    .443E+00
    3    5    .412E-01    .437E-01
    3    6    .254E+00    .261E+00
    3    7    .354E+01    .361E+01
    3    8    .349E-01    .327E-01
    3    9    .937E-02    .759E-02
    3   10   -.314E-02   -.361E-02
    3   11   -.246E+00   -.246E+00
    3   12   -.513E-02   -.483E-02
    3   13   -.686E-03   -.630E-03
    4    1    .414E-01    .366E-01
    4    2    .187E-02    .100E-02
    4    3    .321E+00    .329E+00
    4    4    .303E+01    .304E+01
    4    5    .200E-02    .194E-02
    4    6    .369E-03    .403E-03
    4    7    .386E+00    .410E+00
    4    8    .228E+01    .234E+01
    4    9    .377E+00    .382E+00
    4   10    .527E-03    .000E+00
    4   11   -.535E+00   -.549E+00
    4   12   -.861E-02   -.838E-02
    4   13   -.166E-03   -.217E-03
    5    1    .279E-04    .120E-03
    5    2    .245E-03    .664E-04
    5    3    .759E-01    .744E-01
    5    4    .425E-02    .465E-02
    5    5    .223E+00    .231E+00
    5    6    .273E+01    .273E+01
    5    7    .248E+00    .254E+00
    5    8    .891E-01    .810E-01
    5    9    .453E-01    .434E-01
    5   10    .117E-01    .118E-01
    5   11    .141E+00    .139E+00
    5   12    .176E-03    .214E-03
    5   13    .457E-02    .473E-02
    6    1    .237E-07    .428E-08
    6    2    .148E-02    .162E-02
    6    3    .126E-02    .155E-02
    6    4    .173E-01    .187E-01
    6    5    .313E+01    .333E+01
    6    6    .154E+00    .157E+00
    6    7    .748E-04    .128E-03
    6    8    .404E-02    .378E-02
    6    9    .457E-03    .500E-03
    6   10    .459E-03    .517E-03
    6   11    .345E-03    .501E-03
    6   12    .606E-03    .618E-03
    6   13    .151E-02    .156E-02
    7    1    .537E-03    .734E-03
    7    2    .320E-03    .171E-03
    7    3    .388E-01    .379E-01
    7    4    .535E-03    .617E-03
    7    5    .515E-03    .485E-03
    7    6    .572E-04    .378E-04
    7    7    .402E-03    .566E-03
    7    8    .284E+00    .292E+00
    7    9    .285E+01    .285E+01
    7   10    .486E-02    .505E-02
    7   11    .144E-01    .155E-01
    7   12    .327E-03    .344E-03
    7   13    .500E-03    .549E-03
    8    1    .197E-02    .224E-02
    8    2    .196E-03    .109E-03
    8    3    .244E-01    .237E-01
    8    4    .342E-03    .406E-03
    8    5    .783E-03    .825E-03
    8    6    .178E-03    .143E-03
    8    7    .464E-02    .493E-02
    8    8    .510E-03    .827E-03
    8    9    .703E-03    .759E-03
    8   10    .305E+01    .305E+01
    8   11    .217E-03    .911E-04
    8   12    .159E-02    .160E-02
    8   13    .379E-03    .414E-03
    9    1    .120E+00    .120E+00
    9    2    .129E-03    .137E-03
    9    3    .275E-02    .238E-02
    9    4    .910E-04    .195E-03
    9    5    .421E-04    .120E-03
    9    6    .405E-02    .330E-02
    9    7    .224E+00    .216E+00
    9    8    .814E+00    .853E+00
    9    9    .180E+00    .186E+00
    9   10    .320E-01    .315E-01
    9   11    .703E-01    .754E-01
    9   12    .740E+00    .739E+00
    9   13    .751E-02    .770E-02
   10    1    .423E-01    .410E-01
   10    2    .277E-04    .251E-05
   10    3    .137E-01    .138E-01
   10    4    .124E-03    .907E-04
   10    5    .557E-03    .453E-03
   10    6    .101E-02    .813E-03
   10    7    .734E-01    .689E-01
   10    8    .435E+00    .448E+00
   10    9    .937E-01    .962E-01
   10   10    .108E-01    .108E-01
   10   11    .702E-01    .693E-01
   10   12    .218E+01    .218E+01
   10   13    .155E-02    .155E-02
   11    1    .483E-03    .388E-03
   11    2    .678E-04    .312E-04
   11    3    .122E-01    .120E-01
   11    4    .149E-03    .160E-03
   11    5    .416E-03    .415E-03
   11    6    .639E-06    .833E-06
   11    7    .476E-03    .353E-03
   11    8    .259E-01    .258E-01
   11    9    .556E-02    .565E-02
   11   10    .398E-03    .427E-03
   11   11    .208E-01    .216E-01
   11   12    .691E-03    .687E-03
   11   13    .300E+01    .300E+01
  3  2  1    3  3  0        99
    1    1   -.719E+01   -.769E+01
    1    2   -.129E+02   -.129E+02
    1    3   -.270E+01   -.266E+01
    1    4   -.102E+01   -.961E+00
    1    5   -.807E+00   -.795E+00
    1    6   -.462E+00   -.453E+00
    1    7   -.279E+00   -.274E+00
    1    8   -.185E+00   -.181E+00
    1    9   -.133E+00   -.130E+00
    2    1    .143E+00    .140E+00
    2    2   -.297E+01   -.297E+01
    2    3   -.720E+01   -.697E+01
    2    4   -.286E+01   -.310E+01
    2    5   -.277E+01   -.270E+01
    2    6   -.108E+01   -.106E+01
    2    7   -.575E+00   -.567E+00
    2    8   -.350E+00   -.345E+00
    2    9   -.232E+00   -.228E+00
    3    1    .205E+01    .220E+01
    3    2    .336E+00    .349E+00
    3    3   -.148E+01   -.150E+01
    3    4   -.846E+01   -.875E+01
    3    5   -.595E-01   -.564E-01
    3    6   -.813E-01   -.802E-01
    3    7   -.482E-01   -.475E-01
    3    8   -.281E-01   -.276E-01
    3    9   -.151E-01   -.148E-01
    4    1    .191E+00    .198E+00
    4    2    .445E+00    .436E+00
    4    3   -.363E+01   -.384E+01
    4    4   -.174E+00   -.159E+00
    4    5   -.650E+01   -.644E+01
    4    6   -.190E+01   -.190E+01
    4    7   -.840E+00   -.836E+00
    4    8   -.446E+00   -.441E+00
    4    9   -.255E+00   -.249E+00
    5    1    .128E-01    .116E-01
    5    2    .273E+00    .267E+00
    5    3    .139E+01    .136E+01
    5    4    .138E+00    .219E+00
    5    5   -.716E+01   -.762E+01
    5    6   -.541E+01   -.511E+01
    5    7   -.182E+01   -.175E+01
    5    8   -.878E+00   -.865E+00
    5    9   -.506E+00   -.511E+00
    6    1    .597E+00    .476E+00
    6    2    .172E+01    .166E+01
    6    3    .148E-02    .753E-02
    6    4    .187E+00    .205E-01
    6    5    .817E-01    .000E+00
    6    6   -.400E+00   -.366E+00
    6    7   -.824E-01   -.741E-01
    6    8   -.323E-01   -.292E-01
    6    9   -.167E-01   -.152E-01
    7    1    .762E-06    .718E-04
    7    2    .189E-01    .201E-01
    7    3    .229E+00    .243E+00
    7    4    .304E-01    .341E-01
    7    5    .240E+01    .244E+01
    7    6   -.884E+01    .000E+00
    7    7   -.529E+01   -.527E+01
    7    8   -.181E+01   -.180E+01
    7    9   -.888E+00   -.879E+00
    8    1    .219E-02    .293E-02
    8    2    .128E-01    .137E-01
    8    3    .846E-01    .931E-01
    8    4    .491E-01    .526E-01
    8    5    .441E+00    .445E+00
    8    6    .345E+01    .337E+01
    8    7   -.109E+02    .000E+00
    8    8   -.489E+01   -.486E+01
    8    9   -.172E+01   -.170E+01
    9    1    .206E+00    .224E+00
    9    2    .977E-02    .121E-01
    9    3    .488E-02    .773E-02
    9    4    .201E+01    .195E+01
    9    5    .168E+00    .175E+00
    9    6    .332E+00    .335E+00
    9    7    .265E+01    .268E+01
    9    8   -.692E+01    .000E+00
    9    9   -.375E+00   -.355E+00
   10    1    .758E-01    .799E-01
   10    2    .133E-02    .104E-02
   10    3    .414E-01    .418E-01
   10    4    .658E+00    .619E+00
   10    5    .386E-01    .365E-01
   10    6    .274E+00    .250E+00
   10    7    .213E+01    .207E+01
   10    8   -.508E+01    .000E+00
   10    9   -.534E+01   -.533E+01
   11    1    .890E-03    .793E-03
   11    2    .420E-02    .430E-02
   11    3    .304E-01    .330E-01
   11    4    .458E-02    .340E-02
   11    5    .664E-01    .661E-01
   11    6    .201E+00    .188E+00
   11    7    .731E+00    .715E+00
   11    8    .516E+01    .517E+01
   11    9   -.128E+02    .000E+00
  3  2  0    3  3  1       156
    1    1   -.307E+01   -.305E+01
    1    2   -.131E+02   -.131E+02
    1    3   -.538E+00   -.554E+00
    1    4   -.247E+01   -.244E+01
    1    5   -.109E+01   -.107E+01
    1    6   -.588E+00   -.581E+00
    1    7   -.541E+00   -.529E+00
    1    8   -.301E-01   -.312E-01
    1    9   -.280E+00   -.276E+00
    1   10   -.475E-03   -.432E-03
    1   11   -.197E+00   -.194E+00
    1   12   -.137E+00   -.135E+00
    2    1    .179E+00    .200E+00
    2    2   -.315E+01   -.325E+01
    2    3   -.740E+00   -.767E+00
    2    4   -.952E+01   -.951E+01
    2    5   -.253E+01   -.250E+01
    2    6   -.108E+01   -.108E+01
    2    7   -.774E-01   -.826E-01
    2    8   -.470E-01   -.485E-01
    2    9   -.563E+00   -.564E+00
    2   10   -.131E-01   -.137E-01
    2   11   -.358E+00   -.358E+00
    2   12   -.241E+00   -.240E+00
    3    1    .201E+01    .210E+01
    3    2    .699E-01    .763E-01
    3    3   -.109E+02   -.112E+02
    3    4   -.213E+01   -.216E+01
    3    5   -.940E-01   -.952E-01
    3    6   -.648E-01   -.673E-01
    3    7   -.690E+01   -.733E+01
    3    8   -.269E+00   -.240E+00
    3    9   -.113E-02   -.851E-03
    3   10   -.231E-02   -.205E-02
    3   11   -.132E-02   -.140E-02
    3   12   -.124E-02   -.128E-02
    4    1    .614E-03    .157E-02
    4    2    .101E+01    .104E+01
    4    3   -.898E-01    .000E+00
    4    4   -.535E+01   -.557E+01
    4    5   -.714E+01   -.710E+01
    4    6   -.219E+01   -.220E+01
    4    7   -.970E-03   -.300E-02
    4    8   -.259E+01   -.258E+01
    4    9   -.166E+01   -.165E+01
    4   10   -.148E+00   -.140E+00
    4   11   -.620E+00   -.617E+00
    4   12   -.390E+00   -.385E+00
    5    1    .475E-01    .484E-01
    5    2    .296E+01    .307E+01
    5    3    .109E+00    .108E+00
    5    4    .843E-01    .903E-01
    5    5   -.401E+00   -.404E+00
    5    6   -.292E-01   -.309E-01
    5    7   -.475E-01   -.441E-01
    5    8   -.306E-01   -.308E-01
    5    9   -.399E-03   -.543E-03
    5   10   -.184E+02   -.174E+02
    5   11   -.507E-01   -.490E-01
    5   12   -.819E-02   -.795E-02
    6    1    .853E-01    .930E-01
    6    2    .620E-01    .619E-01
    6    3    .286E-01    .316E-01
    6    4    .179E+01    .178E+01
    6    5   -.778E+01    .000E+00
    6    6   -.605E+01   -.573E+01
    6    7   -.383E+00   -.420E+00
    6    8   -.482E+00   -.493E+00
    6    9   -.170E+01   -.161E+01
    6   10   -.890E-01   -.831E-01
    6   11   -.948E+00   -.931E+00
    6   12   -.536E+00   -.539E+00
    7    1    .146E+01    .146E+01
    7    2    .533E-04    .625E-05
    7    3    .685E-01    .607E-01
    7    4    .249E-02    .251E-02
    7    5    .871E-01    .000E+00
    7    6   -.535E+00   -.512E+00
    7    7   -.625E+01   -.631E+01
    7    8   -.336E-01   -.379E-01
    7    9   -.223E+00   -.220E+00
    7   10   -.567E-01   -.539E-01
    7   11   -.687E-01   -.685E-01
    7   12   -.357E-01   -.364E-01
    8    1    .902E-01    .105E+00
    8    2    .309E-01    .323E-01
    8    3    .323E+01    .321E+01
    8    4    .270E+00    .277E+00
    8    5    .993E+00    .100E+01
    8    6   -.320E+01   -.316E+01
    8    7   -.874E-01   -.109E+00
    8    8   -.133E+02   -.137E+02
    8    9   -.775E-02   -.930E-02
    8   10   -.641E-01   -.629E-01
    8   11   -.691E-01   -.674E-01
    8   12   -.473E-01   -.457E-01
    9    1    .258E-01    .261E-01
    9    2    .944E-02    .102E-01
    9    3    .560E+00    .547E+00
    9    4    .158E+00    .165E+00
    9    5    .180E+01    .182E+01
    9    6   -.636E+01    .000E+00
    9    7   -.120E-01   -.163E-01
    9    8   -.728E+00   -.761E+00
    9    9   -.710E+01   -.710E+01
    9   10   -.342E-01   -.330E-01
    9   11   -.209E+01   -.208E+01
    9   12   -.980E+00   -.975E+00
   10    1    .255E-03    .108E-03
   10    2    .127E-01    .138E-01
   10    3    .698E-02    .635E-02
   10    4    .196E+00    .207E+00
   10    5    .460E+00    .459E+00
   10    6    .364E+01    .353E+01
   10    7    .486E-01    .588E-01
   10    8   -.885E-03    .000E+00
   10    9   -.115E+02    .000E+00
   10   10   -.229E-03   -.188E-03
   10   11   -.578E+01   -.577E+01
   10   12   -.199E+01   -.197E+01
   11    1    .566E-02    .559E-02
   11    2    .443E-02    .546E-02
   11    3    .247E-01    .260E-01
   11    4    .302E+01    .304E+01
   11    5    .501E-02    .527E-02
   11    6    .364E-01    .357E-01
   11    7    .340E-02    .341E-02
   11    8    .169E+00    .172E+00
   11    9    .540E+00    .539E+00
   11   10   -.752E+00    .000E+00
   11   11   -.131E+01   -.131E+01
   11   12   -.130E-01   -.135E-01
   12    1    .269E-03    .122E-03
   12    2    .571E-02    .603E-02
   12    3    .109E-03    .199E-03
   12    4    .360E-02    .251E-02
   12    5    .168E+00    .167E+00
   12    6    .598E+00    .564E+00
   12    7    .816E-02    .106E-01
   12    8    .450E-04    .184E-03
   12    9    .459E+01    .453E+01
   12   10    .897E-03    .000E+00
   12   11   -.121E+02    .000E+00
   12   12   -.602E+01   -.596E+01
   13    1    .245E-07    .260E-04
   13    2    .471E-02    .502E-02
   13    3    .175E-03    .244E-03
   13    4    .962E-02    .113E-01
   13    5    .911E-01    .904E-01
   13    6    .237E+00    .221E+00
   13    7    .667E-02    .830E-02
   13    8    .725E-02    .813E-02
   13    9    .905E+00    .888E+00
   13   10    .602E-02    .577E-02
   13   11    .608E+01    .609E+01
   13   12   -.151E+02    .000E+00
  3  3  1    3  3  0       108
    1    1   -.570E+01   -.614E+01
    1    2   -.118E+01   -.117E+01
    1    3   -.262E+00   -.256E+00
    1    4   -.231E+00   -.202E+00
    1    5   -.149E+00   -.142E+00
    1    6   -.649E-01   -.624E-01
    1    7   -.365E-01   -.351E-01
    1    8   -.224E-01   -.216E-01
    1    9   -.141E-01   -.136E-01
    2    1    .386E-03    .000E+00
    2    2   -.416E+01   -.429E+01
    2    3   -.506E-02   -.400E-02
    2    4   -.224E-02   -.286E-02
    2    5   -.127E-02   -.923E-03
    2    6   -.652E-03   -.504E-03
    2    7   -.356E-03   -.277E-03
    2    8   -.215E-03   -.168E-03
    2    9   -.142E-03   -.112E-03
    3    1    .586E-02    .115E-01
    3    2   -.272E+00   -.302E+00
    3    3   -.208E+01   -.203E+01
    3    4   -.255E+01   -.274E+01
    3    5   -.175E+00   -.162E+00
    3    6   -.107E+00   -.102E+00
    3    7   -.602E-01   -.582E-01
    3    8   -.376E-01   -.364E-01
    3    9   -.254E-01   -.246E-01
    4    1    .202E-02    .289E-02
    4    2   -.637E-02   -.664E-02
    4    3   -.338E+01   -.340E+01
    4    4   -.148E+00   -.158E+00
    4    5   -.940E-02   -.847E-02
    4    6   -.552E-02   -.519E-02
    4    7   -.310E-02   -.293E-02
    4    8   -.195E-02   -.184E-02
    4    9   -.133E-02   -.126E-02
    5    1    .505E-03    .594E-03
    5    2    .699E-03    .929E-03
    5    3   -.568E-04   -.337E-04
    5    4   -.291E-01   -.281E-01
    5    5   -.417E+01   -.418E+01
    5    6   -.657E-03   -.604E-03
    5    7   -.239E-03   -.217E-03
    5    8   -.134E-03   -.121E-03
    5    9   -.882E-04   -.800E-04
    6    1    .213E-03    .219E-03
    6    2    .121E-02    .143E-02
    6    3   -.973E-03   -.901E-03
    6    4   -.118E-01   -.116E-01
    6    5   -.443E-03   -.488E-03
    6    6   -.423E+01   -.423E+01
    6    7   -.269E-03   -.251E-03
    6    8   -.628E-04   -.566E-04
    6    9   -.281E-04   -.248E-04
    7    1    .139E+01    .147E+01
    7    2    .120E-01    .113E-01
    7    3   -.223E-01   -.223E-01
    7    4   -.393E+01   -.411E+01
    7    5   -.207E-01   -.223E-01
    7    6   -.971E-02   -.101E-01
    7    7   -.821E-03   -.751E-03
    7    8   -.582E-04   -.464E-04
    7    9   -.124E-05   -.537E-06
    8    1    .578E-01    .572E-01
    8    2    .788E-01    .824E-01
    8    3   -.494E+00   -.515E+00
    8    4   -.185E-01   -.265E-01
    8    5   -.896E+00   -.893E+00
    8    6   -.253E+00   -.254E+00
    8    7   -.465E+00   -.465E+00
    8    8   -.105E+00   -.105E+00
    8    9   -.726E-01   -.721E-01
    9    1    .205E-03    .250E-03
    9    2    .376E-04    .235E-04
    9    3   -.765E-02   -.841E-02
    9    4   -.143E-05   -.523E-06
    9    5   -.193E-01   -.189E-01
    9    6   -.340E-02   -.334E-02
    9    7   -.389E+01   -.389E+01
    9    8   -.537E-02   -.530E-02
    9    9   -.287E-02   -.282E-02
   10    1    .143E+00    .137E+00
   10    2    .206E+01    .200E+01
   10    3    .157E+00    .000E+00
   10    4   -.792E-02   -.108E-01
   10    5   -.405E-01   -.410E-01
   10    6   -.545E-02   -.582E-02
   10    7   -.494E-03   -.555E-03
   10    8   -.129E-01   -.129E-01
   10    9   -.241E-02   -.240E-02
   11    1    .179E-03    .208E-03
   11    2    .178E-02    .155E-02
   11    3    .131E-02    .123E-02
   11    4   -.918E-06   -.833E-05
   11    5   -.812E-03   -.764E-03
   11    6   -.141E-04   -.115E-04
   11    7   -.173E-03   -.181E-03
   11    8   -.418E+01   -.418E+01
   11    9   -.982E-03   -.966E-03
   12    1    .505E-03    .528E-03
   12    2    .927E-07    .318E-05
   12    3    .525E-03    .509E-03
   12    4   -.711E-05   -.303E-04
   12    5   -.348E-03   -.320E-03
   12    6   -.594E-07   -.333E-06
   12    7   -.489E-04   -.528E-04
   12    8   -.383E-03   -.393E-03
   12    9   -.420E+01   -.420E+01
  3  3  1    3  4  0        84
    1    1   -.485E+01   -.482E+01
    1    2   -.110E+02   -.109E+02
    1    3   -.845E-01   -.824E-01
    1    4   -.901E-03   -.103E-02
    1    5   -.255E+00   -.253E+00
    1    6   -.287E+01   -.282E+01
    1    7   -.119E+00   -.116E+00
    2    1   -.116E+02   -.114E+02
    2    2   -.187E+02   -.188E+02
    2    3   -.542E+01   -.532E+01
    2    4   -.164E+01   -.163E+01
    2    5   -.578E+00   -.571E+00
    2    6   -.142E+00   -.142E+00
    2    7   -.463E+00   -.457E+00
    3    1   -.387E+00    .000E+00
    3    2   -.216E+01   -.206E+01
    3    3   -.152E+01   -.146E+01
    3    4   -.708E+00   -.682E+00
    3    5   -.159E+01   -.153E+01
    3    6   -.667E+01   -.645E+01
    3    7   -.494E-01   -.499E-01
    4    1    .588E+00    .000E+00
    4    2   -.376E+01   -.379E+01
    4    3   -.197E+02   -.197E+02
    4    4   -.356E+01   -.357E+01
    4    5   -.110E+00   -.111E+00
    4    6   -.920E+01   -.911E+01
    4    7   -.208E+01   -.206E+01
    5    1    .993E-01    .909E-01
    5    2    .508E+00    .501E+00
    5    3   -.283E+01    .000E+00
    5    4   -.204E+02   -.199E+02
    5    5   -.435E+01   -.433E+01
    5    6   -.253E+00   -.230E+00
    5    7   -.197E+01   -.199E+01
    6    1    .221E-01    .217E-01
    6    2    .557E-01    .576E-01
    6    3    .923E+00    .910E+00
    6    4   -.284E+01    .000E+00
    6    5   -.199E+02   -.199E+02
    6    6   -.164E+00   -.160E+00
    6    7   -.479E+01   -.476E+01
    7    1    .386E-01    .327E-01
    7    2    .670E-02    .128E-01
    7    3    .596E-03    .728E-08
    7    4    .313E-01    .197E-01
    7    5   -.159E+00   -.147E+00
    7    6   -.198E+00   -.208E+00
    7    7   -.119E-01   -.145E-01
    8    1    .112E+00    .119E+00
    8    2    .560E+00    .530E+00
    8    3    .509E-01    .434E-01
    8    4    .161E-03    .168E-04
    8    5   -.857E+00    .000E+00
    8    6   -.367E+01   -.389E+01
    8    7   -.113E+01   -.111E+01
    9    1    .230E-02    .194E-02
    9    2    .745E-01    .739E-01
    9    3    .192E+00    .177E+00
    9    4    .143E+01    .134E+01
    9    5    .233E+00    .000E+00
    9    6   -.804E+01   -.806E+01
    9    7   -.156E+02   -.155E+02
   10    1    .357E+01    .244E+01
   10    2    .184E+01    .951E+00
   10    3    .750E-02    .751E-02
   10    4    .368E-02    .321E-02
   10    5    .232E-01    .762E-06
   10    6    .275E-02    .000E+00
   10    7   -.810E-01    .000E+00
   11    1    .668E-03    .144E-03
   11    2    .302E-02    .553E-02
   11    3    .572E-01    .551E-01
   11    4    .253E+00    .231E+00
   11    5    .134E+01    .135E+01
   11    6    .239E+01    .235E+01
   11    7   -.730E+01    .000E+00
   12    1    .286E-03    .446E-03
   12    2    .365E-02    .465E-02
   12    3    .278E-01    .255E-01
   12    4    .917E-01    .811E-01
   12    5    .263E+00    .262E+00
   12    6    .216E+00    .211E+00
   12    7    .347E+01    .353E+01
  3  3  0    3  4  1        63
    1    1   -.690E+00   -.672E+00
    1    2   -.132E+02   -.129E+02
    1    3   -.969E+01   -.947E+01
    1    4   -.248E-01   -.239E-01
    1    5   -.547E-03   -.564E-03
    1    6   -.681E-02   -.670E-02
    1    7   -.143E-01   -.139E-01
    2    1   -.234E+02   -.224E+02
    2    2   -.756E+00   -.860E+00
    2    3   -.119E+02   -.119E+02
    2    4   -.178E+01   -.174E+01
    2    5   -.725E+00   -.709E+00
    2    6   -.378E+00   -.368E+00
    2    7   -.223E+00   -.216E+00
    3    1   -.568E+00    .000E+00
    3    2   -.121E+02   -.121E+02
    3    3   -.958E+01   -.942E+01
    3    4   -.435E+01   -.434E+01
    3    5   -.158E+01   -.156E+01
    3    6   -.725E+00   -.709E+00
    3    7   -.369E+00   -.357E+00
    4    1    .317E-04    .474E-04
    4    2   -.235E+01   -.217E+01
    4    3   -.918E+00   -.800E+00
    4    4   -.203E+00   -.191E+00
    4    5   -.129E+00   -.124E+00
    4    6   -.101E+00   -.988E-01
    4    7   -.946E-01   -.924E-01
    5    1    .237E+00    .232E+00
    5    2    .153E+01    .000E+00
    5    3   -.369E+01    .000E+00
    5    4   -.193E+02   -.188E+02
    5    5   -.456E+01   -.453E+01
    5    6   -.181E+01   -.185E+01
    5    7   -.914E+00   -.954E+00
    6    1    .379E-01    .404E-01
    6    2    .101E+00    .945E-01
    6    3    .773E+00    .786E+00
    6    4   -.248E+01    .000E+00
    6    5   -.189E+02   -.189E+02
    6    6   -.477E+01   -.474E+01
    6    7   -.201E+01   -.198E+01
    7    1    .128E-01    .144E-01
    7    2    .223E-01    .185E-01
    7    3    .112E+00    .111E+00
    7    4    .127E+01    .120E+01
    7    5   -.272E+01    .000E+00
    7    6   -.187E+02   -.185E+02
    7    7   -.486E+01   -.477E+01
    8    1    .612E-02    .695E-02
    8    2    .923E-02    .727E-02
    8    3    .348E-01    .342E-01
    8    4    .225E+00    .204E+00
    8    5    .184E+01    .184E+01
    8    6   -.303E+01    .000E+00
    8    7   -.187E+02   -.184E+02
    9    1    .356E-02    .402E-02
    9    2    .565E-02    .443E-02
    9    3    .137E-01    .135E-01
    9    4    .789E-01    .701E-01
    9    5    .340E+00    .339E+00
    9    6    .247E+01    .253E+01
    9    7   -.329E+01    .000E+00
  3  4  1    3  4  0        49
    1    1    .789E+01    .741E+01
    1    2    .103E-02    .103E-01
    1    3    .108E-01    .207E-01
    1    4    .836E-02    .144E-01
    1    5    .203E-01    .342E-01
    1    6    .210E-01    .000E+00
    1    7   -.596E-02   -.926E-02
    2    1    .553E+00    .573E+00
    2    2    .284E+01    .298E+01
    2    3    .209E+01    .193E+01
    2    4    .182E-01    .995E-02
    2    5    .675E-01    .575E-01
    2    6    .600E+00    .617E+00
    2    7    .278E-01    .341E-01
    3    1    .659E-01    .841E-01
    3    2    .394E+00    .429E+00
    3    3    .345E+01    .330E+01
    3    4    .101E-02    .132E-03
    3    5    .521E-01    .493E-01
    3    6    .510E+00    .525E+00
    3    7    .177E-01    .192E-01
    4    1    .164E-01    .145E-01
    4    2    .563E-01    .572E-01
    4    3    .718E-03    .293E-02
    4    4    .565E+01    .552E+01
    4    5    .271E-01    .210E-01
    4    6    .134E+00    .144E+00
    4    7    .130E-02    .327E-02
    5    1    .963E-02    .890E-02
    5    2    .325E-01    .334E-01
    5    3    .449E-03    .111E-02
    5    4    .145E-03    .485E-04
    5    5    .553E+01    .545E+01
    5    6    .119E+00    .112E+00
    5    7    .195E-02    .689E-03
    6    1    .579E-02    .541E-02
    6    2    .191E-01    .198E-01
    6    3    .288E-03    .531E-03
    6    4    .263E-03    .806E-05
    6    5    .201E-01    .168E-01
    6    6    .499E+00    .510E+00
    6    7    .506E+01    .499E+01
    7    1    .375E-02    .352E-02
    7    2    .122E-01    .127E-01
    7    3    .183E-03    .287E-03
    7    4    .237E-03    .314E-04
    7    5    .117E-01    .979E-02
    7    6    .168E+00    .173E+00
    7    7    .188E-01    .220E-01
  0  0  0    0  0  0         0
