   18    3    F
  2  0  0    2  1  1        81
    1    1   -.155E+00    .000E+00
    1    2   -.726E+00    .000E+00
    1    3   -.183E+00    .000E+00
    1    4   -.764E-01    .000E+00
    1    5   -.398E-01    .000E+00
    1    6   -.236E-01    .000E+00
    1    7   -.152E-01    .000E+00
    1    8   -.104E-01    .000E+00
    1    9   -.744E-02    .000E+00
    2    1    .113E+00    .000E+00
    2    2   -.262E+00    .000E+00
    2    3   -.792E+00    .000E+00
    2    4   -.211E+00    .000E+00
    2    5   -.920E-01    .000E+00
    2    6   -.495E-01    .000E+00
    2    7   -.302E-01    .000E+00
    2    8   -.199E-01    .000E+00
    2    9   -.139E-01    .000E+00
    3    1    .242E-01    .000E+00
    3    2    .260E+00    .000E+00
    3    3   -.361E+00    .000E+00
    3    4   -.879E+00    .000E+00
    3    5   -.238E+00    .000E+00
    3    6   -.105E+00    .000E+00
    3    7   -.578E-01    .000E+00
    3    8   -.357E-01    .000E+00
    3    9   -.239E-01    .000E+00
    4    1    .948E-02    .000E+00
    4    2    .570E-01    .000E+00
    4    3    .420E+00    .000E+00
    4    4   -.459E+00    .000E+00
    4    5   -.973E+00    .000E+00
    4    6   -.265E+00    .000E+00
    4    7   -.118E+00    .000E+00
    4    8   -.652E-01    .000E+00
    4    9   -.407E-01    .000E+00
    5    1    .480E-02    .000E+00
    5    2    .229E-01    .000E+00
    5    3    .929E-01    .000E+00
    5    4    .587E+00    .000E+00
    5    5   -.555E+00    .000E+00
    5    6   -.107E+01    .000E+00
    5    7   -.292E+00    .000E+00
    5    8   -.130E+00    .000E+00
    5    9   -.723E-01    .000E+00
    6    1    .280E-02    .000E+00
    6    2    .118E-01    .000E+00
    6    3    .378E-01    .000E+00
    6    4    .131E+00    .000E+00
    6    5    .756E+00    .000E+00
    6    6   -.650E+00    .000E+00
    6    7   -.118E+01    .000E+00
    6    8   -.318E+00    .000E+00
    6    9   -.142E+00    .000E+00
    7    1    .178E-02    .000E+00
    7    2    .703E-02    .000E+00
    7    3    .198E-01    .000E+00
    7    4    .534E-01    .000E+00
    7    5    .169E+00    .000E+00
    7    6    .926E+00    .000E+00
    7    7   -.745E+00    .000E+00
    7    8   -.128E+01    .000E+00
    7    9   -.345E+00    .000E+00
    8    1    .121E-02    .000E+00
    8    2    .456E-02    .000E+00
    8    3    .119E-01    .000E+00
    8    4    .281E-01    .000E+00
    8    5    .693E-01    .000E+00
    8    6    .208E+00    .000E+00
    8    7    .110E+01    .000E+00
    8    8   -.839E+00    .000E+00
    8    9   -.138E+01    .000E+00
    9    1    .859E-03    .000E+00
    9    2    .314E-02    .000E+00
    9    3    .778E-02    .000E+00
    9    4    .170E-01    .000E+00
    9    5    .366E-01    .000E+00
    9    6    .853E-01    .000E+00
    9    7    .247E+00    .000E+00
    9    8    .127E+01    .000E+00
    9    9   -.934E+00    .000E+00
  2  1  1    2  2  0        72
    1    1   -.406E+01    .000E+00
    1    2   -.733E+00    .000E+00
    1    3   -.270E+00    .000E+00
    1    4   -.132E+00    .000E+00
    1    5   -.755E-01    .000E+00
    1    6   -.476E-01    .000E+00
    1    7   -.321E-01    .000E+00
    1    8   -.227E-01    .000E+00
    2    1   -.130E+00    .000E+00
    2    2   -.354E+01    .000E+00
    2    3   -.821E+00    .000E+00
    2    4   -.335E+00    .000E+00
    2    5   -.174E+00    .000E+00
    2    6   -.104E+00    .000E+00
    2    7   -.672E-01    .000E+00
    2    8   -.464E-01    .000E+00
    3    1    .129E+00    .000E+00
    3    2   -.231E+00    .000E+00
    3    3   -.344E+01    .000E+00
    3    4   -.865E+00    .000E+00
    3    5   -.368E+00    .000E+00
    3    6   -.197E+00    .000E+00
    3    7   -.120E+00    .000E+00
    3    8   -.795E-01    .000E+00
    4    1    .255E-01    .000E+00
    4    2    .321E+00    .000E+00
    4    3   -.322E+00    .000E+00
    4    4   -.351E+01    .000E+00
    4    5   -.907E+00    .000E+00
    4    6   -.395E+00    .000E+00
    4    7   -.215E+00    .000E+00
    4    8   -.132E+00    .000E+00
    5    1    .969E-02    .000E+00
    5    2    .662E-01    .000E+00
    5    3    .547E+00    .000E+00
    5    4   -.409E+00    .000E+00
    5    5   -.364E+01    .000E+00
    5    6   -.953E+00    .000E+00
    5    7   -.419E+00    .000E+00
    5    8   -.230E+00    .000E+00
    6    1    .484E-02    .000E+00
    6    2    .256E-01    .000E+00
    6    3    .116E+00    .000E+00
    6    4    .796E+00    .000E+00
    6    5   -.485E+00    .000E+00
    6    6   -.381E+01    .000E+00
    6    7   -.100E+01    .000E+00
    6    8   -.443E+00    .000E+00
    7    1    .281E-02    .000E+00
    7    2    .130E-01    .000E+00
    7    3    .455E-01    .000E+00
    7    4    .171E+00    .000E+00
    7    5    .106E+01    .000E+00
    7    6   -.564E+00    .000E+00
    7    7   -.400E+01    .000E+00
    7    8   -.105E+01    .000E+00
    8    1    .180E-02    .000E+00
    8    2    .766E-02    .000E+00
    8    3    .233E-01    .000E+00
    8    4    .680E-01    .000E+00
    8    5    .230E+00    .000E+00
    8    6    .133E+01    .000E+00
    8    7   -.642E+00    .000E+00
    8    8   -.421E+01    .000E+00
    9    1    .122E-02    .000E+00
    9    2    .494E-02    .000E+00
    9    3    .138E-01    .000E+00
    9    4    .351E-01    .000E+00
    9    5    .920E-01    .000E+00
    9    6    .292E+00    .000E+00
    9    7    .161E+01    .000E+00
    9    8   -.723E+00    .000E+00
  0  0  0    0  0  0         0
