   20    3    F
  2  0  0    2  1  1        81
    1    1   -.138E+00    .000E+00
    1    2   -.741E+00    .000E+00
    1    3   -.186E+00    .000E+00
    1    4   -.773E-01    .000E+00
    1    5   -.402E-01    .000E+00
    1    6   -.238E-01    .000E+00
    1    7   -.153E-01    .000E+00
    1    8   -.105E-01    .000E+00
    1    9   -.750E-02    .000E+00
    2    1    .110E+00    .000E+00
    2    2   -.233E+00    .000E+00
    2    3   -.811E+00    .000E+00
    2    4   -.215E+00    .000E+00
    2    5   -.932E-01    .000E+00
    2    6   -.501E-01    .000E+00
    2    7   -.305E-01    .000E+00
    2    8   -.201E-01    .000E+00
    2    9   -.140E-01    .000E+00
    3    1    .235E-01    .000E+00
    3    2    .252E+00    .000E+00
    3    3   -.322E+00    .000E+00
    3    4   -.900E+00    .000E+00
    3    5   -.243E+00    .000E+00
    3    6   -.107E+00    .000E+00
    3    7   -.585E-01    .000E+00
    3    8   -.361E-01    .000E+00
    3    9   -.241E-01    .000E+00
    4    1    .924E-02    .000E+00
    4    2    .556E-01    .000E+00
    4    3    .408E+00    .000E+00
    4    4   -.409E+00    .000E+00
    4    5   -.998E+00    .000E+00
    4    6   -.270E+00    .000E+00
    4    7   -.120E+00    .000E+00
    4    8   -.662E-01    .000E+00
    4    9   -.412E-01    .000E+00
    5    1    .468E-02    .000E+00
    5    2    .224E-01    .000E+00
    5    3    .908E-01    .000E+00
    5    4    .571E+00    .000E+00
    5    5   -.494E+00    .000E+00
    5    6   -.110E+01    .000E+00
    5    7   -.297E+00    .000E+00
    5    8   -.132E+00    .000E+00
    5    9   -.734E-01    .000E+00
    6    1    .273E-02    .000E+00
    6    2    .116E-01    .000E+00
    6    3    .371E-01    .000E+00
    6    4    .128E+00    .000E+00
    6    5    .736E+00    .000E+00
    6    6   -.580E+00    .000E+00
    6    7   -.121E+01    .000E+00
    6    8   -.325E+00    .000E+00
    6    9   -.145E+00    .000E+00
    7    1    .174E-02    .000E+00
    7    2    .688E-02    .000E+00
    7    3    .194E-01    .000E+00
    7    4    .523E-01    .000E+00
    7    5    .165E+00    .000E+00
    7    6    .902E+00    .000E+00
    7    7   -.664E+00    .000E+00
    7    8   -.131E+01    .000E+00
    7    9   -.352E+00    .000E+00
    8    1    .118E-02    .000E+00
    8    2    .446E-02    .000E+00
    8    3    .116E-01    .000E+00
    8    4    .275E-01    .000E+00
    8    5    .680E-01    .000E+00
    8    6    .203E+00    .000E+00
    8    7    .107E+01    .000E+00
    8    8   -.748E+00    .000E+00
    8    9   -.142E+01    .000E+00
    9    1    .838E-03    .000E+00
    9    2    .308E-02    .000E+00
    9    3    .763E-02    .000E+00
    9    4    .166E-01    .000E+00
    9    5    .359E-01    .000E+00
    9    6    .837E-01    .000E+00
    9    7    .242E+00    .000E+00
    9    8    .124E+01    .000E+00
    9    9   -.833E+00    .000E+00
  2  1  1    2  2  0        72
    1    1   -.407E+01    .000E+00
    1    2   -.733E+00    .000E+00
    1    3   -.269E+00    .000E+00
    1    4   -.132E+00    .000E+00
    1    5   -.754E-01    .000E+00
    1    6   -.475E-01    .000E+00
    1    7   -.320E-01    .000E+00
    1    8   -.227E-01    .000E+00
    2    1   -.118E+00    .000E+00
    2    2   -.355E+01    .000E+00
    2    3   -.822E+00    .000E+00
    2    4   -.335E+00    .000E+00
    2    5   -.174E+00    .000E+00
    2    6   -.104E+00    .000E+00
    2    7   -.672E-01    .000E+00
    2    8   -.463E-01    .000E+00
    3    1    .127E+00    .000E+00
    3    2   -.209E+00    .000E+00
    3    3   -.346E+01    .000E+00
    3    4   -.868E+00    .000E+00
    3    5   -.369E+00    .000E+00
    3    6   -.198E+00    .000E+00
    3    7   -.120E+00    .000E+00
    3    8   -.795E-01    .000E+00
    4    1    .252E-01    .000E+00
    4    2    .316E+00    .000E+00
    4    3   -.290E+00    .000E+00
    4    4   -.353E+01    .000E+00
    4    5   -.911E+00    .000E+00
    4    6   -.396E+00    .000E+00
    4    7   -.215E+00    .000E+00
    4    8   -.133E+00    .000E+00
    5    1    .957E-02    .000E+00
    5    2    .654E-01    .000E+00
    5    3    .540E+00    .000E+00
    5    4   -.349E+00    .000E+00
    5    5   -.367E+01    .000E+00
    5    6   -.958E+00    .000E+00
    5    7   -.420E+00    .000E+00
    5    8   -.231E+00    .000E+00
    6    1    .478E-02    .000E+00
    6    2    .254E-01    .000E+00
    6    3    .115E+00    .000E+00
    6    4    .786E+00    .000E+00
    6    5   -.437E+00    .000E+00
    6    6   -.384E+01    .000E+00
    6    7   -.101E+01    .000E+00
    6    8   -.445E+00    .000E+00
    7    1    .278E-02    .000E+00
    7    2    .129E-01    .000E+00
    7    3    .451E-01    .000E+00
    7    4    .170E+00    .000E+00
    7    5    .105E+01    .000E+00
    7    6   -.508E+00    .000E+00
    7    7   -.403E+01    .000E+00
    7    8   -.106E+01    .000E+00
    8    1    .177E-02    .000E+00
    8    2    .757E-02    .000E+00
    8    3    .231E-01    .000E+00
    8    4    .673E-01    .000E+00
    8    5    .228E+00    .000E+00
    8    6    .132E+01    .000E+00
    8    7   -.579E+00    .000E+00
    8    8   -.425E+01    .000E+00
    9    1    .121E-02    .000E+00
    9    2    .489E-02    .000E+00
    9    3    .137E-01    .000E+00
    9    4    .347E-01    .000E+00
    9    5    .912E-01    .000E+00
    9    6    .290E+00    .000E+00
    9    7    .159E+01    .000E+00
    9    8   -.651E+00    .000E+00
  0  0  0    0  0  0         0
