   20    1    F
  2  0  0    2  1  1        90
    1    1   -.832E+00    .000E+00
    1    2   -.158E+00    .000E+00
    1    3   -.580E-01    .000E+00
    1    4   -.279E-01    .000E+00
    1    5   -.156E-01    .000E+00
    1    6   -.963E-02    .000E+00
    1    7   -.637E-02    .000E+00
    1    8   -.443E-02    .000E+00
    1    9   -.321E-02    .000E+00
    2    1    .000E+00    .000E+00
    2    2   -.870E+00    .000E+00
    2    3   -.206E+00    .000E+00
    2    4   -.839E-01    .000E+00
    2    5   -.433E-01    .000E+00
    2    6   -.255E-01    .000E+00
    2    7   -.164E-01    .000E+00
    2    8   -.112E-01    .000E+00
    2    9   -.798E-02    .000E+00
    3    1    .815E-01    .000E+00
    3    2    .000E+00    .000E+00
    3    3   -.969E+00    .000E+00
    3    4   -.242E+00    .000E+00
    3    5   -.103E+00    .000E+00
    3    6   -.547E-01    .000E+00
    3    7   -.331E-01    .000E+00
    3    8   -.217E-01    .000E+00
    3    9   -.151E-01    .000E+00
    4    1    .183E-01    .000E+00
    4    2    .193E+00    .000E+00
    4    3    .000E+00    .000E+00
    4    4   -.109E+01    .000E+00
    4    5   -.276E+00    .000E+00
    4    6   -.119E+00    .000E+00
    4    7   -.645E-01    .000E+00
    4    8   -.396E-01    .000E+00
    4    9   -.263E-01    .000E+00
    5    1    .728E-02    .000E+00
    5    2    .446E-01    .000E+00
    5    3    .317E+00    .000E+00
    5    4    .000E+00    .000E+00
    5    5   -.122E+01    .000E+00
    5    6   -.310E+00    .000E+00
    5    7   -.135E+00    .000E+00
    5    8   -.735E-01    .000E+00
    5    9   -.455E-01    .000E+00
    6    1    .371E-02    .000E+00
    6    2    .182E-01    .000E+00
    6    3    .740E-01    .000E+00
    6    4    .447E+00    .000E+00
    6    5    .000E+00    .000E+00
    6    6   -.135E+01    .000E+00
    6    7   -.343E+00    .000E+00
    6    8   -.150E+00    .000E+00
    6    9   -.820E-01    .000E+00
    7    1    .217E-02    .000E+00
    7    2    .947E-02    .000E+00
    7    3    .306E-01    .000E+00
    7    4    .105E+00    .000E+00
    7    5    .580E+00    .000E+00
    7    6    .000E+00    .000E+00
    7    7   -.148E+01    .000E+00
    7    8   -.376E+00    .000E+00
    7    9   -.164E+00    .000E+00
    8    1    .138E-02    .000E+00
    8    2    .565E-02    .000E+00
    8    3    .161E-01    .000E+00
    8    4    .436E-01    .000E+00
    8    5    .137E+00    .000E+00
    8    6    .715E+00    .000E+00
    8    7    .000E+00    .000E+00
    8    8   -.162E+01    .000E+00
    8    9   -.410E+00    .000E+00
    9    1    .942E-03    .000E+00
    9    2    .367E-02    .000E+00
    9    3    .970E-02    .000E+00
    9    4    .231E-01    .000E+00
    9    5    .570E-01    .000E+00
    9    6    .169E+00    .000E+00
    9    7    .852E+00    .000E+00
    9    8    .000E+00    .000E+00
    9    9   -.175E+01    .000E+00
   10    1    .671E-03    .000E+00
   10    2    .254E-02    .000E+00
   10    3    .637E-02    .000E+00
   10    4    .140E-01    .000E+00
   10    5    .303E-01    .000E+00
   10    6    .706E-01    .000E+00
   10    7    .201E+00    .000E+00
   10    8    .989E+00    .000E+00
   10    9    .000E+00    .000E+00
  2  1  1    2  2  0        72
    1    1   -.418E+01    .000E+00
    1    2   -.731E+00    .000E+00
    1    3   -.266E+00    .000E+00
    1    4   -.130E+00    .000E+00
    1    5   -.740E-01    .000E+00
    1    6   -.465E-01    .000E+00
    1    7   -.313E-01    .000E+00
    1    8   -.222E-01    .000E+00
    2    1    .000E+00    .000E+00
    2    2   -.371E+01    .000E+00
    2    3   -.835E+00    .000E+00
    2    4   -.337E+00    .000E+00
    2    5   -.174E+00    .000E+00
    2    6   -.103E+00    .000E+00
    2    7   -.669E-01    .000E+00
    2    8   -.461E-01    .000E+00
    3    1    .110E+00    .000E+00
    3    2    .000E+00    .000E+00
    3    3   -.366E+01    .000E+00
    3    4   -.891E+00    .000E+00
    3    5   -.375E+00    .000E+00
    3    6   -.200E+00    .000E+00
    3    7   -.121E+00    .000E+00
    3    8   -.800E-01    .000E+00
    4    1    .221E-01    .000E+00
    4    2    .278E+00    .000E+00
    4    3    .000E+00    .000E+00
    4    4   -.375E+01    .000E+00
    4    5   -.942E+00    .000E+00
    4    6   -.405E+00    .000E+00
    4    7   -.219E+00    .000E+00
    4    8   -.135E+00    .000E+00
    5    1    .842E-02    .000E+00
    5    2    .584E-01    .000E+00
    5    3    .480E+00    .000E+00
    5    4    .000E+00    .000E+00
    5    5   -.391E+01    .000E+00
    5    6   -.995E+00    .000E+00
    5    7   -.433E+00    .000E+00
    5    8   -.236E+00    .000E+00
    6    1    .421E-02    .000E+00
    6    2    .227E-01    .000E+00
    6    3    .103E+00    .000E+00
    6    4    .702E+00    .000E+00
    6    5    .000E+00    .000E+00
    6    6   -.411E+01    .000E+00
    6    7   -.105E+01    .000E+00
    6    8   -.459E+00    .000E+00
    7    1    .245E-02    .000E+00
    7    2    .115E-01    .000E+00
    7    3    .408E-01    .000E+00
    7    4    .154E+00    .000E+00
    7    5    .938E+00    .000E+00
    7    6    .000E+00    .000E+00
    7    7   -.433E+01    .000E+00
    7    8   -.111E+01    .000E+00
    8    1    .156E-02    .000E+00
    8    2    .680E-02    .000E+00
    8    3    .209E-01    .000E+00
    8    4    .614E-01    .000E+00
    8    5    .208E+00    .000E+00
    8    6    .118E+01    .000E+00
    8    7    .000E+00    .000E+00
    8    8   -.456E+01    .000E+00
    9    1    .107E-02    .000E+00
    9    2    .439E-02    .000E+00
    9    3    .124E-01    .000E+00
    9    4    .317E-01    .000E+00
    9    5    .836E-01    .000E+00
    9    6    .265E+00    .000E+00
    9    7    .144E+01    .000E+00
    9    8    .000E+00    .000E+00
  2  2  0    2  3  1        56
    1    1   -.102E+02    .000E+00
    1    2   -.157E+01    .000E+00
    1    3   -.539E+00    .000E+00
    1    4   -.256E+00    .000E+00
    1    5   -.144E+00    .000E+00
    1    6   -.903E-01    .000E+00
    1    7   -.608E-01    .000E+00
    2    1    .000E+00    .000E+00
    2    2   -.890E+01    .000E+00
    2    3   -.186E+01    .000E+00
    2    4   -.723E+00    .000E+00
    2    5   -.366E+00    .000E+00
    2    6   -.215E+00    .000E+00
    2    7   -.139E+00    .000E+00
    3    1    .124E+00    .000E+00
    3    2    .000E+00    .000E+00
    3    3   -.844E+01    .000E+00
    3    4   -.197E+01    .000E+00
    3    5   -.808E+00    .000E+00
    3    6   -.424E+00    .000E+00
    3    7   -.255E+00    .000E+00
    4    1    .222E-01    .000E+00
    4    2    .326E+00    .000E+00
    4    3    .000E+00    .000E+00
    4    4   -.833E+01    .000E+00
    4    5   -.204E+01    .000E+00
    4    6   -.862E+00    .000E+00
    4    7   -.462E+00    .000E+00
    5    1    .790E-02    .000E+00
    5    2    .620E-01    .000E+00
    5    3    .579E+00    .000E+00
    5    4    .000E+00    .000E+00
    5    5   -.839E+01    .000E+00
    5    6   -.210E+01    .000E+00
    5    7   -.905E+00    .000E+00
    6    1    .380E-02    .000E+00
    6    2    .228E-01    .000E+00
    6    3    .115E+00    .000E+00
    6    4    .867E+00    .000E+00
    6    5    .000E+00    .000E+00
    6    6   -.856E+01    .000E+00
    6    7   -.217E+01    .000E+00
    7    1    .216E-02    .000E+00
    7    2    .112E-01    .000E+00
    7    3    .431E-01    .000E+00
    7    4    .177E+00    .000E+00
    7    5    .118E+01    .000E+00
    7    6    .000E+00    .000E+00
    7    7   -.879E+01    .000E+00
    8    1    .136E-02    .000E+00
    8    2    .642E-02    .000E+00
    8    3    .214E-01    .000E+00
    8    4    .675E-01    .000E+00
    8    5    .246E+00    .000E+00
    8    6    .151E+01    .000E+00
    8    7    .000E+00    .000E+00
  2  3  1    2  4  0        42
    1    1   -.188E+02    .000E+00
    1    2   -.255E+01    .000E+00
    1    3   -.817E+00    .000E+00
    1    4   -.372E+00    .000E+00
    1    5   -.204E+00    .000E+00
    1    6   -.126E+00    .000E+00
    2    1    .000E+00    .000E+00
    2    2   -.166E+02    .000E+00
    2    3   -.320E+01    .000E+00
    2    4   -.118E+01    .000E+00
    2    5   -.581E+00    .000E+00
    2    6   -.334E+00    .000E+00
    3    1    .133E+00    .000E+00
    3    2    .000E+00    .000E+00
    3    3   -.155E+02    .000E+00
    3    4   -.343E+01    .000E+00
    3    5   -.136E+01    .000E+00
    3    6   -.699E+00    .000E+00
    4    1    .211E-01    .000E+00
    4    2    .356E+00    .000E+00
    4    3    .000E+00    .000E+00
    4    4   -.151E+02    .000E+00
    4    5   -.355E+01    .000E+00
    4    6   -.147E+01    .000E+00
    5    1    .701E-02    .000E+00
    5    2    .618E-01    .000E+00
    5    3    .646E+00    .000E+00
    5    4    .000E+00    .000E+00
    5    5   -.149E+02    .000E+00
    5    6   -.364E+01    .000E+00
    6    1    .322E-02    .000E+00
    6    2    .214E-01    .000E+00
    6    3    .118E+00    .000E+00
    6    4    .983E+00    .000E+00
    6    5    .000E+00    .000E+00
    6    6   -.149E+02    .000E+00
    7    1    .177E-02    .000E+00
    7    2    .101E-01    .000E+00
    7    3    .422E-01    .000E+00
    7    4    .188E+00    .000E+00
    7    5    .136E+01    .000E+00
    7    6    .000E+00    .000E+00
  2  4  0    2  5  1        30
    1    1   -.302E+02    .000E+00
    1    2   -.363E+01    .000E+00
    1    3   -.108E+01    .000E+00
    1    4   -.467E+00    .000E+00
    1    5   -.248E+00    .000E+00
    2    1    .000E+00    .000E+00
    2    2   -.269E+02    .000E+00
    2    3   -.478E+01    .000E+00
    2    4   -.167E+01    .000E+00
    2    5   -.792E+00    .000E+00
    3    1    .139E+00    .000E+00
    3    2    .000E+00    .000E+00
    3    3   -.251E+02    .000E+00
    3    4   -.524E+01    .000E+00
    3    5   -.200E+01    .000E+00
    4    1    .198E-01    .000E+00
    4    2    .378E+00    .000E+00
    4    3    .000E+00    .000E+00
    4    4   -.241E+02    .000E+00
    4    5   -.546E+01    .000E+00
    5    1    .612E-02    .000E+00
    5    2    .600E-01    .000E+00
    5    3    .694E+00    .000E+00
    5    4    .000E+00    .000E+00
    5    5   -.235E+02    .000E+00
    6    1    .267E-02    .000E+00
    6    2    .196E-01    .000E+00
    6    3    .118E+00    .000E+00
    6    4    .107E+01    .000E+00
    6    5    .000E+00    .000E+00
  2  5  1    2  6  0        20
    1    1   -.442E+02    .000E+00
    1    2   -.477E+01    .000E+00
    1    3   -.132E+01    .000E+00
    1    4   -.540E+00    .000E+00
    2    1    .000E+00    .000E+00
    2    2   -.397E+02    .000E+00
    2    3   -.655E+01    .000E+00
    2    4   -.217E+01    .000E+00
    3    1    .142E+00    .000E+00
    3    2    .000E+00    .000E+00
    3    3   -.371E+02    .000E+00
    3    4   -.732E+01    .000E+00
    4    1    .185E-01    .000E+00
    4    2    .394E+00    .000E+00
    4    3    .000E+00    .000E+00
    4    4   -.355E+02    .000E+00
    5    1    .532E-02    .000E+00
    5    2    .576E-01    .000E+00
    5    3    .730E+00    .000E+00
    5    4    .000E+00    .000E+00
  2  6  0    2  7  1        12
    1    1   -.608E+02    .000E+00
    1    2   -.595E+01    .000E+00
    1    3   -.153E+01    .000E+00
    2    1    .000E+00    .000E+00
    2    2   -.552E+02    .000E+00
    2    3   -.846E+01    .000E+00
    3    1    .146E+00    .000E+00
    3    2    .000E+00    .000E+00
    3    3   -.516E+02    .000E+00
    4    1    .173E-01    .000E+00
    4    2    .406E+00    .000E+00
    4    3    .000E+00    .000E+00
  2  7  1    2  8  0         6
    1    1   -.802E+02    .000E+00
    1    2   -.716E+01    .000E+00
    2    1    .000E+00    .000E+00
    2    2   -.733E+02    .000E+00
    3    1    .148E+00    .000E+00
    3    2    .000E+00    .000E+00
  2  8  0    2  9  1         2
    1    1   -.102E+03    .000E+00
    2    1    .000E+00    .000E+00
  0  0  0    0  0  0         0
