   20   11    F
  2  0  0    2  1  1        64
    1    1   -.996E+00   -.104E+01
    1    2   -.318E+00   -.313E+00
    1    3   -.106E+00   -.105E+00
    1    4   -.500E-01   -.495E-01
    1    5   -.280E-01   -.276E-01
    1    6   -.174E-01   -.171E-01
    1    7   -.116E-01   -.114E-01
    1    8   -.815E-02   -.801E-02
    2    1    .479E+00    .483E+00
    2    2   -.149E+01   -.161E+01
    2    3   -.314E+00   -.281E+00
    2    4   -.110E+00   -.101E+00
    2    5   -.532E-01   -.502E-01
    2    6   -.305E-01   -.294E-01
    2    7   -.193E-01   -.189E-01
    2    8   -.131E-01   -.130E-01
    3    1    .905E-01    .939E-01
    3    2    .808E+00    .800E+00
    3    3   -.194E+01    .000E+00
    3    4   -.324E+00   -.333E+00
    3    5   -.115E+00   -.117E+00
    3    6   -.565E-01   -.566E-01
    3    7   -.328E-01   -.326E-01
    3    8   -.211E-01   -.208E-01
    4    1    .351E-01    .367E-01
    4    2    .150E+00    .146E+00
    4    3    .114E+01    .109E+01
    4    4   -.238E+01    .000E+00
    4    5   -.340E+00   -.347E+00
    4    6   -.122E+00   -.122E+00
    4    7   -.601E-01   -.599E-01
    4    8   -.351E-01   -.348E-01
    5    1    .179E-01    .187E-01
    5    2    .582E-01    .561E-01
    5    3    .211E+00    .197E+00
    5    4    .148E+01    .145E+01
    5    5   -.282E+01    .000E+00
    5    6   -.360E+00   -.362E+00
    5    7   -.129E+00   -.129E+00
    5    8   -.638E-01   -.634E-01
    6    1    .105E-01    .110E-01
    6    2    .297E-01    .286E-01
    6    3    .817E-01    .756E-01
    6    4    .272E+00    .264E+00
    6    5    .182E+01    .181E+01
    6    6   -.324E+01    .000E+00
    6    7   -.382E+00    .000E+00
    6    8   -.136E+00   -.136E+00
    7    1    .679E-02    .709E-02
    7    2    .176E-01    .169E-01
    7    3    .419E-01    .386E-01
    7    4    .105E+00    .101E+00
    7    5    .333E+00    .329E+00
    7    6    .216E+01    .000E+00
    7    7   -.367E+01    .000E+00
    7    8   -.405E+00    .000E+00
    8    1    .466E-02    .486E-02
    8    2    .114E-01    .110E-01
    8    3    .250E-01    .229E-01
    8    4    .541E-01    .520E-01
    8    5    .129E+00    .127E+00
    8    6    .395E+00    .393E+00
    8    7    .251E+01    .000E+00
    8    8   -.410E+01    .000E+00
  2  1  1    2  2  0        64
    1    1   -.246E+01   -.252E+01
    1    2   -.120E+01   -.119E+01
    1    3   -.441E+00   -.443E+00
    1    4   -.213E+00   -.214E+00
    1    5   -.121E+00   -.121E+00
    1    6   -.757E-01   -.754E-01
    1    7   -.508E-01   -.504E-01
    1    8   -.358E-01   -.355E-01
    2    1    .608E+00    .612E+00
    2    2   -.394E+01   -.414E+01
    2    3   -.909E+00   -.835E+00
    2    4   -.372E+00   -.348E+00
    2    5   -.191E+00   -.182E+00
    2    6   -.112E+00   -.109E+00
    2    7   -.724E-01   -.710E-01
    2    8   -.497E-01   -.491E-01
    3    1    .936E-01    .934E-01
    3    2    .133E+01    .131E+01
    3    3   -.527E+01    .000E+00
    3    4   -.769E+00   -.789E+00
    3    5   -.329E+00   -.334E+00
    3    6   -.173E+00   -.175E+00
    3    7   -.104E+00   -.105E+00
    3    8   -.686E-01   -.687E-01
    4    1    .334E-01    .335E-01
    4    2    .205E+00    .196E+00
    4    3    .209E+01    .199E+01
    4    4   -.647E+01    .000E+00
    4    5   -.703E+00   -.720E+00
    4    6   -.306E+00   -.311E+00
    4    7   -.164E+00   -.165E+00
    4    8   -.100E+00   -.100E+00
    5    1    .162E-01    .164E-01
    5    2    .737E-01    .699E-01
    5    3    .327E+00    .303E+00
    5    4    .287E+01    .280E+01
    5    5   -.763E+01    .000E+00
    5    6   -.668E+00   -.677E+00
    5    7   -.294E+00   -.296E+00
    5    8   -.158E+00   -.159E+00
    6    1    .925E-02    .938E-02
    6    2    .362E-01    .342E-01
    6    3    .119E+00    .108E+00
    6    4    .454E+00    .436E+00
    6    5    .367E+01    .000E+00
    6    6   -.876E+01    .000E+00
    6    7   -.649E+00    .000E+00
    6    8   -.287E+00   -.287E+00
    7    1    .584E-02    .595E-02
    7    2    .209E-01    .197E-01
    7    3    .589E-01    .531E-01
    7    4    .166E+00    .158E+00
    7    5    .584E+00    .573E+00
    7    6    .447E+01    .000E+00
    7    7   -.987E+01    .000E+00
    7    8   -.640E+00    .000E+00
    8    1    .395E-02    .403E-02
    8    2    .134E-01    .126E-01
    8    3    .343E-01    .308E-01
    8    4    .827E-01    .784E-01
    8    5    .214E+00    .210E+00
    8    6    .715E+00    .710E+00
    8    7    .529E+01    .000E+00
    8    8   -.110E+02    .000E+00
  2  2  0    2  3  1        56
    1    1   -.885E+01   -.881E+01
    1    2   -.168E+01   -.166E+01
    1    3   -.622E+00   -.609E+00
    1    4   -.306E+00   -.299E+00
    1    5   -.176E+00   -.171E+00
    1    6   -.111E+00   -.109E+00
    1    7   -.756E-01   -.737E-01
    2    1   -.139E+01    .000E+00
    2    2   -.686E+01   -.660E+01
    2    3   -.176E+01   -.172E+01
    2    4   -.736E+00   -.733E+00
    2    5   -.388E+00   -.392E+00
    2    6   -.233E+00   -.239E+00
    2    7   -.153E+00   -.158E+00
    3    1    .311E+00    .305E+00
    3    2   -.244E+01    .000E+00
    3    3   -.600E+01   -.599E+01
    3    4   -.170E+01   -.169E+01
    3    5   -.756E+00   -.748E+00
    3    6   -.414E+00   -.408E+00
    3    7   -.256E+00   -.252E+00
    4    1    .517E-01    .478E-01
    4    2    .744E+00    .711E+00
    4    3   -.337E+01    .000E+00
    4    4   -.559E+01   -.556E+01
    4    5   -.166E+01   -.164E+01
    4    6   -.759E+00   -.747E+00
    4    7   -.424E+00   -.416E+00
    5    1    .183E-01    .163E-01
    5    2    .130E+00    .119E+00
    5    3    .126E+01    .125E+01
    5    4   -.424E+01    .000E+00
    5    5   -.539E+01   -.535E+01
    5    6   -.164E+01   -.161E+01
    5    7   -.761E+00   -.748E+00
    6    1    .882E-02    .773E-02
    6    2    .469E-01    .422E-01
    6    3    .227E+00    .224E+00
    6    4    .182E+01    .184E+01
    6    5   -.507E+01    .000E+00
    6    6   -.532E+01    .000E+00
    6    7   -.163E+01   -.161E+01
    7    1    .502E-02    .435E-02
    7    2    .229E-01    .203E-01
    7    3    .834E-01    .822E-01
    7    4    .336E+00    .340E+00
    7    5    .242E+01    .000E+00
    7    6   -.587E+01    .000E+00
    7    7   -.532E+01    .000E+00
    8    1    .317E-02    .273E-02
    8    2    .132E-01    .116E-01
    8    3    .411E-01    .405E-01
    8    4    .125E+00    .127E+00
    8    5    .453E+00    .461E+00
    8    6    .305E+01    .000E+00
    8    7   -.665E+01    .000E+00
  0  0  0    0  0  0         0
