   26   11    F
  2  0  0    2  1  1        64
    1    1   -.728E+00   -.771E+00
    1    2   -.471E+00   -.465E+00
    1    3   -.144E+00   -.143E+00
    1    4   -.658E-01   -.651E-01
    1    5   -.363E-01   -.358E-01
    1    6   -.224E-01   -.221E-01
    1    7   -.149E-01   -.146E-01
    1    8   -.104E-01   -.102E-01
    2    1    .388E+00    .392E+00
    2    2   -.108E+01    .000E+00
    2    3   -.492E+00   -.454E+00
    2    4   -.155E+00   -.148E+00
    2    5   -.724E-01   -.716E-01
    2    6   -.407E-01   -.412E-01
    2    7   -.256E-01   -.263E-01
    2    8   -.172E-01   -.180E-01
    3    1    .785E-01    .813E-01
    3    2    .647E+00    .634E+00
    3    3   -.141E+01    .000E+00
    3    4   -.525E+00   -.533E+00
    3    5   -.167E+00   -.166E+00
    3    6   -.788E-01   -.770E-01
    3    7   -.448E-01   -.433E-01
    3    8   -.284E-01   -.272E-01
    4    1    .311E-01    .324E-01
    4    2    .129E+00    .124E+00
    4    3    .911E+00    .867E+00
    4    4   -.172E+01    .000E+00
    4    5   -.564E+00   -.563E+00
    4    6   -.180E+00   -.176E+00
    4    7   -.852E-01   -.825E-01
    4    8   -.487E-01   -.468E-01
    5    1    .160E-01    .167E-01
    5    2    .511E-01    .487E-01
    5    3    .181E+00    .170E+00
    5    4    .118E+01    .116E+01
    5    5   -.203E+01    .000E+00
    5    6   -.608E+00   -.601E+00
    5    7   -.193E+00   -.189E+00
    5    8   -.917E-01   -.890E-01
    6    1    .951E-02    .988E-02
    6    2    .263E-01    .251E-01
    6    3    .718E-01    .667E-01
    6    4    .234E+00    .230E+00
    6    5    .145E+01    .145E+01
    6    6   -.234E+01    .000E+00
    6    7   -.653E+00   -.644E+00
    6    8   -.207E+00   -.203E+00
    7    1    .616E-02    .639E-02
    7    2    .157E-01    .150E-01
    7    3    .372E-01    .345E-01
    7    4    .927E-01    .908E-01
    7    5    .288E+00    .288E+00
    7    6    .172E+01    .173E+01
    7    7   -.265E+01    .000E+00
    7    8   -.700E+00    .000E+00
    8    1    .424E-02    .439E-02
    8    2    .102E-01    .978E-02
    8    3    .223E-01    .207E-01
    8    4    .481E-01    .471E-01
    8    5    .114E+00    .114E+00
    8    6    .341E+00    .344E+00
    8    7    .200E+01    .000E+00
    8    8   -.295E+01    .000E+00
  2  1  1    2  2  0        64
    1    1   -.160E+01   -.163E+01
    1    2   -.192E+01   -.191E+01
    1    3   -.594E+00   -.596E+00
    1    4   -.270E+00   -.269E+00
    1    5   -.148E+00   -.147E+00
    1    6   -.908E-01   -.900E-01
    1    7   -.602E-01   -.595E-01
    1    8   -.421E-01   -.415E-01
    2    1    .394E+00    .396E+00
    2    2   -.261E+01   -.280E+01
    2    3   -.165E+01   -.157E+01
    2    4   -.556E+00   -.543E+00
    2    5   -.265E+00   -.265E+00
    2    6   -.150E+00   -.153E+00
    2    7   -.947E-01   -.975E-01
    2    8   -.640E-01   -.665E-01
    3    1    .683E-01    .681E-01
    3    2    .885E+00    .857E+00
    3    3   -.352E+01    .000E+00
    3    4   -.153E+01   -.155E+01
    3    5   -.533E+00   -.531E+00
    3    6   -.260E+00   -.256E+00
    3    7   -.150E+00   -.147E+00
    3    8   -.961E-01   -.932E-01
    4    1    .250E-01    .251E-01
    4    2    .153E+00    .144E+00
    4    3    .142E+01    .134E+01
    4    4   -.434E+01    .000E+00
    4    5   -.150E+01   -.150E+01
    4    6   -.527E+00   -.518E+00
    4    7   -.259E+00   -.253E+00
    4    8   -.151E+00   -.146E+00
    5    1    .123E-01    .124E-01
    5    2    .567E-01    .528E-01
    5    3    .250E+00    .231E+00
    5    4    .197E+01    .195E+01
    5    5   -.513E+01    .000E+00
    5    6   -.151E+01   -.149E+01
    5    7   -.529E+00   -.518E+00
    5    8   -.262E+00   -.255E+00
    6    1    .706E-02    .717E-02
    6    2    .282E-01    .262E-01
    6    3    .937E-01    .856E-01
    6    4    .353E+00    .346E+00
    6    5    .255E+01    .255E+01
    6    6   -.590E+01    .000E+00
    6    7   -.153E+01   -.151E+01
    6    8   -.537E+00   -.526E+00
    7    1    .448E-02    .457E-02
    7    2    .164E-01    .152E-01
    7    3    .470E-01    .428E-01
    7    4    .133E+00    .130E+00
    7    5    .459E+00    .461E+00
    7    6    .313E+01    .315E+01
    7    7   -.667E+01    .000E+00
    7    8   -.157E+01    .000E+00
    8    1    .304E-02    .311E-02
    8    2    .105E-01    .979E-02
    8    3    .276E-01    .251E-01
    8    4    .671E-01    .656E-01
    8    5    .174E+00    .175E+00
    8    6    .568E+00    .574E+00
    8    7    .372E+01    .000E+00
    8    8   -.743E+01    .000E+00
  2  2  0    2  3  1        56
    1    1   -.906E+01   -.903E+01
    1    2   -.166E+01   -.164E+01
    1    3   -.603E+00   -.593E+00
    1    4   -.293E+00   -.288E+00
    1    5   -.168E+00   -.165E+00
    1    6   -.106E+00   -.104E+00
    1    7   -.716E-01   -.704E-01
    2    1   -.111E+01    .000E+00
    2    2   -.725E+01   -.709E+01
    2    3   -.178E+01   -.179E+01
    2    4   -.735E+00   -.754E+00
    2    5   -.384E+00   -.400E+00
    2    6   -.230E+00   -.242E+00
    2    7   -.150E+00   -.159E+00
    3    1    .267E+00    .252E+00
    3    2   -.193E+01    .000E+00
    3    3   -.647E+01   -.642E+01
    3    4   -.177E+01   -.173E+01
    3    5   -.771E+00   -.747E+00
    3    6   -.419E+00   -.402E+00
    3    7   -.257E+00   -.246E+00
    4    1    .449E-01    .399E-01
    4    2    .644E+00    .613E+00
    4    3   -.266E+01    .000E+00
    4    4   -.612E+01   -.600E+01
    4    5   -.175E+01   -.169E+01
    4    6   -.786E+00   -.757E+00
    4    7   -.436E+00   -.417E+00
    5    1    .159E-01    .138E-01
    5    2    .114E+00    .106E+00
    5    3    .110E+01    .112E+01
    5    4   -.334E+01    .000E+00
    5    5   -.597E+01   -.585E+01
    5    6   -.174E+01   -.169E+01
    5    7   -.797E+00   -.771E+00
    6    1    .765E-02    .662E-02
    6    2    .415E-01    .383E-01
    6    3    .201E+00    .207E+00
    6    4    .159E+01    .164E+01
    6    5   -.399E+01    .000E+00
    6    6   -.594E+01   -.584E+01
    6    7   -.175E+01   -.171E+01
    7    1    .434E-02    .377E-02
    7    2    .203E-01    .187E-01
    7    3    .745E-01    .767E-01
    7    4    .300E+00    .312E+00
    7    5    .212E+01    .218E+01
    7    6   -.462E+01    .000E+00
    7    7   -.598E+01    .000E+00
    8    1    .274E-02    .239E-02
    8    2    .117E-01    .107E-01
    8    3    .368E-01    .380E-01
    8    4    .112E+00    .118E+00
    8    5    .407E+00    .422E+00
    8    6    .268E+01    .000E+00
    8    7   -.524E+01    .000E+00
  0  0  0    0  0  0         0
