   10    2    P
    1    0    0    1
     43     62
  8.777319E+01    0.0100
  8.710381E+01 1.576E-01
  8.727119E+01 1.569E-01
  8.743851E+01 1.562E-01
  8.760590E+01 1.555E-01
  8.777240E+01 1.548E-01
  9.177940E+01 1.382E-01
  9.605800E+01 1.231E-01
  1.006160E+02 1.095E-01
  1.054570E+02 9.710E-02
  1.105780E+02 8.590E-02
  1.159204E+02 7.610E-02
  1.215028E+02 6.739E-02
  1.273352E+02 5.967E-02
  1.334281E+02 5.283E-02
  1.397923E+02 4.678E-02
  1.464389E+02 4.142E-02
  1.533797E+02 3.667E-02
  1.606270E+02 3.246E-02
  1.681931E+02 2.873E-02
  1.760913E+02 2.543E-02
  1.843350E+02 2.251E-02
  1.929386E+02 1.993E-02
  2.019165E+02 1.763E-02
  2.112840E+02 1.561E-02
  2.210567E+02 1.381E-02
  2.312512E+02 1.222E-02
  2.418844E+02 1.082E-02
  2.529739E+02 9.570E-03
  2.645378E+02 8.467E-03
  2.765957E+02 7.492E-03
  2.891665E+02 6.628E-03
  3.022712E+02 5.864E-03
  3.159309E+02 5.187E-03
  3.301672E+02 4.589E-03
  3.450034E+02 4.059E-03
  3.604629E+02 3.590E-03
  3.765703E+02 3.176E-03
  3.933508E+02 2.809E-03
  4.108311E+02 2.484E-03
  4.290381E+02 2.197E-03
  4.480002E+02 1.943E-03
  4.677468E+02 1.718E-03
  4.883086E+02 1.519E-03
  5.097163E+02 1.343E-03
  5.320032E+02 1.188E-03
  5.552031E+02 1.050E-03
  5.793508E+02 9.286E-04
  6.044829E+02 8.210E-04
  6.306367E+02 7.258E-04
  6.578518E+02 6.416E-04
  6.861680E+02 5.672E-04
  7.156272E+02 5.014E-04
  7.462729E+02 4.432E-04
  7.781497E+02 3.917E-04
  8.113042E+02 3.462E-04
  8.457842E+02 3.060E-04
  8.816396E+02 2.704E-04
  9.189221E+02 2.390E-04
  9.576855E+02 2.112E-04
  9.979839E+02 1.867E-04
  1.039875E+03 1.649E-04
  1.083418E+03 1.458E-04
    1    0    0    2
     19     62
  2.058160E+01    0.0100
  1.991209E+01 1.885E-01
  2.007950E+01 1.854E-01
  2.024680E+01 1.824E-01
  2.041420E+01 1.794E-01
  2.058070E+01 1.765E-01
  2.176961E+01 1.573E-01
  2.302350E+01 1.401E-01
  2.434470E+01 1.248E-01
  2.573531E+01 1.110E-01
  2.719760E+01 9.877E-02
  2.873360E+01 8.781E-02
  3.034531E+01 7.802E-02
  3.203470E+01 6.930E-02
  3.380370E+01 6.152E-02
  3.565390E+01 5.458E-02
  3.758730E+01 4.841E-02
  3.960530E+01 4.291E-02
  4.170950E+01 3.802E-02
  4.390150E+01 3.367E-02
  4.623907E+01 2.986E-02
  4.867940E+01 2.641E-02
  5.122623E+01 2.336E-02
  5.388350E+01 2.066E-02
  5.665518E+01 1.827E-02
  5.954541E+01 1.616E-02
  6.255852E+01 1.429E-02
  6.569891E+01 1.263E-02
  6.897115E+01 1.117E-02
  7.237984E+01 9.872E-03
  7.592987E+01 8.726E-03
  7.962619E+01 7.712E-03
  8.347395E+01 6.815E-03
  8.747836E+01 6.022E-03
  9.164499E+01 5.321E-03
  9.597929E+01 4.701E-03
  1.004871E+02 4.153E-03
  1.051743E+02 3.668E-03
  1.100471E+02 3.240E-03
  1.151117E+02 2.862E-03
  1.203746E+02 2.527E-03
  1.258424E+02 2.232E-03
  1.315221E+02 1.971E-03
  1.374207E+02 1.740E-03
  1.435455E+02 1.536E-03
  1.499038E+02 1.356E-03
  1.565034E+02 1.197E-03
  1.633523E+02 1.057E-03
  1.704584E+02 9.327E-04
  1.778303E+02 8.231E-04
  1.854765E+02 7.264E-04
  1.934058E+02 6.410E-04
  2.016273E+02 5.656E-04
  2.101505E+02 4.991E-04
  2.189849E+02 4.403E-04
  2.281402E+02 3.885E-04
  2.376268E+02 3.427E-04
  2.474549E+02 3.023E-04
  2.576355E+02 2.666E-04
  2.681794E+02 2.352E-04
  2.790979E+02 2.074E-04
  2.904028E+02 1.829E-04
  3.021060E+02 1.613E-04
    1    0    0    3
     29     64
  9.102180E+00    0.0100
  8.432760E+00 3.458E-01
  8.600110E+00 3.328E-01
  8.767470E+00 3.205E-01
  8.934820E+00 3.088E-01
  9.101370E+00 2.977E-01
  9.635960E+00 2.657E-01
  1.020010E+01 2.370E-01
  1.079510E+01 2.114E-01
  1.142260E+01 1.886E-01
  1.208410E+01 1.681E-01
  1.278100E+01 1.499E-01
  1.351520E+01 1.336E-01
  1.428820E+01 1.191E-01
  1.510190E+01 1.061E-01
  1.595800E+01 9.456E-02
  1.685840E+01 8.423E-02
  1.780521E+01 7.501E-02
  1.880020E+01 6.680E-02
  1.984550E+01 5.947E-02
  2.094341E+01 5.293E-02
  2.209590E+01 4.711E-02
  2.330530E+01 4.192E-02
  2.457410E+01 3.729E-02
  2.590460E+01 3.317E-02
  2.729919E+01 2.950E-02
  2.876060E+01 2.623E-02
  3.029131E+01 2.332E-02
  3.189410E+01 2.073E-02
  3.357170E+01 1.842E-02
  3.538031E+01 1.638E-02
  3.727711E+01 1.452E-02
  3.926602E+01 1.288E-02
  4.135107E+01 1.142E-02
  4.353650E+01 1.012E-02
  4.582668E+01 8.972E-03
  4.822620E+01 7.953E-03
  5.073979E+01 7.049E-03
  5.337238E+01 6.247E-03
  5.612914E+01 5.536E-03
  5.901532E+01 4.905E-03
  6.203656E+01 4.346E-03
  6.519853E+01 3.851E-03
  6.850731E+01 3.412E-03
  7.196902E+01 3.022E-03
  7.559016E+01 2.677E-03
  7.937738E+01 2.371E-03
  8.333774E+01 2.100E-03
  8.747841E+01 1.860E-03
  9.180685E+01 1.647E-03
  9.633092E+01 1.459E-03
  1.010587E+02 1.292E-03
  1.059987E+02 1.144E-03
  1.111594E+02 1.013E-03
  1.165500E+02 8.965E-04
  1.221798E+02 7.936E-04
  1.280586E+02 7.025E-04
  1.341964E+02 6.218E-04
  1.406038E+02 5.504E-04
  1.472916E+02 4.871E-04
  1.542711E+02 4.311E-04
  1.615539E+02 3.815E-04
  1.691523E+02 3.376E-04
  1.770787E+02 2.987E-04
  1.853461E+02 2.643E-04
    1    0    0    4
     37     64
  5.106020E+00    0.0100
  4.436600E+00 5.784E-01
  4.603950E+00 5.377E-01
  4.771310E+00 5.010E-01
  4.938660E+00 4.678E-01
  5.105210E+00 4.379E-01
  5.402610E+00 3.909E-01
  5.716520E+00 3.489E-01
  6.047810E+00 3.114E-01
  6.397350E+00 2.779E-01
  6.766100E+00 2.480E-01
  7.155010E+00 2.213E-01
  7.565110E+00 1.974E-01
  7.997480E+00 1.761E-01
  8.453210E+00 1.571E-01
  8.933490E+00 1.401E-01
  9.439520E+00 1.249E-01
  9.972580E+00 1.114E-01
  1.053400E+01 9.934E-02
  1.112510E+01 8.856E-02
  1.174750E+01 7.895E-02
  1.240250E+01 7.037E-02
  1.309180E+01 6.272E-02
  1.381690E+01 5.590E-02
  1.457980E+01 4.981E-02
  1.538190E+01 4.438E-02
  1.622530E+01 3.954E-02
  1.711189E+01 3.522E-02
  1.804370E+01 3.137E-02
  1.902280E+01 2.794E-02
  2.005141E+01 2.488E-02
  2.113161E+01 2.216E-02
  2.226601E+01 1.973E-02
  2.345689E+01 1.756E-02
  2.470700E+01 1.563E-02
  2.601880E+01 1.392E-02
  2.739510E+01 1.239E-02
  2.883881E+01 1.102E-02
  3.039882E+01 9.808E-03
  3.203796E+01 8.705E-03
  3.376006E+01 7.726E-03
  3.556902E+01 6.857E-03
  3.746893E+01 6.085E-03
  3.946413E+01 5.400E-03
  4.155910E+01 4.791E-03
  4.375853E+01 4.251E-03
  4.606728E+01 3.772E-03
  4.849049E+01 3.346E-03
  5.103348E+01 2.969E-03
  5.370184E+01 2.633E-03
  5.650136E+01 2.336E-03
  5.943814E+01 2.072E-03
  6.251846E+01 1.838E-03
  6.574901E+01 1.630E-03
  6.913660E+01 1.446E-03
  7.268845E+01 1.282E-03
  7.641208E+01 1.137E-03
  8.031528E+01 1.008E-03
  8.440625E+01 8.938E-04
  8.869344E+01 7.925E-04
  9.318575E+01 7.027E-04
  9.789241E+01 6.230E-04
  1.028231E+02 5.523E-04
  1.079879E+02 4.896E-04
  1.133973E+02 4.340E-04
    1    0    0    5
     46     66
  3.262410E+00    0.0100
  2.592990E+00 9.435E-01
  2.760340E+00 8.329E-01
  2.927700E+00 7.404E-01
  3.095050E+00 6.622E-01
  3.261600E+00 5.958E-01
  3.444680E+00 5.324E-01
  3.638340E+00 4.758E-01
  3.843160E+00 4.251E-01
  4.059770E+00 3.798E-01
  4.288800E+00 3.393E-01
  4.530930E+00 3.030E-01
  4.786860E+00 2.707E-01
  5.057340E+00 2.417E-01
  5.343140E+00 2.159E-01
  5.645050E+00 1.927E-01
  5.963930E+00 1.721E-01
  6.300650E+00 1.536E-01
  6.656120E+00 1.371E-01
  7.031290E+00 1.223E-01
  7.427160E+00 1.091E-01
  7.844750E+00 9.738E-02
  8.285120E+00 8.686E-02
  8.749390E+00 7.747E-02
  9.238720E+00 6.908E-02
  9.754290E+00 6.159E-02
  1.029730E+01 5.491E-02
  1.086920E+01 4.894E-02
  1.147110E+01 4.361E-02
  1.210450E+01 3.886E-02
  1.277070E+01 3.462E-02
  1.347130E+01 3.084E-02
  1.420780E+01 2.746E-02
  1.498170E+01 2.445E-02
  1.579470E+01 2.177E-02
  1.664830E+01 1.937E-02
  1.754440E+01 1.724E-02
  1.848460E+01 1.534E-02
  1.947090E+01 1.365E-02
  2.050490E+01 1.214E-02
  2.158881E+01 1.079E-02
  2.272440E+01 9.597E-03
  2.391380E+01 8.532E-03
  2.515900E+01 7.583E-03
  2.578040E+01 7.163E-03
  2.634450E+01 6.802E-03
  2.796671E+01 5.952E-03
  2.946875E+01 5.339E-03
  3.104750E+01 4.740E-03
  3.270668E+01 4.207E-03
  3.445018E+01 3.735E-03
  3.628210E+01 3.315E-03
  3.820671E+01 2.943E-03
  4.022844E+01 2.612E-03
  4.235199E+01 2.318E-03
  4.458224E+01 2.057E-03
  4.692426E+01 1.826E-03
  4.938339E+01 1.620E-03
  5.196523E+01 1.438E-03
  5.467563E+01 1.276E-03
  5.752068E+01 1.132E-03
  6.050665E+01 1.004E-03
  6.364035E+01 8.911E-04
  6.692868E+01 7.905E-04
  7.037885E+01 7.013E-04
  7.399847E+01 6.222E-04
  7.779562E+01 5.519E-04
    1    0    0    6
     51     66
  2.262990E+00    0.0100
  1.697242E+00 1.388E+00
  1.760920E+00 1.280E+00
  1.928280E+00 1.066E+00
  2.095630E+00 9.004E-01
  2.262180E+00 7.705E-01
  2.388400E+00 6.883E-01
  2.521810E+00 6.149E-01
  2.662790E+00 5.493E-01
  2.811780E+00 4.906E-01
  2.969210E+00 4.382E-01
  3.135550E+00 3.914E-01
  3.311280E+00 3.496E-01
  3.496910E+00 3.122E-01
  3.692980E+00 2.788E-01
  3.900040E+00 2.489E-01
  4.118700E+00 2.222E-01
  4.349570E+00 1.984E-01
  4.593300E+00 1.771E-01
  4.850550E+00 1.581E-01
  5.122050E+00 1.411E-01
  5.408530E+00 1.259E-01
  5.710780E+00 1.124E-01
  6.029590E+00 1.003E-01
  6.365830E+00 8.948E-02
  6.720380E+00 7.983E-02
  7.094160E+00 7.121E-02
  7.488140E+00 6.352E-02
  7.903330E+00 5.665E-02
  8.340780E+00 5.052E-02
  8.801580E+00 4.505E-02
  9.286890E+00 4.016E-02
  9.797870E+00 3.581E-02
  1.033580E+01 3.192E-02
  1.090190E+01 2.845E-02
  1.149760E+01 2.535E-02
  1.212420E+01 2.259E-02
  1.278330E+01 2.013E-02
  1.347620E+01 1.793E-02
  1.420460E+01 1.597E-02
  1.497010E+01 1.422E-02
  1.577440E+01 1.267E-02
  1.661920E+01 1.128E-02
  1.750639E+01 1.004E-02
  1.843781E+01 8.938E-03
  1.941541E+01 7.955E-03
  2.044119E+01 7.080E-03
  2.151730E+01 6.300E-03
  2.264580E+01 5.605E-03
  2.382899E+01 4.986E-03
  2.478101E+01 4.555E-03
  2.616580E+01 4.015E-03
  2.758029E+01 3.623E-03
  2.906856E+01 3.218E-03
  3.063435E+01 2.858E-03
  3.228151E+01 2.539E-03
  3.401418E+01 2.255E-03
  3.583658E+01 2.002E-03
  3.775320E+01 1.778E-03
  3.976878E+01 1.579E-03
  4.188826E+01 1.402E-03
  4.411676E+01 1.245E-03
  4.645970E+01 1.106E-03
  4.892285E+01 9.819E-04
  5.151208E+01 8.718E-04
  5.423364E+01 7.740E-04
  5.709402E+01 6.872E-04
    1    0    0    7
     57     66
  1.661250E+00    0.0100
  1.245937E+00 1.755E+00
  1.326540E+00 1.523E+00
  1.493890E+00 1.194E+00
  1.660440E+00 9.611E-01
  1.752600E+00 8.584E-01
  1.849940E+00 7.667E-01
  1.952760E+00 6.847E-01
  2.061350E+00 6.115E-01
  2.176040E+00 5.461E-01
  2.297150E+00 4.877E-01
  2.425050E+00 4.355E-01
  2.560100E+00 3.889E-01
  2.702700E+00 3.472E-01
  2.853240E+00 3.100E-01
  3.012170E+00 2.768E-01
  3.179930E+00 2.471E-01
  3.357000E+00 2.206E-01
  3.543880E+00 1.969E-01
  3.741100E+00 1.758E-01
  3.949200E+00 1.569E-01
  4.168760E+00 1.401E-01
  4.400380E+00 1.250E-01
  4.644710E+00 1.115E-01
  4.902400E+00 9.954E-02
  5.174160E+00 8.882E-02
  5.460710E+00 7.925E-02
  5.762830E+00 7.071E-02
  6.081310E+00 6.308E-02
  6.417000E+00 5.627E-02
  6.770760E+00 5.020E-02
  7.143540E+00 4.477E-02
  7.536270E+00 3.993E-02
  7.949980E+00 3.561E-02
  8.385720E+00 3.175E-02
  8.844580E+00 2.831E-02
  9.327710E+00 2.524E-02
  9.836320E+00 2.251E-02
  1.037170E+01 2.006E-02
  1.093500E+01 1.788E-02
  1.152780E+01 1.594E-02
  1.215140E+01 1.420E-02
  1.280740E+01 1.266E-02
  1.349720E+01 1.128E-02
  1.422250E+01 1.005E-02
  1.498490E+01 8.952E-03
  1.578630E+01 7.975E-03
  1.662849E+01 7.103E-03
  1.751331E+01 6.326E-03
  1.844270E+01 5.634E-03
  1.941890E+01 5.017E-03
  2.044400E+01 4.467E-03
  2.152010E+01 3.977E-03
  2.264960E+01 3.540E-03
  2.383501E+01 3.151E-03
  2.417931E+01 3.049E-03
  2.474330E+01 2.884E-03
  2.636549E+01 2.499E-03
  2.779298E+01 2.252E-03
  2.929568E+01 2.001E-03
  3.087743E+01 1.778E-03
  3.254230E+01 1.579E-03
  3.429451E+01 1.403E-03
  3.613853E+01 1.246E-03
  3.807910E+01 1.107E-03
  4.012105E+01 9.835E-04
  4.226955E+01 8.737E-04
    1    0    0    8
     60     64
  1.271110E+00    0.0100
  9.533322E-01 2.127E+00
  1.103750E+00 1.561E+00
  1.270300E+00 1.167E+00
  1.340820E+00 1.042E+00
  1.415250E+00 9.304E-01
  1.493830E+00 8.307E-01
  1.576760E+00 7.417E-01
  1.664300E+00 6.622E-01
  1.756680E+00 5.912E-01
  1.854180E+00 5.278E-01
  1.957080E+00 4.712E-01
  2.065660E+00 4.207E-01
  2.180230E+00 3.755E-01
  2.301130E+00 3.352E-01
  2.428680E+00 2.992E-01
  2.563250E+00 2.671E-01
  2.705220E+00 2.384E-01
  2.854990E+00 2.128E-01
  3.012970E+00 1.899E-01
  3.179600E+00 1.695E-01
  3.355340E+00 1.513E-01
  3.540670E+00 1.350E-01
  3.736120E+00 1.205E-01
  3.942210E+00 1.075E-01
  4.159510E+00 9.594E-02
  4.388600E+00 8.561E-02
  4.630110E+00 7.638E-02
  4.884700E+00 6.815E-02
  5.153040E+00 6.080E-02
  5.435860E+00 5.425E-02
  5.733900E+00 4.839E-02
  6.047970E+00 4.317E-02
  6.378900E+00 3.851E-02
  6.727550E+00 3.435E-02
  7.094840E+00 3.064E-02
  7.481730E+00 2.732E-02
  7.889230E+00 2.437E-02
  8.318390E+00 2.173E-02
  8.770320E+00 1.938E-02
  9.246180E+00 1.728E-02
  9.747180E+00 1.541E-02
  1.027460E+01 1.374E-02
  1.082980E+01 1.225E-02
  1.141410E+01 1.092E-02
  1.202900E+01 9.735E-03
  1.267610E+01 8.678E-03
  1.335690E+01 7.736E-03
  1.407320E+01 6.895E-03
  1.482660E+01 6.145E-03
  1.561910E+01 5.477E-03
  1.645250E+01 4.881E-03
  1.732890E+01 4.349E-03
  1.825031E+01 3.876E-03
  1.921910E+01 3.453E-03
  2.023740E+01 3.077E-03
  2.130769E+01 2.741E-03
  2.243250E+01 2.442E-03
  2.361440E+01 2.175E-03
  2.485620E+01 1.938E-03
  2.616080E+01 1.726E-03
  2.758289E+01 1.549E-03
  2.908075E+01 1.377E-03
  3.065828E+01 1.224E-03
  3.231964E+01 1.087E-03
    1    0    0    9
     64     64
  1.003850E+00    0.0100
  7.528875E-01 2.621E+00
  8.364970E-01 2.026E+00
  1.003040E+00 1.387E+00
  1.058190E+00 1.238E+00
  1.116400E+00 1.106E+00
  1.177830E+00 9.873E-01
  1.242670E+00 8.815E-01
  1.311100E+00 7.870E-01
  1.383310E+00 7.026E-01
  1.459530E+00 6.273E-01
  1.539960E+00 5.600E-01
  1.624830E+00 5.000E-01
  1.714390E+00 4.464E-01
  1.808900E+00 3.985E-01
  1.908610E+00 3.557E-01
  2.013830E+00 3.175E-01
  2.124830E+00 2.835E-01
  2.241940E+00 2.530E-01
  2.365490E+00 2.258E-01
  2.495820E+00 2.016E-01
  2.633300E+00 1.799E-01
  2.778310E+00 1.606E-01
  2.931250E+00 1.433E-01
  3.092560E+00 1.279E-01
  3.262670E+00 1.142E-01
  3.442060E+00 1.019E-01
  3.631220E+00 9.091E-02
  3.830670E+00 8.112E-02
  4.040950E+00 7.239E-02
  4.262630E+00 6.459E-02
  4.496320E+00 5.763E-02
  4.742650E+00 5.142E-02
  5.002270E+00 4.587E-02
  5.275900E+00 4.092E-02
  5.564250E+00 3.651E-02
  5.868090E+00 3.257E-02
  6.188230E+00 2.905E-02
  6.525520E+00 2.591E-02
  6.880830E+00 2.311E-02
  7.255100E+00 2.061E-02
  7.649300E+00 1.838E-02
  8.064460E+00 1.640E-02
  8.501650E+00 1.462E-02
  8.961980E+00 1.304E-02
  9.446650E+00 1.163E-02
  9.956870E+00 1.037E-02
  1.049390E+01 9.242E-03
  1.105920E+01 8.239E-03
  1.165410E+01 7.345E-03
  1.228020E+01 6.548E-03
  1.293880E+01 5.837E-03
  1.363180E+01 5.202E-03
  1.436080E+01 4.637E-03
  1.512750E+01 4.132E-03
  1.593390E+01 3.683E-03
  1.678191E+01 3.282E-03
  1.767349E+01 2.924E-03
  1.861099E+01 2.606E-03
  1.959630E+01 2.322E-03
  2.063210E+01 2.068E-03
  2.172060E+01 1.843E-03
  2.286450E+01 1.642E-03
  2.406630E+01 1.462E-03
  2.532890E+01 1.302E-03
    1    0    0   10
     64     64
  8.128090E-01    0.0100
  6.096067E-01 3.111E+00
  6.454530E-01 2.624E+00
  8.119990E-01 1.621E+00
  8.562770E-01 1.447E+00
  9.030040E-01 1.292E+00
  9.523140E-01 1.154E+00
  1.004350E+00 1.030E+00
  1.059270E+00 9.196E-01
  1.117210E+00 8.210E-01
  1.178360E+00 7.330E-01
  1.242890E+00 6.544E-01
  1.310980E+00 5.842E-01
  1.382830E+00 5.216E-01
  1.458640E+00 4.656E-01
  1.538630E+00 4.157E-01
  1.623030E+00 3.711E-01
  1.712080E+00 3.312E-01
  1.806040E+00 2.957E-01
  1.905150E+00 2.639E-01
  2.009720E+00 2.356E-01
  2.120030E+00 2.103E-01
  2.236400E+00 1.877E-01
  2.359140E+00 1.675E-01
  2.488610E+00 1.495E-01
  2.625160E+00 1.335E-01
  2.769190E+00 1.191E-01
  2.921070E+00 1.063E-01
  3.081250E+00 9.487E-02
  3.250150E+00 8.467E-02
  3.428250E+00 7.555E-02
  3.616030E+00 6.742E-02
  3.814010E+00 6.016E-02
  4.022720E+00 5.368E-02
  4.242740E+00 4.790E-02
  4.474660E+00 4.273E-02
  4.719100E+00 3.813E-02
  4.976720E+00 3.401E-02
  5.248210E+00 3.034E-02
  5.534300E+00 2.707E-02
  5.835740E+00 2.415E-02
  6.153340E+00 2.154E-02
  6.487930E+00 1.921E-02
  6.840380E+00 1.714E-02
  7.211620E+00 1.528E-02
  7.602620E+00 1.363E-02
  8.014390E+00 1.215E-02
  8.447990E+00 1.084E-02
  8.904530E+00 9.665E-03
  9.385180E+00 8.618E-03
  9.891170E+00 7.684E-03
  1.042380E+01 6.851E-03
  1.098430E+01 6.108E-03
  1.157430E+01 5.445E-03
  1.219500E+01 4.854E-03
  1.284820E+01 4.327E-03
  1.353530E+01 3.856E-03
  1.425810E+01 3.437E-03
  1.501840E+01 3.063E-03
  1.581790E+01 2.730E-03
  1.665871E+01 2.433E-03
  1.754269E+01 2.168E-03
  1.847220E+01 1.932E-03
  1.944920E+01 1.721E-03
  2.047610E+01 1.533E-03
    3    0    0    1
     19     62
  2.133681E+01    0.0100
  2.066740E+01 1.823E-01
  2.083479E+01 1.795E-01
  2.100211E+01 1.767E-01
  2.116949E+01 1.739E-01
  2.133600E+01 1.713E-01
  2.262350E+01 1.524E-01
  2.397301E+01 1.357E-01
  2.538760E+01 1.207E-01
  2.687019E+01 1.074E-01
  2.842400E+01 9.557E-02
  3.005220E+01 8.504E-02
  3.175850E+01 7.566E-02
  3.354630E+01 6.732E-02
  3.541949E+01 5.989E-02
  3.738210E+01 5.329E-02
  3.943820E+01 4.741E-02
  4.159210E+01 4.218E-02
  4.384850E+01 3.753E-02
  4.621220E+01 3.339E-02
  4.875780E+01 2.956E-02
  5.142429E+01 2.619E-02
  5.421658E+01 2.321E-02
  5.713988E+01 2.056E-02
  6.019951E+01 1.821E-02
  6.340105E+01 1.613E-02
  6.675015E+01 1.428E-02
  7.025281E+01 1.265E-02
  7.391524E+01 1.120E-02
  7.774371E+01 9.914E-03
  8.174486E+01 8.777E-03
  8.592546E+01 7.769E-03
  9.029265E+01 6.877E-03
  9.485365E+01 6.086E-03
  9.961607E+01 5.386E-03
  1.045878E+02 4.766E-03
  1.097767E+02 4.217E-03
  1.151914E+02 3.731E-03
  1.208403E+02 3.301E-03
  1.267326E+02 2.920E-03
  1.328774E+02 2.583E-03
  1.392842E+02 2.285E-03
  1.459628E+02 2.021E-03
  1.529237E+02 1.787E-03
  1.601772E+02 1.580E-03
  1.677344E+02 1.397E-03
  1.756063E+02 1.235E-03
  1.838048E+02 1.092E-03
  1.923418E+02 9.655E-04
  2.012296E+02 8.535E-04
  2.104812E+02 7.544E-04
  2.201098E+02 6.668E-04
  2.301290E+02 5.893E-04
  2.405529E+02 5.208E-04
  2.513963E+02 4.602E-04
  2.626736E+02 4.066E-04
  2.744011E+02 3.593E-04
  2.865942E+02 3.174E-04
  2.992700E+02 2.804E-04
  3.124451E+02 2.477E-04
  3.261372E+02 2.188E-04
  3.403645E+02 1.933E-04
  3.551458E+02 1.707E-04
    3    0    0    2
     28     64
  9.301890E+00    0.0100
  8.632470E+00 3.335E-01
  8.799820E+00 3.213E-01
  8.967180E+00 3.098E-01
  9.134530E+00 2.988E-01
  9.301080E+00 2.884E-01
  9.857550E+00 2.573E-01
  1.044410E+01 2.295E-01
  1.106230E+01 2.047E-01
  1.171360E+01 1.825E-01
  1.239970E+01 1.627E-01
  1.312220E+01 1.451E-01
  1.388280E+01 1.293E-01
  1.468340E+01 1.153E-01
  1.552590E+01 1.027E-01
  1.641240E+01 9.156E-02
  1.734470E+01 8.159E-02
  1.832530E+01 7.270E-02
  1.935609E+01 6.476E-02
  2.043980E+01 5.769E-02
  2.157860E+01 5.139E-02
  2.277521E+01 4.577E-02
  2.403210E+01 4.076E-02
  2.535229E+01 3.629E-02
  2.673849E+01 3.231E-02
  2.819380E+01 2.877E-02
  2.972130E+01 2.561E-02
  3.132430E+01 2.280E-02
  3.300610E+01 2.029E-02
  3.481863E+01 1.800E-02
  3.672195E+01 1.597E-02
  3.872017E+01 1.417E-02
  4.081763E+01 1.257E-02
  4.301883E+01 1.115E-02
  4.532848E+01 9.889E-03
  4.775142E+01 8.770E-03
  5.029280E+01 7.777E-03
  5.295793E+01 6.896E-03
  5.575226E+01 6.115E-03
  5.868163E+01 5.421E-03
  6.175192E+01 4.806E-03
  6.496944E+01 4.261E-03
  6.834058E+01 3.777E-03
  7.187210E+01 3.348E-03
  7.557106E+01 2.967E-03
  7.944470E+01 2.630E-03
  8.350066E+01 2.330E-03
  8.774677E+01 2.065E-03
  9.219131E+01 1.830E-03
  9.684277E+01 1.621E-03
  1.017100E+02 1.436E-03
  1.068022E+02 1.273E-03
  1.121291E+02 1.127E-03
  1.177003E+02 9.986E-04
  1.235266E+02 8.846E-04
  1.296184E+02 7.835E-04
  1.359871E+02 6.939E-04
  1.426442E+02 6.145E-04
  1.496018E+02 5.442E-04
  1.568724E+02 4.819E-04
  1.644688E+02 4.267E-04
  1.724050E+02 3.778E-04
  1.806945E+02 3.345E-04
  1.893522E+02 2.961E-04
  1.983930E+02 2.621E-04
    3    0    0    3
     37     65
  5.186900E+00    0.0100
  4.517470E+00 5.572E-01
  4.684830E+00 5.189E-01
  4.852180E+00 4.844E-01
  5.019540E+00 4.531E-01
  5.186090E+00 4.248E-01
  5.492250E+00 3.791E-01
  5.815270E+00 3.384E-01
  6.156010E+00 3.020E-01
  6.515390E+00 2.694E-01
  6.894350E+00 2.404E-01
  7.293900E+00 2.145E-01
  7.715100E+00 1.914E-01
  8.159040E+00 1.707E-01
  8.626880E+00 1.523E-01
  9.119830E+00 1.358E-01
  9.639170E+00 1.211E-01
  1.018620E+01 1.080E-01
  1.076240E+01 9.633E-02
  1.136910E+01 8.590E-02
  1.200790E+01 7.659E-02
  1.268040E+01 6.829E-02
  1.338830E+01 6.088E-02
  1.413330E+01 5.427E-02
  1.491720E+01 4.838E-02
  1.574210E+01 4.312E-02
  1.660989E+01 3.843E-02
  1.752271E+01 3.425E-02
  1.848270E+01 3.053E-02
  1.949229E+01 2.720E-02
  2.055380E+01 2.424E-02
  2.166991E+01 2.160E-02
  2.284309E+01 1.925E-02
  2.407620E+01 1.715E-02
  2.537219E+01 1.528E-02
  2.673399E+01 1.361E-02
  2.816479E+01 1.212E-02
  2.966811E+01 1.080E-02
  3.128900E+01 9.584E-03
  3.299330E+01 8.509E-03
  3.478502E+01 7.554E-03
  3.666837E+01 6.706E-03
  3.864775E+01 5.953E-03
  4.072781E+01 5.284E-03
  4.291335E+01 4.690E-03
  4.520940E+01 4.162E-03
  4.762126E+01 3.694E-03
  5.015443E+01 3.278E-03
  5.281468E+01 2.909E-03
  5.560803E+01 2.582E-03
  5.854076E+01 2.291E-03
  6.161938E+01 2.032E-03
  6.485083E+01 1.803E-03
  6.824217E+01 1.600E-03
  7.180092E+01 1.419E-03
  7.553496E+01 1.259E-03
  7.945235E+01 1.117E-03
  8.356168E+01 9.907E-04
  8.787169E+01 8.787E-04
  9.239178E+01 7.794E-04
  9.713165E+01 6.912E-04
  1.021013E+02 6.130E-04
  1.073113E+02 5.436E-04
  1.127726E+02 4.821E-04
  1.184968E+02 4.274E-04
  1.244958E+02 3.790E-04
    3    0    0    4
     46     66
  3.302970E+00    0.0100
  2.633540E+00 9.075E-01
  2.800900E+00 8.033E-01
  2.968260E+00 7.157E-01
  3.135610E+00 6.415E-01
  3.302160E+00 5.783E-01
  3.488490E+00 5.169E-01
  3.685640E+00 4.619E-01
  3.894210E+00 4.128E-01
  4.114840E+00 3.688E-01
  4.348190E+00 3.295E-01
  4.594960E+00 2.944E-01
  4.855870E+00 2.630E-01
  5.131690E+00 2.349E-01
  5.423200E+00 2.098E-01
  5.731260E+00 1.873E-01
  6.056710E+00 1.673E-01
  6.400470E+00 1.493E-01
  6.763480E+00 1.333E-01
  7.146730E+00 1.190E-01
  7.551240E+00 1.062E-01
  7.978080E+00 9.473E-02
  8.428340E+00 8.451E-02
  8.903190E+00 7.539E-02
  9.403820E+00 6.723E-02
  9.931480E+00 5.996E-02
  1.048740E+01 5.346E-02
  1.107300E+01 4.765E-02
  1.168960E+01 4.247E-02
  1.233870E+01 3.785E-02
  1.302170E+01 3.373E-02
  1.374010E+01 3.004E-02
  1.449560E+01 2.676E-02
  1.528980E+01 2.383E-02
  1.612421E+01 2.122E-02
  1.700079E+01 1.889E-02
  1.792120E+01 1.681E-02
  1.888741E+01 1.496E-02
  1.990109E+01 1.331E-02
  2.096440E+01 1.184E-02
  2.207930E+01 1.053E-02
  2.324789E+01 9.367E-03
  2.447220E+01 8.329E-03
  2.575439E+01 7.404E-03
  2.582100E+01 7.360E-03
  2.638499E+01 7.001E-03
  2.800729E+01 6.149E-03
  2.952397E+01 5.495E-03
  3.111890E+01 4.879E-03
  3.279584E+01 4.332E-03
  3.455885E+01 3.847E-03
  3.641219E+01 3.415E-03
  3.836017E+01 3.032E-03
  4.040749E+01 2.692E-03
  4.255891E+01 2.389E-03
  4.481950E+01 2.121E-03
  4.719453E+01 1.883E-03
  4.968954E+01 1.671E-03
  5.231033E+01 1.483E-03
  5.506293E+01 1.316E-03
  5.795361E+01 1.168E-03
  6.098914E+01 1.037E-03
  6.417625E+01 9.200E-04
  6.752226E+01 8.163E-04
  7.103473E+01 7.244E-04
  7.472150E+01 6.427E-04
  7.859096E+01 5.703E-04
    3    0    0    5
     51     66
  2.286210E+00    0.0100
  1.714657E+00 1.344E+00
  1.784150E+00 1.233E+00
  1.951500E+00 1.030E+00
  2.118860E+00 8.724E-01
  2.285400E+00 7.484E-01
  2.413570E+00 6.686E-01
  2.549060E+00 5.974E-01
  2.692270E+00 5.337E-01
  2.843630E+00 4.767E-01
  3.003590E+00 4.258E-01
  3.172630E+00 3.804E-01
  3.351240E+00 3.397E-01
  3.539950E+00 3.034E-01
  3.739310E+00 2.710E-01
  3.949890E+00 2.420E-01
  4.172300E+00 2.161E-01
  4.407170E+00 1.929E-01
  4.655170E+00 1.722E-01
  4.916990E+00 1.538E-01
  5.193360E+00 1.373E-01
  5.485050E+00 1.225E-01
  5.792850E+00 1.093E-01
  6.117610E+00 9.759E-02
  6.460200E+00 8.708E-02
  6.821520E+00 7.770E-02
  7.202550E+00 6.932E-02
  7.604270E+00 6.184E-02
  8.027730E+00 5.516E-02
  8.474010E+00 4.920E-02
  8.944260E+00 4.388E-02
  9.439660E+00 3.913E-02
  9.961440E+00 3.489E-02
  1.051090E+01 3.110E-02
  1.108930E+01 2.773E-02
  1.169820E+01 2.471E-02
  1.233890E+01 2.202E-02
  1.301300E+01 1.963E-02
  1.372210E+01 1.749E-02
  1.446770E+01 1.558E-02
  1.525160E+01 1.388E-02
  1.607550E+01 1.236E-02
  1.694141E+01 1.101E-02
  1.785100E+01 9.804E-03
  1.880640E+01 8.730E-03
  1.980949E+01 7.772E-03
  2.086270E+01 6.918E-03
  2.196800E+01 6.157E-03
  2.312770E+01 5.480E-03
  2.434419E+01 4.876E-03
  2.480420E+01 4.672E-03
  2.618900E+01 4.132E-03
  2.761526E+01 3.716E-03
  2.911662E+01 3.302E-03
  3.069685E+01 2.933E-03
  3.235997E+01 2.606E-03
  3.411017E+01 2.315E-03
  3.595187E+01 2.056E-03
  3.788966E+01 1.826E-03
  3.992845E+01 1.622E-03
  4.207324E+01 1.441E-03
  4.432950E+01 1.280E-03
  4.670267E+01 1.136E-03
  4.919870E+01 1.009E-03
  5.182376E+01 8.963E-04
  5.458423E+01 7.960E-04
  5.748686E+01 7.069E-04
    3    0    0    6
     55     65
  1.675780E+00    0.0100
  1.256835E+00 1.699E+00
  1.341070E+00 1.470E+00
  1.508420E+00 1.157E+00
  1.674970E+00 9.337E-01
  1.768440E+00 8.340E-01
  1.867190E+00 7.449E-01
  1.971490E+00 6.653E-01
  2.081670E+00 5.942E-01
  2.198040E+00 5.307E-01
  2.320940E+00 4.739E-01
  2.450740E+00 4.232E-01
  2.587820E+00 3.779E-01
  2.732560E+00 3.375E-01
  2.885390E+00 3.013E-01
  3.046740E+00 2.691E-01
  3.217090E+00 2.402E-01
  3.396910E+00 2.145E-01
  3.586720E+00 1.915E-01
  3.787050E+00 1.709E-01
  3.998460E+00 1.526E-01
  4.221540E+00 1.362E-01
  4.456920E+00 1.216E-01
  4.705250E+00 1.085E-01
  4.967210E+00 9.683E-02
  5.243510E+00 8.642E-02
  5.534910E+00 7.711E-02
  5.842200E+00 6.881E-02
  6.166190E+00 6.139E-02
  6.507760E+00 5.477E-02
  6.867820E+00 4.886E-02
  7.247300E+00 4.359E-02
  7.647220E+00 3.888E-02
  8.068600E+00 3.468E-02
  8.512530E+00 3.093E-02
  8.980160E+00 2.758E-02
  9.472680E+00 2.460E-02
  9.991330E+00 2.193E-02
  1.053740E+01 1.956E-02
  1.111230E+01 1.743E-02
  1.171740E+01 1.554E-02
  1.235420E+01 1.385E-02
  1.302430E+01 1.235E-02
  1.372930E+01 1.100E-02
  1.447080E+01 9.807E-03
  1.525070E+01 8.739E-03
  1.607080E+01 7.787E-03
  1.693300E+01 6.937E-03
  1.783929E+01 6.180E-03
  1.879179E+01 5.505E-03
  1.979269E+01 4.904E-03
  2.084430E+01 4.367E-03
  2.194881E+01 3.889E-03
  2.310890E+01 3.463E-03
  2.419380E+01 3.122E-03
  2.557860E+01 2.751E-03
  2.697580E+01 2.477E-03
  2.844743E+01 2.201E-03
  2.999734E+01 1.956E-03
  3.162959E+01 1.738E-03
  3.334846E+01 1.545E-03
  3.515839E+01 1.372E-03
  3.706413E+01 1.220E-03
  3.907062E+01 1.084E-03
  4.118301E+01 9.628E-04
  4.340681E+01 8.554E-04
    3    0    0    7
     59     64
  1.280800E+00    0.0100
  9.605999E-01 2.059E+00
  1.113450E+00 1.511E+00
  1.279990E+00 1.134E+00
  1.351510E+00 1.013E+00
  1.427000E+00 9.041E-01
  1.506680E+00 8.072E-01
  1.590790E+00 7.207E-01
  1.679560E+00 6.435E-01
  1.773250E+00 5.745E-01
  1.872140E+00 5.129E-01
  1.976490E+00 4.579E-01
  2.086610E+00 4.088E-01
  2.202820E+00 3.650E-01
  2.325430E+00 3.258E-01
  2.454800E+00 2.908E-01
  2.591300E+00 2.596E-01
  2.735300E+00 2.317E-01
  2.887210E+00 2.068E-01
  3.047460E+00 1.846E-01
  3.216490E+00 1.648E-01
  3.394780E+00 1.471E-01
  3.582820E+00 1.313E-01
  3.781130E+00 1.171E-01
  3.990260E+00 1.045E-01
  4.210780E+00 9.329E-02
  4.443300E+00 8.325E-02
  4.688460E+00 7.428E-02
  4.946920E+00 6.628E-02
  5.219390E+00 5.914E-02
  5.506610E+00 5.277E-02
  5.809350E+00 4.708E-02
  6.128430E+00 4.201E-02
  6.464710E+00 3.748E-02
  6.819080E+00 3.343E-02
  7.192490E+00 2.982E-02
  7.585940E+00 2.660E-02
  8.000460E+00 2.373E-02
  8.437150E+00 2.117E-02
  8.897170E+00 1.888E-02
  9.381700E+00 1.684E-02
  9.892030E+00 1.502E-02
  1.042950E+01 1.339E-02
  1.099540E+01 1.194E-02
  1.159140E+01 1.065E-02
  1.221880E+01 9.498E-03
  1.287940E+01 8.469E-03
  1.357470E+01 7.551E-03
  1.430670E+01 6.733E-03
  1.507700E+01 6.003E-03
  1.588780E+01 5.351E-03
  1.674091E+01 4.771E-03
  1.763860E+01 4.253E-03
  1.858310E+01 3.791E-03
  1.957671E+01 3.379E-03
  2.062190E+01 3.012E-03
  2.172121E+01 2.684E-03
  2.287750E+01 2.392E-03
  2.409340E+01 2.132E-03
  2.537190E+01 1.900E-03
  2.676192E+01 1.699E-03
  2.822667E+01 1.511E-03
  2.977010E+01 1.343E-03
  3.139635E+01 1.193E-03
  3.310982E+01 1.061E-03
    3    0    0    8
     64     64
  1.010640E+00    0.0100
  7.579801E-01 2.538E+00
  8.432850E-01 1.960E+00
  1.009830E+00 1.348E+00
  1.065700E+00 1.204E+00
  1.124680E+00 1.075E+00
  1.186920E+00 9.595E-01
  1.252620E+00 8.567E-01
  1.321950E+00 7.649E-01
  1.395130E+00 6.829E-01
  1.472350E+00 6.097E-01
  1.553850E+00 5.443E-01
  1.639840E+00 4.859E-01
  1.730590E+00 4.338E-01
  1.826350E+00 3.873E-01
  1.927390E+00 3.457E-01
  2.034000E+00 3.086E-01
  2.146480E+00 2.755E-01
  2.265150E+00 2.459E-01
  2.390350E+00 2.195E-01
  2.522420E+00 1.960E-01
  2.661740E+00 1.749E-01
  2.808700E+00 1.561E-01
  2.963710E+00 1.393E-01
  3.127210E+00 1.244E-01
  3.299640E+00 1.110E-01
  3.481480E+00 9.905E-02
  3.673250E+00 8.840E-02
  3.875470E+00 7.889E-02
  4.088690E+00 7.040E-02
  4.313500E+00 6.282E-02
  4.550520E+00 5.606E-02
  4.800390E+00 5.002E-02
  5.063800E+00 4.463E-02
  5.341450E+00 3.982E-02
  5.634100E+00 3.553E-02
  5.942530E+00 3.170E-02
  6.267590E+00 2.828E-02
  6.610130E+00 2.523E-02
  6.971070E+00 2.250E-02
  7.351370E+00 2.007E-02
  7.752050E+00 1.791E-02
  8.174140E+00 1.597E-02
  8.618780E+00 1.425E-02
  9.087130E+00 1.271E-02
  9.580410E+00 1.133E-02
  1.009990E+01 1.011E-02
  1.064690E+01 9.013E-03
  1.122300E+01 8.037E-03
  1.182950E+01 7.167E-03
  1.246800E+01 6.391E-03
  1.314010E+01 5.698E-03
  1.384760E+01 5.081E-03
  1.459230E+01 4.530E-03
  1.537600E+01 4.038E-03
  1.620070E+01 3.600E-03
  1.706850E+01 3.209E-03
  1.798140E+01 2.861E-03
  1.894189E+01 2.550E-03
  1.995230E+01 2.273E-03
  2.101511E+01 2.026E-03
  2.213271E+01 1.805E-03
  2.330811E+01 1.609E-03
  2.454410E+01 1.434E-03
  2.584360E+01 1.278E-03
    3    0    0    9
     64     64
  8.177450E-01    0.0100
  6.133087E-01 3.016E+00
  6.503900E-01 2.537E+00
  8.169350E-01 1.575E+00
  8.617620E-01 1.406E+00
  9.090680E-01 1.256E+00
  9.589920E-01 1.121E+00
  1.011680E+00 1.001E+00
  1.067280E+00 8.935E-01
  1.125950E+00 7.977E-01
  1.187860E+00 7.122E-01
  1.253200E+00 6.358E-01
  1.322140E+00 5.677E-01
  1.394880E+00 5.068E-01
  1.471650E+00 4.524E-01
  1.552640E+00 4.039E-01
  1.638100E+00 3.606E-01
  1.728270E+00 3.219E-01
  1.823400E+00 2.873E-01
  1.923760E+00 2.565E-01
  2.029650E+00 2.290E-01
  2.141350E+00 2.044E-01
  2.259180E+00 1.824E-01
  2.383480E+00 1.628E-01
  2.514600E+00 1.453E-01
  2.652890E+00 1.297E-01
  2.798760E+00 1.158E-01
  2.952600E+00 1.033E-01
  3.114850E+00 9.222E-02
  3.285950E+00 8.230E-02
  3.466380E+00 7.345E-02
  3.656640E+00 6.555E-02
  3.857250E+00 5.849E-02
  4.068770E+00 5.220E-02
  4.291770E+00 4.658E-02
  4.526860E+00 4.156E-02
  4.774690E+00 3.708E-02
  5.035920E+00 3.309E-02
  5.311270E+00 2.952E-02
  5.601490E+00 2.634E-02
  5.907340E+00 2.350E-02
  6.229650E+00 2.096E-02
  6.569300E+00 1.870E-02
  6.927170E+00 1.668E-02
  7.304220E+00 1.488E-02
  7.701460E+00 1.327E-02
  8.119920E+00 1.184E-02
  8.560720E+00 1.056E-02
  9.025000E+00 9.419E-03
  9.513980E+00 8.400E-03
  1.002890E+01 7.491E-03
  1.057120E+01 6.681E-03
  1.114220E+01 5.958E-03
  1.174330E+01 5.312E-03
  1.237620E+01 4.737E-03
  1.304230E+01 4.224E-03
  1.374360E+01 3.766E-03
  1.448160E+01 3.357E-03
  1.525830E+01 2.993E-03
  1.607561E+01 2.668E-03
  1.693559E+01 2.378E-03
  1.784030E+01 2.120E-03
  1.879210E+01 1.890E-03
  1.979330E+01 1.684E-03
  2.084641E+01 1.501E-03
    1    2    0    1
     44     60
  8.999560E+00    0.0100
  8.330140E+00 2.898E-01
  8.497500E+00 2.708E-01
  8.664850E+00 2.534E-01
  8.832210E+00 2.373E-01
  8.998760E+00 2.225E-01
  9.327920E+00 1.965E-01
  9.667880E+00 1.735E-01
  1.001890E+01 1.533E-01
  1.038140E+01 1.353E-01
  1.075560E+01 1.195E-01
  1.114170E+01 1.055E-01
  1.154030E+01 9.312E-02
  1.195150E+01 8.219E-02
  1.237580E+01 7.255E-02
  1.281340E+01 6.403E-02
  1.326470E+01 5.650E-02
  1.373010E+01 4.986E-02
  1.420990E+01 4.400E-02
  1.470450E+01 3.882E-02
  1.521430E+01 3.425E-02
  1.573970E+01 3.021E-02
  1.628110E+01 2.665E-02
  1.683881E+01 2.350E-02
  1.741330E+01 2.073E-02
  1.800500E+01 1.828E-02
  1.861430E+01 1.612E-02
  1.924170E+01 1.421E-02
  1.988760E+01 1.253E-02
  2.055240E+01 1.105E-02
  2.123650E+01 9.741E-03
  2.194060E+01 8.586E-03
  2.266499E+01 7.568E-03
  2.341020E+01 6.671E-03
  2.417670E+01 5.879E-03
  2.496500E+01 5.181E-03
  2.577560E+01 4.565E-03
  2.660910E+01 4.022E-03
  2.746590E+01 3.544E-03
  2.834650E+01 3.122E-03
  2.925169E+01 2.751E-03
  3.018179E+01 2.423E-03
  3.113741E+01 2.134E-03
  3.211920E+01 1.880E-03
  3.312770E+01 1.655E-03
  3.418471E+01 1.461E-03
  3.527153E+01 1.285E-03
  3.638889E+01 1.130E-03
  3.753751E+01 9.932E-04
  3.871822E+01 8.733E-04
  3.993176E+01 7.678E-04
  4.117899E+01 6.750E-04
  4.246071E+01 5.934E-04
  4.377779E+01 5.217E-04
  4.513110E+01 4.586E-04
  4.652150E+01 4.032E-04
  4.794989E+01 3.544E-04
  4.941724E+01 3.115E-04
  5.092444E+01 2.738E-04
  5.247250E+01 2.407E-04
  5.406236E+01 2.115E-04
    1    2    0    2
     52     61
  5.062200E+00    0.0100
  4.392780E+00 6.507E-01
  4.560130E+00 5.877E-01
  4.727490E+00 5.324E-01
  4.894850E+00 4.836E-01
  5.061390E+00 4.406E-01
  5.287100E+00 3.898E-01
  5.521020E+00 3.448E-01
  5.763390E+00 3.049E-01
  6.014450E+00 2.697E-01
  6.274470E+00 2.385E-01
  6.543690E+00 2.108E-01
  6.822380E+00 1.864E-01
  7.110800E+00 1.648E-01
  7.409240E+00 1.456E-01
  7.717960E+00 1.287E-01
  8.037260E+00 1.137E-01
  8.367440E+00 1.005E-01
  8.708780E+00 8.880E-02
  9.061610E+00 7.845E-02
  9.426220E+00 6.929E-02
  9.802940E+00 6.121E-02
  1.019210E+01 5.406E-02
  1.059400E+01 4.774E-02
  1.100910E+01 4.215E-02
  1.143760E+01 3.722E-02
  1.187990E+01 3.286E-02
  1.233640E+01 2.901E-02
  1.280750E+01 2.560E-02
  1.329340E+01 2.260E-02
  1.379470E+01 1.995E-02
  1.431180E+01 1.760E-02
  1.484490E+01 1.553E-02
  1.539450E+01 1.370E-02
  1.596110E+01 1.209E-02
  1.654510E+01 1.067E-02
  1.714690E+01 9.410E-03
  1.776700E+01 8.300E-03
  1.840581E+01 7.320E-03
  1.906371E+01 6.456E-03
  1.974130E+01 5.694E-03
  2.043910E+01 5.021E-03
  2.115739E+01 4.427E-03
  2.189700E+01 3.903E-03
  2.265810E+01 3.441E-03
  2.344150E+01 3.033E-03
  2.424750E+01 2.674E-03
  2.507690E+01 2.357E-03
  2.592999E+01 2.077E-03
  2.680750E+01 1.831E-03
  2.770990E+01 1.613E-03
  2.863789E+01 1.422E-03
  2.959200E+01 1.253E-03
  3.059262E+01 1.105E-03
  3.162204E+01 9.718E-04
  3.268092E+01 8.546E-04
  3.377003E+01 7.515E-04
  3.489009E+01 6.608E-04
  3.604187E+01 5.810E-04
  3.722609E+01 5.109E-04
  3.844357E+01 4.492E-04
  3.969516E+01 3.949E-04
    1    2    0    3
     57     59
  3.239860E+00    0.0100
  2.570440E+00 1.163E+00
  2.737790E+00 9.981E-01
  2.905150E+00 8.633E-01
  3.072500E+00 7.517E-01
  3.239050E+00 6.588E-01
  3.396610E+00 5.842E-01
  3.560730E+00 5.179E-01
  3.731630E+00 4.591E-01
  3.909520E+00 4.069E-01
  4.094610E+00 3.606E-01
  4.287130E+00 3.195E-01
  4.487310E+00 2.830E-01
  4.695390E+00 2.506E-01
  4.911590E+00 2.220E-01
  5.136160E+00 1.965E-01
  5.369350E+00 1.740E-01
  5.611400E+00 1.540E-01
  5.862570E+00 1.363E-01
  6.123130E+00 1.206E-01
  6.393330E+00 1.067E-01
  6.673450E+00 9.436E-02
  6.963760E+00 8.346E-02
  7.264530E+00 7.380E-02
  7.576060E+00 6.526E-02
  7.898630E+00 5.769E-02
  8.232540E+00 5.099E-02
  8.578080E+00 4.507E-02
  8.935560E+00 3.983E-02
  9.305290E+00 3.519E-02
  9.687590E+00 3.109E-02
  1.008280E+01 2.746E-02
  1.049110E+01 2.426E-02
  1.091310E+01 2.142E-02
  1.134890E+01 1.892E-02
  1.179890E+01 1.670E-02
  1.226340E+01 1.474E-02
  1.274290E+01 1.301E-02
  1.323770E+01 1.149E-02
  1.374810E+01 1.014E-02
  1.427450E+01 8.943E-03
  1.481730E+01 7.890E-03
  1.537680E+01 6.961E-03
  1.595350E+01 6.140E-03
  1.654770E+01 5.415E-03
  1.715990E+01 4.776E-03
  1.779041E+01 4.211E-03
  1.843970E+01 3.713E-03
  1.910809E+01 3.273E-03
  1.976390E+01 2.902E-03
  1.997980E+01 2.792E-03
  2.095480E+01 2.359E-03
  2.190550E+01 2.016E-03
  2.283279E+01 1.741E-03
  2.373730E+01 1.518E-03
  2.461990E+01 1.335E-03
  2.632190E+01 1.054E-03
  2.794420E+01 8.516E-04
  2.892262E+01 7.382E-04
  2.993031E+01 6.495E-04
    1    2    0    4
     62     62
  2.249880E+00    0.0100
  1.687409E+00 1.733E+00
  1.747820E+00 1.586E+00
  1.915170E+00 1.286E+00
  2.082530E+00 1.059E+00
  2.249070E+00 8.833E-01
  2.364920E+00 7.843E-01
  2.485900E+00 6.962E-01
  2.612190E+00 6.179E-01
  2.743980E+00 5.483E-01
  2.881460E+00 4.865E-01
  3.024820E+00 4.316E-01
  3.174270E+00 3.828E-01
  3.330000E+00 3.395E-01
  3.492220E+00 3.010E-01
  3.661160E+00 2.668E-01
  3.837030E+00 2.365E-01
  4.020050E+00 2.096E-01
  4.210450E+00 1.858E-01
  4.408470E+00 1.646E-01
  4.614340E+00 1.458E-01
  4.828310E+00 1.291E-01
  5.050640E+00 1.144E-01
  5.281570E+00 1.013E-01
  5.521370E+00 8.964E-02
  5.770300E+00 7.935E-02
  6.028640E+00 7.023E-02
  6.296670E+00 6.216E-02
  6.574670E+00 5.500E-02
  6.862930E+00 4.866E-02
  7.161750E+00 4.304E-02
  7.471420E+00 3.807E-02
  7.792270E+00 3.367E-02
  8.124600E+00 2.977E-02
  8.468730E+00 2.632E-02
  8.825000E+00 2.327E-02
  9.193730E+00 2.057E-02
  9.575280E+00 1.818E-02
  9.969980E+00 1.607E-02
  1.037820E+01 1.420E-02
  1.080030E+01 1.254E-02
  1.123660E+01 1.108E-02
  1.168750E+01 9.788E-03
  1.215350E+01 8.645E-03
  1.263480E+01 7.635E-03
  1.313190E+01 6.742E-03
  1.364520E+01 5.953E-03
  1.417510E+01 5.255E-03
  1.472200E+01 4.639E-03
  1.528640E+01 4.095E-03
  1.586860E+01 3.614E-03
  1.646919E+01 3.189E-03
  1.708859E+01 2.814E-03
  1.772720E+01 2.483E-03
  1.838550E+01 2.190E-03
  1.906400E+01 1.932E-03
  1.976311E+01 1.704E-03
  2.048340E+01 1.503E-03
  2.122540E+01 1.326E-03
  2.198959E+01 1.169E-03
  2.277640E+01 1.031E-03
  2.358650E+01 9.088E-04
  2.442030E+01 8.012E-04
    1    2    0    5
     61     61
  1.652980E+00    0.0100
  1.239735E+00 2.165E+00
  1.318270E+00 1.860E+00
  1.485630E+00 1.422E+00
  1.652170E+00 1.117E+00
  1.739320E+00 9.931E-01
  1.830570E+00 8.828E-01
  1.926100E+00 7.846E-01
  2.026070E+00 6.972E-01
  2.130640E+00 6.194E-01
  2.239980E+00 5.502E-01
  2.354280E+00 4.886E-01
  2.473710E+00 4.339E-01
  2.598460E+00 3.852E-01
  2.728730E+00 3.419E-01
  2.864690E+00 3.035E-01
  3.006560E+00 2.693E-01
  3.154540E+00 2.389E-01
  3.308840E+00 2.119E-01
  3.469680E+00 1.880E-01
  3.637260E+00 1.667E-01
  3.811820E+00 1.478E-01
  3.993590E+00 1.310E-01
  4.182800E+00 1.161E-01
  4.379690E+00 1.029E-01
  4.584510E+00 9.120E-02
  4.797510E+00 8.079E-02
  5.018940E+00 7.157E-02
  5.249070E+00 6.339E-02
  5.488150E+00 5.613E-02
  5.736470E+00 4.970E-02
  5.994310E+00 4.400E-02
  6.261940E+00 3.894E-02
  6.539660E+00 3.447E-02
  6.827760E+00 3.050E-02
  7.126550E+00 2.699E-02
  7.436330E+00 2.387E-02
  7.757420E+00 2.112E-02
  8.090130E+00 1.868E-02
  8.434800E+00 1.652E-02
  8.791750E+00 1.460E-02
  9.161320E+00 1.291E-02
  9.543870E+00 1.141E-02
  9.939730E+00 1.009E-02
  1.034930E+01 8.914E-03
  1.077290E+01 7.877E-03
  1.121090E+01 6.959E-03
  1.166370E+01 6.148E-03
  1.213170E+01 5.431E-03
  1.261520E+01 4.796E-03
  1.311480E+01 4.236E-03
  1.363070E+01 3.740E-03
  1.416340E+01 3.302E-03
  1.471330E+01 2.915E-03
  1.528090E+01 2.573E-03
  1.586660E+01 2.271E-03
  1.647070E+01 2.004E-03
  1.709390E+01 1.769E-03
  1.773650E+01 1.561E-03
  1.839900E+01 1.377E-03
  1.908189E+01 1.215E-03
  1.978560E+01 1.071E-03
    1    2    0    6
     61     61
  1.265580E+00    0.0100
  9.491851E-01 2.592E+00
  1.098220E+00 1.866E+00
  1.264770E+00 1.363E+00
  1.332190E+00 1.213E+00
  1.402930E+00 1.079E+00
  1.477150E+00 9.603E-01
  1.554980E+00 8.542E-01
  1.636560E+00 7.597E-01
  1.722060E+00 6.756E-01
  1.811620E+00 6.006E-01
  1.905410E+00 5.339E-01
  2.003590E+00 4.745E-01
  2.106330E+00 4.217E-01
  2.213800E+00 3.746E-01
  2.326180E+00 3.328E-01
  2.443670E+00 2.956E-01
  2.566430E+00 2.625E-01
  2.694670E+00 2.330E-01
  2.828580E+00 2.069E-01
  2.968370E+00 1.836E-01
  3.114240E+00 1.629E-01
  3.266410E+00 1.446E-01
  3.425080E+00 1.282E-01
  3.590490E+00 1.137E-01
  3.762860E+00 1.009E-01
  3.942410E+00 8.944E-02
  4.129400E+00 7.929E-02
  4.324060E+00 7.028E-02
  4.526640E+00 6.229E-02
  4.737390E+00 5.519E-02
  4.956570E+00 4.890E-02
  5.184450E+00 4.332E-02
  5.421300E+00 3.837E-02
  5.667380E+00 3.398E-02
  5.922990E+00 3.008E-02
  6.188400E+00 2.663E-02
  6.463910E+00 2.357E-02
  6.749830E+00 2.086E-02
  7.046440E+00 1.846E-02
  7.354070E+00 1.634E-02
  7.673020E+00 1.445E-02
  8.003630E+00 1.278E-02
  8.346210E+00 1.131E-02
  8.701110E+00 9.998E-03
  9.068660E+00 8.840E-03
  9.449210E+00 7.815E-03
  9.843110E+00 6.908E-03
  1.025070E+01 6.106E-03
  1.067240E+01 5.396E-03
  1.110860E+01 4.768E-03
  1.155960E+01 4.212E-03
  1.202580E+01 3.721E-03
  1.250760E+01 3.287E-03
  1.300540E+01 2.903E-03
  1.351960E+01 2.563E-03
  1.405070E+01 2.263E-03
  1.459900E+01 1.998E-03
  1.516500E+01 1.764E-03
  1.574920E+01 1.557E-03
  1.635181E+01 1.374E-03
  1.697350E+01 1.213E-03
    1    2    0    7
     61     61
  9.999670E-01    0.0100
  7.499752E-01 3.165E+00
  8.326120E-01 2.418E+00
  9.991570E-01 1.620E+00
  1.052630E+00 1.443E+00
  1.108830E+00 1.285E+00
  1.167880E+00 1.144E+00
  1.229890E+00 1.019E+00
  1.295010E+00 9.066E-01
  1.363360E+00 8.069E-01
  1.435080E+00 7.180E-01
  1.510310E+00 6.388E-01
  1.589200E+00 5.682E-01
  1.671900E+00 5.054E-01
  1.758560E+00 4.494E-01
  1.849350E+00 3.995E-01
  1.944410E+00 3.552E-01
  2.043940E+00 3.157E-01
  2.148080E+00 2.805E-01
  2.257040E+00 2.492E-01
  2.370970E+00 2.214E-01
  2.490080E+00 1.966E-01
  2.614550E+00 1.746E-01
  2.744580E+00 1.551E-01
  2.880370E+00 1.376E-01
  3.022130E+00 1.222E-01
  3.170070E+00 1.084E-01
  3.324400E+00 9.620E-02
  3.485350E+00 8.534E-02
  3.653140E+00 7.570E-02
  3.828000E+00 6.713E-02
  4.010170E+00 5.953E-02
  4.199890E+00 5.277E-02
  4.397420E+00 4.678E-02
  4.602990E+00 4.146E-02
  4.816870E+00 3.674E-02
  5.039330E+00 3.255E-02
  5.270620E+00 2.884E-02
  5.511040E+00 2.554E-02
  5.760840E+00 2.262E-02
  6.020340E+00 2.003E-02
  6.289800E+00 1.773E-02
  6.569530E+00 1.569E-02
  6.859840E+00 1.389E-02
  7.161030E+00 1.229E-02
  7.473420E+00 1.088E-02
  7.797320E+00 9.622E-03
  8.133070E+00 8.511E-03
  8.481000E+00 7.528E-03
  8.841440E+00 6.657E-03
  9.214750E+00 5.886E-03
  9.601270E+00 5.204E-03
  1.000140E+01 4.600E-03
  1.041540E+01 4.065E-03
  1.084370E+01 3.593E-03
  1.128670E+01 3.174E-03
  1.174480E+01 2.805E-03
  1.221840E+01 2.478E-03
  1.270780E+01 2.188E-03
  1.321350E+01 1.933E-03
  1.373580E+01 1.707E-03
  1.427520E+01 1.507E-03
    1    2    0    8
     61     61
  8.099770E-01    0.0100
  6.074827E-01 3.721E+00
  6.426220E-01 3.124E+00
  8.091670E-01 1.889E+00
  8.524700E-01 1.683E+00
  8.980290E-01 1.500E+00
  9.459500E-01 1.336E+00
  9.963420E-01 1.191E+00
  1.049320E+00 1.060E+00
  1.105000E+00 9.444E-01
  1.163490E+00 8.409E-01
  1.224940E+00 7.487E-01
  1.289460E+00 6.664E-01
  1.357180E+00 5.931E-01
  1.428250E+00 5.278E-01
  1.502810E+00 4.696E-01
  1.581010E+00 4.178E-01
  1.662980E+00 3.716E-01
  1.748900E+00 3.304E-01
  1.838910E+00 2.938E-01
  1.933180E+00 2.612E-01
  2.031880E+00 2.322E-01
  2.135190E+00 2.063E-01
  2.243270E+00 1.833E-01
  2.356320E+00 1.629E-01
  2.474520E+00 1.447E-01
  2.598070E+00 1.285E-01
  2.727150E+00 1.141E-01
  2.861970E+00 1.013E-01
  3.002740E+00 8.992E-02
  3.149680E+00 7.980E-02
  3.302990E+00 7.081E-02
  3.462900E+00 6.283E-02
  3.629630E+00 5.573E-02
  3.803430E+00 4.943E-02
  3.984520E+00 4.383E-02
  4.173150E+00 3.886E-02
  4.369560E+00 3.445E-02
  4.574020E+00 3.054E-02
  4.786780E+00 2.706E-02
  5.008110E+00 2.398E-02
  5.238260E+00 2.124E-02
  5.477530E+00 1.882E-02
  5.726190E+00 1.667E-02
  5.984530E+00 1.476E-02
  6.252840E+00 1.307E-02
  6.531420E+00 1.157E-02
  6.820570E+00 1.024E-02
  7.120600E+00 9.061E-03
  7.431830E+00 8.017E-03
  7.754580E+00 7.093E-03
  8.089190E+00 6.275E-03
  8.435970E+00 5.550E-03
  8.795280E+00 4.908E-03
  9.167450E+00 4.340E-03
  9.552850E+00 3.837E-03
  9.951830E+00 3.392E-03
  1.036470E+01 2.998E-03
  1.079200E+01 2.650E-03
  1.123390E+01 2.341E-03
  1.169090E+01 2.069E-03
  1.216340E+01 1.827E-03
    3    2    0    1
     44     60
  9.004950E+00    0.0100
  8.335520E+00 2.924E-01
  8.502880E+00 2.733E-01
  8.670240E+00 2.557E-01
  8.837590E+00 2.395E-01
  9.004140E+00 2.247E-01
  9.335070E+00 1.984E-01
  9.676790E+00 1.752E-01
  1.002960E+01 1.547E-01
  1.039380E+01 1.366E-01
  1.076970E+01 1.206E-01
  1.115770E+01 1.065E-01
  1.155810E+01 9.402E-02
  1.197110E+01 8.299E-02
  1.239720E+01 7.326E-02
  1.283680E+01 6.466E-02
  1.329010E+01 5.706E-02
  1.375760E+01 5.036E-02
  1.423960E+01 4.444E-02
  1.473660E+01 3.921E-02
  1.524890E+01 3.460E-02
  1.577690E+01 3.053E-02
  1.632111E+01 2.693E-02
  1.688181E+01 2.376E-02
  1.745959E+01 2.096E-02
  1.805479E+01 1.849E-02
  1.866789E+01 1.631E-02
  1.929939E+01 1.438E-02
  1.994971E+01 1.268E-02
  2.061940E+01 1.118E-02
  2.130890E+01 9.862E-03
  2.201871E+01 8.696E-03
  2.274940E+01 7.667E-03
  2.350150E+01 6.760E-03
  2.427550E+01 5.960E-03
  2.507190E+01 5.254E-03
  2.589140E+01 4.631E-03
  2.673450E+01 4.082E-03
  2.760170E+01 3.598E-03
  2.849380E+01 3.171E-03
  2.941119E+01 2.795E-03
  3.035460E+01 2.463E-03
  3.132471E+01 2.171E-03
  3.232210E+01 1.913E-03
  3.334740E+01 1.685E-03
  3.442047E+01 1.485E-03
  3.552426E+01 1.306E-03
  3.665956E+01 1.148E-03
  3.782712E+01 1.010E-03
  3.902780E+01 8.882E-04
  4.026241E+01 7.811E-04
  4.153185E+01 6.868E-04
  4.283698E+01 6.039E-04
  4.417863E+01 5.311E-04
  4.555782E+01 4.669E-04
  4.697542E+01 4.105E-04
  4.843245E+01 3.610E-04
  4.992979E+01 3.173E-04
  5.146852E+01 2.790E-04
  5.304967E+01 2.453E-04
  5.467422E+01 2.156E-04
    3    2    0    2
     52     61
  5.065120E+00    0.0100
  4.395700E+00 6.565E-01
  4.563060E+00 5.932E-01
  4.730410E+00 5.375E-01
  4.897770E+00 4.883E-01
  5.064310E+00 4.450E-01
  5.291320E+00 3.936E-01
  5.526530E+00 3.482E-01
  5.770170E+00 3.079E-01
  6.022500E+00 2.723E-01
  6.283770E+00 2.408E-01
  6.554240E+00 2.129E-01
  6.834180E+00 1.882E-01
  7.123860E+00 1.663E-01
  7.423550E+00 1.470E-01
  7.733560E+00 1.299E-01
  8.054160E+00 1.148E-01
  8.385670E+00 1.015E-01
  8.728380E+00 8.964E-02
  9.082620E+00 7.920E-02
  9.448710E+00 6.996E-02
  9.826970E+00 6.180E-02
  1.021770E+01 5.459E-02
  1.062140E+01 4.821E-02
  1.103820E+01 4.257E-02
  1.146860E+01 3.759E-02
  1.191300E+01 3.319E-02
  1.237170E+01 2.931E-02
  1.284510E+01 2.587E-02
  1.333360E+01 2.284E-02
  1.383770E+01 2.016E-02
  1.435760E+01 1.779E-02
  1.489390E+01 1.571E-02
  1.544700E+01 1.386E-02
  1.601730E+01 1.223E-02
  1.660539E+01 1.079E-02
  1.721150E+01 9.522E-03
  1.783630E+01 8.401E-03
  1.848019E+01 7.412E-03
  1.914371E+01 6.538E-03
  1.982730E+01 5.767E-03
  2.053149E+01 5.087E-03
  2.125690E+01 4.487E-03
  2.200400E+01 3.957E-03
  2.277330E+01 3.490E-03
  2.356551E+01 3.077E-03
  2.438100E+01 2.713E-03
  2.522060E+01 2.392E-03
  2.608470E+01 2.109E-03
  2.697400E+01 1.860E-03
  2.788921E+01 1.639E-03
  2.883080E+01 1.445E-03
  2.979950E+01 1.274E-03
  3.081331E+01 1.121E-03
  3.185652E+01 9.858E-04
  3.292995E+01 8.670E-04
  3.403427E+01 7.625E-04
  3.517030E+01 6.706E-04
  3.633882E+01 5.897E-04
  3.754060E+01 5.186E-04
  3.877647E+01 4.560E-04
  4.004726E+01 4.009E-04
    3    2    0    3
     57     60
  3.241500E+00    0.0100
  2.572080E+00 1.174E+00
  2.739430E+00 1.008E+00
  2.906790E+00 8.721E-01
  3.074140E+00 7.595E-01
  3.240690E+00 6.659E-01
  3.398720E+00 5.905E-01
  3.563330E+00 5.235E-01
  3.734720E+00 4.641E-01
  3.913120E+00 4.113E-01
  4.098730E+00 3.645E-01
  4.291800E+00 3.229E-01
  4.492550E+00 2.860E-01
  4.701210E+00 2.533E-01
  4.918020E+00 2.244E-01
  5.143230E+00 1.987E-01
  5.377090E+00 1.759E-01
  5.619850E+00 1.557E-01
  5.871770E+00 1.378E-01
  6.133120E+00 1.219E-01
  6.404170E+00 1.079E-01
  6.685180E+00 9.542E-02
  6.976440E+00 8.440E-02
  7.278240E+00 7.464E-02
  7.590860E+00 6.600E-02
  7.914590E+00 5.835E-02
  8.249750E+00 5.158E-02
  8.596640E+00 4.559E-02
  8.955560E+00 4.029E-02
  9.326840E+00 3.561E-02
  9.710790E+00 3.146E-02
  1.010780E+01 2.779E-02
  1.051810E+01 2.455E-02
  1.094200E+01 2.168E-02
  1.138010E+01 1.915E-02
  1.183250E+01 1.691E-02
  1.229960E+01 1.493E-02
  1.278180E+01 1.318E-02
  1.327950E+01 1.163E-02
  1.379310E+01 1.027E-02
  1.432290E+01 9.061E-03
  1.486930E+01 7.995E-03
  1.543270E+01 7.054E-03
  1.601350E+01 6.223E-03
  1.661220E+01 5.490E-03
  1.722910E+01 4.842E-03
  1.786459E+01 4.270E-03
  1.851930E+01 3.766E-03
  1.919350E+01 3.320E-03
  1.976550E+01 2.992E-03
  1.998151E+01 2.879E-03
  2.095650E+01 2.434E-03
  2.190720E+01 2.083E-03
  2.283440E+01 1.801E-03
  2.373900E+01 1.572E-03
  2.462151E+01 1.384E-03
  2.632350E+01 1.095E-03
  2.794580E+01 8.865E-04
  2.892976E+01 7.669E-04
  2.994337E+01 6.749E-04
  3.098740E+01 5.938E-04
    3    2    0    4
     62     62
  2.250880E+00    0.0100
  1.688160E+00 1.752E+00
  1.748810E+00 1.603E+00
  1.916160E+00 1.300E+00
  2.083520E+00 1.071E+00
  2.250070E+00 8.935E-01
  2.366430E+00 7.932E-01
  2.487930E+00 7.041E-01
  2.614740E+00 6.249E-01
  2.747050E+00 5.545E-01
  2.885030E+00 4.919E-01
  3.028900E+00 4.364E-01
  3.178850E+00 3.870E-01
  3.335090E+00 3.432E-01
  3.497820E+00 3.043E-01
  3.667270E+00 2.698E-01
  3.843640E+00 2.391E-01
  4.027170E+00 2.119E-01
  4.218090E+00 1.878E-01
  4.416640E+00 1.664E-01
  4.623050E+00 1.474E-01
  4.837580E+00 1.305E-01
  5.060470E+00 1.156E-01
  5.292000E+00 1.024E-01
  5.532420E+00 9.063E-02
  5.782000E+00 8.023E-02
  6.041030E+00 7.101E-02
  6.309780E+00 6.285E-02
  6.588560E+00 5.562E-02
  6.877640E+00 4.921E-02
  7.177350E+00 4.353E-02
  7.487980E+00 3.851E-02
  7.809850E+00 3.406E-02
  8.143290E+00 3.012E-02
  8.488630E+00 2.663E-02
  8.846210E+00 2.355E-02
  9.216360E+00 2.082E-02
  9.599440E+00 1.840E-02
  9.995820E+00 1.626E-02
  1.040590E+01 1.437E-02
  1.082990E+01 1.270E-02
  1.126840E+01 1.122E-02
  1.172170E+01 9.914E-03
  1.219020E+01 8.758E-03
  1.267420E+01 7.735E-03
  1.317430E+01 6.832E-03
  1.369090E+01 6.033E-03
  1.422430E+01 5.327E-03
  1.477500E+01 4.703E-03
  1.534350E+01 4.152E-03
  1.593020E+01 3.665E-03
  1.653560E+01 3.235E-03
  1.716020E+01 2.855E-03
  1.780431E+01 2.520E-03
  1.846860E+01 2.224E-03
  1.915359E+01 1.962E-03
  1.985960E+01 1.731E-03
  2.058740E+01 1.527E-03
  2.133730E+01 1.347E-03
  2.211000E+01 1.188E-03
  2.290601E+01 1.048E-03
  2.372580E+01 9.240E-04
  2.457001E+01 8.148E-04
    3    2    0    5
     61     61
  1.653620E+00    0.0100
  1.240214E+00 2.191E+00
  1.318910E+00 1.882E+00
  1.486270E+00 1.440E+00
  1.652810E+00 1.131E+00
  1.740310E+00 1.005E+00
  1.831920E+00 8.937E-01
  1.927800E+00 7.942E-01
  2.028120E+00 7.057E-01
  2.133040E+00 6.269E-01
  2.242740E+00 5.568E-01
  2.357390E+00 4.945E-01
  2.477170E+00 4.391E-01
  2.602270E+00 3.898E-01
  2.732870E+00 3.460E-01
  2.869180E+00 3.071E-01
  3.011400E+00 2.725E-01
  3.159730E+00 2.418E-01
  3.314380E+00 2.145E-01
  3.475570E+00 1.902E-01
  3.643510E+00 1.687E-01
  3.818440E+00 1.495E-01
  4.000590E+00 1.326E-01
  4.190190E+00 1.175E-01
  4.387490E+00 1.041E-01
  4.592730E+00 9.228E-02
  4.806170E+00 8.176E-02
  5.028070E+00 7.243E-02
  5.258690E+00 6.415E-02
  5.498310E+00 5.681E-02
  5.747200E+00 5.030E-02
  6.005640E+00 4.454E-02
  6.273930E+00 3.942E-02
  6.552370E+00 3.489E-02
  6.841240E+00 3.088E-02
  7.140870E+00 2.732E-02
  7.451570E+00 2.418E-02
  7.773660E+00 2.139E-02
  8.107460E+00 1.892E-02
  8.453320E+00 1.673E-02
  8.811570E+00 1.479E-02
  9.182570E+00 1.308E-02
  9.566670E+00 1.156E-02
  9.964230E+00 1.022E-02
  1.037560E+01 9.035E-03
  1.080120E+01 7.985E-03
  1.124140E+01 7.056E-03
  1.169660E+01 6.234E-03
  1.216720E+01 5.508E-03
  1.265360E+01 4.865E-03
  1.315610E+01 4.297E-03
  1.367530E+01 3.795E-03
  1.421160E+01 3.351E-03
  1.476540E+01 2.959E-03
  1.533710E+01 2.613E-03
  1.592730E+01 2.306E-03
  1.653630E+01 2.036E-03
  1.716460E+01 1.797E-03
  1.781281E+01 1.586E-03
  1.848129E+01 1.399E-03
  1.917059E+01 1.235E-03
  1.988130E+01 1.089E-03
    3    2    0    6
     61     61
  1.266010E+00    0.0100
  9.495077E-01 2.626E+00
  1.098660E+00 1.890E+00
  1.265200E+00 1.381E+00
  1.332850E+00 1.229E+00
  1.403840E+00 1.094E+00
  1.478280E+00 9.728E-01
  1.556340E+00 8.653E-01
  1.638160E+00 7.695E-01
  1.723890E+00 6.842E-01
  1.813680E+00 6.083E-01
  1.907700E+00 5.407E-01
  2.006100E+00 4.806E-01
  2.109060E+00 4.270E-01
  2.216760E+00 3.794E-01
  2.329370E+00 3.370E-01
  2.447070E+00 2.993E-01
  2.570050E+00 2.658E-01
  2.698510E+00 2.360E-01
  2.832650E+00 2.095E-01
  2.972660E+00 1.859E-01
  3.118760E+00 1.650E-01
  3.271160E+00 1.464E-01
  3.430070E+00 1.298E-01
  3.595730E+00 1.152E-01
  3.768350E+00 1.021E-01
  3.948180E+00 9.057E-02
  4.135460E+00 8.029E-02
  4.330420E+00 7.117E-02
  4.533330E+00 6.308E-02
  4.744430E+00 5.590E-02
  4.963990E+00 4.953E-02
  5.192290E+00 4.388E-02
  5.429580E+00 3.886E-02
  5.676160E+00 3.442E-02
  5.932310E+00 3.048E-02
  6.198320E+00 2.698E-02
  6.474490E+00 2.389E-02
  6.761130E+00 2.114E-02
  7.058540E+00 1.871E-02
  7.367050E+00 1.656E-02
  7.686970E+00 1.465E-02
  8.018630E+00 1.296E-02
  8.362390E+00 1.146E-02
  8.718570E+00 1.014E-02
  9.087520E+00 8.965E-03
  9.469620E+00 7.927E-03
  9.865210E+00 7.008E-03
  1.027470E+01 6.195E-03
  1.069840E+01 5.475E-03
  1.113670E+01 4.839E-03
  1.159010E+01 4.276E-03
  1.205890E+01 3.778E-03
  1.254350E+01 3.337E-03
  1.304440E+01 2.948E-03
  1.356190E+01 2.604E-03
  1.409660E+01 2.299E-03
  1.464880E+01 2.030E-03
  1.521900E+01 1.793E-03
  1.580760E+01 1.583E-03
  1.641510E+01 1.397E-03
  1.704201E+01 1.233E-03
    3    2    0    7
     61     61
  1.000280E+00    0.0100
  7.502103E-01 3.210E+00
  8.329210E-01 2.452E+00
  9.994660E-01 1.643E+00
  1.053100E+00 1.463E+00
  1.109460E+00 1.303E+00
  1.168660E+00 1.160E+00
  1.230830E+00 1.033E+00
  1.296110E+00 9.192E-01
  1.364610E+00 8.180E-01
  1.436480E+00 7.279E-01
  1.511870E+00 6.476E-01
  1.590900E+00 5.760E-01
  1.673750E+00 5.123E-01
  1.760560E+00 4.555E-01
  1.851480E+00 4.050E-01
  1.946690E+00 3.600E-01
  2.046340E+00 3.199E-01
  2.150620E+00 2.843E-01
  2.259710E+00 2.526E-01
  2.373780E+00 2.244E-01
  2.493010E+00 1.993E-01
  2.617620E+00 1.770E-01
  2.747780E+00 1.571E-01
  2.883700E+00 1.395E-01
  3.025600E+00 1.238E-01
  3.173680E+00 1.099E-01
  3.328160E+00 9.750E-02
  3.489260E+00 8.650E-02
  3.657220E+00 7.673E-02
  3.832260E+00 6.805E-02
  4.014630E+00 6.034E-02
  4.204560E+00 5.350E-02
  4.402320E+00 4.742E-02
  4.608160E+00 4.203E-02
  4.822330E+00 3.725E-02
  5.045100E+00 3.300E-02
  5.276760E+00 2.924E-02
  5.517570E+00 2.590E-02
  5.767830E+00 2.294E-02
  6.027820E+00 2.031E-02
  6.297840E+00 1.799E-02
  6.578200E+00 1.592E-02
  6.869200E+00 1.409E-02
  7.171160E+00 1.247E-02
  7.484410E+00 1.104E-02
  7.809260E+00 9.765E-03
  8.146060E+00 8.639E-03
  8.495150E+00 7.642E-03
  8.856870E+00 6.758E-03
  9.231580E+00 5.976E-03
  9.619650E+00 5.284E-03
  1.002140E+01 4.672E-03
  1.043730E+01 4.130E-03
  1.086770E+01 3.650E-03
  1.131290E+01 3.226E-03
  1.177340E+01 2.850E-03
  1.224960E+01 2.518E-03
  1.274180E+01 2.225E-03
  1.325060E+01 1.965E-03
  1.377620E+01 1.735E-03
  1.431930E+01 1.533E-03
    3    2    0    8
     61     61
  8.102040E-01    0.0100
  6.076530E-01 3.777E+00
  6.428490E-01 3.170E+00
  8.093940E-01 1.917E+00
  8.528140E-01 1.708E+00
  8.984910E-01 1.522E+00
  9.465310E-01 1.356E+00
  9.970400E-01 1.208E+00
  1.050130E+00 1.076E+00
  1.105930E+00 9.581E-01
  1.164540E+00 8.531E-01
  1.226100E+00 7.594E-01
  1.290730E+00 6.760E-01
  1.358560E+00 6.016E-01
  1.429740E+00 5.353E-01
  1.504410E+00 4.763E-01
  1.582700E+00 4.237E-01
  1.664780E+00 3.768E-01
  1.750780E+00 3.351E-01
  1.840890E+00 2.980E-01
  1.935250E+00 2.649E-01
  2.034040E+00 2.354E-01
  2.137440E+00 2.092E-01
  2.245610E+00 1.859E-01
  2.358740E+00 1.652E-01
  2.477020E+00 1.467E-01
  2.600650E+00 1.303E-01
  2.729820E+00 1.157E-01
  2.864730E+00 1.027E-01
  3.005600E+00 9.118E-02
  3.152630E+00 8.093E-02
  3.306050E+00 7.181E-02
  3.466070E+00 6.372E-02
  3.632940E+00 5.652E-02
  3.806880E+00 5.013E-02
  3.988130E+00 4.446E-02
  4.176940E+00 3.942E-02
  4.373560E+00 3.495E-02
  4.578250E+00 3.098E-02
  4.791270E+00 2.746E-02
  5.012890E+00 2.433E-02
  5.243380E+00 2.156E-02
  5.483030E+00 1.910E-02
  5.732120E+00 1.691E-02
  5.990940E+00 1.498E-02
  6.259790E+00 1.326E-02
  6.538970E+00 1.174E-02
  6.828800E+00 1.039E-02
  7.129590E+00 9.200E-03
  7.441670E+00 8.142E-03
  7.765360E+00 7.204E-03
  8.101000E+00 6.373E-03
  8.448930E+00 5.638E-03
  8.809510E+00 4.986E-03
  9.183080E+00 4.410E-03
  9.570010E+00 3.899E-03
  9.970680E+00 3.447E-03
  1.038540E+01 3.048E-03
  1.081470E+01 2.694E-03
  1.125880E+01 2.381E-03
  1.171820E+01 2.104E-03
  1.219330E+01 1.859E-03
    1    1    1    1
     26     60
  2.010989E+01    0.0100
  1.944051E+01 1.810E-01
  1.960780E+01 1.762E-01
  1.977521E+01 1.717E-01
  1.994250E+01 1.672E-01
  2.010910E+01 1.630E-01
  2.089690E+01 1.444E-01
  2.171640E+01 1.279E-01
  2.256850E+01 1.132E-01
  2.345390E+01 1.002E-01
  2.437340E+01 8.865E-02
  2.532780E+01 7.841E-02
  2.631779E+01 6.933E-02
  2.734410E+01 6.128E-02
  2.840739E+01 5.415E-02
  2.950819E+01 4.783E-02
  3.064720E+01 4.223E-02
  3.182480E+01 3.728E-02
  3.304160E+01 3.289E-02
  3.429800E+01 2.902E-02
  3.559450E+01 2.559E-02
  3.693140E+01 2.256E-02
  3.830901E+01 1.988E-02
  3.972771E+01 1.751E-02
  4.118781E+01 1.542E-02
  4.268941E+01 1.358E-02
  4.423280E+01 1.195E-02
  4.585751E+01 1.058E-02
  4.753326E+01 9.318E-03
  4.926141E+01 8.203E-03
  5.104333E+01 7.221E-03
  5.288051E+01 6.357E-03
  5.477434E+01 5.595E-03
  5.672641E+01 4.925E-03
  5.873822E+01 4.335E-03
  6.081143E+01 3.815E-03
  6.294762E+01 3.357E-03
  6.514845E+01 2.955E-03
  6.741556E+01 2.600E-03
  6.975079E+01 2.288E-03
  7.215582E+01 2.013E-03
  7.463246E+01 1.771E-03
  7.718263E+01 1.558E-03
  7.980823E+01 1.371E-03
  8.251117E+01 1.206E-03
  8.529344E+01 1.061E-03
  8.815701E+01 9.333E-04
  9.110405E+01 8.210E-04
  9.413657E+01 7.221E-04
  9.725687E+01 6.352E-04
  1.004671E+02 5.586E-04
  1.037695E+02 4.913E-04
  1.071664E+02 4.321E-04
  1.106602E+02 3.800E-04
  1.142533E+02 3.341E-04
  1.179481E+02 2.938E-04
  1.217472E+02 2.584E-04
  1.256532E+02 2.272E-04
  1.296687E+02 1.997E-04
  1.337965E+02 1.756E-04
  1.380391E+02 1.544E-04
    1    1    1    2
     35     61
  8.964220E+00    0.0100
  8.294800E+00 3.889E-01
  8.462150E+00 3.704E-01
  8.629510E+00 3.532E-01
  8.796860E+00 3.370E-01
  8.963410E+00 3.218E-01
  9.404040E+00 2.856E-01
  9.863800E+00 2.534E-01
  1.034340E+01 2.248E-01
  1.084330E+01 1.994E-01
  1.136440E+01 1.768E-01
  1.190730E+01 1.568E-01
  1.247260E+01 1.390E-01
  1.306110E+01 1.232E-01
  1.367360E+01 1.091E-01
  1.431060E+01 9.669E-02
  1.497310E+01 8.565E-02
  1.566160E+01 7.585E-02
  1.637711E+01 6.717E-02
  1.712019E+01 5.947E-02
  1.789180E+01 5.264E-02
  1.869260E+01 4.659E-02
  1.952361E+01 4.122E-02
  2.038550E+01 3.647E-02
  2.127921E+01 3.226E-02
  2.220540E+01 2.853E-02
  2.316521E+01 2.523E-02
  2.415930E+01 2.231E-02
  2.518871E+01 1.972E-02
  2.625439E+01 1.743E-02
  2.735699E+01 1.541E-02
  2.849780E+01 1.361E-02
  2.967751E+01 1.203E-02
  3.089720E+01 1.062E-02
  3.215770E+01 9.384E-03
  3.346021E+01 8.287E-03
  3.484268E+01 7.343E-03
  3.627371E+01 6.475E-03
  3.775478E+01 5.708E-03
  3.928737E+01 5.033E-03
  4.087302E+01 4.437E-03
  4.251334E+01 3.911E-03
  4.420992E+01 3.447E-03
  4.596442E+01 3.038E-03
  4.777856E+01 2.678E-03
  4.965414E+01 2.360E-03
  5.159286E+01 2.080E-03
  5.359665E+01 1.833E-03
  5.566731E+01 1.615E-03
  5.780684E+01 1.423E-03
  6.001715E+01 1.254E-03
  6.230032E+01 1.104E-03
  6.465846E+01 9.729E-04
  6.709370E+01 8.571E-04
  6.960817E+01 7.549E-04
  7.220413E+01 6.650E-04
  7.488391E+01 5.857E-04
  7.764990E+01 5.158E-04
  8.050446E+01 4.543E-04
  8.345003E+01 4.001E-04
  8.648918E+01 3.523E-04
  8.962456E+01 3.102E-04
    1    1    1    3
     43     62
  5.048420E+00    0.0100
  4.378990E+00 6.758E-01
  4.546350E+00 6.217E-01
  4.713700E+00 5.734E-01
  4.881060E+00 5.301E-01
  5.047610E+00 4.914E-01
  5.315350E+00 4.369E-01
  5.595690E+00 3.883E-01
  5.889100E+00 3.451E-01
  6.196110E+00 3.067E-01
  6.517220E+00 2.724E-01
  6.852970E+00 2.420E-01
  7.203910E+00 2.149E-01
  7.570590E+00 1.909E-01
  7.953600E+00 1.695E-01
  8.353540E+00 1.504E-01
  8.771000E+00 1.335E-01
  9.206630E+00 1.185E-01
  9.661060E+00 1.051E-01
  1.013490E+01 9.328E-02
  1.062900E+01 8.274E-02
  1.114380E+01 7.339E-02
  1.168020E+01 6.508E-02
  1.223890E+01 5.770E-02
  1.282060E+01 5.115E-02
  1.342610E+01 4.534E-02
  1.405620E+01 4.018E-02
  1.471160E+01 3.561E-02
  1.539330E+01 3.155E-02
  1.610201E+01 2.795E-02
  1.683859E+01 2.476E-02
  1.760400E+01 2.193E-02
  1.839900E+01 1.942E-02
  1.922470E+01 1.719E-02
  2.008200E+01 1.522E-02
  2.097180E+01 1.347E-02
  2.189510E+01 1.192E-02
  2.285300E+01 1.055E-02
  2.384641E+01 9.338E-03
  2.487650E+01 8.261E-03
  2.594431E+01 7.308E-03
  2.705080E+01 6.464E-03
  2.819740E+01 5.717E-03
  2.938499E+01 5.056E-03
  3.065150E+01 4.491E-03
  3.196567E+01 3.965E-03
  3.332903E+01 3.499E-03
  3.474321E+01 3.088E-03
  3.620990E+01 2.726E-03
  3.773077E+01 2.405E-03
  3.930762E+01 2.122E-03
  4.094223E+01 1.873E-03
  4.263649E+01 1.652E-03
  4.439230E+01 1.458E-03
  4.621165E+01 1.286E-03
  4.809657E+01 1.135E-03
  5.004913E+01 1.001E-03
  5.207146E+01 8.828E-04
  5.416579E+01 7.786E-04
  5.633435E+01 6.867E-04
  5.857951E+01 6.056E-04
  6.090372E+01 5.341E-04
  6.330931E+01 4.710E-04
    1    1    1    4
     51     63
  3.233080E+00    0.0100
  2.563660E+00 1.117E+00
  2.731010E+00 9.753E-01
  2.898370E+00 8.577E-01
  3.065730E+00 7.591E-01
  3.232270E+00 6.762E-01
  3.405540E+00 6.023E-01
  3.587690E+00 5.364E-01
  3.779100E+00 4.777E-01
  3.980200E+00 4.253E-01
  4.191390E+00 3.786E-01
  4.413110E+00 3.369E-01
  4.645790E+00 2.998E-01
  4.889900E+00 2.667E-01
  5.145900E+00 2.373E-01
  5.414270E+00 2.110E-01
  5.695510E+00 1.876E-01
  5.990120E+00 1.668E-01
  6.298630E+00 1.483E-01
  6.621570E+00 1.318E-01
  6.959490E+00 1.171E-01
  7.312950E+00 1.040E-01
  7.682510E+00 9.238E-02
  8.068780E+00 8.204E-02
  8.472340E+00 7.284E-02
  8.893820E+00 6.466E-02
  9.333830E+00 5.739E-02
  9.793040E+00 5.093E-02
  1.027210E+01 4.518E-02
  1.077160E+01 4.008E-02
  1.129240E+01 3.555E-02
  1.183500E+01 3.152E-02
  1.240020E+01 2.795E-02
  1.298880E+01 2.477E-02
  1.360140E+01 2.195E-02
  1.423880E+01 1.945E-02
  1.490180E+01 1.724E-02
  1.559120E+01 1.527E-02
  1.630769E+01 1.352E-02
  1.705220E+01 1.197E-02
  1.782550E+01 1.060E-02
  1.862849E+01 9.385E-03
  1.946190E+01 8.306E-03
  2.032671E+01 7.351E-03
  2.122380E+01 6.504E-03
  2.215401E+01 5.754E-03
  2.311830E+01 5.089E-03
  2.411749E+01 4.501E-03
  2.515269E+01 3.980E-03
  2.575110E+01 3.714E-03
  2.631509E+01 3.501E-03
  2.793739E+01 2.967E-03
  2.916290E+01 2.634E-03
  3.043625E+01 2.326E-03
  3.175908E+01 2.055E-03
  3.313312E+01 1.815E-03
  3.456013E+01 1.603E-03
  3.604195E+01 1.415E-03
  3.758046E+01 1.250E-03
  3.917760E+01 1.103E-03
  4.083539E+01 9.741E-04
  4.255586E+01 8.600E-04
  4.434116E+01 7.592E-04
  4.619347E+01 6.702E-04
    1    1    1    5
     56     64
  2.246050E+00    0.0100
  1.684537E+00 1.634E+00
  1.743980E+00 1.507E+00
  1.911340E+00 1.240E+00
  2.078690E+00 1.036E+00
  2.245240E+00 8.776E-01
  2.366470E+00 7.823E-01
  2.494100E+00 6.973E-01
  2.628410E+00 6.214E-01
  2.769730E+00 5.537E-01
  2.918370E+00 4.933E-01
  3.074680E+00 4.395E-01
  3.239010E+00 3.914E-01
  3.411710E+00 3.486E-01
  3.593160E+00 3.104E-01
  3.783740E+00 2.763E-01
  3.983850E+00 2.460E-01
  4.193910E+00 2.189E-01
  4.414330E+00 1.948E-01
  4.645560E+00 1.733E-01
  4.888040E+00 1.542E-01
  5.142250E+00 1.371E-01
  5.408650E+00 1.219E-01
  5.687750E+00 1.084E-01
  5.980040E+00 9.639E-02
  6.286040E+00 8.567E-02
  6.606310E+00 7.614E-02
  6.941370E+00 6.765E-02
  7.291800E+00 6.010E-02
  7.658170E+00 5.338E-02
  8.041090E+00 4.741E-02
  8.441150E+00 4.210E-02
  8.858990E+00 3.737E-02
  9.295250E+00 3.317E-02
  9.750570E+00 2.944E-02
  1.022560E+01 2.613E-02
  1.072110E+01 2.318E-02
  1.123780E+01 2.056E-02
  1.177630E+01 1.824E-02
  1.233740E+01 1.617E-02
  1.292180E+01 1.434E-02
  1.353030E+01 1.271E-02
  1.416380E+01 1.127E-02
  1.482300E+01 9.984E-03
  1.550860E+01 8.847E-03
  1.622169E+01 7.837E-03
  1.696300E+01 6.942E-03
  1.773340E+01 6.149E-03
  1.853380E+01 5.445E-03
  1.936510E+01 4.821E-03
  2.022820E+01 4.268E-03
  2.112410E+01 3.778E-03
  2.205380E+01 3.343E-03
  2.301820E+01 2.958E-03
  2.401830E+01 2.617E-03
  2.476401E+01 2.396E-03
  2.614890E+01 2.060E-03
  2.732108E+01 1.856E-03
  2.854088E+01 1.641E-03
  2.981006E+01 1.450E-03
  3.113043E+01 1.282E-03
  3.250389E+01 1.133E-03
  3.393234E+01 1.001E-03
  3.541779E+01 8.845E-04
  3.696231E+01 7.815E-04
    1    1    1    6
     61     63
  1.650590E+00    0.0100
  1.237942E+00 2.051E+00
  1.315880E+00 1.776E+00
  1.483230E+00 1.376E+00
  1.649780E+00 1.095E+00
  1.739780E+00 9.763E-01
  1.834560E+00 8.705E-01
  1.934340E+00 7.760E-01
  2.039370E+00 6.916E-01
  2.149890E+00 6.164E-01
  2.266180E+00 5.493E-01
  2.388500E+00 4.895E-01
  2.517140E+00 4.361E-01
  2.652380E+00 3.885E-01
  2.794540E+00 3.460E-01
  2.943930E+00 3.081E-01
  3.100870E+00 2.744E-01
  3.265720E+00 2.443E-01
  3.438810E+00 2.175E-01
  3.620520E+00 1.936E-01
  3.811230E+00 1.723E-01
  4.011320E+00 1.533E-01
  4.221200E+00 1.364E-01
  4.441300E+00 1.214E-01
  4.672040E+00 1.080E-01
  4.913870E+00 9.604E-02
  5.167260E+00 8.541E-02
  5.432690E+00 7.594E-02
  5.710640E+00 6.752E-02
  6.001640E+00 6.002E-02
  6.306190E+00 5.334E-02
  6.624860E+00 4.741E-02
  6.958190E+00 4.212E-02
  7.306770E+00 3.742E-02
  7.671190E+00 3.324E-02
  8.052060E+00 2.953E-02
  8.450010E+00 2.622E-02
  8.865690E+00 2.328E-02
  9.299760E+00 2.067E-02
  9.752930E+00 1.835E-02
  1.022590E+01 1.629E-02
  1.071940E+01 1.446E-02
  1.123410E+01 1.283E-02
  1.177090E+01 1.138E-02
  1.233050E+01 1.010E-02
  1.291380E+01 8.955E-03
  1.352150E+01 7.942E-03
  1.415450E+01 7.043E-03
  1.481380E+01 6.245E-03
  1.550010E+01 5.536E-03
  1.621449E+01 4.907E-03
  1.695790E+01 4.349E-03
  1.773120E+01 3.854E-03
  1.853551E+01 3.415E-03
  1.937170E+01 3.026E-03
  2.024091E+01 2.681E-03
  2.114430E+01 2.374E-03
  2.208279E+01 2.103E-03
  2.305769E+01 1.862E-03
  2.407001E+01 1.649E-03
  2.512100E+01 1.460E-03
  2.621181E+01 1.292E-03
  2.740018E+01 1.173E-03
  2.863806E+01 1.037E-03
    1    1    1    7
     62     62
  1.263980E+00    0.0100
  9.479849E-01 2.472E+00
  1.096620E+00 1.799E+00
  1.263170E+00 1.329E+00
  1.331490E+00 1.186E+00
  1.403490E+00 1.057E+00
  1.479360E+00 9.432E-01
  1.559290E+00 8.411E-01
  1.643500E+00 7.501E-01
  1.732180E+00 6.688E-01
  1.825570E+00 5.963E-01
  1.923890E+00 5.316E-01
  2.027390E+00 4.738E-01
  2.136300E+00 4.223E-01
  2.250900E+00 3.764E-01
  2.371450E+00 3.354E-01
  2.498230E+00 2.988E-01
  2.631550E+00 2.662E-01
  2.771680E+00 2.371E-01
  2.918970E+00 2.112E-01
  3.073720E+00 1.881E-01
  3.236290E+00 1.675E-01
  3.407010E+00 1.491E-01
  3.586260E+00 1.327E-01
  3.774410E+00 1.181E-01
  3.971850E+00 1.051E-01
  4.178990E+00 9.356E-02
  4.396240E+00 8.324E-02
  4.624030E+00 7.405E-02
  4.862820E+00 6.587E-02
  5.113060E+00 5.858E-02
  5.375230E+00 5.209E-02
  5.649820E+00 4.632E-02
  5.937340E+00 4.118E-02
  6.238310E+00 3.660E-02
  6.553270E+00 3.253E-02
  6.882780E+00 2.891E-02
  7.227410E+00 2.568E-02
  7.587750E+00 2.282E-02
  7.964420E+00 2.027E-02
  8.358030E+00 1.800E-02
  8.769240E+00 1.598E-02
  9.198700E+00 1.419E-02
  9.647090E+00 1.260E-02
  1.011510E+01 1.118E-02
  1.060350E+01 9.924E-03
  1.111300E+01 8.807E-03
  1.164440E+01 7.814E-03
  1.219840E+01 6.932E-03
  1.277580E+01 6.149E-03
  1.337750E+01 5.453E-03
  1.400430E+01 4.836E-03
  1.465710E+01 4.288E-03
  1.533680E+01 3.801E-03
  1.604420E+01 3.369E-03
  1.678040E+01 2.986E-03
  1.754620E+01 2.646E-03
  1.834270E+01 2.345E-03
  1.917081E+01 2.078E-03
  2.003169E+01 1.840E-03
  2.092630E+01 1.630E-03
  2.185561E+01 1.444E-03
  2.282100E+01 1.278E-03
    1    1    1    8
     62     62
  9.988480E-01    0.0100
  7.491360E-01 3.036E+00
  8.314930E-01 2.334E+00
  9.980380E-01 1.579E+00
  1.051510E+00 1.409E+00
  1.107890E+00 1.257E+00
  1.167340E+00 1.122E+00
  1.230000E+00 1.001E+00
  1.296050E+00 8.927E-01
  1.365660E+00 7.963E-01
  1.439010E+00 7.102E-01
  1.516300E+00 6.334E-01
  1.597710E+00 5.648E-01
  1.683470E+00 5.037E-01
  1.773770E+00 4.491E-01
  1.868850E+00 4.004E-01
  1.968940E+00 3.569E-01
  2.074290E+00 3.181E-01
  2.185140E+00 2.835E-01
  2.301770E+00 2.527E-01
  2.424440E+00 2.251E-01
  2.553450E+00 2.006E-01
  2.689090E+00 1.787E-01
  2.831660E+00 1.592E-01
  2.981480E+00 1.417E-01
  3.138900E+00 1.262E-01
  3.304240E+00 1.124E-01
  3.477880E+00 1.001E-01
  3.660170E+00 8.907E-02
  3.851490E+00 7.928E-02
  4.052260E+00 7.055E-02
  4.262860E+00 6.278E-02
  4.483730E+00 5.585E-02
  4.715310E+00 4.969E-02
  4.958040E+00 4.419E-02
  5.212400E+00 3.930E-02
  5.478860E+00 3.495E-02
  5.757920E+00 3.107E-02
  6.050100E+00 2.762E-02
  6.355920E+00 2.455E-02
  6.675940E+00 2.182E-02
  7.010710E+00 1.939E-02
  7.360810E+00 1.723E-02
  7.726840E+00 1.530E-02
  8.109420E+00 1.359E-02
  8.509170E+00 1.207E-02
  8.926750E+00 1.072E-02
  9.362820E+00 9.515E-03
  9.818070E+00 8.447E-03
  1.029320E+01 7.497E-03
  1.078900E+01 6.653E-03
  1.130610E+01 5.904E-03
  1.184530E+01 5.238E-03
  1.240750E+01 4.646E-03
  1.299330E+01 4.121E-03
  1.360370E+01 3.655E-03
  1.423950E+01 3.241E-03
  1.490160E+01 2.873E-03
  1.559080E+01 2.547E-03
  1.630811E+01 2.257E-03
  1.705440E+01 2.001E-03
  1.783060E+01 1.773E-03
  1.863780E+01 1.571E-03
    1    1    1    9
     63     63
  8.091630E-01    0.0100
  6.068722E-01 3.591E+00
  6.418080E-01 3.024E+00
  8.083530E-01 1.844E+00
  8.513590E-01 1.646E+00
  8.967150E-01 1.469E+00
  9.445460E-01 1.311E+00
  9.949830E-01 1.169E+00
  1.048160E+00 1.043E+00
  1.104230E+00 9.310E-01
  1.163340E+00 8.306E-01
  1.225640E+00 7.410E-01
  1.291300E+00 6.610E-01
  1.360500E+00 5.896E-01
  1.433410E+00 5.258E-01
  1.510220E+00 4.689E-01
  1.591130E+00 4.182E-01
  1.676330E+00 3.729E-01
  1.766060E+00 3.324E-01
  1.860520E+00 2.964E-01
  1.959950E+00 2.642E-01
  2.064600E+00 2.355E-01
  2.174710E+00 2.099E-01
  2.290550E+00 1.870E-01
  2.412390E+00 1.666E-01
  2.540500E+00 1.485E-01
  2.675200E+00 1.322E-01
  2.816770E+00 1.178E-01
  2.965540E+00 1.049E-01
  3.121850E+00 9.342E-02
  3.286020E+00 8.318E-02
  3.458410E+00 7.406E-02
  3.639390E+00 6.592E-02
  3.829350E+00 5.867E-02
  4.028660E+00 5.222E-02
  4.237740E+00 4.646E-02
  4.457020E+00 4.134E-02
  4.686920E+00 3.677E-02
  4.927890E+00 3.271E-02
  5.180410E+00 2.909E-02
  5.444940E+00 2.587E-02
  5.721980E+00 2.300E-02
  6.012050E+00 2.044E-02
  6.315680E+00 1.817E-02
  6.633400E+00 1.615E-02
  6.965770E+00 1.435E-02
  7.313380E+00 1.275E-02
  7.676820E+00 1.133E-02
  8.056690E+00 1.006E-02
  8.453630E+00 8.935E-03
  8.868290E+00 7.934E-03
  9.301340E+00 7.044E-03
  9.753450E+00 6.253E-03
  1.022530E+01 5.550E-03
  1.071770E+01 4.926E-03
  1.123140E+01 4.371E-03
  1.176700E+01 3.878E-03
  1.232540E+01 3.440E-03
  1.290740E+01 3.051E-03
  1.351390E+01 2.706E-03
  1.414560E+01 2.400E-03
  1.480340E+01 2.128E-03
  1.548830E+01 1.886E-03
  1.620120E+01 1.672E-03
    3    1    1    1
     25     61
  2.063530E+01    0.0100
  1.996590E+01 1.939E-01
  2.013319E+01 1.892E-01
  2.030060E+01 1.846E-01
  2.046800E+01 1.801E-01
  2.063451E+01 1.758E-01
  2.148610E+01 1.556E-01
  2.236971E+01 1.378E-01
  2.328650E+01 1.220E-01
  2.423759E+01 1.080E-01
  2.522411E+01 9.558E-02
  2.624730E+01 8.460E-02
  2.730840E+01 7.487E-02
  2.840860E+01 6.626E-02
  2.954939E+01 5.864E-02
  3.073190E+01 5.189E-02
  3.195770E+01 4.592E-02
  3.322810E+01 4.063E-02
  3.454469E+01 3.594E-02
  3.590891E+01 3.180E-02
  3.732230E+01 2.813E-02
  3.878661E+01 2.489E-02
  4.030330E+01 2.201E-02
  4.187430E+01 1.947E-02
  4.350121E+01 1.722E-02
  4.518590E+01 1.523E-02
  4.696439E+01 1.344E-02
  4.880688E+01 1.186E-02
  5.071552E+01 1.046E-02
  5.269240E+01 9.228E-03
  5.473979E+01 8.141E-03
  5.685997E+01 7.182E-03
  5.905537E+01 6.335E-03
  6.132838E+01 5.588E-03
  6.368155E+01 4.929E-03
  6.611743E+01 4.347E-03
  6.863876E+01 3.834E-03
  7.124823E+01 3.381E-03
  7.394872E+01 2.982E-03
  7.674306E+01 2.630E-03
  7.963437E+01 2.319E-03
  8.262567E+01 2.045E-03
  8.572011E+01 1.803E-03
  8.892102E+01 1.590E-03
  9.223169E+01 1.402E-03
  9.565569E+01 1.236E-03
  9.919649E+01 1.090E-03
  1.028579E+02 9.606E-04
  1.066435E+02 8.468E-04
  1.105574E+02 7.465E-04
  1.146034E+02 6.581E-04
  1.187857E+02 5.801E-04
  1.231086E+02 5.113E-04
  1.275763E+02 4.507E-04
  1.321933E+02 3.972E-04
  1.369643E+02 3.501E-04
  1.418940E+02 3.085E-04
  1.469873E+02 2.719E-04
  1.522492E+02 2.396E-04
  1.576848E+02 2.112E-04
  1.632994E+02 1.861E-04
  1.690985E+02 1.640E-04
    3    1    1    2
     34     62
  9.109090E+00    0.0100
  8.439660E+00 3.951E-01
  8.607020E+00 3.773E-01
  8.774380E+00 3.605E-01
  8.941730E+00 3.447E-01
  9.108280E+00 3.298E-01
  9.572050E+00 2.927E-01
  1.005570E+01 2.597E-01
  1.056000E+01 2.304E-01
  1.108560E+01 2.044E-01
  1.163340E+01 1.813E-01
  1.220400E+01 1.607E-01
  1.279830E+01 1.425E-01
  1.341700E+01 1.264E-01
  1.406120E+01 1.120E-01
  1.473150E+01 9.931E-02
  1.542900E+01 8.802E-02
  1.615450E+01 7.800E-02
  1.690900E+01 6.912E-02
  1.769350E+01 6.124E-02
  1.850900E+01 5.425E-02
  1.935651E+01 4.806E-02
  2.023700E+01 4.257E-02
  2.115170E+01 3.770E-02
  2.210170E+01 3.339E-02
  2.308810E+01 2.956E-02
  2.411220E+01 2.617E-02
  2.517500E+01 2.317E-02
  2.627789E+01 2.051E-02
  2.742220E+01 1.815E-02
  2.860921E+01 1.607E-02
  2.984019E+01 1.422E-02
  3.111659E+01 1.258E-02
  3.243990E+01 1.113E-02
  3.381149E+01 9.849E-03
  3.526439E+01 8.697E-03
  3.677110E+01 7.674E-03
  3.833339E+01 6.772E-03
  3.995297E+01 5.975E-03
  4.163170E+01 5.272E-03
  4.337144E+01 4.651E-03
  4.517415E+01 4.103E-03
  4.704178E+01 3.619E-03
  4.897639E+01 3.192E-03
  5.098012E+01 2.815E-03
  5.305504E+01 2.483E-03
  5.520340E+01 2.190E-03
  5.742747E+01 1.931E-03
  5.972960E+01 1.703E-03
  6.211215E+01 1.501E-03
  6.457761E+01 1.324E-03
  6.712851E+01 1.167E-03
  6.976747E+01 1.029E-03
  7.249716E+01 9.071E-04
  7.532031E+01 7.996E-04
  7.823965E+01 7.048E-04
  8.125821E+01 6.212E-04
  8.437880E+01 5.475E-04
  8.760454E+01 4.825E-04
  9.093858E+01 4.253E-04
  9.438412E+01 3.748E-04
  9.794443E+01 3.302E-04
  1.016228E+02 2.910E-04
    3    1    1    3
     42     62
  5.107960E+00    0.0100
  4.438540E+00 6.717E-01
  4.605900E+00 6.199E-01
  4.773250E+00 5.734E-01
  4.940610E+00 5.317E-01
  5.107150E+00 4.942E-01
  5.385920E+00 4.394E-01
  5.677780E+00 3.906E-01
  5.983240E+00 3.471E-01
  6.302860E+00 3.085E-01
  6.637180E+00 2.741E-01
  6.986780E+00 2.436E-01
  7.352270E+00 2.164E-01
  7.734250E+00 1.922E-01
  8.133360E+00 1.707E-01
  8.550250E+00 1.516E-01
  8.985620E+00 1.346E-01
  9.440140E+00 1.195E-01
  9.914550E+00 1.061E-01
  1.040960E+01 9.413E-02
  1.092600E+01 8.354E-02
  1.146470E+01 7.413E-02
  1.202630E+01 6.577E-02
  1.261180E+01 5.835E-02
  1.322200E+01 5.176E-02
  1.385790E+01 4.591E-02
  1.452030E+01 4.072E-02
  1.521020E+01 3.611E-02
  1.592850E+01 3.202E-02
  1.667641E+01 2.839E-02
  1.745480E+01 2.517E-02
  1.826480E+01 2.231E-02
  1.910750E+01 1.977E-02
  1.998399E+01 1.752E-02
  2.089560E+01 1.553E-02
  2.184351E+01 1.376E-02
  2.282880E+01 1.219E-02
  2.385280E+01 1.080E-02
  2.491701E+01 9.566E-03
  2.602251E+01 8.473E-03
  2.717090E+01 7.505E-03
  2.836360E+01 6.646E-03
  2.960201E+01 5.885E-03
  3.091841E+01 5.206E-03
  3.228630E+01 4.598E-03
  3.370744E+01 4.061E-03
  3.518365E+01 3.586E-03
  3.671681E+01 3.167E-03
  3.830884E+01 2.796E-03
  3.996179E+01 2.469E-03
  4.167767E+01 2.180E-03
  4.345865E+01 1.925E-03
  4.530692E+01 1.699E-03
  4.722470E+01 1.500E-03
  4.921436E+01 1.324E-03
  5.127826E+01 1.169E-03
  5.341887E+01 1.031E-03
  5.563872E+01 9.102E-04
  5.794041E+01 8.033E-04
  6.032664E+01 7.088E-04
  6.280017E+01 6.255E-04
  6.536391E+01 5.519E-04
  6.802069E+01 4.869E-04
    3    1    1    4
     49     63
  3.263190E+00    0.0100
  2.593770E+00 1.095E+00
  2.761130E+00 9.601E-01
  2.928480E+00 8.476E-01
  3.095840E+00 7.530E-01
  3.262380E+00 6.731E-01
  3.440870E+00 5.997E-01
  3.628590E+00 5.343E-01
  3.825960E+00 4.759E-01
  4.033420E+00 4.238E-01
  4.251410E+00 3.773E-01
  4.480380E+00 3.359E-01
  4.720810E+00 2.990E-01
  4.973190E+00 2.661E-01
  5.238010E+00 2.368E-01
  5.515800E+00 2.107E-01
  5.807090E+00 1.874E-01
  6.112430E+00 1.666E-01
  6.432380E+00 1.482E-01
  6.767540E+00 1.317E-01
  7.118480E+00 1.171E-01
  7.485840E+00 1.041E-01
  7.870230E+00 9.248E-02
  8.272310E+00 8.216E-02
  8.692740E+00 7.298E-02
  9.132210E+00 6.482E-02
  9.591420E+00 5.756E-02
  1.007110E+01 5.110E-02
  1.057190E+01 4.536E-02
  1.109470E+01 4.026E-02
  1.164020E+01 3.573E-02
  1.220920E+01 3.170E-02
  1.280250E+01 2.812E-02
  1.342100E+01 2.494E-02
  1.406550E+01 2.212E-02
  1.473680E+01 1.961E-02
  1.543580E+01 1.738E-02
  1.616350E+01 1.541E-02
  1.692081E+01 1.366E-02
  1.770860E+01 1.210E-02
  1.852789E+01 1.072E-02
  1.937970E+01 9.497E-03
  2.026500E+01 8.411E-03
  2.118469E+01 7.448E-03
  2.214011E+01 6.595E-03
  2.313210E+01 5.839E-03
  2.416180E+01 5.168E-03
  2.523039E+01 4.574E-03
  2.578120E+01 4.302E-03
  2.716600E+01 3.748E-03
  2.839607E+01 3.330E-03
  2.967599E+01 2.943E-03
  3.100754E+01 2.601E-03
  3.239259E+01 2.298E-03
  3.383308E+01 2.031E-03
  3.533101E+01 1.795E-03
  3.688841E+01 1.586E-03
  3.850742E+01 1.401E-03
  4.019025E+01 1.238E-03
  4.193912E+01 1.093E-03
  4.375639E+01 9.657E-04
  4.564447E+01 8.530E-04
  4.760585E+01 7.534E-04
  4.964314E+01 6.654E-04
    3    1    1    5
     55     64
  2.263350E+00    0.0100
  1.697512E+00 1.598E+00
  1.761290E+00 1.470E+00
  1.928640E+00 1.216E+00
  2.096000E+00 1.020E+00
  2.262540E+00 8.679E-01
  2.386900E+00 7.739E-01
  2.517870E+00 6.899E-01
  2.655780E+00 6.150E-01
  2.800940E+00 5.481E-01
  2.953710E+00 4.885E-01
  3.114430E+00 4.353E-01
  3.283490E+00 3.878E-01
  3.461250E+00 3.455E-01
  3.648110E+00 3.077E-01
  3.844490E+00 2.740E-01
  4.050810E+00 2.440E-01
  4.267500E+00 2.172E-01
  4.495030E+00 1.933E-01
  4.733850E+00 1.721E-01
  4.984460E+00 1.531E-01
  5.247350E+00 1.362E-01
  5.523040E+00 1.212E-01
  5.812060E+00 1.078E-01
  6.114970E+00 9.588E-02
  6.432330E+00 8.526E-02
  6.764720E+00 7.580E-02
  7.112740E+00 6.738E-02
  7.477020E+00 5.988E-02
  7.858180E+00 5.321E-02
  8.256900E+00 4.728E-02
  8.673830E+00 4.200E-02
  9.109680E+00 3.731E-02
  9.565160E+00 3.313E-02
  1.004100E+01 2.942E-02
  1.053790E+01 2.612E-02
  1.105680E+01 2.319E-02
  1.159830E+01 2.058E-02
  1.216330E+01 1.826E-02
  1.275260E+01 1.620E-02
  1.336710E+01 1.437E-02
  1.400770E+01 1.275E-02
  1.467520E+01 1.131E-02
  1.537060E+01 1.003E-02
  1.609489E+01 8.891E-03
  1.684891E+01 7.881E-03
  1.763380E+01 6.986E-03
  1.845039E+01 6.191E-03
  1.929980E+01 5.486E-03
  2.018320E+01 4.860E-03
  2.110159E+01 4.306E-03
  2.205600E+01 3.814E-03
  2.304781E+01 3.377E-03
  2.407790E+01 2.991E-03
  2.478130E+01 2.759E-03
  2.616620E+01 2.387E-03
  2.737001E+01 2.141E-03
  2.862428E+01 1.893E-03
  2.993089E+01 1.674E-03
  3.129185E+01 1.481E-03
  3.270926E+01 1.309E-03
  3.418521E+01 1.158E-03
  3.572194E+01 1.023E-03
  3.732175E+01 9.048E-04
  3.898697E+01 7.999E-04
    3    1    1    6
     60     63
  1.661440E+00    0.0100
  1.246079E+00 1.998E+00
  1.326730E+00 1.729E+00
  1.494090E+00 1.348E+00
  1.660630E+00 1.078E+00
  1.752760E+00 9.614E-01
  1.849800E+00 8.573E-01
  1.952010E+00 7.644E-01
  2.059640E+00 6.814E-01
  2.172940E+00 6.075E-01
  2.292200E+00 5.414E-01
  2.417700E+00 4.825E-01
  2.549720E+00 4.300E-01
  2.688590E+00 3.831E-01
  2.834620E+00 3.414E-01
  2.988150E+00 3.041E-01
  3.149520E+00 2.709E-01
  3.319090E+00 2.412E-01
  3.497240E+00 2.148E-01
  3.684360E+00 1.913E-01
  3.880840E+00 1.703E-01
  4.087100E+00 1.516E-01
  4.303590E+00 1.349E-01
  4.530740E+00 1.201E-01
  4.769030E+00 1.068E-01
  5.018940E+00 9.507E-02
  5.280960E+00 8.457E-02
  5.555620E+00 7.523E-02
  5.843460E+00 6.691E-02
  6.145010E+00 5.950E-02
  6.460870E+00 5.291E-02
  6.791630E+00 4.704E-02
  7.137890E+00 4.182E-02
  7.500290E+00 3.717E-02
  7.879490E+00 3.304E-02
  8.276160E+00 2.936E-02
  8.691010E+00 2.608E-02
  9.124750E+00 2.317E-02
  9.578130E+00 2.058E-02
  1.005190E+01 1.828E-02
  1.054690E+01 1.624E-02
  1.106390E+01 1.442E-02
  1.160380E+01 1.280E-02
  1.216740E+01 1.136E-02
  1.275570E+01 1.009E-02
  1.336950E+01 8.954E-03
  1.400980E+01 7.946E-03
  1.467760E+01 7.051E-03
  1.537390E+01 6.256E-03
  1.609979E+01 5.550E-03
  1.685620E+01 4.923E-03
  1.764439E+01 4.366E-03
  1.846530E+01 3.872E-03
  1.932030E+01 3.433E-03
  2.021049E+01 3.044E-03
  2.113710E+01 2.698E-03
  2.210139E+01 2.392E-03
  2.310471E+01 2.120E-03
  2.414830E+01 1.879E-03
  2.523370E+01 1.665E-03
  2.636211E+01 1.475E-03
  2.758725E+01 1.332E-03
  2.886497E+01 1.178E-03
  3.019731E+01 1.042E-03
    3    1    1    7
     62     62
  1.271230E+00    0.0100
  9.534223E-01 2.403E+00
  1.103870E+00 1.755E+00
  1.270420E+00 1.304E+00
  1.340210E+00 1.163E+00
  1.413800E+00 1.038E+00
  1.491360E+00 9.259E-01
  1.573110E+00 8.259E-01
  1.659260E+00 7.366E-01
  1.750020E+00 6.569E-01
  1.845630E+00 5.858E-01
  1.946330E+00 5.223E-01
  2.052360E+00 4.657E-01
  2.164000E+00 4.151E-01
  2.281500E+00 3.701E-01
  2.405160E+00 3.298E-01
  2.535260E+00 2.939E-01
  2.672120E+00 2.619E-01
  2.816060E+00 2.334E-01
  2.967400E+00 2.079E-01
  3.126500E+00 1.852E-01
  3.293700E+00 1.649E-01
  3.469390E+00 1.469E-01
  3.653950E+00 1.308E-01
  3.847790E+00 1.165E-01
  4.051310E+00 1.037E-01
  4.264950E+00 9.229E-02
  4.489160E+00 8.215E-02
  4.724400E+00 7.310E-02
  4.971160E+00 6.505E-02
  5.229930E+00 5.787E-02
  5.501220E+00 5.148E-02
  5.785580E+00 4.579E-02
  6.083550E+00 4.073E-02
  6.395700E+00 3.622E-02
  6.722630E+00 3.220E-02
  7.064940E+00 2.863E-02
  7.423260E+00 2.545E-02
  7.798260E+00 2.262E-02
  8.190590E+00 2.010E-02
  8.600950E+00 1.786E-02
  9.030060E+00 1.587E-02
  9.478660E+00 1.410E-02
  9.947510E+00 1.252E-02
  1.043740E+01 1.112E-02
  1.094910E+01 9.875E-03
  1.148350E+01 8.768E-03
  1.204150E+01 7.784E-03
  1.262380E+01 6.910E-03
  1.323160E+01 6.133E-03
  1.386560E+01 5.442E-03
  1.452680E+01 4.829E-03
  1.521620E+01 4.285E-03
  1.593490E+01 3.801E-03
  1.668401E+01 3.371E-03
  1.746440E+01 2.990E-03
  1.827730E+01 2.652E-03
  1.912379E+01 2.351E-03
  2.000520E+01 2.084E-03
  2.092261E+01 1.848E-03
  2.187720E+01 1.638E-03
  2.287041E+01 1.452E-03
  2.390340E+01 1.286E-03
    3    1    1    8
     63     63
  1.003930E+00    0.0100
  7.529476E-01 2.945E+00
  8.365760E-01 2.268E+00
  1.003120E+00 1.545E+00
  1.057710E+00 1.379E+00
  1.115290E+00 1.230E+00
  1.176020E+00 1.098E+00
  1.240050E+00 9.797E-01
  1.307570E+00 8.741E-01
  1.378750E+00 7.798E-01
  1.453780E+00 6.957E-01
  1.532860E+00 6.205E-01
  1.616190E+00 5.535E-01
  1.703990E+00 4.936E-01
  1.796480E+00 4.402E-01
  1.893900E+00 3.925E-01
  1.996480E+00 3.500E-01
  2.104490E+00 3.120E-01
  2.218180E+00 2.781E-01
  2.337850E+00 2.479E-01
  2.463760E+00 2.209E-01
  2.596230E+00 1.969E-01
  2.735570E+00 1.754E-01
  2.882090E+00 1.563E-01
  3.036150E+00 1.392E-01
  3.198080E+00 1.240E-01
  3.368250E+00 1.105E-01
  3.547050E+00 9.838E-02
  3.734860E+00 8.760E-02
  3.932090E+00 7.799E-02
  4.139170E+00 6.943E-02
  4.356530E+00 6.180E-02
  4.584630E+00 5.501E-02
  4.823940E+00 4.895E-02
  5.074940E+00 4.355E-02
  5.338150E+00 3.875E-02
  5.614090E+00 3.447E-02
  5.903290E+00 3.066E-02
  6.206320E+00 2.727E-02
  6.523760E+00 2.425E-02
  6.856200E+00 2.156E-02
  7.204260E+00 1.916E-02
  7.568570E+00 1.704E-02
  7.949810E+00 1.514E-02
  8.348650E+00 1.345E-02
  8.765780E+00 1.195E-02
  9.201940E+00 1.062E-02
  9.657870E+00 9.434E-03
  1.013430E+01 8.380E-03
  1.063210E+01 7.442E-03
  1.115210E+01 6.608E-03
  1.169510E+01 5.867E-03
  1.226190E+01 5.208E-03
  1.285340E+01 4.623E-03
  1.347070E+01 4.103E-03
  1.411450E+01 3.641E-03
  1.478600E+01 3.230E-03
  1.548600E+01 2.866E-03
  1.621570E+01 2.542E-03
  1.697600E+01 2.255E-03
  1.776810E+01 2.000E-03
  1.859300E+01 1.773E-03
  1.945200E+01 1.572E-03
  2.034621E+01 1.394E-03
    3    1    1    9
     63     63
  8.128640E-01    0.0100
  6.096480E-01 3.480E+00
  6.455090E-01 2.929E+00
  8.120540E-01 1.801E+00
  8.558620E-01 1.608E+00
  9.020780E-01 1.435E+00
  9.508320E-01 1.281E+00
  1.002260E+00 1.143E+00
  1.056500E+00 1.020E+00
  1.113710E+00 9.101E-01
  1.174030E+00 8.121E-01
  1.237630E+00 7.246E-01
  1.304690E+00 6.465E-01
  1.375370E+00 5.767E-01
  1.449880E+00 5.145E-01
  1.528390E+00 4.589E-01
  1.611120E+00 4.093E-01
  1.698280E+00 3.650E-01
  1.790090E+00 3.255E-01
  1.886790E+00 2.902E-01
  1.988610E+00 2.588E-01
  2.095810E+00 2.307E-01
  2.208660E+00 2.056E-01
  2.327420E+00 1.833E-01
  2.452390E+00 1.634E-01
  2.583850E+00 1.456E-01
  2.722130E+00 1.297E-01
  2.867540E+00 1.156E-01
  3.020430E+00 1.030E-01
  3.181130E+00 9.171E-02
  3.350010E+00 8.169E-02
  3.527440E+00 7.275E-02
  3.713830E+00 6.478E-02
  3.909570E+00 5.767E-02
  4.115080E+00 5.134E-02
  4.330800E+00 4.570E-02
  4.557190E+00 4.068E-02
  4.794710E+00 3.620E-02
  5.043840E+00 3.221E-02
  5.305090E+00 2.866E-02
  5.578980E+00 2.549E-02
  5.866050E+00 2.267E-02
  6.166860E+00 2.017E-02
  6.481970E+00 1.793E-02
  6.811990E+00 1.594E-02
  7.157530E+00 1.417E-02
  7.519230E+00 1.260E-02
  7.897730E+00 1.120E-02
  8.293730E+00 9.951E-03
  8.707910E+00 8.842E-03
  9.140990E+00 7.856E-03
  9.593730E+00 6.978E-03
  1.006690E+01 6.198E-03
  1.056120E+01 5.505E-03
  1.107760E+01 4.888E-03
  1.161680E+01 4.340E-03
  1.217980E+01 3.853E-03
  1.276730E+01 3.420E-03
  1.338040E+01 3.035E-03
  1.401990E+01 2.693E-03
  1.468690E+01 2.390E-03
  1.538230E+01 2.120E-03
  1.610710E+01 1.881E-03
  1.686240E+01 1.668E-03
    0    0    0    0
