   11    2    P
    1    0    0    1
     43     63
  1.075220E+02    0.0100
  1.066960E+02 1.281E-01
  1.069030E+02 1.275E-01
  1.071090E+02 1.269E-01
  1.073160E+02 1.263E-01
  1.075210E+02 1.257E-01
  1.121980E+02 1.126E-01
  1.172570E+02 1.007E-01
  1.227210E+02 8.966E-02
  1.286050E+02 7.956E-02
  1.349060E+02 7.028E-02
  1.413811E+02 6.235E-02
  1.481621E+02 5.528E-02
  1.552629E+02 4.901E-02
  1.626985E+02 4.345E-02
  1.704843E+02 3.853E-02
  1.786367E+02 3.416E-02
  1.871724E+02 3.028E-02
  1.961094E+02 2.685E-02
  2.054662E+02 2.380E-02
  2.152620E+02 2.110E-02
  2.255174E+02 1.871E-02
  2.362533E+02 1.658E-02
  2.474920E+02 1.470E-02
  2.592566E+02 1.303E-02
  2.715713E+02 1.155E-02
  2.844617E+02 1.024E-02
  2.979536E+02 9.077E-03
  3.120752E+02 8.047E-03
  3.268552E+02 7.133E-03
  3.423240E+02 6.323E-03
  3.585129E+02 5.604E-03
  3.754551E+02 4.968E-03
  3.931851E+02 4.403E-03
  4.117385E+02 3.903E-03
  4.311536E+02 3.459E-03
  4.514697E+02 3.066E-03
  4.727271E+02 2.718E-03
  4.949692E+02 2.409E-03
  5.182412E+02 2.135E-03
  5.425898E+02 1.892E-03
  5.680640E+02 1.677E-03
  5.947153E+02 1.486E-03
  6.225967E+02 1.317E-03
  6.517644E+02 1.167E-03
  6.822769E+02 1.035E-03
  7.141948E+02 9.168E-04
  7.475823E+02 8.125E-04
  7.825054E+02 7.200E-04
  8.190339E+02 6.381E-04
  8.572407E+02 5.655E-04
  8.972014E+02 5.011E-04
  9.389946E+02 4.440E-04
  9.827039E+02 3.935E-04
  1.028415E+03 3.487E-04
  1.076219E+03 3.090E-04
  1.126210E+03 2.738E-04
  1.178487E+03 2.426E-04
  1.233151E+03 2.150E-04
  1.290312E+03 1.905E-04
  1.350079E+03 1.688E-04
  1.412572E+03 1.495E-04
  1.477911E+03 1.325E-04
  1.546225E+03 1.174E-04
    1    0    0    2
     19     62
  2.536800E+01    0.0100
  2.454160E+01 1.533E-01
  2.474820E+01 1.507E-01
  2.495480E+01 1.482E-01
  2.516141E+01 1.458E-01
  2.536700E+01 1.434E-01
  2.682159E+01 1.278E-01
  2.835670E+01 1.139E-01
  2.997530E+01 1.014E-01
  3.168010E+01 9.029E-02
  3.347369E+01 8.033E-02
  3.535890E+01 7.142E-02
  3.733780E+01 6.347E-02
  3.941299E+01 5.637E-02
  4.158659E+01 5.004E-02
  4.386060E+01 4.440E-02
  4.623711E+01 3.937E-02
  4.871780E+01 3.490E-02
  5.130450E+01 3.091E-02
  5.399870E+01 2.737E-02
  5.687064E+01 2.428E-02
  5.986916E+01 2.148E-02
  6.299898E+01 1.900E-02
  6.626491E+01 1.681E-02
  6.967192E+01 1.486E-02
  7.322517E+01 1.315E-02
  7.692999E+01 1.162E-02
  8.079189E+01 1.028E-02
  8.481641E+01 9.087E-03
  8.900949E+01 8.033E-03
  9.337701E+01 7.101E-03
  9.792520E+01 6.276E-03
  1.026604E+02 5.547E-03
  1.075893E+02 4.902E-03
  1.127185E+02 4.331E-03
  1.180551E+02 3.827E-03
  1.236062E+02 3.381E-03
  1.293792E+02 2.987E-03
  1.353816E+02 2.638E-03
  1.416213E+02 2.330E-03
  1.481065E+02 2.058E-03
  1.548454E+02 1.818E-03
  1.618465E+02 1.605E-03
  1.691186E+02 1.417E-03
  1.766708E+02 1.252E-03
  1.845124E+02 1.105E-03
  1.926529E+02 9.755E-04
  2.011024E+02 8.611E-04
  2.098710E+02 7.601E-04
  2.189689E+02 6.709E-04
  2.284071E+02 5.921E-04
  2.381966E+02 5.225E-04
  2.483484E+02 4.611E-04
  2.588745E+02 4.069E-04
  2.697871E+02 3.590E-04
  2.810981E+02 3.168E-04
  2.928208E+02 2.794E-04
  3.049675E+02 2.465E-04
  3.175522E+02 2.175E-04
  3.305884E+02 1.918E-04
  3.440903E+02 1.692E-04
  3.580725E+02 1.492E-04
  3.725498E+02 1.316E-04
    1    0    0    3
     29     64
  1.122470E+01    0.0100
  1.039830E+01 2.817E-01
  1.060490E+01 2.710E-01
  1.081150E+01 2.609E-01
  1.101810E+01 2.514E-01
  1.122370E+01 2.423E-01
  1.187880E+01 2.162E-01
  1.257030E+01 1.930E-01
  1.330000E+01 1.722E-01
  1.406980E+01 1.536E-01
  1.488140E+01 1.369E-01
  1.573690E+01 1.221E-01
  1.663831E+01 1.089E-01
  1.758780E+01 9.703E-02
  1.858730E+01 8.647E-02
  1.963930E+01 7.704E-02
  2.074600E+01 6.863E-02
  2.190981E+01 6.112E-02
  2.313310E+01 5.443E-02
  2.441840E+01 4.846E-02
  2.576840E+01 4.313E-02
  2.718570E+01 3.838E-02
  2.867310E+01 3.415E-02
  3.023340E+01 3.038E-02
  3.186940E+01 2.702E-02
  3.358430E+01 2.403E-02
  3.538100E+01 2.136E-02
  3.726270E+01 1.899E-02
  3.923260E+01 1.688E-02
  4.129401E+01 1.499E-02
  4.351714E+01 1.334E-02
  4.584882E+01 1.183E-02
  4.829382E+01 1.049E-02
  5.085713E+01 9.299E-03
  5.354405E+01 8.244E-03
  5.635991E+01 7.308E-03
  5.931036E+01 6.478E-03
  6.240132E+01 5.742E-03
  6.563882E+01 5.089E-03
  6.902924E+01 4.510E-03
  7.257910E+01 3.996E-03
  7.629532E+01 3.541E-03
  8.018497E+01 3.137E-03
  8.425549E+01 2.780E-03
  8.851450E+01 2.463E-03
  9.296999E+01 2.181E-03
  9.763029E+01 1.932E-03
  1.025040E+02 1.712E-03
  1.076000E+02 1.516E-03
  1.129277E+02 1.343E-03
  1.184967E+02 1.189E-03
  1.243170E+02 1.053E-03
  1.303989E+02 9.322E-04
  1.367534E+02 8.254E-04
  1.433915E+02 7.308E-04
  1.503249E+02 6.470E-04
  1.575657E+02 5.727E-04
  1.651264E+02 5.070E-04
  1.730199E+02 4.487E-04
  1.812598E+02 3.972E-04
  1.898598E+02 3.515E-04
  1.988346E+02 3.111E-04
  2.081993E+02 2.753E-04
  2.179694E+02 2.436E-04
  2.281607E+02 2.156E-04
    1    0    0    4
     37     64
  6.298540E+00    0.0100
  5.472090E+00 4.715E-01
  5.678700E+00 4.381E-01
  5.885310E+00 4.081E-01
  6.091930E+00 3.811E-01
  6.297540E+00 3.566E-01
  6.664640E+00 3.183E-01
  7.052010E+00 2.841E-01
  7.460690E+00 2.535E-01
  7.891770E+00 2.262E-01
  8.346400E+00 2.018E-01
  8.825750E+00 1.801E-01
  9.331090E+00 1.606E-01
  9.863720E+00 1.433E-01
  1.042500E+01 1.278E-01
  1.101630E+01 1.140E-01
  1.163930E+01 1.016E-01
  1.229530E+01 9.061E-02
  1.298610E+01 8.079E-02
  1.371340E+01 7.202E-02
  1.447890E+01 6.420E-02
  1.528450E+01 5.722E-02
  1.613210E+01 5.100E-02
  1.702370E+01 4.545E-02
  1.796150E+01 4.050E-02
  1.894760E+01 3.608E-02
  1.998430E+01 3.215E-02
  2.107410E+01 2.864E-02
  2.221930E+01 2.551E-02
  2.342270E+01 2.272E-02
  2.468690E+01 2.023E-02
  2.601469E+01 1.802E-02
  2.740910E+01 1.604E-02
  2.887309E+01 1.428E-02
  3.040990E+01 1.272E-02
  3.202280E+01 1.132E-02
  3.371530E+01 1.008E-02
  3.549100E+01 8.968E-03
  3.740793E+01 7.974E-03
  3.942198E+01 7.077E-03
  4.153777E+01 6.281E-03
  4.376009E+01 5.574E-03
  4.609402E+01 4.946E-03
  4.854478E+01 4.389E-03
  5.111790E+01 3.895E-03
  5.381911E+01 3.455E-03
  5.665440E+01 3.066E-03
  5.963002E+01 2.720E-03
  6.275252E+01 2.413E-03
  6.602872E+01 2.140E-03
  6.946568E+01 1.898E-03
  7.307088E+01 1.684E-03
  7.685207E+01 1.494E-03
  8.081725E+01 1.325E-03
  8.497496E+01 1.175E-03
  8.933395E+01 1.042E-03
  9.390338E+01 9.238E-04
  9.869289E+01 8.191E-04
  1.037124E+02 7.263E-04
  1.089724E+02 6.439E-04
  1.144836E+02 5.709E-04
  1.202575E+02 5.061E-04
  1.263058E+02 4.487E-04
  1.326406E+02 3.977E-04
  1.392750E+02 3.526E-04
    1    0    0    5
     45     65
  4.025000E+00    0.0100
  3.198560E+00 7.695E-01
  3.405170E+00 6.791E-01
  3.611780E+00 6.034E-01
  3.818390E+00 5.395E-01
  4.024000E+00 4.852E-01
  4.251200E+00 4.335E-01
  4.491390E+00 3.872E-01
  4.745310E+00 3.459E-01
  5.013680E+00 3.090E-01
  5.297290E+00 2.759E-01
  5.596960E+00 2.464E-01
  5.913540E+00 2.200E-01
  6.247940E+00 1.965E-01
  6.601080E+00 1.754E-01
  6.973950E+00 1.566E-01
  7.367560E+00 1.398E-01
  7.782990E+00 1.247E-01
  8.221340E+00 1.113E-01
  8.683780E+00 9.931E-02
  9.171500E+00 8.860E-02
  9.685780E+00 7.904E-02
  1.022790E+01 7.049E-02
  1.079930E+01 6.287E-02
  1.140130E+01 5.606E-02
  1.203540E+01 4.998E-02
  1.270310E+01 4.455E-02
  1.340610E+01 3.971E-02
  1.414600E+01 3.539E-02
  1.492440E+01 3.153E-02
  1.574320E+01 2.809E-02
  1.660410E+01 2.502E-02
  1.750920E+01 2.229E-02
  1.846030E+01 1.985E-02
  1.945950E+01 1.767E-02
  2.050880E+01 1.573E-02
  2.161050E+01 1.400E-02
  2.276691E+01 1.246E-02
  2.398010E+01 1.109E-02
  2.525270E+01 9.865E-03
  2.658701E+01 8.775E-03
  2.798570E+01 7.804E-03
  2.945140E+01 6.940E-03
  3.098669E+01 6.171E-03
  3.182500E+01 5.799E-03
  3.369341E+01 5.141E-03
  3.550586E+01 4.574E-03
  3.741115E+01 4.061E-03
  3.941374E+01 3.605E-03
  4.151843E+01 3.201E-03
  4.373013E+01 2.841E-03
  4.605408E+01 2.522E-03
  4.849565E+01 2.239E-03
  5.106052E+01 1.987E-03
  5.375464E+01 1.764E-03
  5.658421E+01 1.565E-03
  5.955574E+01 1.389E-03
  6.267603E+01 1.233E-03
  6.595212E+01 1.094E-03
  6.939153E+01 9.707E-04
  7.300192E+01 8.613E-04
  7.679149E+01 7.642E-04
  8.076865E+01 6.780E-04
  8.494221E+01 6.016E-04
  8.932161E+01 5.337E-04
  9.391640E+01 4.735E-04
    1    0    0    6
     51     66
  2.792270E+00    0.0100
  2.094202E+00 1.133E+00
  2.172440E+00 1.045E+00
  2.379050E+00 8.694E-01
  2.585660E+00 7.340E-01
  2.791270E+00 6.279E-01
  2.947770E+00 5.608E-01
  3.113110E+00 5.009E-01
  3.287770E+00 4.474E-01
  3.472270E+00 3.995E-01
  3.667140E+00 3.568E-01
  3.872950E+00 3.186E-01
  4.090280E+00 2.845E-01
  4.319760E+00 2.540E-01
  4.562040E+00 2.268E-01
  4.817810E+00 2.025E-01
  5.087780E+00 1.807E-01
  5.372710E+00 1.613E-01
  5.673380E+00 1.440E-01
  5.990620E+00 1.285E-01
  6.325300E+00 1.147E-01
  6.678330E+00 1.023E-01
  7.050640E+00 9.132E-02
  7.443250E+00 8.148E-02
  7.857180E+00 7.269E-02
  8.293530E+00 6.485E-02
  8.753430E+00 5.784E-02
  9.238070E+00 5.159E-02
  9.748700E+00 4.601E-02
  1.028660E+01 4.103E-02
  1.085310E+01 3.659E-02
  1.144970E+01 3.262E-02
  1.207780E+01 2.908E-02
  1.273890E+01 2.592E-02
  1.343470E+01 2.311E-02
  1.416690E+01 2.059E-02
  1.493710E+01 1.835E-02
  1.574720E+01 1.635E-02
  1.659911E+01 1.457E-02
  1.749471E+01 1.298E-02
  1.843610E+01 1.156E-02
  1.942551E+01 1.030E-02
  2.046500E+01 9.171E-03
  2.155690E+01 8.167E-03
  2.270370E+01 7.272E-03
  2.390781E+01 6.474E-03
  2.517180E+01 5.763E-03
  2.649840E+01 5.130E-03
  2.789040E+01 4.566E-03
  2.935069E+01 4.063E-03
  3.059230E+01 3.695E-03
  3.149550E+01 3.466E-03
  3.319882E+01 3.105E-03
  3.499109E+01 2.758E-03
  3.687677E+01 2.450E-03
  3.886055E+01 2.176E-03
  4.094737E+01 1.932E-03
  4.314240E+01 1.716E-03
  4.545102E+01 1.524E-03
  4.787900E+01 1.354E-03
  5.043222E+01 1.202E-03
  5.311693E+01 1.067E-03
  5.593971E+01 9.478E-04
  5.890739E+01 8.416E-04
  6.202713E+01 7.473E-04
  6.530646E+01 6.635E-04
  6.875337E+01 5.891E-04
    1    0    0    7
     55     65
  2.049950E+00    0.0100
  1.537462E+00 1.432E+00
  1.636730E+00 1.243E+00
  1.843340E+00 9.740E-01
  2.048950E+00 7.835E-01
  2.163810E+00 6.996E-01
  2.285060E+00 6.246E-01
  2.413060E+00 5.577E-01
  2.548150E+00 4.979E-01
  2.690740E+00 4.445E-01
  2.841220E+00 3.968E-01
  3.000020E+00 3.543E-01
  3.167590E+00 3.162E-01
  3.344400E+00 2.823E-01
  3.530950E+00 2.520E-01
  3.727750E+00 2.249E-01
  3.935360E+00 2.007E-01
  4.154350E+00 1.792E-01
  4.385330E+00 1.599E-01
  4.628930E+00 1.427E-01
  4.885820E+00 1.273E-01
  5.156710E+00 1.136E-01
  5.442320E+00 1.014E-01
  5.743430E+00 9.047E-02
  6.060860E+00 8.072E-02
  6.395460E+00 7.202E-02
  6.748130E+00 6.425E-02
  7.119790E+00 5.732E-02
  7.511450E+00 5.113E-02
  7.924120E+00 4.561E-02
  8.358910E+00 4.068E-02
  8.816940E+00 3.628E-02
  9.299410E+00 3.236E-02
  9.807560E+00 2.886E-02
  1.034270E+01 2.574E-02
  1.090630E+01 2.295E-02
  1.149960E+01 2.047E-02
  1.212430E+01 1.825E-02
  1.278180E+01 1.627E-02
  1.347400E+01 1.450E-02
  1.420240E+01 1.293E-02
  1.496900E+01 1.153E-02
  1.577550E+01 1.027E-02
  1.662410E+01 9.158E-03
  1.751669E+01 8.163E-03
  1.845560E+01 7.275E-03
  1.944299E+01 6.483E-03
  2.048140E+01 5.777E-03
  2.157310E+01 5.148E-03
  2.272090E+01 4.587E-03
  2.392751E+01 4.087E-03
  2.519569E+01 3.641E-03
  2.652840E+01 3.244E-03
  2.792889E+01 2.889E-03
  2.940030E+01 2.574E-03
  3.094600E+01 2.292E-03
  3.262607E+01 2.051E-03
  3.439497E+01 1.822E-03
  3.625734E+01 1.619E-03
  3.821803E+01 1.439E-03
  4.028198E+01 1.278E-03
  4.245456E+01 1.136E-03
  4.474133E+01 1.009E-03
  4.714813E+01 8.963E-04
  4.968115E+01 7.962E-04
  5.234680E+01 7.074E-04
    1    0    0    8
     59     64
  1.568620E+00    0.0100
  1.176464E+00 1.736E+00
  1.362010E+00 1.274E+00
  1.567620E+00 9.514E-01
  1.654360E+00 8.495E-01
  1.745930E+00 7.585E-01
  1.842580E+00 6.773E-01
  1.944610E+00 6.047E-01
  2.052300E+00 5.399E-01
  2.165970E+00 4.821E-01
  2.285930E+00 4.304E-01
  2.412540E+00 3.842E-01
  2.546150E+00 3.430E-01
  2.687150E+00 3.062E-01
  2.835930E+00 2.734E-01
  2.992920E+00 2.440E-01
  3.158560E+00 2.178E-01
  3.333310E+00 1.944E-01
  3.517660E+00 1.736E-01
  3.712140E+00 1.549E-01
  3.917270E+00 1.383E-01
  4.133630E+00 1.234E-01
  4.361810E+00 1.101E-01
  4.602460E+00 9.827E-02
  4.856210E+00 8.769E-02
  5.123770E+00 7.825E-02
  5.405870E+00 6.982E-02
  5.703260E+00 6.230E-02
  6.016760E+00 5.558E-02
  6.347200E+00 4.959E-02
  6.695460E+00 4.424E-02
  7.062480E+00 3.947E-02
  7.449220E+00 3.521E-02
  7.856710E+00 3.140E-02
  8.286020E+00 2.801E-02
  8.738260E+00 2.498E-02
  9.214620E+00 2.228E-02
  9.716330E+00 1.987E-02
  1.024470E+01 1.772E-02
  1.080100E+01 1.580E-02
  1.138680E+01 1.409E-02
  1.200340E+01 1.256E-02
  1.265250E+01 1.120E-02
  1.333570E+01 9.984E-03
  1.405460E+01 8.901E-03
  1.481110E+01 7.934E-03
  1.560710E+01 7.072E-03
  1.644440E+01 6.303E-03
  1.732510E+01 5.618E-03
  1.825150E+01 5.006E-03
  1.922560E+01 4.461E-03
  2.024980E+01 3.975E-03
  2.132671E+01 3.542E-03
  2.245860E+01 3.156E-03
  2.364830E+01 2.811E-03
  2.489861E+01 2.504E-03
  2.621240E+01 2.231E-03
  2.759270E+01 1.987E-03
  2.904269E+01 1.770E-03
  3.056570E+01 1.576E-03
  3.222801E+01 1.417E-03
  3.397891E+01 1.259E-03
  3.582301E+01 1.119E-03
  3.776520E+01 9.942E-04
  3.981055E+01 8.835E-04
    1    0    0    9
     64     64
  1.238870E+00    0.0100
  9.291523E-01 2.139E+00
  1.032260E+00 1.653E+00
  1.237870E+00 1.131E+00
  1.305670E+00 1.010E+00
  1.377240E+00 9.017E-01
  1.452780E+00 8.051E-01
  1.532520E+00 7.189E-01
  1.616670E+00 6.418E-01
  1.705490E+00 5.731E-01
  1.799230E+00 5.116E-01
  1.898160E+00 4.568E-01
  2.002570E+00 4.078E-01
  2.112750E+00 3.641E-01
  2.229020E+00 3.250E-01
  2.351710E+00 2.902E-01
  2.481170E+00 2.590E-01
  2.617770E+00 2.312E-01
  2.761900E+00 2.064E-01
  2.913960E+00 1.843E-01
  3.074380E+00 1.645E-01
  3.243610E+00 1.468E-01
  3.422120E+00 1.310E-01
  3.610410E+00 1.169E-01
  3.809010E+00 1.044E-01
  4.018470E+00 9.315E-02
  4.239360E+00 8.313E-02
  4.472290E+00 7.418E-02
  4.717900E+00 6.619E-02
  4.976850E+00 5.907E-02
  5.249870E+00 5.270E-02
  5.537670E+00 4.702E-02
  5.841040E+00 4.196E-02
  6.160800E+00 3.743E-02
  6.497800E+00 3.339E-02
  6.852930E+00 2.979E-02
  7.227150E+00 2.657E-02
  7.621420E+00 2.370E-02
  8.036790E+00 2.114E-02
  8.474350E+00 1.886E-02
  8.935240E+00 1.682E-02
  9.420640E+00 1.500E-02
  9.931810E+00 1.337E-02
  1.047000E+01 1.193E-02
  1.103670E+01 1.063E-02
  1.163330E+01 9.481E-03
  1.226130E+01 8.453E-03
  1.292220E+01 7.536E-03
  1.361780E+01 6.718E-03
  1.434960E+01 5.988E-03
  1.511970E+01 5.337E-03
  1.592970E+01 4.757E-03
  1.678180E+01 4.240E-03
  1.767790E+01 3.778E-03
  1.862030E+01 3.367E-03
  1.961121E+01 3.000E-03
  2.065289E+01 2.673E-03
  2.174789E+01 2.382E-03
  2.289880E+01 2.122E-03
  2.410831E+01 1.890E-03
  2.537920E+01 1.684E-03
  2.671449E+01 1.500E-03
  2.811710E+01 1.336E-03
  2.959030E+01 1.189E-03
  3.113741E+01 1.059E-03
    1    0    0   10
     64     64
  1.003130E+00    0.0100
  7.523475E-01 2.540E+00
  7.965220E-01 2.142E+00
  1.002130E+00 1.322E+00
  1.056560E+00 1.180E+00
  1.113990E+00 1.054E+00
  1.174610E+00 9.409E-01
  1.238580E+00 8.401E-01
  1.306090E+00 7.501E-01
  1.377330E+00 6.697E-01
  1.452520E+00 5.979E-01
  1.531860E+00 5.338E-01
  1.615590E+00 4.766E-01
  1.703950E+00 4.255E-01
  1.797190E+00 3.799E-01
  1.895580E+00 3.391E-01
  1.999400E+00 3.027E-01
  2.108950E+00 2.703E-01
  2.224530E+00 2.413E-01
  2.346490E+00 2.154E-01
  2.475160E+00 1.923E-01
  2.610900E+00 1.716E-01
  2.754110E+00 1.532E-01
  2.905180E+00 1.367E-01
  3.064540E+00 1.220E-01
  3.232630E+00 1.089E-01
  3.409930E+00 9.722E-02
  3.596920E+00 8.677E-02
  3.794130E+00 7.743E-02
  4.002100E+00 6.910E-02
  4.221400E+00 6.167E-02
  4.452630E+00 5.503E-02
  4.696430E+00 4.910E-02
  4.953460E+00 4.381E-02
  5.224420E+00 3.909E-02
  5.510040E+00 3.488E-02
  5.811090E+00 3.112E-02
  6.128370E+00 2.776E-02
  6.462740E+00 2.477E-02
  6.815080E+00 2.209E-02
  7.186320E+00 1.971E-02
  7.577450E+00 1.758E-02
  7.989480E+00 1.568E-02
  8.423500E+00 1.398E-02
  8.880630E+00 1.247E-02
  9.362050E+00 1.112E-02
  9.869000E+00 9.917E-03
  1.040280E+01 8.843E-03
  1.096470E+01 7.885E-03
  1.155630E+01 7.030E-03
  1.217900E+01 6.268E-03
  1.283430E+01 5.587E-03
  1.352400E+01 4.981E-03
  1.424960E+01 4.440E-03
  1.501300E+01 3.957E-03
  1.581610E+01 3.527E-03
  1.666080E+01 3.143E-03
  1.754919E+01 2.801E-03
  1.848340E+01 2.496E-03
  1.946561E+01 2.224E-03
  2.049820E+01 1.982E-03
  2.158369E+01 1.766E-03
  2.272450E+01 1.573E-03
  2.392329E+01 1.401E-03
  2.518300E+01 1.248E-03
    3    0    0    1
     18     62
  2.621111E+01    0.0100
  2.538460E+01 1.488E-01
  2.559120E+01 1.464E-01
  2.579790E+01 1.441E-01
  2.600450E+01 1.418E-01
  2.621010E+01 1.396E-01
  2.778529E+01 1.242E-01
  2.943640E+01 1.105E-01
  3.116690E+01 9.835E-02
  3.298039E+01 8.751E-02
  3.488071E+01 7.786E-02
  3.687190E+01 6.927E-02
  3.895810E+01 6.163E-02
  4.114380E+01 5.483E-02
  4.343340E+01 4.878E-02
  4.583189E+01 4.339E-02
  4.834419E+01 3.860E-02
  5.097560E+01 3.434E-02
  5.373160E+01 3.055E-02
  5.670036E+01 2.705E-02
  5.981003E+01 2.397E-02
  6.306631E+01 2.124E-02
  6.647525E+01 1.881E-02
  7.004305E+01 1.666E-02
  7.377603E+01 1.476E-02
  7.768100E+01 1.307E-02
  8.176480E+01 1.157E-02
  8.603447E+01 1.024E-02
  9.049751E+01 9.070E-03
  9.516158E+01 8.029E-03
  1.000345E+02 7.107E-03
  1.051245E+02 6.290E-03
  1.104400E+02 5.567E-03
  1.159898E+02 4.926E-03
  1.217828E+02 4.359E-03
  1.278287E+02 3.857E-03
  1.341368E+02 3.412E-03
  1.407173E+02 3.019E-03
  1.475804E+02 2.670E-03
  1.547370E+02 2.362E-03
  1.621981E+02 2.089E-03
  1.699750E+02 1.847E-03
  1.780796E+02 1.634E-03
  1.865241E+02 1.444E-03
  1.953211E+02 1.277E-03
  2.044834E+02 1.129E-03
  2.140248E+02 9.982E-04
  2.239589E+02 8.824E-04
  2.343002E+02 7.799E-04
  2.450632E+02 6.893E-04
  2.562634E+02 6.092E-04
  2.679167E+02 5.384E-04
  2.800391E+02 4.758E-04
  2.926475E+02 4.204E-04
  3.057593E+02 3.715E-04
  3.193918E+02 3.282E-04
  3.335645E+02 2.899E-04
  3.482957E+02 2.561E-04
  3.636050E+02 2.263E-04
  3.795132E+02 1.999E-04
  3.960405E+02 1.765E-04
  4.132087E+02 1.559E-04
  4.310403E+02 1.377E-04
    3    0    0    2
     28     64
  1.144760E+01    0.0100
  1.062110E+01 2.727E-01
  1.082770E+01 2.626E-01
  1.103440E+01 2.531E-01
  1.124100E+01 2.441E-01
  1.144660E+01 2.356E-01
  1.212750E+01 2.102E-01
  1.284530E+01 1.875E-01
  1.360200E+01 1.672E-01
  1.439940E+01 1.491E-01
  1.523940E+01 1.330E-01
  1.612410E+01 1.186E-01
  1.705569E+01 1.057E-01
  1.803641E+01 9.420E-02
  1.906841E+01 8.396E-02
  2.015430E+01 7.482E-02
  2.129660E+01 6.667E-02
  2.249789E+01 5.940E-02
  2.376080E+01 5.292E-02
  2.508839E+01 4.714E-02
  2.648351E+01 4.198E-02
  2.794920E+01 3.739E-02
  2.948880E+01 3.329E-02
  3.110561E+01 2.964E-02
  3.280310E+01 2.639E-02
  3.458479E+01 2.349E-02
  3.645461E+01 2.091E-02
  3.841631E+01 1.861E-02
  4.047400E+01 1.656E-02
  4.269182E+01 1.470E-02
  4.502055E+01 1.304E-02
  4.746529E+01 1.157E-02
  5.003127E+01 1.026E-02
  5.272400E+01 9.102E-03
  5.554924E+01 8.073E-03
  5.851295E+01 7.159E-03
  6.162132E+01 6.349E-03
  6.488089E+01 5.630E-03
  6.829834E+01 4.991E-03
  7.188072E+01 4.425E-03
  7.563536E+01 3.923E-03
  7.956979E+01 3.478E-03
  8.369197E+01 3.083E-03
  8.801007E+01 2.733E-03
  9.253271E+01 2.422E-03
  9.726881E+01 2.146E-03
  1.022276E+02 1.902E-03
  1.074188E+02 1.686E-03
  1.128523E+02 1.494E-03
  1.185387E+02 1.323E-03
  1.244886E+02 1.172E-03
  1.307134E+02 1.039E-03
  1.372248E+02 9.201E-04
  1.440349E+02 8.151E-04
  1.511564E+02 7.219E-04
  1.586026E+02 6.394E-04
  1.663868E+02 5.663E-04
  1.745234E+02 5.015E-04
  1.830270E+02 4.441E-04
  1.919132E+02 3.933E-04
  2.011975E+02 3.482E-04
  2.108967E+02 3.083E-04
  2.210277E+02 2.730E-04
  2.316085E+02 2.417E-04
  2.426574E+02 2.139E-04
    3    0    0    3
     37     65
  6.388780E+00    0.0100
  5.562330E+00 4.561E-01
  5.768940E+00 4.245E-01
  5.975550E+00 3.961E-01
  6.182160E+00 3.703E-01
  6.387780E+00 3.471E-01
  6.765040E+00 3.097E-01
  7.162920E+00 2.764E-01
  7.582480E+00 2.466E-01
  8.024820E+00 2.200E-01
  8.491120E+00 1.963E-01
  8.982580E+00 1.751E-01
  9.500500E+00 1.562E-01
  1.004620E+01 1.393E-01
  1.062110E+01 1.243E-01
  1.122670E+01 1.108E-01
  1.186450E+01 9.882E-02
  1.253620E+01 8.812E-02
  1.324340E+01 7.858E-02
  1.398800E+01 7.006E-02
  1.477180E+01 6.246E-02
  1.559670E+01 5.569E-02
  1.646480E+01 4.964E-02
  1.737840E+01 4.425E-02
  1.833949E+01 3.945E-02
  1.935069E+01 3.516E-02
  2.041420E+01 3.134E-02
  2.153290E+01 2.793E-02
  2.270940E+01 2.489E-02
  2.394640E+01 2.218E-02
  2.524710E+01 1.977E-02
  2.661450E+01 1.761E-02
  2.805190E+01 1.569E-02
  2.956281E+01 1.398E-02
  3.115070E+01 1.246E-02
  3.281940E+01 1.110E-02
  3.457280E+01 9.887E-03
  3.641510E+01 8.808E-03
  3.839967E+01 7.810E-03
  4.048602E+01 6.934E-03
  4.267905E+01 6.156E-03
  4.498389E+01 5.464E-03
  4.740590E+01 4.850E-03
  4.995076E+01 4.305E-03
  5.262430E+01 3.821E-03
  5.543263E+01 3.391E-03
  5.838222E+01 3.009E-03
  6.147971E+01 2.670E-03
  6.473209E+01 2.370E-03
  6.814665E+01 2.103E-03
  7.173106E+01 1.866E-03
  7.549329E+01 1.655E-03
  7.944170E+01 1.468E-03
  8.358496E+01 1.303E-03
  8.793208E+01 1.156E-03
  9.249260E+01 1.025E-03
  9.727646E+01 9.092E-04
  1.022939E+02 8.065E-04
  1.075558E+02 7.153E-04
  1.130732E+02 6.344E-04
  1.188581E+02 5.626E-04
  1.249224E+02 4.989E-04
  1.312793E+02 4.424E-04
  1.379419E+02 3.923E-04
  1.449241E+02 3.478E-04
  1.522404E+02 3.084E-04
    3    0    0    4
     45     66
  4.070270E+00    0.0100
  3.243820E+00 7.433E-01
  3.450430E+00 6.575E-01
  3.657040E+00 5.855E-01
  3.863660E+00 5.245E-01
  4.069270E+00 4.726E-01
  4.300930E+00 4.222E-01
  4.545850E+00 3.772E-01
  4.804750E+00 3.369E-01
  5.078400E+00 3.009E-01
  5.367570E+00 2.688E-01
  5.673120E+00 2.400E-01
  5.995910E+00 2.143E-01
  6.336870E+00 1.914E-01
  6.696930E+00 1.709E-01
  7.077120E+00 1.525E-01
  7.478470E+00 1.362E-01
  7.902080E+00 1.215E-01
  8.349080E+00 1.084E-01
  8.820680E+00 9.677E-02
  9.318100E+00 8.634E-02
  9.842660E+00 7.702E-02
  1.039570E+01 6.870E-02
  1.097860E+01 6.128E-02
  1.159290E+01 5.465E-02
  1.224010E+01 4.873E-02
  1.292170E+01 4.344E-02
  1.363950E+01 3.873E-02
  1.439510E+01 3.452E-02
  1.519030E+01 3.076E-02
  1.602699E+01 2.741E-02
  1.690710E+01 2.442E-02
  1.783260E+01 2.176E-02
  1.880560E+01 1.938E-02
  1.982820E+01 1.726E-02
  2.090260E+01 1.537E-02
  2.203120E+01 1.368E-02
  2.321620E+01 1.218E-02
  2.446030E+01 1.084E-02
  2.576601E+01 9.650E-03
  2.713580E+01 8.587E-03
  2.857260E+01 7.640E-03
  3.007919E+01 6.796E-03
  3.165840E+01 6.045E-03
  3.187030E+01 5.953E-03
  3.373869E+01 5.300E-03
  3.556689E+01 4.694E-03
  3.748953E+01 4.168E-03
  3.951125E+01 3.701E-03
  4.163690E+01 3.286E-03
  4.387161E+01 2.918E-03
  4.622064E+01 2.591E-03
  4.868967E+01 2.300E-03
  5.128450E+01 2.042E-03
  5.401125E+01 1.812E-03
  5.687628E+01 1.609E-03
  5.988634E+01 1.428E-03
  6.304842E+01 1.268E-03
  6.636984E+01 1.125E-03
  6.985837E+01 9.985E-04
  7.352187E+01 8.861E-04
  7.736877E+01 7.864E-04
  8.140793E+01 6.979E-04
  8.564845E+01 6.193E-04
  9.009984E+01 5.495E-04
  9.477234E+01 4.876E-04
  9.967632E+01 4.326E-04
    3    0    0    5
     51     66
  2.818200E+00    0.0100
  2.113649E+00 1.101E+00
  2.198370E+00 1.010E+00
  2.404980E+00 8.431E-01
  2.611590E+00 7.137E-01
  2.817200E+00 6.119E-01
  2.976220E+00 5.466E-01
  3.144220E+00 4.882E-01
  3.321700E+00 4.360E-01
  3.509190E+00 3.894E-01
  3.707210E+00 3.477E-01
  3.916350E+00 3.105E-01
  4.137220E+00 2.773E-01
  4.370430E+00 2.476E-01
  4.616660E+00 2.210E-01
  4.876610E+00 1.973E-01
  5.151010E+00 1.762E-01
  5.440620E+00 1.573E-01
  5.746260E+00 1.404E-01
  6.068760E+00 1.253E-01
  6.409020E+00 1.118E-01
  6.767960E+00 9.979E-02
  7.146550E+00 8.905E-02
  7.545820E+00 7.946E-02
  7.966840E+00 7.090E-02
  8.410720E+00 6.325E-02
  8.878620E+00 5.643E-02
  9.371790E+00 5.033E-02
  9.891490E+00 4.490E-02
  1.043910E+01 4.004E-02
  1.101590E+01 3.571E-02
  1.162350E+01 3.184E-02
  1.226340E+01 2.839E-02
  1.293710E+01 2.531E-02
  1.364640E+01 2.257E-02
  1.439290E+01 2.012E-02
  1.517850E+01 1.793E-02
  1.600520E+01 1.598E-02
  1.687480E+01 1.424E-02
  1.778940E+01 1.269E-02
  1.875121E+01 1.131E-02
  1.976241E+01 1.007E-02
  2.082539E+01 8.974E-03
  2.194260E+01 7.994E-03
  2.311639E+01 7.120E-03
  2.434970E+01 6.341E-03
  2.564510E+01 5.647E-03
  2.700540E+01 5.028E-03
  2.843359E+01 4.476E-03
  2.993291E+01 3.985E-03
  3.061819E+01 3.785E-03
  3.152150E+01 3.559E-03
  3.323744E+01 3.177E-03
  3.504364E+01 2.822E-03
  3.694473E+01 2.507E-03
  3.894550E+01 2.227E-03
  4.105101E+01 1.978E-03
  4.326657E+01 1.757E-03
  4.559773E+01 1.561E-03
  4.805032E+01 1.387E-03
  5.063049E+01 1.231E-03
  5.334465E+01 1.094E-03
  5.619946E+01 9.714E-04
  5.920203E+01 8.627E-04
  6.235982E+01 7.662E-04
  6.568048E+01 6.804E-04
  6.917218E+01 6.042E-04
    3    0    0    6
     55     65
  2.066180E+00    0.0100
  1.549635E+00 1.391E+00
  1.652960E+00 1.204E+00
  1.859570E+00 9.469E-01
  2.065180E+00 7.637E-01
  2.181740E+00 6.819E-01
  2.304790E+00 6.088E-01
  2.434660E+00 5.436E-01
  2.571750E+00 4.853E-01
  2.716430E+00 4.333E-01
  2.869120E+00 3.868E-01
  3.030250E+00 3.453E-01
  3.200270E+00 3.082E-01
  3.379660E+00 2.752E-01
  3.568930E+00 2.456E-01
  3.768610E+00 2.192E-01
  3.979250E+00 1.957E-01
  4.201440E+00 1.746E-01
  4.435800E+00 1.559E-01
  4.682960E+00 1.391E-01
  4.943630E+00 1.241E-01
  5.218500E+00 1.108E-01
  5.508330E+00 9.886E-02
  5.813920E+00 8.821E-02
  6.136090E+00 7.871E-02
  6.475710E+00 7.023E-02
  6.833710E+00 6.266E-02
  7.211050E+00 5.590E-02
  7.608740E+00 4.988E-02
  8.027840E+00 4.449E-02
  8.469470E+00 3.969E-02
  8.934810E+00 3.541E-02
  9.425070E+00 3.158E-02
  9.941560E+00 2.817E-02
  1.048560E+01 2.513E-02
  1.105870E+01 2.241E-02
  1.166230E+01 1.999E-02
  1.229790E+01 1.782E-02
  1.296730E+01 1.590E-02
  1.367210E+01 1.417E-02
  1.441410E+01 1.264E-02
  1.519530E+01 1.127E-02
  1.601759E+01 1.005E-02
  1.688319E+01 8.959E-03
  1.779410E+01 7.988E-03
  1.875281E+01 7.121E-03
  1.976160E+01 6.348E-03
  2.082300E+01 5.659E-03
  2.193961E+01 5.044E-03
  2.311440E+01 4.496E-03
  2.435001E+01 4.007E-03
  2.564970E+01 3.572E-03
  2.701649E+01 3.183E-03
  2.845380E+01 2.837E-03
  2.996510E+01 2.528E-03
  3.155409E+01 2.253E-03
  3.327710E+01 2.010E-03
  3.509195E+01 1.786E-03
  3.700328E+01 1.587E-03
  3.901625E+01 1.410E-03
  4.113603E+01 1.253E-03
  4.336824E+01 1.114E-03
  4.571860E+01 9.895E-04
  4.819328E+01 8.792E-04
  5.079868E+01 7.812E-04
  5.354149E+01 6.941E-04
    3    0    0    7
     59     64
  1.579450E+00    0.0100
  1.184587E+00 1.686E+00
  1.372840E+00 1.238E+00
  1.578450E+00 9.275E-01
  1.666340E+00 8.282E-01
  1.759130E+00 7.395E-01
  1.857070E+00 6.603E-01
  1.960460E+00 5.895E-01
  2.069580E+00 5.264E-01
  2.184760E+00 4.700E-01
  2.306310E+00 4.196E-01
  2.434600E+00 3.746E-01
  2.569990E+00 3.344E-01
  2.712860E+00 2.985E-01
  2.863610E+00 2.665E-01
  3.022690E+00 2.379E-01
  3.190520E+00 2.124E-01
  3.367590E+00 1.896E-01
  3.554390E+00 1.692E-01
  3.751460E+00 1.510E-01
  3.959320E+00 1.348E-01
  4.178580E+00 1.203E-01
  4.409830E+00 1.074E-01
  4.653710E+00 9.583E-02
  4.910900E+00 8.552E-02
  5.182100E+00 7.631E-02
  5.468060E+00 6.810E-02
  5.769550E+00 6.077E-02
  6.087410E+00 5.422E-02
  6.422480E+00 4.838E-02
  6.775670E+00 4.316E-02
  7.147940E+00 3.851E-02
  7.540280E+00 3.436E-02
  7.953750E+00 3.065E-02
  8.389430E+00 2.734E-02
  8.848490E+00 2.439E-02
  9.332140E+00 2.175E-02
  9.841650E+00 1.940E-02
  1.037840E+01 1.731E-02
  1.094370E+01 1.544E-02
  1.153900E+01 1.377E-02
  1.216600E+01 1.228E-02
  1.282620E+01 1.095E-02
  1.352130E+01 9.761E-03
  1.425310E+01 8.704E-03
  1.502350E+01 7.760E-03
  1.583430E+01 6.919E-03
  1.668770E+01 6.168E-03
  1.758580E+01 5.499E-03
  1.853090E+01 4.902E-03
  1.952521E+01 4.370E-03
  2.057120E+01 3.895E-03
  2.167160E+01 3.471E-03
  2.282899E+01 3.094E-03
  2.404620E+01 2.757E-03
  2.532629E+01 2.457E-03
  2.667220E+01 2.190E-03
  2.808720E+01 1.951E-03
  2.957480E+01 1.738E-03
  3.113840E+01 1.549E-03
  3.284084E+01 1.388E-03
  3.463461E+01 1.234E-03
  3.652449E+01 1.096E-03
  3.851553E+01 9.745E-04
  4.061305E+01 8.661E-04
    3    0    0    8
     64     64
  1.246450E+00    0.0100
  9.348378E-01 2.079E+00
  1.039840E+00 1.605E+00
  1.245450E+00 1.103E+00
  1.314040E+00 9.849E-01
  1.386440E+00 8.794E-01
  1.462860E+00 7.852E-01
  1.543520E+00 7.011E-01
  1.628660E+00 6.260E-01
  1.718510E+00 5.589E-01
  1.813340E+00 4.990E-01
  1.913430E+00 4.455E-01
  2.019050E+00 3.977E-01
  2.130520E+00 3.551E-01
  2.248150E+00 3.170E-01
  2.372270E+00 2.830E-01
  2.503240E+00 2.526E-01
  2.641440E+00 2.255E-01
  2.787260E+00 2.013E-01
  2.941100E+00 1.797E-01
  3.103400E+00 1.604E-01
  3.274630E+00 1.432E-01
  3.455250E+00 1.278E-01
  3.645780E+00 1.141E-01
  3.846750E+00 1.018E-01
  4.058720E+00 9.087E-02
  4.282270E+00 8.110E-02
  4.518030E+00 7.238E-02
  4.766640E+00 6.459E-02
  5.028790E+00 5.764E-02
  5.305200E+00 5.143E-02
  5.596620E+00 4.590E-02
  5.903850E+00 4.095E-02
  6.227720E+00 3.654E-02
  6.569100E+00 3.260E-02
  6.928920E+00 2.909E-02
  7.308140E+00 2.595E-02
  7.707770E+00 2.315E-02
  8.128870E+00 2.065E-02
  8.572580E+00 1.842E-02
  9.040050E+00 1.643E-02
  9.532520E+00 1.466E-02
  1.005130E+01 1.307E-02
  1.059770E+01 1.166E-02
  1.117310E+01 1.040E-02
  1.177910E+01 9.272E-03
  1.241730E+01 8.268E-03
  1.308910E+01 7.373E-03
  1.379650E+01 6.574E-03
  1.454100E+01 5.861E-03
  1.532480E+01 5.226E-03
  1.614960E+01 4.659E-03
  1.701770E+01 4.153E-03
  1.793111E+01 3.702E-03
  1.889211E+01 3.300E-03
  1.990300E+01 2.941E-03
  2.096651E+01 2.622E-03
  2.208501E+01 2.336E-03
  2.326140E+01 2.082E-03
  2.449831E+01 1.855E-03
  2.579890E+01 1.653E-03
  2.716620E+01 1.473E-03
  2.860350E+01 1.313E-03
  3.011430E+01 1.169E-03
  3.170190E+01 1.042E-03
    3    0    0    9
     64     64
  1.008650E+00    0.0100
  7.564874E-01 2.471E+00
  8.020390E-01 2.079E+00
  1.007650E+00 1.289E+00
  1.062680E+00 1.151E+00
  1.120770E+00 1.028E+00
  1.182060E+00 9.175E-01
  1.246750E+00 8.192E-01
  1.315020E+00 7.314E-01
  1.387070E+00 6.530E-01
  1.463110E+00 5.830E-01
  1.543350E+00 5.205E-01
  1.628030E+00 4.647E-01
  1.717390E+00 4.149E-01
  1.811690E+00 3.704E-01
  1.911200E+00 3.307E-01
  2.016200E+00 2.952E-01
  2.126990E+00 2.635E-01
  2.243890E+00 2.353E-01
  2.367230E+00 2.100E-01
  2.497360E+00 1.875E-01
  2.634660E+00 1.674E-01
  2.779510E+00 1.494E-01
  2.932310E+00 1.333E-01
  3.093500E+00 1.190E-01
  3.263530E+00 1.062E-01
  3.442880E+00 9.482E-02
  3.632050E+00 8.463E-02
  3.831570E+00 7.553E-02
  4.041980E+00 6.741E-02
  4.263880E+00 6.016E-02
  4.497870E+00 5.369E-02
  4.744600E+00 4.791E-02
  5.004740E+00 4.275E-02
  5.279020E+00 3.815E-02
  5.568170E+00 3.404E-02
  5.872980E+00 3.037E-02
  6.194280E+00 2.710E-02
  6.532930E+00 2.418E-02
  6.889850E+00 2.157E-02
  7.265980E+00 1.924E-02
  7.662350E+00 1.717E-02
  8.079980E+00 1.531E-02
  8.520010E+00 1.366E-02
  8.983570E+00 1.218E-02
  9.471900E+00 1.087E-02
  9.986270E+00 9.692E-03
  1.052800E+01 8.643E-03
  1.109850E+01 7.708E-03
  1.169930E+01 6.874E-03
  1.233190E+01 6.130E-03
  1.299790E+01 5.466E-03
  1.369910E+01 4.873E-03
  1.443710E+01 4.345E-03
  1.521390E+01 3.874E-03
  1.603140E+01 3.453E-03
  1.689160E+01 3.078E-03
  1.779680E+01 2.744E-03
  1.874910E+01 2.446E-03
  1.975079E+01 2.180E-03
  2.080460E+01 1.943E-03
  2.191280E+01 1.732E-03
  2.307820E+01 1.543E-03
  2.430360E+01 1.375E-03
  2.559200E+01 1.225E-03
    1    2    0    1
     44     60
  1.111040E+01    0.0100
  1.028400E+01 2.348E-01
  1.049060E+01 2.194E-01
  1.069720E+01 2.053E-01
  1.090380E+01 1.922E-01
  1.110940E+01 1.803E-01
  1.151630E+01 1.592E-01
  1.193650E+01 1.406E-01
  1.237030E+01 1.242E-01
  1.281810E+01 1.096E-01
  1.328040E+01 9.679E-02
  1.375750E+01 8.545E-02
  1.424970E+01 7.543E-02
  1.475760E+01 6.658E-02
  1.528150E+01 5.876E-02
  1.582180E+01 5.186E-02
  1.637900E+01 4.577E-02
  1.695360E+01 4.038E-02
  1.754590E+01 3.563E-02
  1.815649E+01 3.144E-02
  1.878590E+01 2.774E-02
  1.943440E+01 2.447E-02
  2.010260E+01 2.158E-02
  2.079100E+01 1.904E-02
  2.150011E+01 1.679E-02
  2.223050E+01 1.481E-02
  2.298260E+01 1.306E-02
  2.375700E+01 1.151E-02
  2.455431E+01 1.015E-02
  2.537489E+01 8.951E-03
  2.621960E+01 7.891E-03
  2.708881E+01 6.957E-03
  2.798331E+01 6.132E-03
  2.890350E+01 5.405E-03
  2.985010E+01 4.764E-03
  3.082370E+01 4.199E-03
  3.182500E+01 3.700E-03
  3.285471E+01 3.260E-03
  3.391330E+01 2.873E-03
  3.500160E+01 2.531E-03
  3.612030E+01 2.230E-03
  3.727010E+01 1.965E-03
  3.845160E+01 1.731E-03
  3.966570E+01 1.525E-03
  4.091299E+01 1.343E-03
  4.221954E+01 1.184E-03
  4.356300E+01 1.042E-03
  4.494426E+01 9.158E-04
  4.636427E+01 8.053E-04
  4.782404E+01 7.081E-04
  4.932448E+01 6.225E-04
  5.086664E+01 5.473E-04
  5.245154E+01 4.812E-04
  5.408026E+01 4.230E-04
  5.575386E+01 3.719E-04
  5.747345E+01 3.269E-04
  5.924016E+01 2.874E-04
  6.105510E+01 2.526E-04
  6.291946E+01 2.220E-04
  6.483446E+01 1.952E-04
  6.680130E+01 1.715E-04
    1    2    0    2
     51     60
  6.249580E+00    0.0100
  5.423130E+00 5.271E-01
  5.629740E+00 4.761E-01
  5.836360E+00 4.313E-01
  6.042970E+00 3.918E-01
  6.248580E+00 3.569E-01
  6.529460E+00 3.156E-01
  6.820310E+00 2.791E-01
  7.121410E+00 2.468E-01
  7.433080E+00 2.182E-01
  7.755610E+00 1.928E-01
  8.089330E+00 1.705E-01
  8.434560E+00 1.507E-01
  8.791640E+00 1.332E-01
  9.160900E+00 1.177E-01
  9.542680E+00 1.040E-01
  9.937370E+00 9.187E-02
  1.034530E+01 8.116E-02
  1.076690E+01 7.170E-02
  1.120250E+01 6.334E-02
  1.165250E+01 5.594E-02
  1.211730E+01 4.941E-02
  1.259740E+01 4.364E-02
  1.309310E+01 3.853E-02
  1.360490E+01 3.403E-02
  1.413330E+01 3.004E-02
  1.467860E+01 2.653E-02
  1.524140E+01 2.342E-02
  1.582220E+01 2.067E-02
  1.642130E+01 1.825E-02
  1.703940E+01 1.611E-02
  1.767700E+01 1.422E-02
  1.833450E+01 1.255E-02
  1.901260E+01 1.107E-02
  1.971170E+01 9.771E-03
  2.043240E+01 8.621E-03
  2.117529E+01 7.607E-03
  2.194099E+01 6.711E-03
  2.273019E+01 5.921E-03
  2.354330E+01 5.223E-03
  2.438110E+01 4.608E-03
  2.524420E+01 4.064E-03
  2.613330E+01 3.585E-03
  2.704910E+01 3.162E-03
  2.799210E+01 2.789E-03
  2.896330E+01 2.459E-03
  2.996320E+01 2.169E-03
  3.099271E+01 1.912E-03
  3.205240E+01 1.686E-03
  3.314320E+01 1.487E-03
  3.404961E+01 1.343E-03
  3.591750E+01 1.097E-03
  3.713843E+01 9.622E-04
  3.839473E+01 8.462E-04
  3.968729E+01 7.443E-04
  4.101697E+01 6.545E-04
  4.238470E+01 5.756E-04
  4.379144E+01 5.062E-04
  4.523814E+01 4.451E-04
  4.672577E+01 3.913E-04
  4.825533E+01 3.441E-04
    1    2    0    3
     56     59
  3.999780E+00    0.0100
  3.173340E+00 9.418E-01
  3.379950E+00 8.085E-01
  3.586560E+00 6.993E-01
  3.793170E+00 6.089E-01
  3.998780E+00 5.337E-01
  4.194490E+00 4.731E-01
  4.398230E+00 4.194E-01
  4.610260E+00 3.717E-01
  4.830840E+00 3.293E-01
  5.060250E+00 2.918E-01
  5.298740E+00 2.585E-01
  5.546610E+00 2.289E-01
  5.804140E+00 2.027E-01
  6.071610E+00 1.795E-01
  6.349340E+00 1.589E-01
  6.637610E+00 1.406E-01
  6.936740E+00 1.245E-01
  7.247040E+00 1.101E-01
  7.568840E+00 9.744E-02
  7.902470E+00 8.620E-02
  8.248260E+00 7.625E-02
  8.606550E+00 6.743E-02
  8.977700E+00 5.963E-02
  9.362060E+00 5.272E-02
  9.759980E+00 4.661E-02
  1.017190E+01 4.120E-02
  1.059800E+01 3.641E-02
  1.103890E+01 3.218E-02
  1.149490E+01 2.843E-02
  1.196640E+01 2.512E-02
  1.245380E+01 2.219E-02
  1.295750E+01 1.960E-02
  1.347790E+01 1.731E-02
  1.401550E+01 1.529E-02
  1.457070E+01 1.350E-02
  1.514390E+01 1.192E-02
  1.573570E+01 1.052E-02
  1.634641E+01 9.288E-03
  1.697650E+01 8.198E-03
  1.762660E+01 7.234E-03
  1.829700E+01 6.384E-03
  1.898830E+01 5.633E-03
  1.970110E+01 4.969E-03
  2.043570E+01 4.384E-03
  2.119279E+01 3.867E-03
  2.197290E+01 3.411E-03
  2.277640E+01 3.008E-03
  2.360400E+01 2.652E-03
  2.439980E+01 2.358E-03
  2.525720E+01 2.093E-03
  2.640041E+01 1.794E-03
  2.751570E+01 1.553E-03
  2.860381E+01 1.357E-03
  2.966580E+01 1.195E-03
  3.171429E+01 9.429E-04
  3.366769E+01 7.587E-04
  3.485408E+01 6.600E-04
  3.607620E+01 5.807E-04
  3.733499E+01 5.110E-04
    1    2    0    4
     62     62
  2.777620E+00    0.0100
  2.083215E+00 1.404E+00
  2.157780E+00 1.285E+00
  2.364390E+00 1.042E+00
  2.571010E+00 8.576E-01
  2.776620E+00 7.156E-01
  2.919040E+00 6.354E-01
  3.067810E+00 5.642E-01
  3.223160E+00 5.008E-01
  3.385320E+00 4.445E-01
  3.554520E+00 3.944E-01
  3.731010E+00 3.499E-01
  3.915050E+00 3.104E-01
  4.106860E+00 2.753E-01
  4.306740E+00 2.441E-01
  4.514920E+00 2.164E-01
  4.731700E+00 1.919E-01
  4.957340E+00 1.701E-01
  5.192130E+00 1.507E-01
  5.436360E+00 1.335E-01
  5.690330E+00 1.183E-01
  5.954350E+00 1.048E-01
  6.228710E+00 9.280E-02
  6.513730E+00 8.218E-02
  6.809750E+00 7.276E-02
  7.117090E+00 6.441E-02
  7.436080E+00 5.701E-02
  7.767070E+00 5.045E-02
  8.110400E+00 4.464E-02
  8.466440E+00 3.950E-02
  8.835560E+00 3.494E-02
  9.218110E+00 3.091E-02
  9.614480E+00 2.733E-02
  1.002510E+01 2.417E-02
  1.045020E+01 2.137E-02
  1.089040E+01 1.889E-02
  1.134600E+01 1.670E-02
  1.181740E+01 1.476E-02
  1.230510E+01 1.304E-02
  1.280950E+01 1.152E-02
  1.333100E+01 1.018E-02
  1.387000E+01 8.994E-03
  1.442710E+01 7.945E-03
  1.500270E+01 7.017E-03
  1.559730E+01 6.196E-03
  1.621130E+01 5.471E-03
  1.684520E+01 4.830E-03
  1.749960E+01 4.264E-03
  1.817500E+01 3.764E-03
  1.887180E+01 3.322E-03
  1.959061E+01 2.932E-03
  2.033200E+01 2.587E-03
  2.109641E+01 2.282E-03
  2.188451E+01 2.014E-03
  2.269670E+01 1.776E-03
  2.353371E+01 1.567E-03
  2.439610E+01 1.382E-03
  2.528439E+01 1.219E-03
  2.619920E+01 1.075E-03
  2.714120E+01 9.475E-04
  2.811099E+01 8.353E-04
  2.910921E+01 7.364E-04
  3.013651E+01 6.491E-04
    1    2    0    5
     61     61
  2.040720E+00    0.0100
  1.530540E+00 1.754E+00
  1.627500E+00 1.507E+00
  1.834110E+00 1.153E+00
  2.039720E+00 9.054E-01
  2.147740E+00 8.049E-01
  2.260840E+00 7.154E-01
  2.379210E+00 6.357E-01
  2.503040E+00 5.648E-01
  2.632540E+00 5.018E-01
  2.767930E+00 4.457E-01
  2.909410E+00 3.958E-01
  3.057210E+00 3.514E-01
  3.211560E+00 3.119E-01
  3.372690E+00 2.769E-01
  3.540840E+00 2.457E-01
  3.716250E+00 2.180E-01
  3.899180E+00 1.934E-01
  4.089890E+00 1.716E-01
  4.288640E+00 1.521E-01
  4.495690E+00 1.349E-01
  4.711320E+00 1.196E-01
  4.935820E+00 1.060E-01
  5.169480E+00 9.397E-02
  5.412590E+00 8.327E-02
  5.665460E+00 7.378E-02
  5.928380E+00 6.537E-02
  6.201690E+00 5.790E-02
  6.485700E+00 5.128E-02
  6.780750E+00 4.541E-02
  7.087170E+00 4.020E-02
  7.405300E+00 3.559E-02
  7.735510E+00 3.150E-02
  8.078140E+00 2.788E-02
  8.433570E+00 2.467E-02
  8.802180E+00 2.183E-02
  9.184330E+00 1.931E-02
  9.580430E+00 1.708E-02
  9.990880E+00 1.511E-02
  1.041610E+01 1.336E-02
  1.085640E+01 1.181E-02
  1.131240E+01 1.045E-02
  1.178440E+01 9.233E-03
  1.227280E+01 8.161E-03
  1.277810E+01 7.213E-03
  1.330090E+01 6.374E-03
  1.384140E+01 5.632E-03
  1.440030E+01 4.976E-03
  1.497790E+01 4.395E-03
  1.557490E+01 3.882E-03
  1.619160E+01 3.429E-03
  1.682860E+01 3.028E-03
  1.748650E+01 2.674E-03
  1.816570E+01 2.360E-03
  1.886681E+01 2.084E-03
  1.959030E+01 1.839E-03
  2.033690E+01 1.623E-03
  2.110699E+01 1.433E-03
  2.190131E+01 1.264E-03
  2.272040E+01 1.116E-03
  2.356480E+01 9.842E-04
  2.443510E+01 8.682E-04
    1    2    0    6
     61     61
  1.562440E+00    0.0100
  1.171829E+00 2.101E+00
  1.355830E+00 1.512E+00
  1.561440E+00 1.104E+00
  1.644150E+00 9.827E-01
  1.730970E+00 8.746E-01
  1.822080E+00 7.782E-01
  1.917650E+00 6.924E-01
  2.017870E+00 6.159E-01
  2.122930E+00 5.477E-01
  2.233030E+00 4.871E-01
  2.348350E+00 4.330E-01
  2.469120E+00 3.849E-01
  2.595540E+00 3.421E-01
  2.727830E+00 3.040E-01
  2.866210E+00 2.701E-01
  3.010910E+00 2.399E-01
  3.162160E+00 2.130E-01
  3.320200E+00 1.892E-01
  3.485290E+00 1.680E-01
  3.657660E+00 1.491E-01
  3.837570E+00 1.323E-01
  4.025300E+00 1.174E-01
  4.221100E+00 1.042E-01
  4.425260E+00 9.239E-02
  4.638050E+00 8.194E-02
  4.859760E+00 7.266E-02
  5.090680E+00 6.442E-02
  5.331120E+00 5.710E-02
  5.581380E+00 5.061E-02
  5.841760E+00 4.485E-02
  6.112590E+00 3.973E-02
  6.394190E+00 3.520E-02
  6.686900E+00 3.117E-02
  6.991040E+00 2.761E-02
  7.306970E+00 2.444E-02
  7.635030E+00 2.164E-02
  7.975580E+00 1.915E-02
  8.328980E+00 1.695E-02
  8.695610E+00 1.500E-02
  9.075830E+00 1.327E-02
  9.470040E+00 1.174E-02
  9.878620E+00 1.038E-02
  1.030200E+01 9.183E-03
  1.074050E+01 8.120E-03
  1.119460E+01 7.179E-03
  1.166480E+01 6.346E-03
  1.215130E+01 5.609E-03
  1.265470E+01 4.957E-03
  1.317550E+01 4.380E-03
  1.371390E+01 3.870E-03
  1.427060E+01 3.419E-03
  1.484600E+01 3.020E-03
  1.544050E+01 2.667E-03
  1.605460E+01 2.355E-03
  1.668880E+01 2.079E-03
  1.734370E+01 1.836E-03
  1.801961E+01 1.621E-03
  1.871710E+01 1.430E-03
  1.943680E+01 1.262E-03
  2.017909E+01 1.114E-03
  2.094450E+01 9.828E-04
    1    2    0    7
     61     61
  1.234530E+00    0.0100
  9.258978E-01 2.565E+00
  1.027920E+00 1.960E+00
  1.233530E+00 1.313E+00
  1.299040E+00 1.170E+00
  1.367910E+00 1.042E+00
  1.440290E+00 9.277E-01
  1.516340E+00 8.261E-01
  1.596220E+00 7.354E-01
  1.680090E+00 6.546E-01
  1.768130E+00 5.826E-01
  1.860510E+00 5.184E-01
  1.957420E+00 4.612E-01
  2.059040E+00 4.103E-01
  2.165580E+00 3.649E-01
  2.277210E+00 3.245E-01
  2.394160E+00 2.885E-01
  2.516630E+00 2.564E-01
  2.644830E+00 2.279E-01
  2.778990E+00 2.025E-01
  2.919340E+00 1.799E-01
  3.066100E+00 1.598E-01
  3.219520E+00 1.420E-01
  3.379830E+00 1.261E-01
  3.547290E+00 1.119E-01
  3.722160E+00 9.934E-02
  3.904690E+00 8.817E-02
  4.095150E+00 7.824E-02
  4.293820E+00 6.941E-02
  4.500980E+00 6.157E-02
  4.716910E+00 5.461E-02
  4.941900E+00 4.842E-02
  5.176260E+00 4.293E-02
  5.420280E+00 3.806E-02
  5.674270E+00 3.373E-02
  5.938560E+00 2.989E-02
  6.213460E+00 2.648E-02
  6.499300E+00 2.346E-02
  6.796420E+00 2.078E-02
  7.105170E+00 1.840E-02
  7.425880E+00 1.629E-02
  7.758910E+00 1.442E-02
  8.104630E+00 1.277E-02
  8.463400E+00 1.130E-02
  8.835600E+00 9.998E-03
  9.221600E+00 8.845E-03
  9.621800E+00 7.825E-03
  1.003660E+01 6.921E-03
  1.046640E+01 6.120E-03
  1.091150E+01 5.412E-03
  1.137260E+01 4.785E-03
  1.184980E+01 4.229E-03
  1.234370E+01 3.738E-03
  1.285470E+01 3.303E-03
  1.338320E+01 2.919E-03
  1.392980E+01 2.579E-03
  1.449480E+01 2.278E-03
  1.507870E+01 2.012E-03
  1.568200E+01 1.777E-03
  1.630510E+01 1.569E-03
  1.694870E+01 1.385E-03
  1.761310E+01 1.223E-03
    1    2    0    8
     61     61
  9.999740E-01    0.0100
  7.499805E-01 3.015E+00
  7.933630E-01 2.531E+00
  9.989740E-01 1.531E+00
  1.052000E+00 1.365E+00
  1.107810E+00 1.216E+00
  1.166530E+00 1.084E+00
  1.228290E+00 9.655E-01
  1.293240E+00 8.601E-01
  1.361530E+00 7.661E-01
  1.433290E+00 6.823E-01
  1.508700E+00 6.075E-01
  1.587910E+00 5.409E-01
  1.671080E+00 4.815E-01
  1.758390E+00 4.285E-01
  1.850020E+00 3.813E-01
  1.946150E+00 3.393E-01
  2.046960E+00 3.018E-01
  2.152650E+00 2.685E-01
  2.263420E+00 2.387E-01
  2.379470E+00 2.123E-01
  2.501010E+00 1.887E-01
  2.628260E+00 1.677E-01
  2.761440E+00 1.490E-01
  2.900780E+00 1.324E-01
  3.046500E+00 1.176E-01
  3.198860E+00 1.045E-01
  3.358090E+00 9.279E-02
  3.524440E+00 8.239E-02
  3.698160E+00 7.314E-02
  3.879530E+00 6.492E-02
  4.068810E+00 5.761E-02
  4.266280E+00 5.111E-02
  4.472200E+00 4.534E-02
  4.686880E+00 4.022E-02
  4.910600E+00 3.567E-02
  5.143660E+00 3.162E-02
  5.386370E+00 2.803E-02
  5.639030E+00 2.485E-02
  5.901970E+00 2.202E-02
  6.175500E+00 1.951E-02
  6.459970E+00 1.729E-02
  6.755690E+00 1.531E-02
  7.063020E+00 1.356E-02
  7.382310E+00 1.201E-02
  7.713900E+00 1.063E-02
  8.058170E+00 9.410E-03
  8.415470E+00 8.328E-03
  8.786200E+00 7.370E-03
  9.170720E+00 6.521E-03
  9.569420E+00 5.769E-03
  9.982710E+00 5.102E-03
  1.041100E+01 4.512E-03
  1.085460E+01 3.990E-03
  1.131410E+01 3.528E-03
  1.178980E+01 3.119E-03
  1.228220E+01 2.757E-03
  1.279160E+01 2.436E-03
  1.331860E+01 2.153E-03
  1.386360E+01 1.902E-03
  1.442700E+01 1.680E-03
  1.500940E+01 1.484E-03
    3    2    0    1
     44     60
  1.111670E+01    0.0100
  1.029030E+01 2.367E-01
  1.049690E+01 2.212E-01
  1.070350E+01 2.070E-01
  1.091010E+01 1.939E-01
  1.111570E+01 1.819E-01
  1.152480E+01 1.606E-01
  1.194720E+01 1.418E-01
  1.238320E+01 1.252E-01
  1.283320E+01 1.106E-01
  1.329770E+01 9.762E-02
  1.377690E+01 8.618E-02
  1.427140E+01 7.608E-02
  1.478150E+01 6.715E-02
  1.530770E+01 5.927E-02
  1.585040E+01 5.231E-02
  1.641010E+01 4.617E-02
  1.698720E+01 4.074E-02
  1.758211E+01 3.595E-02
  1.819550E+01 3.172E-02
  1.882780E+01 2.799E-02
  1.947940E+01 2.470E-02
  2.015100E+01 2.179E-02
  2.084290E+01 1.922E-02
  2.155589E+01 1.695E-02
  2.229030E+01 1.496E-02
  2.304691E+01 1.319E-02
  2.382620E+01 1.163E-02
  2.462869E+01 1.026E-02
  2.545509E+01 9.049E-03
  2.630600E+01 7.980E-03
  2.718201E+01 7.036E-03
  2.808380E+01 6.204E-03
  2.901199E+01 5.470E-03
  2.996730E+01 4.823E-03
  3.095050E+01 4.252E-03
  3.196220E+01 3.748E-03
  3.300310E+01 3.304E-03
  3.407401E+01 2.913E-03
  3.517560E+01 2.567E-03
  3.630870E+01 2.263E-03
  3.747411E+01 1.994E-03
  3.867261E+01 1.758E-03
  3.990500E+01 1.549E-03
  4.117220E+01 1.365E-03
  4.249741E+01 1.202E-03
  4.386053E+01 1.057E-03
  4.526263E+01 9.295E-04
  4.670459E+01 8.175E-04
  4.818747E+01 7.189E-04
  4.971231E+01 6.322E-04
  5.128018E+01 5.559E-04
  5.289214E+01 4.888E-04
  5.454932E+01 4.298E-04
  5.625284E+01 3.779E-04
  5.800386E+01 3.323E-04
  5.980356E+01 2.922E-04
  6.165317E+01 2.569E-04
  6.355392E+01 2.258E-04
  6.550708E+01 1.985E-04
  6.751396E+01 1.745E-04
    3    2    0    2
     51     60
  6.252980E+00    0.0100
  5.426530E+00 5.315E-01
  5.633150E+00 4.802E-01
  5.839760E+00 4.351E-01
  6.046370E+00 3.953E-01
  6.251980E+00 3.602E-01
  6.533840E+00 3.185E-01
  6.825680E+00 2.817E-01
  7.127800E+00 2.490E-01
  7.440490E+00 2.202E-01
  7.764080E+00 1.946E-01
  8.098900E+00 1.720E-01
  8.445260E+00 1.521E-01
  8.803500E+00 1.344E-01
  9.173980E+00 1.188E-01
  9.557050E+00 1.050E-01
  9.953070E+00 9.274E-02
  1.036240E+01 8.193E-02
  1.078550E+01 7.239E-02
  1.122270E+01 6.395E-02
  1.167440E+01 5.649E-02
  1.214100E+01 4.989E-02
  1.262290E+01 4.407E-02
  1.312070E+01 3.892E-02
  1.363470E+01 3.437E-02
  1.416540E+01 3.035E-02
  1.471330E+01 2.680E-02
  1.527880E+01 2.366E-02
  1.586240E+01 2.089E-02
  1.646471E+01 1.844E-02
  1.708611E+01 1.628E-02
  1.772729E+01 1.437E-02
  1.838870E+01 1.269E-02
  1.907091E+01 1.120E-02
  1.977440E+01 9.882E-03
  2.050000E+01 8.721E-03
  2.124809E+01 7.697E-03
  2.201930E+01 6.792E-03
  2.281441E+01 5.993E-03
  2.363400E+01 5.288E-03
  2.447861E+01 4.665E-03
  2.534911E+01 4.116E-03
  2.624609E+01 3.631E-03
  2.717030E+01 3.203E-03
  2.812241E+01 2.826E-03
  2.910320E+01 2.493E-03
  3.011349E+01 2.199E-03
  3.115401E+01 1.939E-03
  3.222560E+01 1.710E-03
  3.332910E+01 1.508E-03
  3.405299E+01 1.392E-03
  3.592140E+01 1.140E-03
  3.715019E+01 9.980E-04
  3.841496E+01 8.779E-04
  3.971652E+01 7.722E-04
  4.105585E+01 6.792E-04
  4.243390E+01 5.973E-04
  4.385159E+01 5.253E-04
  4.530997E+01 4.620E-04
  4.680995E+01 4.063E-04
  4.835265E+01 3.573E-04
    3    2    0    3
     56     59
  4.001690E+00    0.0100
  3.175240E+00 9.501E-01
  3.381860E+00 8.159E-01
  3.588470E+00 7.058E-01
  3.795080E+00 6.147E-01
  4.000690E+00 5.389E-01
  4.196760E+00 4.778E-01
  4.400890E+00 4.235E-01
  4.613330E+00 3.753E-01
  4.834360E+00 3.326E-01
  5.064230E+00 2.947E-01
  5.303240E+00 2.610E-01
  5.551650E+00 2.312E-01
  5.809760E+00 2.047E-01
  6.077860E+00 1.813E-01
  6.356260E+00 1.605E-01
  6.645260E+00 1.421E-01
  6.945170E+00 1.257E-01
  7.256320E+00 1.113E-01
  7.579030E+00 9.846E-02
  7.913630E+00 8.710E-02
  8.260480E+00 7.705E-02
  8.619910E+00 6.815E-02
  8.992280E+00 6.027E-02
  9.377950E+00 5.329E-02
  9.777290E+00 4.711E-02
  1.019070E+01 4.165E-02
  1.061850E+01 3.681E-02
  1.106110E+01 3.254E-02
  1.151900E+01 2.875E-02
  1.199250E+01 2.540E-02
  1.248210E+01 2.244E-02
  1.298810E+01 1.983E-02
  1.351100E+01 1.751E-02
  1.405130E+01 1.547E-02
  1.460930E+01 1.366E-02
  1.518560E+01 1.206E-02
  1.578060E+01 1.065E-02
  1.639481E+01 9.399E-03
  1.702859E+01 8.297E-03
  1.768260E+01 7.323E-03
  1.835719E+01 6.463E-03
  1.905299E+01 5.703E-03
  1.977049E+01 5.032E-03
  2.051010E+01 4.439E-03
  2.127251E+01 3.916E-03
  2.205820E+01 3.454E-03
  2.286780E+01 3.047E-03
  2.370171E+01 2.687E-03
  2.440170E+01 2.425E-03
  2.525960E+01 2.154E-03
  2.640280E+01 1.848E-03
  2.751801E+01 1.602E-03
  2.860620E+01 1.400E-03
  2.966811E+01 1.234E-03
  3.171671E+01 9.762E-04
  3.367010E+01 7.873E-04
  3.486266E+01 6.833E-04
  3.609140E+01 6.013E-04
  3.735725E+01 5.292E-04
    3    2    0    4
     62     62
  2.778770E+00    0.0100
  2.084078E+00 1.418E+00
  2.158930E+00 1.298E+00
  2.365550E+00 1.052E+00
  2.572160E+00 8.665E-01
  2.777770E+00 7.232E-01
  2.920820E+00 6.421E-01
  3.070210E+00 5.701E-01
  3.226190E+00 5.060E-01
  3.388960E+00 4.490E-01
  3.558780E+00 3.984E-01
  3.735890E+00 3.535E-01
  3.920530E+00 3.135E-01
  4.112960E+00 2.781E-01
  4.313440E+00 2.466E-01
  4.522240E+00 2.186E-01
  4.739630E+00 1.938E-01
  4.965890E+00 1.718E-01
  5.201310E+00 1.522E-01
  5.446180E+00 1.349E-01
  5.700790E+00 1.195E-01
  5.965470E+00 1.058E-01
  6.240510E+00 9.373E-02
  6.526250E+00 8.300E-02
  6.823000E+00 7.349E-02
  7.131110E+00 6.506E-02
  7.450910E+00 5.759E-02
  7.782750E+00 5.097E-02
  8.127000E+00 4.510E-02
  8.484020E+00 3.991E-02
  8.854170E+00 3.530E-02
  9.237830E+00 3.123E-02
  9.635410E+00 2.762E-02
  1.004730E+01 2.443E-02
  1.047390E+01 2.160E-02
  1.091560E+01 1.910E-02
  1.137280E+01 1.688E-02
  1.184600E+01 1.492E-02
  1.233570E+01 1.319E-02
  1.284210E+01 1.165E-02
  1.336590E+01 1.030E-02
  1.390750E+01 9.099E-03
  1.446730E+01 8.038E-03
  1.504580E+01 7.100E-03
  1.564350E+01 6.271E-03
  1.626100E+01 5.538E-03
  1.689870E+01 4.890E-03
  1.755721E+01 4.318E-03
  1.823689E+01 3.812E-03
  1.893851E+01 3.365E-03
  1.966251E+01 2.970E-03
  2.040939E+01 2.621E-03
  2.117979E+01 2.313E-03
  2.197430E+01 2.041E-03
  2.279340E+01 1.801E-03
  2.363789E+01 1.589E-03
  2.450819E+01 1.402E-03
  2.540511E+01 1.236E-03
  2.632910E+01 1.090E-03
  2.728101E+01 9.616E-04
  2.826120E+01 8.480E-04
  2.927071E+01 7.477E-04
  3.030991E+01 6.593E-04
    3    2    0    5
     61     61
  2.041460E+00    0.0100
  1.531095E+00 1.773E+00
  1.628240E+00 1.523E+00
  1.834850E+00 1.165E+00
  2.040460E+00 9.156E-01
  2.148820E+00 8.139E-01
  2.262260E+00 7.233E-01
  2.380960E+00 6.428E-01
  2.505130E+00 5.711E-01
  2.634960E+00 5.073E-01
  2.770680E+00 4.505E-01
  2.912500E+00 4.001E-01
  3.060640E+00 3.552E-01
  3.215320E+00 3.153E-01
  3.376790E+00 2.799E-01
  3.545290E+00 2.484E-01
  3.721050E+00 2.204E-01
  3.904340E+00 1.955E-01
  4.095400E+00 1.734E-01
  4.294520E+00 1.538E-01
  4.501950E+00 1.364E-01
  4.717980E+00 1.209E-01
  4.942890E+00 1.072E-01
  5.176980E+00 9.500E-02
  5.420540E+00 8.419E-02
  5.673880E+00 7.460E-02
  5.937320E+00 6.609E-02
  6.211170E+00 5.854E-02
  6.495770E+00 5.185E-02
  6.791440E+00 4.592E-02
  7.098540E+00 4.066E-02
  7.417400E+00 3.599E-02
  7.748400E+00 3.186E-02
  8.091900E+00 2.820E-02
  8.448270E+00 2.496E-02
  8.817900E+00 2.208E-02
  9.201170E+00 1.954E-02
  9.598490E+00 1.729E-02
  1.001030E+01 1.529E-02
  1.043690E+01 1.352E-02
  1.087890E+01 1.196E-02
  1.133650E+01 1.057E-02
  1.181040E+01 9.348E-03
  1.230090E+01 8.263E-03
  1.280840E+01 7.304E-03
  1.333360E+01 6.455E-03
  1.387670E+01 5.704E-03
  1.443840E+01 5.040E-03
  1.501910E+01 4.453E-03
  1.561940E+01 3.934E-03
  1.623970E+01 3.475E-03
  1.688071E+01 3.069E-03
  1.754269E+01 2.710E-03
  1.822650E+01 2.393E-03
  1.893240E+01 2.113E-03
  1.966119E+01 1.866E-03
  2.041341E+01 1.647E-03
  2.118961E+01 1.454E-03
  2.199040E+01 1.283E-03
  2.281641E+01 1.132E-03
  2.366830E+01 9.991E-04
  2.454660E+01 8.815E-04
    3    2    0    6
     61     61
  1.562950E+00    0.0100
  1.172213E+00 2.125E+00
  1.356340E+00 1.530E+00
  1.561950E+00 1.117E+00
  1.644850E+00 9.942E-01
  1.731860E+00 8.848E-01
  1.823160E+00 7.873E-01
  1.918930E+00 7.004E-01
  2.019360E+00 6.230E-01
  2.124620E+00 5.541E-01
  2.234920E+00 4.927E-01
  2.350460E+00 4.380E-01
  2.471440E+00 3.894E-01
  2.598070E+00 3.460E-01
  2.730590E+00 3.075E-01
  2.869190E+00 2.732E-01
  3.014120E+00 2.427E-01
  3.165610E+00 2.155E-01
  3.323900E+00 1.914E-01
  3.489240E+00 1.699E-01
  3.661880E+00 1.508E-01
  3.842080E+00 1.338E-01
  4.030100E+00 1.188E-01
  4.226210E+00 1.054E-01
  4.430700E+00 9.347E-02
  4.643840E+00 8.290E-02
  4.865920E+00 7.351E-02
  5.097250E+00 6.517E-02
  5.338110E+00 5.778E-02
  5.588830E+00 5.121E-02
  5.849720E+00 4.538E-02
  6.121090E+00 4.021E-02
  6.403280E+00 3.562E-02
  6.696620E+00 3.155E-02
  7.001460E+00 2.794E-02
  7.318140E+00 2.474E-02
  7.647020E+00 2.191E-02
  7.988460E+00 1.939E-02
  8.342840E+00 1.716E-02
  8.710530E+00 1.519E-02
  9.091900E+00 1.344E-02
  9.487370E+00 1.189E-02
  9.897310E+00 1.052E-02
  1.032220E+01 9.302E-03
  1.076230E+01 8.226E-03
  1.121810E+01 7.273E-03
  1.169020E+01 6.430E-03
  1.217880E+01 5.684E-03
  1.268440E+01 5.024E-03
  1.320750E+01 4.439E-03
  1.374850E+01 3.923E-03
  1.430800E+01 3.466E-03
  1.488630E+01 3.062E-03
  1.548410E+01 2.704E-03
  1.610159E+01 2.388E-03
  1.673950E+01 2.109E-03
  1.739830E+01 1.862E-03
  1.807851E+01 1.644E-03
  1.878059E+01 1.451E-03
  1.950510E+01 1.281E-03
  2.025259E+01 1.130E-03
  2.102370E+01 9.975E-04
    3    2    0    7
     61     61
  1.234890E+00    0.0100
  9.261675E-01 2.597E+00
  1.028280E+00 1.984E+00
  1.233890E+00 1.329E+00
  1.299510E+00 1.184E+00
  1.368500E+00 1.054E+00
  1.441000E+00 9.390E-01
  1.517160E+00 8.361E-01
  1.597160E+00 7.443E-01
  1.681150E+00 6.625E-01
  1.769310E+00 5.896E-01
  1.861820E+00 5.246E-01
  1.958850E+00 4.668E-01
  2.060600E+00 4.152E-01
  2.167260E+00 3.693E-01
  2.279030E+00 3.284E-01
  2.396110E+00 2.919E-01
  2.518720E+00 2.595E-01
  2.647060E+00 2.306E-01
  2.781370E+00 2.049E-01
  2.921870E+00 1.821E-01
  3.068780E+00 1.618E-01
  3.222370E+00 1.437E-01
  3.382860E+00 1.276E-01
  3.550510E+00 1.133E-01
  3.725570E+00 1.005E-01
  3.908320E+00 8.924E-02
  4.099020E+00 7.919E-02
  4.297940E+00 7.026E-02
  4.505370E+00 6.232E-02
  4.721590E+00 5.528E-02
  4.946910E+00 4.902E-02
  5.181620E+00 4.346E-02
  5.426030E+00 3.853E-02
  5.680460E+00 3.415E-02
  5.945220E+00 3.026E-02
  6.220630E+00 2.682E-02
  6.507050E+00 2.376E-02
  6.804800E+00 2.104E-02
  7.114230E+00 1.864E-02
  7.435690E+00 1.650E-02
  7.769550E+00 1.461E-02
  8.116180E+00 1.293E-02
  8.475940E+00 1.145E-02
  8.849220E+00 1.013E-02
  9.236410E+00 8.963E-03
  9.637900E+00 7.930E-03
  1.005410E+01 7.014E-03
  1.048540E+01 6.204E-03
  1.093230E+01 5.486E-03
  1.139510E+01 4.850E-03
  1.187420E+01 4.288E-03
  1.237020E+01 3.790E-03
  1.288350E+01 3.350E-03
  1.341450E+01 2.960E-03
  1.396370E+01 2.616E-03
  1.453160E+01 2.311E-03
  1.511860E+01 2.041E-03
  1.572520E+01 1.803E-03
  1.635190E+01 1.592E-03
  1.699930E+01 1.406E-03
  1.766780E+01 1.241E-03
    3    2    0    8
     61     61
  1.000240E+00    0.0100
  7.501802E-01 3.056E+00
  7.936270E-01 2.565E+00
  9.992380E-01 1.551E+00
  1.052350E+00 1.382E+00
  1.108230E+00 1.232E+00
  1.167030E+00 1.098E+00
  1.228870E+00 9.780E-01
  1.293900E+00 8.712E-01
  1.362260E+00 7.760E-01
  1.434110E+00 6.911E-01
  1.509600E+00 6.154E-01
  1.588880E+00 5.478E-01
  1.672130E+00 4.877E-01
  1.759520E+00 4.340E-01
  1.851230E+00 3.862E-01
  1.947440E+00 3.436E-01
  2.048330E+00 3.057E-01
  2.154100E+00 2.719E-01
  2.264950E+00 2.418E-01
  2.381080E+00 2.150E-01
  2.502710E+00 1.911E-01
  2.630050E+00 1.699E-01
  2.763330E+00 1.510E-01
  2.902760E+00 1.341E-01
  3.048600E+00 1.192E-01
  3.201060E+00 1.058E-01
  3.360410E+00 9.399E-02
  3.526900E+00 8.346E-02
  3.700770E+00 7.409E-02
  3.882300E+00 6.576E-02
  4.071760E+00 5.836E-02
  4.269420E+00 5.178E-02
  4.475560E+00 4.594E-02
  4.690490E+00 4.075E-02
  4.914480E+00 3.614E-02
  5.147840E+00 3.204E-02
  5.390880E+00 2.841E-02
  5.643920E+00 2.518E-02
  5.907280E+00 2.232E-02
  6.181280E+00 1.978E-02
  6.466260E+00 1.752E-02
  6.762560E+00 1.552E-02
  7.070520E+00 1.375E-02
  7.390510E+00 1.217E-02
  7.722880E+00 1.078E-02
  8.068000E+00 9.541E-03
  8.426250E+00 8.446E-03
  8.798000E+00 7.474E-03
  9.183650E+00 6.614E-03
  9.583600E+00 5.851E-03
  9.998230E+00 5.176E-03
  1.042800E+01 4.578E-03
  1.087330E+01 4.049E-03
  1.133450E+01 3.580E-03
  1.181200E+01 3.165E-03
  1.230650E+01 2.798E-03
  1.281810E+01 2.473E-03
  1.334750E+01 2.185E-03
  1.389510E+01 1.931E-03
  1.446140E+01 1.706E-03
  1.504670E+01 1.507E-03
    1    1    1    1
     26     60
  2.483929E+01    0.0100
  2.401280E+01 1.468E-01
  2.421941E+01 1.430E-01
  2.442610E+01 1.392E-01
  2.463271E+01 1.356E-01
  2.483830E+01 1.322E-01
  2.581650E+01 1.171E-01
  2.683389E+01 1.037E-01
  2.789160E+01 9.180E-02
  2.899049E+01 8.124E-02
  3.013161E+01 7.188E-02
  3.131580E+01 6.357E-02
  3.254410E+01 5.621E-02
  3.381731E+01 4.968E-02
  3.513631E+01 4.390E-02
  3.650169E+01 3.878E-02
  3.791440E+01 3.424E-02
  3.937500E+01 3.023E-02
  4.088420E+01 2.667E-02
  4.244260E+01 2.353E-02
  4.405060E+01 2.075E-02
  4.570889E+01 1.829E-02
  4.741780E+01 1.612E-02
  4.917790E+01 1.420E-02
  5.098940E+01 1.251E-02
  5.285280E+01 1.101E-02
  5.476830E+01 9.695E-03
  5.678438E+01 8.583E-03
  5.886378E+01 7.557E-03
  6.100819E+01 6.653E-03
  6.321939E+01 5.856E-03
  6.549911E+01 5.155E-03
  6.784921E+01 4.538E-03
  7.027155E+01 3.994E-03
  7.276805E+01 3.515E-03
  7.534068E+01 3.094E-03
  7.799147E+01 2.723E-03
  8.072244E+01 2.396E-03
  8.353566E+01 2.108E-03
  8.643332E+01 1.855E-03
  8.941768E+01 1.632E-03
  9.249086E+01 1.436E-03
  9.565526E+01 1.264E-03
  9.891312E+01 1.112E-03
  1.022669E+02 9.780E-04
  1.057191E+02 8.604E-04
  1.092722E+02 7.568E-04
  1.129287E+02 6.657E-04
  1.166914E+02 5.856E-04
  1.205627E+02 5.150E-04
  1.245457E+02 4.530E-04
  1.286429E+02 3.984E-04
  1.328573E+02 3.503E-04
  1.371918E+02 3.081E-04
  1.416494E+02 2.709E-04
  1.462330E+02 2.382E-04
  1.509461E+02 2.095E-04
  1.557915E+02 1.842E-04
  1.607728E+02 1.619E-04
  1.658932E+02 1.424E-04
  1.711559E+02 1.252E-04
    1    1    1    2
     34     61
  1.107120E+01    0.0100
  1.024470E+01 3.149E-01
  1.045130E+01 3.000E-01
  1.065800E+01 2.860E-01
  1.086460E+01 2.729E-01
  1.107020E+01 2.606E-01
  1.161640E+01 2.312E-01
  1.218610E+01 2.052E-01
  1.278020E+01 1.820E-01
  1.339940E+01 1.614E-01
  1.404460E+01 1.431E-01
  1.471650E+01 1.269E-01
  1.541610E+01 1.125E-01
  1.614430E+01 9.966E-02
  1.690179E+01 8.831E-02
  1.768970E+01 7.823E-02
  1.850890E+01 6.930E-02
  1.936031E+01 6.137E-02
  2.024490E+01 5.435E-02
  2.116360E+01 4.812E-02
  2.211740E+01 4.259E-02
  2.310750E+01 3.770E-02
  2.413470E+01 3.336E-02
  2.520030E+01 2.952E-02
  2.630510E+01 2.611E-02
  2.745050E+01 2.310E-02
  2.863730E+01 2.043E-02
  2.986681E+01 1.806E-02
  3.114020E+01 1.597E-02
  3.245860E+01 1.412E-02
  3.382310E+01 1.248E-02
  3.523511E+01 1.103E-02
  3.669560E+01 9.745E-03
  3.820610E+01 8.610E-03
  3.976770E+01 7.606E-03
  4.142372E+01 6.734E-03
  4.313844E+01 5.938E-03
  4.491360E+01 5.236E-03
  4.675107E+01 4.617E-03
  4.865271E+01 4.070E-03
  5.062044E+01 3.588E-03
  5.265625E+01 3.163E-03
  5.476215E+01 2.789E-03
  5.694020E+01 2.458E-03
  5.919258E+01 2.166E-03
  6.152148E+01 1.909E-03
  6.392917E+01 1.683E-03
  6.641789E+01 1.483E-03
  6.899002E+01 1.307E-03
  7.164803E+01 1.151E-03
  7.439438E+01 1.015E-03
  7.723158E+01 8.938E-04
  8.016228E+01 7.875E-04
  8.318921E+01 6.937E-04
  8.631505E+01 6.111E-04
  8.954262E+01 5.383E-04
  9.287476E+01 4.742E-04
  9.631453E+01 4.176E-04
  9.986485E+01 3.678E-04
  1.035289E+02 3.239E-04
  1.073098E+02 2.853E-04
  1.112109E+02 2.512E-04
    1    1    1    3
     43     62
  6.234270E+00    0.0100
  5.407820E+00 5.467E-01
  5.614430E+00 5.029E-01
  5.821040E+00 4.639E-01
  6.027650E+00 4.289E-01
  6.233260E+00 3.976E-01
  6.564360E+00 3.535E-01
  6.911020E+00 3.142E-01
  7.273850E+00 2.792E-01
  7.653460E+00 2.481E-01
  8.050510E+00 2.204E-01
  8.465650E+00 1.958E-01
  8.899550E+00 1.739E-01
  9.352920E+00 1.544E-01
  9.826470E+00 1.371E-01
  1.032090E+01 1.217E-01
  1.083710E+01 1.080E-01
  1.137570E+01 9.587E-02
  1.193750E+01 8.507E-02
  1.252340E+01 7.547E-02
  1.313420E+01 6.695E-02
  1.377080E+01 5.938E-02
  1.443400E+01 5.265E-02
  1.512470E+01 4.669E-02
  1.584390E+01 4.139E-02
  1.659261E+01 3.669E-02
  1.737170E+01 3.252E-02
  1.818210E+01 2.881E-02
  1.902499E+01 2.553E-02
  1.990140E+01 2.262E-02
  2.081230E+01 2.003E-02
  2.175880E+01 1.774E-02
  2.274210E+01 1.571E-02
  2.376340E+01 1.391E-02
  2.482370E+01 1.232E-02
  2.592430E+01 1.090E-02
  2.706650E+01 9.652E-03
  2.825150E+01 8.542E-03
  2.948050E+01 7.558E-03
  3.075500E+01 6.688E-03
  3.207620E+01 5.916E-03
  3.344550E+01 5.233E-03
  3.486440E+01 4.629E-03
  3.633420E+01 4.094E-03
  3.790137E+01 3.636E-03
  3.952754E+01 3.209E-03
  4.121468E+01 2.833E-03
  4.296475E+01 2.500E-03
  4.477985E+01 2.206E-03
  4.666205E+01 1.947E-03
  4.861359E+01 1.718E-03
  5.063669E+01 1.516E-03
  5.273363E+01 1.338E-03
  5.490683E+01 1.180E-03
  5.715874E+01 1.041E-03
  5.949188E+01 9.185E-04
  6.190880E+01 8.102E-04
  6.441219E+01 7.147E-04
  6.700478E+01 6.304E-04
  6.968936E+01 5.560E-04
  7.246886E+01 4.903E-04
  7.534621E+01 4.324E-04
  7.832449E+01 3.813E-04
    1    1    1    4
     49     62
  3.992250E+00    0.0100
  3.165810E+00 9.032E-01
  3.372420E+00 7.886E-01
  3.579030E+00 6.935E-01
  3.785640E+00 6.139E-01
  3.991250E+00 5.468E-01
  4.203880E+00 4.872E-01
  4.427570E+00 4.341E-01
  4.662830E+00 3.866E-01
  4.910170E+00 3.443E-01
  5.170110E+00 3.066E-01
  5.443210E+00 2.729E-01
  5.730000E+00 2.429E-01
  6.031070E+00 2.162E-01
  6.347000E+00 1.923E-01
  6.678380E+00 1.711E-01
  7.025830E+00 1.521E-01
  7.389980E+00 1.353E-01
  7.771460E+00 1.203E-01
  8.170930E+00 1.069E-01
  8.589060E+00 9.497E-02
  9.026520E+00 8.437E-02
  9.484020E+00 7.493E-02
  9.962250E+00 6.654E-02
  1.046190E+01 5.907E-02
  1.098380E+01 5.243E-02
  1.152860E+01 4.653E-02
  1.209710E+01 4.128E-02
  1.269010E+01 3.662E-02
  1.330830E+01 3.248E-02
  1.395250E+01 2.880E-02
  1.462360E+01 2.553E-02
  1.532230E+01 2.262E-02
  1.604950E+01 2.005E-02
  1.680611E+01 1.776E-02
  1.759280E+01 1.573E-02
  1.841060E+01 1.393E-02
  1.926019E+01 1.234E-02
  2.014270E+01 1.092E-02
  2.105890E+01 9.665E-03
  2.200970E+01 8.552E-03
  2.299609E+01 7.566E-03
  2.401891E+01 6.693E-03
  2.439230E+01 6.407E-03
  2.524969E+01 5.805E-03
  2.639290E+01 5.125E-03
  2.750810E+01 4.565E-03
  2.965820E+01 3.709E-03
  3.170680E+01 3.093E-03
  3.366020E+01 2.630E-03
  3.514594E+01 2.307E-03
  3.669011E+01 2.038E-03
  3.829478E+01 1.800E-03
  3.996210E+01 1.590E-03
  4.169421E+01 1.404E-03
  4.349341E+01 1.240E-03
  4.536200E+01 1.095E-03
  4.730241E+01 9.673E-04
  4.931706E+01 8.541E-04
  5.140855E+01 7.542E-04
  5.357950E+01 6.659E-04
  5.583258E+01 5.879E-04
  5.817064E+01 5.190E-04
    1    1    1    5
     56     64
  2.773350E+00    0.0100
  2.080012E+00 1.321E+00
  2.153510E+00 1.218E+00
  2.360120E+00 1.003E+00
  2.566740E+00 8.378E-01
  2.772350E+00 7.096E-01
  2.923790E+00 6.323E-01
  3.083100E+00 5.634E-01
  3.250640E+00 5.020E-01
  3.426780E+00 4.471E-01
  3.611930E+00 3.982E-01
  3.806480E+00 3.546E-01
  4.010870E+00 3.158E-01
  4.225520E+00 2.811E-01
  4.450890E+00 2.503E-01
  4.687440E+00 2.227E-01
  4.935670E+00 1.982E-01
  5.196070E+00 1.764E-01
  5.469150E+00 1.569E-01
  5.755470E+00 1.396E-01
  6.055560E+00 1.241E-01
  6.370000E+00 1.104E-01
  6.699380E+00 9.816E-02
  7.044300E+00 8.727E-02
  7.405400E+00 7.758E-02
  7.783320E+00 6.895E-02
  8.178730E+00 6.127E-02
  8.592310E+00 5.444E-02
  9.024770E+00 4.836E-02
  9.476840E+00 4.296E-02
  9.949280E+00 3.815E-02
  1.044290E+01 3.388E-02
  1.095830E+01 3.008E-02
  1.149660E+01 2.671E-02
  1.205840E+01 2.370E-02
  1.264470E+01 2.104E-02
  1.325630E+01 1.867E-02
  1.389420E+01 1.656E-02
  1.455920E+01 1.469E-02
  1.525240E+01 1.303E-02
  1.597470E+01 1.156E-02
  1.672720E+01 1.025E-02
  1.751089E+01 9.090E-03
  1.832680E+01 8.058E-03
  1.917610E+01 7.143E-03
  2.005991E+01 6.331E-03
  2.097929E+01 5.611E-03
  2.193550E+01 4.971E-03
  2.292970E+01 4.404E-03
  2.396320E+01 3.902E-03
  2.503720E+01 3.456E-03
  2.615300E+01 3.061E-03
  2.731200E+01 2.710E-03
  2.851550E+01 2.400E-03
  2.976489E+01 2.124E-03
  3.106160E+01 1.881E-03
  3.240720E+01 1.664E-03
  3.386302E+01 1.499E-03
  3.537817E+01 1.325E-03
  3.695490E+01 1.171E-03
  3.859541E+01 1.035E-03
  4.030206E+01 9.146E-04
  4.207732E+01 8.083E-04
  4.392363E+01 7.143E-04
  4.584364E+01 6.312E-04
    1    1    1    6
     60     63
  2.038050E+00    0.0100
  1.528537E+00 1.657E+00
  1.624830E+00 1.435E+00
  1.831440E+00 1.112E+00
  2.037050E+00 8.857E-01
  2.147610E+00 7.898E-01
  2.264070E+00 7.043E-01
  2.386710E+00 6.279E-01
  2.515840E+00 5.597E-01
  2.651770E+00 4.989E-01
  2.794820E+00 4.447E-01
  2.945340E+00 3.963E-01
  3.103670E+00 3.531E-01
  3.270190E+00 3.146E-01
  3.445280E+00 2.803E-01
  3.629320E+00 2.496E-01
  3.822730E+00 2.223E-01
  4.025940E+00 1.980E-01
  4.239370E+00 1.763E-01
  4.463490E+00 1.569E-01
  4.698770E+00 1.397E-01
  4.945690E+00 1.243E-01
  5.204770E+00 1.106E-01
  5.476510E+00 9.842E-02
  5.761460E+00 8.755E-02
  6.060170E+00 7.788E-02
  6.373230E+00 6.926E-02
  6.701210E+00 6.159E-02
  7.044740E+00 5.476E-02
  7.404440E+00 4.868E-02
  7.780970E+00 4.327E-02
  8.174990E+00 3.845E-02
  8.587200E+00 3.417E-02
  9.018300E+00 3.036E-02
  9.469020E+00 2.697E-02
  9.940130E+00 2.395E-02
  1.043240E+01 2.127E-02
  1.094660E+01 1.889E-02
  1.148360E+01 1.677E-02
  1.204420E+01 1.489E-02
  1.262920E+01 1.321E-02
  1.323960E+01 1.172E-02
  1.387640E+01 1.040E-02
  1.454030E+01 9.229E-03
  1.523230E+01 8.187E-03
  1.595360E+01 7.261E-03
  1.670500E+01 6.439E-03
  1.748759E+01 5.709E-03
  1.830240E+01 5.062E-03
  1.915060E+01 4.487E-03
  2.003329E+01 3.977E-03
  2.095160E+01 3.524E-03
  2.190669E+01 3.122E-03
  2.289970E+01 2.766E-03
  2.393201E+01 2.451E-03
  2.500470E+01 2.170E-03
  2.611920E+01 1.922E-03
  2.727670E+01 1.702E-03
  2.847861E+01 1.507E-03
  2.972630E+01 1.334E-03
  3.102119E+01 1.181E-03
  3.243556E+01 1.074E-03
  3.390923E+01 9.501E-04
  3.544444E+01 8.402E-04
    1    1    1    7
     62     62
  1.560660E+00    0.0100
  1.170495E+00 1.999E+00
  1.354050E+00 1.454E+00
  1.559660E+00 1.075E+00
  1.643670E+00 9.590E-01
  1.732230E+00 8.555E-01
  1.825570E+00 7.631E-01
  1.923920E+00 6.806E-01
  2.027540E+00 6.070E-01
  2.136700E+00 5.413E-01
  2.251670E+00 4.826E-01
  2.372730E+00 4.303E-01
  2.500190E+00 3.836E-01
  2.634350E+00 3.419E-01
  2.775540E+00 3.047E-01
  2.924100E+00 2.716E-01
  3.080370E+00 2.420E-01
  3.244710E+00 2.156E-01
  3.417510E+00 1.921E-01
  3.599160E+00 1.711E-01
  3.790060E+00 1.524E-01
  3.990630E+00 1.357E-01
  4.201310E+00 1.208E-01
  4.422550E+00 1.076E-01
  4.654820E+00 9.574E-02
  4.898600E+00 8.521E-02
  5.154390E+00 7.583E-02
  5.422720E+00 6.747E-02
  5.704110E+00 6.003E-02
  5.999120E+00 5.339E-02
  6.308330E+00 4.749E-02
  6.632310E+00 4.223E-02
  6.971680E+00 3.755E-02
  7.327070E+00 3.338E-02
  7.699120E+00 2.967E-02
  8.088500E+00 2.637E-02
  8.495900E+00 2.344E-02
  8.922020E+00 2.082E-02
  9.367590E+00 1.850E-02
  9.833350E+00 1.643E-02
  1.032010E+01 1.459E-02
  1.082860E+01 1.296E-02
  1.135970E+01 1.151E-02
  1.191420E+01 1.021E-02
  1.249290E+01 9.066E-03
  1.309680E+01 8.045E-03
  1.372680E+01 7.139E-03
  1.438380E+01 6.334E-03
  1.506870E+01 5.619E-03
  1.578260E+01 4.984E-03
  1.652640E+01 4.420E-03
  1.730110E+01 3.919E-03
  1.810789E+01 3.474E-03
  1.894769E+01 3.080E-03
  1.982179E+01 2.730E-03
  2.073120E+01 2.419E-03
  2.167709E+01 2.144E-03
  2.266071E+01 1.899E-03
  2.368320E+01 1.682E-03
  2.474590E+01 1.490E-03
  2.585001E+01 1.320E-03
  2.699680E+01 1.169E-03
  2.818781E+01 1.035E-03
    1    1    1    8
     62     62
  1.233280E+00    0.0100
  9.249601E-01 2.453E+00
  1.026670E+00 1.886E+00
  1.232280E+00 1.276E+00
  1.298210E+00 1.139E+00
  1.367720E+00 1.016E+00
  1.441020E+00 9.065E-01
  1.518300E+00 8.088E-01
  1.599760E+00 7.215E-01
  1.685610E+00 6.436E-01
  1.776100E+00 5.741E-01
  1.871440E+00 5.120E-01
  1.971890E+00 4.567E-01
  2.077700E+00 4.072E-01
  2.189140E+00 3.631E-01
  2.306490E+00 3.237E-01
  2.430040E+00 2.886E-01
  2.560080E+00 2.572E-01
  2.696940E+00 2.293E-01
  2.840950E+00 2.043E-01
  2.992430E+00 1.821E-01
  3.151760E+00 1.622E-01
  3.319280E+00 1.445E-01
  3.495400E+00 1.287E-01
  3.680490E+00 1.147E-01
  3.874980E+00 1.021E-01
  4.079290E+00 9.092E-02
  4.293860E+00 8.095E-02
  4.519140E+00 7.206E-02
  4.755620E+00 6.414E-02
  5.003770E+00 5.708E-02
  5.264120E+00 5.080E-02
  5.537170E+00 4.519E-02
  5.823480E+00 4.020E-02
  6.123600E+00 3.576E-02
  6.438120E+00 3.180E-02
  6.767620E+00 2.828E-02
  7.112720E+00 2.514E-02
  7.474060E+00 2.235E-02
  7.852290E+00 1.987E-02
  8.248090E+00 1.766E-02
  8.662140E+00 1.569E-02
  9.095170E+00 1.394E-02
  9.547910E+00 1.238E-02
  1.002110E+01 1.100E-02
  1.051560E+01 9.767E-03
  1.103210E+01 8.673E-03
  1.157150E+01 7.700E-03
  1.213460E+01 6.835E-03
  1.272230E+01 6.067E-03
  1.333540E+01 5.384E-03
  1.397500E+01 4.777E-03
  1.464190E+01 4.238E-03
  1.533720E+01 3.759E-03
  1.606171E+01 3.334E-03
  1.681650E+01 2.957E-03
  1.760271E+01 2.622E-03
  1.842140E+01 2.324E-03
  1.927350E+01 2.060E-03
  2.016029E+01 1.826E-03
  2.108279E+01 1.618E-03
  2.204240E+01 1.434E-03
  2.304010E+01 1.270E-03
    1    1    1    9
     63     63
  9.990680E-01    0.0100
  7.493010E-01 2.901E+00
  7.924560E-01 2.443E+00
  9.980680E-01 1.490E+00
  1.051090E+00 1.330E+00
  1.107020E+00 1.187E+00
  1.166000E+00 1.059E+00
  1.228200E+00 9.451E-01
  1.293790E+00 8.433E-01
  1.362950E+00 7.524E-01
  1.435850E+00 6.713E-01
  1.512710E+00 5.989E-01
  1.593720E+00 5.343E-01
  1.679090E+00 4.766E-01
  1.769060E+00 4.251E-01
  1.863840E+00 3.791E-01
  1.963700E+00 3.381E-01
  2.068870E+00 3.015E-01
  2.179620E+00 2.688E-01
  2.296240E+00 2.396E-01
  2.419000E+00 2.136E-01
  2.548210E+00 1.904E-01
  2.684180E+00 1.697E-01
  2.827240E+00 1.512E-01
  2.977720E+00 1.348E-01
  3.135970E+00 1.201E-01
  3.302350E+00 1.070E-01
  3.477260E+00 9.528E-02
  3.661070E+00 8.486E-02
  3.854200E+00 7.557E-02
  4.057060E+00 6.729E-02
  4.270110E+00 5.991E-02
  4.493790E+00 5.333E-02
  4.728560E+00 4.747E-02
  4.974930E+00 4.224E-02
  5.233390E+00 3.759E-02
  5.504460E+00 3.344E-02
  5.788680E+00 2.975E-02
  6.086610E+00 2.646E-02
  6.398820E+00 2.353E-02
  6.725900E+00 2.093E-02
  7.068470E+00 1.861E-02
  7.427160E+00 1.654E-02
  7.802610E+00 1.470E-02
  8.195510E+00 1.307E-02
  8.606540E+00 1.161E-02
  9.036410E+00 1.032E-02
  9.485860E+00 9.164E-03
  9.955640E+00 8.140E-03
  1.044650E+01 7.229E-03
  1.095930E+01 6.419E-03
  1.149480E+01 5.699E-03
  1.205390E+01 5.059E-03
  1.263750E+01 4.490E-03
  1.324640E+01 3.985E-03
  1.388150E+01 3.536E-03
  1.454380E+01 3.137E-03
  1.523430E+01 2.783E-03
  1.595390E+01 2.468E-03
  1.670360E+01 2.189E-03
  1.748460E+01 1.941E-03
  1.829781E+01 1.721E-03
  1.914439E+01 1.526E-03
  2.002550E+01 1.352E-03
    3    1    1    1
     24     61
  2.543221E+01    0.0100
  2.460570E+01 1.565E-01
  2.481230E+01 1.526E-01
  2.501891E+01 1.489E-01
  2.522549E+01 1.452E-01
  2.543120E+01 1.417E-01
  2.648399E+01 1.254E-01
  2.757610E+01 1.110E-01
  2.870880E+01 9.828E-02
  2.988341E+01 8.698E-02
  3.110139E+01 7.698E-02
  3.236430E+01 6.813E-02
  3.367349E+01 6.029E-02
  3.503059E+01 5.335E-02
  3.643730E+01 4.721E-02
  3.789529E+01 4.177E-02
  3.940620E+01 3.696E-02
  4.097169E+01 3.270E-02
  4.259390E+01 2.893E-02
  4.427451E+01 2.559E-02
  4.601540E+01 2.264E-02
  4.781880E+01 2.003E-02
  4.968660E+01 1.772E-02
  5.162109E+01 1.567E-02
  5.362430E+01 1.386E-02
  5.573929E+01 1.223E-02
  5.793027E+01 1.079E-02
  6.019968E+01 9.517E-03
  6.255013E+01 8.396E-03
  6.498418E+01 7.406E-03
  6.750461E+01 6.533E-03
  7.011420E+01 5.762E-03
  7.281580E+01 5.083E-03
  7.561240E+01 4.483E-03
  7.850710E+01 3.954E-03
  8.150301E+01 3.487E-03
  8.460339E+01 3.075E-03
  8.781149E+01 2.712E-03
  9.113081E+01 2.391E-03
  9.456488E+01 2.108E-03
  9.811734E+01 1.859E-03
  1.017918E+02 1.639E-03
  1.055924E+02 1.445E-03
  1.095228E+02 1.274E-03
  1.135872E+02 1.123E-03
  1.177899E+02 9.903E-04
  1.221349E+02 8.730E-04
  1.266269E+02 7.695E-04
  1.312703E+02 6.783E-04
  1.360700E+02 5.979E-04
  1.410306E+02 5.270E-04
  1.461572E+02 4.645E-04
  1.514548E+02 4.094E-04
  1.569286E+02 3.608E-04
  1.625843E+02 3.180E-04
  1.684272E+02 2.802E-04
  1.744629E+02 2.469E-04
  1.806975E+02 2.176E-04
  1.871369E+02 1.917E-04
  1.937873E+02 1.690E-04
  2.006551E+02 1.489E-04
  2.077469E+02 1.312E-04
    3    1    1    2
     33     61
  1.123410E+01    0.0100
  1.040760E+01 3.195E-01
  1.061420E+01 3.050E-01
  1.082080E+01 2.914E-01
  1.102750E+01 2.786E-01
  1.123310E+01 2.665E-01
  1.180540E+01 2.365E-01
  1.240210E+01 2.098E-01
  1.302410E+01 1.861E-01
  1.367210E+01 1.650E-01
  1.434720E+01 1.464E-01
  1.505030E+01 1.298E-01
  1.578240E+01 1.151E-01
  1.654449E+01 1.020E-01
  1.733760E+01 9.044E-02
  1.816280E+01 8.016E-02
  1.902130E+01 7.104E-02
  1.991409E+01 6.296E-02
  2.084250E+01 5.578E-02
  2.180760E+01 4.942E-02
  2.281070E+01 4.379E-02
  2.385310E+01 3.879E-02
  2.493600E+01 3.435E-02
  2.606090E+01 3.043E-02
  2.722920E+01 2.694E-02
  2.844220E+01 2.386E-02
  2.970151E+01 2.112E-02
  3.100850E+01 1.870E-02
  3.236490E+01 1.656E-02
  3.377209E+01 1.465E-02
  3.523199E+01 1.297E-02
  3.674609E+01 1.148E-02
  3.831630E+01 1.016E-02
  3.994431E+01 8.989E-03
  4.166824E+01 7.934E-03
  4.345628E+01 7.002E-03
  4.531042E+01 6.178E-03
  4.723280E+01 5.452E-03
  4.922562E+01 4.810E-03
  5.129112E+01 4.244E-03
  5.343161E+01 3.744E-03
  5.564944E+01 3.303E-03
  5.794705E+01 2.913E-03
  6.032698E+01 2.570E-03
  6.279173E+01 2.266E-03
  6.534402E+01 1.999E-03
  6.798651E+01 1.763E-03
  7.072202E+01 1.554E-03
  7.355338E+01 1.371E-03
  7.648355E+01 1.208E-03
  7.951552E+01 1.065E-03
  8.265247E+01 9.394E-04
  8.589752E+01 8.281E-04
  8.925398E+01 7.300E-04
  9.272514E+01 6.435E-04
  9.631450E+01 5.672E-04
  1.000256E+02 4.999E-04
  1.038621E+02 4.406E-04
  1.078277E+02 3.883E-04
  1.119263E+02 3.422E-04
  1.161617E+02 3.016E-04
  1.205380E+02 2.657E-04
    3    1    1    3
     42     62
  6.301170E+00    0.0100
  5.474720E+00 5.438E-01
  5.681330E+00 5.017E-01
  5.887950E+00 4.640E-01
  6.094560E+00 4.301E-01
  6.300170E+00 3.997E-01
  6.643460E+00 3.554E-01
  7.002870E+00 3.159E-01
  7.379050E+00 2.808E-01
  7.772670E+00 2.495E-01
  8.184400E+00 2.217E-01
  8.614970E+00 1.970E-01
  9.065090E+00 1.750E-01
  9.535530E+00 1.554E-01
  1.002710E+01 1.380E-01
  1.054050E+01 1.226E-01
  1.107670E+01 1.088E-01
  1.163640E+01 9.662E-02
  1.222070E+01 8.577E-02
  1.283030E+01 7.612E-02
  1.346630E+01 6.755E-02
  1.412960E+01 5.994E-02
  1.482120E+01 5.319E-02
  1.554210E+01 4.718E-02
  1.629340E+01 4.185E-02
  1.707629E+01 3.712E-02
  1.789169E+01 3.292E-02
  1.874100E+01 2.919E-02
  1.962520E+01 2.588E-02
  2.054570E+01 2.295E-02
  2.150369E+01 2.034E-02
  2.250050E+01 1.803E-02
  2.353751E+01 1.598E-02
  2.461600E+01 1.416E-02
  2.573750E+01 1.255E-02
  2.690340E+01 1.112E-02
  2.811540E+01 9.850E-03
  2.937480E+01 8.726E-03
  3.068340E+01 7.729E-03
  3.204269E+01 6.846E-03
  3.345450E+01 6.062E-03
  3.492050E+01 5.368E-03
  3.644260E+01 4.753E-03
  3.806107E+01 4.206E-03
  3.974272E+01 3.715E-03
  4.148970E+01 3.281E-03
  4.330424E+01 2.897E-03
  4.518867E+01 2.558E-03
  4.714540E+01 2.259E-03
  4.917686E+01 1.995E-03
  5.128554E+01 1.761E-03
  5.347408E+01 1.555E-03
  5.574515E+01 1.372E-03
  5.810155E+01 1.211E-03
  6.054607E+01 1.069E-03
  6.308162E+01 9.438E-04
  6.571129E+01 8.330E-04
  6.843810E+01 7.351E-04
  7.126535E+01 6.487E-04
  7.419624E+01 5.724E-04
  7.723418E+01 5.051E-04
  8.038272E+01 4.457E-04
  8.364532E+01 3.932E-04
    3    1    1    4
     47     61
  4.026080E+00    0.0100
  3.199630E+00 8.869E-01
  3.406240E+00 7.774E-01
  3.612850E+00 6.862E-01
  3.819460E+00 6.095E-01
  4.025080E+00 5.446E-01
  4.243580E+00 4.854E-01
  4.473580E+00 4.325E-01
  4.715570E+00 3.854E-01
  4.970120E+00 3.433E-01
  5.237770E+00 3.057E-01
  5.519090E+00 2.722E-01
  5.814670E+00 2.424E-01
  6.125120E+00 2.157E-01
  6.451060E+00 1.920E-01
  6.793130E+00 1.708E-01
  7.151980E+00 1.520E-01
  7.528290E+00 1.352E-01
  7.922740E+00 1.202E-01
  8.336050E+00 1.069E-01
  8.768920E+00 9.499E-02
  9.222100E+00 8.441E-02
  9.696350E+00 7.500E-02
  1.019240E+01 6.663E-02
  1.071110E+01 5.917E-02
  1.125330E+01 5.255E-02
  1.181960E+01 4.665E-02
  1.241110E+01 4.141E-02
  1.302850E+01 3.674E-02
  1.367270E+01 3.260E-02
  1.434460E+01 2.892E-02
  1.504510E+01 2.565E-02
  1.577520E+01 2.274E-02
  1.653560E+01 2.016E-02
  1.732750E+01 1.787E-02
  1.815170E+01 1.584E-02
  1.900929E+01 1.403E-02
  1.990120E+01 1.243E-02
  2.082851E+01 1.101E-02
  2.179221E+01 9.751E-03
  2.279340E+01 8.633E-03
  2.383310E+01 7.643E-03
  2.442610E+01 7.143E-03
  2.528391E+01 6.493E-03
  2.754240E+01 5.147E-03
  2.969250E+01 4.211E-03
  3.174110E+01 3.534E-03
  3.369450E+01 3.023E-03
  3.522049E+01 2.646E-03
  3.680840E+01 2.339E-03
  3.846048E+01 2.067E-03
  4.017909E+01 1.827E-03
  4.196661E+01 1.614E-03
  4.382550E+01 1.426E-03
  4.575836E+01 1.260E-03
  4.776785E+01 1.114E-03
  4.985670E+01 9.838E-04
  5.202771E+01 8.691E-04
  5.428383E+01 7.677E-04
  5.662805E+01 6.782E-04
  5.906351E+01 5.990E-04
  6.159334E+01 5.291E-04
    3    1    1    5
     55     64
  2.792780E+00    0.0100
  2.094584E+00 1.295E+00
  2.172950E+00 1.191E+00
  2.379560E+00 9.847E-01
  2.586170E+00 8.263E-01
  2.791780E+00 7.026E-01
  2.947040E+00 6.262E-01
  3.110410E+00 5.580E-01
  3.282270E+00 4.972E-01
  3.463010E+00 4.430E-01
  3.653050E+00 3.946E-01
  3.852810E+00 3.515E-01
  4.062720E+00 3.130E-01
  4.283260E+00 2.788E-01
  4.514900E+00 2.482E-01
  4.758120E+00 2.210E-01
  5.013450E+00 1.967E-01
  5.281410E+00 1.750E-01
  5.562550E+00 1.558E-01
  5.857440E+00 1.386E-01
  6.166680E+00 1.233E-01
  6.490860E+00 1.097E-01
  6.830630E+00 9.757E-02
  7.186640E+00 8.677E-02
  7.559560E+00 7.716E-02
  7.950100E+00 6.860E-02
  8.358970E+00 6.098E-02
  8.786920E+00 5.421E-02
  9.234730E+00 4.818E-02
  9.703180E+00 4.281E-02
  1.019310E+01 3.804E-02
  1.070540E+01 3.379E-02
  1.124080E+01 3.002E-02
  1.180040E+01 2.666E-02
  1.238500E+01 2.368E-02
  1.299560E+01 2.103E-02
  1.363320E+01 1.867E-02
  1.429880E+01 1.657E-02
  1.499340E+01 1.471E-02
  1.571830E+01 1.306E-02
  1.647430E+01 1.159E-02
  1.726289E+01 1.028E-02
  1.808501E+01 9.121E-03
  1.894200E+01 8.091E-03
  1.983501E+01 7.177E-03
  2.076550E+01 6.365E-03
  2.173460E+01 5.644E-03
  2.274380E+01 5.005E-03
  2.379449E+01 4.437E-03
  2.488820E+01 3.933E-03
  2.602620E+01 3.487E-03
  2.721021E+01 3.090E-03
  2.844180E+01 2.738E-03
  2.972240E+01 2.426E-03
  3.105389E+01 2.150E-03
  3.243781E+01 1.904E-03
  3.393030E+01 1.707E-03
  3.548538E+01 1.509E-03
  3.710545E+01 1.335E-03
  3.879300E+01 1.180E-03
  4.055058E+01 1.044E-03
  4.238086E+01 9.228E-04
  4.428656E+01 8.159E-04
  4.627060E+01 7.213E-04
  4.833585E+01 6.377E-04
    3    1    1    6
     59     63
  2.050240E+00    0.0100
  1.537680E+00 1.619E+00
  1.637010E+00 1.401E+00
  1.843630E+00 1.092E+00
  2.049240E+00 8.732E-01
  2.162290E+00 7.788E-01
  2.281410E+00 6.945E-01
  2.406890E+00 6.193E-01
  2.539050E+00 5.522E-01
  2.678210E+00 4.923E-01
  2.824710E+00 4.388E-01
  2.978900E+00 3.911E-01
  3.141160E+00 3.486E-01
  3.311850E+00 3.106E-01
  3.491390E+00 2.768E-01
  3.680180E+00 2.466E-01
  3.878650E+00 2.196E-01
  4.087260E+00 1.956E-01
  4.306450E+00 1.742E-01
  4.536710E+00 1.551E-01
  4.778540E+00 1.381E-01
  5.032460E+00 1.230E-01
  5.298990E+00 1.094E-01
  5.578700E+00 9.741E-02
  5.872160E+00 8.668E-02
  6.179960E+00 7.713E-02
  6.502720E+00 6.861E-02
  6.841070E+00 6.104E-02
  7.195680E+00 5.429E-02
  7.567220E+00 4.828E-02
  7.956410E+00 4.293E-02
  8.363950E+00 3.816E-02
  8.790610E+00 3.393E-02
  9.237160E+00 3.015E-02
  9.704410E+00 2.680E-02
  1.019320E+01 2.381E-02
  1.070430E+01 2.116E-02
  1.123870E+01 1.880E-02
  1.179720E+01 1.670E-02
  1.238080E+01 1.483E-02
  1.299050E+01 1.317E-02
  1.362720E+01 1.169E-02
  1.429200E+01 1.038E-02
  1.498590E+01 9.213E-03
  1.571000E+01 8.177E-03
  1.646539E+01 7.256E-03
  1.725320E+01 6.439E-03
  1.807471E+01 5.712E-03
  1.893100E+01 5.068E-03
  1.982350E+01 4.495E-03
  2.075320E+01 3.986E-03
  2.172169E+01 3.535E-03
  2.273019E+01 3.134E-03
  2.378011E+01 2.779E-03
  2.487289E+01 2.463E-03
  2.600990E+01 2.183E-03
  2.719279E+01 1.935E-03
  2.842300E+01 1.714E-03
  2.970219E+01 1.519E-03
  3.103191E+01 1.346E-03
  3.247902E+01 1.217E-03
  3.398843E+01 1.077E-03
  3.556267E+01 9.531E-04
  3.720422E+01 8.433E-04
    3    1    1    7
     62     62
  1.568800E+00    0.0100
  1.176600E+00 1.947E+00
  1.362190E+00 1.422E+00
  1.567800E+00 1.056E+00
  1.653580E+00 9.422E-01
  1.744030E+00 8.406E-01
  1.839390E+00 7.499E-01
  1.939900E+00 6.690E-01
  2.045820E+00 5.967E-01
  2.157440E+00 5.322E-01
  2.275030E+00 4.746E-01
  2.398890E+00 4.232E-01
  2.529330E+00 3.773E-01
  2.666680E+00 3.364E-01
  2.811260E+00 2.999E-01
  2.963440E+00 2.673E-01
  3.123570E+00 2.382E-01
  3.292040E+00 2.123E-01
  3.469230E+00 1.891E-01
  3.655570E+00 1.685E-01
  3.851470E+00 1.501E-01
  4.057380E+00 1.337E-01
  4.273760E+00 1.191E-01
  4.501090E+00 1.060E-01
  4.739850E+00 9.441E-02
  4.990570E+00 8.405E-02
  5.253780E+00 7.482E-02
  5.530030E+00 6.659E-02
  5.819880E+00 5.926E-02
  6.123940E+00 5.273E-02
  6.442810E+00 4.692E-02
  6.777120E+00 4.174E-02
  7.127540E+00 3.712E-02
  7.494740E+00 3.302E-02
  7.879420E+00 2.936E-02
  8.282300E+00 2.610E-02
  8.704130E+00 2.321E-02
  9.145690E+00 2.063E-02
  9.607760E+00 1.833E-02
  1.009120E+01 1.629E-02
  1.059680E+01 1.448E-02
  1.112540E+01 1.286E-02
  1.167810E+01 1.142E-02
  1.225560E+01 1.015E-02
  1.285890E+01 9.010E-03
  1.348910E+01 8.001E-03
  1.414710E+01 7.103E-03
  1.483410E+01 6.305E-03
  1.555090E+01 5.596E-03
  1.629890E+01 4.967E-03
  1.707899E+01 4.407E-03
  1.789250E+01 3.910E-03
  1.874060E+01 3.469E-03
  1.962450E+01 3.077E-03
  2.054550E+01 2.729E-03
  2.150481E+01 2.420E-03
  2.250380E+01 2.146E-03
  2.354401E+01 1.902E-03
  2.462660E+01 1.686E-03
  2.575320E+01 1.494E-03
  2.692509E+01 1.324E-03
  2.814410E+01 1.174E-03
  2.941150E+01 1.040E-03
    3    1    1    8
     63     63
  1.238990E+00    0.0100
  9.292424E-01 2.386E+00
  1.032380E+00 1.838E+00
  1.237990E+00 1.251E+00
  1.305170E+00 1.116E+00
  1.376030E+00 9.964E-01
  1.450760E+00 8.891E-01
  1.529580E+00 7.934E-01
  1.612680E+00 7.079E-01
  1.700300E+00 6.315E-01
  1.792660E+00 5.634E-01
  1.890010E+00 5.026E-01
  1.992600E+00 4.483E-01
  2.100700E+00 3.998E-01
  2.214590E+00 3.565E-01
  2.334540E+00 3.179E-01
  2.460880E+00 2.835E-01
  2.593900E+00 2.527E-01
  2.733940E+00 2.253E-01
  2.881330E+00 2.008E-01
  3.036440E+00 1.790E-01
  3.199640E+00 1.595E-01
  3.371300E+00 1.421E-01
  3.551830E+00 1.266E-01
  3.741650E+00 1.128E-01
  3.941180E+00 1.005E-01
  4.150880E+00 8.951E-02
  4.371210E+00 7.971E-02
  4.602660E+00 7.098E-02
  4.845740E+00 6.319E-02
  5.100950E+00 5.626E-02
  5.368840E+00 5.008E-02
  5.649970E+00 4.457E-02
  5.944920E+00 3.966E-02
  6.254290E+00 3.529E-02
  6.578690E+00 3.139E-02
  6.918780E+00 2.793E-02
  7.275210E+00 2.484E-02
  7.648680E+00 2.209E-02
  8.039880E+00 1.964E-02
  8.449570E+00 1.746E-02
  8.878480E+00 1.552E-02
  9.327400E+00 1.380E-02
  9.797140E+00 1.226E-02
  1.028850E+01 1.090E-02
  1.080240E+01 9.682E-03
  1.133970E+01 8.601E-03
  1.190130E+01 7.640E-03
  1.248820E+01 6.785E-03
  1.310120E+01 6.026E-03
  1.374150E+01 5.350E-03
  1.441000E+01 4.750E-03
  1.510780E+01 4.216E-03
  1.583590E+01 3.742E-03
  1.659560E+01 3.321E-03
  1.738780E+01 2.947E-03
  1.821390E+01 2.614E-03
  1.907510E+01 2.319E-03
  1.997250E+01 2.057E-03
  2.090739E+01 1.824E-03
  2.188130E+01 1.617E-03
  2.289529E+01 1.434E-03
  2.395100E+01 1.271E-03
  2.504970E+01 1.127E-03
    3    1    1    9
     63     63
  1.003220E+00    0.0100
  7.524147E-01 2.820E+00
  7.966120E-01 2.374E+00
  1.002220E+00 1.459E+00
  1.056170E+00 1.302E+00
  1.113090E+00 1.162E+00
  1.173130E+00 1.037E+00
  1.236460E+00 9.259E-01
  1.303260E+00 8.263E-01
  1.373720E+00 7.373E-01
  1.448010E+00 6.579E-01
  1.526350E+00 5.870E-01
  1.608940E+00 5.238E-01
  1.696000E+00 4.673E-01
  1.787770E+00 4.168E-01
  1.884490E+00 3.718E-01
  1.986400E+00 3.316E-01
  2.093770E+00 2.957E-01
  2.206870E+00 2.637E-01
  2.326000E+00 2.352E-01
  2.451440E+00 2.097E-01
  2.583520E+00 1.869E-01
  2.722550E+00 1.666E-01
  2.868870E+00 1.485E-01
  3.022840E+00 1.324E-01
  3.184830E+00 1.180E-01
  3.355220E+00 1.051E-01
  3.534390E+00 9.365E-02
  3.722780E+00 8.343E-02
  3.920800E+00 7.432E-02
  4.128900E+00 6.619E-02
  4.347550E+00 5.895E-02
  4.577220E+00 5.249E-02
  4.818430E+00 4.673E-02
  5.071670E+00 4.160E-02
  5.337490E+00 3.703E-02
  5.616450E+00 3.296E-02
  5.909120E+00 2.933E-02
  6.216100E+00 2.610E-02
  6.538010E+00 2.322E-02
  6.875480E+00 2.065E-02
  7.229170E+00 1.837E-02
  7.599770E+00 1.634E-02
  7.987990E+00 1.453E-02
  8.394550E+00 1.292E-02
  8.820210E+00 1.148E-02
  9.265740E+00 1.021E-02
  9.731950E+00 9.071E-03
  1.021970E+01 8.060E-03
  1.072970E+01 7.162E-03
  1.126310E+01 6.363E-03
  1.182050E+01 5.652E-03
  1.240310E+01 5.020E-03
  1.301170E+01 4.458E-03
  1.364740E+01 3.958E-03
  1.431110E+01 3.514E-03
  1.500390E+01 3.119E-03
  1.572700E+01 2.769E-03
  1.648140E+01 2.457E-03
  1.726820E+01 2.180E-03
  1.808870E+01 1.934E-03
  1.894400E+01 1.716E-03
  1.983540E+01 1.522E-03
  2.076421E+01 1.350E-03
    0    0    0    0
