   11    3    P
    2    0    0    1
     10     80
  2.200079E+01    0.0000
  2.119080E+01 1.730E-01
  2.135280E+01 1.700E-01
  2.151480E+01 1.680E-01
  2.167680E+01 1.650E-01
  2.183881E+01 1.630E-01
  2.200079E+01 1.610E-01
  2.298180E+01 1.480E-01
  2.399680E+01 1.360E-01
  2.504691E+01 1.250E-01
  2.613300E+01 1.150E-01
  2.725630E+01 1.062E-01
  3.108390E+01 7.729E-02
  4.013340E+01 4.647E-02
  4.918300E+01 3.033E-02
  5.823250E+01 2.100E-02
  6.728210E+01 1.520E-02
  7.633160E+01 1.138E-02
  8.538120E+01 8.764E-03
  9.443070E+01 6.901E-03
  1.034800E+02 5.538E-03
  1.034820E+02 1.031E-01
  1.035770E+02 1.029E-01
  1.036710E+02 1.027E-01
  1.037650E+02 1.024E-01
  1.038590E+02 1.022E-01
  1.039530E+02 1.020E-01
  1.040480E+02 1.018E-01
  1.041420E+02 1.015E-01
  1.042360E+02 1.013E-01
  1.043300E+02 1.011E-01
  1.043310E+02 1.339E-01
  1.072320E+02 1.250E-01
  1.102140E+02 1.166E-01
  1.132790E+02 1.088E-01
  1.164280E+02 1.015E-01
  1.196660E+02 9.460E-02
  1.229930E+02 8.817E-02
  1.264130E+02 8.216E-02
  1.299280E+02 7.653E-02
  1.335410E+02 7.127E-02
  1.372540E+02 6.636E-02
  1.410710E+02 6.176E-02
  1.449930E+02 5.747E-02
  1.490250E+02 5.346E-02
  1.531690E+02 4.972E-02
  1.574280E+02 4.623E-02
  1.618050E+02 4.297E-02
  1.663040E+02 3.993E-02
  1.709290E+02 3.710E-02
  1.756810E+02 3.446E-02
  1.805660E+02 3.200E-02
  1.855870E+02 2.971E-02
  1.907480E+02 2.758E-02
  1.960520E+02 2.559E-02
  2.015030E+02 2.374E-02
  2.071060E+02 2.202E-02
  2.128650E+02 2.042E-02
  2.187840E+02 1.893E-02
  2.248670E+02 1.755E-02
  2.311200E+02 1.626E-02
  2.375460E+02 1.507E-02
  2.441520E+02 1.395E-02
  2.509400E+02 1.292E-02
  2.579180E+02 1.197E-02
  2.650900E+02 1.108E-02
  2.724610E+02 1.025E-02
  2.800370E+02 9.486E-03
  2.878240E+02 8.776E-03
  2.958270E+02 8.117E-03
  3.040530E+02 7.507E-03
  3.125070E+02 6.940E-03
  3.211970E+02 6.415E-03
  3.301280E+02 5.929E-03
  3.393070E+02 5.479E-03
  3.487420E+02 5.061E-03
  3.584390E+02 4.675E-03
  3.684060E+02 4.317E-03
  3.786500E+02 3.986E-03
  3.891790E+02 3.680E-03
  4.000000E+02 3.396E-03
    2    0    0    2
     53     79
  9.488440E+00    0.0000
  8.678450E+00 3.170E-01
  8.840440E+00 3.070E-01
  9.002440E+00 2.960E-01
  9.164440E+00 2.870E-01
  9.326440E+00 2.770E-01
  9.488440E+00 2.680E-01
  9.903860E+00 2.480E-01
  1.033540E+01 2.280E-01
  1.078360E+01 2.100E-01
  1.124910E+01 1.940E-01
  1.173230E+01 1.790E-01
  1.223410E+01 1.650E-01
  1.275490E+01 1.520E-01
  1.329550E+01 1.400E-01
  1.385640E+01 1.290E-01
  1.443850E+01 1.190E-01
  1.504240E+01 1.090E-01
  1.566890E+01 1.010E-01
  1.631860E+01 9.300E-02
  1.699249E+01 8.570E-02
  1.769130E+01 7.890E-02
  1.841580E+01 7.270E-02
  1.916690E+01 6.700E-02
  1.994540E+01 6.170E-02
  2.075240E+01 5.680E-02
  2.158870E+01 5.230E-02
  2.245520E+01 4.820E-02
  2.335310E+01 4.440E-02
  2.428320E+01 4.090E-02
  2.524670E+01 3.760E-02
  2.624460E+01 3.470E-02
  2.727811E+01 3.190E-02
  2.834830E+01 2.940E-02
  2.945650E+01 2.700E-02
  3.060370E+01 2.490E-02
  3.179131E+01 2.290E-02
  3.302060E+01 2.110E-02
  3.429280E+01 1.940E-02
  3.560950E+01 1.790E-02
  3.697189E+01 1.640E-02
  3.838161E+01 1.510E-02
  3.984000E+01 1.390E-02
  4.134869E+01 1.280E-02
  4.290919E+01 1.180E-02
  4.452330E+01 1.090E-02
  4.619240E+01 1.000E-02
  4.791850E+01 9.200E-03
  4.970320E+01 8.460E-03
  5.154840E+01 7.790E-03
  5.345599E+01 7.160E-03
  5.542790E+01 6.590E-03
  5.746600E+01 6.060E-03
  5.808839E+01 5.910E-03
  6.117139E+01 5.235E-03
  6.440254E+01 4.641E-03
  6.778828E+01 4.114E-03
  7.133527E+01 3.646E-03
  7.505054E+01 3.231E-03
  7.894138E+01 2.864E-03
  8.301523E+01 2.538E-03
  8.728003E+01 2.249E-03
  9.174388E+01 1.992E-03
  9.641515E+01 1.765E-03
  1.013027E+02 1.564E-03
  1.064157E+02 1.385E-03
  1.117637E+02 1.227E-03
  1.173563E+02 1.087E-03
  1.232039E+02 9.624E-04
  1.293171E+02 8.523E-04
  1.357068E+02 7.547E-04
  1.423845E+02 6.683E-04
  1.493620E+02 5.917E-04
  1.566518E+02 5.239E-04
  1.642664E+02 4.638E-04
  1.722193E+02 4.106E-04
  1.805243E+02 3.635E-04
  1.891954E+02 3.217E-04
  1.982475E+02 2.848E-04
  2.076958E+02 2.520E-04
    2    0    0    3
     66     83
  5.264090E+00    0.0000
  4.454100E+00 5.400E-01
  4.616090E+00 5.050E-01
  4.778090E+00 4.730E-01
  4.940090E+00 4.430E-01
  5.102090E+00 4.170E-01
  5.264090E+00 3.930E-01
  5.488840E+00 3.620E-01
  5.722550E+00 3.340E-01
  5.965540E+00 3.080E-01
  6.218170E+00 2.840E-01
  6.480780E+00 2.620E-01
  6.753730E+00 2.420E-01
  7.037420E+00 2.230E-01
  7.332240E+00 2.060E-01
  7.638570E+00 1.900E-01
  7.956860E+00 1.750E-01
  8.287520E+00 1.610E-01
  8.631010E+00 1.490E-01
  8.987780E+00 1.370E-01
  9.358330E+00 1.260E-01
  9.743130E+00 1.170E-01
  1.014270E+01 1.080E-01
  1.055760E+01 9.910E-02
  1.098830E+01 9.130E-02
  1.143540E+01 8.420E-02
  1.189950E+01 7.760E-02
  1.238120E+01 7.150E-02
  1.288100E+01 6.590E-02
  1.339970E+01 6.070E-02
  1.393800E+01 5.600E-02
  1.449640E+01 5.160E-02
  1.507570E+01 4.750E-02
  1.567650E+01 4.380E-02
  1.629980E+01 4.040E-02
  1.694620E+01 3.720E-02
  1.761650E+01 3.430E-02
  1.831160E+01 3.160E-02
  1.903230E+01 2.910E-02
  1.977950E+01 2.680E-02
  2.055400E+01 2.470E-02
  2.135690E+01 2.270E-02
  2.218910E+01 2.090E-02
  2.305150E+01 1.930E-02
  2.394530E+01 1.780E-02
  2.487140E+01 1.640E-02
  2.583099E+01 1.510E-02
  2.682510E+01 1.390E-02
  2.785500E+01 1.280E-02
  2.892180E+01 1.180E-02
  3.002670E+01 1.080E-02
  3.117110E+01 9.980E-03
  3.235620E+01 9.190E-03
  3.358340E+01 8.460E-03
  3.485410E+01 7.790E-03
  3.616969E+01 7.170E-03
  3.753160E+01 6.600E-03
  3.894150E+01 6.080E-03
  4.040080E+01 5.600E-03
  4.191130E+01 5.150E-03
  4.347440E+01 4.740E-03
  4.509210E+01 4.370E-03
  4.676590E+01 4.020E-03
  4.849789E+01 3.700E-03
  5.028970E+01 3.410E-03
  5.214340E+01 3.130E-03
  5.386411E+01 2.910E-03
  5.673787E+01 2.584E-03
  5.975531E+01 2.293E-03
  6.292307E+01 2.035E-03
  6.624820E+01 1.805E-03
  6.973802E+01 1.601E-03
  7.340019E+01 1.421E-03
  7.724266E+01 1.260E-03
  8.127380E+01 1.118E-03
  8.550224E+01 9.914E-04
  8.993716E+01 8.793E-04
  9.458798E+01 7.798E-04
  9.946458E+01 6.916E-04
  1.045772E+02 6.133E-04
  1.099366E+02 5.438E-04
  1.155540E+02 4.822E-04
  1.214411E+02 4.275E-04
  1.276100E+02 3.791E-04
    2    0    0    4
     78     88
  3.342070E+00    0.0000
  2.532080E+00 9.110E-01
  2.694070E+00 8.090E-01
  2.856070E+00 7.230E-01
  3.018070E+00 6.490E-01
  3.180070E+00 5.860E-01
  3.342070E+00 5.320E-01
  3.481460E+00 4.910E-01
  3.626460E+00 4.530E-01
  3.777280E+00 4.180E-01
  3.934140E+00 3.860E-01
  4.097270E+00 3.560E-01
  4.266920E+00 3.280E-01
  4.443320E+00 3.030E-01
  4.626750E+00 2.790E-01
  4.817450E+00 2.580E-01
  5.015710E+00 2.380E-01
  5.221800E+00 2.190E-01
  5.436040E+00 2.020E-01
  5.658700E+00 1.870E-01
  5.890130E+00 1.720E-01
  6.130630E+00 1.590E-01
  6.380550E+00 1.460E-01
  6.640230E+00 1.350E-01
  6.910050E+00 1.240E-01
  7.190360E+00 1.150E-01
  7.481560E+00 1.060E-01
  7.784050E+00 9.760E-02
  8.098250E+00 9.000E-02
  8.424570E+00 8.300E-02
  8.763460E+00 7.650E-02
  9.115390E+00 7.050E-02
  9.480810E+00 6.500E-02
  9.860230E+00 5.990E-02
  1.025420E+01 5.530E-02
  1.066310E+01 5.090E-02
  1.108760E+01 4.700E-02
  1.152820E+01 4.330E-02
  1.198550E+01 3.990E-02
  1.246010E+01 3.680E-02
  1.295260E+01 3.390E-02
  1.346360E+01 3.120E-02
  1.399390E+01 2.880E-02
  1.454400E+01 2.650E-02
  1.511470E+01 2.450E-02
  1.570670E+01 2.250E-02
  1.632069E+01 2.080E-02
  1.695760E+01 1.910E-02
  1.761810E+01 1.760E-02
  1.830299E+01 1.620E-02
  1.901320E+01 1.500E-02
  1.974950E+01 1.380E-02
  2.051300E+01 1.270E-02
  2.130440E+01 1.170E-02
  2.212480E+01 1.080E-02
  2.297520E+01 9.930E-03
  2.385651E+01 9.140E-03
  2.476990E+01 8.420E-03
  2.571640E+01 7.760E-03
  2.669720E+01 7.150E-03
  2.771330E+01 6.580E-03
  2.876610E+01 6.060E-03
  2.985680E+01 5.580E-03
  3.098660E+01 5.140E-03
  3.215680E+01 4.730E-03
  3.336870E+01 4.360E-03
  3.462390E+01 4.010E-03
  3.592371E+01 3.700E-03
  3.726961E+01 3.400E-03
  3.866310E+01 3.130E-03
  4.010580E+01 2.890E-03
  4.159940E+01 2.660E-03
  4.314540E+01 2.440E-03
  4.474561E+01 2.250E-03
  4.640190E+01 2.070E-03
  4.811591E+01 1.910E-03
  4.988960E+01 1.760E-03
  5.172501E+01 1.620E-03
  5.194209E+01 1.600E-03
  5.472581E+01 1.428E-03
  5.765181E+01 1.268E-03
  6.072697E+01 1.126E-03
  6.395848E+01 9.993E-04
  6.735399E+01 8.871E-04
  7.092146E+01 7.874E-04
  7.466916E+01 6.989E-04
  7.860568E+01 6.203E-04
  8.274023E+01 5.505E-04
  8.708229E+01 4.886E-04
    2    0    0    5
     85     88
  2.308680E+00    0.0000
  1.822670E+00 1.090E+00
  1.984680E+00 9.250E-01
  2.146680E+00 7.920E-01
  2.308670E+00 6.860E-01
  2.403110E+00 6.330E-01
  2.501340E+00 5.840E-01
  2.603520E+00 5.390E-01
  2.709810E+00 4.970E-01
  2.820360E+00 4.590E-01
  2.935340E+00 4.230E-01
  3.054920E+00 3.910E-01
  3.179280E+00 3.600E-01
  3.308600E+00 3.320E-01
  3.443080E+00 3.070E-01
  3.582910E+00 2.830E-01
  3.728300E+00 2.610E-01
  3.879460E+00 2.410E-01
  4.036610E+00 2.220E-01
  4.199980E+00 2.050E-01
  4.369810E+00 1.890E-01
  4.546340E+00 1.740E-01
  4.729820E+00 1.610E-01
  4.920530E+00 1.480E-01
  5.118730E+00 1.370E-01
  5.324700E+00 1.260E-01
  5.538740E+00 1.160E-01
  5.761150E+00 1.070E-01
  5.992250E+00 9.900E-02
  6.232350E+00 9.130E-02
  6.481790E+00 8.420E-02
  6.740930E+00 7.760E-02
  7.010120E+00 7.160E-02
  7.289730E+00 6.600E-02
  7.580150E+00 6.090E-02
  7.881770E+00 5.610E-02
  8.195020E+00 5.180E-02
  8.520310E+00 4.770E-02
  8.858090E+00 4.400E-02
  9.208810E+00 4.060E-02
  9.572950E+00 3.740E-02
  9.950990E+00 3.450E-02
  1.034340E+01 3.180E-02
  1.075080E+01 2.930E-02
  1.117370E+01 2.700E-02
  1.161250E+01 2.490E-02
  1.206800E+01 2.290E-02
  1.254070E+01 2.110E-02
  1.303120E+01 1.950E-02
  1.354010E+01 1.800E-02
  1.406820E+01 1.660E-02
  1.461600E+01 1.530E-02
  1.518440E+01 1.410E-02
  1.577390E+01 1.290E-02
  1.638541E+01 1.190E-02
  1.701961E+01 1.100E-02
  1.767740E+01 1.010E-02
  1.835950E+01 9.340E-03
  1.906680E+01 8.600E-03
  1.980020E+01 7.930E-03
  2.056059E+01 7.300E-03
  2.134891E+01 6.730E-03
  2.216611E+01 6.200E-03
  2.301320E+01 5.710E-03
  2.389120E+01 5.260E-03
  2.480110E+01 4.840E-03
  2.574420E+01 4.460E-03
  2.672141E+01 4.110E-03
  2.773399E+01 3.780E-03
  2.878320E+01 3.490E-03
  2.987010E+01 3.210E-03
  3.099620E+01 2.960E-03
  3.216260E+01 2.720E-03
  3.337080E+01 2.510E-03
  3.462219E+01 2.310E-03
  3.591811E+01 2.130E-03
  3.726010E+01 1.960E-03
  3.864980E+01 1.800E-03
  4.008859E+01 1.660E-03
  4.157829E+01 1.530E-03
  4.312050E+01 1.410E-03
  4.471680E+01 1.300E-03
  4.636929E+01 1.190E-03
  4.807950E+01 1.100E-03
  4.984950E+01 1.010E-03
  5.090871E+01 9.630E-04
  5.365082E+01 8.643E-04
  5.653546E+01 7.676E-04
  5.956967E+01 6.817E-04
    2    0    0    6
     92     92
  1.689850E+00    0.0000
  1.365850E+00 1.310E+00
  1.527850E+00 1.040E+00
  1.689850E+00 8.530E-01
  1.757910E+00 7.870E-01
  1.828710E+00 7.260E-01
  1.902350E+00 6.700E-01
  1.978940E+00 6.180E-01
  2.058600E+00 5.710E-01
  2.141450E+00 5.270E-01
  2.227610E+00 4.860E-01
  2.317210E+00 4.480E-01
  2.410390E+00 4.140E-01
  2.507290E+00 3.820E-01
  2.608060E+00 3.520E-01
  2.712830E+00 3.250E-01
  2.821770E+00 3.000E-01
  2.935040E+00 2.760E-01
  3.052800E+00 2.550E-01
  3.175240E+00 2.350E-01
  3.302530E+00 2.170E-01
  3.434850E+00 2.000E-01
  3.572410E+00 1.850E-01
  3.715390E+00 1.700E-01
  3.864020E+00 1.570E-01
  4.018500E+00 1.450E-01
  4.179060E+00 1.340E-01
  4.345920E+00 1.230E-01
  4.519340E+00 1.140E-01
  4.699560E+00 1.050E-01
  4.886830E+00 9.680E-02
  5.081420E+00 8.930E-02
  5.283620E+00 8.230E-02
  5.493690E+00 7.590E-02
  5.711950E+00 7.000E-02
  5.938700E+00 6.460E-02
  6.174250E+00 5.950E-02
  6.418940E+00 5.490E-02
  6.673100E+00 5.060E-02
  6.937090E+00 4.670E-02
  7.211270E+00 4.300E-02
  7.496030E+00 3.970E-02
  7.791740E+00 3.660E-02
  8.098830E+00 3.370E-02
  8.417690E+00 3.110E-02
  8.748780E+00 2.870E-02
  9.092530E+00 2.640E-02
  9.449400E+00 2.440E-02
  9.819890E+00 2.250E-02
  1.020450E+01 2.070E-02
  1.060370E+01 1.910E-02
  1.101810E+01 1.760E-02
  1.144810E+01 1.620E-02
  1.189440E+01 1.490E-02
  1.235760E+01 1.380E-02
  1.283820E+01 1.270E-02
  1.333690E+01 1.170E-02
  1.385430E+01 1.080E-02
  1.439110E+01 9.940E-03
  1.494800E+01 9.160E-03
  1.552570E+01 8.440E-03
  1.612489E+01 7.780E-03
  1.674640E+01 7.170E-03
  1.739101E+01 6.610E-03
  1.805949E+01 6.090E-03
  1.875270E+01 5.610E-03
  1.947150E+01 5.170E-03
  2.021690E+01 4.760E-03
  2.098959E+01 4.390E-03
  2.179070E+01 4.040E-03
  2.262109E+01 3.720E-03
  2.348190E+01 3.430E-03
  2.437421E+01 3.160E-03
  2.529890E+01 2.910E-03
  2.625720E+01 2.680E-03
  2.725031E+01 2.470E-03
  2.827940E+01 2.270E-03
  2.934560E+01 2.090E-03
  3.045030E+01 1.930E-03
  3.159470E+01 1.780E-03
  3.278011E+01 1.640E-03
  3.400810E+01 1.510E-03
  3.527991E+01 1.390E-03
  3.659711E+01 1.280E-03
  3.796120E+01 1.180E-03
  3.937379E+01 1.080E-03
  4.083640E+01 9.980E-04
  4.235069E+01 9.180E-04
  4.391850E+01 8.460E-04
  4.554150E+01 7.780E-04
  4.722150E+01 7.170E-04
  4.896040E+01 6.600E-04
  5.028990E+01 6.200E-04
    2    0    0    7
     98     98
  1.290190E+00    0.0000
  1.128190E+00 1.360E+00
  1.290190E+00 1.030E+00
  1.341500E+00 9.530E-01
  1.394850E+00 8.790E-01
  1.450350E+00 8.120E-01
  1.508050E+00 7.490E-01
  1.568070E+00 6.910E-01
  1.630480E+00 6.370E-01
  1.695380E+00 5.880E-01
  1.762870E+00 5.430E-01
  1.833040E+00 5.010E-01
  1.906020E+00 4.620E-01
  1.981900E+00 4.260E-01
  2.060800E+00 3.930E-01
  2.142840E+00 3.630E-01
  2.228140E+00 3.350E-01
  2.316820E+00 3.090E-01
  2.409030E+00 2.850E-01
  2.504890E+00 2.630E-01
  2.604550E+00 2.430E-01
  2.708150E+00 2.240E-01
  2.815860E+00 2.060E-01
  2.927820E+00 1.900E-01
  3.044200E+00 1.760E-01
  3.165180E+00 1.620E-01
  3.290930E+00 1.490E-01
  3.421630E+00 1.380E-01
  3.557470E+00 1.270E-01
  3.698660E+00 1.170E-01
  3.845390E+00 1.080E-01
  3.997870E+00 9.980E-02
  4.156330E+00 9.200E-02
  4.321000E+00 8.490E-02
  4.492110E+00 7.830E-02
  4.669900E+00 7.220E-02
  4.854630E+00 6.660E-02
  5.046560E+00 6.140E-02
  5.245960E+00 5.660E-02
  5.453120E+00 5.220E-02
  5.668320E+00 4.820E-02
  5.891870E+00 4.440E-02
  6.124070E+00 4.100E-02
  6.365270E+00 3.780E-02
  6.615780E+00 3.480E-02
  6.875960E+00 3.210E-02
  7.146170E+00 2.960E-02
  7.426770E+00 2.730E-02
  7.718170E+00 2.520E-02
  8.020740E+00 2.320E-02
  8.334910E+00 2.140E-02
  8.661100E+00 1.970E-02
  8.999750E+00 1.820E-02
  9.351330E+00 1.680E-02
  9.716300E+00 1.550E-02
  1.009510E+01 1.420E-02
  1.048840E+01 1.310E-02
  1.089660E+01 1.210E-02
  1.132020E+01 1.120E-02
  1.175980E+01 1.030E-02
  1.221600E+01 9.480E-03
  1.268940E+01 8.740E-03
  1.318060E+01 8.050E-03
  1.369020E+01 7.420E-03
  1.421900E+01 6.840E-03
  1.476750E+01 6.300E-03
  1.533660E+01 5.810E-03
  1.592680E+01 5.350E-03
  1.653909E+01 4.930E-03
  1.717410E+01 4.540E-03
  1.783260E+01 4.190E-03
  1.851550E+01 3.860E-03
  1.922369E+01 3.560E-03
  1.995799E+01 3.280E-03
  2.071941E+01 3.020E-03
  2.150870E+01 2.780E-03
  2.232700E+01 2.560E-03
  2.317520E+01 2.360E-03
  2.405450E+01 2.170E-03
  2.496581E+01 2.000E-03
  2.591029E+01 1.850E-03
  2.688921E+01 1.700E-03
  2.790350E+01 1.570E-03
  2.895450E+01 1.440E-03
  3.004350E+01 1.330E-03
  3.117180E+01 1.220E-03
  3.234061E+01 1.130E-03
  3.355141E+01 1.040E-03
  3.480560E+01 9.550E-04
  3.610460E+01 8.800E-04
  3.745000E+01 8.100E-04
  3.884331E+01 7.460E-04
  4.028610E+01 6.870E-04
  4.178000E+01 6.320E-04
  4.332680E+01 5.820E-04
  4.492821E+01 5.360E-04
  4.658611E+01 4.930E-04
  4.830220E+01 4.540E-04
  4.989020E+01 4.220E-04
    2    0    0    8
     90     90
  1.017210E+00    0.0000
  8.552130E-01 1.750E+00
  1.017210E+00 1.230E+00
  1.057280E+00 1.130E+00
  1.098950E+00 1.040E+00
  1.142270E+00 9.620E-01
  1.187310E+00 8.880E-01
  1.234150E+00 8.190E-01
  1.282840E+00 7.560E-01
  1.333480E+00 6.970E-01
  1.386120E+00 6.430E-01
  1.440860E+00 5.940E-01
  1.497770E+00 5.480E-01
  1.556930E+00 5.050E-01
  1.618450E+00 4.660E-01
  1.682400E+00 4.300E-01
  1.748890E+00 3.970E-01
  1.818020E+00 3.660E-01
  1.889880E+00 3.380E-01
  1.964590E+00 3.120E-01
  2.042260E+00 2.870E-01
  2.122990E+00 2.650E-01
  2.206920E+00 2.440E-01
  2.294160E+00 2.260E-01
  2.384850E+00 2.080E-01
  2.479120E+00 1.920E-01
  2.577100E+00 1.770E-01
  2.678940E+00 1.630E-01
  2.784800E+00 1.510E-01
  2.894820E+00 1.390E-01
  3.009160E+00 1.280E-01
  3.128000E+00 1.180E-01
  3.251500E+00 1.090E-01
  3.379850E+00 1.010E-01
  3.513230E+00 9.280E-02
  3.651830E+00 8.560E-02
  3.795860E+00 7.890E-02
  3.945520E+00 7.280E-02
  4.101020E+00 6.720E-02
  4.262590E+00 6.190E-02
  4.430460E+00 5.710E-02
  4.604870E+00 5.270E-02
  4.786070E+00 4.860E-02
  4.974310E+00 4.480E-02
  5.169860E+00 4.130E-02
  5.373000E+00 3.810E-02
  5.584010E+00 3.510E-02
  5.803180E+00 3.240E-02
  6.030830E+00 2.990E-02
  6.267280E+00 2.760E-02
  6.512840E+00 2.540E-02
  6.767870E+00 2.340E-02
  7.032710E+00 2.160E-02
  7.307740E+00 1.990E-02
  7.593320E+00 1.840E-02
  7.889860E+00 1.690E-02
  8.197750E+00 1.560E-02
  8.517410E+00 1.440E-02
  8.849290E+00 1.330E-02
  9.193830E+00 1.220E-02
  9.551500E+00 1.130E-02
  9.922770E+00 1.040E-02
  1.030820E+01 9.580E-03
  1.070810E+01 8.830E-03
  1.112330E+01 8.140E-03
  1.155420E+01 7.500E-03
  1.200130E+01 6.920E-03
  1.246530E+01 6.380E-03
  1.294680E+01 5.880E-03
  1.344640E+01 5.420E-03
  1.396480E+01 4.990E-03
  1.450250E+01 4.600E-03
  1.506050E+01 4.240E-03
  1.563930E+01 3.910E-03
  1.623959E+01 3.600E-03
  1.686240E+01 3.320E-03
  1.750830E+01 3.060E-03
  1.817821E+01 2.820E-03
  1.887300E+01 2.600E-03
  1.959351E+01 2.390E-03
  2.034061E+01 2.200E-03
  2.111520E+01 2.030E-03
  2.191840E+01 1.870E-03
  2.275110E+01 1.720E-03
  2.361450E+01 1.590E-03
  2.450940E+01 1.460E-03
  2.543700E+01 1.350E-03
  2.639861E+01 1.240E-03
  2.739510E+01 1.140E-03
  2.842799E+01 1.050E-03
  2.936720E+01 9.800E-04
    2    1    1    1
     46     74
  2.069380E+01    0.0000
  1.988380E+01 1.990E-01
  2.004581E+01 1.940E-01
  2.020779E+01 1.900E-01
  2.036980E+01 1.850E-01
  2.053180E+01 1.810E-01
  2.069380E+01 1.770E-01
  2.129520E+01 1.620E-01
  2.191341E+01 1.490E-01
  2.254871E+01 1.370E-01
  2.320151E+01 1.250E-01
  2.387210E+01 1.150E-01
  2.456100E+01 1.050E-01
  2.526849E+01 9.660E-02
  2.599510E+01 8.850E-02
  2.674120E+01 8.120E-02
  2.750710E+01 7.440E-02
  2.829320E+01 6.820E-02
  2.910010E+01 6.260E-02
  2.992799E+01 5.730E-02
  3.077740E+01 5.250E-02
  3.164880E+01 4.820E-02
  3.254250E+01 4.410E-02
  3.345900E+01 4.040E-02
  3.439870E+01 3.710E-02
  3.536200E+01 3.390E-02
  3.634940E+01 3.110E-02
  3.736130E+01 2.850E-02
  3.839819E+01 2.610E-02
  3.946049E+01 2.390E-02
  4.054860E+01 2.190E-02
  4.166310E+01 2.000E-02
  4.280420E+01 1.840E-02
  4.397270E+01 1.680E-02
  4.516870E+01 1.540E-02
  4.639290E+01 1.410E-02
  4.764560E+01 1.290E-02
  4.892751E+01 1.180E-02
  5.023880E+01 1.080E-02
  5.158009E+01 9.880E-03
  5.295180E+01 9.040E-03
  5.435451E+01 8.280E-03
  5.578860E+01 7.570E-03
  5.725450E+01 6.930E-03
  5.875281E+01 6.340E-03
  6.028391E+01 5.800E-03
  6.119380E+01 5.500E-03
  6.349342E+01 4.878E-03
  6.586971E+01 4.298E-03
  6.832489E+01 3.788E-03
  7.086128E+01 3.338E-03
  7.348137E+01 2.941E-03
  7.618755E+01 2.591E-03
  7.898232E+01 2.283E-03
  8.186829E+01 2.011E-03
  8.484814E+01 1.772E-03
  8.792453E+01 1.561E-03
  9.110031E+01 1.375E-03
  9.437839E+01 1.211E-03
  9.776164E+01 1.067E-03
  1.012531E+02 9.393E-04
  1.048559E+02 8.273E-04
  1.085732E+02 7.286E-04
  1.124083E+02 6.416E-04
  1.163644E+02 5.650E-04
  1.204450E+02 4.975E-04
  1.246536E+02 4.381E-04
  1.289939E+02 3.858E-04
  1.334696E+02 3.396E-04
  1.380843E+02 2.990E-04
  1.428421E+02 2.633E-04
  1.477468E+02 2.318E-04
  1.528026E+02 2.040E-04
  1.580135E+02 1.796E-04
  1.633841E+02 1.581E-04
    2    1    1    2
     61     79
  9.130680E+00    0.0000
  8.320690E+00 4.150E-01
  8.482680E+00 3.960E-01
  8.644680E+00 3.790E-01
  8.806680E+00 3.630E-01
  8.968680E+00 3.480E-01
  9.130680E+00 3.330E-01
  9.461840E+00 3.060E-01
  9.803000E+00 2.810E-01
  1.015440E+01 2.580E-01
  1.051630E+01 2.370E-01
  1.088900E+01 2.180E-01
  1.127270E+01 2.000E-01
  1.166780E+01 1.830E-01
  1.207440E+01 1.680E-01
  1.249290E+01 1.550E-01
  1.292360E+01 1.420E-01
  1.336670E+01 1.300E-01
  1.382260E+01 1.200E-01
  1.429160E+01 1.100E-01
  1.477390E+01 1.010E-01
  1.527000E+01 9.240E-02
  1.578010E+01 8.480E-02
  1.630460E+01 7.780E-02
  1.684380E+01 7.140E-02
  1.739799E+01 6.550E-02
  1.796770E+01 6.010E-02
  1.855321E+01 5.510E-02
  1.915480E+01 5.060E-02
  1.977290E+01 4.640E-02
  2.040790E+01 4.260E-02
  2.106030E+01 3.910E-02
  2.173030E+01 3.580E-02
  2.241850E+01 3.280E-02
  2.312520E+01 3.010E-02
  2.385080E+01 2.760E-02
  2.459579E+01 2.530E-02
  2.536060E+01 2.320E-02
  2.614571E+01 2.130E-02
  2.695160E+01 1.950E-02
  2.777859E+01 1.790E-02
  2.862730E+01 1.640E-02
  2.949809E+01 1.510E-02
  3.039160E+01 1.380E-02
  3.130820E+01 1.260E-02
  3.224850E+01 1.160E-02
  3.321300E+01 1.060E-02
  3.420210E+01 9.740E-03
  3.521660E+01 8.920E-03
  3.625681E+01 8.180E-03
  3.732339E+01 7.500E-03
  3.841690E+01 6.870E-03
  3.953799E+01 6.290E-03
  4.068719E+01 5.770E-03
  4.186510E+01 5.280E-03
  4.307230E+01 4.840E-03
  4.430949E+01 4.440E-03
  4.557730E+01 4.060E-03
  4.687630E+01 3.720E-03
  4.820731E+01 3.410E-03
  4.957091E+01 3.130E-03
  4.963071E+01 3.110E-03
  5.164951E+01 2.746E-03
  5.373921E+01 2.422E-03
  5.590201E+01 2.135E-03
  5.814009E+01 1.882E-03
  6.045578E+01 1.660E-03
  6.285141E+01 1.463E-03
  6.532933E+01 1.290E-03
  6.789206E+01 1.137E-03
  7.054213E+01 1.002E-03
  7.328215E+01 8.832E-04
  7.611472E+01 7.784E-04
  7.904269E+01 6.860E-04
  8.206882E+01 6.045E-04
  8.519594E+01 5.327E-04
  8.842702E+01 4.694E-04
  9.176514E+01 4.136E-04
  9.521339E+01 3.644E-04
  9.877492E+01 3.210E-04
    2    1    1    3
     79     85
  5.117650E+00    0.0000
  4.307650E+00 7.260E-01
  4.469650E+00 6.710E-01
  4.631650E+00 6.210E-01
  4.793650E+00 5.760E-01
  4.955650E+00 5.360E-01
  5.117650E+00 4.990E-01
  5.314770E+00 4.590E-01
  5.518570E+00 4.230E-01
  5.729220E+00 3.890E-01
  5.946940E+00 3.570E-01
  6.171900E+00 3.290E-01
  6.404330E+00 3.020E-01
  6.644410E+00 2.780E-01
  6.892370E+00 2.560E-01
  7.148430E+00 2.350E-01
  7.412790E+00 2.160E-01
  7.685690E+00 1.990E-01
  7.967370E+00 1.830E-01
  8.258040E+00 1.680E-01
  8.557960E+00 1.540E-01
  8.867370E+00 1.420E-01
  9.186510E+00 1.300E-01
  9.515660E+00 1.200E-01
  9.855060E+00 1.100E-01
  1.020500E+01 1.010E-01
  1.056570E+01 9.280E-02
  1.093750E+01 8.520E-02
  1.132070E+01 7.830E-02
  1.171550E+01 7.190E-02
  1.212220E+01 6.600E-02
  1.254120E+01 6.060E-02
  1.297270E+01 5.570E-02
  1.341710E+01 5.110E-02
  1.387460E+01 4.690E-02
  1.434570E+01 4.310E-02
  1.483060E+01 3.960E-02
  1.532970E+01 3.630E-02
  1.584330E+01 3.330E-02
  1.637170E+01 3.060E-02
  1.691541E+01 2.810E-02
  1.747470E+01 2.580E-02
  1.804990E+01 2.370E-02
  1.864149E+01 2.170E-02
  1.924980E+01 1.990E-02
  1.987520E+01 1.830E-02
  2.051820E+01 1.680E-02
  2.117909E+01 1.540E-02
  2.185831E+01 1.410E-02
  2.255620E+01 1.290E-02
  2.327341E+01 1.190E-02
  2.401019E+01 1.090E-02
  2.476711E+01 9.990E-03
  2.554449E+01 9.170E-03
  2.634290E+01 8.400E-03
  2.716280E+01 7.710E-03
  2.800459E+01 7.070E-03
  2.886890E+01 6.480E-03
  2.975600E+01 5.940E-03
  3.066670E+01 5.450E-03
  3.160120E+01 4.990E-03
  3.256020E+01 4.580E-03
  3.354430E+01 4.200E-03
  3.455380E+01 3.850E-03
  3.558949E+01 3.530E-03
  3.665179E+01 3.230E-03
  3.774130E+01 2.960E-03
  3.885860E+01 2.710E-03
  4.000430E+01 2.490E-03
  4.117900E+01 2.280E-03
  4.238330E+01 2.090E-03
  4.361780E+01 1.910E-03
  4.488310E+01 1.750E-03
  4.617999E+01 1.610E-03
  4.750890E+01 1.470E-03
  4.887070E+01 1.350E-03
  5.026590E+01 1.240E-03
  5.169521E+01 1.130E-03
  5.315939E+01 1.040E-03
  5.371770E+01 1.000E-03
  5.592372E+01 8.933E-04
  5.820946E+01 7.880E-04
  6.057741E+01 6.952E-04
  6.303026E+01 6.132E-04
  6.557060E+01 5.409E-04
  6.820131E+01 4.770E-04
    2    1    1    4
     90     90
  3.268230E+00    0.0000
  2.458230E+00 1.240E+00
  2.620230E+00 1.090E+00
  2.782230E+00 9.570E-01
  2.944230E+00 8.500E-01
  3.106230E+00 7.580E-01
  3.268230E+00 6.800E-01
  3.396060E+00 6.270E-01
  3.528510E+00 5.770E-01
  3.665720E+00 5.310E-01
  3.807840E+00 4.890E-01
  3.955030E+00 4.500E-01
  4.107440E+00 4.140E-01
  4.265230E+00 3.820E-01
  4.428570E+00 3.510E-01
  4.597620E+00 3.230E-01
  4.772550E+00 2.970E-01
  4.953540E+00 2.740E-01
  5.140780E+00 2.520E-01
  5.334450E+00 2.320E-01
  5.534730E+00 2.130E-01
  5.741820E+00 1.960E-01
  5.955910E+00 1.800E-01
  6.177210E+00 1.660E-01
  6.405940E+00 1.530E-01
  6.642280E+00 1.400E-01
  6.886470E+00 1.290E-01
  7.138720E+00 1.190E-01
  7.399260E+00 1.090E-01
  7.668320E+00 1.000E-01
  7.946140E+00 9.220E-02
  8.232950E+00 8.480E-02
  8.529010E+00 7.800E-02
  8.834550E+00 7.170E-02
  9.149840E+00 6.590E-02
  9.475150E+00 6.050E-02
  9.810730E+00 5.560E-02
  1.015690E+01 5.110E-02
  1.051380E+01 4.700E-02
  1.088190E+01 4.310E-02
  1.126140E+01 3.960E-02
  1.165250E+01 3.640E-02
  1.205570E+01 3.340E-02
  1.247120E+01 3.070E-02
  1.289920E+01 2.820E-02
  1.334030E+01 2.590E-02
  1.379450E+01 2.380E-02
  1.426240E+01 2.190E-02
  1.474420E+01 2.010E-02
  1.524030E+01 1.840E-02
  1.575100E+01 1.690E-02
  1.627670E+01 1.550E-02
  1.681770E+01 1.430E-02
  1.737450E+01 1.310E-02
  1.794730E+01 1.200E-02
  1.853670E+01 1.100E-02
  1.914290E+01 1.010E-02
  1.976640E+01 9.280E-03
  2.040750E+01 8.520E-03
  2.106680E+01 7.820E-03
  2.174460E+01 7.170E-03
  2.244130E+01 6.580E-03
  2.315739E+01 6.040E-03
  2.389340E+01 5.540E-03
  2.464960E+01 5.080E-03
  2.542650E+01 4.660E-03
  2.622470E+01 4.270E-03
  2.704449E+01 3.920E-03
  2.788651E+01 3.590E-03
  2.875121E+01 3.300E-03
  2.963901E+01 3.020E-03
  3.055040E+01 2.770E-03
  3.148610E+01 2.540E-03
  3.244650E+01 2.330E-03
  3.343210E+01 2.140E-03
  3.444350E+01 1.960E-03
  3.548129E+01 1.790E-03
  3.654590E+01 1.640E-03
  3.763800E+01 1.510E-03
  3.875819E+01 1.380E-03
  3.990710E+01 1.270E-03
  4.108510E+01 1.160E-03
  4.229311E+01 1.060E-03
  4.353149E+01 9.750E-04
  4.480099E+01 8.930E-04
  4.610220E+01 8.180E-04
  4.743590E+01 7.500E-04
  4.880260E+01 6.870E-04
  5.020300E+01 6.290E-04
  5.163780E+01 5.770E-04
  5.186819E+01 5.690E-04
    2    1    1    5
     97     97
  2.266320E+00    0.0000
  1.780320E+00 1.460E+00
  1.942320E+00 1.210E+00
  2.104320E+00 1.030E+00
  2.266320E+00 8.770E-01
  2.354980E+00 8.080E-01
  2.446950E+00 7.450E-01
  2.542360E+00 6.860E-01
  2.641310E+00 6.320E-01
  2.743940E+00 5.820E-01
  2.850350E+00 5.360E-01
  2.960670E+00 4.940E-01
  3.075040E+00 4.550E-01
  3.193590E+00 4.190E-01
  3.316440E+00 3.860E-01
  3.443740E+00 3.550E-01
  3.575630E+00 3.270E-01
  3.712260E+00 3.010E-01
  3.853780E+00 2.770E-01
  4.000340E+00 2.560E-01
  4.152100E+00 2.350E-01
  4.309220E+00 2.160E-01
  4.471870E+00 1.990E-01
  4.640210E+00 1.830E-01
  4.814420E+00 1.690E-01
  4.994680E+00 1.550E-01
  5.181170E+00 1.430E-01
  5.374080E+00 1.320E-01
  5.573590E+00 1.210E-01
  5.779910E+00 1.110E-01
  5.993230E+00 1.020E-01
  6.213760E+00 9.420E-02
  6.441710E+00 8.670E-02
  6.677280E+00 7.970E-02
  6.920710E+00 7.330E-02
  7.172210E+00 6.740E-02
  7.432010E+00 6.200E-02
  7.700340E+00 5.700E-02
  7.977450E+00 5.240E-02
  8.263580E+00 4.820E-02
  8.558970E+00 4.430E-02
  8.863890E+00 4.070E-02
  9.178580E+00 3.740E-02
  9.503320E+00 3.440E-02
  9.838380E+00 3.160E-02
  1.018400E+01 2.910E-02
  1.054060E+01 2.670E-02
  1.090820E+01 2.450E-02
  1.128740E+01 2.250E-02
  1.167830E+01 2.070E-02
  1.208120E+01 1.900E-02
  1.249650E+01 1.750E-02
  1.292460E+01 1.600E-02
  1.336560E+01 1.470E-02
  1.381990E+01 1.350E-02
  1.428800E+01 1.240E-02
  1.477000E+01 1.140E-02
  1.526650E+01 1.050E-02
  1.577760E+01 9.630E-03
  1.630380E+01 8.840E-03
  1.684550E+01 8.110E-03
  1.740311E+01 7.450E-03
  1.797681E+01 6.840E-03
  1.856709E+01 6.270E-03
  1.917450E+01 5.760E-03
  1.979919E+01 5.290E-03
  2.044180E+01 4.850E-03
  2.110260E+01 4.450E-03
  2.178200E+01 4.080E-03
  2.248061E+01 3.750E-03
  2.319859E+01 3.440E-03
  2.393671E+01 3.150E-03
  2.469521E+01 2.890E-03
  2.547459E+01 2.650E-03
  2.627530E+01 2.430E-03
  2.709801E+01 2.230E-03
  2.794290E+01 2.050E-03
  2.881070E+01 1.880E-03
  2.970190E+01 1.720E-03
  3.061690E+01 1.580E-03
  3.155630E+01 1.450E-03
  3.252060E+01 1.330E-03
  3.351030E+01 1.220E-03
  3.452600E+01 1.120E-03
  3.556830E+01 1.020E-03
  3.663770E+01 9.380E-04
  3.773480E+01 8.590E-04
  3.886020E+01 7.880E-04
  4.001440E+01 7.220E-04
  4.119810E+01 6.620E-04
  4.241190E+01 6.060E-04
  4.365630E+01 5.560E-04
  4.493210E+01 5.090E-04
  4.623990E+01 4.660E-04
  4.758031E+01 4.270E-04
  4.895399E+01 3.920E-04
  5.036169E+01 3.590E-04
  5.086630E+01 3.480E-04
    2    1    1    6
    104    104
  1.663330E+00    0.0000
  1.339330E+00 1.720E+00
  1.501330E+00 1.350E+00
  1.663330E+00 1.090E+00
  1.728060E+00 1.000E+00
  1.795250E+00 9.250E-01
  1.865010E+00 8.530E-01
  1.937420E+00 7.860E-01
  2.012580E+00 7.250E-01
  2.090580E+00 6.680E-01
  2.171520E+00 6.150E-01
  2.255500E+00 5.670E-01
  2.342630E+00 5.230E-01
  2.433010E+00 4.820E-01
  2.526760E+00 4.440E-01
  2.623990E+00 4.090E-01
  2.724810E+00 3.770E-01
  2.829350E+00 3.470E-01
  2.937730E+00 3.200E-01
  3.050070E+00 2.940E-01
  3.166520E+00 2.710E-01
  3.287190E+00 2.500E-01
  3.412240E+00 2.300E-01
  3.541790E+00 2.120E-01
  3.676000E+00 1.950E-01
  3.815010E+00 1.790E-01
  3.958980E+00 1.650E-01
  4.108060E+00 1.520E-01
  4.262410E+00 1.400E-01
  4.422200E+00 1.290E-01
  4.587600E+00 1.190E-01
  4.758770E+00 1.090E-01
  4.935900E+00 1.000E-01
  5.119170E+00 9.250E-02
  5.308750E+00 8.510E-02
  5.504850E+00 7.830E-02
  5.707650E+00 7.200E-02
  5.917350E+00 6.630E-02
  6.134170E+00 6.100E-02
  6.358300E+00 5.610E-02
  6.589960E+00 5.160E-02
  6.829370E+00 4.740E-02
  7.076740E+00 4.360E-02
  7.332320E+00 4.010E-02
  7.596320E+00 3.690E-02
  7.868990E+00 3.390E-02
  8.150580E+00 3.120E-02
  8.441320E+00 2.870E-02
  8.741480E+00 2.640E-02
  9.051300E+00 2.420E-02
  9.371070E+00 2.230E-02
  9.701040E+00 2.050E-02
  1.004150E+01 1.880E-02
  1.039270E+01 1.730E-02
  1.075500E+01 1.590E-02
  1.112860E+01 1.460E-02
  1.151380E+01 1.340E-02
  1.191100E+01 1.230E-02
  1.232050E+01 1.130E-02
  1.274250E+01 1.040E-02
  1.317740E+01 9.550E-03
  1.362560E+01 8.770E-03
  1.408730E+01 8.060E-03
  1.456290E+01 7.400E-03
  1.505280E+01 6.800E-03
  1.555730E+01 6.240E-03
  1.607680E+01 5.730E-03
  1.661160E+01 5.260E-03
  1.716209E+01 4.830E-03
  1.772870E+01 4.430E-03
  1.831180E+01 4.070E-03
  1.891180E+01 3.740E-03
  1.952901E+01 3.430E-03
  2.016400E+01 3.150E-03
  2.081709E+01 2.890E-03
  2.148869E+01 2.650E-03
  2.217931E+01 2.430E-03
  2.288930E+01 2.230E-03
  2.361920E+01 2.050E-03
  2.436940E+01 1.880E-03
  2.514040E+01 1.720E-03
  2.593269E+01 1.580E-03
  2.674670E+01 1.450E-03
  2.758290E+01 1.330E-03
  2.844180E+01 1.220E-03
  2.932401E+01 1.120E-03
  3.022990E+01 1.020E-03
  3.116000E+01 9.400E-04
  3.211501E+01 8.620E-04
  3.309520E+01 7.900E-04
  3.410139E+01 7.250E-04
  3.513400E+01 6.640E-04
  3.619360E+01 6.090E-04
  3.728070E+01 5.580E-04
  3.839600E+01 5.120E-04
  3.954010E+01 4.690E-04
  4.071350E+01 4.300E-04
  4.191679E+01 3.940E-04
  4.315070E+01 3.610E-04
  4.441589E+01 3.310E-04
  4.571280E+01 3.030E-04
  4.704230E+01 2.780E-04
  4.840500E+01 2.540E-04
  4.980141E+01 2.330E-04
  5.026331E+01 2.260E-04
    2    1    1    7
    110    110
  1.272500E+00    0.0000
  1.110500E+00 1.760E+00
  1.272500E+00 1.320E+00
  1.321630E+00 1.210E+00
  1.372660E+00 1.120E+00
  1.425660E+00 1.030E+00
  1.480690E+00 9.520E-01
  1.537850E+00 8.770E-01
  1.597200E+00 8.090E-01
  1.658810E+00 7.460E-01
  1.722780E+00 6.870E-01
  1.789190E+00 6.340E-01
  1.858120E+00 5.840E-01
  1.929670E+00 5.380E-01
  2.003910E+00 4.960E-01
  2.080960E+00 4.570E-01
  2.160900E+00 4.210E-01
  2.243840E+00 3.880E-01
  2.329890E+00 3.580E-01
  2.419140E+00 3.300E-01
  2.511700E+00 3.040E-01
  2.607690E+00 2.800E-01
  2.707230E+00 2.580E-01
  2.810440E+00 2.370E-01
  2.917430E+00 2.190E-01
  3.028330E+00 2.010E-01
  3.143270E+00 1.860E-01
  3.262380E+00 1.710E-01
  3.385810E+00 1.570E-01
  3.513690E+00 1.450E-01
  3.646150E+00 1.330E-01
  3.783360E+00 1.230E-01
  3.925470E+00 1.130E-01
  4.072620E+00 1.040E-01
  4.224970E+00 9.590E-02
  4.382700E+00 8.820E-02
  4.545960E+00 8.120E-02
  4.714930E+00 7.480E-02
  4.889780E+00 6.880E-02
  5.070700E+00 6.330E-02
  5.257870E+00 5.830E-02
  5.451470E+00 5.360E-02
  5.651700E+00 4.930E-02
  5.858760E+00 4.540E-02
  6.072850E+00 4.170E-02
  6.294180E+00 3.840E-02
  6.522950E+00 3.530E-02
  6.759400E+00 3.250E-02
  7.003730E+00 2.990E-02
  7.256170E+00 2.750E-02
  7.516960E+00 2.530E-02
  7.786340E+00 2.320E-02
  8.064540E+00 2.140E-02
  8.351810E+00 1.960E-02
  8.648410E+00 1.810E-02
  8.954590E+00 1.660E-02
  9.270620E+00 1.530E-02
  9.596770E+00 1.400E-02
  9.933300E+00 1.290E-02
  1.028050E+01 1.180E-02
  1.063870E+01 1.090E-02
  1.100810E+01 1.000E-02
  1.138910E+01 9.190E-03
  1.178190E+01 8.450E-03
  1.218690E+01 7.760E-03
  1.260430E+01 7.130E-03
  1.303460E+01 6.550E-03
  1.347800E+01 6.010E-03
  1.393480E+01 5.520E-03
  1.440550E+01 5.070E-03
  1.489030E+01 4.660E-03
  1.538970E+01 4.280E-03
  1.590390E+01 3.930E-03
  1.643330E+01 3.610E-03
  1.697839E+01 3.310E-03
  1.753951E+01 3.040E-03
  1.811690E+01 2.790E-03
  1.871120E+01 2.560E-03
  1.932260E+01 2.350E-03
  1.995160E+01 2.160E-03
  2.059860E+01 1.980E-03
  2.126410E+01 1.820E-03
  2.194850E+01 1.670E-03
  2.265221E+01 1.530E-03
  2.337560E+01 1.400E-03
  2.411929E+01 1.290E-03
  2.488361E+01 1.180E-03
  2.566910E+01 1.080E-03
  2.647630E+01 9.940E-04
  2.730550E+01 9.120E-04
  2.815739E+01 8.370E-04
  2.903239E+01 7.670E-04
  2.993111E+01 7.040E-04
  3.085390E+01 6.450E-04
  3.180141E+01 5.920E-04
  3.277409E+01 5.430E-04
  3.377260E+01 4.970E-04
  3.479750E+01 4.560E-04
  3.584920E+01 4.180E-04
  3.692841E+01 3.830E-04
  3.803571E+01 3.510E-04
  3.917160E+01 3.220E-04
  4.033681E+01 2.950E-04
  4.153180E+01 2.710E-04
  4.275729E+01 2.480E-04
  4.401390E+01 2.270E-04
  4.530231E+01 2.080E-04
  4.662309E+01 1.910E-04
  4.797690E+01 1.750E-04
  4.936450E+01 1.600E-04
  4.987250E+01 1.550E-04
    2    1    1    8
    116    116
  1.004830E+00    0.0000
  8.428270E-01 2.270E+00
  1.004830E+00 1.560E+00
  1.043300E+00 1.440E+00
  1.083270E+00 1.330E+00
  1.124790E+00 1.220E+00
  1.167930E+00 1.130E+00
  1.212730E+00 1.040E+00
  1.259270E+00 9.590E-01
  1.307600E+00 8.840E-01
  1.357800E+00 8.150E-01
  1.409930E+00 7.520E-01
  1.464070E+00 6.930E-01
  1.520280E+00 6.390E-01
  1.578630E+00 5.890E-01
  1.639220E+00 5.430E-01
  1.702120E+00 5.010E-01
  1.767400E+00 4.610E-01
  1.835170E+00 4.250E-01
  1.905490E+00 3.920E-01
  1.978470E+00 3.610E-01
  2.054200E+00 3.330E-01
  2.132770E+00 3.070E-01
  2.214280E+00 2.830E-01
  2.298830E+00 2.600E-01
  2.386540E+00 2.400E-01
  2.477500E+00 2.210E-01
  2.571820E+00 2.040E-01
  2.669630E+00 1.880E-01
  2.771030E+00 1.730E-01
  2.876150E+00 1.590E-01
  2.985120E+00 1.470E-01
  3.098060E+00 1.350E-01
  3.215090E+00 1.240E-01
  3.336360E+00 1.150E-01
  3.462010E+00 1.050E-01
  3.592170E+00 9.710E-02
  3.726980E+00 8.950E-02
  3.866610E+00 8.240E-02
  4.011200E+00 7.580E-02
  4.160910E+00 6.980E-02
  4.315900E+00 6.420E-02
  4.476340E+00 5.910E-02
  4.642390E+00 5.440E-02
  4.814230E+00 5.010E-02
  4.992040E+00 4.610E-02
  5.176000E+00 4.240E-02
  5.366290E+00 3.900E-02
  5.563110E+00 3.590E-02
  5.766650E+00 3.310E-02
  5.977120E+00 3.040E-02
  6.194710E+00 2.800E-02
  6.419640E+00 2.570E-02
  6.652120E+00 2.370E-02
  6.892370E+00 2.180E-02
  7.140630E+00 2.000E-02
  7.397110E+00 1.840E-02
  7.662040E+00 1.690E-02
  7.935690E+00 1.560E-02
  8.218270E+00 1.430E-02
  8.510060E+00 1.320E-02
  8.811300E+00 1.210E-02
  9.122250E+00 1.110E-02
  9.443190E+00 1.020E-02
  9.774380E+00 9.390E-03
  1.011610E+01 8.630E-03
  1.046860E+01 7.930E-03
  1.083230E+01 7.290E-03
  1.120730E+01 6.700E-03
  1.159410E+01 6.160E-03
  1.199290E+01 5.660E-03
  1.240400E+01 5.200E-03
  1.282780E+01 4.770E-03
  1.326450E+01 4.380E-03
  1.371450E+01 4.030E-03
  1.417820E+01 3.700E-03
  1.465590E+01 3.400E-03
  1.514790E+01 3.120E-03
  1.565470E+01 2.860E-03
  1.617650E+01 2.630E-03
  1.671381E+01 2.410E-03
  1.726691E+01 2.220E-03
  1.783620E+01 2.040E-03
  1.842220E+01 1.870E-03
  1.902510E+01 1.720E-03
  1.964549E+01 1.570E-03
  2.028371E+01 1.450E-03
  2.094020E+01 1.330E-03
  2.161540E+01 1.220E-03
  2.230969E+01 1.120E-03
  2.302361E+01 1.020E-03
  2.375751E+01 9.400E-04
  2.451190E+01 8.620E-04
  2.528729E+01 7.910E-04
  2.608420E+01 7.260E-04
  2.690300E+01 6.660E-04
  2.774420E+01 6.110E-04
  2.860831E+01 5.600E-04
  2.949590E+01 5.140E-04
  3.040750E+01 4.710E-04
  3.134360E+01 4.320E-04
  3.230470E+01 3.960E-04
  3.329131E+01 3.630E-04
  3.430409E+01 3.330E-04
  3.534360E+01 3.050E-04
  3.641040E+01 2.800E-04
  3.750510E+01 2.570E-04
  3.862810E+01 2.350E-04
  3.978030E+01 2.160E-04
  4.096210E+01 1.980E-04
  4.217410E+01 1.810E-04
  4.341710E+01 1.660E-04
  4.469170E+01 1.520E-04
  4.599840E+01 1.390E-04
  4.733800E+01 1.280E-04
  4.871111E+01 1.170E-04
  4.960480E+01 1.110E-04
    2    2    0    1
     71     80
  9.005540E+00    0.0000
  8.195550E+00 3.100E-01
  8.357540E+00 2.900E-01
  8.519540E+00 2.720E-01
  8.681540E+00 2.550E-01
  8.843540E+00 2.390E-01
  9.005540E+00 2.250E-01
  9.239590E+00 2.060E-01
  9.479020E+00 1.880E-01
  9.723930E+00 1.720E-01
  9.974430E+00 1.580E-01
  1.023060E+01 1.440E-01
  1.049270E+01 1.320E-01
  1.076060E+01 1.210E-01
  1.103460E+01 1.110E-01
  1.131470E+01 1.010E-01
  1.160110E+01 9.270E-02
  1.189400E+01 8.490E-02
  1.219330E+01 7.770E-02
  1.249930E+01 7.110E-02
  1.281210E+01 6.500E-02
  1.313180E+01 5.950E-02
  1.345850E+01 5.450E-02
  1.379230E+01 4.980E-02
  1.413350E+01 4.560E-02
  1.448220E+01 4.170E-02
  1.483840E+01 3.820E-02
  1.520230E+01 3.490E-02
  1.557410E+01 3.190E-02
  1.595390E+01 2.920E-02
  1.634190E+01 2.670E-02
  1.673820E+01 2.450E-02
  1.714301E+01 2.240E-02
  1.755630E+01 2.050E-02
  1.797850E+01 1.870E-02
  1.840961E+01 1.710E-02
  1.884979E+01 1.570E-02
  1.929930E+01 1.430E-02
  1.975819E+01 1.310E-02
  2.022681E+01 1.200E-02
  2.070509E+01 1.100E-02
  2.119330E+01 1.000E-02
  2.169180E+01 9.160E-03
  2.220050E+01 8.380E-03
  2.271970E+01 7.660E-03
  2.324960E+01 7.010E-03
  2.379041E+01 6.410E-03
  2.434230E+01 5.860E-03
  2.490540E+01 5.360E-03
  2.548000E+01 4.900E-03
  2.606630E+01 4.480E-03
  2.666440E+01 4.090E-03
  2.727460E+01 3.740E-03
  2.789700E+01 3.420E-03
  2.853200E+01 3.130E-03
  2.917970E+01 2.860E-03
  2.984030E+01 2.610E-03
  3.051410E+01 2.390E-03
  3.120120E+01 2.180E-03
  3.190199E+01 2.000E-03
  3.261659E+01 1.820E-03
  3.334520E+01 1.670E-03
  3.408820E+01 1.520E-03
  3.484570E+01 1.390E-03
  3.561810E+01 1.270E-03
  3.640550E+01 1.160E-03
  3.720810E+01 1.060E-03
  3.802640E+01 9.720E-04
  3.886040E+01 8.880E-04
  3.971060E+01 8.120E-04
  4.057710E+01 7.420E-04
  4.140550E+01 6.820E-04
  4.270036E+01 6.005E-04
  4.403125E+01 5.279E-04
  4.539903E+01 4.641E-04
  4.680461E+01 4.081E-04
  4.824896E+01 3.587E-04
  4.973300E+01 3.154E-04
  5.125771E+01 2.772E-04
  5.282405E+01 2.437E-04
  5.443309E+01 2.142E-04
    2    2    0    2
     83     85
  5.065400E+00    0.0000
  4.255410E+00 7.170E-01
  4.417400E+00 6.490E-01
  4.579400E+00 5.880E-01
  4.741400E+00 5.350E-01
  4.903400E+00 4.870E-01
  5.065400E+00 4.450E-01
  5.225930E+00 4.080E-01
  5.390570E+00 3.740E-01
  5.559400E+00 3.430E-01
  5.732510E+00 3.140E-01
  5.909980E+00 2.880E-01
  6.091910E+00 2.640E-01
  6.278380E+00 2.420E-01
  6.469490E+00 2.210E-01
  6.665340E+00 2.030E-01
  6.866020E+00 1.860E-01
  7.071620E+00 1.700E-01
  7.282250E+00 1.560E-01
  7.498010E+00 1.430E-01
  7.719000E+00 1.310E-01
  7.945330E+00 1.200E-01
  8.177100E+00 1.100E-01
  8.414410E+00 1.000E-01
  8.657390E+00 9.210E-02
  8.906130E+00 8.430E-02
  9.160760E+00 7.720E-02
  9.421390E+00 7.070E-02
  9.688130E+00 6.470E-02
  9.961110E+00 5.930E-02
  1.024040E+01 5.420E-02
  1.052620E+01 4.970E-02
  1.081870E+01 4.550E-02
  1.111780E+01 4.160E-02
  1.142380E+01 3.810E-02
  1.173680E+01 3.490E-02
  1.205690E+01 3.190E-02
  1.238430E+01 2.920E-02
  1.271900E+01 2.670E-02
  1.306130E+01 2.450E-02
  1.341130E+01 2.240E-02
  1.376910E+01 2.050E-02
  1.413480E+01 1.880E-02
  1.450870E+01 1.720E-02
  1.489080E+01 1.570E-02
  1.528140E+01 1.440E-02
  1.568050E+01 1.310E-02
  1.608830E+01 1.200E-02
  1.650510E+01 1.100E-02
  1.693089E+01 1.010E-02
  1.736591E+01 9.210E-03
  1.781030E+01 8.430E-03
  1.826421E+01 7.710E-03
  1.872791E+01 7.050E-03
  1.920151E+01 6.450E-03
  1.968520E+01 5.900E-03
  2.017909E+01 5.400E-03
  2.068350E+01 4.940E-03
  2.119850E+01 4.510E-03
  2.172440E+01 4.130E-03
  2.226131E+01 3.780E-03
  2.280930E+01 3.450E-03
  2.336880E+01 3.160E-03
  2.393990E+01 2.890E-03
  2.452280E+01 2.640E-03
  2.511780E+01 2.410E-03
  2.572501E+01 2.210E-03
  2.634460E+01 2.020E-03
  2.697690E+01 1.850E-03
  2.762199E+01 1.690E-03
  2.828030E+01 1.540E-03
  2.895190E+01 1.410E-03
  2.963710E+01 1.290E-03
  3.033600E+01 1.180E-03
  3.104900E+01 1.080E-03
  3.177631E+01 9.860E-04
  3.251810E+01 9.010E-04
  3.327460E+01 8.240E-04
  3.404610E+01 7.530E-04
  3.483299E+01 6.880E-04
  3.563530E+01 6.290E-04
  3.645340E+01 5.750E-04
  3.728760E+01 5.250E-04
  3.746539E+01 5.160E-04
  3.869412E+01 4.539E-04
  3.995737E+01 3.990E-04
    2    2    0    3
     93     93
  3.241610E+00    0.0000
  2.431620E+00 1.340E+00
  2.593610E+00 1.150E+00
  2.755610E+00 9.950E-01
  2.917610E+00 8.660E-01
  3.079610E+00 7.570E-01
  3.241610E+00 6.670E-01
  3.354540E+00 6.120E-01
  3.470710E+00 5.610E-01
  3.590190E+00 5.150E-01
  3.713050E+00 4.730E-01
  3.839370E+00 4.340E-01
  3.969240E+00 3.980E-01
  4.102710E+00 3.650E-01
  4.239890E+00 3.350E-01
  4.380840E+00 3.070E-01
  4.525660E+00 2.820E-01
  4.674410E+00 2.580E-01
  4.827200E+00 2.370E-01
  4.984110E+00 2.170E-01
  5.145220E+00 1.990E-01
  5.310630E+00 1.830E-01
  5.480420E+00 1.680E-01
  5.654690E+00 1.540E-01
  5.833530E+00 1.410E-01
  6.017040E+00 1.290E-01
  6.205320E+00 1.180E-01
  6.398460E+00 1.080E-01
  6.596570E+00 9.940E-02
  6.799740E+00 9.110E-02
  7.008090E+00 8.350E-02
  7.221710E+00 7.650E-02
  7.440710E+00 7.010E-02
  7.665210E+00 6.420E-02
  7.895300E+00 5.880E-02
  8.131110E+00 5.390E-02
  8.372740E+00 4.940E-02
  8.620320E+00 4.520E-02
  8.873960E+00 4.140E-02
  9.133780E+00 3.790E-02
  9.399890E+00 3.470E-02
  9.672430E+00 3.180E-02
  9.951520E+00 2.920E-02
  1.023730E+01 2.670E-02
  1.052980E+01 2.440E-02
  1.082930E+01 2.240E-02
  1.113590E+01 2.050E-02
  1.144960E+01 1.880E-02
  1.177070E+01 1.720E-02
  1.209930E+01 1.570E-02
  1.243540E+01 1.440E-02
  1.277940E+01 1.320E-02
  1.313120E+01 1.210E-02
  1.349110E+01 1.100E-02
  1.385910E+01 1.010E-02
  1.423550E+01 9.250E-03
  1.462040E+01 8.470E-03
  1.501400E+01 7.750E-03
  1.541640E+01 7.090E-03
  1.582770E+01 6.490E-03
  1.624820E+01 5.940E-03
  1.667790E+01 5.430E-03
  1.711710E+01 4.970E-03
  1.756599E+01 4.550E-03
  1.802460E+01 4.160E-03
  1.849330E+01 3.810E-03
  1.897200E+01 3.480E-03
  1.946120E+01 3.190E-03
  1.996080E+01 2.910E-03
  2.047110E+01 2.670E-03
  2.099229E+01 2.440E-03
  2.152451E+01 2.230E-03
  2.206799E+01 2.040E-03
  2.262300E+01 1.870E-03
  2.318961E+01 1.710E-03
  2.376810E+01 1.560E-03
  2.435860E+01 1.430E-03
  2.496140E+01 1.300E-03
  2.557660E+01 1.190E-03
  2.620450E+01 1.090E-03
  2.684531E+01 9.980E-04
  2.749921E+01 9.120E-04
  2.816640E+01 8.340E-04
  2.884720E+01 7.620E-04
  2.954170E+01 6.970E-04
  3.025020E+01 6.370E-04
  3.097290E+01 5.820E-04
  3.171001E+01 5.320E-04
  3.246190E+01 4.870E-04
  3.322870E+01 4.450E-04
  3.401070E+01 4.070E-04
  3.480811E+01 3.720E-04
  3.562109E+01 3.400E-04
  3.564160E+01 3.390E-04
    2    2    0    4
     99     99
  2.250970E+00    0.0000
  1.764970E+00 1.570E+00
  1.926970E+00 1.290E+00
  2.088970E+00 1.070E+00
  2.250970E+00 8.950E-01
  2.333170E+00 8.220E-01
  2.417950E+00 7.550E-01
  2.505360E+00 6.940E-01
  2.595480E+00 6.370E-01
  2.688360E+00 5.850E-01
  2.784090E+00 5.380E-01
  2.882720E+00 4.940E-01
  2.984330E+00 4.530E-01
  3.089000E+00 4.160E-01
  3.196780E+00 3.820E-01
  3.307760E+00 3.510E-01
  3.422010E+00 3.220E-01
  3.539610E+00 2.960E-01
  3.660640E+00 2.710E-01
  3.785170E+00 2.490E-01
  3.913280E+00 2.290E-01
  4.045070E+00 2.100E-01
  4.180600E+00 1.930E-01
  4.319970E+00 1.770E-01
  4.463260E+00 1.620E-01
  4.610560E+00 1.490E-01
  4.761960E+00 1.360E-01
  4.917540E+00 1.250E-01
  5.077400E+00 1.150E-01
  5.241630E+00 1.050E-01
  5.410330E+00 9.660E-02
  5.583600E+00 8.850E-02
  5.761510E+00 8.120E-02
  5.944190E+00 7.450E-02
  6.131730E+00 6.830E-02
  6.324230E+00 6.260E-02
  6.521800E+00 5.740E-02
  6.724530E+00 5.260E-02
  6.932540E+00 4.820E-02
  7.145930E+00 4.420E-02
  7.364820E+00 4.050E-02
  7.589320E+00 3.710E-02
  7.819530E+00 3.400E-02
  8.055580E+00 3.120E-02
  8.297580E+00 2.860E-02
  8.545650E+00 2.620E-02
  8.799910E+00 2.400E-02
  9.060480E+00 2.200E-02
  9.327480E+00 2.010E-02
  9.601040E+00 1.840E-02
  9.881300E+00 1.690E-02
  1.016840E+01 1.550E-02
  1.046240E+01 1.420E-02
  1.076350E+01 1.300E-02
  1.107180E+01 1.190E-02
  1.138740E+01 1.090E-02
  1.171060E+01 9.960E-03
  1.204140E+01 9.120E-03
  1.237990E+01 8.350E-03
  1.272640E+01 7.640E-03
  1.308090E+01 7.000E-03
  1.344360E+01 6.400E-03
  1.381470E+01 5.860E-03
  1.419430E+01 5.370E-03
  1.458260E+01 4.910E-03
  1.497960E+01 4.500E-03
  1.538570E+01 4.120E-03
  1.580090E+01 3.770E-03
  1.622540E+01 3.450E-03
  1.665939E+01 3.150E-03
  1.710300E+01 2.890E-03
  1.755640E+01 2.640E-03
  1.801970E+01 2.420E-03
  1.849330E+01 2.210E-03
  1.897710E+01 2.020E-03
  1.947150E+01 1.850E-03
  1.997650E+01 1.690E-03
  2.049240E+01 1.550E-03
  2.101930E+01 1.420E-03
  2.155750E+01 1.300E-03
  2.210710E+01 1.180E-03
  2.266830E+01 1.080E-03
  2.324130E+01 9.910E-04
  2.382640E+01 9.060E-04
  2.442360E+01 8.280E-04
  2.503320E+01 7.580E-04
  2.565550E+01 6.930E-04
  2.629060E+01 6.330E-04
  2.693871E+01 5.790E-04
  2.760001E+01 5.290E-04
  2.827490E+01 4.840E-04
  2.896330E+01 4.420E-04
  2.966570E+01 4.050E-04
  3.038220E+01 3.700E-04
  3.111301E+01 3.380E-04
  3.185840E+01 3.090E-04
  3.261861E+01 2.820E-04
  3.339380E+01 2.580E-04
  3.418430E+01 2.360E-04
  3.465100E+01 2.240E-04
    2    2    0    5
    106    106
  1.653690E+00    0.0000
  1.329690E+00 1.850E+00
  1.491690E+00 1.430E+00
  1.653690E+00 1.130E+00
  1.715540E+00 1.040E+00
  1.779450E+00 9.570E-01
  1.845480E+00 8.800E-01
  1.913690E+00 8.090E-01
  1.984130E+00 7.440E-01
  2.056870E+00 6.840E-01
  2.131970E+00 6.290E-01
  2.209480E+00 5.780E-01
  2.289480E+00 5.310E-01
  2.372020E+00 4.880E-01
  2.457170E+00 4.490E-01
  2.545000E+00 4.120E-01
  2.635580E+00 3.790E-01
  2.728980E+00 3.480E-01
  2.825250E+00 3.200E-01
  2.924490E+00 2.940E-01
  3.026760E+00 2.700E-01
  3.132130E+00 2.480E-01
  3.240680E+00 2.270E-01
  3.352490E+00 2.090E-01
  3.467630E+00 1.920E-01
  3.586180E+00 1.760E-01
  3.708230E+00 1.620E-01
  3.833860E+00 1.480E-01
  3.963150E+00 1.360E-01
  4.096180E+00 1.250E-01
  4.233040E+00 1.150E-01
  4.373820E+00 1.050E-01
  4.518600E+00 9.660E-02
  4.667480E+00 8.860E-02
  4.820550E+00 8.130E-02
  4.977910E+00 7.460E-02
  5.139630E+00 6.840E-02
  5.305830E+00 6.280E-02
  5.476600E+00 5.760E-02
  5.652040E+00 5.280E-02
  5.832240E+00 4.840E-02
  6.017320E+00 4.440E-02
  6.207360E+00 4.070E-02
  6.402490E+00 3.730E-02
  6.602800E+00 3.420E-02
  6.808410E+00 3.140E-02
  7.019420E+00 2.880E-02
  7.235940E+00 2.640E-02
  7.458090E+00 2.420E-02
  7.685980E+00 2.210E-02
  7.919730E+00 2.030E-02
  8.159460E+00 1.860E-02
  8.405280E+00 1.710E-02
  8.657320E+00 1.560E-02
  8.915690E+00 1.430E-02
  9.180530E+00 1.310E-02
  9.451960E+00 1.200E-02
  9.730100E+00 1.100E-02
  1.001510E+01 1.010E-02
  1.030710E+01 9.240E-03
  1.060610E+01 8.460E-03
  1.091250E+01 7.750E-03
  1.122620E+01 7.100E-03
  1.154740E+01 6.500E-03
  1.187630E+01 5.950E-03
  1.221300E+01 5.450E-03
  1.255770E+01 4.990E-03
  1.291040E+01 4.570E-03
  1.327150E+01 4.180E-03
  1.364080E+01 3.830E-03
  1.401880E+01 3.500E-03
  1.440540E+01 3.210E-03
  1.480090E+01 2.940E-03
  1.520540E+01 2.690E-03
  1.561910E+01 2.460E-03
  1.604210E+01 2.250E-03
  1.647470E+01 2.060E-03
  1.691690E+01 1.880E-03
  1.736890E+01 1.730E-03
  1.783090E+01 1.580E-03
  1.830310E+01 1.440E-03
  1.878571E+01 1.320E-03
  1.927870E+01 1.210E-03
  1.978250E+01 1.110E-03
  2.029720E+01 1.010E-03
  2.082300E+01 9.250E-04
  2.136000E+01 8.460E-04
  2.190840E+01 7.740E-04
  2.246851E+01 7.080E-04
  2.304041E+01 6.470E-04
  2.362440E+01 5.920E-04
  2.422050E+01 5.410E-04
  2.482910E+01 4.950E-04
  2.545030E+01 4.530E-04
  2.608430E+01 4.140E-04
  2.673129E+01 3.780E-04
  2.739160E+01 3.460E-04
  2.806531E+01 3.160E-04
  2.875270E+01 2.890E-04
  2.945399E+01 2.640E-04
  3.016930E+01 2.420E-04
  3.089900E+01 2.210E-04
  3.164320E+01 2.020E-04
  3.240221E+01 1.850E-04
  3.317619E+01 1.690E-04
  3.396539E+01 1.540E-04
  3.405370E+01 1.530E-04
    2    2    0    6
    111    111
  1.266050E+00    0.0000
  1.104050E+00 1.870E+00
  1.266050E+00 1.380E+00
  1.313880E+00 1.270E+00
  1.363380E+00 1.170E+00
  1.414600E+00 1.080E+00
  1.467580E+00 9.910E-01
  1.522390E+00 9.120E-01
  1.579070E+00 8.390E-01
  1.637670E+00 7.720E-01
  1.698250E+00 7.100E-01
  1.760870E+00 6.530E-01
  1.825590E+00 6.000E-01
  1.892460E+00 5.520E-01
  1.961530E+00 5.080E-01
  2.032880E+00 4.670E-01
  2.106560E+00 4.290E-01
  2.182640E+00 3.950E-01
  2.261170E+00 3.630E-01
  2.342230E+00 3.330E-01
  2.425890E+00 3.060E-01
  2.512200E+00 2.810E-01
  2.601230E+00 2.590E-01
  2.693070E+00 2.380E-01
  2.787770E+00 2.180E-01
  2.885410E+00 2.010E-01
  2.986070E+00 1.840E-01
  3.089820E+00 1.690E-01
  3.196730E+00 1.550E-01
  3.306890E+00 1.430E-01
  3.420370E+00 1.310E-01
  3.537250E+00 1.200E-01
  3.657620E+00 1.100E-01
  3.781550E+00 1.010E-01
  3.909130E+00 9.320E-02
  4.040460E+00 8.550E-02
  4.175600E+00 7.850E-02
  4.314660E+00 7.200E-02
  4.457720E+00 6.610E-02
  4.604870E+00 6.070E-02
  4.756210E+00 5.570E-02
  4.911830E+00 5.110E-02
  5.071830E+00 4.690E-02
  5.236290E+00 4.300E-02
  5.405330E+00 3.940E-02
  5.579040E+00 3.620E-02
  5.757520E+00 3.320E-02
  5.940870E+00 3.040E-02
  6.129210E+00 2.790E-02
  6.322630E+00 2.560E-02
  6.521240E+00 2.350E-02
  6.725150E+00 2.150E-02
  6.934470E+00 1.970E-02
  7.149320E+00 1.810E-02
  7.369800E+00 1.660E-02
  7.596040E+00 1.520E-02
  7.828140E+00 1.390E-02
  8.066240E+00 1.280E-02
  8.310440E+00 1.170E-02
  8.560870E+00 1.070E-02
  8.817650E+00 9.820E-03
  9.080920E+00 9.000E-03
  9.350790E+00 8.250E-03
  9.627390E+00 7.560E-03
  9.910850E+00 6.920E-03
  1.020130E+01 6.340E-03
  1.049890E+01 5.810E-03
  1.080380E+01 5.320E-03
  1.111600E+01 4.870E-03
  1.143580E+01 4.460E-03
  1.176330E+01 4.090E-03
  1.209860E+01 3.740E-03
  1.244180E+01 3.430E-03
  1.279320E+01 3.140E-03
  1.315290E+01 2.870E-03
  1.352090E+01 2.630E-03
  1.389760E+01 2.410E-03
  1.428290E+01 2.200E-03
  1.467710E+01 2.020E-03
  1.508030E+01 1.850E-03
  1.549280E+01 1.690E-03
  1.591460E+01 1.550E-03
  1.634590E+01 1.420E-03
  1.678680E+01 1.300E-03
  1.723770E+01 1.180E-03
  1.769850E+01 1.090E-03
  1.816949E+01 9.920E-04
  1.865089E+01 9.080E-04
  1.914290E+01 8.310E-04
  1.964549E+01 7.600E-04
  2.015910E+01 6.950E-04
  2.068370E+01 6.360E-04
  2.121950E+01 5.820E-04
  2.176680E+01 5.320E-04
  2.232581E+01 4.870E-04
  2.289661E+01 4.450E-04
  2.347940E+01 4.070E-04
  2.407440E+01 3.720E-04
  2.468179E+01 3.400E-04
  2.530180E+01 3.110E-04
  2.593460E+01 2.840E-04
  2.658051E+01 2.600E-04
  2.723950E+01 2.380E-04
  2.791200E+01 2.170E-04
  2.859810E+01 1.990E-04
  2.929810E+01 1.820E-04
  3.001210E+01 1.660E-04
  3.074049E+01 1.520E-04
  3.148331E+01 1.390E-04
  3.224080E+01 1.270E-04
  3.301331E+01 1.160E-04
  3.366600E+01 1.080E-04
    2    2    0    7
    117    117
  1.000300E+00    0.0000
  8.383030E-01 2.430E+00
  1.000300E+00 1.640E+00
  1.038230E+00 1.510E+00
  1.077530E+00 1.390E+00
  1.118230E+00 1.280E+00
  1.160380E+00 1.180E+00
  1.204040E+00 1.090E+00
  1.249230E+00 1.000E+00
  1.296020E+00 9.220E-01
  1.344440E+00 8.480E-01
  1.394550E+00 7.800E-01
  1.446400E+00 7.180E-01
  1.500040E+00 6.610E-01
  1.555520E+00 6.080E-01
  1.612900E+00 5.590E-01
  1.672220E+00 5.150E-01
  1.733550E+00 4.730E-01
  1.796940E+00 4.350E-01
  1.862450E+00 4.000E-01
  1.930150E+00 3.680E-01
  2.000080E+00 3.390E-01
  2.072310E+00 3.110E-01
  2.146910E+00 2.860E-01
  2.223940E+00 2.630E-01
  2.303460E+00 2.420E-01
  2.385530E+00 2.220E-01
  2.470240E+00 2.040E-01
  2.557650E+00 1.880E-01
  2.647820E+00 1.730E-01
  2.740830E+00 1.590E-01
  2.836750E+00 1.460E-01
  2.935650E+00 1.340E-01
  3.037610E+00 1.230E-01
  3.142720E+00 1.130E-01
  3.251030E+00 1.040E-01
  3.362640E+00 9.530E-02
  3.477620E+00 8.750E-02
  3.596060E+00 8.030E-02
  3.718030E+00 7.380E-02
  3.843630E+00 6.770E-02
  3.972950E+00 6.220E-02
  4.106050E+00 5.710E-02
  4.243040E+00 5.240E-02
  4.384010E+00 4.810E-02
  4.529040E+00 4.410E-02
  4.678240E+00 4.050E-02
  4.831680E+00 3.720E-02
  4.989480E+00 3.410E-02
  5.151720E+00 3.130E-02
  5.318510E+00 2.870E-02
  5.489950E+00 2.630E-02
  5.666130E+00 2.410E-02
  5.847160E+00 2.210E-02
  6.033140E+00 2.030E-02
  6.224190E+00 1.860E-02
  6.420410E+00 1.710E-02
  6.621900E+00 1.570E-02
  6.828780E+00 1.440E-02
  7.041160E+00 1.320E-02
  7.259160E+00 1.210E-02
  7.482890E+00 1.110E-02
  7.712460E+00 1.020E-02
  7.948000E+00 9.300E-03
  8.189620E+00 8.520E-03
  8.437450E+00 7.810E-03
  8.691610E+00 7.160E-03
  8.952230E+00 6.560E-03
  9.219430E+00 6.010E-03
  9.493340E+00 5.510E-03
  9.774090E+00 5.050E-03
  1.006180E+01 4.620E-03
  1.035670E+01 4.230E-03
  1.065870E+01 3.880E-03
  1.096820E+01 3.550E-03
  1.128510E+01 3.250E-03
  1.160980E+01 2.980E-03
  1.194220E+01 2.730E-03
  1.228260E+01 2.500E-03
  1.263110E+01 2.290E-03
  1.298780E+01 2.090E-03
  1.335280E+01 1.920E-03
  1.372650E+01 1.760E-03
  1.410880E+01 1.610E-03
  1.450000E+01 1.470E-03
  1.490010E+01 1.350E-03
  1.530950E+01 1.230E-03
  1.572810E+01 1.130E-03
  1.615630E+01 1.030E-03
  1.659410E+01 9.450E-04
  1.704170E+01 8.650E-04
  1.749930E+01 7.910E-04
  1.796700E+01 7.240E-04
  1.844510E+01 6.620E-04
  1.893370E+01 6.060E-04
  1.943300E+01 5.540E-04
  1.994310E+01 5.070E-04
  2.046429E+01 4.640E-04
  2.099670E+01 4.240E-04
  2.154050E+01 3.880E-04
  2.209579E+01 3.550E-04
  2.266299E+01 3.250E-04
  2.324220E+01 2.970E-04
  2.383350E+01 2.720E-04
  2.443710E+01 2.480E-04
  2.505341E+01 2.270E-04
  2.568240E+01 2.080E-04
  2.632430E+01 1.900E-04
  2.697940E+01 1.740E-04
  2.764790E+01 1.590E-04
  2.833000E+01 1.450E-04
  2.902580E+01 1.330E-04
  2.973570E+01 1.210E-04
  3.045979E+01 1.110E-04
  3.119830E+01 1.010E-04
  3.195151E+01 9.260E-05
  3.271960E+01 8.460E-05
  3.340030E+01 7.820E-05
    0    0    0    0
