   13    3    P
    2    0    0    1
      9     79
  3.240849E+01    0.0000
  3.082793E+01 1.209E-01
  3.160834E+01 1.154E-01
  3.240849E+01 1.102E-01
  3.322893E+01 1.053E-01
  3.407011E+01 1.004E-01
  3.493260E+01 9.555E-02
  3.581693E+01 9.091E-02
  3.672363E+01 8.652E-02
  3.765331E+01 8.234E-02
  3.860651E+01 7.882E-02
  4.535300E+01 5.398E-02
  5.822090E+01 3.252E-02
  7.108890E+01 2.126E-02
  8.395680E+01 1.474E-02
  9.682480E+01 1.067E-02
  1.096930E+02 7.995E-03
  1.225610E+02 6.156E-03
  1.354290E+02 4.848E-03
  1.482970E+02 3.890E-03
  1.483000E+02 7.125E-02
  1.484140E+02 7.111E-02
  1.485280E+02 7.097E-02
  1.486420E+02 7.084E-02
  1.487560E+02 7.070E-02
  1.488700E+02 7.056E-02
  1.489840E+02 7.043E-02
  1.490980E+02 7.029E-02
  1.492120E+02 7.016E-02
  1.493260E+02 7.002E-02
  1.493280E+02 9.263E-02
  1.536270E+02 8.619E-02
  1.580500E+02 8.018E-02
  1.626000E+02 7.456E-02
  1.672810E+02 6.931E-02
  1.720970E+02 6.441E-02
  1.770520E+02 5.984E-02
  1.821490E+02 5.558E-02
  1.873940E+02 5.161E-02
  1.927890E+02 4.791E-02
  1.983390E+02 4.446E-02
  2.040490E+02 4.124E-02
  2.099240E+02 3.825E-02
  2.159670E+02 3.547E-02
  2.221850E+02 3.288E-02
  2.285820E+02 3.047E-02
  2.351630E+02 2.823E-02
  2.419330E+02 2.614E-02
  2.488980E+02 2.421E-02
  2.560640E+02 2.241E-02
  2.634360E+02 2.074E-02
  2.710210E+02 1.919E-02
  2.788230E+02 1.775E-02
  2.868510E+02 1.642E-02
  2.951090E+02 1.518E-02
  3.036050E+02 1.403E-02
  3.123460E+02 1.297E-02
  3.213390E+02 1.198E-02
  3.305900E+02 1.107E-02
  3.401080E+02 1.022E-02
  3.498990E+02 9.437E-03
  3.599730E+02 8.711E-03
  3.703370E+02 8.039E-03
  3.809990E+02 7.418E-03
  3.919670E+02 6.843E-03
  4.032520E+02 6.310E-03
  4.148620E+02 5.819E-03
  4.268060E+02 5.364E-03
  4.390940E+02 4.944E-03
  4.517350E+02 4.555E-03
  4.647410E+02 4.197E-03
  4.781200E+02 3.865E-03
  4.918860E+02 3.559E-03
  5.060470E+02 3.277E-03
  5.206160E+02 3.016E-03
  5.356050E+02 2.777E-03
  5.510250E+02 2.555E-03
  5.668890E+02 2.350E-03
  5.832090E+02 2.161E-03
  6.000000E+02 1.987E-03
    2    0    0    2
     78    103
  1.404850E+01    0.0000
  1.271160E+01 2.234E-01
  1.303340E+01 2.131E-01
  1.336334E+01 2.032E-01
  1.370164E+01 1.938E-01
  1.404850E+01 1.849E-01
  1.440414E+01 1.763E-01
  1.476878E+01 1.681E-01
  1.514266E+01 1.602E-01
  1.552600E+01 1.525E-01
  1.591904E+01 1.452E-01
  1.632204E+01 1.385E-01
  1.673523E+01 1.320E-01
  1.715887E+01 1.255E-01
  1.759326E+01 1.195E-01
  1.803864E+01 1.140E-01
  1.849529E+01 1.084E-01
  1.896349E+01 1.030E-01
  1.944356E+01 9.792E-02
  1.993578E+01 9.313E-02
  2.044044E+01 8.860E-02
  2.095790E+01 8.432E-02
  2.148845E+01 8.021E-02
  2.203244E+01 7.626E-02
  2.259019E+01 7.249E-02
  2.316206E+01 6.889E-02
  2.374841E+01 6.549E-02
  2.434961E+01 6.224E-02
  2.496600E+01 5.914E-02
  2.559805E+01 5.616E-02
  2.624606E+01 5.333E-02
  2.691048E+01 5.065E-02
  2.759172E+01 4.810E-02
  2.829021E+01 4.567E-02
  2.900638E+01 4.333E-02
  2.974068E+01 4.111E-02
  3.049358E+01 3.901E-02
  3.126550E+01 3.701E-02
  3.205701E+01 3.511E-02
  3.286855E+01 3.330E-02
  3.370061E+01 3.160E-02
  3.455376E+01 2.997E-02
  3.542847E+01 2.841E-02
  3.632535E+01 2.692E-02
  3.724493E+01 2.550E-02
  3.818779E+01 2.419E-02
  3.915453E+01 2.292E-02
  4.014572E+01 2.170E-02
  4.116200E+01 2.055E-02
  4.220403E+01 1.946E-02
  4.327243E+01 1.843E-02
  4.436787E+01 1.749E-02
  4.549106E+01 1.656E-02
  4.664268E+01 1.564E-02
  4.782343E+01 1.480E-02
  4.903410E+01 1.402E-02
  5.027541E+01 1.330E-02
  5.154813E+01 1.258E-02
  5.285307E+01 1.188E-02
  5.419106E+01 1.122E-02
  5.556291E+01 1.065E-02
  5.696948E+01 1.009E-02
  5.841170E+01 9.538E-03
  5.989037E+01 8.977E-03
  6.140651E+01 8.471E-03
  6.296101E+01 8.030E-03
  6.455489E+01 7.592E-03
  6.618909E+01 7.175E-03
  6.786469E+01 6.780E-03
  6.958269E+01 6.403E-03
  7.134418E+01 6.048E-03
  7.315028E+01 5.713E-03
  7.500208E+01 5.392E-03
  7.690076E+01 5.091E-03
  7.884750E+01 4.807E-03
  8.084354E+01 4.537E-03
  8.289011E+01 4.280E-03
  8.498849E+01 4.038E-03
  8.713998E+01 3.814E-03
  9.173711E+01 3.374E-03
  9.655499E+01 2.991E-03
  1.016033E+02 2.652E-03
  1.068921E+02 2.350E-03
  1.124319E+02 2.083E-03
  1.182334E+02 1.846E-03
  1.243081E+02 1.636E-03
  1.306675E+02 1.450E-03
  1.373241E+02 1.284E-03
  1.442904E+02 1.138E-03
  1.515797E+02 1.008E-03
  1.592058E+02 8.931E-04
  1.671828E+02 7.912E-04
  1.755255E+02 7.008E-04
  1.842492E+02 6.207E-04
  1.933699E+02 5.497E-04
  2.029044E+02 4.868E-04
  2.128697E+02 4.311E-04
  2.232836E+02 3.817E-04
  2.341649E+02 3.380E-04
  2.455326E+02 2.993E-04
  2.574067E+02 2.650E-04
  2.698081E+02 2.346E-04
  2.827585E+02 2.076E-04
  2.962800E+02 1.838E-04
    2    0    0    3
    102    118
  7.812200E+00    0.0000
  6.558004E+00 3.806E-01
  6.724021E+00 3.627E-01
  6.894241E+00 3.455E-01
  7.068769E+00 3.292E-01
  7.247717E+00 3.137E-01
  7.431194E+00 2.989E-01
  7.619316E+00 2.848E-01
  7.812200E+00 2.713E-01
  8.009967E+00 2.585E-01
  8.212740E+00 2.462E-01
  8.420647E+00 2.341E-01
  8.633818E+00 2.229E-01
  8.852383E+00 2.124E-01
  9.076482E+00 2.021E-01
  9.306254E+00 1.923E-01
  9.541842E+00 1.832E-01
  9.783395E+00 1.743E-01
  1.003106E+01 1.658E-01
  1.028500E+01 1.580E-01
  1.054537E+01 1.503E-01
  1.081232E+01 1.427E-01
  1.108604E+01 1.358E-01
  1.136668E+01 1.292E-01
  1.165443E+01 1.230E-01
  1.194947E+01 1.170E-01
  1.225197E+01 1.114E-01
  1.256213E+01 1.057E-01
  1.288014E+01 1.003E-01
  1.320621E+01 9.563E-02
  1.354052E+01 9.092E-02
  1.388330E+01 8.634E-02
  1.423475E+01 8.206E-02
  1.459511E+01 7.799E-02
  1.496459E+01 7.410E-02
  1.534342E+01 7.041E-02
  1.573183E+01 6.689E-02
  1.613010E+01 6.352E-02
  1.653844E+01 6.032E-02
  1.695711E+01 5.728E-02
  1.738637E+01 5.440E-02
  1.782652E+01 5.166E-02
  1.827779E+01 4.905E-02
  1.874049E+01 4.657E-02
  1.921490E+01 4.421E-02
  1.970134E+01 4.199E-02
  2.020007E+01 3.982E-02
  2.071146E+01 3.776E-02
  2.123576E+01 3.584E-02
  2.177335E+01 3.401E-02
  2.232454E+01 3.228E-02
  2.288969E+01 3.061E-02
  2.346915E+01 2.903E-02
  2.406328E+01 2.755E-02
  2.467244E+01 2.613E-02
  2.529703E+01 2.478E-02
  2.593742E+01 2.350E-02
  2.659402E+01 2.229E-02
  2.726726E+01 2.112E-02
  2.795753E+01 2.000E-02
  2.866528E+01 1.894E-02
  2.939095E+01 1.795E-02
  3.013498E+01 1.702E-02
  3.089784E+01 1.613E-02
  3.168002E+01 1.528E-02
  3.248201E+01 1.446E-02
  3.330431E+01 1.372E-02
  3.414742E+01 1.301E-02
  3.501186E+01 1.230E-02
  3.589818E+01 1.166E-02
  3.680695E+01 1.106E-02
  3.773872E+01 1.045E-02
  3.869408E+01 9.883E-03
  3.967363E+01 9.347E-03
  4.067796E+01 8.847E-03
  4.170773E+01 8.380E-03
  4.276357E+01 7.940E-03
  4.384615E+01 7.516E-03
  4.495612E+01 7.111E-03
  4.609418E+01 6.727E-03
  4.726106E+01 6.364E-03
  4.845747E+01 6.019E-03
  4.968419E+01 5.693E-03
  5.094194E+01 5.385E-03
  5.223154E+01 5.096E-03
  5.355380E+01 4.822E-03
  5.490952E+01 4.558E-03
  5.629955E+01 4.310E-03
  5.772478E+01 4.075E-03
  5.918610E+01 3.851E-03
  6.068439E+01 3.638E-03
  6.222063E+01 3.438E-03
  6.379576E+01 3.252E-03
  6.541075E+01 3.070E-03
  6.706664E+01 2.899E-03
  6.876443E+01 2.741E-03
  7.050520E+01 2.592E-03
  7.229005E+01 2.447E-03
  7.412009E+01 2.308E-03
  7.599644E+01 2.181E-03
  7.792030E+01 2.059E-03
  7.989288E+01 1.943E-03
  8.191537E+01 1.841E-03
  8.626942E+01 1.629E-03
  9.084111E+01 1.445E-03
  9.564073E+01 1.282E-03
  1.006790E+02 1.138E-03
  1.059670E+02 1.009E-03
  1.115163E+02 8.956E-04
  1.173393E+02 7.945E-04
  1.234486E+02 7.047E-04
  1.298574E+02 6.251E-04
  1.365797E+02 5.544E-04
  1.436299E+02 4.918E-04
  1.510229E+02 4.361E-04
  1.587746E+02 3.868E-04
  1.669012E+02 3.430E-04
  1.754202E+02 3.042E-04
  1.843492E+02 2.697E-04
    2    0    0    4
    107    124
  4.966550E+00    0.0000
  3.679303E+00 6.670E-01
  3.772446E+00 6.348E-01
  3.867947E+00 6.041E-01
  3.965865E+00 5.749E-01
  4.066262E+00 5.471E-01
  4.169200E+00 5.206E-01
  4.274745E+00 4.954E-01
  4.382961E+00 4.715E-01
  4.493917E+00 4.487E-01
  4.607682E+00 4.270E-01
  4.724327E+00 4.063E-01
  4.843925E+00 3.867E-01
  4.966550E+00 3.680E-01
  5.092279E+00 3.502E-01
  5.221189E+00 3.333E-01
  5.353366E+00 3.173E-01
  5.488887E+00 3.020E-01
  5.627838E+00 2.873E-01
  5.770308E+00 2.732E-01
  5.916384E+00 2.600E-01
  6.066158E+00 2.476E-01
  6.219724E+00 2.355E-01
  6.377177E+00 2.239E-01
  6.538615E+00 2.130E-01
  6.704141E+00 2.024E-01
  6.873858E+00 1.922E-01
  7.047870E+00 1.826E-01
  7.226288E+00 1.737E-01
  7.409222E+00 1.654E-01
  7.596787E+00 1.574E-01
  7.789101E+00 1.497E-01
  7.986283E+00 1.423E-01
  8.188457E+00 1.353E-01
  8.395748E+00 1.286E-01
  8.608288E+00 1.222E-01
  8.826208E+00 1.161E-01
  9.049644E+00 1.104E-01
  9.278737E+00 1.050E-01
  9.513630E+00 9.975E-02
  9.754468E+00 9.449E-02
  1.000140E+01 8.987E-02
  1.025459E+01 8.566E-02
  1.051419E+01 8.114E-02
  1.078035E+01 7.694E-02
  1.105326E+01 7.306E-02
  1.133308E+01 6.937E-02
  1.161997E+01 6.589E-02
  1.191413E+01 6.260E-02
  1.221574E+01 5.944E-02
  1.252498E+01 5.643E-02
  1.284206E+01 5.359E-02
  1.316716E+01 5.086E-02
  1.350049E+01 4.824E-02
  1.384225E+01 4.580E-02
  1.419266E+01 4.348E-02
  1.455195E+01 4.125E-02
  1.492033E+01 3.917E-02
  1.529805E+01 3.718E-02
  1.568532E+01 3.526E-02
  1.608240E+01 3.344E-02
  1.648953E+01 3.172E-02
  1.690697E+01 3.010E-02
  1.733496E+01 2.856E-02
  1.777379E+01 2.708E-02
  1.822375E+01 2.572E-02
  1.868507E+01 2.440E-02
  1.915810E+01 2.313E-02
  1.964310E+01 2.193E-02
  2.014035E+01 2.079E-02
  2.065021E+01 1.972E-02
  2.117297E+01 1.868E-02
  2.170897E+01 1.770E-02
  2.225854E+01 1.678E-02
  2.282201E+01 1.590E-02
  2.339975E+01 1.507E-02
  2.399213E+01 1.431E-02
  2.459949E+01 1.354E-02
  2.522223E+01 1.281E-02
  2.586073E+01 1.216E-02
  2.651540E+01 1.154E-02
  2.718663E+01 1.094E-02
  2.787486E+01 1.034E-02
  2.858052E+01 9.777E-03
  2.930405E+01 9.257E-03
  3.004588E+01 8.813E-03
  3.080649E+01 8.343E-03
  3.158636E+01 7.883E-03
  3.238597E+01 7.463E-03
  3.320583E+01 7.066E-03
  3.404645E+01 6.689E-03
  3.490833E+01 6.334E-03
  3.579204E+01 5.998E-03
  3.669810E+01 5.678E-03
  3.762715E+01 5.373E-03
  3.857967E+01 5.086E-03
  3.955634E+01 4.814E-03
  4.055769E+01 4.552E-03
  4.158441E+01 4.305E-03
  4.263712E+01 4.073E-03
  4.371649E+01 3.855E-03
  4.482318E+01 3.648E-03
  4.595789E+01 3.452E-03
  4.712131E+01 3.262E-03
  4.831419E+01 3.084E-03
  4.953728E+01 2.916E-03
  5.079132E+01 2.759E-03
  5.207710E+01 2.610E-03
  5.491063E+01 2.320E-03
  5.789142E+01 2.060E-03
  6.102681E+01 1.829E-03
  6.432439E+01 1.625E-03
  6.779227E+01 1.443E-03
  7.143880E+01 1.281E-03
  7.527278E+01 1.137E-03
  7.930347E+01 1.010E-03
  8.354044E+01 8.966E-04
  8.799385E+01 7.960E-04
  9.267424E+01 7.067E-04
  9.759267E+01 6.273E-04
  1.027607E+02 5.569E-04
  1.081905E+02 4.943E-04
  1.138948E+02 4.388E-04
  1.198867E+02 3.895E-04
  1.261803E+02 3.457E-04
    2    0    0    5
    107    124
  3.433890E+00    0.0000
  2.543887E+00 8.716E-01
  2.608286E+00 8.286E-01
  2.674315E+00 7.878E-01
  2.742016E+00 7.490E-01
  2.811430E+00 7.121E-01
  2.882602E+00 6.771E-01
  2.955576E+00 6.437E-01
  3.030397E+00 6.120E-01
  3.107112E+00 5.819E-01
  3.185769E+00 5.532E-01
  3.266417E+00 5.260E-01
  3.349107E+00 5.001E-01
  3.433890E+00 4.755E-01
  3.520820E+00 4.520E-01
  3.609949E+00 4.297E-01
  3.701336E+00 4.083E-01
  3.795035E+00 3.883E-01
  3.891107E+00 3.693E-01
  3.989610E+00 3.513E-01
  4.090608E+00 3.340E-01
  4.194162E+00 3.175E-01
  4.300338E+00 3.015E-01
  4.409202E+00 2.864E-01
  4.520822E+00 2.722E-01
  4.635267E+00 2.588E-01
  4.752609E+00 2.459E-01
  4.872921E+00 2.337E-01
  4.996280E+00 2.222E-01
  5.122763E+00 2.113E-01
  5.252445E+00 2.006E-01
  5.385412E+00 1.905E-01
  5.521744E+00 1.811E-01
  5.661527E+00 1.724E-01
  5.804850E+00 1.639E-01
  5.951800E+00 1.555E-01
  6.102471E+00 1.477E-01
  6.256955E+00 1.404E-01
  6.415350E+00 1.335E-01
  6.577756E+00 1.268E-01
  6.744273E+00 1.205E-01
  6.915006E+00 1.146E-01
  7.090059E+00 1.088E-01
  7.269545E+00 1.030E-01
  7.453575E+00 9.793E-02
  7.642263E+00 9.316E-02
  7.835728E+00 8.837E-02
  8.034090E+00 8.387E-02
  8.237473E+00 7.964E-02
  8.446006E+00 7.560E-02
  8.659819E+00 7.179E-02
  8.879043E+00 6.820E-02
  9.103818E+00 6.473E-02
  9.334280E+00 6.143E-02
  9.570579E+00 5.829E-02
  9.812860E+00 5.533E-02
  1.006127E+01 5.251E-02
  1.031597E+01 4.983E-02
  1.057712E+01 4.732E-02
  1.084489E+01 4.495E-02
  1.111943E+01 4.263E-02
  1.140092E+01 4.044E-02
  1.168953E+01 3.838E-02
  1.198545E+01 3.642E-02
  1.228887E+01 3.456E-02
  1.259996E+01 3.280E-02
  1.291894E+01 3.111E-02
  1.324597E+01 2.951E-02
  1.358129E+01 2.800E-02
  1.392511E+01 2.657E-02
  1.427763E+01 2.521E-02
  1.463907E+01 2.391E-02
  1.500966E+01 2.265E-02
  1.538963E+01 2.145E-02
  1.577922E+01 2.036E-02
  1.617867E+01 1.931E-02
  1.658824E+01 1.831E-02
  1.700816E+01 1.738E-02
  1.743874E+01 1.648E-02
  1.788019E+01 1.563E-02
  1.833284E+01 1.480E-02
  1.879694E+01 1.402E-02
  1.927278E+01 1.327E-02
  1.976068E+01 1.260E-02
  2.026091E+01 1.195E-02
  2.077383E+01 1.131E-02
  2.129971E+01 1.074E-02
  2.183893E+01 1.020E-02
  2.239178E+01 9.656E-03
  2.295863E+01 9.153E-03
  2.353983E+01 8.667E-03
  2.413573E+01 8.190E-03
  2.474673E+01 7.756E-03
  2.537321E+01 7.348E-03
  2.601553E+01 6.960E-03
  2.667410E+01 6.594E-03
  2.734938E+01 6.246E-03
  2.804173E+01 5.912E-03
  2.875162E+01 5.596E-03
  2.947946E+01 5.298E-03
  3.022572E+01 5.018E-03
  3.099091E+01 4.752E-03
  3.177544E+01 4.499E-03
  3.257983E+01 4.257E-03
  3.340462E+01 4.030E-03
  3.425024E+01 3.815E-03
  3.511729E+01 3.610E-03
  3.600630E+01 3.417E-03
  3.799626E+01 3.048E-03
  4.009270E+01 2.708E-03
  4.230112E+01 2.407E-03
  4.462727E+01 2.139E-03
  4.707726E+01 1.901E-03
  4.965749E+01 1.689E-03
  5.237463E+01 1.501E-03
  5.523576E+01 1.333E-03
  5.824823E+01 1.185E-03
  6.141982E+01 1.053E-03
  6.475867E+01 9.352E-04
  6.827324E+01 8.309E-04
  7.197263E+01 7.381E-04
  7.586615E+01 6.557E-04
  7.996364E+01 5.825E-04
  8.427560E+01 5.175E-04
  8.881271E+01 4.597E-04
    2    0    0    6
    107    124
  2.515030E+00    0.0000
  1.863174E+00 1.086E+00
  1.910341E+00 1.032E+00
  1.958702E+00 9.812E-01
  2.008287E+00 9.328E-01
  2.059128E+00 8.867E-01
  2.111255E+00 8.430E-01
  2.164703E+00 8.014E-01
  2.219503E+00 7.618E-01
  2.275691E+00 7.242E-01
  2.333301E+00 6.885E-01
  2.392369E+00 6.545E-01
  2.452933E+00 6.222E-01
  2.515030E+00 5.915E-01
  2.578699E+00 5.623E-01
  2.643979E+00 5.343E-01
  2.710912E+00 5.074E-01
  2.779539E+00 4.822E-01
  2.849903E+00 4.583E-01
  2.922048E+00 4.354E-01
  2.996021E+00 4.135E-01
  3.071865E+00 3.926E-01
  3.149630E+00 3.733E-01
  3.229363E+00 3.546E-01
  3.311114E+00 3.367E-01
  3.394936E+00 3.199E-01
  3.480879E+00 3.039E-01
  3.568998E+00 2.885E-01
  3.659347E+00 2.742E-01
  3.751984E+00 2.606E-01
  3.846966E+00 2.478E-01
  3.944353E+00 2.353E-01
  4.044205E+00 2.233E-01
  4.146584E+00 2.119E-01
  4.251555E+00 2.013E-01
  4.359184E+00 1.912E-01
  4.469537E+00 1.820E-01
  4.582685E+00 1.729E-01
  4.698696E+00 1.639E-01
  4.817644E+00 1.556E-01
  4.939603E+00 1.478E-01
  5.064649E+00 1.403E-01
  5.192862E+00 1.331E-01
  5.324319E+00 1.264E-01
  5.459105E+00 1.204E-01
  5.597303E+00 1.144E-01
  5.739000E+00 1.086E-01
  5.884282E+00 1.027E-01
  6.033245E+00 9.731E-02
  6.185977E+00 9.251E-02
  6.342575E+00 8.807E-02
  6.503138E+00 8.375E-02
  6.667767E+00 7.937E-02
  6.836562E+00 7.531E-02
  7.009628E+00 7.148E-02
  7.187079E+00 6.786E-02
  7.369021E+00 6.442E-02
  7.555568E+00 6.114E-02
  7.746840E+00 5.799E-02
  7.942950E+00 5.504E-02
  8.144028E+00 5.227E-02
  8.350195E+00 4.960E-02
  8.561582E+00 4.706E-02
  8.778319E+00 4.465E-02
  9.000543E+00 4.234E-02
  9.228394E+00 4.016E-02
  9.462011E+00 3.811E-02
  9.701542E+00 3.617E-02
  9.947138E+00 3.432E-02
  1.019895E+01 3.254E-02
  1.045714E+01 3.089E-02
  1.072186E+01 2.934E-02
  1.099329E+01 2.782E-02
  1.127158E+01 2.636E-02
  1.155692E+01 2.498E-02
  1.184949E+01 2.372E-02
  1.214946E+01 2.250E-02
  1.245703E+01 2.133E-02
  1.277238E+01 2.022E-02
  1.309571E+01 1.919E-02
  1.342723E+01 1.822E-02
  1.376714E+01 1.728E-02
  1.411566E+01 1.638E-02
  1.447300E+01 1.551E-02
  1.483939E+01 1.472E-02
  1.521505E+01 1.397E-02
  1.560022E+01 1.321E-02
  1.599513E+01 1.252E-02
  1.640005E+01 1.189E-02
  1.681523E+01 1.128E-02
  1.724091E+01 1.068E-02
  1.767735E+01 1.010E-02
  1.812486E+01 9.554E-03
  1.858371E+01 9.076E-03
  1.905415E+01 8.635E-03
  1.953651E+01 8.164E-03
  2.003108E+01 7.726E-03
  2.053816E+01 7.319E-03
  2.105807E+01 6.937E-03
  2.159119E+01 6.574E-03
  2.213776E+01 6.229E-03
  2.269820E+01 5.896E-03
  2.327280E+01 5.585E-03
  2.386195E+01 5.292E-03
  2.446602E+01 5.009E-03
  2.508537E+01 4.743E-03
  2.572041E+01 4.493E-03
  2.637152E+01 4.254E-03
  2.784270E+01 3.799E-03
  2.939407E+01 3.377E-03
  3.102989E+01 3.003E-03
  3.275470E+01 2.670E-03
  3.457320E+01 2.374E-03
  3.649036E+01 2.110E-03
  3.851141E+01 1.876E-03
  4.064185E+01 1.668E-03
  4.288748E+01 1.482E-03
  4.525438E+01 1.318E-03
  4.774895E+01 1.171E-03
  5.037791E+01 1.041E-03
  5.314838E+01 9.256E-04
  5.606778E+01 8.227E-04
  5.914391E+01 7.313E-04
  6.238503E+01 6.500E-04
  6.579979E+01 5.777E-04
    2    0    0    7
    107    124
  1.921110E+00    0.0000
  1.423193E+00 1.332E+00
  1.459221E+00 1.265E+00
  1.496161E+00 1.202E+00
  1.534037E+00 1.141E+00
  1.572871E+00 1.084E+00
  1.612689E+00 1.029E+00
  1.653514E+00 9.773E-01
  1.695373E+00 9.281E-01
  1.738292E+00 8.813E-01
  1.782297E+00 8.369E-01
  1.827416E+00 7.948E-01
  1.873677E+00 7.548E-01
  1.921110E+00 7.168E-01
  1.969743E+00 6.807E-01
  2.019607E+00 6.464E-01
  2.070734E+00 6.138E-01
  2.123156E+00 5.830E-01
  2.176902E+00 5.537E-01
  2.232011E+00 5.257E-01
  2.288515E+00 4.992E-01
  2.346449E+00 4.740E-01
  2.405849E+00 4.502E-01
  2.466754E+00 4.275E-01
  2.529200E+00 4.058E-01
  2.593228E+00 3.851E-01
  2.658875E+00 3.658E-01
  2.726185E+00 3.477E-01
  2.795198E+00 3.301E-01
  2.865959E+00 3.134E-01
  2.938511E+00 2.974E-01
  3.012900E+00 2.824E-01
  3.089172E+00 2.683E-01
  3.167375E+00 2.548E-01
  3.247558E+00 2.417E-01
  3.329770E+00 2.292E-01
  3.414063E+00 2.178E-01
  3.500491E+00 2.068E-01
  3.589106E+00 1.962E-01
  3.679965E+00 1.864E-01
  3.773124E+00 1.769E-01
  3.868641E+00 1.679E-01
  3.966575E+00 1.596E-01
  4.066990E+00 1.515E-01
  4.169946E+00 1.435E-01
  4.275509E+00 1.363E-01
  4.383744E+00 1.295E-01
  4.494719E+00 1.230E-01
  4.608504E+00 1.168E-01
  4.725169E+00 1.110E-01
  4.844786E+00 1.050E-01
  4.967432E+00 9.974E-02
  5.093184E+00 9.492E-02
  5.222118E+00 9.001E-02
  5.354316E+00 8.536E-02
  5.489862E+00 8.094E-02
  5.628839E+00 7.682E-02
  5.771334E+00 7.292E-02
  5.917436E+00 6.921E-02
  6.067235E+00 6.568E-02
  6.220830E+00 6.233E-02
  6.378310E+00 5.915E-02
  6.539778E+00 5.610E-02
  6.705333E+00 5.321E-02
  6.875079E+00 5.050E-02
  7.049124E+00 4.793E-02
  7.227572E+00 4.549E-02
  7.410540E+00 4.314E-02
  7.598136E+00 4.094E-02
  7.790485E+00 3.886E-02
  7.987703E+00 3.683E-02
  8.189913E+00 3.494E-02
  8.397242E+00 3.317E-02
  8.609818E+00 3.146E-02
  8.827775E+00 2.985E-02
  9.051253E+00 2.834E-02
  9.280387E+00 2.686E-02
  9.515321E+00 2.545E-02
  9.756202E+00 2.415E-02
  1.000318E+01 2.293E-02
  1.025641E+01 2.175E-02
  1.051606E+01 2.061E-02
  1.078227E+01 1.954E-02
  1.105523E+01 1.853E-02
  1.133509E+01 1.755E-02
  1.162204E+01 1.664E-02
  1.191625E+01 1.578E-02
  1.221791E+01 1.496E-02
  1.252721E+01 1.418E-02
  1.284434E+01 1.343E-02
  1.316950E+01 1.276E-02
  1.350288E+01 1.211E-02
  1.384471E+01 1.147E-02
  1.419519E+01 1.086E-02
  1.455454E+01 1.028E-02
  1.492300E+01 9.745E-03
  1.530076E+01 9.243E-03
  1.568811E+01 8.768E-03
  1.608525E+01 8.317E-03
  1.649245E+01 7.883E-03
  1.690996E+01 7.470E-03
  1.733804E+01 7.078E-03
  1.777696E+01 6.709E-03
  1.822699E+01 6.356E-03
  1.868840E+01 6.018E-03
  1.916150E+01 5.702E-03
  1.964658E+01 5.403E-03
  2.014394E+01 5.119E-03
  2.127383E+01 4.568E-03
  2.246613E+01 4.063E-03
  2.372415E+01 3.614E-03
  2.505151E+01 3.214E-03
  2.645198E+01 2.858E-03
  2.792947E+01 2.542E-03
  2.948822E+01 2.261E-03
  3.113258E+01 2.010E-03
  3.286720E+01 1.788E-03
  3.469691E+01 1.590E-03
  3.662691E+01 1.414E-03
  3.866254E+01 1.257E-03
  4.080954E+01 1.118E-03
  4.307391E+01 9.941E-04
  4.546196E+01 8.839E-04
  4.798032E+01 7.860E-04
  5.063600E+01 6.989E-04
    2    0    0    8
    107    124
  1.515200E+00    0.0000
  1.122490E+00 1.539E+00
  1.150906E+00 1.465E+00
  1.180041E+00 1.394E+00
  1.209914E+00 1.326E+00
  1.240543E+00 1.262E+00
  1.271947E+00 1.201E+00
  1.304146E+00 1.143E+00
  1.337161E+00 1.087E+00
  1.371011E+00 1.035E+00
  1.405718E+00 9.845E-01
  1.441303E+00 9.368E-01
  1.477790E+00 8.914E-01
  1.515200E+00 8.482E-01
  1.553557E+00 8.071E-01
  1.592886E+00 7.671E-01
  1.633210E+00 7.277E-01
  1.674555E+00 6.906E-01
  1.716947E+00 6.555E-01
  1.760411E+00 6.225E-01
  1.804976E+00 5.908E-01
  1.850670E+00 5.606E-01
  1.897519E+00 5.319E-01
  1.945556E+00 5.049E-01
  1.994808E+00 4.793E-01
  2.045305E+00 4.548E-01
  2.097083E+00 4.316E-01
  2.150171E+00 4.098E-01
  2.204603E+00 3.889E-01
  2.260413E+00 3.692E-01
  2.317635E+00 3.504E-01
  2.376307E+00 3.328E-01
  2.436463E+00 3.159E-01
  2.498142E+00 2.998E-01
  2.561383E+00 2.843E-01
  2.626225E+00 2.698E-01
  2.692708E+00 2.563E-01
  2.760874E+00 2.431E-01
  2.830767E+00 2.304E-01
  2.902427E+00 2.185E-01
  2.975903E+00 2.077E-01
  3.051237E+00 1.974E-01
  3.128481E+00 1.871E-01
  3.207678E+00 1.775E-01
  3.288882E+00 1.684E-01
  3.372139E+00 1.602E-01
  3.457506E+00 1.520E-01
  3.545033E+00 1.440E-01
  3.634775E+00 1.368E-01
  3.726790E+00 1.298E-01
  3.821135E+00 1.229E-01
  3.917867E+00 1.167E-01
  4.017048E+00 1.108E-01
  4.118740E+00 1.048E-01
  4.223006E+00 9.968E-02
  4.329913E+00 9.481E-02
  4.439526E+00 8.993E-02
  4.551912E+00 8.530E-02
  4.667144E+00 8.091E-02
  4.785294E+00 7.676E-02
  4.906435E+00 7.283E-02
  5.030642E+00 6.911E-02
  5.157991E+00 6.560E-02
  5.288567E+00 6.224E-02
  5.422448E+00 5.903E-02
  5.559717E+00 5.601E-02
  5.700464E+00 5.313E-02
  5.844771E+00 5.039E-02
  5.992732E+00 4.779E-02
  6.144439E+00 4.533E-02
  6.299987E+00 4.301E-02
  6.459472E+00 4.083E-02
  6.622994E+00 3.875E-02
  6.790655E+00 3.675E-02
  6.962560E+00 3.485E-02
  7.138818E+00 3.305E-02
  7.319540E+00 3.136E-02
  7.504834E+00 2.975E-02
  7.694821E+00 2.820E-02
  7.889615E+00 2.673E-02
  8.089343E+00 2.535E-02
  8.294125E+00 2.407E-02
  8.504092E+00 2.280E-02
  8.719375E+00 2.164E-02
  8.940105E+00 2.056E-02
  9.166426E+00 1.946E-02
  9.398476E+00 1.845E-02
  9.636399E+00 1.753E-02
  9.880343E+00 1.660E-02
  1.013047E+01 1.572E-02
  1.038692E+01 1.491E-02
  1.064987E+01 1.413E-02
  1.091947E+01 1.339E-02
  1.119590E+01 1.269E-02
  1.147932E+01 1.206E-02
  1.176992E+01 1.146E-02
  1.206788E+01 1.086E-02
  1.237338E+01 1.029E-02
  1.268661E+01 9.753E-03
  1.300778E+01 9.210E-03
  1.333708E+01 8.737E-03
  1.367470E+01 8.302E-03
  1.402087E+01 7.863E-03
  1.437581E+01 7.449E-03
  1.473975E+01 7.059E-03
  1.511288E+01 6.690E-03
  1.549546E+01 6.339E-03
  1.588774E+01 6.006E-03
  1.678143E+01 5.360E-03
  1.772482E+01 4.768E-03
  1.872064E+01 4.241E-03
  1.977177E+01 3.773E-03
  2.088126E+01 3.356E-03
  2.205229E+01 2.985E-03
  2.328827E+01 2.656E-03
  2.459271E+01 2.362E-03
  2.596941E+01 2.101E-03
  2.742230E+01 1.869E-03
  2.895552E+01 1.662E-03
  3.057355E+01 1.479E-03
  3.228091E+01 1.315E-03
  3.408258E+01 1.170E-03
  3.598364E+01 1.040E-03
  3.798958E+01 9.253E-04
  4.010603E+01 8.230E-04
    2    1    1    1
     47     74
  3.081689E+01    0.0000
  2.931393E+01 1.371E-01
  3.005603E+01 1.270E-01
  3.081689E+01 1.176E-01
  3.159703E+01 1.089E-01
  3.239693E+01 1.009E-01
  3.321704E+01 9.346E-02
  3.405794E+01 8.665E-02
  3.492012E+01 8.033E-02
  3.580412E+01 7.441E-02
  3.671053E+01 6.894E-02
  3.763985E+01 6.388E-02
  3.859270E+01 5.914E-02
  3.956969E+01 5.478E-02
  4.057140E+01 5.069E-02
  4.159846E+01 4.691E-02
  4.265154E+01 4.340E-02
  4.373128E+01 4.015E-02
  4.483833E+01 3.715E-02
  4.597342E+01 3.438E-02
  4.713724E+01 3.175E-02
  4.833052E+01 2.938E-02
  4.955402E+01 2.714E-02
  5.080849E+01 2.509E-02
  5.209470E+01 2.318E-02
  5.341348E+01 2.141E-02
  5.476566E+01 1.976E-02
  5.615205E+01 1.822E-02
  5.757355E+01 1.680E-02
  5.903104E+01 1.552E-02
  6.052542E+01 1.427E-02
  6.205762E+01 1.321E-02
  6.362862E+01 1.215E-02
  6.523938E+01 1.116E-02
  6.689093E+01 1.030E-02
  6.858427E+01 9.453E-03
  7.032050E+01 8.722E-03
  7.210066E+01 8.025E-03
  7.392590E+01 7.378E-03
  7.579735E+01 6.784E-03
  7.771617E+01 6.232E-03
  7.968356E+01 5.723E-03
  8.170074E+01 5.257E-03
  8.376901E+01 4.828E-03
  8.588963E+01 4.428E-03
  8.806395E+01 4.061E-03
  9.029330E+01 3.725E-03
  9.257907E+01 3.413E-03
  9.604245E+01 3.026E-03
  9.962122E+01 2.667E-03
  1.033186E+02 2.350E-03
  1.071381E+02 2.070E-03
  1.110834E+02 1.824E-03
  1.151581E+02 1.607E-03
  1.193661E+02 1.416E-03
  1.237113E+02 1.247E-03
  1.281977E+02 1.099E-03
  1.328294E+02 9.681E-04
  1.376105E+02 8.527E-04
  1.425455E+02 7.511E-04
  1.476387E+02 6.616E-04
  1.528947E+02 5.827E-04
  1.583181E+02 5.132E-04
  1.639139E+02 4.520E-04
  1.696867E+02 3.980E-04
  1.756417E+02 3.505E-04
  1.817840E+02 3.086E-04
  1.881191E+02 2.718E-04
  1.946523E+02 2.393E-04
  2.013892E+02 2.107E-04
  2.083354E+02 1.855E-04
  2.154969E+02 1.633E-04
  2.228795E+02 1.438E-04
  2.304895E+02 1.266E-04
  2.383332E+02 1.114E-04
    2    1    1    2
     73     91
  1.361090E+01    0.0000
  1.231564E+01 2.820E-01
  1.262742E+01 2.655E-01
  1.294708E+01 2.500E-01
  1.327484E+01 2.354E-01
  1.361090E+01 2.217E-01
  1.395546E+01 2.087E-01
  1.430875E+01 1.966E-01
  1.467097E+01 1.852E-01
  1.504238E+01 1.746E-01
  1.542317E+01 1.639E-01
  1.581361E+01 1.540E-01
  1.621394E+01 1.451E-01
  1.662439E+01 1.361E-01
  1.704524E+01 1.278E-01
  1.747675E+01 1.202E-01
  1.791917E+01 1.130E-01
  1.837279E+01 1.062E-01
  1.883791E+01 9.978E-02
  1.931479E+01 9.372E-02
  1.980374E+01 8.762E-02
  2.030508E+01 8.222E-02
  2.081911E+01 7.715E-02
  2.134615E+01 7.230E-02
  2.188652E+01 6.775E-02
  2.244058E+01 6.347E-02
  2.300867E+01 5.946E-02
  2.359114E+01 5.571E-02
  2.418834E+01 5.217E-02
  2.480069E+01 4.882E-02
  2.542851E+01 4.566E-02
  2.607224E+01 4.269E-02
  2.673225E+01 3.990E-02
  2.740900E+01 3.730E-02
  2.810286E+01 3.490E-02
  2.881429E+01 3.263E-02
  2.954372E+01 3.047E-02
  3.029161E+01 2.845E-02
  3.105846E+01 2.653E-02
  3.184471E+01 2.475E-02
  3.265085E+01 2.310E-02
  3.347742E+01 2.154E-02
  3.432491E+01 2.008E-02
  3.519383E+01 1.873E-02
  3.608479E+01 1.744E-02
  3.699828E+01 1.626E-02
  3.793489E+01 1.518E-02
  3.889520E+01 1.411E-02
  3.987985E+01 1.315E-02
  4.088940E+01 1.225E-02
  4.192453E+01 1.140E-02
  4.298586E+01 1.061E-02
  4.407405E+01 9.861E-03
  4.518979E+01 9.114E-03
  4.633377E+01 8.484E-03
  4.750671E+01 7.890E-03
  4.870937E+01 7.330E-03
  4.994244E+01 6.805E-03
  5.120674E+01 6.316E-03
  5.250305E+01 5.864E-03
  5.383215E+01 5.435E-03
  5.519493E+01 5.041E-03
  5.659221E+01 4.677E-03
  5.802483E+01 4.334E-03
  5.949374E+01 4.016E-03
  6.099982E+01 3.722E-03
  6.254404E+01 3.447E-03
  6.412737E+01 3.190E-03
  6.575076E+01 2.950E-03
  6.741524E+01 2.730E-03
  6.912187E+01 2.528E-03
  7.087170E+01 2.340E-03
  7.266582E+01 2.161E-03
  7.450536E+01 1.992E-03
  7.752789E+01 1.762E-03
  8.065656E+01 1.554E-03
  8.389452E+01 1.370E-03
  8.724515E+01 1.208E-03
  9.071185E+01 1.065E-03
  9.429816E+01 9.387E-04
  9.800763E+01 8.275E-04
  1.018440E+02 7.294E-04
  1.058111E+02 6.429E-04
  1.099126E+02 5.666E-04
  1.141528E+02 4.994E-04
  1.185357E+02 4.401E-04
  1.230653E+02 3.878E-04
  1.277462E+02 3.418E-04
  1.325827E+02 3.011E-04
  1.375793E+02 2.653E-04
  1.427408E+02 2.338E-04
  1.480720E+02 2.060E-04
    2    1    1    3
     96    106
  7.632720E+00    0.0000
  6.407338E+00 4.940E-01
  6.569541E+00 4.670E-01
  6.735850E+00 4.414E-01
  6.906369E+00 4.173E-01
  7.081205E+00 3.944E-01
  7.260467E+00 3.728E-01
  7.444267E+00 3.524E-01
  7.632720E+00 3.331E-01
  7.825943E+00 3.149E-01
  8.024057E+00 2.977E-01
  8.227188E+00 2.815E-01
  8.435461E+00 2.664E-01
  8.649005E+00 2.520E-01
  8.867955E+00 2.384E-01
  9.092449E+00 2.254E-01
  9.322625E+00 2.128E-01
  9.558628E+00 2.008E-01
  9.800607E+00 1.900E-01
  1.004871E+01 1.793E-01
  1.030309E+01 1.689E-01
  1.056392E+01 1.597E-01
  1.083134E+01 1.506E-01
  1.110554E+01 1.418E-01
  1.138668E+01 1.338E-01
  1.167494E+01 1.262E-01
  1.197049E+01 1.189E-01
  1.227352E+01 1.120E-01
  1.258423E+01 1.056E-01
  1.290280E+01 9.945E-02
  1.322943E+01 9.371E-02
  1.356434E+01 8.838E-02
  1.390772E+01 8.327E-02
  1.425980E+01 7.841E-02
  1.462079E+01 7.381E-02
  1.499092E+01 6.946E-02
  1.537041E+01 6.535E-02
  1.575951E+01 6.148E-02
  1.615846E+01 5.780E-02
  1.656752E+01 5.434E-02
  1.698692E+01 5.106E-02
  1.741696E+01 4.795E-02
  1.785786E+01 4.506E-02
  1.830994E+01 4.231E-02
  1.877345E+01 3.970E-02
  1.924872E+01 3.727E-02
  1.973599E+01 3.501E-02
  2.023563E+01 3.286E-02
  2.074788E+01 3.081E-02
  2.127312E+01 2.890E-02
  2.181165E+01 2.707E-02
  2.236382E+01 2.536E-02
  2.292996E+01 2.378E-02
  2.351044E+01 2.228E-02
  2.410561E+01 2.087E-02
  2.471585E+01 1.956E-02
  2.534152E+01 1.831E-02
  2.598305E+01 1.712E-02
  2.664081E+01 1.603E-02
  2.731522E+01 1.498E-02
  2.800671E+01 1.401E-02
  2.871571E+01 1.312E-02
  2.944266E+01 1.228E-02
  3.018799E+01 1.144E-02
  3.095221E+01 1.068E-02
  3.173576E+01 9.981E-03
  3.253917E+01 9.335E-03
  3.336290E+01 8.740E-03
  3.420747E+01 8.143E-03
  3.507344E+01 7.587E-03
  3.596133E+01 7.078E-03
  3.687170E+01 6.600E-03
  3.780511E+01 6.152E-03
  3.876215E+01 5.736E-03
  3.974342E+01 5.347E-03
  4.074953E+01 4.982E-03
  4.178111E+01 4.638E-03
  4.283881E+01 4.321E-03
  4.392326E+01 4.020E-03
  4.503520E+01 3.739E-03
  4.617526E+01 3.480E-03
  4.734419E+01 3.239E-03
  4.854272E+01 3.010E-03
  4.977159E+01 2.796E-03
  5.103156E+01 2.600E-03
  5.232344E+01 2.416E-03
  5.364801E+01 2.243E-03
  5.500610E+01 2.083E-03
  5.639861E+01 1.938E-03
  5.782634E+01 1.799E-03
  5.929021E+01 1.665E-03
  6.079115E+01 1.548E-03
  6.233009E+01 1.434E-03
  6.390797E+01 1.329E-03
  6.552583E+01 1.232E-03
  6.718463E+01 1.141E-03
  6.888541E+01 1.056E-03
  7.177339E+01 9.394E-04
  7.476810E+01 8.290E-04
  7.787297E+01 7.316E-04
  8.109161E+01 6.455E-04
  8.442775E+01 5.696E-04
  8.788521E+01 5.026E-04
  9.146785E+01 4.434E-04
  9.517975E+01 3.911E-04
  9.902501E+01 3.450E-04
  1.030078E+02 3.044E-04
    2    1    1    4
    101    114
  4.875880E+00    0.0000
  3.612134E+00 8.580E-01
  3.703576E+00 8.137E-01
  3.797333E+00 7.716E-01
  3.893464E+00 7.317E-01
  3.992028E+00 6.939E-01
  4.093087E+00 6.580E-01
  4.196705E+00 6.240E-01
  4.302945E+00 5.917E-01
  4.411876E+00 5.611E-01
  4.523563E+00 5.321E-01
  4.638079E+00 5.046E-01
  4.755493E+00 4.785E-01
  4.875880E+00 4.538E-01
  4.999314E+00 4.303E-01
  5.125871E+00 4.077E-01
  5.255634E+00 3.859E-01
  5.388681E+00 3.655E-01
  5.525095E+00 3.462E-01
  5.664964E+00 3.279E-01
  5.808373E+00 3.107E-01
  5.955413E+00 2.943E-01
  6.106175E+00 2.785E-01
  6.260754E+00 2.635E-01
  6.419245E+00 2.493E-01
  6.581749E+00 2.362E-01
  6.748368E+00 2.233E-01
  6.919202E+00 2.111E-01
  7.094363E+00 1.996E-01
  7.273958E+00 1.888E-01
  7.458099E+00 1.784E-01
  7.646902E+00 1.685E-01
  7.840485E+00 1.593E-01
  8.038967E+00 1.506E-01
  8.242474E+00 1.423E-01
  8.451133E+00 1.343E-01
  8.665075E+00 1.270E-01
  8.884433E+00 1.203E-01
  9.109343E+00 1.134E-01
  9.339948E+00 1.069E-01
  9.576388E+00 1.008E-01
  9.818817E+00 9.505E-02
  1.006738E+01 8.969E-02
  1.032224E+01 8.467E-02
  1.058355E+01 7.995E-02
  1.085147E+01 7.542E-02
  1.112618E+01 7.111E-02
  1.140784E+01 6.704E-02
  1.169663E+01 6.319E-02
  1.199273E+01 5.953E-02
  1.229632E+01 5.605E-02
  1.260761E+01 5.281E-02
  1.292677E+01 4.973E-02
  1.325402E+01 4.682E-02
  1.358954E+01 4.406E-02
  1.393356E+01 4.147E-02
  1.428629E+01 3.904E-02
  1.464795E+01 3.675E-02
  1.501877E+01 3.454E-02
  1.539897E+01 3.249E-02
  1.578879E+01 3.056E-02
  1.618851E+01 2.872E-02
  1.659830E+01 2.701E-02
  1.701849E+01 2.538E-02
  1.744931E+01 2.385E-02
  1.789105E+01 2.240E-02
  1.834396E+01 2.103E-02
  1.880833E+01 1.975E-02
  1.928448E+01 1.855E-02
  1.977267E+01 1.738E-02
  2.027322E+01 1.631E-02
  2.078644E+01 1.529E-02
  2.131264E+01 1.433E-02
  2.185217E+01 1.346E-02
  2.240536E+01 1.263E-02
  2.297256E+01 1.185E-02
  2.355412E+01 1.110E-02
  2.415039E+01 1.036E-02
  2.476176E+01 9.707E-03
  2.538861E+01 9.110E-03
  2.603133E+01 8.540E-03
  2.669031E+01 7.970E-03
  2.736598E+01 7.459E-03
  2.805875E+01 6.976E-03
  2.876906E+01 6.521E-03
  2.949734E+01 6.099E-03
  3.024409E+01 5.705E-03
  3.100972E+01 5.330E-03
  3.179472E+01 4.979E-03
  3.259962E+01 4.651E-03
  3.342490E+01 4.342E-03
  3.427104E+01 4.052E-03
  3.513861E+01 3.783E-03
  3.602814E+01 3.531E-03
  3.694022E+01 3.293E-03
  3.787535E+01 3.071E-03
  3.883418E+01 2.864E-03
  3.981728E+01 2.673E-03
  4.082524E+01 2.490E-03
  4.185873E+01 2.317E-03
  4.291840E+01 2.159E-03
  4.400488E+01 2.010E-03
  4.598364E+01 1.797E-03
  4.804218E+01 1.588E-03
  5.018335E+01 1.403E-03
  5.241014E+01 1.240E-03
  5.472569E+01 1.096E-03
  5.713312E+01 9.681E-04
  5.963570E+01 8.553E-04
  6.223688E+01 7.556E-04
  6.494016E+01 6.675E-04
  6.774910E+01 5.896E-04
  7.066748E+01 5.208E-04
  7.369914E+01 4.600E-04
  7.684802E+01 4.063E-04
    2    1    1    5
    101    115
  3.381840E+00    0.0000
  2.505327E+00 1.100E+00
  2.568750E+00 1.044E+00
  2.633778E+00 9.905E-01
  2.700453E+00 9.397E-01
  2.768816E+00 8.915E-01
  2.838908E+00 8.458E-01
  2.910776E+00 8.025E-01
  2.984463E+00 7.613E-01
  3.060015E+00 7.223E-01
  3.137480E+00 6.852E-01
  3.216905E+00 6.501E-01
  3.298342E+00 6.168E-01
  3.381840E+00 5.852E-01
  3.467452E+00 5.552E-01
  3.555230E+00 5.264E-01
  3.645232E+00 4.987E-01
  3.737510E+00 4.729E-01
  3.832127E+00 4.482E-01
  3.929137E+00 4.246E-01
  4.028604E+00 4.025E-01
  4.130588E+00 3.815E-01
  4.235154E+00 3.615E-01
  4.342368E+00 3.426E-01
  4.452296E+00 3.245E-01
  4.565006E+00 3.071E-01
  4.680571E+00 2.909E-01
  4.799059E+00 2.754E-01
  4.920548E+00 2.607E-01
  5.045113E+00 2.467E-01
  5.172830E+00 2.335E-01
  5.303781E+00 2.214E-01
  5.438046E+00 2.096E-01
  5.575711E+00 1.982E-01
  5.716861E+00 1.872E-01
  5.861584E+00 1.770E-01
  6.009971E+00 1.674E-01
  6.162114E+00 1.585E-01
  6.318108E+00 1.500E-01
  6.478052E+00 1.418E-01
  6.642045E+00 1.341E-01
  6.810189E+00 1.266E-01
  6.982589E+00 1.196E-01
  7.159355E+00 1.129E-01
  7.340595E+00 1.071E-01
  7.526423E+00 1.012E-01
  7.716956E+00 9.514E-02
  7.912311E+00 8.992E-02
  8.112612E+00 8.501E-02
  8.317984E+00 8.036E-02
  8.528555E+00 7.588E-02
  8.744456E+00 7.163E-02
  8.965824E+00 6.761E-02
  9.192793E+00 6.382E-02
  9.425509E+00 6.022E-02
  9.664119E+00 5.681E-02
  9.908768E+00 5.360E-02
  1.015961E+01 5.054E-02
  1.041680E+01 4.764E-02
  1.068050E+01 4.489E-02
  1.095088E+01 4.235E-02
  1.122810E+01 3.991E-02
  1.151234E+01 3.758E-02
  1.180378E+01 3.541E-02
  1.210260E+01 3.336E-02
  1.240897E+01 3.143E-02
  1.272311E+01 2.962E-02
  1.304519E+01 2.788E-02
  1.337543E+01 2.623E-02
  1.371403E+01 2.467E-02
  1.406122E+01 2.324E-02
  1.441718E+01 2.185E-02
  1.478215E+01 2.053E-02
  1.515636E+01 1.929E-02
  1.554004E+01 1.813E-02
  1.593344E+01 1.706E-02
  1.633681E+01 1.605E-02
  1.675037E+01 1.509E-02
  1.717439E+01 1.417E-02
  1.760918E+01 1.329E-02
  1.805495E+01 1.247E-02
  1.851201E+01 1.173E-02
  1.898065E+01 1.099E-02
  1.946115E+01 1.032E-02
  1.995380E+01 9.704E-03
  2.045894E+01 9.088E-03
  2.097685E+01 8.515E-03
  2.150790E+01 7.992E-03
  2.205237E+01 7.511E-03
  2.261063E+01 7.037E-03
  2.318301E+01 6.595E-03
  2.376990E+01 6.179E-03
  2.437164E+01 5.786E-03
  2.498862E+01 5.422E-03
  2.562120E+01 5.075E-03
  2.626979E+01 4.751E-03
  2.693481E+01 4.448E-03
  2.761668E+01 4.164E-03
  2.831580E+01 3.894E-03
  2.903261E+01 3.642E-03
  2.976756E+01 3.406E-03
  3.052115E+01 3.184E-03
  3.196651E+01 2.851E-03
  3.347440E+01 2.522E-03
  3.504729E+01 2.232E-03
  3.668773E+01 1.975E-03
  3.839839E+01 1.747E-03
  4.018201E+01 1.546E-03
  4.204143E+01 1.367E-03
  4.397966E+01 1.209E-03
  4.599969E+01 1.070E-03
  4.810472E+01 9.461E-04
  5.029807E+01 8.367E-04
  5.258308E+01 7.400E-04
  5.496330E+01 6.544E-04
  5.744235E+01 5.787E-04
    2    1    1    6
    101    117
  2.482420E+00    0.0000
  1.839016E+00 1.367E+00
  1.885571E+00 1.297E+00
  1.933305E+00 1.231E+00
  1.982248E+00 1.168E+00
  2.032429E+00 1.108E+00
  2.083881E+00 1.051E+00
  2.136635E+00 9.972E-01
  2.190725E+00 9.461E-01
  2.246184E+00 8.976E-01
  2.303047E+00 8.516E-01
  2.361350E+00 8.080E-01
  2.421128E+00 7.665E-01
  2.482420E+00 7.273E-01
  2.545264E+00 6.900E-01
  2.609697E+00 6.543E-01
  2.675762E+00 6.201E-01
  2.743499E+00 5.876E-01
  2.812951E+00 5.570E-01
  2.884161E+00 5.280E-01
  2.957174E+00 5.003E-01
  3.032036E+00 4.741E-01
  3.108792E+00 4.493E-01
  3.187491E+00 4.259E-01
  3.268183E+00 4.038E-01
  3.350917E+00 3.826E-01
  3.435745E+00 3.625E-01
  3.522722E+00 3.435E-01
  3.611900E+00 3.255E-01
  3.703336E+00 3.083E-01
  3.797086E+00 2.919E-01
  3.893210E+00 2.766E-01
  3.991767E+00 2.616E-01
  4.092819E+00 2.474E-01
  4.196430E+00 2.342E-01
  4.302663E+00 2.218E-01
  4.411585E+00 2.100E-01
  4.523265E+00 1.990E-01
  4.637772E+00 1.883E-01
  4.755178E+00 1.782E-01
  4.875556E+00 1.688E-01
  4.998981E+00 1.597E-01
  5.125531E+00 1.511E-01
  5.255284E+00 1.428E-01
  5.388322E+00 1.353E-01
  5.524728E+00 1.281E-01
  5.664588E+00 1.209E-01
  5.807987E+00 1.145E-01
  5.955018E+00 1.083E-01
  6.105769E+00 1.022E-01
  6.260337E+00 9.652E-02
  6.418818E+00 9.116E-02
  6.581313E+00 8.615E-02
  6.747919E+00 8.149E-02
  6.918741E+00 7.703E-02
  7.093892E+00 7.275E-02
  7.273475E+00 6.873E-02
  7.457603E+00 6.492E-02
  7.646394E+00 6.130E-02
  7.839962E+00 5.791E-02
  8.038432E+00 5.469E-02
  8.241926E+00 5.162E-02
  8.450572E+00 4.871E-02
  8.664499E+00 4.594E-02
  8.883842E+00 4.333E-02
  9.108738E+00 4.088E-02
  9.339327E+00 3.858E-02
  9.575751E+00 3.641E-02
  9.818163E+00 3.435E-02
  1.006671E+01 3.236E-02
  1.032155E+01 3.052E-02
  1.058284E+01 2.880E-02
  1.085075E+01 2.711E-02
  1.112544E+01 2.554E-02
  1.140708E+01 2.407E-02
  1.169585E+01 2.267E-02
  1.199193E+01 2.136E-02
  1.229551E+01 2.012E-02
  1.260677E+01 1.896E-02
  1.292591E+01 1.784E-02
  1.325313E+01 1.679E-02
  1.358864E+01 1.581E-02
  1.393263E+01 1.486E-02
  1.428535E+01 1.396E-02
  1.464698E+01 1.313E-02
  1.501777E+01 1.237E-02
  1.539795E+01 1.165E-02
  1.578774E+01 1.092E-02
  1.618741E+01 1.026E-02
  1.659720E+01 9.655E-03
  1.701736E+01 9.048E-03
  1.744817E+01 8.503E-03
  1.788986E+01 7.996E-03
  1.834274E+01 7.507E-03
  1.880708E+01 7.050E-03
  1.928320E+01 6.619E-03
  1.977136E+01 6.213E-03
  2.027187E+01 5.829E-03
  2.078503E+01 5.467E-03
  2.131123E+01 5.127E-03
  2.185072E+01 4.808E-03
  2.240388E+01 4.506E-03
  2.350624E+01 4.045E-03
  2.465901E+01 3.583E-03
  2.586432E+01 3.174E-03
  2.712440E+01 2.811E-03
  2.844156E+01 2.490E-03
  2.981821E+01 2.205E-03
  3.125685E+01 1.952E-03
  3.276009E+01 1.729E-03
  3.433063E+01 1.531E-03
  3.597127E+01 1.356E-03
  3.768494E+01 1.200E-03
  3.947466E+01 1.063E-03
  4.134355E+01 9.407E-04
  4.329492E+01 8.328E-04
  4.533218E+01 7.372E-04
  4.745882E+01 6.526E-04
    2    1    1    7
    101    117
  1.899350E+00    0.0000
  1.407072E+00 1.721E+00
  1.442693E+00 1.628E+00
  1.479215E+00 1.540E+00
  1.516661E+00 1.456E+00
  1.555056E+00 1.378E+00
  1.594422E+00 1.303E+00
  1.634785E+00 1.233E+00
  1.676170E+00 1.166E+00
  1.718603E+00 1.103E+00
  1.762109E+00 1.043E+00
  1.806718E+00 9.869E-01
  1.852455E+00 9.335E-01
  1.899350E+00 8.830E-01
  1.947432E+00 8.353E-01
  1.996732E+00 7.908E-01
  2.047279E+00 7.494E-01
  2.099107E+00 7.107E-01
  2.152245E+00 6.737E-01
  2.206730E+00 6.382E-01
  2.262593E+00 6.049E-01
  2.319872E+00 5.734E-01
  2.378599E+00 5.437E-01
  2.438814E+00 5.149E-01
  2.500552E+00 4.878E-01
  2.563855E+00 4.623E-01
  2.628759E+00 4.383E-01
  2.695306E+00 4.153E-01
  2.763538E+00 3.931E-01
  2.833497E+00 3.723E-01
  2.905227E+00 3.528E-01
  2.978774E+00 3.342E-01
  3.054182E+00 3.168E-01
  3.131499E+00 3.003E-01
  3.210773E+00 2.844E-01
  3.292054E+00 2.693E-01
  3.375392E+00 2.549E-01
  3.460842E+00 2.413E-01
  3.548453E+00 2.283E-01
  3.638283E+00 2.162E-01
  3.730387E+00 2.052E-01
  3.824822E+00 1.941E-01
  3.921647E+00 1.835E-01
  4.020925E+00 1.736E-01
  4.122714E+00 1.645E-01
  4.227082E+00 1.558E-01
  4.334091E+00 1.475E-01
  4.443808E+00 1.396E-01
  4.556304E+00 1.321E-01
  4.671648E+00 1.249E-01
  4.789910E+00 1.181E-01
  4.911167E+00 1.117E-01
  5.035495E+00 1.056E-01
  5.162968E+00 9.987E-02
  5.293669E+00 9.451E-02
  5.427680E+00 8.951E-02
  5.565083E+00 8.458E-02
  5.705964E+00 7.992E-02
  5.850410E+00 7.554E-02
  5.998513E+00 7.138E-02
  6.150368E+00 6.745E-02
  6.306065E+00 6.373E-02
  6.465704E+00 6.025E-02
  6.629383E+00 5.693E-02
  6.797206E+00 5.377E-02
  6.969280E+00 5.080E-02
  7.145707E+00 4.799E-02
  7.326602E+00 4.532E-02
  7.512074E+00 4.276E-02
  7.702244E+00 4.039E-02
  7.897229E+00 3.815E-02
  8.097148E+00 3.599E-02
  8.302128E+00 3.395E-02
  8.512296E+00 3.202E-02
  8.727785E+00 3.020E-02
  8.948732E+00 2.851E-02
  9.175270E+00 2.690E-02
  9.407542E+00 2.537E-02
  9.645696E+00 2.391E-02
  9.889877E+00 2.254E-02
  1.014024E+01 2.124E-02
  1.039694E+01 2.002E-02
  1.066014E+01 1.889E-02
  1.093001E+01 1.781E-02
  1.120670E+01 1.677E-02
  1.149040E+01 1.582E-02
  1.178128E+01 1.491E-02
  1.207952E+01 1.405E-02
  1.238532E+01 1.322E-02
  1.269885E+01 1.244E-02
  1.302033E+01 1.170E-02
  1.334993E+01 1.100E-02
  1.368789E+01 1.034E-02
  1.403440E+01 9.722E-03
  1.438968E+01 9.145E-03
  1.475397E+01 8.608E-03
  1.512745E+01 8.101E-03
  1.551041E+01 7.617E-03
  1.590306E+01 7.158E-03
  1.630565E+01 6.729E-03
  1.671843E+01 6.320E-03
  1.714166E+01 5.937E-03
  1.801065E+01 5.344E-03
  1.892128E+01 4.738E-03
  1.987543E+01 4.201E-03
  2.087505E+01 3.724E-03
  2.192221E+01 3.302E-03
  2.301904E+01 2.927E-03
  2.416777E+01 2.595E-03
  2.537071E+01 2.300E-03
  2.663031E+01 2.038E-03
  2.794907E+01 1.807E-03
  2.932965E+01 1.601E-03
  3.077477E+01 1.419E-03
  3.228726E+01 1.258E-03
  3.387016E+01 1.115E-03
  3.552650E+01 9.877E-04
  3.725958E+01 8.752E-04
    2    1    1    8
    101    118
  1.499950E+00    0.0000
  1.111193E+00 2.007E+00
  1.139323E+00 1.900E+00
  1.168164E+00 1.799E+00
  1.197737E+00 1.703E+00
  1.228057E+00 1.612E+00
  1.259145E+00 1.527E+00
  1.291020E+00 1.445E+00
  1.323702E+00 1.368E+00
  1.357212E+00 1.295E+00
  1.391570E+00 1.226E+00
  1.426797E+00 1.161E+00
  1.462916E+00 1.099E+00
  1.499950E+00 1.040E+00
  1.537921E+00 9.851E-01
  1.576854E+00 9.331E-01
  1.616772E+00 8.843E-01
  1.657702E+00 8.398E-01
  1.699666E+00 7.967E-01
  1.742693E+00 7.550E-01
  1.786809E+00 7.155E-01
  1.832044E+00 6.780E-01
  1.878421E+00 6.423E-01
  1.925974E+00 6.089E-01
  1.974731E+00 5.771E-01
  2.024720E+00 5.467E-01
  2.075977E+00 5.178E-01
  2.128530E+00 4.906E-01
  2.182415E+00 4.651E-01
  2.237662E+00 4.406E-01
  2.294309E+00 4.174E-01
  2.352390E+00 3.957E-01
  2.411941E+00 3.746E-01
  2.472999E+00 3.547E-01
  2.535603E+00 3.362E-01
  2.599793E+00 3.183E-01
  2.665606E+00 3.015E-01
  2.733087E+00 2.857E-01
  2.802276E+00 2.706E-01
  2.873215E+00 2.562E-01
  2.945951E+00 2.426E-01
  3.020528E+00 2.297E-01
  3.096993E+00 2.175E-01
  3.175394E+00 2.060E-01
  3.255780E+00 1.953E-01
  3.338199E+00 1.850E-01
  3.422707E+00 1.752E-01
  3.509353E+00 1.657E-01
  3.598192E+00 1.568E-01
  3.689281E+00 1.485E-01
  3.782677E+00 1.406E-01
  3.878435E+00 1.331E-01
  3.976618E+00 1.260E-01
  4.077286E+00 1.192E-01
  4.180503E+00 1.128E-01
  4.286334E+00 1.068E-01
  4.394844E+00 1.006E-01
  4.506098E+00 9.503E-02
  4.620171E+00 9.006E-02
  4.737132E+00 8.500E-02
  4.857053E+00 8.042E-02
  4.980010E+00 7.632E-02
  5.106078E+00 7.218E-02
  5.235340E+00 6.825E-02
  5.367873E+00 6.450E-02
  5.503761E+00 6.099E-02
  5.643090E+00 5.767E-02
  5.785946E+00 5.452E-02
  5.932417E+00 5.152E-02
  6.082597E+00 4.867E-02
  6.236580E+00 4.598E-02
  6.394459E+00 4.343E-02
  6.556336E+00 4.104E-02
  6.722309E+00 3.877E-02
  6.892484E+00 3.662E-02
  7.066968E+00 3.459E-02
  7.245872E+00 3.267E-02
  7.429301E+00 3.086E-02
  7.617375E+00 2.912E-02
  7.810209E+00 2.747E-02
  8.007927E+00 2.589E-02
  8.210648E+00 2.444E-02
  8.418502E+00 2.307E-02
  8.631617E+00 2.178E-02
  8.850126E+00 2.056E-02
  9.074169E+00 1.939E-02
  9.303884E+00 1.828E-02
  9.539412E+00 1.724E-02
  9.780902E+00 1.624E-02
  1.002851E+01 1.531E-02
  1.028238E+01 1.444E-02
  1.054268E+01 1.362E-02
  1.080957E+01 1.284E-02
  1.108321E+01 1.209E-02
  1.136379E+01 1.139E-02
  1.165146E+01 1.073E-02
  1.194642E+01 1.011E-02
  1.224885E+01 9.526E-03
  1.255892E+01 8.932E-03
  1.287686E+01 8.403E-03
  1.320284E+01 7.919E-03
  1.353707E+01 7.450E-03
  1.423722E+01 6.703E-03
  1.497193E+01 5.947E-03
  1.574283E+01 5.276E-03
  1.655162E+01 4.680E-03
  1.740010E+01 4.152E-03
  1.829010E+01 3.683E-03
  1.922356E+01 3.267E-03
  2.020253E+01 2.898E-03
  2.122913E+01 2.570E-03
  2.230554E+01 2.280E-03
  2.343414E+01 2.022E-03
  2.461728E+01 1.793E-03
  2.585750E+01 1.590E-03
  2.715744E+01 1.410E-03
  2.851985E+01 1.250E-03
  2.994757E+01 1.109E-03
  3.144363E+01 9.832E-04
    2    2    0    1
     67     75
  1.345170E+01    0.0000
  1.217159E+01 2.151E-01
  1.247972E+01 1.967E-01
  1.279565E+01 1.798E-01
  1.311957E+01 1.644E-01
  1.345170E+01 1.503E-01
  1.379223E+01 1.375E-01
  1.414139E+01 1.261E-01
  1.449938E+01 1.162E-01
  1.486643E+01 1.064E-01
  1.524278E+01 9.743E-02
  1.562865E+01 8.919E-02
  1.602429E+01 8.173E-02
  1.642995E+01 7.484E-02
  1.684587E+01 6.852E-02
  1.727232E+01 6.268E-02
  1.770958E+01 5.739E-02
  1.815790E+01 5.246E-02
  1.861757E+01 4.799E-02
  1.908888E+01 4.387E-02
  1.957211E+01 4.008E-02
  2.006758E+01 3.661E-02
  2.057559E+01 3.348E-02
  2.109647E+01 3.052E-02
  2.163052E+01 2.789E-02
  2.217810E+01 2.544E-02
  2.273955E+01 2.323E-02
  2.331522E+01 2.120E-02
  2.390543E+01 1.933E-02
  2.451060E+01 1.763E-02
  2.513109E+01 1.603E-02
  2.576729E+01 1.461E-02
  2.641959E+01 1.333E-02
  2.708839E+01 1.214E-02
  2.777415E+01 1.105E-02
  2.847725E+01 1.004E-02
  2.919817E+01 9.124E-03
  2.993732E+01 8.301E-03
  3.069518E+01 7.551E-03
  3.147224E+01 6.862E-03
  3.226897E+01 6.237E-03
  3.308586E+01 5.662E-03
  3.392342E+01 5.141E-03
  3.478220E+01 4.667E-03
  3.566272E+01 4.233E-03
  3.656552E+01 3.842E-03
  3.749118E+01 3.483E-03
  3.844028E+01 3.158E-03
  3.941339E+01 2.862E-03
  4.041113E+01 2.591E-03
  4.143416E+01 2.345E-03
  4.248306E+01 2.121E-03
  4.355853E+01 1.925E-03
  4.466122E+01 1.741E-03
  4.579182E+01 1.576E-03
  4.695107E+01 1.423E-03
  4.813963E+01 1.287E-03
  4.935829E+01 1.161E-03
  5.060780E+01 1.046E-03
  5.188895E+01 9.472E-04
  5.320251E+01 8.535E-04
  5.454935E+01 7.705E-04
  5.593028E+01 6.950E-04
  5.734615E+01 6.267E-04
  5.879787E+01 5.647E-04
  6.028633E+01 5.086E-04
  6.181250E+01 4.584E-04
  6.337729E+01 4.133E-04
  6.535643E+01 3.643E-04
  6.739056E+01 3.203E-04
  6.948105E+01 2.816E-04
  7.162927E+01 2.476E-04
  7.383667E+01 2.177E-04
  7.610469E+01 1.913E-04
  7.843489E+01 1.682E-04
  8.082874E+01 1.479E-04
    2    2    0    2
     89     90
  7.566300E+00    0.0000
  6.351582E+00 4.847E-01
  6.512373E+00 4.520E-01
  6.677235E+00 4.215E-01
  6.846270E+00 3.931E-01
  7.019585E+00 3.666E-01
  7.197287E+00 3.419E-01
  7.379487E+00 3.188E-01
  7.566300E+00 2.973E-01
  7.757842E+00 2.773E-01
  7.954232E+00 2.587E-01
  8.155595E+00 2.410E-01
  8.362056E+00 2.243E-01
  8.573741E+00 2.089E-01
  8.790787E+00 1.946E-01
  9.013327E+00 1.814E-01
  9.241500E+00 1.688E-01
  9.475449E+00 1.568E-01
  9.715322E+00 1.454E-01
  9.961267E+00 1.351E-01
  1.021344E+01 1.254E-01
  1.047199E+01 1.167E-01
  1.073709E+01 1.082E-01
  1.100890E+01 1.005E-01
  1.128759E+01 9.339E-02
  1.157334E+01 8.644E-02
  1.186632E+01 8.006E-02
  1.216672E+01 7.421E-02
  1.247472E+01 6.872E-02
  1.279052E+01 6.359E-02
  1.311431E+01 5.886E-02
  1.344631E+01 5.447E-02
  1.378669E+01 5.034E-02
  1.413571E+01 4.653E-02
  1.449356E+01 4.301E-02
  1.486047E+01 3.975E-02
  1.523665E+01 3.667E-02
  1.562237E+01 3.385E-02
  1.601785E+01 3.123E-02
  1.642336E+01 2.881E-02
  1.683911E+01 2.659E-02
  1.726540E+01 2.449E-02
  1.770247E+01 2.256E-02
  1.815060E+01 2.082E-02
  1.861011E+01 1.916E-02
  1.908121E+01 1.763E-02
  1.956425E+01 1.618E-02
  2.005952E+01 1.487E-02
  2.056734E+01 1.370E-02
  2.108801E+01 1.259E-02
  2.162186E+01 1.156E-02
  2.216920E+01 1.060E-02
  2.273042E+01 9.716E-03
  2.330585E+01 8.967E-03
  2.389584E+01 8.212E-03
  2.450076E+01 7.523E-03
  2.512100E+01 6.894E-03
  2.575694E+01 6.314E-03
  2.640898E+01 5.784E-03
  2.707753E+01 5.298E-03
  2.776302E+01 4.845E-03
  2.846582E+01 4.434E-03
  2.918645E+01 4.054E-03
  2.992529E+01 3.704E-03
  3.068286E+01 3.386E-03
  3.145959E+01 3.095E-03
  3.225601E+01 2.828E-03
  3.307259E+01 2.579E-03
  3.390981E+01 2.354E-03
  3.476823E+01 2.147E-03
  3.564841E+01 1.956E-03
  3.655086E+01 1.783E-03
  3.747614E+01 1.627E-03
  3.842484E+01 1.480E-03
  3.939757E+01 1.350E-03
  4.039491E+01 1.229E-03
  4.141753E+01 1.116E-03
  4.246602E+01 1.013E-03
  4.354105E+01 9.209E-04
  4.464330E+01 8.398E-04
  4.577345E+01 7.609E-04
  4.693221E+01 6.909E-04
  4.812030E+01 6.269E-04
  4.933847E+01 5.690E-04
  5.058748E+01 5.159E-04
  5.186810E+01 4.679E-04
  5.318117E+01 4.240E-04
  5.452744E+01 3.840E-04
  5.590781E+01 3.479E-04
  5.732314E+01 3.156E-04
  5.920035E+01 2.773E-04
    2    2    0    3
    109    109
  4.842100E+00    0.0000
  3.587109E+00 9.394E-01
  3.677918E+00 8.827E-01
  3.771025E+00 8.294E-01
  3.866490E+00 7.794E-01
  3.964371E+00 7.323E-01
  4.064731E+00 6.882E-01
  4.167630E+00 6.466E-01
  4.273135E+00 6.076E-01
  4.381310E+00 5.709E-01
  4.492225E+00 5.365E-01
  4.605947E+00 5.041E-01
  4.722548E+00 4.737E-01
  4.842100E+00 4.451E-01
  4.964679E+00 4.183E-01
  5.090359E+00 3.927E-01
  5.219224E+00 3.686E-01
  5.351348E+00 3.461E-01
  5.486818E+00 3.249E-01
  5.625718E+00 3.047E-01
  5.768134E+00 2.855E-01
  5.914155E+00 2.676E-01
  6.063872E+00 2.505E-01
  6.217381E+00 2.346E-01
  6.374774E+00 2.199E-01
  6.536151E+00 2.061E-01
  6.701616E+00 1.927E-01
  6.871267E+00 1.801E-01
  7.045214E+00 1.685E-01
  7.223565E+00 1.577E-01
  7.406430E+00 1.473E-01
  7.593925E+00 1.374E-01
  7.786167E+00 1.284E-01
  7.983274E+00 1.201E-01
  8.185370E+00 1.122E-01
  8.392585E+00 1.043E-01
  8.605044E+00 9.733E-02
  8.822882E+00 9.068E-02
  9.046234E+00 8.436E-02
  9.275241E+00 7.883E-02
  9.510044E+00 7.341E-02
  9.750793E+00 6.836E-02
  9.997635E+00 6.364E-02
  1.025073E+01 5.921E-02
  1.051023E+01 5.506E-02
  1.077629E+01 5.123E-02
  1.104910E+01 4.760E-02
  1.132880E+01 4.425E-02
  1.161559E+01 4.110E-02
  1.190965E+01 3.814E-02
  1.221113E+01 3.541E-02
  1.252027E+01 3.289E-02
  1.283722E+01 3.048E-02
  1.316220E+01 2.824E-02
  1.349539E+01 2.618E-02
  1.383703E+01 2.426E-02
  1.418732E+01 2.248E-02
  1.454647E+01 2.084E-02
  1.491472E+01 1.927E-02
  1.529228E+01 1.782E-02
  1.567941E+01 1.650E-02
  1.607634E+01 1.523E-02
  1.648331E+01 1.409E-02
  1.690059E+01 1.302E-02
  1.732843E+01 1.202E-02
  1.776711E+01 1.108E-02
  1.821687E+01 1.023E-02
  1.867804E+01 9.478E-03
  1.915088E+01 8.731E-03
  1.963568E+01 8.033E-03
  2.013277E+01 7.400E-03
  2.064243E+01 6.814E-03
  2.116499E+01 6.276E-03
  2.170079E+01 5.774E-03
  2.225014E+01 5.312E-03
  2.281342E+01 4.887E-03
  2.339095E+01 4.492E-03
  2.398308E+01 4.130E-03
  2.459023E+01 3.796E-03
  2.521272E+01 3.487E-03
  2.585098E+01 3.200E-03
  2.650540E+01 2.934E-03
  2.717639E+01 2.692E-03
  2.786436E+01 2.468E-03
  2.856975E+01 2.263E-03
  2.929300E+01 2.073E-03
  3.003456E+01 1.899E-03
  3.079489E+01 1.738E-03
  3.157446E+01 1.589E-03
  3.237376E+01 1.457E-03
  3.319333E+01 1.329E-03
  3.403362E+01 1.215E-03
  3.489519E+01 1.109E-03
  3.577855E+01 1.012E-03
  3.668430E+01 9.246E-04
  3.761295E+01 8.469E-04
  3.856514E+01 7.712E-04
  3.954143E+01 7.034E-04
  4.054240E+01 6.411E-04
  4.156874E+01 5.839E-04
  4.262106E+01 5.315E-04
  4.370003E+01 4.838E-04
  4.480629E+01 4.404E-04
  4.594057E+01 4.009E-04
  4.710356E+01 3.643E-04
  4.829599E+01 3.310E-04
  4.951862E+01 3.006E-04
  5.077217E+01 2.730E-04
  5.205748E+01 2.480E-04
  5.337534E+01 2.249E-04
    2    2    0    4
    109    109
  3.362380E+00    0.0000
  2.490911E+00 1.217E+00
  2.553969E+00 1.147E+00
  2.618623E+00 1.081E+00
  2.684914E+00 1.019E+00
  2.752883E+00 9.602E-01
  2.822572E+00 9.050E-01
  2.894027E+00 8.529E-01
  2.967289E+00 8.039E-01
  3.042407E+00 7.576E-01
  3.119426E+00 7.141E-01
  3.198395E+00 6.730E-01
  3.279362E+00 6.343E-01
  3.362380E+00 5.978E-01
  3.447499E+00 5.634E-01
  3.534772E+00 5.310E-01
  3.624256E+00 5.003E-01
  3.716004E+00 4.712E-01
  3.810076E+00 4.440E-01
  3.906528E+00 4.183E-01
  4.005422E+00 3.938E-01
  4.106820E+00 3.704E-01
  4.210784E+00 3.486E-01
  4.317381E+00 3.281E-01
  4.426677E+00 3.083E-01
  4.538738E+00 2.898E-01
  4.653637E+00 2.723E-01
  4.771444E+00 2.557E-01
  4.892234E+00 2.403E-01
  5.016082E+00 2.258E-01
  5.143064E+00 2.121E-01
  5.273262E+00 1.987E-01
  5.406754E+00 1.868E-01
  5.543626E+00 1.754E-01
  5.683965E+00 1.645E-01
  5.827855E+00 1.540E-01
  5.975388E+00 1.444E-01
  6.126655E+00 1.354E-01
  6.281752E+00 1.268E-01
  6.440776E+00 1.187E-01
  6.603825E+00 1.110E-01
  6.771002E+00 1.037E-01
  6.942410E+00 9.699E-02
  7.118158E+00 9.068E-02
  7.298356E+00 8.485E-02
  7.483114E+00 7.945E-02
  7.672551E+00 7.433E-02
  7.866782E+00 6.943E-02
  8.065929E+00 6.483E-02
  8.270120E+00 6.057E-02
  8.479480E+00 5.653E-02
  8.694139E+00 5.272E-02
  8.914232E+00 4.916E-02
  9.139895E+00 4.584E-02
  9.371273E+00 4.273E-02
  9.608509E+00 3.982E-02
  9.851750E+00 3.712E-02
  1.010115E+01 3.460E-02
  1.035686E+01 3.218E-02
  1.061904E+01 2.999E-02
  1.088787E+01 2.790E-02
  1.116349E+01 2.592E-02
  1.144610E+01 2.408E-02
  1.173586E+01 2.239E-02
  1.203295E+01 2.080E-02
  1.233757E+01 1.933E-02
  1.264990E+01 1.797E-02
  1.297013E+01 1.667E-02
  1.329846E+01 1.547E-02
  1.363512E+01 1.436E-02
  1.398030E+01 1.331E-02
  1.433422E+01 1.232E-02
  1.469709E+01 1.145E-02
  1.506914E+01 1.058E-02
  1.545062E+01 9.813E-03
  1.584176E+01 9.086E-03
  1.624278E+01 8.393E-03
  1.665398E+01 7.760E-03
  1.707558E+01 7.175E-03
  1.750784E+01 6.634E-03
  1.795107E+01 6.129E-03
  1.840549E+01 5.663E-03
  1.887143E+01 5.223E-03
  1.934917E+01 4.820E-03
  1.983899E+01 4.447E-03
  2.034122E+01 4.100E-03
  2.085616E+01 3.779E-03
  2.138414E+01 3.485E-03
  2.192548E+01 3.214E-03
  2.248051E+01 2.958E-03
  2.304961E+01 2.722E-03
  2.363310E+01 2.506E-03
  2.423138E+01 2.304E-03
  2.484482E+01 2.116E-03
  2.547377E+01 1.949E-03
  2.611864E+01 1.791E-03
  2.677983E+01 1.639E-03
  2.745776E+01 1.507E-03
  2.815286E+01 1.385E-03
  2.886555E+01 1.271E-03
  2.959628E+01 1.164E-03
  3.034554E+01 1.065E-03
  3.111372E+01 9.780E-04
  3.190137E+01 8.964E-04
  3.270895E+01 8.194E-04
  3.353699E+01 7.494E-04
  3.438599E+01 6.853E-04
  3.525647E+01 6.264E-04
  3.614899E+01 5.727E-04
  3.706412E+01 5.230E-04
    2    2    0    5
    109    112
  2.470210E+00    0.0000
  1.829971E+00 1.492E+00
  1.876297E+00 1.410E+00
  1.923796E+00 1.332E+00
  1.972498E+00 1.259E+00
  2.022432E+00 1.190E+00
  2.073631E+00 1.124E+00
  2.126126E+00 1.062E+00
  2.179950E+00 1.004E+00
  2.235136E+00 9.486E-01
  2.291719E+00 8.964E-01
  2.349735E+00 8.470E-01
  2.409220E+00 8.004E-01
  2.470210E+00 7.563E-01
  2.532744E+00 7.147E-01
  2.596861E+00 6.750E-01
  2.662601E+00 6.373E-01
  2.730005E+00 6.018E-01
  2.799116E+00 5.679E-01
  2.869975E+00 5.358E-01
  2.942629E+00 5.060E-01
  3.017122E+00 4.772E-01
  3.093501E+00 4.500E-01
  3.171813E+00 4.241E-01
  3.252108E+00 3.999E-01
  3.334436E+00 3.769E-01
  3.418847E+00 3.552E-01
  3.505395E+00 3.345E-01
  3.594135E+00 3.150E-01
  3.685121E+00 2.967E-01
  3.778410E+00 2.796E-01
  3.874061E+00 2.633E-01
  3.972134E+00 2.479E-01
  4.072689E+00 2.332E-01
  4.175789E+00 2.193E-01
  4.281500E+00 2.063E-01
  4.389886E+00 1.939E-01
  4.501018E+00 1.820E-01
  4.614961E+00 1.713E-01
  4.731790E+00 1.610E-01
  4.851575E+00 1.510E-01
  4.974393E+00 1.418E-01
  5.100321E+00 1.331E-01
  5.229435E+00 1.248E-01
  5.361820E+00 1.169E-01
  5.497555E+00 1.101E-01
  5.636727E+00 1.032E-01
  5.779420E+00 9.667E-02
  5.925727E+00 9.055E-02
  6.075737E+00 8.488E-02
  6.229546E+00 7.961E-02
  6.387247E+00 7.463E-02
  6.548942E+00 6.986E-02
  6.714729E+00 6.540E-02
  6.884711E+00 6.119E-02
  7.059000E+00 5.724E-02
  7.237700E+00 5.355E-02
  7.420922E+00 5.010E-02
  7.608785E+00 4.683E-02
  7.801401E+00 4.375E-02
  7.998895E+00 4.087E-02
  8.201387E+00 3.818E-02
  8.409007E+00 3.562E-02
  8.621882E+00 3.327E-02
  8.840146E+00 3.108E-02
  9.063936E+00 2.901E-02
  9.293391E+00 2.705E-02
  9.528653E+00 2.518E-02
  9.769872E+00 2.347E-02
  1.001720E+01 2.187E-02
  1.027079E+01 2.038E-02
  1.053079E+01 1.899E-02
  1.079738E+01 1.770E-02
  1.107072E+01 1.646E-02
  1.135097E+01 1.528E-02
  1.163832E+01 1.419E-02
  1.193295E+01 1.321E-02
  1.223503E+01 1.231E-02
  1.254476E+01 1.141E-02
  1.286234E+01 1.063E-02
  1.318795E+01 9.860E-03
  1.352180E+01 9.131E-03
  1.386411E+01 8.468E-03
  1.421508E+01 7.862E-03
  1.457494E+01 7.288E-03
  1.494390E+01 6.753E-03
  1.532222E+01 6.261E-03
  1.571009E+01 5.798E-03
  1.610779E+01 5.367E-03
  1.651556E+01 4.965E-03
  1.693365E+01 4.594E-03
  1.736234E+01 4.251E-03
  1.780186E+01 3.932E-03
  1.825253E+01 3.632E-03
  1.871458E+01 3.357E-03
  1.918835E+01 3.101E-03
  1.967410E+01 2.858E-03
  2.017216E+01 2.639E-03
  2.068282E+01 2.437E-03
  2.120641E+01 2.248E-03
  2.174326E+01 2.073E-03
  2.229369E+01 1.910E-03
  2.285806E+01 1.759E-03
  2.343671E+01 1.617E-03
  2.403001E+01 1.488E-03
  2.463832E+01 1.372E-03
  2.526205E+01 1.263E-03
  2.590157E+01 1.161E-03
  2.655727E+01 1.066E-03
  2.722957E+01 9.786E-04
  2.828709E+01 8.809E-04
  2.938037E+01 7.764E-04
  3.051048E+01 6.842E-04
    2    2    0    6
    109    114
  1.891180E+00    0.0000
  1.401020E+00 1.819E+00
  1.436487E+00 1.719E+00
  1.472852E+00 1.625E+00
  1.510137E+00 1.536E+00
  1.548367E+00 1.451E+00
  1.587564E+00 1.372E+00
  1.627753E+00 1.297E+00
  1.668960E+00 1.226E+00
  1.711210E+00 1.158E+00
  1.754530E+00 1.095E+00
  1.798946E+00 1.035E+00
  1.844486E+00 9.781E-01
  1.891180E+00 9.245E-01
  1.939056E+00 8.738E-01
  1.988143E+00 8.257E-01
  2.038473E+00 7.802E-01
  2.090078E+00 7.372E-01
  2.142987E+00 6.968E-01
  2.197238E+00 6.587E-01
  2.252861E+00 6.224E-01
  2.309893E+00 5.880E-01
  2.368367E+00 5.554E-01
  2.428324E+00 5.241E-01
  2.489796E+00 4.948E-01
  2.552827E+00 4.671E-01
  2.617451E+00 4.409E-01
  2.683712E+00 4.163E-01
  2.751651E+00 3.930E-01
  2.821309E+00 3.708E-01
  2.892731E+00 3.497E-01
  2.965961E+00 3.298E-01
  3.041044E+00 3.110E-01
  3.118029E+00 2.929E-01
  3.196962E+00 2.760E-01
  3.277894E+00 2.600E-01
  3.360873E+00 2.449E-01
  3.445955E+00 2.310E-01
  3.533189E+00 2.177E-01
  3.622633E+00 2.049E-01
  3.714340E+00 1.930E-01
  3.808369E+00 1.815E-01
  3.904778E+00 1.705E-01
  4.003629E+00 1.604E-01
  4.104980E+00 1.512E-01
  4.208899E+00 1.422E-01
  4.315447E+00 1.334E-01
  4.424694E+00 1.255E-01
  4.536705E+00 1.180E-01
  4.651553E+00 1.110E-01
  4.769307E+00 1.043E-01
  4.890042E+00 9.762E-02
  5.013835E+00 9.163E-02
  5.140760E+00 8.619E-02
  5.270898E+00 8.093E-02
  5.404333E+00 7.592E-02
  5.541144E+00 7.121E-02
  5.681419E+00 6.679E-02
  5.825245E+00 6.258E-02
  5.972711E+00 5.869E-02
  6.123912E+00 5.501E-02
  6.278939E+00 5.154E-02
  6.437891E+00 4.828E-02
  6.600867E+00 4.521E-02
  6.767968E+00 4.232E-02
  6.939302E+00 3.960E-02
  7.114970E+00 3.702E-02
  7.295087E+00 3.463E-02
  7.479761E+00 3.239E-02
  7.669114E+00 3.029E-02
  7.863259E+00 2.832E-02
  8.062318E+00 2.645E-02
  8.266417E+00 2.473E-02
  8.475680E+00 2.307E-02
  8.690243E+00 2.151E-02
  8.910239E+00 2.009E-02
  9.135802E+00 1.877E-02
  9.367076E+00 1.750E-02
  9.604205E+00 1.632E-02
  9.847336E+00 1.521E-02
  1.009662E+01 1.417E-02
  1.035222E+01 1.323E-02
  1.061429E+01 1.228E-02
  1.088299E+01 1.143E-02
  1.115849E+01 1.065E-02
  1.144097E+01 9.921E-03
  1.173060E+01 9.237E-03
  1.202757E+01 8.553E-03
  1.233204E+01 7.960E-03
  1.264423E+01 7.400E-03
  1.296432E+01 6.876E-03
  1.329251E+01 6.386E-03
  1.362901E+01 5.926E-03
  1.397404E+01 5.499E-03
  1.432778E+01 5.101E-03
  1.469051E+01 4.732E-03
  1.506238E+01 4.387E-03
  1.544370E+01 4.066E-03
  1.583465E+01 3.766E-03
  1.623550E+01 3.485E-03
  1.664651E+01 3.227E-03
  1.706792E+01 2.988E-03
  1.750000E+01 2.766E-03
  1.794302E+01 2.558E-03
  1.839725E+01 2.362E-03
  1.886298E+01 2.183E-03
  1.934048E+01 2.016E-03
  1.983009E+01 1.861E-03
  2.033211E+01 1.721E-03
  2.084682E+01 1.587E-03
  2.170073E+01 1.434E-03
  2.258549E+01 1.265E-03
  2.350212E+01 1.116E-03
  2.445158E+01 9.841E-04
  2.543494E+01 8.681E-04
    2    2    0    7
    109    116
  1.494220E+00    0.0000
  1.106948E+00 2.069E+00
  1.134970E+00 1.963E+00
  1.163702E+00 1.862E+00
  1.193161E+00 1.766E+00
  1.223366E+00 1.675E+00
  1.254335E+00 1.589E+00
  1.286089E+00 1.507E+00
  1.318646E+00 1.430E+00
  1.352027E+00 1.356E+00
  1.386254E+00 1.286E+00
  1.421347E+00 1.220E+00
  1.457328E+00 1.157E+00
  1.494220E+00 1.098E+00
  1.532046E+00 1.042E+00
  1.570831E+00 9.859E-01
  1.610596E+00 9.313E-01
  1.651369E+00 8.806E-01
  1.693173E+00 8.323E-01
  1.736035E+00 7.864E-01
  1.779983E+00 7.435E-01
  1.825045E+00 7.028E-01
  1.871245E+00 6.644E-01
  1.918617E+00 6.282E-01
  1.967187E+00 5.936E-01
  2.016985E+00 5.606E-01
  2.068046E+00 5.295E-01
  2.120399E+00 5.003E-01
  2.174078E+00 4.728E-01
  2.229114E+00 4.467E-01
  2.285544E+00 4.218E-01
  2.343403E+00 3.980E-01
  2.402727E+00 3.754E-01
  2.463552E+00 3.544E-01
  2.525917E+00 3.346E-01
  2.589862E+00 3.159E-01
  2.655423E+00 2.979E-01
  2.722646E+00 2.811E-01
  2.791571E+00 2.652E-01
  2.862239E+00 2.501E-01
  2.934697E+00 2.358E-01
  3.008989E+00 2.223E-01
  3.085163E+00 2.096E-01
  3.163263E+00 1.976E-01
  3.243343E+00 1.862E-01
  3.325447E+00 1.753E-01
  3.409632E+00 1.652E-01
  3.495947E+00 1.556E-01
  3.584447E+00 1.463E-01
  3.675188E+00 1.375E-01
  3.768226E+00 1.296E-01
  3.863619E+00 1.221E-01
  3.961427E+00 1.150E-01
  4.061710E+00 1.078E-01
  4.164533E+00 1.014E-01
  4.269959E+00 9.545E-02
  4.378055E+00 8.950E-02
  4.488884E+00 8.419E-02
  4.602521E+00 7.918E-02
  4.719035E+00 7.442E-02
  4.838499E+00 6.987E-02
  4.960985E+00 6.562E-02
  5.086572E+00 6.162E-02
  5.215340E+00 5.783E-02
  5.347367E+00 5.425E-02
  5.482736E+00 5.090E-02
  5.621533E+00 4.774E-02
  5.763843E+00 4.476E-02
  5.909755E+00 4.196E-02
  6.059361E+00 3.933E-02
  6.212755E+00 3.686E-02
  6.370032E+00 3.452E-02
  6.531290E+00 3.232E-02
  6.696629E+00 3.026E-02
  6.866154E+00 2.834E-02
  7.039971E+00 2.654E-02
  7.218191E+00 2.483E-02
  7.400919E+00 2.321E-02
  7.588275E+00 2.169E-02
  7.780373E+00 2.026E-02
  7.977335E+00 1.894E-02
  8.179281E+00 1.770E-02
  8.386341E+00 1.651E-02
  8.598643E+00 1.542E-02
  8.816318E+00 1.439E-02
  9.039504E+00 1.343E-02
  9.268341E+00 1.256E-02
  9.502970E+00 1.170E-02
  9.743537E+00 1.091E-02
  9.990197E+00 1.018E-02
  1.024310E+01 9.469E-03
  1.050241E+01 8.862E-03
  1.076827E+01 8.231E-03
  1.104088E+01 7.658E-03
  1.132038E+01 7.128E-03
  1.160695E+01 6.629E-03
  1.190079E+01 6.164E-03
  1.220205E+01 5.736E-03
  1.251095E+01 5.330E-03
  1.282767E+01 4.951E-03
  1.315241E+01 4.600E-03
  1.348535E+01 4.273E-03
  1.382673E+01 3.964E-03
  1.417676E+01 3.683E-03
  1.453566E+01 3.413E-03
  1.490363E+01 3.166E-03
  1.528091E+01 2.937E-03
  1.566775E+01 2.722E-03
  1.606438E+01 2.520E-03
  1.647105E+01 2.330E-03
  1.717613E+01 2.113E-03
  1.790819E+01 1.866E-03
  1.866812E+01 1.648E-03
  1.945688E+01 1.455E-03
  2.027545E+01 1.284E-03
  2.112486E+01 1.134E-03
  2.200613E+01 1.001E-03
    0    0    0    0
