   14    2    P
    1    0    0    1
     20     54
  1.787730E+02    0.0100
  1.773760E+02 7.586E-02
  1.777260E+02 7.550E-02
  1.780750E+02 7.513E-02
  1.784240E+02 7.477E-02
  1.787710E+02 7.442E-02
  1.892690E+02 6.451E-02
  1.991030E+02 5.655E-02
  2.087060E+02 4.992E-02
  2.182860E+02 4.431E-02
  2.288572E+02 3.892E-02
  2.397311E+02 3.419E-02
  2.509154E+02 3.004E-02
  2.624167E+02 2.639E-02
  2.742432E+02 2.319E-02
  2.864014E+02 2.037E-02
  2.988992E+02 1.789E-02
  3.117434E+02 1.572E-02
  3.249424E+02 1.381E-02
  3.385034E+02 1.213E-02
  3.524338E+02 1.065E-02
  3.667417E+02 9.559E-03
  3.744740E+02 9.017E-03
  3.910710E+02 8.020E-03
  4.084030E+02 7.128E-03
  4.265030E+02 6.330E-03
  4.454060E+02 5.618E-03
  4.651460E+02 4.983E-03
  4.857610E+02 4.416E-03
  5.072900E+02 3.911E-03
  5.297720E+02 3.462E-03
  5.532520E+02 3.062E-03
  5.777720E+02 2.707E-03
  6.033780E+02 2.392E-03
  6.301200E+02 2.112E-03
  6.580460E+02 1.863E-03
  6.872110E+02 1.643E-03
  7.176670E+02 1.448E-03
  7.494740E+02 1.276E-03
  7.826900E+02 1.123E-03
  8.173790E+02 9.882E-04
  8.536050E+02 8.690E-04
  8.914360E+02 7.638E-04
  9.309440E+02 6.709E-04
  9.722030E+02 5.891E-04
  1.015290E+03 5.170E-04
  1.060290E+03 4.534E-04
  1.107280E+03 3.974E-04
  1.156350E+03 3.482E-04
  1.207600E+03 3.050E-04
  1.261120E+03 2.670E-04
  1.317020E+03 2.336E-04
  1.375390E+03 2.043E-04
  1.436340E+03 1.786E-04
  1.500000E+03 1.560E-04
    1    0    0    2
     19     62
  4.272760E+01    0.0100
  4.133090E+01 9.132E-02
  4.167999E+01 8.978E-02
  4.202921E+01 8.827E-02
  4.237840E+01 8.680E-02
  4.272591E+01 8.537E-02
  4.521181E+01 7.600E-02
  4.782570E+01 6.764E-02
  5.057201E+01 6.018E-02
  5.345520E+01 5.352E-02
  5.647990E+01 4.758E-02
  5.965050E+01 4.228E-02
  6.297169E+01 3.756E-02
  6.644791E+01 3.336E-02
  7.008380E+01 2.962E-02
  7.388390E+01 2.628E-02
  7.785260E+01 2.332E-02
  8.199480E+01 2.068E-02
  8.631470E+01 1.834E-02
  9.081709E+01 1.625E-02
  9.562465E+01 1.440E-02
  1.006419E+02 1.273E-02
  1.058764E+02 1.126E-02
  1.113362E+02 9.959E-03
  1.170293E+02 8.806E-03
  1.229641E+02 7.786E-03
  1.291492E+02 6.884E-03
  1.355936E+02 6.085E-03
  1.423064E+02 5.379E-03
  1.492971E+02 4.754E-03
  1.565755E+02 4.201E-03
  1.641515E+02 3.713E-03
  1.720356E+02 3.281E-03
  1.802381E+02 2.899E-03
  1.887703E+02 2.561E-03
  1.976432E+02 2.262E-03
  2.068687E+02 1.998E-03
  2.164586E+02 1.765E-03
  2.264252E+02 1.559E-03
  2.367811E+02 1.376E-03
  2.475394E+02 1.215E-03
  2.587134E+02 1.073E-03
  2.703169E+02 9.475E-04
  2.823645E+02 8.365E-04
  2.948701E+02 7.384E-04
  3.078491E+02 6.518E-04
  3.213169E+02 5.753E-04
  3.352896E+02 5.077E-04
  3.497830E+02 4.481E-04
  3.648140E+02 3.954E-04
  3.804001E+02 3.489E-04
  3.965591E+02 3.079E-04
  4.133088E+02 2.716E-04
  4.306685E+02 2.396E-04
  4.486572E+02 2.114E-04
  4.672947E+02 1.865E-04
  4.866008E+02 1.645E-04
  5.065972E+02 1.451E-04
  5.273049E+02 1.279E-04
  5.487461E+02 1.128E-04
  5.709431E+02 9.950E-05
  5.939197E+02 8.774E-05
  6.176995E+02 7.736E-05
    1    0    0    3
     28     63
  1.892641E+01    0.0100
  1.752969E+01 1.683E-01
  1.787891E+01 1.619E-01
  1.822800E+01 1.558E-01
  1.857719E+01 1.500E-01
  1.892470E+01 1.446E-01
  2.004230E+01 1.289E-01
  2.121950E+01 1.150E-01
  2.245920E+01 1.025E-01
  2.376430E+01 9.135E-02
  2.513780E+01 8.142E-02
  2.658299E+01 7.255E-02
  2.810320E+01 6.465E-02
  2.970190E+01 5.760E-02
  3.138271E+01 5.131E-02
  3.314940E+01 4.570E-02
  3.500580E+01 4.070E-02
  3.695610E+01 3.624E-02
  3.900450E+01 3.227E-02
  4.115530E+01 2.873E-02
  4.341330E+01 2.558E-02
  4.578310E+01 2.277E-02
  4.826961E+01 2.026E-02
  5.087801E+01 1.803E-02
  5.361369E+01 1.604E-02
  5.648219E+01 1.427E-02
  5.948930E+01 1.270E-02
  6.264079E+01 1.130E-02
  6.594310E+01 1.005E-02
  6.949704E+01 8.914E-03
  7.322438E+01 7.904E-03
  7.713286E+01 7.008E-03
  8.123044E+01 6.213E-03
  8.552539E+01 5.508E-03
  9.002640E+01 4.883E-03
  9.474240E+01 4.328E-03
  9.968274E+01 3.836E-03
  1.048572E+02 3.400E-03
  1.102758E+02 3.013E-03
  1.159492E+02 2.670E-03
  1.218881E+02 2.366E-03
  1.281040E+02 2.096E-03
  1.346086E+02 1.857E-03
  1.414141E+02 1.645E-03
  1.485334E+02 1.457E-03
  1.559795E+02 1.291E-03
  1.637663E+02 1.143E-03
  1.719078E+02 1.013E-03
  1.804190E+02 8.967E-04
  1.893151E+02 7.941E-04
  1.986122E+02 7.032E-04
  2.083267E+02 6.226E-04
  2.184759E+02 5.512E-04
  2.290774E+02 4.880E-04
  2.401499E+02 4.320E-04
  2.517126E+02 3.825E-04
  2.637852E+02 3.385E-04
  2.763884E+02 2.996E-04
  2.895439E+02 2.652E-04
  3.032734E+02 2.347E-04
  3.176006E+02 2.077E-04
  3.325486E+02 1.838E-04
  3.481428E+02 1.626E-04
  3.644087E+02 1.439E-04
    1    0    0    4
     37     64
  1.062610E+01    0.0100
  9.229410E+00 2.824E-01
  9.578580E+00 2.623E-01
  9.927760E+00 2.442E-01
  1.027690E+01 2.279E-01
  1.062440E+01 2.132E-01
  1.123990E+01 1.903E-01
  1.188950E+01 1.698E-01
  1.257490E+01 1.516E-01
  1.329790E+01 1.353E-01
  1.406050E+01 1.207E-01
  1.486470E+01 1.077E-01
  1.571260E+01 9.606E-02
  1.660640E+01 8.568E-02
  1.754829E+01 7.642E-02
  1.854070E+01 6.815E-02
  1.958620E+01 6.077E-02
  2.068730E+01 5.419E-02
  2.184680E+01 4.831E-02
  2.306740E+01 4.307E-02
  2.435229E+01 3.839E-02
  2.570441E+01 3.422E-02
  2.712700E+01 3.049E-02
  2.862340E+01 2.717E-02
  3.019710E+01 2.421E-02
  3.185170E+01 2.157E-02
  3.359109E+01 1.921E-02
  3.541920E+01 1.712E-02
  3.734010E+01 1.524E-02
  3.935809E+01 1.357E-02
  4.147771E+01 1.209E-02
  4.370340E+01 1.076E-02
  4.603999E+01 9.582E-03
  4.849271E+01 8.529E-03
  5.106650E+01 7.592E-03
  5.376691E+01 6.757E-03
  5.659959E+01 6.013E-03
  5.957030E+01 5.350E-03
  6.277983E+01 4.761E-03
  6.615163E+01 4.225E-03
  6.969336E+01 3.750E-03
  7.341309E+01 3.328E-03
  7.731918E+01 2.953E-03
  8.142044E+01 2.620E-03
  8.572609E+01 2.325E-03
  9.024565E+01 2.063E-03
  9.498909E+01 1.830E-03
  9.996689E+01 1.623E-03
  1.051899E+02 1.440E-03
  1.106695E+02 1.277E-03
  1.164176E+02 1.133E-03
  1.224465E+02 1.005E-03
  1.287692E+02 8.913E-04
  1.353991E+02 7.905E-04
  1.423503E+02 7.010E-04
  1.496374E+02 6.216E-04
  1.572757E+02 5.512E-04
  1.652812E+02 4.887E-04
  1.736706E+02 4.333E-04
  1.824611E+02 3.842E-04
  1.916709E+02 3.406E-04
  2.013187E+02 3.020E-04
  2.114244E+02 2.677E-04
  2.220082E+02 2.373E-04
  2.330917E+02 2.103E-04
    1    0    0    5
     44     65
  6.792800E+00    0.0100
  5.396100E+00 4.621E-01
  5.745280E+00 4.075E-01
  6.094450E+00 3.619E-01
  6.443620E+00 3.234E-01
  6.791110E+00 2.907E-01
  7.172320E+00 2.597E-01
  7.575220E+00 2.320E-01
  8.000990E+00 2.072E-01
  8.450870E+00 1.850E-01
  8.926160E+00 1.652E-01
  9.428250E+00 1.476E-01
  9.958550E+00 1.318E-01
  1.051860E+01 1.176E-01
  1.110990E+01 1.050E-01
  1.173410E+01 9.374E-02
  1.239300E+01 8.367E-02
  1.308840E+01 7.468E-02
  1.382210E+01 6.664E-02
  1.459600E+01 5.947E-02
  1.541230E+01 5.305E-02
  1.627299E+01 4.733E-02
  1.718050E+01 4.222E-02
  1.813690E+01 3.765E-02
  1.914481E+01 3.358E-02
  2.020660E+01 2.994E-02
  2.132491E+01 2.670E-02
  2.250250E+01 2.380E-02
  2.374220E+01 2.121E-02
  2.504700E+01 1.891E-02
  2.641980E+01 1.685E-02
  2.786400E+01 1.501E-02
  2.938260E+01 1.337E-02
  3.097929E+01 1.191E-02
  3.265750E+01 1.061E-02
  3.442081E+01 9.447E-03
  3.627319E+01 8.412E-03
  3.821840E+01 7.489E-03
  4.026070E+01 6.666E-03
  4.240421E+01 5.933E-03
  4.465320E+01 5.279E-03
  4.701241E+01 4.697E-03
  4.948630E+01 4.179E-03
  5.207980E+01 3.717E-03
  5.479790E+01 3.306E-03
  5.776434E+01 2.969E-03
  6.088466E+01 2.636E-03
  6.416643E+01 2.341E-03
  6.761772E+01 2.079E-03
  7.124692E+01 1.846E-03
  7.506281E+01 1.639E-03
  7.907455E+01 1.456E-03
  8.329189E+01 1.292E-03
  8.772476E+01 1.147E-03
  9.238388E+01 1.019E-03
  9.728024E+01 9.043E-04
  1.024255E+02 8.028E-04
  1.078317E+02 7.127E-04
  1.135116E+02 6.326E-04
  1.194785E+02 5.615E-04
  1.257464E+02 4.984E-04
  1.323297E+02 4.424E-04
  1.392437E+02 3.926E-04
  1.465042E+02 3.485E-04
  1.541280E+02 3.092E-04
  1.621328E+02 2.744E-04
    1    0    0    6
     50     65
  4.713480E+00    0.0100
  3.535110E+00 6.803E-01
  3.665960E+00 6.276E-01
  4.015140E+00 5.218E-01
  4.364310E+00 4.402E-01
  4.711790E+00 3.763E-01
  4.973140E+00 3.361E-01
  5.249280E+00 3.002E-01
  5.541040E+00 2.682E-01
  5.849280E+00 2.395E-01
  6.174910E+00 2.139E-01
  6.518890E+00 1.910E-01
  6.882200E+00 1.706E-01
  7.265920E+00 1.523E-01
  7.671130E+00 1.360E-01
  8.099000E+00 1.215E-01
  8.550740E+00 1.084E-01
  9.027630E+00 9.681E-02
  9.531000E+00 8.642E-02
  1.006230E+01 7.714E-02
  1.062290E+01 6.885E-02
  1.121430E+01 6.144E-02
  1.183830E+01 5.483E-02
  1.249640E+01 4.893E-02
  1.319050E+01 4.365E-02
  1.392230E+01 3.895E-02
  1.469380E+01 3.474E-02
  1.550690E+01 3.099E-02
  1.636391E+01 2.764E-02
  1.726680E+01 2.465E-02
  1.821790E+01 2.198E-02
  1.921960E+01 1.960E-02
  2.027440E+01 1.747E-02
  2.138490E+01 1.558E-02
  2.255370E+01 1.388E-02
  2.378360E+01 1.237E-02
  2.507770E+01 1.103E-02
  2.643880E+01 9.825E-03
  2.787010E+01 8.753E-03
  2.937500E+01 7.797E-03
  3.095670E+01 6.945E-03
  3.261890E+01 6.186E-03
  3.436530E+01 5.508E-03
  3.619960E+01 4.905E-03
  3.812570E+01 4.367E-03
  4.014790E+01 3.887E-03
  4.227020E+01 3.460E-03
  4.449730E+01 3.079E-03
  4.683360E+01 2.740E-03
  4.928380E+01 2.438E-03
  5.185291E+01 2.169E-03
  5.466676E+01 1.955E-03
  5.762854E+01 1.736E-03
  6.074580E+01 1.543E-03
  6.402649E+01 1.370E-03
  6.747888E+01 1.217E-03
  7.111168E+01 1.081E-03
  7.493404E+01 9.605E-04
  7.895555E+01 8.532E-04
  8.318620E+01 7.578E-04
  8.763658E+01 6.731E-04
  9.231783E+01 5.978E-04
  9.724141E+01 5.309E-04
  1.024197E+02 4.715E-04
  1.078652E+02 4.187E-04
  1.135915E+02 3.719E-04
    1    0    0    7
     55     65
  3.460990E+00    0.0100
  2.595742E+00 8.599E-01
  2.762640E+00 7.464E-01
  3.111810E+00 5.845E-01
  3.459300E+00 4.697E-01
  3.649480E+00 4.195E-01
  3.850370E+00 3.747E-01
  4.062550E+00 3.346E-01
  4.286650E+00 2.989E-01
  4.523330E+00 2.669E-01
  4.773300E+00 2.384E-01
  5.037270E+00 2.129E-01
  5.316020E+00 1.901E-01
  5.610350E+00 1.697E-01
  5.921130E+00 1.516E-01
  6.249230E+00 1.353E-01
  6.595600E+00 1.208E-01
  6.961220E+00 1.079E-01
  7.347140E+00 9.629E-02
  7.754430E+00 8.595E-02
  8.184230E+00 7.673E-02
  8.637750E+00 6.848E-02
  9.116230E+00 6.112E-02
  9.621000E+00 5.455E-02
  1.015340E+01 4.868E-02
  1.071490E+01 4.344E-02
  1.130710E+01 3.876E-02
  1.193140E+01 3.458E-02
  1.258970E+01 3.085E-02
  1.328350E+01 2.752E-02
  1.401470E+01 2.455E-02
  1.478520E+01 2.190E-02
  1.559700E+01 1.953E-02
  1.645210E+01 1.741E-02
  1.735280E+01 1.553E-02
  1.830130E+01 1.385E-02
  1.930000E+01 1.234E-02
  2.035120E+01 1.100E-02
  2.145760E+01 9.809E-03
  2.262199E+01 8.743E-03
  2.384689E+01 7.792E-03
  2.513550E+01 6.943E-03
  2.649071E+01 6.187E-03
  2.791560E+01 5.512E-03
  2.941360E+01 4.910E-03
  3.098820E+01 4.374E-03
  3.264281E+01 3.896E-03
  3.438110E+01 3.470E-03
  3.620720E+01 3.090E-03
  3.812480E+01 2.751E-03
  4.013831E+01 2.449E-03
  4.225200E+01 2.180E-03
  4.447031E+01 1.941E-03
  4.679800E+01 1.727E-03
  4.923981E+01 1.537E-03
  5.180090E+01 1.368E-03
  5.461275E+01 1.236E-03
  5.757352E+01 1.099E-03
  6.069092E+01 9.762E-04
  6.397302E+01 8.674E-04
  6.742836E+01 7.707E-04
  7.106581E+01 6.847E-04
  7.489476E+01 6.084E-04
  7.892509E+01 5.405E-04
  8.316704E+01 4.802E-04
  8.763152E+01 4.266E-04
    1    0    0    8
     59     64
  2.648680E+00    0.0100
  1.986509E+00 1.043E+00
  2.299500E+00 7.646E-01
  2.646990E+00 5.705E-01
  2.791490E+00 5.095E-01
  2.944070E+00 4.550E-01
  3.105180E+00 4.063E-01
  3.275300E+00 3.629E-01
  3.454920E+00 3.240E-01
  3.644580E+00 2.894E-01
  3.844810E+00 2.584E-01
  4.056220E+00 2.307E-01
  4.279410E+00 2.060E-01
  4.515030E+00 1.840E-01
  4.763760E+00 1.642E-01
  5.026310E+00 1.466E-01
  5.303440E+00 1.309E-01
  5.595940E+00 1.169E-01
  5.904640E+00 1.043E-01
  6.230410E+00 9.315E-02
  6.574170E+00 8.315E-02
  6.936890E+00 7.422E-02
  7.319580E+00 6.625E-02
  7.723300E+00 5.913E-02
  8.149170E+00 5.277E-02
  8.598350E+00 4.709E-02
  9.072090E+00 4.202E-02
  9.571660E+00 3.750E-02
  1.009840E+01 3.346E-02
  1.065380E+01 2.985E-02
  1.123920E+01 2.663E-02
  1.185630E+01 2.376E-02
  1.250670E+01 2.120E-02
  1.319200E+01 1.891E-02
  1.391410E+01 1.686E-02
  1.467480E+01 1.504E-02
  1.547610E+01 1.341E-02
  1.632001E+01 1.196E-02
  1.720869E+01 1.066E-02
  1.814430E+01 9.508E-03
  1.912930E+01 8.476E-03
  2.016600E+01 7.556E-03
  2.125710E+01 6.735E-03
  2.240511E+01 6.003E-03
  2.361290E+01 5.350E-03
  2.488330E+01 4.768E-03
  2.621930E+01 4.248E-03
  2.762421E+01 3.785E-03
  2.910120E+01 3.372E-03
  3.065359E+01 3.004E-03
  3.228520E+01 2.676E-03
  3.399960E+01 2.384E-03
  3.580060E+01 2.123E-03
  3.769240E+01 1.890E-03
  3.967900E+01 1.683E-03
  4.176489E+01 1.499E-03
  4.395470E+01 1.334E-03
  4.625301E+01 1.188E-03
  4.866470E+01 1.057E-03
  5.119501E+01 9.409E-04
  5.397725E+01 8.524E-04
  5.690781E+01 7.575E-04
  5.999440E+01 6.732E-04
  6.324525E+01 5.983E-04
  6.666882E+01 5.317E-04
    1    0    0    9
     63     64
  2.092080E+00    0.0100
  1.569059E+00 1.285E+00
  1.742910E+00 9.928E-01
  2.090390E+00 6.785E-01
  2.204990E+00 6.058E-01
  2.325930E+00 5.408E-01
  2.453550E+00 4.828E-01
  2.588210E+00 4.310E-01
  2.730310E+00 3.848E-01
  2.880240E+00 3.435E-01
  3.038440E+00 3.067E-01
  3.205350E+00 2.738E-01
  3.381460E+00 2.444E-01
  3.567260E+00 2.182E-01
  3.763280E+00 1.947E-01
  3.970070E+00 1.738E-01
  4.188220E+00 1.552E-01
  4.418330E+00 1.385E-01
  4.661070E+00 1.236E-01
  4.917090E+00 1.103E-01
  5.187130E+00 9.847E-02
  5.471930E+00 8.788E-02
  5.772280E+00 7.843E-02
  6.089020E+00 7.000E-02
  6.423020E+00 6.247E-02
  6.775200E+00 5.574E-02
  7.146530E+00 4.974E-02
  7.538020E+00 4.439E-02
  7.950750E+00 3.961E-02
  8.385830E+00 3.534E-02
  8.844450E+00 3.153E-02
  9.327850E+00 2.813E-02
  9.837320E+00 2.510E-02
  1.037420E+01 2.239E-02
  1.094000E+01 1.997E-02
  1.153620E+01 1.782E-02
  1.216440E+01 1.589E-02
  1.282610E+01 1.418E-02
  1.352330E+01 1.265E-02
  1.425760E+01 1.128E-02
  1.503110E+01 1.006E-02
  1.584570E+01 8.971E-03
  1.670360E+01 8.000E-03
  1.760680E+01 7.134E-03
  1.855791E+01 6.362E-03
  1.955920E+01 5.672E-03
  2.061330E+01 5.058E-03
  2.172270E+01 4.509E-03
  2.289040E+01 4.020E-03
  2.411929E+01 3.584E-03
  2.541240E+01 3.195E-03
  2.677299E+01 2.848E-03
  2.820430E+01 2.538E-03
  2.971010E+01 2.263E-03
  3.129390E+01 2.016E-03
  3.295959E+01 1.797E-03
  3.471130E+01 1.601E-03
  3.655310E+01 1.427E-03
  3.848959E+01 1.272E-03
  4.052530E+01 1.133E-03
  4.266521E+01 1.009E-03
  4.491420E+01 8.994E-04
  4.727760E+01 8.012E-04
  4.907410E+01 7.365E-04
  5.174889E+01 6.619E-04
    1    0    0   10
     64     64
  1.694130E+00    0.0100
  1.270597E+00 1.526E+00
  1.344950E+00 1.287E+00
  1.692440E+00 7.934E-01
  1.784640E+00 7.083E-01
  1.881930E+00 6.323E-01
  1.984570E+00 5.645E-01
  2.092860E+00 5.039E-01
  2.207110E+00 4.498E-01
  2.327640E+00 4.016E-01
  2.454800E+00 3.585E-01
  2.588960E+00 3.200E-01
  2.730480E+00 2.857E-01
  2.879790E+00 2.550E-01
  3.037290E+00 2.276E-01
  3.203430E+00 2.032E-01
  3.378690E+00 1.813E-01
  3.563560E+00 1.619E-01
  3.758560E+00 1.445E-01
  3.964230E+00 1.290E-01
  4.181160E+00 1.151E-01
  4.409950E+00 1.027E-01
  4.651230E+00 9.168E-02
  4.905690E+00 8.183E-02
  5.174030E+00 7.303E-02
  5.456990E+00 6.517E-02
  5.755360E+00 5.816E-02
  6.069960E+00 5.190E-02
  6.401660E+00 4.631E-02
  6.751360E+00 4.133E-02
  7.120020E+00 3.688E-02
  7.508660E+00 3.290E-02
  7.918320E+00 2.936E-02
  8.350120E+00 2.619E-02
  8.805230E+00 2.337E-02
  9.284880E+00 2.085E-02
  9.790350E+00 1.860E-02
  1.032300E+01 1.659E-02
  1.088420E+01 1.480E-02
  1.147560E+01 1.320E-02
  1.209860E+01 1.178E-02
  1.275490E+01 1.051E-02
  1.344630E+01 9.371E-03
  1.417450E+01 8.358E-03
  1.494150E+01 7.454E-03
  1.574930E+01 6.648E-03
  1.659979E+01 5.928E-03
  1.749550E+01 5.287E-03
  1.843851E+01 4.714E-03
  1.943130E+01 4.204E-03
  2.047639E+01 3.748E-03
  2.157651E+01 3.342E-03
  2.273430E+01 2.979E-03
  2.395280E+01 2.656E-03
  2.523511E+01 2.368E-03
  2.658430E+01 2.111E-03
  2.800380E+01 1.882E-03
  2.949710E+01 1.677E-03
  3.106790E+01 1.495E-03
  3.272009E+01 1.332E-03
  3.445770E+01 1.187E-03
  3.628500E+01 1.058E-03
  3.820630E+01 9.428E-04
  4.022630E+01 8.401E-04
  4.234979E+01 7.486E-04
    3    0    0    1
     18     62
  4.383330E+01    0.0100
  4.243660E+01 8.938E-02
  4.278580E+01 8.793E-02
  4.313490E+01 8.651E-02
  4.348410E+01 8.512E-02
  4.383160E+01 8.378E-02
  4.644150E+01 7.454E-02
  4.917661E+01 6.632E-02
  5.204269E+01 5.901E-02
  5.504581E+01 5.250E-02
  5.819209E+01 4.670E-02
  6.148820E+01 4.155E-02
  6.494090E+01 3.696E-02
  6.855750E+01 3.288E-02
  7.234531E+01 2.924E-02
  7.631219E+01 2.601E-02
  8.046640E+01 2.314E-02
  8.481650E+01 2.058E-02
  8.937140E+01 1.830E-02
  9.427405E+01 1.621E-02
  9.940793E+01 1.436E-02
  1.047823E+02 1.272E-02
  1.104072E+02 1.127E-02
  1.162925E+02 9.977E-03
  1.224487E+02 8.835E-03
  1.288867E+02 7.823E-03
  1.356179E+02 6.927E-03
  1.426537E+02 6.132E-03
  1.500062E+02 5.428E-03
  1.576879E+02 4.805E-03
  1.657116E+02 4.253E-03
  1.740908E+02 3.764E-03
  1.828391E+02 3.331E-03
  1.919707E+02 2.947E-03
  2.015006E+02 2.607E-03
  2.114439E+02 2.307E-03
  2.218163E+02 2.041E-03
  2.326340E+02 1.805E-03
  2.439142E+02 1.597E-03
  2.556739E+02 1.412E-03
  2.679312E+02 1.249E-03
  2.807048E+02 1.104E-03
  2.940137E+02 9.764E-04
  3.078779E+02 8.633E-04
  3.223176E+02 7.633E-04
  3.373542E+02 6.748E-04
  3.530098E+02 5.965E-04
  3.693062E+02 5.272E-04
  3.862673E+02 4.660E-04
  4.039170E+02 4.118E-04
  4.222800E+02 3.639E-04
  4.413821E+02 3.216E-04
  4.612495E+02 2.842E-04
  4.819097E+02 2.511E-04
  5.033906E+02 2.218E-04
  5.257212E+02 1.960E-04
  5.489314E+02 1.731E-04
  5.730520E+02 1.529E-04
  5.981155E+02 1.351E-04
  6.241545E+02 1.193E-04
  6.512021E+02 1.054E-04
  6.792944E+02 9.305E-05
  7.084666E+02 8.217E-05
    3    0    0    2
     28     64
  1.921851E+01    0.0100
  1.782179E+01 1.643E-01
  1.817101E+01 1.582E-01
  1.852020E+01 1.524E-01
  1.886940E+01 1.469E-01
  1.921680E+01 1.417E-01
  2.036110E+01 1.263E-01
  2.156590E+01 1.126E-01
  2.283420E+01 1.004E-01
  2.416920E+01 8.952E-02
  2.557401E+01 7.979E-02
  2.705200E+01 7.111E-02
  2.860670E+01 6.337E-02
  3.024181E+01 5.647E-02
  3.196111E+01 5.032E-02
  3.376880E+01 4.483E-02
  3.566890E+01 3.994E-02
  3.766600E+01 3.558E-02
  3.976450E+01 3.170E-02
  4.196941E+01 2.823E-02
  4.428571E+01 2.515E-02
  4.671851E+01 2.240E-02
  4.927350E+01 1.994E-02
  5.195630E+01 1.776E-02
  5.477290E+01 1.581E-02
  5.772971E+01 1.408E-02
  6.083321E+01 1.254E-02
  6.409030E+01 1.116E-02
  6.750800E+01 9.936E-03
  7.118747E+01 8.808E-03
  7.505005E+01 7.813E-03
  7.910394E+01 6.930E-03
  8.335797E+01 6.147E-03
  8.782108E+01 5.452E-03
  9.250269E+01 4.835E-03
  9.741260E+01 4.287E-03
  1.025610E+02 3.802E-03
  1.079585E+02 3.371E-03
  1.136163E+02 2.988E-03
  1.195458E+02 2.649E-03
  1.257590E+02 2.348E-03
  1.322684E+02 2.082E-03
  1.390868E+02 1.845E-03
  1.462279E+02 1.635E-03
  1.537057E+02 1.449E-03
  1.615348E+02 1.284E-03
  1.697303E+02 1.138E-03
  1.783079E+02 1.008E-03
  1.872841E+02 8.934E-04
  1.966760E+02 7.915E-04
  2.065013E+02 7.012E-04
  2.167786E+02 6.212E-04
  2.275268E+02 5.502E-04
  2.387659E+02 4.874E-04
  2.505166E+02 4.316E-04
  2.628003E+02 3.823E-04
  2.756396E+02 3.385E-04
  2.890574E+02 2.998E-04
  3.030781E+02 2.655E-04
  3.177266E+02 2.351E-04
  3.330286E+02 2.081E-04
  3.490112E+02 1.842E-04
  3.657021E+02 1.631E-04
  3.831316E+02 1.444E-04
  4.013286E+02 1.278E-04
    3    0    0    3
     36     64
  1.074450E+01    0.0100
  9.347800E+00 2.755E-01
  9.696970E+00 2.563E-01
  1.004610E+01 2.389E-01
  1.039530E+01 2.232E-01
  1.074280E+01 2.091E-01
  1.136830E+01 1.866E-01
  1.202840E+01 1.666E-01
  1.272490E+01 1.487E-01
  1.345960E+01 1.327E-01
  1.423460E+01 1.184E-01
  1.505180E+01 1.056E-01
  1.591350E+01 9.424E-02
  1.682190E+01 8.407E-02
  1.777930E+01 7.499E-02
  1.878819E+01 6.689E-02
  1.985120E+01 5.965E-02
  2.097099E+01 5.320E-02
  2.215041E+01 4.744E-02
  2.339240E+01 4.229E-02
  2.470000E+01 3.771E-02
  2.607651E+01 3.362E-02
  2.752530E+01 2.997E-02
  2.904980E+01 2.671E-02
  3.065370E+01 2.380E-02
  3.234090E+01 2.121E-02
  3.411540E+01 1.890E-02
  3.598129E+01 1.684E-02
  3.794299E+01 1.501E-02
  4.000520E+01 1.337E-02
  4.217239E+01 1.191E-02
  4.444971E+01 1.061E-02
  4.684230E+01 9.447E-03
  4.935550E+01 8.413E-03
  5.199490E+01 7.492E-03
  5.476649E+01 6.671E-03
  5.767630E+01 5.939E-03
  6.081892E+01 5.281E-03
  6.412289E+01 4.688E-03
  6.759596E+01 4.162E-03
  7.124634E+01 3.695E-03
  7.508252E+01 3.280E-03
  7.911349E+01 2.911E-03
  8.334856E+01 2.584E-03
  8.779744E+01 2.293E-03
  9.247029E+01 2.035E-03
  9.737782E+01 1.806E-03
  1.025311E+02 1.603E-03
  1.079419E+02 1.422E-03
  1.136222E+02 1.262E-03
  1.195848E+02 1.120E-03
  1.258428E+02 9.933E-04
  1.324102E+02 8.812E-04
  1.393015E+02 7.817E-04
  1.465315E+02 6.935E-04
  1.541162E+02 6.151E-04
  1.620720E+02 5.456E-04
  1.704161E+02 4.839E-04
  1.791664E+02 4.292E-04
  1.883416E+02 3.807E-04
  1.979610E+02 3.376E-04
  2.080453E+02 2.994E-04
  2.186155E+02 2.655E-04
  2.296940E+02 2.354E-04
  2.413038E+02 2.087E-04
    3    0    0    4
     44     65
  6.852200E+00    0.0100
  5.455510E+00 4.503E-01
  5.804680E+00 3.979E-01
  6.153860E+00 3.539E-01
  6.503030E+00 3.167E-01
  6.850510E+00 2.852E-01
  7.237130E+00 2.548E-01
  7.645720E+00 2.276E-01
  8.077470E+00 2.033E-01
  8.533660E+00 1.815E-01
  9.015600E+00 1.621E-01
  9.524700E+00 1.448E-01
  1.006240E+01 1.293E-01
  1.063020E+01 1.154E-01
  1.122980E+01 1.030E-01
  1.186270E+01 9.198E-02
  1.253080E+01 8.210E-02
  1.323590E+01 7.328E-02
  1.397990E+01 6.540E-02
  1.476480E+01 5.836E-02
  1.559270E+01 5.207E-02
  1.646590E+01 4.646E-02
  1.738651E+01 4.145E-02
  1.835699E+01 3.697E-02
  1.937981E+01 3.298E-02
  2.045760E+01 2.941E-02
  2.159309E+01 2.622E-02
  2.278900E+01 2.338E-02
  2.404840E+01 2.085E-02
  2.537430E+01 1.858E-02
  2.676990E+01 1.656E-02
  2.823840E+01 1.476E-02
  2.978340E+01 1.315E-02
  3.140840E+01 1.172E-02
  3.311710E+01 1.044E-02
  3.491350E+01 9.300E-03
  3.680150E+01 8.283E-03
  3.878529E+01 7.376E-03
  4.086920E+01 6.568E-03
  4.305769E+01 5.848E-03
  4.535550E+01 5.206E-03
  4.776740E+01 4.634E-03
  5.029829E+01 4.124E-03
  5.295360E+01 3.670E-03
  5.573840E+01 3.265E-03
  5.877419E+01 2.928E-03
  6.196872E+01 2.601E-03
  6.532997E+01 2.310E-03
  6.886632E+01 2.052E-03
  7.258646E+01 1.822E-03
  7.649969E+01 1.618E-03
  8.061552E+01 1.437E-03
  8.494411E+01 1.276E-03
  8.949600E+01 1.133E-03
  9.428218E+01 1.006E-03
  9.931438E+01 8.935E-04
  1.046047E+02 7.934E-04
  1.101658E+02 7.044E-04
  1.160110E+02 6.254E-04
  1.221543E+02 5.553E-04
  1.286104E+02 4.929E-04
  1.353945E+02 4.376E-04
  1.425227E+02 3.885E-04
  1.500117E+02 3.448E-04
  1.578791E+02 3.061E-04
  1.661434E+02 2.717E-04
    3    0    0    5
     50     65
  4.747500E+00    0.0100
  3.560625E+00 6.660E-01
  3.699980E+00 6.121E-01
  4.049150E+00 5.101E-01
  4.398320E+00 4.312E-01
  4.745810E+00 3.693E-01
  5.010390E+00 3.299E-01
  5.289950E+00 2.947E-01
  5.585300E+00 2.632E-01
  5.897330E+00 2.351E-01
  6.226940E+00 2.099E-01
  6.575110E+00 1.875E-01
  6.942850E+00 1.674E-01
  7.331220E+00 1.495E-01
  7.741340E+00 1.335E-01
  8.174390E+00 1.192E-01
  8.631590E+00 1.064E-01
  9.114230E+00 9.501E-02
  9.623690E+00 8.481E-02
  1.016140E+01 7.571E-02
  1.072880E+01 6.757E-02
  1.132750E+01 6.031E-02
  1.195910E+01 5.382E-02
  1.262530E+01 4.803E-02
  1.332800E+01 4.286E-02
  1.406890E+01 3.824E-02
  1.485020E+01 3.412E-02
  1.567370E+01 3.043E-02
  1.654170E+01 2.715E-02
  1.745650E+01 2.421E-02
  1.842020E+01 2.159E-02
  1.943550E+01 1.926E-02
  2.050490E+01 1.717E-02
  2.163100E+01 1.531E-02
  2.281650E+01 1.365E-02
  2.406450E+01 1.217E-02
  2.537790E+01 1.084E-02
  2.675990E+01 9.664E-03
  2.821381E+01 8.612E-03
  2.974300E+01 7.674E-03
  3.135100E+01 6.837E-03
  3.304150E+01 6.091E-03
  3.481850E+01 5.426E-03
  3.668590E+01 4.832E-03
  3.864790E+01 4.304E-03
  4.070880E+01 3.832E-03
  4.287309E+01 3.412E-03
  4.514560E+01 3.038E-03
  4.753101E+01 2.704E-03
  5.003439E+01 2.407E-03
  5.266110E+01 2.142E-03
  5.553334E+01 1.927E-03
  5.855759E+01 1.712E-03
  6.174164E+01 1.521E-03
  6.509373E+01 1.351E-03
  6.862247E+01 1.201E-03
  7.233684E+01 1.067E-03
  7.624635E+01 9.477E-04
  8.036093E+01 8.419E-04
  8.469115E+01 7.479E-04
  8.924788E+01 6.644E-04
  9.404257E+01 5.902E-04
  9.908731E+01 5.242E-04
  1.043948E+02 4.656E-04
  1.099783E+02 4.136E-04
  1.158517E+02 3.673E-04
    3    0    0    6
     54     65
  3.482270E+00    0.0100
  2.611702E+00 8.420E-01
  2.783920E+00 7.292E-01
  3.133100E+00 5.724E-01
  3.480580E+00 4.610E-01
  3.672970E+00 4.117E-01
  3.876170E+00 3.677E-01
  4.090790E+00 3.284E-01
  4.317460E+00 2.933E-01
  4.556850E+00 2.619E-01
  4.809660E+00 2.339E-01
  5.076620E+00 2.089E-01
  5.358510E+00 1.865E-01
  5.656160E+00 1.666E-01
  5.970410E+00 1.487E-01
  6.302170E+00 1.328E-01
  6.652390E+00 1.186E-01
  7.022070E+00 1.058E-01
  7.412260E+00 9.449E-02
  7.824050E+00 8.435E-02
  8.258610E+00 7.530E-02
  8.717140E+00 6.721E-02
  9.200920E+00 5.999E-02
  9.711290E+00 5.354E-02
  1.024960E+01 4.778E-02
  1.081750E+01 4.264E-02
  1.141630E+01 3.805E-02
  1.204770E+01 3.395E-02
  1.271340E+01 3.029E-02
  1.341520E+01 2.702E-02
  1.415500E+01 2.411E-02
  1.493460E+01 2.150E-02
  1.575610E+01 1.918E-02
  1.662160E+01 1.711E-02
  1.753349E+01 1.526E-02
  1.849390E+01 1.360E-02
  1.950529E+01 1.213E-02
  2.057030E+01 1.082E-02
  2.169150E+01 9.643E-03
  2.287170E+01 8.596E-03
  2.411380E+01 7.663E-03
  2.542090E+01 6.830E-03
  2.679601E+01 6.087E-03
  2.824249E+01 5.424E-03
  2.976379E+01 4.834E-03
  3.136340E+01 4.307E-03
  3.304530E+01 3.837E-03
  3.481310E+01 3.418E-03
  3.667101E+01 3.045E-03
  3.862320E+01 2.712E-03
  4.067410E+01 2.415E-03
  4.282820E+01 2.151E-03
  4.509039E+01 1.915E-03
  4.746561E+01 1.705E-03
  4.995900E+01 1.518E-03
  5.268941E+01 1.368E-03
  5.556572E+01 1.215E-03
  5.859554E+01 1.080E-03
  6.178682E+01 9.600E-04
  6.514807E+01 8.531E-04
  6.868802E+01 7.582E-04
  7.241609E+01 6.737E-04
  7.634200E+01 5.987E-04
  8.047594E+01 5.320E-04
  8.482878E+01 4.727E-04
  8.941180E+01 4.201E-04
    3    0    0    7
     58     64
  2.662870E+00    0.0100
  1.997152E+00 1.021E+00
  2.313700E+00 7.486E-01
  2.661180E+00 5.601E-01
  2.807190E+00 5.002E-01
  2.961350E+00 4.467E-01
  3.124130E+00 3.989E-01
  3.296000E+00 3.562E-01
  3.477470E+00 3.181E-01
  3.669060E+00 2.841E-01
  3.871350E+00 2.537E-01
  4.084900E+00 2.265E-01
  4.310350E+00 2.022E-01
  4.548350E+00 1.806E-01
  4.799570E+00 1.612E-01
  5.064760E+00 1.439E-01
  5.344660E+00 1.285E-01
  5.640070E+00 1.147E-01
  5.951830E+00 1.024E-01
  6.280840E+00 9.144E-02
  6.628010E+00 8.162E-02
  6.994320E+00 7.286E-02
  7.380810E+00 6.503E-02
  7.788540E+00 5.805E-02
  8.218650E+00 5.181E-02
  8.672320E+00 4.623E-02
  9.150820E+00 4.126E-02
  9.655430E+00 3.682E-02
  1.018750E+01 3.286E-02
  1.074860E+01 2.932E-02
  1.134010E+01 2.616E-02
  1.196360E+01 2.334E-02
  1.262090E+01 2.082E-02
  1.331360E+01 1.857E-02
  1.404350E+01 1.657E-02
  1.481260E+01 1.478E-02
  1.562290E+01 1.318E-02
  1.647650E+01 1.175E-02
  1.737550E+01 1.048E-02
  1.832240E+01 9.347E-03
  1.931940E+01 8.335E-03
  2.036900E+01 7.431E-03
  2.147400E+01 6.625E-03
  2.263710E+01 5.906E-03
  2.386110E+01 5.265E-03
  2.514900E+01 4.693E-03
  2.650400E+01 4.182E-03
  2.792940E+01 3.727E-03
  2.942850E+01 3.322E-03
  3.100500E+01 2.960E-03
  3.266260E+01 2.637E-03
  3.440511E+01 2.350E-03
  3.623669E+01 2.093E-03
  3.816150E+01 1.864E-03
  4.018401E+01 1.661E-03
  4.230881E+01 1.479E-03
  4.454070E+01 1.317E-03
  4.688460E+01 1.173E-03
  4.934579E+01 1.044E-03
  5.204454E+01 9.428E-04
  5.488837E+01 8.380E-04
  5.788483E+01 7.449E-04
  6.104205E+01 6.621E-04
  6.436836E+01 5.885E-04
  6.787279E+01 5.231E-04
    3    0    0    8
     64     64
  2.102020E+00    0.0100
  1.576515E+00 1.259E+00
  1.752840E+00 9.717E-01
  2.100330E+00 6.661E-01
  2.214780E+00 5.948E-01
  2.335590E+00 5.311E-01
  2.463130E+00 4.743E-01
  2.597760E+00 4.235E-01
  2.739870E+00 3.781E-01
  2.889880E+00 3.376E-01
  3.048230E+00 3.015E-01
  3.215370E+00 2.692E-01
  3.391790E+00 2.404E-01
  3.578010E+00 2.146E-01
  3.774550E+00 1.916E-01
  3.981990E+00 1.711E-01
  4.200920E+00 1.527E-01
  4.431970E+00 1.364E-01
  4.675790E+00 1.217E-01
  4.933090E+00 1.087E-01
  5.204590E+00 9.701E-02
  5.491070E+00 8.660E-02
  5.793330E+00 7.730E-02
  6.112220E+00 6.900E-02
  6.448640E+00 6.159E-02
  6.803520E+00 5.497E-02
  7.177860E+00 4.906E-02
  7.572690E+00 4.378E-02
  7.989100E+00 3.907E-02
  8.428240E+00 3.487E-02
  8.891320E+00 3.112E-02
  9.379580E+00 2.777E-02
  9.894360E+00 2.478E-02
  1.043710E+01 2.211E-02
  1.100910E+01 1.972E-02
  1.161210E+01 1.759E-02
  1.224760E+01 1.570E-02
  1.291720E+01 1.400E-02
  1.362280E+01 1.249E-02
  1.436620E+01 1.114E-02
  1.514940E+01 9.936E-03
  1.597430E+01 8.861E-03
  1.684320E+01 7.902E-03
  1.775819E+01 7.047E-03
  1.872160E+01 6.284E-03
  1.973599E+01 5.603E-03
  2.080380E+01 4.995E-03
  2.192780E+01 4.453E-03
  2.311070E+01 3.970E-03
  2.435539E+01 3.539E-03
  2.566521E+01 3.154E-03
  2.704300E+01 2.811E-03
  2.849229E+01 2.505E-03
  3.001660E+01 2.233E-03
  3.161940E+01 1.989E-03
  3.330479E+01 1.773E-03
  3.507651E+01 1.579E-03
  3.693880E+01 1.407E-03
  3.889600E+01 1.253E-03
  4.095261E+01 1.116E-03
  4.311340E+01 9.945E-04
  4.538330E+01 8.857E-04
  4.776750E+01 7.888E-04
  5.027119E+01 7.024E-04
  5.290010E+01 6.254E-04
    3    0    0    9
     64     64
  1.701360E+00    0.0100
  1.276019E+00 1.496E+00
  1.352180E+00 1.259E+00
  1.699670E+00 7.789E-01
  1.791710E+00 6.955E-01
  1.888840E+00 6.210E-01
  1.991360E+00 5.544E-01
  2.099550E+00 4.950E-01
  2.213740E+00 4.420E-01
  2.334240E+00 3.946E-01
  2.461430E+00 3.524E-01
  2.595660E+00 3.146E-01
  2.737310E+00 2.809E-01
  2.886820E+00 2.508E-01
  3.044590E+00 2.239E-01
  3.211090E+00 1.999E-01
  3.386790E+00 1.785E-01
  3.572210E+00 1.593E-01
  3.767870E+00 1.422E-01
  3.974320E+00 1.270E-01
  4.192170E+00 1.134E-01
  4.422030E+00 1.012E-01
  4.664550E+00 9.033E-02
  4.920420E+00 8.063E-02
  5.190350E+00 7.197E-02
  5.475120E+00 6.424E-02
  5.775510E+00 5.734E-02
  6.092370E+00 5.118E-02
  6.426590E+00 4.568E-02
  6.779080E+00 4.077E-02
  7.150830E+00 3.638E-02
  7.542860E+00 3.247E-02
  7.956250E+00 2.897E-02
  8.392140E+00 2.585E-02
  8.851700E+00 2.307E-02
  9.336190E+00 2.058E-02
  9.846920E+00 1.837E-02
  1.038530E+01 1.639E-02
  1.095270E+01 1.462E-02
  1.155060E+01 1.304E-02
  1.218080E+01 1.163E-02
  1.284480E+01 1.038E-02
  1.354430E+01 9.256E-03
  1.428130E+01 8.256E-03
  1.505760E+01 7.363E-03
  1.587530E+01 6.567E-03
  1.673640E+01 5.856E-03
  1.764320E+01 5.222E-03
  1.859801E+01 4.656E-03
  1.960320E+01 4.152E-03
  2.066130E+01 3.702E-03
  2.177510E+01 3.300E-03
  2.294720E+01 2.942E-03
  2.418069E+01 2.622E-03
  2.547850E+01 2.338E-03
  2.684390E+01 2.083E-03
  2.828011E+01 1.857E-03
  2.979070E+01 1.655E-03
  3.137930E+01 1.475E-03
  3.304980E+01 1.314E-03
  3.480589E+01 1.171E-03
  3.665210E+01 1.043E-03
  3.859250E+01 9.293E-04
  4.063170E+01 8.279E-04
  4.277440E+01 7.374E-04
    1    2    0    1
     43     60
  1.877631E+01    0.0100
  1.737959E+01 1.390E-01
  1.772881E+01 1.299E-01
  1.807800E+01 1.215E-01
  1.842720E+01 1.138E-01
  1.877470E+01 1.067E-01
  1.946040E+01 9.425E-02
  2.016879E+01 8.324E-02
  2.090041E+01 7.351E-02
  2.165590E+01 6.492E-02
  2.243600E+01 5.732E-02
  2.324130E+01 5.061E-02
  2.407249E+01 4.468E-02
  2.493030E+01 3.944E-02
  2.581551E+01 3.482E-02
  2.672861E+01 3.073E-02
  2.767050E+01 2.712E-02
  2.864191E+01 2.393E-02
  2.964360E+01 2.112E-02
  3.067641E+01 1.864E-02
  3.174100E+01 1.644E-02
  3.283830E+01 1.451E-02
  3.396910E+01 1.280E-02
  3.513420E+01 1.129E-02
  3.633450E+01 9.955E-03
  3.757091E+01 8.779E-03
  3.884430E+01 7.742E-03
  4.015550E+01 6.827E-03
  4.150540E+01 6.020E-03
  4.289510E+01 5.307E-03
  4.432550E+01 4.679E-03
  4.579750E+01 4.124E-03
  4.731210E+01 3.636E-03
  4.887030E+01 3.204E-03
  5.047321E+01 2.824E-03
  5.212180E+01 2.489E-03
  5.381709E+01 2.193E-03
  5.556030E+01 1.932E-03
  5.735229E+01 1.703E-03
  5.919440E+01 1.500E-03
  6.108760E+01 1.321E-03
  6.303310E+01 1.164E-03
  6.503210E+01 1.025E-03
  6.708580E+01 9.030E-04
  6.923944E+01 7.971E-04
  7.145424E+01 7.010E-04
  7.373174E+01 6.165E-04
  7.607352E+01 5.421E-04
  7.848125E+01 4.767E-04
  8.095653E+01 4.191E-04
  8.350102E+01 3.685E-04
  8.611647E+01 3.240E-04
  8.880463E+01 2.849E-04
  9.156734E+01 2.505E-04
  9.440634E+01 2.202E-04
  9.732365E+01 1.936E-04
  1.003211E+02 1.702E-04
  1.034008E+02 1.496E-04
  1.065645E+02 1.315E-04
  1.098145E+02 1.156E-04
  1.131528E+02 1.016E-04
    1    2    0    2
     50     61
  1.056170E+01    0.0100
  9.164990E+00 3.120E-01
  9.514160E+00 2.819E-01
  9.863330E+00 2.553E-01
  1.021250E+01 2.319E-01
  1.056000E+01 2.113E-01
  1.103210E+01 1.869E-01
  1.152130E+01 1.653E-01
  1.202800E+01 1.462E-01
  1.255280E+01 1.293E-01
  1.309610E+01 1.143E-01
  1.365860E+01 1.011E-01
  1.424080E+01 8.934E-02
  1.484320E+01 7.897E-02
  1.546640E+01 6.979E-02
  1.611099E+01 6.168E-02
  1.677760E+01 5.450E-02
  1.746680E+01 4.816E-02
  1.817931E+01 4.255E-02
  1.891560E+01 3.759E-02
  1.967650E+01 3.320E-02
  2.046260E+01 2.933E-02
  2.127470E+01 2.590E-02
  2.211330E+01 2.287E-02
  2.297929E+01 2.020E-02
  2.387340E+01 1.783E-02
  2.479620E+01 1.574E-02
  2.574870E+01 1.390E-02
  2.673160E+01 1.227E-02
  2.774570E+01 1.083E-02
  2.879170E+01 9.559E-03
  2.987070E+01 8.436E-03
  3.098331E+01 7.445E-03
  3.213060E+01 6.569E-03
  3.331329E+01 5.796E-03
  3.453250E+01 5.114E-03
  3.578900E+01 4.512E-03
  3.708369E+01 3.980E-03
  3.841780E+01 3.511E-03
  3.979210E+01 3.096E-03
  4.120779E+01 2.731E-03
  4.266570E+01 2.408E-03
  4.416710E+01 2.124E-03
  4.571291E+01 1.873E-03
  4.730440E+01 1.651E-03
  4.894250E+01 1.456E-03
  5.062860E+01 1.284E-03
  5.236369E+01 1.132E-03
  5.414900E+01 9.975E-04
  5.598590E+01 8.792E-04
  5.787540E+01 7.750E-04
  5.985483E+01 6.825E-04
  6.189186E+01 6.003E-04
  6.398782E+01 5.280E-04
  6.614423E+01 4.643E-04
  6.836263E+01 4.083E-04
  7.064450E+01 3.591E-04
  7.299141E+01 3.158E-04
  7.540492E+01 2.777E-04
  7.788672E+01 2.441E-04
  8.043848E+01 2.147E-04
  8.306177E+01 1.887E-04
    1    2    0    3
     58     62
  6.759690E+00    0.0100
  5.363000E+00 5.577E-01
  5.712170E+00 4.788E-01
  6.061340E+00 4.141E-01
  6.410510E+00 3.606E-01
  6.758000E+00 3.161E-01
  7.086890E+00 2.803E-01
  7.429400E+00 2.485E-01
  7.785980E+00 2.202E-01
  8.157080E+00 1.952E-01
  8.543140E+00 1.730E-01
  8.944650E+00 1.532E-01
  9.362080E+00 1.357E-01
  9.795920E+00 1.202E-01
  1.024670E+01 1.065E-01
  1.071480E+01 9.425E-02
  1.120090E+01 8.344E-02
  1.170550E+01 7.385E-02
  1.222900E+01 6.536E-02
  1.277210E+01 5.783E-02
  1.333540E+01 5.117E-02
  1.391930E+01 4.526E-02
  1.452440E+01 4.004E-02
  1.515150E+01 3.541E-02
  1.580100E+01 3.131E-02
  1.647360E+01 2.768E-02
  1.716991E+01 2.447E-02
  1.789059E+01 2.163E-02
  1.863620E+01 1.912E-02
  1.940759E+01 1.689E-02
  2.020531E+01 1.493E-02
  2.103000E+01 1.319E-02
  2.188251E+01 1.165E-02
  2.276340E+01 1.029E-02
  2.367349E+01 9.086E-03
  2.461349E+01 8.023E-03
  2.558411E+01 7.084E-03
  2.658620E+01 6.254E-03
  2.762050E+01 5.520E-03
  2.868790E+01 4.872E-03
  2.978900E+01 4.300E-03
  3.092470E+01 3.794E-03
  3.209590E+01 3.348E-03
  3.330341E+01 2.954E-03
  3.454800E+01 2.606E-03
  3.583070E+01 2.298E-03
  3.715230E+01 2.027E-03
  3.851379E+01 1.788E-03
  3.991600E+01 1.576E-03
  4.135980E+01 1.390E-03
  4.284630E+01 1.225E-03
  4.437640E+01 1.080E-03
  4.595110E+01 9.523E-04
  4.757130E+01 8.393E-04
  4.923810E+01 7.397E-04
  5.095250E+01 6.518E-04
  5.271550E+01 5.744E-04
  5.374170E+01 5.344E-04
  5.556641E+01 4.719E-04
  5.751996E+01 4.205E-04
  5.953200E+01 3.699E-04
  6.160396E+01 3.255E-04
  6.373738E+01 2.863E-04
    1    2    0    4
     62     62
  4.694210E+00    0.0100
  3.520658E+00 8.311E-01
  3.646690E+00 7.609E-01
  3.995860E+00 6.169E-01
  4.345040E+00 5.078E-01
  4.692520E+00 4.237E-01
  4.932670E+00 3.763E-01
  5.183580E+00 3.341E-01
  5.445640E+00 2.966E-01
  5.719240E+00 2.633E-01
  6.004790E+00 2.336E-01
  6.302680E+00 2.073E-01
  6.613360E+00 1.839E-01
  6.937240E+00 1.631E-01
  7.274770E+00 1.446E-01
  7.626400E+00 1.282E-01
  7.992580E+00 1.137E-01
  8.373800E+00 1.008E-01
  8.770520E+00 8.931E-02
  9.183250E+00 7.914E-02
  9.612470E+00 7.011E-02
  1.005870E+01 6.210E-02
  1.052250E+01 5.500E-02
  1.100430E+01 4.871E-02
  1.150480E+01 4.313E-02
  1.202440E+01 3.818E-02
  1.256380E+01 3.379E-02
  1.312340E+01 2.990E-02
  1.370400E+01 2.646E-02
  1.430600E+01 2.341E-02
  1.493020E+01 2.071E-02
  1.557700E+01 1.832E-02
  1.624730E+01 1.620E-02
  1.694150E+01 1.432E-02
  1.766040E+01 1.266E-02
  1.840469E+01 1.120E-02
  1.917500E+01 9.896E-03
  1.997200E+01 8.746E-03
  2.079640E+01 7.728E-03
  2.164890E+01 6.828E-03
  2.253030E+01 6.032E-03
  2.344141E+01 5.329E-03
  2.438280E+01 4.706E-03
  2.535530E+01 4.156E-03
  2.635980E+01 3.670E-03
  2.739709E+01 3.240E-03
  2.846790E+01 2.861E-03
  2.957300E+01 2.525E-03
  3.071339E+01 2.229E-03
  3.188980E+01 1.967E-03
  3.310320E+01 1.736E-03
  3.435440E+01 1.531E-03
  3.564430E+01 1.351E-03
  3.697391E+01 1.192E-03
  3.834399E+01 1.051E-03
  3.975560E+01 9.270E-04
  4.120959E+01 8.175E-04
  4.270711E+01 7.209E-04
  4.424910E+01 6.356E-04
  4.583640E+01 5.603E-04
  4.747020E+01 4.939E-04
  4.915140E+01 4.354E-04
  5.088120E+01 3.837E-04
    1    2    0    5
     61     61
  3.448810E+00    0.0100
  2.586607E+00 1.038E+00
  2.750460E+00 8.921E-01
  3.099630E+00 6.824E-01
  3.447110E+00 5.360E-01
  3.627910E+00 4.766E-01
  3.817300E+00 4.237E-01
  4.015620E+00 3.766E-01
  4.223220E+00 3.347E-01
  4.440440E+00 2.974E-01
  4.667660E+00 2.642E-01
  4.905250E+00 2.347E-01
  5.153580E+00 2.084E-01
  5.413050E+00 1.851E-01
  5.684060E+00 1.643E-01
  5.967020E+00 1.459E-01
  6.262350E+00 1.294E-01
  6.570480E+00 1.149E-01
  6.891850E+00 1.019E-01
  7.226910E+00 9.038E-02
  7.576120E+00 8.015E-02
  7.939950E+00 7.107E-02
  8.318880E+00 6.301E-02
  8.713400E+00 5.586E-02
  9.124020E+00 4.950E-02
  9.551240E+00 4.387E-02
  9.995590E+00 3.887E-02
  1.045760E+01 3.443E-02
  1.093780E+01 3.049E-02
  1.143680E+01 2.700E-02
  1.195510E+01 2.391E-02
  1.249330E+01 2.117E-02
  1.305200E+01 1.874E-02
  1.363180E+01 1.658E-02
  1.423330E+01 1.467E-02
  1.485720E+01 1.298E-02
  1.550400E+01 1.149E-02
  1.617439E+01 1.016E-02
  1.686909E+01 8.985E-03
  1.758881E+01 7.945E-03
  1.833400E+01 7.025E-03
  1.910561E+01 6.210E-03
  1.990421E+01 5.489E-03
  2.073061E+01 4.851E-03
  2.158549E+01 4.287E-03
  2.246960E+01 3.788E-03
  2.338370E+01 3.346E-03
  2.432860E+01 2.956E-03
  2.530499E+01 2.611E-03
  2.631380E+01 2.306E-03
  2.735570E+01 2.036E-03
  2.843170E+01 1.798E-03
  2.954250E+01 1.587E-03
  3.068890E+01 1.401E-03
  3.187199E+01 1.236E-03
  3.309241E+01 1.091E-03
  3.435120E+01 9.629E-04
  3.564931E+01 8.496E-04
  3.698750E+01 7.495E-04
  3.836690E+01 6.611E-04
  3.978830E+01 5.832E-04
  4.125270E+01 5.143E-04
    1    2    0    6
     61     61
  2.640500E+00    0.0100
  1.980374E+00 1.244E+00
  2.291330E+00 8.951E-01
  2.638810E+00 6.537E-01
  2.778980E+00 5.818E-01
  2.926090E+00 5.178E-01
  3.080440E+00 4.607E-01
  3.242330E+00 4.098E-01
  3.412070E+00 3.645E-01
  3.589970E+00 3.242E-01
  3.776360E+00 2.882E-01
  3.971590E+00 2.562E-01
  4.175990E+00 2.278E-01
  4.389920E+00 2.024E-01
  4.613750E+00 1.798E-01
  4.847850E+00 1.598E-01
  5.092600E+00 1.419E-01
  5.348400E+00 1.260E-01
  5.615660E+00 1.119E-01
  5.894770E+00 9.934E-02
  6.186180E+00 8.817E-02
  6.490310E+00 7.825E-02
  6.807600E+00 6.943E-02
  7.138510E+00 6.160E-02
  7.483510E+00 5.464E-02
  7.843060E+00 4.845E-02
  8.217660E+00 4.296E-02
  8.607790E+00 3.809E-02
  9.013960E+00 3.376E-02
  9.436700E+00 2.992E-02
  9.876530E+00 2.652E-02
  1.033400E+01 2.349E-02
  1.080960E+01 2.081E-02
  1.130400E+01 1.843E-02
  1.181770E+01 1.632E-02
  1.235120E+01 1.445E-02
  1.290530E+01 1.280E-02
  1.348050E+01 1.133E-02
  1.407740E+01 1.002E-02
  1.469660E+01 8.870E-03
  1.533880E+01 7.848E-03
  1.600470E+01 6.943E-03
  1.669490E+01 6.141E-03
  1.741010E+01 5.431E-03
  1.815089E+01 4.803E-03
  1.891820E+01 4.246E-03
  1.971249E+01 3.754E-03
  2.053470E+01 3.318E-03
  2.138541E+01 2.933E-03
  2.226550E+01 2.591E-03
  2.317570E+01 2.290E-03
  2.411670E+01 2.023E-03
  2.508949E+01 1.787E-03
  2.609470E+01 1.578E-03
  2.713319E+01 1.394E-03
  2.820580E+01 1.231E-03
  2.931340E+01 1.087E-03
  3.045689E+01 9.593E-04
  3.163721E+01 8.468E-04
  3.285500E+01 7.474E-04
  3.411140E+01 6.596E-04
  3.540720E+01 5.820E-04
    1    2    0    7
     61     61
  2.086330E+00    0.0100
  1.564748E+00 1.518E+00
  1.737150E+00 1.160E+00
  2.084640E+00 7.772E-01
  2.196750E+00 6.922E-01
  2.314550E+00 6.163E-01
  2.438290E+00 5.487E-01
  2.568230E+00 4.884E-01
  2.704630E+00 4.347E-01
  2.847770E+00 3.868E-01
  2.997930E+00 3.442E-01
  3.155400E+00 3.062E-01
  3.320490E+00 2.723E-01
  3.493520E+00 2.422E-01
  3.674780E+00 2.153E-01
  3.864630E+00 1.914E-01
  4.063390E+00 1.702E-01
  4.271410E+00 1.512E-01
  4.489060E+00 1.344E-01
  4.716690E+00 1.194E-01
  4.954690E+00 1.060E-01
  5.203440E+00 9.417E-02
  5.463350E+00 8.362E-02
  5.734810E+00 7.424E-02
  6.018260E+00 6.590E-02
  6.314100E+00 5.849E-02
  6.622800E+00 5.190E-02
  6.944790E+00 4.605E-02
  7.280530E+00 4.085E-02
  7.630510E+00 3.623E-02
  7.995190E+00 3.213E-02
  8.375080E+00 2.849E-02
  8.770690E+00 2.526E-02
  9.182520E+00 2.239E-02
  9.611110E+00 1.984E-02
  1.005700E+01 1.758E-02
  1.052070E+01 1.558E-02
  1.100290E+01 1.380E-02
  1.150400E+01 1.222E-02
  1.202480E+01 1.083E-02
  1.256570E+01 9.585E-03
  1.312740E+01 8.486E-03
  1.371050E+01 7.512E-03
  1.431570E+01 6.649E-03
  1.494360E+01 5.884E-03
  1.559490E+01 5.207E-03
  1.627020E+01 4.606E-03
  1.697031E+01 4.075E-03
  1.769591E+01 3.604E-03
  1.844760E+01 3.187E-03
  1.922620E+01 2.818E-03
  2.003250E+01 2.492E-03
  2.086720E+01 2.203E-03
  2.173109E+01 1.947E-03
  2.262500E+01 1.721E-03
  2.354970E+01 1.521E-03
  2.450591E+01 1.344E-03
  2.549460E+01 1.187E-03
  2.651669E+01 1.049E-03
  2.757280E+01 9.263E-04
  2.866400E+01 8.181E-04
  2.979120E+01 7.224E-04
    1    2    0    8
     61     61
  1.689930E+00    0.0100
  1.267447E+00 1.785E+00
  1.340760E+00 1.499E+00
  1.688240E+00 9.066E-01
  1.778920E+00 8.079E-01
  1.874300E+00 7.198E-01
  1.974610E+00 6.413E-01
  2.080090E+00 5.712E-01
  2.190950E+00 5.087E-01
  2.307440E+00 4.530E-01
  2.429810E+00 4.034E-01
  2.558330E+00 3.591E-01
  2.693250E+00 3.196E-01
  2.834860E+00 2.844E-01
  2.983440E+00 2.531E-01
  3.139280E+00 2.252E-01
  3.302690E+00 2.003E-01
  3.473970E+00 1.781E-01
  3.653450E+00 1.584E-01
  3.841460E+00 1.408E-01
  4.038340E+00 1.252E-01
  4.244440E+00 1.113E-01
  4.460120E+00 9.888E-02
  4.685740E+00 8.786E-02
  4.921690E+00 7.805E-02
  5.168360E+00 6.933E-02
  5.426150E+00 6.157E-02
  5.695460E+00 5.467E-02
  5.976720E+00 4.853E-02
  6.270360E+00 4.308E-02
  6.576820E+00 3.823E-02
  6.896550E+00 3.392E-02
  7.230010E+00 3.010E-02
  7.577690E+00 2.670E-02
  7.940060E+00 2.368E-02
  8.317620E+00 2.100E-02
  8.710890E+00 1.862E-02
  9.120370E+00 1.650E-02
  9.546600E+00 1.463E-02
  9.990130E+00 1.296E-02
  1.045150E+01 1.149E-02
  1.093130E+01 1.018E-02
  1.143010E+01 9.014E-03
  1.194840E+01 7.984E-03
  1.248700E+01 7.070E-03
  1.304630E+01 6.260E-03
  1.362710E+01 5.542E-03
  1.423000E+01 4.905E-03
  1.485560E+01 4.341E-03
  1.550450E+01 3.842E-03
  1.617760E+01 3.399E-03
  1.687540E+01 3.007E-03
  1.759860E+01 2.660E-03
  1.834810E+01 2.352E-03
  1.912450E+01 2.080E-03
  1.992850E+01 1.839E-03
  2.076100E+01 1.626E-03
  2.162260E+01 1.437E-03
  2.251430E+01 1.270E-03
  2.343671E+01 1.123E-03
  2.439079E+01 9.919E-04
  2.537720E+01 8.764E-04
    3    2    0    1
     43     60
  1.878540E+01    0.0100
  1.738870E+01 1.399E-01
  1.773790E+01 1.308E-01
  1.808701E+01 1.224E-01
  1.843620E+01 1.146E-01
  1.878371E+01 1.075E-01
  1.947260E+01 9.495E-02
  2.018410E+01 8.385E-02
  2.091879E+01 7.405E-02
  2.167731E+01 6.539E-02
  2.246040E+01 5.774E-02
  2.326880E+01 5.098E-02
  2.410300E+01 4.500E-02
  2.496390E+01 3.973E-02
  2.585210E+01 3.507E-02
  2.676830E+01 3.095E-02
  2.771350E+01 2.732E-02
  2.868829E+01 2.411E-02
  2.969350E+01 2.128E-02
  3.072990E+01 1.878E-02
  3.179849E+01 1.657E-02
  3.289990E+01 1.462E-02
  3.403510E+01 1.290E-02
  3.520500E+01 1.138E-02
  3.641040E+01 1.004E-02
  3.765240E+01 8.853E-03
  3.893170E+01 7.808E-03
  4.024950E+01 6.887E-03
  4.160660E+01 6.074E-03
  4.300410E+01 5.356E-03
  4.444299E+01 4.723E-03
  4.592439E+01 4.164E-03
  4.744920E+01 3.672E-03
  4.901871E+01 3.237E-03
  5.063390E+01 2.854E-03
  5.229581E+01 2.516E-03
  5.400580E+01 2.218E-03
  5.576500E+01 1.955E-03
  5.757449E+01 1.723E-03
  5.943559E+01 1.518E-03
  6.134950E+01 1.338E-03
  6.331760E+01 1.179E-03
  6.534100E+01 1.039E-03
  6.742120E+01 9.154E-04
  6.959976E+01 8.070E-04
  7.184094E+01 7.098E-04
  7.414639E+01 6.243E-04
  7.651772E+01 5.490E-04
  7.895659E+01 4.829E-04
  8.146471E+01 4.246E-04
  8.404387E+01 3.734E-04
  8.669591E+01 3.284E-04
  8.942261E+01 2.888E-04
  9.222581E+01 2.539E-04
  9.510757E+01 2.233E-04
  9.806972E+01 1.963E-04
  1.011144E+02 1.726E-04
  1.042436E+02 1.518E-04
  1.074593E+02 1.334E-04
  1.107639E+02 1.173E-04
  1.141595E+02 1.031E-04
    3    2    0    2
     50     61
  1.056660E+01    0.0100
  9.169860E+00 3.141E-01
  9.519040E+00 2.838E-01
  9.868210E+00 2.571E-01
  1.021740E+01 2.336E-01
  1.056490E+01 2.129E-01
  1.103890E+01 1.883E-01
  1.152990E+01 1.665E-01
  1.203850E+01 1.473E-01
  1.256510E+01 1.302E-01
  1.311030E+01 1.151E-01
  1.367460E+01 1.018E-01
  1.425860E+01 8.999E-02
  1.486280E+01 7.954E-02
  1.548790E+01 7.030E-02
  1.613429E+01 6.213E-02
  1.680290E+01 5.490E-02
  1.749409E+01 4.851E-02
  1.820860E+01 4.286E-02
  1.894710E+01 3.787E-02
  1.971030E+01 3.345E-02
  2.049870E+01 2.955E-02
  2.131329E+01 2.610E-02
  2.215460E+01 2.305E-02
  2.302341E+01 2.035E-02
  2.392050E+01 1.797E-02
  2.484660E+01 1.587E-02
  2.580251E+01 1.401E-02
  2.678920E+01 1.237E-02
  2.780730E+01 1.092E-02
  2.885780E+01 9.639E-03
  2.994150E+01 8.508E-03
  3.105920E+01 7.509E-03
  3.221210E+01 6.627E-03
  3.340080E+01 5.849E-03
  3.462650E+01 5.161E-03
  3.589011E+01 4.554E-03
  3.719260E+01 4.018E-03
  3.853510E+01 3.545E-03
  3.991840E+01 3.127E-03
  4.134390E+01 2.759E-03
  4.281250E+01 2.433E-03
  4.432530E+01 2.146E-03
  4.588350E+01 1.893E-03
  4.748830E+01 1.670E-03
  4.914090E+01 1.472E-03
  5.084250E+01 1.298E-03
  5.259441E+01 1.145E-03
  5.439780E+01 1.009E-03
  5.625410E+01 8.900E-04
  5.816451E+01 7.847E-04
  6.016287E+01 6.899E-04
  6.221974E+01 6.069E-04
  6.433662E+01 5.338E-04
  6.651508E+01 4.695E-04
  6.875652E+01 4.129E-04
  7.106259E+01 3.632E-04
  7.343488E+01 3.194E-04
  7.587506E+01 2.809E-04
  7.838475E+01 2.470E-04
  8.096571E+01 2.172E-04
  8.361969E+01 1.910E-04
    3    2    0    3
     58     62
  6.762420E+00    0.0100
  5.365720E+00 5.615E-01
  5.714900E+00 4.822E-01
  6.064070E+00 4.172E-01
  6.413250E+00 3.633E-01
  6.760730E+00 3.185E-01
  7.090600E+00 2.824E-01
  7.434110E+00 2.503E-01
  7.791710E+00 2.219E-01
  8.163830E+00 1.967E-01
  8.550950E+00 1.743E-01
  8.953530E+00 1.544E-01
  9.372060E+00 1.367E-01
  9.807030E+00 1.211E-01
  1.025890E+01 1.073E-01
  1.072830E+01 9.496E-02
  1.121560E+01 8.407E-02
  1.172150E+01 7.441E-02
  1.224640E+01 6.586E-02
  1.279090E+01 5.828E-02
  1.335560E+01 5.156E-02
  1.394110E+01 4.561E-02
  1.454790E+01 4.035E-02
  1.517680E+01 3.568E-02
  1.582810E+01 3.155E-02
  1.650270E+01 2.790E-02
  1.720110E+01 2.467E-02
  1.792410E+01 2.180E-02
  1.867210E+01 1.927E-02
  1.944611E+01 1.703E-02
  2.024651E+01 1.505E-02
  2.107420E+01 1.330E-02
  2.192990E+01 1.175E-02
  2.281419E+01 1.038E-02
  2.372800E+01 9.164E-03
  2.467191E+01 8.093E-03
  2.564690E+01 7.146E-03
  2.665350E+01 6.309E-03
  2.769270E+01 5.570E-03
  2.876530E+01 4.917E-03
  2.987199E+01 4.340E-03
  3.101379E+01 3.830E-03
  3.219150E+01 3.380E-03
  3.340590E+01 2.982E-03
  3.465800E+01 2.631E-03
  3.594870E+01 2.321E-03
  3.727879E+01 2.047E-03
  3.864931E+01 1.806E-03
  4.006120E+01 1.593E-03
  4.151550E+01 1.404E-03
  4.301311E+01 1.238E-03
  4.455490E+01 1.092E-03
  4.614220E+01 9.626E-04
  4.777580E+01 8.486E-04
  4.945680E+01 7.480E-04
  5.118629E+01 6.592E-04
  5.296539E+01 5.810E-04
  5.374440E+01 5.503E-04
  5.556030E+01 4.867E-04
  5.752219E+01 4.330E-04
  5.954309E+01 3.810E-04
  6.162454E+01 3.352E-04
  6.376811E+01 2.949E-04
    3    2    0    4
     62     62
  4.695860E+00    0.0100
  3.521894E+00 8.377E-01
  3.648340E+00 7.668E-01
  3.997510E+00 6.218E-01
  4.346690E+00 5.119E-01
  4.694170E+00 4.273E-01
  4.934730E+00 3.795E-01
  5.186060E+00 3.369E-01
  5.448550E+00 2.991E-01
  5.722590E+00 2.655E-01
  6.008580E+00 2.356E-01
  6.306940E+00 2.090E-01
  6.618090E+00 1.854E-01
  6.942470E+00 1.645E-01
  7.280520E+00 1.459E-01
  7.632690E+00 1.293E-01
  7.999450E+00 1.147E-01
  8.381260E+00 1.016E-01
  8.778630E+00 9.008E-02
  9.192030E+00 7.982E-02
  9.621980E+00 7.072E-02
  1.006900E+01 6.265E-02
  1.053360E+01 5.548E-02
  1.101630E+01 4.914E-02
  1.151770E+01 4.351E-02
  1.203840E+01 3.852E-02
  1.257890E+01 3.409E-02
  1.313970E+01 3.017E-02
  1.372160E+01 2.670E-02
  1.432510E+01 2.363E-02
  1.495080E+01 2.090E-02
  1.559930E+01 1.849E-02
  1.627139E+01 1.635E-02
  1.696761E+01 1.446E-02
  1.768860E+01 1.278E-02
  1.843520E+01 1.130E-02
  1.920790E+01 9.991E-03
  2.000760E+01 8.831E-03
  2.083490E+01 7.804E-03
  2.169070E+01 6.896E-03
  2.257550E+01 6.093E-03
  2.349020E+01 5.382E-03
  2.443559E+01 4.754E-03
  2.541240E+01 4.199E-03
  2.642149E+01 3.708E-03
  2.746370E+01 3.274E-03
  2.853979E+01 2.891E-03
  2.965060E+01 2.552E-03
  3.079710E+01 2.253E-03
  3.198010E+01 1.988E-03
  3.320039E+01 1.755E-03
  3.445911E+01 1.548E-03
  3.575700E+01 1.366E-03
  3.709509E+01 1.205E-03
  3.847430E+01 1.063E-03
  3.989560E+01 9.379E-04
  4.136000E+01 8.272E-04
  4.286839E+01 7.295E-04
  4.442200E+01 6.432E-04
  4.602170E+01 5.672E-04
  4.766859E+01 5.000E-04
  4.936380E+01 4.408E-04
  5.110831E+01 3.886E-04
    3    2    0    5
     61     61
  3.449870E+00    0.0100
  2.587402E+00 1.047E+00
  2.751520E+00 8.997E-01
  3.100700E+00 6.883E-01
  3.448180E+00 5.408E-01
  3.629300E+00 4.809E-01
  3.819020E+00 4.275E-01
  4.017680E+00 3.800E-01
  4.225620E+00 3.377E-01
  4.443190E+00 3.001E-01
  4.670770E+00 2.666E-01
  4.908720E+00 2.368E-01
  5.157420E+00 2.103E-01
  5.417270E+00 1.867E-01
  5.688670E+00 1.658E-01
  5.972040E+00 1.471E-01
  6.267790E+00 1.306E-01
  6.576360E+00 1.159E-01
  6.898190E+00 1.028E-01
  7.233730E+00 9.119E-02
  7.583450E+00 8.087E-02
  7.947820E+00 7.171E-02
  8.327320E+00 6.358E-02
  8.722450E+00 5.636E-02
  9.133720E+00 4.995E-02
  9.561640E+00 4.427E-02
  1.000670E+01 3.922E-02
  1.046960E+01 3.474E-02
  1.095070E+01 3.077E-02
  1.145060E+01 2.725E-02
  1.196990E+01 2.413E-02
  1.250920E+01 2.137E-02
  1.306910E+01 1.891E-02
  1.365020E+01 1.674E-02
  1.425310E+01 1.481E-02
  1.487850E+01 1.311E-02
  1.552700E+01 1.160E-02
  1.619920E+01 1.026E-02
  1.689590E+01 9.073E-03
  1.761760E+01 8.024E-03
  1.836520E+01 7.095E-03
  1.913930E+01 6.273E-03
  1.994060E+01 5.545E-03
  2.076990E+01 4.901E-03
  2.162790E+01 4.331E-03
  2.251540E+01 3.827E-03
  2.343320E+01 3.382E-03
  2.438200E+01 2.988E-03
  2.536270E+01 2.639E-03
  2.637601E+01 2.331E-03
  2.742281E+01 2.058E-03
  2.850400E+01 1.818E-03
  2.962050E+01 1.605E-03
  3.077299E+01 1.417E-03
  3.196249E+01 1.250E-03
  3.318980E+01 1.104E-03
  3.445599E+01 9.740E-04
  3.576199E+01 8.595E-04
  3.710860E+01 7.583E-04
  3.849690E+01 6.690E-04
  3.992780E+01 5.902E-04
  4.140250E+01 5.206E-04
    3    2    0    6
     61     61
  2.641220E+00    0.0100
  1.980915E+00 1.255E+00
  2.292050E+00 9.034E-01
  2.639530E+00 6.599E-01
  2.779910E+00 5.873E-01
  2.927230E+00 5.227E-01
  3.081790E+00 4.650E-01
  3.243890E+00 4.137E-01
  3.413840E+00 3.680E-01
  3.591950E+00 3.272E-01
  3.778570E+00 2.909E-01
  3.974010E+00 2.586E-01
  4.178640E+00 2.299E-01
  4.392810E+00 2.043E-01
  4.616870E+00 1.815E-01
  4.851220E+00 1.613E-01
  5.096220E+00 1.432E-01
  5.352290E+00 1.272E-01
  5.619820E+00 1.129E-01
  5.899230E+00 1.003E-01
  6.190940E+00 8.900E-02
  6.495390E+00 7.899E-02
  6.813030E+00 7.009E-02
  7.144310E+00 6.218E-02
  7.489700E+00 5.516E-02
  7.849680E+00 4.892E-02
  8.224730E+00 4.338E-02
  8.615370E+00 3.846E-02
  9.022090E+00 3.409E-02
  9.445420E+00 3.021E-02
  9.885890E+00 2.678E-02
  1.034410E+01 2.372E-02
  1.082050E+01 2.102E-02
  1.131570E+01 1.862E-02
  1.183030E+01 1.649E-02
  1.236490E+01 1.460E-02
  1.292010E+01 1.292E-02
  1.349650E+01 1.144E-02
  1.409470E+01 1.013E-02
  1.471540E+01 8.962E-03
  1.535920E+01 7.930E-03
  1.602679E+01 7.016E-03
  1.671890E+01 6.206E-03
  1.743610E+01 5.489E-03
  1.817920E+01 4.854E-03
  1.894881E+01 4.292E-03
  1.974580E+01 3.795E-03
  2.057080E+01 3.354E-03
  2.142470E+01 2.965E-03
  2.230811E+01 2.620E-03
  2.322180E+01 2.315E-03
  2.416670E+01 2.046E-03
  2.514371E+01 1.807E-03
  2.615331E+01 1.596E-03
  2.719670E+01 1.410E-03
  2.827451E+01 1.245E-03
  2.938770E+01 1.099E-03
  3.053709E+01 9.707E-04
  3.172369E+01 8.569E-04
  3.294839E+01 7.564E-04
  3.421201E+01 6.676E-04
  3.551559E+01 5.892E-04
    3    2    0    7
     61     61
  2.086840E+00    0.0100
  1.565129E+00 1.534E+00
  1.737670E+00 1.172E+00
  2.085150E+00 7.849E-01
  2.197570E+00 6.990E-01
  2.315680E+00 6.224E-01
  2.439720E+00 5.541E-01
  2.569960E+00 4.932E-01
  2.706670E+00 4.389E-01
  2.850120E+00 3.906E-01
  3.000580E+00 3.475E-01
  3.158360E+00 3.091E-01
  3.323760E+00 2.749E-01
  3.497080E+00 2.445E-01
  3.678650E+00 2.174E-01
  3.868790E+00 1.932E-01
  4.067840E+00 1.717E-01
  4.276160E+00 1.526E-01
  4.494090E+00 1.356E-01
  4.722010E+00 1.205E-01
  4.960300E+00 1.070E-01
  5.209350E+00 9.504E-02
  5.469540E+00 8.439E-02
  5.741300E+00 7.493E-02
  6.025040E+00 6.651E-02
  6.321200E+00 5.903E-02
  6.630210E+00 5.238E-02
  6.952530E+00 4.648E-02
  7.288620E+00 4.123E-02
  7.638960E+00 3.657E-02
  8.004030E+00 3.243E-02
  8.384330E+00 2.876E-02
  8.780380E+00 2.550E-02
  9.192690E+00 2.260E-02
  9.621810E+00 2.003E-02
  1.006830E+01 1.775E-02
  1.053260E+01 1.573E-02
  1.101550E+01 1.393E-02
  1.151740E+01 1.234E-02
  1.203890E+01 1.093E-02
  1.258080E+01 9.680E-03
  1.314350E+01 8.571E-03
  1.372770E+01 7.587E-03
  1.433420E+01 6.716E-03
  1.496340E+01 5.944E-03
  1.561620E+01 5.260E-03
  1.629320E+01 4.654E-03
  1.699519E+01 4.117E-03
  1.772270E+01 3.642E-03
  1.847670E+01 3.221E-03
  1.925771E+01 2.849E-03
  2.006660E+01 2.519E-03
  2.090421E+01 2.227E-03
  2.177130E+01 1.969E-03
  2.266859E+01 1.740E-03
  2.359700E+01 1.538E-03
  2.455740E+01 1.359E-03
  2.555060E+01 1.201E-03
  2.657739E+01 1.061E-03
  2.763870E+01 9.372E-04
  2.873550E+01 8.278E-04
  2.986870E+01 7.311E-04
    3    2    0    8
     61     61
  1.690310E+00    0.0100
  1.267732E+00 1.804E+00
  1.341140E+00 1.514E+00
  1.688620E+00 9.160E-01
  1.779550E+00 8.162E-01
  1.875200E+00 7.272E-01
  1.975780E+00 6.478E-01
  2.081520E+00 5.770E-01
  2.192640E+00 5.139E-01
  2.309410E+00 4.576E-01
  2.432050E+00 4.074E-01
  2.560830E+00 3.627E-01
  2.696020E+00 3.228E-01
  2.837890E+00 2.872E-01
  2.986730E+00 2.556E-01
  3.142830E+00 2.274E-01
  3.306490E+00 2.022E-01
  3.478020E+00 1.799E-01
  3.657750E+00 1.599E-01
  3.846000E+00 1.422E-01
  4.043120E+00 1.264E-01
  4.249460E+00 1.123E-01
  4.465360E+00 9.983E-02
  4.691220E+00 8.870E-02
  4.927400E+00 7.880E-02
  5.174290E+00 6.999E-02
  5.432310E+00 6.215E-02
  5.701850E+00 5.519E-02
  5.983340E+00 4.899E-02
  6.277220E+00 4.349E-02
  6.583920E+00 3.860E-02
  6.903910E+00 3.425E-02
  7.237650E+00 3.039E-02
  7.585620E+00 2.696E-02
  7.948300E+00 2.391E-02
  8.326200E+00 2.120E-02
  8.719830E+00 1.880E-02
  9.129720E+00 1.667E-02
  9.556400E+00 1.477E-02
  1.000040E+01 1.309E-02
  1.046230E+01 1.160E-02
  1.094270E+01 1.028E-02
  1.144220E+01 9.105E-03
  1.196130E+01 8.065E-03
  1.250070E+01 7.142E-03
  1.306100E+01 6.324E-03
  1.364290E+01 5.599E-03
  1.424690E+01 4.956E-03
  1.487370E+01 4.387E-03
  1.552410E+01 3.882E-03
  1.619881E+01 3.435E-03
  1.689830E+01 3.039E-03
  1.762350E+01 2.689E-03
  1.837511E+01 2.378E-03
  1.915379E+01 2.103E-03
  1.996040E+01 1.860E-03
  2.079570E+01 1.644E-03
  2.166051E+01 1.454E-03
  2.255550E+01 1.285E-03
  2.348160E+01 1.136E-03
  2.443970E+01 1.004E-03
  2.543050E+01 8.868E-04
    1    1    1    1
     25     60
  4.203090E+01    0.0100
  4.063420E+01 8.719E-02
  4.098340E+01 8.492E-02
  4.133260E+01 8.273E-02
  4.168170E+01 8.061E-02
  4.202921E+01 7.856E-02
  4.368800E+01 6.959E-02
  4.541360E+01 6.163E-02
  4.720760E+01 5.457E-02
  4.907190E+01 4.830E-02
  5.100819E+01 4.274E-02
  5.301801E+01 3.780E-02
  5.510310E+01 3.343E-02
  5.726489E+01 2.955E-02
  5.950481E+01 2.612E-02
  6.182430E+01 2.307E-02
  6.422470E+01 2.038E-02
  6.670731E+01 1.799E-02
  6.927310E+01 1.588E-02
  7.192329E+01 1.401E-02
  7.465891E+01 1.236E-02
  7.748080E+01 1.089E-02
  8.039000E+01 9.603E-03
  8.338721E+01 8.462E-03
  8.647310E+01 7.455E-03
  8.964850E+01 6.565E-03
  9.298952E+01 5.810E-03
  9.643787E+01 5.117E-03
  9.999655E+01 4.506E-03
  1.036686E+02 3.968E-03
  1.074572E+02 3.494E-03
  1.113655E+02 3.077E-03
  1.153967E+02 2.709E-03
  1.195543E+02 2.385E-03
  1.238419E+02 2.100E-03
  1.282627E+02 1.848E-03
  1.328206E+02 1.627E-03
  1.375191E+02 1.432E-03
  1.423621E+02 1.261E-03
  1.473534E+02 1.110E-03
  1.524971E+02 9.768E-04
  1.577973E+02 8.596E-04
  1.632580E+02 7.565E-04
  1.688835E+02 6.658E-04
  1.746782E+02 5.859E-04
  1.806465E+02 5.156E-04
  1.867932E+02 4.536E-04
  1.931226E+02 3.992E-04
  1.996398E+02 3.512E-04
  2.063497E+02 3.090E-04
  2.132570E+02 2.718E-04
  2.203671E+02 2.391E-04
  2.276849E+02 2.104E-04
  2.352162E+02 1.851E-04
  2.429662E+02 1.628E-04
  2.509405E+02 1.432E-04
  2.591448E+02 1.259E-04
  2.675850E+02 1.108E-04
  2.762676E+02 9.742E-05
  2.851978E+02 8.568E-05
  2.943826E+02 7.535E-05
    1    1    1    2
     34     61
  1.872430E+01    0.0100
  1.732761E+01 1.861E-01
  1.767680E+01 1.774E-01
  1.802600E+01 1.691E-01
  1.837520E+01 1.614E-01
  1.872260E+01 1.542E-01
  1.965150E+01 1.368E-01
  2.061990E+01 1.213E-01
  2.162920E+01 1.076E-01
  2.268060E+01 9.543E-02
  2.377570E+01 8.460E-02
  2.491580E+01 7.500E-02
  2.610249E+01 6.647E-02
  2.733720E+01 5.891E-02
  2.862140E+01 5.219E-02
  2.995680E+01 4.624E-02
  3.134489E+01 4.096E-02
  3.278751E+01 3.627E-02
  3.428610E+01 3.212E-02
  3.584250E+01 2.844E-02
  3.745840E+01 2.518E-02
  3.913570E+01 2.229E-02
  4.087621E+01 1.973E-02
  4.268170E+01 1.746E-02
  4.455420E+01 1.544E-02
  4.649550E+01 1.366E-02
  4.850790E+01 1.209E-02
  5.059309E+01 1.069E-02
  5.275340E+01 9.454E-03
  5.499080E+01 8.359E-03
  5.730750E+01 7.391E-03
  5.970570E+01 6.534E-03
  6.218761E+01 5.775E-03
  6.475571E+01 5.104E-03
  6.741209E+01 4.511E-03
  7.022636E+01 3.989E-03
  7.314075E+01 3.518E-03
  7.615828E+01 3.102E-03
  7.928217E+01 2.735E-03
  8.251561E+01 2.412E-03
  8.586191E+01 2.126E-03
  8.932451E+01 1.875E-03
  9.290680E+01 1.653E-03
  9.661247E+01 1.457E-03
  1.004452E+02 1.284E-03
  1.044086E+02 1.132E-03
  1.085067E+02 9.975E-04
  1.127434E+02 8.791E-04
  1.171227E+02 7.747E-04
  1.216488E+02 6.827E-04
  1.263261E+02 6.015E-04
  1.311588E+02 5.300E-04
  1.361515E+02 4.670E-04
  1.413088E+02 4.114E-04
  1.466354E+02 3.625E-04
  1.521362E+02 3.193E-04
  1.578161E+02 2.813E-04
  1.636803E+02 2.477E-04
  1.697339E+02 2.182E-04
  1.759823E+02 1.922E-04
  1.824308E+02 1.693E-04
  1.890854E+02 1.491E-04
    1    1    1    3
     42     62
  1.054150E+01    0.0100
  9.144850E+00 3.227E-01
  9.494030E+00 2.969E-01
  9.843200E+00 2.739E-01
  1.019240E+01 2.533E-01
  1.053990E+01 2.349E-01
  1.109850E+01 2.089E-01
  1.168360E+01 1.857E-01
  1.229610E+01 1.650E-01
  1.293720E+01 1.467E-01
  1.360800E+01 1.303E-01
  1.430950E+01 1.158E-01
  1.504290E+01 1.028E-01
  1.580940E+01 9.133E-02
  1.661020E+01 8.110E-02
  1.744670E+01 7.200E-02
  1.832001E+01 6.391E-02
  1.923151E+01 5.672E-02
  2.018260E+01 5.034E-02
  2.117461E+01 4.466E-02
  2.220900E+01 3.962E-02
  2.328729E+01 3.514E-02
  2.441090E+01 3.117E-02
  2.558141E+01 2.764E-02
  2.680029E+01 2.450E-02
  2.806931E+01 2.172E-02
  2.939000E+01 1.925E-02
  3.076410E+01 1.706E-02
  3.219341E+01 1.512E-02
  3.367960E+01 1.339E-02
  3.522440E+01 1.186E-02
  3.682990E+01 1.051E-02
  3.849789E+01 9.304E-03
  4.023030E+01 8.238E-03
  4.202901E+01 7.294E-03
  4.389630E+01 6.457E-03
  4.583400E+01 5.715E-03
  4.784430E+01 5.057E-03
  4.992940E+01 4.475E-03
  5.209151E+01 3.959E-03
  5.433290E+01 3.503E-03
  5.665581E+01 3.098E-03
  5.906261E+01 2.740E-03
  6.163104E+01 2.435E-03
  6.429710E+01 2.150E-03
  6.706404E+01 1.898E-03
  6.993517E+01 1.675E-03
  7.291399E+01 1.479E-03
  7.600403E+01 1.305E-03
  7.920892E+01 1.152E-03
  8.253244E+01 1.016E-03
  8.597842E+01 8.969E-04
  8.955087E+01 7.914E-04
  9.325397E+01 6.983E-04
  9.709184E+01 6.161E-04
  1.010689E+02 5.436E-04
  1.051895E+02 4.796E-04
  1.094583E+02 4.230E-04
  1.138800E+02 3.732E-04
  1.184595E+02 3.292E-04
  1.232018E+02 2.903E-04
  1.281119E+02 2.560E-04
  1.331952E+02 2.258E-04
    1    1    1    4
     49     63
  6.749790E+00    0.0100
  5.353100E+00 5.327E-01
  5.702270E+00 4.653E-01
  6.051440E+00 4.093E-01
  6.400620E+00 3.624E-01
  6.748100E+00 3.230E-01
  7.112360E+00 2.876E-01
  7.495070E+00 2.561E-01
  7.897010E+00 2.280E-01
  8.319040E+00 2.029E-01
  8.762000E+00 1.806E-01
  9.226800E+00 1.607E-01
  9.714340E+00 1.430E-01
  1.022560E+01 1.272E-01
  1.076150E+01 1.131E-01
  1.132310E+01 1.006E-01
  1.191140E+01 8.944E-02
  1.252740E+01 7.951E-02
  1.317240E+01 7.067E-02
  1.384740E+01 6.281E-02
  1.455350E+01 5.581E-02
  1.529200E+01 4.958E-02
  1.606400E+01 4.404E-02
  1.687100E+01 3.911E-02
  1.771400E+01 3.473E-02
  1.859450E+01 3.083E-02
  1.951379E+01 2.737E-02
  2.047340E+01 2.429E-02
  2.147459E+01 2.156E-02
  2.251900E+01 1.913E-02
  2.360789E+01 1.697E-02
  2.474310E+01 1.505E-02
  2.592599E+01 1.335E-02
  2.715820E+01 1.183E-02
  2.844150E+01 1.049E-02
  2.977750E+01 9.301E-03
  3.116800E+01 8.244E-03
  3.261470E+01 7.305E-03
  3.411951E+01 6.473E-03
  3.568420E+01 5.735E-03
  3.731059E+01 5.080E-03
  3.900079E+01 4.499E-03
  4.075670E+01 3.984E-03
  4.258040E+01 3.527E-03
  4.447391E+01 3.123E-03
  4.643941E+01 2.764E-03
  4.847890E+01 2.447E-03
  5.059480E+01 2.165E-03
  5.278909E+01 1.916E-03
  5.506441E+01 1.695E-03
  5.751512E+01 1.518E-03
  6.006331E+01 1.342E-03
  6.271242E+01 1.185E-03
  6.546602E+01 1.047E-03
  6.832780E+01 9.250E-04
  7.130164E+01 8.171E-04
  7.439142E+01 7.217E-04
  7.760118E+01 6.374E-04
  8.093517E+01 5.630E-04
  8.439764E+01 4.972E-04
  8.799313E+01 4.390E-04
  9.172624E+01 3.877E-04
  9.560168E+01 3.423E-04
  9.962431E+01 3.023E-04
    1    1    1    5
     55     64
  4.688660E+00    0.0100
  3.516495E+00 7.787E-01
  3.641140E+00 7.181E-01
  3.990310E+00 5.913E-01
  4.339480E+00 4.942E-01
  4.686970E+00 4.187E-01
  4.941090E+00 3.732E-01
  5.208540E+00 3.326E-01
  5.489950E+00 2.964E-01
  5.785960E+00 2.641E-01
  6.097250E+00 2.353E-01
  6.424520E+00 2.096E-01
  6.768500E+00 1.866E-01
  7.129940E+00 1.662E-01
  7.509620E+00 1.480E-01
  7.908340E+00 1.317E-01
  8.326930E+00 1.173E-01
  8.766260E+00 1.044E-01
  9.227210E+00 9.286E-02
  9.710700E+00 8.261E-02
  1.021770E+01 7.349E-02
  1.074910E+01 6.537E-02
  1.130610E+01 5.813E-02
  1.188950E+01 5.169E-02
  1.250050E+01 4.595E-02
  1.314020E+01 4.084E-02
  1.380970E+01 3.630E-02
  1.451010E+01 3.226E-02
  1.524280E+01 2.866E-02
  1.600890E+01 2.546E-02
  1.680960E+01 2.261E-02
  1.764639E+01 2.008E-02
  1.852040E+01 1.783E-02
  1.943320E+01 1.583E-02
  2.038609E+01 1.405E-02
  2.138049E+01 1.247E-02
  2.241800E+01 1.106E-02
  2.350000E+01 9.817E-03
  2.462820E+01 8.708E-03
  2.580409E+01 7.724E-03
  2.702930E+01 6.850E-03
  2.830560E+01 6.074E-03
  2.963470E+01 5.385E-03
  3.101830E+01 4.773E-03
  3.245821E+01 4.231E-03
  3.395630E+01 3.749E-03
  3.551450E+01 3.322E-03
  3.713460E+01 2.943E-03
  3.881870E+01 2.607E-03
  4.056880E+01 2.309E-03
  4.238699E+01 2.045E-03
  4.427521E+01 1.810E-03
  4.623590E+01 1.603E-03
  4.827100E+01 1.419E-03
  5.038280E+01 1.256E-03
  5.257370E+01 1.111E-03
  5.495284E+01 1.004E-03
  5.742975E+01 8.874E-04
  6.000813E+01 7.845E-04
  6.269176E+01 6.935E-04
  6.548453E+01 6.130E-04
  6.839049E+01 5.418E-04
  7.141389E+01 4.789E-04
  7.455901E+01 4.232E-04
  7.783032E+01 3.740E-04
    1    1    1    6
     59     63
  3.445370E+00    0.0100
  2.584027E+00 9.764E-01
  2.747020E+00 8.455E-01
  3.096190E+00 6.557E-01
  3.443680E+00 5.222E-01
  3.630080E+00 4.657E-01
  3.826450E+00 4.153E-01
  4.033290E+00 3.703E-01
  4.251110E+00 3.301E-01
  4.480440E+00 2.943E-01
  4.721840E+00 2.623E-01
  4.975880E+00 2.338E-01
  5.243180E+00 2.083E-01
  5.524350E+00 1.856E-01
  5.820030E+00 1.654E-01
  6.130910E+00 1.473E-01
  6.457680E+00 1.312E-01
  6.801060E+00 1.169E-01
  7.161810E+00 1.041E-01
  7.540690E+00 9.264E-02
  7.938510E+00 8.247E-02
  8.356100E+00 7.340E-02
  8.794310E+00 6.532E-02
  9.254040E+00 5.812E-02
  9.736210E+00 5.171E-02
  1.024170E+01 4.600E-02
  1.077160E+01 4.091E-02
  1.132690E+01 3.638E-02
  1.190860E+01 3.235E-02
  1.251770E+01 2.876E-02
  1.315540E+01 2.557E-02
  1.382290E+01 2.272E-02
  1.452120E+01 2.019E-02
  1.525160E+01 1.794E-02
  1.601530E+01 1.594E-02
  1.681371E+01 1.416E-02
  1.764799E+01 1.257E-02
  1.851950E+01 1.116E-02
  1.942970E+01 9.910E-03
  2.038000E+01 8.797E-03
  2.137180E+01 7.808E-03
  2.240669E+01 6.929E-03
  2.348610E+01 6.148E-03
  2.461169E+01 5.454E-03
  2.578500E+01 4.838E-03
  2.700780E+01 4.291E-03
  2.828169E+01 3.805E-03
  2.960851E+01 3.374E-03
  3.099001E+01 2.991E-03
  3.242790E+01 2.651E-03
  3.392419E+01 2.350E-03
  3.548080E+01 2.082E-03
  3.709970E+01 1.845E-03
  3.878281E+01 1.634E-03
  4.053220E+01 1.448E-03
  4.235001E+01 1.282E-03
  4.423830E+01 1.135E-03
  4.619940E+01 1.005E-03
  4.823550E+01 8.900E-04
  5.034891E+01 7.878E-04
  5.266006E+01 7.172E-04
  5.506888E+01 6.344E-04
  5.757916E+01 5.611E-04
  6.019476E+01 4.963E-04
    1    1    1    7
     62     62
  2.638220E+00    0.0100
  1.978664E+00 1.177E+00
  2.289040E+00 8.567E-01
  2.636530E+00 6.334E-01
  2.778560E+00 5.651E-01
  2.928290E+00 5.041E-01
  3.086100E+00 4.497E-01
  3.252400E+00 4.011E-01
  3.427630E+00 3.577E-01
  3.612220E+00 3.190E-01
  3.806640E+00 2.844E-01
  4.011390E+00 2.536E-01
  4.226970E+00 2.261E-01
  4.453900E+00 2.015E-01
  4.692730E+00 1.796E-01
  4.944030E+00 1.601E-01
  5.208400E+00 1.426E-01
  5.486450E+00 1.271E-01
  5.778820E+00 1.132E-01
  6.086180E+00 1.008E-01
  6.409220E+00 8.982E-02
  6.748640E+00 7.999E-02
  7.105200E+00 7.122E-02
  7.479650E+00 6.341E-02
  7.872800E+00 5.644E-02
  8.285450E+00 5.024E-02
  8.718480E+00 4.471E-02
  9.172740E+00 3.978E-02
  9.649170E+00 3.539E-02
  1.014870E+01 3.149E-02
  1.067230E+01 2.800E-02
  1.122090E+01 2.490E-02
  1.179560E+01 2.214E-02
  1.239750E+01 1.969E-02
  1.302770E+01 1.750E-02
  1.368730E+01 1.555E-02
  1.437740E+01 1.382E-02
  1.509930E+01 1.228E-02
  1.585410E+01 1.091E-02
  1.664330E+01 9.692E-03
  1.746800E+01 8.608E-03
  1.832970E+01 7.644E-03
  1.922971E+01 6.787E-03
  2.016930E+01 6.025E-03
  2.115021E+01 5.348E-03
  2.217380E+01 4.746E-03
  2.324170E+01 4.212E-03
  2.435530E+01 3.737E-03
  2.551640E+01 3.315E-03
  2.672659E+01 2.940E-03
  2.798759E+01 2.608E-03
  2.930119E+01 2.312E-03
  3.066910E+01 2.050E-03
  3.209320E+01 1.817E-03
  3.357539E+01 1.611E-03
  3.511760E+01 1.428E-03
  3.672180E+01 1.265E-03
  3.839000E+01 1.121E-03
  4.012430E+01 9.929E-04
  4.192670E+01 8.795E-04
  4.379950E+01 7.789E-04
  4.574490E+01 6.897E-04
  4.776520E+01 6.107E-04
    1    1    1    8
     62     62
  2.084730E+00    0.0100
  1.563547E+00 1.445E+00
  1.735560E+00 1.111E+00
  2.083040E+00 7.520E-01
  2.194630E+00 6.710E-01
  2.312290E+00 5.988E-01
  2.436350E+00 5.342E-01
  2.567150E+00 4.766E-01
  2.705020E+00 4.252E-01
  2.850340E+00 3.793E-01
  3.003490E+00 3.383E-01
  3.164860E+00 3.018E-01
  3.334870E+00 2.691E-01
  3.513950E+00 2.400E-01
  3.702560E+00 2.140E-01
  3.901170E+00 1.908E-01
  4.110260E+00 1.701E-01
  4.330350E+00 1.516E-01
  4.561970E+00 1.351E-01
  4.805680E+00 1.204E-01
  5.062060E+00 1.073E-01
  5.331690E+00 9.560E-02
  5.615210E+00 8.517E-02
  5.913270E+00 7.587E-02
  6.226520E+00 6.757E-02
  6.555670E+00 6.018E-02
  6.901450E+00 5.359E-02
  7.264590E+00 4.771E-02
  7.645880E+00 4.247E-02
  8.046110E+00 3.780E-02
  8.466120E+00 3.364E-02
  8.906780E+00 2.994E-02
  9.368960E+00 2.664E-02
  9.853590E+00 2.370E-02
  1.036160E+01 2.108E-02
  1.089400E+01 1.875E-02
  1.145180E+01 1.667E-02
  1.203610E+01 1.482E-02
  1.264780E+01 1.318E-02
  1.328820E+01 1.171E-02
  1.395840E+01 1.041E-02
  1.465950E+01 9.250E-03
  1.539280E+01 8.218E-03
  1.615950E+01 7.301E-03
  1.696100E+01 6.485E-03
  1.779840E+01 5.759E-03
  1.867329E+01 5.114E-03
  1.958710E+01 4.541E-03
  2.054111E+01 4.031E-03
  2.153680E+01 3.578E-03
  2.257581E+01 3.175E-03
  2.365970E+01 2.818E-03
  2.478990E+01 2.500E-03
  2.596831E+01 2.218E-03
  2.719650E+01 1.967E-03
  2.847620E+01 1.744E-03
  2.980920E+01 1.547E-03
  3.119740E+01 1.371E-03
  3.264250E+01 1.216E-03
  3.414661E+01 1.078E-03
  3.571159E+01 9.550E-04
  3.733940E+01 8.463E-04
  3.903230E+01 7.498E-04
    1    1    1    9
     63     63
  1.688770E+00    0.0100
  1.266578E+00 1.708E+00
  1.339600E+00 1.438E+00
  1.687080E+00 8.778E-01
  1.776890E+00 7.834E-01
  1.871610E+00 6.991E-01
  1.971500E+00 6.239E-01
  2.076840E+00 5.567E-01
  2.187910E+00 4.968E-01
  2.305020E+00 4.432E-01
  2.428480E+00 3.955E-01
  2.558620E+00 3.528E-01
  2.695790E+00 3.147E-01
  2.840340E+00 2.807E-01
  2.992660E+00 2.504E-01
  3.153140E+00 2.233E-01
  3.322190E+00 1.991E-01
  3.500230E+00 1.776E-01
  3.687730E+00 1.583E-01
  3.885130E+00 1.411E-01
  4.092940E+00 1.258E-01
  4.311650E+00 1.121E-01
  4.541790E+00 9.995E-02
  4.783930E+00 8.907E-02
  5.038610E+00 7.937E-02
  5.306450E+00 7.071E-02
  5.588050E+00 6.299E-02
  5.884060E+00 5.611E-02
  6.195140E+00 4.998E-02
  6.521980E+00 4.451E-02
  6.865310E+00 3.963E-02
  7.225860E+00 3.528E-02
  7.604400E+00 3.141E-02
  8.001730E+00 2.796E-02
  8.418680E+00 2.488E-02
  8.856100E+00 2.214E-02
  9.314870E+00 1.970E-02
  9.795910E+00 1.752E-02
  1.030020E+01 1.559E-02
  1.082860E+01 1.386E-02
  1.138230E+01 1.233E-02
  1.196210E+01 1.096E-02
  1.256930E+01 9.744E-03
  1.320500E+01 8.662E-03
  1.387020E+01 7.698E-03
  1.456610E+01 6.841E-03
  1.529400E+01 6.078E-03
  1.605510E+01 5.400E-03
  1.685069E+01 4.796E-03
  1.768210E+01 4.260E-03
  1.855070E+01 3.783E-03
  1.945790E+01 3.359E-03
  2.040520E+01 2.982E-03
  2.139391E+01 2.647E-03
  2.242580E+01 2.349E-03
  2.350220E+01 2.085E-03
  2.462480E+01 1.850E-03
  2.579539E+01 1.641E-03
  2.701550E+01 1.455E-03
  2.828690E+01 1.291E-03
  2.961140E+01 1.145E-03
  3.099091E+01 1.015E-03
  3.242709E+01 8.999E-04
  3.392210E+01 7.977E-04
    3    1    1    1
     24     61
  4.282700E+01    0.0100
  4.143030E+01 9.179E-02
  4.177950E+01 8.951E-02
  4.212869E+01 8.730E-02
  4.247791E+01 8.516E-02
  4.282530E+01 8.310E-02
  4.459090E+01 7.356E-02
  4.642191E+01 6.511E-02
  4.832069E+01 5.762E-02
  5.028960E+01 5.100E-02
  5.233080E+01 4.513E-02
  5.444701E+01 3.994E-02
  5.664059E+01 3.534E-02
  5.891409E+01 3.127E-02
  6.127040E+01 2.767E-02
  6.371220E+01 2.448E-02
  6.624229E+01 2.166E-02
  6.886360E+01 1.916E-02
  7.157941E+01 1.695E-02
  7.439250E+01 1.500E-02
  7.730640E+01 1.326E-02
  8.032440E+01 1.173E-02
  8.344991E+01 1.038E-02
  8.668629E+01 9.179E-03
  9.003751E+01 8.118E-03
  9.357452E+01 7.161E-03
  9.723804E+01 6.317E-03
  1.010322E+02 5.573E-03
  1.049611E+02 4.916E-03
  1.090294E+02 4.336E-03
  1.132414E+02 3.825E-03
  1.176017E+02 3.373E-03
  1.221153E+02 2.975E-03
  1.267869E+02 2.624E-03
  1.316217E+02 2.314E-03
  1.366248E+02 2.041E-03
  1.418016E+02 1.800E-03
  1.471576E+02 1.587E-03
  1.526985E+02 1.399E-03
  1.584303E+02 1.234E-03
  1.643587E+02 1.088E-03
  1.704901E+02 9.590E-04
  1.768308E+02 8.455E-04
  1.833874E+02 7.454E-04
  1.901666E+02 6.571E-04
  1.971753E+02 5.792E-04
  2.044207E+02 5.106E-04
  2.119102E+02 4.501E-04
  2.196512E+02 3.967E-04
  2.276515E+02 3.497E-04
  2.359189E+02 3.082E-04
  2.444618E+02 2.716E-04
  2.532887E+02 2.394E-04
  2.624080E+02 2.109E-04
  2.718289E+02 1.859E-04
  2.815605E+02 1.638E-04
  2.916121E+02 1.443E-04
  3.019934E+02 1.272E-04
  3.127146E+02 1.121E-04
  3.237856E+02 9.875E-05
  3.352170E+02 8.700E-05
  3.470200E+02 7.665E-05
    3    1    1    2
     33     61
  1.894150E+01    0.0100
  1.754480E+01 1.883E-01
  1.789400E+01 1.798E-01
  1.824310E+01 1.717E-01
  1.859230E+01 1.641E-01
  1.893980E+01 1.570E-01
  1.990421E+01 1.393E-01
  2.090919E+01 1.235E-01
  2.195599E+01 1.096E-01
  2.304620E+01 9.715E-02
  2.418140E+01 8.614E-02
  2.536310E+01 7.637E-02
  2.659309E+01 6.770E-02
  2.787289E+01 6.001E-02
  2.920441E+01 5.319E-02
  3.058929E+01 4.714E-02
  3.202940E+01 4.177E-02
  3.352679E+01 3.701E-02
  3.508340E+01 3.280E-02
  3.670120E+01 2.905E-02
  3.838229E+01 2.574E-02
  4.012880E+01 2.280E-02
  4.194310E+01 2.019E-02
  4.382739E+01 1.788E-02
  4.578400E+01 1.584E-02
  4.781540E+01 1.402E-02
  4.992410E+01 1.242E-02
  5.211279E+01 1.099E-02
  5.438390E+01 9.732E-03
  5.674040E+01 8.615E-03
  5.918500E+01 7.625E-03
  6.172050E+01 6.749E-03
  6.435020E+01 5.973E-03
  6.707690E+01 5.286E-03
  6.996179E+01 4.662E-03
  7.295343E+01 4.114E-03
  7.605528E+01 3.630E-03
  7.927089E+01 3.203E-03
  8.260385E+01 2.826E-03
  8.605792E+01 2.493E-03
  8.963683E+01 2.199E-03
  9.334454E+01 1.940E-03
  9.718513E+01 1.711E-03
  1.011627E+02 1.509E-03
  1.052816E+02 1.331E-03
  1.095461E+02 1.174E-03
  1.139608E+02 1.035E-03
  1.185302E+02 9.126E-04
  1.232592E+02 8.046E-04
  1.281526E+02 7.094E-04
  1.332153E+02 6.255E-04
  1.384525E+02 5.514E-04
  1.438696E+02 4.861E-04
  1.494719E+02 4.285E-04
  1.552650E+02 3.777E-04
  1.612546E+02 3.329E-04
  1.674466E+02 2.934E-04
  1.738469E+02 2.586E-04
  1.804618E+02 2.279E-04
  1.872975E+02 2.008E-04
  1.943605E+02 1.769E-04
  2.016577E+02 1.559E-04
    3    1    1    3
     41     62
  1.063060E+01    0.0100
  9.233860E+00 3.214E-01
  9.583040E+00 2.964E-01
  9.932210E+00 2.740E-01
  1.028140E+01 2.539E-01
  1.062890E+01 2.359E-01
  1.120420E+01 2.097E-01
  1.180670E+01 1.865E-01
  1.243740E+01 1.658E-01
  1.309750E+01 1.473E-01
  1.378800E+01 1.309E-01
  1.451030E+01 1.163E-01
  1.526550E+01 1.033E-01
  1.605499E+01 9.178E-02
  1.687990E+01 8.151E-02
  1.774170E+01 7.238E-02
  1.864180E+01 6.427E-02
  1.958150E+01 5.706E-02
  2.056239E+01 5.065E-02
  2.158591E+01 4.495E-02
  2.265370E+01 3.989E-02
  2.376740E+01 3.540E-02
  2.492860E+01 3.140E-02
  2.613901E+01 2.786E-02
  2.740041E+01 2.471E-02
  2.871460E+01 2.192E-02
  3.008350E+01 1.943E-02
  3.150900E+01 1.723E-02
  3.299300E+01 1.528E-02
  3.453770E+01 1.354E-02
  3.614500E+01 1.200E-02
  3.781720E+01 1.064E-02
  3.955640E+01 9.427E-03
  4.136490E+01 8.353E-03
  4.324510E+01 7.401E-03
  4.519930E+01 6.556E-03
  4.723010E+01 5.807E-03
  4.933980E+01 5.144E-03
  5.153120E+01 4.555E-03
  5.380690E+01 4.034E-03
  5.616969E+01 3.571E-03
  5.862230E+01 3.162E-03
  6.123361E+01 2.801E-03
  6.394708E+01 2.474E-03
  6.676622E+01 2.185E-03
  6.969469E+01 1.929E-03
  7.273627E+01 1.704E-03
  7.589481E+01 1.505E-03
  7.917427E+01 1.328E-03
  8.257874E+01 1.173E-03
  8.611244E+01 1.036E-03
  8.977971E+01 9.142E-04
  9.358504E+01 8.070E-04
  9.753305E+01 7.123E-04
  1.016285E+02 6.287E-04
  1.058763E+02 5.549E-04
  1.102814E+02 4.898E-04
  1.148491E+02 4.322E-04
  1.195846E+02 3.814E-04
  1.244935E+02 3.366E-04
  1.295815E+02 2.970E-04
  1.348544E+02 2.620E-04
  1.403180E+02 2.312E-04
    3    1    1    4
     49     64
  6.794760E+00    0.0100
  5.398060E+00 5.252E-01
  5.747240E+00 4.602E-01
  6.096410E+00 4.060E-01
  6.445580E+00 3.604E-01
  6.793070E+00 3.220E-01
  7.162090E+00 2.869E-01
  7.550180E+00 2.556E-01
  7.958200E+00 2.276E-01
  8.387050E+00 2.027E-01
  8.837650E+00 1.805E-01
  9.310930E+00 1.607E-01
  9.807890E+00 1.430E-01
  1.032950E+01 1.273E-01
  1.087690E+01 1.133E-01
  1.145100E+01 1.008E-01
  1.205310E+01 8.963E-02
  1.268420E+01 7.972E-02
  1.334550E+01 7.088E-02
  1.403820E+01 6.302E-02
  1.476360E+01 5.602E-02
  1.552290E+01 4.979E-02
  1.631740E+01 4.424E-02
  1.714850E+01 3.930E-02
  1.801750E+01 3.491E-02
  1.892590E+01 3.101E-02
  1.987511E+01 2.753E-02
  2.086659E+01 2.445E-02
  2.190190E+01 2.170E-02
  2.298260E+01 1.926E-02
  2.411020E+01 1.709E-02
  2.528650E+01 1.516E-02
  2.651300E+01 1.345E-02
  2.779150E+01 1.193E-02
  2.912370E+01 1.058E-02
  3.051151E+01 9.381E-03
  3.195660E+01 8.316E-03
  3.346100E+01 7.371E-03
  3.502650E+01 6.533E-03
  3.665500E+01 5.788E-03
  3.834869E+01 5.128E-03
  4.010941E+01 4.543E-03
  4.193941E+01 4.023E-03
  4.384061E+01 3.563E-03
  4.581531E+01 3.155E-03
  4.786571E+01 2.793E-03
  4.999400E+01 2.472E-03
  5.220261E+01 2.188E-03
  5.377679E+01 2.010E-03
  5.408060E+01 1.973E-03
  5.653593E+01 1.770E-03
  5.909109E+01 1.565E-03
  6.174973E+01 1.383E-03
  6.451553E+01 1.222E-03
  6.739244E+01 1.080E-03
  7.038448E+01 9.545E-04
  7.349582E+01 8.434E-04
  7.673073E+01 7.451E-04
  8.009358E+01 6.583E-04
  8.358897E+01 5.816E-04
  8.722162E+01 5.138E-04
  9.099634E+01 4.538E-04
  9.491811E+01 4.009E-04
  9.899220E+01 3.541E-04
  1.032239E+02 3.127E-04
    3    1    1    5
     55     65
  4.714490E+00    0.0100
  3.535867E+00 7.667E-01
  3.666970E+00 7.054E-01
  4.016140E+00 5.830E-01
  4.365310E+00 4.889E-01
  4.712790E+00 4.155E-01
  4.969890E+00 3.705E-01
  5.240680E+00 3.303E-01
  5.525800E+00 2.944E-01
  5.825960E+00 2.624E-01
  6.141850E+00 2.339E-01
  6.474220E+00 2.084E-01
  6.823830E+00 1.857E-01
  7.191480E+00 1.654E-01
  7.577980E+00 1.473E-01
  7.984190E+00 1.312E-01
  8.410980E+00 1.168E-01
  8.859260E+00 1.040E-01
  9.329980E+00 9.260E-02
  9.824110E+00 8.241E-02
  1.034260E+01 7.334E-02
  1.088660E+01 6.525E-02
  1.145710E+01 5.805E-02
  1.205520E+01 5.163E-02
  1.268200E+01 4.592E-02
  1.333880E+01 4.083E-02
  1.402670E+01 3.630E-02
  1.474690E+01 3.227E-02
  1.550070E+01 2.868E-02
  1.628951E+01 2.548E-02
  1.711459E+01 2.264E-02
  1.797740E+01 2.011E-02
  1.887920E+01 1.786E-02
  1.982159E+01 1.586E-02
  2.080611E+01 1.409E-02
  2.183411E+01 1.250E-02
  2.290730E+01 1.110E-02
  2.402730E+01 9.850E-03
  2.519580E+01 8.740E-03
  2.641440E+01 7.754E-03
  2.768491E+01 6.879E-03
  2.900900E+01 6.101E-03
  3.038870E+01 5.410E-03
  3.182570E+01 4.797E-03
  3.332190E+01 4.252E-03
  3.487950E+01 3.769E-03
  3.650031E+01 3.340E-03
  3.818629E+01 2.960E-03
  3.993970E+01 2.622E-03
  4.176270E+01 2.323E-03
  4.365730E+01 2.058E-03
  4.562590E+01 1.822E-03
  4.767081E+01 1.614E-03
  4.979420E+01 1.429E-03
  5.169650E+01 1.286E-03
  5.200031E+01 1.260E-03
  5.439574E+01 1.140E-03
  5.689163E+01 1.008E-03
  5.949191E+01 8.914E-04
  6.220055E+01 7.882E-04
  6.502158E+01 6.970E-04
  6.795934E+01 6.163E-04
  7.101817E+01 5.449E-04
  7.420274E+01 4.817E-04
  7.751767E+01 4.259E-04
  8.096799E+01 3.765E-04
    3    1    1    6
     59     63
  3.461560E+00    0.0100
  2.596169E+00 9.591E-01
  2.763210E+00 8.298E-01
  3.112380E+00 6.462E-01
  3.459870E+00 5.165E-01
  3.649820E+00 4.607E-01
  3.849960E+00 4.108E-01
  4.060800E+00 3.664E-01
  4.282880E+00 3.267E-01
  4.516730E+00 2.912E-01
  4.762940E+00 2.596E-01
  5.022090E+00 2.314E-01
  5.294800E+00 2.062E-01
  5.581720E+00 1.838E-01
  5.883520E+00 1.637E-01
  6.200890E+00 1.459E-01
  6.534560E+00 1.300E-01
  6.885270E+00 1.157E-01
  7.253800E+00 1.031E-01
  7.640970E+00 9.179E-02
  8.047600E+00 8.172E-02
  8.474570E+00 7.275E-02
  8.922760E+00 6.476E-02
  9.393130E+00 5.763E-02
  9.886610E+00 5.129E-02
  1.040420E+01 4.563E-02
  1.094700E+01 4.060E-02
  1.151600E+01 3.611E-02
  1.211230E+01 3.212E-02
  1.273700E+01 2.856E-02
  1.339140E+01 2.539E-02
  1.407670E+01 2.258E-02
  1.479400E+01 2.007E-02
  1.554480E+01 1.784E-02
  1.633020E+01 1.585E-02
  1.715179E+01 1.408E-02
  1.801089E+01 1.251E-02
  1.890891E+01 1.111E-02
  1.984750E+01 9.872E-03
  2.082800E+01 8.767E-03
  2.185220E+01 7.784E-03
  2.292171E+01 6.911E-03
  2.403810E+01 6.135E-03
  2.520329E+01 5.445E-03
  2.641890E+01 4.832E-03
  2.768680E+01 4.288E-03
  2.900890E+01 3.804E-03
  3.038710E+01 3.375E-03
  3.182350E+01 2.993E-03
  3.332010E+01 2.655E-03
  3.487900E+01 2.354E-03
  3.650230E+01 2.087E-03
  3.819220E+01 1.850E-03
  3.995110E+01 1.640E-03
  4.178130E+01 1.453E-03
  4.368500E+01 1.288E-03
  4.566490E+01 1.141E-03
  4.772340E+01 1.011E-03
  4.986301E+01 8.957E-04
  5.208650E+01 7.934E-04
  5.451027E+01 7.191E-04
  5.703812E+01 6.363E-04
  5.967426E+01 5.629E-04
  6.242284E+01 4.980E-04
    3    1    1    7
     62     62
  2.649030E+00    0.0100
  1.986772E+00 1.153E+00
  2.299860E+00 8.417E-01
  2.647340E+00 6.249E-01
  2.791780E+00 5.576E-01
  2.944080E+00 4.974E-01
  3.104620E+00 4.438E-01
  3.273840E+00 3.958E-01
  3.452170E+00 3.531E-01
  3.640060E+00 3.149E-01
  3.838010E+00 2.808E-01
  4.046500E+00 2.504E-01
  4.266070E+00 2.232E-01
  4.497240E+00 1.990E-01
  4.740590E+00 1.774E-01
  4.996700E+00 1.581E-01
  5.266190E+00 1.409E-01
  5.549690E+00 1.256E-01
  5.847870E+00 1.119E-01
  6.161410E+00 9.968E-02
  6.491030E+00 8.879E-02
  6.837470E+00 7.908E-02
  7.201510E+00 7.043E-02
  7.583940E+00 6.272E-02
  7.985600E+00 5.584E-02
  8.407340E+00 4.971E-02
  8.850060E+00 4.425E-02
  9.314680E+00 3.938E-02
  9.802150E+00 3.505E-02
  1.031350E+01 3.118E-02
  1.084970E+01 2.774E-02
  1.141180E+01 2.468E-02
  1.200090E+01 2.195E-02
  1.261830E+01 1.952E-02
  1.326490E+01 1.736E-02
  1.394210E+01 1.543E-02
  1.465110E+01 1.372E-02
  1.539310E+01 1.219E-02
  1.616960E+01 1.084E-02
  1.698180E+01 9.629E-03
  1.783121E+01 8.555E-03
  1.871930E+01 7.600E-03
  1.964751E+01 6.751E-03
  2.061740E+01 5.995E-03
  2.163060E+01 5.324E-03
  2.268871E+01 4.727E-03
  2.379340E+01 4.196E-03
  2.494650E+01 3.725E-03
  2.614970E+01 3.306E-03
  2.740491E+01 2.934E-03
  2.871390E+01 2.603E-03
  3.007870E+01 2.309E-03
  3.150140E+01 2.048E-03
  3.298380E+01 1.817E-03
  3.452820E+01 1.611E-03
  3.613670E+01 1.429E-03
  3.781149E+01 1.267E-03
  3.955490E+01 1.123E-03
  4.136929E+01 9.952E-04
  4.325690E+01 8.820E-04
  4.522031E+01 7.816E-04
  4.726199E+01 6.925E-04
  4.938460E+01 6.135E-04
    3    1    1    8
     63     63
  2.092310E+00    0.0100
  1.569232E+00 1.414E+00
  1.743140E+00 1.089E+00
  2.090620E+00 7.405E-01
  2.203970E+00 6.608E-01
  2.323520E+00 5.897E-01
  2.449590E+00 5.262E-01
  2.582530E+00 4.695E-01
  2.722690E+00 4.189E-01
  2.870440E+00 3.737E-01
  3.026190E+00 3.334E-01
  3.190320E+00 2.974E-01
  3.363280E+00 2.652E-01
  3.545490E+00 2.365E-01
  3.737440E+00 2.109E-01
  3.939600E+00 1.881E-01
  4.152470E+00 1.677E-01
  4.376600E+00 1.495E-01
  4.612510E+00 1.333E-01
  4.860800E+00 1.188E-01
  5.122040E+00 1.058E-01
  5.396870E+00 9.432E-02
  5.685920E+00 8.404E-02
  5.989870E+00 7.488E-02
  6.309420E+00 6.670E-02
  6.645280E+00 5.941E-02
  6.998220E+00 5.291E-02
  7.369000E+00 4.712E-02
  7.758450E+00 4.196E-02
  8.167410E+00 3.735E-02
  8.596730E+00 3.325E-02
  9.047340E+00 2.959E-02
  9.520160E+00 2.634E-02
  1.001620E+01 2.344E-02
  1.053640E+01 2.085E-02
  1.108180E+01 1.855E-02
  1.165350E+01 1.650E-02
  1.225260E+01 1.468E-02
  1.288030E+01 1.305E-02
  1.353770E+01 1.160E-02
  1.422610E+01 1.032E-02
  1.494680E+01 9.170E-03
  1.570090E+01 8.151E-03
  1.649001E+01 7.243E-03
  1.731540E+01 6.436E-03
  1.817850E+01 5.718E-03
  1.908070E+01 5.080E-03
  2.002380E+01 4.512E-03
  2.100909E+01 4.007E-03
  2.203819E+01 3.558E-03
  2.311301E+01 3.159E-03
  2.423511E+01 2.804E-03
  2.540620E+01 2.489E-03
  2.662820E+01 2.209E-03
  2.790289E+01 1.960E-03
  2.923230E+01 1.739E-03
  3.061830E+01 1.543E-03
  3.206300E+01 1.369E-03
  3.356841E+01 1.214E-03
  3.513670E+01 1.077E-03
  3.677010E+01 9.547E-04
  3.847079E+01 8.464E-04
  4.024120E+01 7.503E-04
  4.208360E+01 6.651E-04
    3    1    1    9
     63     63
  1.694290E+00    0.0100
  1.270718E+00 1.670E+00
  1.345120E+00 1.406E+00
  1.692600E+00 8.632E-01
  1.783750E+00 7.705E-01
  1.879900E+00 6.876E-01
  1.981320E+00 6.137E-01
  2.088300E+00 5.477E-01
  2.201110E+00 4.887E-01
  2.320080E+00 4.361E-01
  2.445520E+00 3.891E-01
  2.577770E+00 3.472E-01
  2.717190E+00 3.097E-01
  2.864140E+00 2.763E-01
  3.019010E+00 2.464E-01
  3.182200E+00 2.198E-01
  3.354130E+00 1.960E-01
  3.535250E+00 1.748E-01
  3.726020E+00 1.559E-01
  3.926920E+00 1.390E-01
  4.138440E+00 1.239E-01
  4.361110E+00 1.105E-01
  4.595470E+00 9.847E-02
  4.842090E+00 8.776E-02
  5.101570E+00 7.821E-02
  5.374510E+00 6.970E-02
  5.661560E+00 6.210E-02
  5.963380E+00 5.532E-02
  6.280660E+00 4.928E-02
  6.614130E+00 4.390E-02
  6.964520E+00 3.909E-02
  7.332620E+00 3.481E-02
  7.719230E+00 3.100E-02
  8.125190E+00 2.760E-02
  8.551360E+00 2.457E-02
  8.998630E+00 2.186E-02
  9.467950E+00 1.946E-02
  9.960270E+00 1.732E-02
  1.047660E+01 1.541E-02
  1.101800E+01 1.371E-02
  1.158540E+01 1.219E-02
  1.218010E+01 1.084E-02
  1.280310E+01 9.642E-03
  1.345570E+01 8.574E-03
  1.413900E+01 7.623E-03
  1.485440E+01 6.776E-03
  1.560310E+01 6.023E-03
  1.638640E+01 5.352E-03
  1.720590E+01 4.756E-03
  1.806281E+01 4.226E-03
  1.895860E+01 3.754E-03
  1.989500E+01 3.334E-03
  2.087340E+01 2.961E-03
  2.189549E+01 2.630E-03
  2.296291E+01 2.335E-03
  2.407739E+01 2.073E-03
  2.524071E+01 1.840E-03
  2.645470E+01 1.633E-03
  2.772110E+01 1.449E-03
  2.904201E+01 1.286E-03
  3.041920E+01 1.141E-03
  3.185490E+01 1.012E-03
  3.335120E+01 8.978E-04
  3.491000E+01 7.962E-04
    0    0    0    0
