   16    2    P
    1    0    0    1
     17     54
  2.362730E+02    0.0100
  2.344130E+02 5.702E-02
  2.348780E+02 5.674E-02
  2.353430E+02 5.647E-02
  2.358080E+02 5.619E-02
  2.362710E+02 5.592E-02
  2.516910E+02 4.774E-02
  2.650359E+02 4.167E-02
  2.777200E+02 3.676E-02
  2.902070E+02 3.266E-02
  3.042085E+02 2.862E-02
  3.185461E+02 2.509E-02
  3.332292E+02 2.200E-02
  3.482659E+02 1.930E-02
  3.636643E+02 1.692E-02
  3.794333E+02 1.484E-02
  3.955811E+02 1.301E-02
  4.121155E+02 1.141E-02
  4.290447E+02 1.003E-02
  4.359100E+02 9.593E-03
  4.553030E+02 8.536E-03
  4.755590E+02 7.590E-03
  4.967160E+02 6.744E-03
  5.188150E+02 5.987E-03
  5.418960E+02 5.312E-03
  5.660040E+02 4.710E-03
  5.911850E+02 4.173E-03
  6.174860E+02 3.695E-03
  6.449580E+02 3.269E-03
  6.736510E+02 2.891E-03
  7.036210E+02 2.554E-03
  7.349240E+02 2.256E-03
  7.676200E+02 1.991E-03
  8.017710E+02 1.756E-03
  8.374400E+02 1.548E-03
  8.746970E+02 1.363E-03
  9.136110E+02 1.200E-03
  9.542570E+02 1.056E-03
  9.967110E+02 9.289E-04
  1.041050E+03 8.164E-04
  1.087370E+03 7.172E-04
  1.135740E+03 6.296E-04
  1.186270E+03 5.525E-04
  1.239050E+03 4.845E-04
  1.294170E+03 4.247E-04
  1.351750E+03 3.721E-04
  1.411890E+03 3.258E-04
  1.474700E+03 2.851E-04
  1.540310E+03 2.494E-04
  1.608830E+03 2.180E-04
  1.680410E+03 1.905E-04
  1.755170E+03 1.664E-04
  1.833250E+03 1.453E-04
  1.914810E+03 1.268E-04
  2.000000E+03 1.105E-04
    1    0    0    2
     19     62
  5.680029E+01    0.0100
  5.494080E+01 6.883E-02
  5.540570E+01 6.766E-02
  5.587050E+01 6.652E-02
  5.633540E+01 6.541E-02
  5.679800E+01 6.432E-02
  6.009430E+01 5.726E-02
  6.355991E+01 5.096E-02
  6.720090E+01 4.534E-02
  7.102330E+01 4.032E-02
  7.503310E+01 3.585E-02
  7.923650E+01 3.186E-02
  8.363940E+01 2.830E-02
  8.824809E+01 2.514E-02
  9.306860E+01 2.232E-02
  9.810699E+01 1.981E-02
  1.033700E+02 1.757E-02
  1.088630E+02 1.559E-02
  1.145920E+02 1.382E-02
  1.205640E+02 1.225E-02
  1.269411E+02 1.085E-02
  1.335968E+02 9.598E-03
  1.405415E+02 8.489E-03
  1.477855E+02 7.508E-03
  1.553397E+02 6.639E-03
  1.632152E+02 5.871E-03
  1.714237E+02 5.190E-03
  1.799770E+02 4.588E-03
  1.888875E+02 4.056E-03
  1.981678E+02 3.585E-03
  2.078306E+02 3.168E-03
  2.178896E+02 2.800E-03
  2.283585E+02 2.474E-03
  2.392517E+02 2.186E-03
  2.505835E+02 1.931E-03
  2.623691E+02 1.706E-03
  2.746243E+02 1.507E-03
  2.873645E+02 1.331E-03
  3.006069E+02 1.176E-03
  3.143679E+02 1.038E-03
  3.286653E+02 9.170E-04
  3.435168E+02 8.097E-04
  3.589407E+02 7.150E-04
  3.749565E+02 6.312E-04
  3.915833E+02 5.572E-04
  4.088413E+02 4.919E-04
  4.267510E+02 4.342E-04
  4.453337E+02 3.832E-04
  4.646121E+02 3.382E-04
  4.846074E+02 2.985E-04
  5.053435E+02 2.634E-04
  5.268440E+02 2.324E-04
  5.491335E+02 2.051E-04
  5.722368E+02 1.809E-04
  5.961802E+02 1.596E-04
  6.209895E+02 1.408E-04
  6.466926E+02 1.242E-04
  6.733171E+02 1.096E-04
  7.008918E+02 9.663E-05
  7.294470E+02 8.522E-05
  7.590122E+02 7.515E-05
  7.896191E+02 6.627E-05
  8.212996E+02 5.844E-05
    1    0    0    3
     28     63
  2.517191E+01    0.0100
  2.331239E+01 1.270E-01
  2.377730E+01 1.221E-01
  2.424220E+01 1.175E-01
  2.470711E+01 1.132E-01
  2.516969E+01 1.090E-01
  2.665961E+01 9.717E-02
  2.822810E+01 8.662E-02
  2.987891E+01 7.720E-02
  3.161580E+01 6.880E-02
  3.344299E+01 6.131E-02
  3.536470E+01 5.463E-02
  3.738519E+01 4.867E-02
  3.950920E+01 4.335E-02
  4.174150E+01 3.862E-02
  4.408701E+01 3.439E-02
  4.655090E+01 3.063E-02
  4.913870E+01 2.727E-02
  5.185600E+01 2.428E-02
  5.470869E+01 2.162E-02
  5.770280E+01 1.924E-02
  6.084489E+01 1.713E-02
  6.414149E+01 1.525E-02
  6.759950E+01 1.357E-02
  7.122610E+01 1.207E-02
  7.502890E+01 1.074E-02
  7.901559E+01 9.558E-03
  8.319431E+01 8.504E-03
  8.757350E+01 7.564E-03
  9.228316E+01 6.706E-03
  9.722189E+01 5.946E-03
  1.023998E+02 5.272E-03
  1.078273E+02 4.673E-03
  1.135153E+02 4.143E-03
  1.194752E+02 3.672E-03
  1.257189E+02 3.255E-03
  1.322585E+02 2.884E-03
  1.391069E+02 2.556E-03
  1.462773E+02 2.265E-03
  1.537835E+02 2.007E-03
  1.616398E+02 1.778E-03
  1.698610E+02 1.575E-03
  1.784627E+02 1.396E-03
  1.874609E+02 1.236E-03
  1.968722E+02 1.095E-03
  2.067140E+02 9.699E-04
  2.170042E+02 8.590E-04
  2.277613E+02 7.607E-04
  2.390050E+02 6.737E-04
  2.507552E+02 5.965E-04
  2.630327E+02 5.282E-04
  2.758596E+02 4.676E-04
  2.892578E+02 4.140E-04
  3.032510E+02 3.665E-04
  3.178630E+02 3.244E-04
  3.331191E+02 2.872E-04
  3.490457E+02 2.542E-04
  3.656694E+02 2.250E-04
  3.830181E+02 1.991E-04
  4.011208E+02 1.762E-04
  4.200081E+02 1.559E-04
  4.397107E+02 1.380E-04
  4.602607E+02 1.221E-04
  4.816921E+02 1.080E-04
    1    0    0    4
     36     64
  1.413620E+01    0.0100
  1.227670E+01 2.133E-01
  1.274150E+01 1.981E-01
  1.320640E+01 1.844E-01
  1.367130E+01 1.720E-01
  1.413390E+01 1.609E-01
  1.495290E+01 1.436E-01
  1.581700E+01 1.282E-01
  1.672861E+01 1.144E-01
  1.769000E+01 1.020E-01
  1.870380E+01 9.104E-02
  1.977260E+01 8.121E-02
  2.089920E+01 7.244E-02
  2.208640E+01 6.461E-02
  2.333740E+01 5.763E-02
  2.465530E+01 5.139E-02
  2.604340E+01 4.582E-02
  2.750510E+01 4.085E-02
  2.904401E+01 3.642E-02
  3.066389E+01 3.247E-02
  3.236861E+01 2.894E-02
  3.416240E+01 2.579E-02
  3.604950E+01 2.298E-02
  3.803430E+01 2.048E-02
  4.012140E+01 1.825E-02
  4.231580E+01 1.626E-02
  4.462250E+01 1.448E-02
  4.704660E+01 1.290E-02
  4.959370E+01 1.149E-02
  5.226961E+01 1.023E-02
  5.508009E+01 9.112E-03
  5.803140E+01 8.113E-03
  6.113000E+01 7.223E-03
  6.438260E+01 6.430E-03
  6.779610E+01 5.724E-03
  7.137781E+01 5.095E-03
  7.513530E+01 4.534E-03
  7.919237E+01 4.032E-03
  8.345505E+01 3.579E-03
  8.793309E+01 3.176E-03
  9.263673E+01 2.819E-03
  9.757675E+01 2.501E-03
  1.027642E+02 2.220E-03
  1.082107E+02 1.969E-03
  1.139285E+02 1.747E-03
  1.199304E+02 1.550E-03
  1.262295E+02 1.375E-03
  1.328397E+02 1.220E-03
  1.397754E+02 1.082E-03
  1.470518E+02 9.602E-04
  1.546847E+02 8.517E-04
  1.626904E+02 7.554E-04
  1.710860E+02 6.699E-04
  1.798896E+02 5.942E-04
  1.891198E+02 5.269E-04
  1.987959E+02 4.672E-04
  2.089384E+02 4.143E-04
  2.195684E+02 3.674E-04
  2.307083E+02 3.257E-04
  2.423805E+02 2.888E-04
  2.546099E+02 2.560E-04
  2.674207E+02 2.270E-04
  2.808391E+02 2.012E-04
  2.948928E+02 1.784E-04
  3.096101E+02 1.581E-04
    1    0    0    5
     44     65
  9.038000E+00    0.0100
  7.178490E+00 3.493E-01
  7.643370E+00 3.079E-01
  8.108250E+00 2.734E-01
  8.573120E+00 2.442E-01
  9.035750E+00 2.195E-01
  9.542150E+00 1.961E-01
  1.007730E+01 1.751E-01
  1.064280E+01 1.564E-01
  1.124030E+01 1.397E-01
  1.187150E+01 1.248E-01
  1.253820E+01 1.114E-01
  1.324240E+01 9.946E-02
  1.398590E+01 8.880E-02
  1.477100E+01 7.928E-02
  1.559970E+01 7.076E-02
  1.647440E+01 6.316E-02
  1.739751E+01 5.637E-02
  1.837131E+01 5.030E-02
  1.939861E+01 4.488E-02
  2.048199E+01 4.004E-02
  2.162430E+01 3.572E-02
  2.282860E+01 3.186E-02
  2.409779E+01 2.842E-02
  2.543520E+01 2.534E-02
  2.684419E+01 2.260E-02
  2.832809E+01 2.015E-02
  2.989050E+01 1.796E-02
  3.153540E+01 1.601E-02
  3.326640E+01 1.427E-02
  3.508780E+01 1.271E-02
  3.700360E+01 1.133E-02
  3.901830E+01 1.009E-02
  4.113640E+01 8.989E-03
  4.336250E+01 8.006E-03
  4.570160E+01 7.129E-03
  4.815871E+01 6.348E-03
  5.073911E+01 5.651E-03
  5.344800E+01 5.030E-03
  5.629111E+01 4.477E-03
  5.927431E+01 3.984E-03
  6.240340E+01 3.544E-03
  6.568469E+01 3.153E-03
  6.912450E+01 2.805E-03
  7.272960E+01 2.494E-03
  7.666367E+01 2.240E-03
  8.080164E+01 1.989E-03
  8.515370E+01 1.766E-03
  8.973050E+01 1.569E-03
  9.454311E+01 1.393E-03
  9.960320E+01 1.237E-03
  1.049230E+02 1.098E-03
  1.105152E+02 9.750E-04
  1.163933E+02 8.657E-04
  1.225713E+02 7.686E-04
  1.290638E+02 6.823E-04
  1.358862E+02 6.057E-04
  1.430546E+02 5.377E-04
  1.505858E+02 4.773E-04
  1.584975E+02 4.237E-04
  1.668081E+02 3.760E-04
  1.755370E+02 3.338E-04
  1.847043E+02 2.962E-04
  1.943311E+02 2.629E-04
  2.044398E+02 2.333E-04
  2.150531E+02 2.071E-04
    1    0    0    6
     50     65
  6.272070E+00    0.0100
  4.704052E+00 5.143E-01
  4.877440E+00 4.745E-01
  5.342310E+00 3.944E-01
  5.807190E+00 3.326E-01
  6.269810E+00 2.842E-01
  6.616900E+00 2.539E-01
  6.983620E+00 2.268E-01
  7.371070E+00 2.025E-01
  7.780410E+00 1.809E-01
  8.212820E+00 1.616E-01
  8.669590E+00 1.443E-01
  9.152030E+00 1.288E-01
  9.661540E+00 1.151E-01
  1.019960E+01 1.027E-01
  1.076770E+01 9.172E-02
  1.136750E+01 8.189E-02
  1.200070E+01 7.311E-02
  1.266900E+01 6.526E-02
  1.337440E+01 5.825E-02
  1.411870E+01 5.199E-02
  1.490390E+01 4.640E-02
  1.573230E+01 4.140E-02
  1.660609E+01 3.694E-02
  1.752750E+01 3.296E-02
  1.849890E+01 2.941E-02
  1.952310E+01 2.623E-02
  2.060249E+01 2.340E-02
  2.174010E+01 2.087E-02
  2.293851E+01 1.861E-02
  2.420100E+01 1.660E-02
  2.553059E+01 1.480E-02
  2.693060E+01 1.319E-02
  2.840440E+01 1.176E-02
  2.995560E+01 1.048E-02
  3.158791E+01 9.341E-03
  3.330510E+01 8.324E-03
  3.511121E+01 7.416E-03
  3.701041E+01 6.607E-03
  3.900710E+01 5.886E-03
  4.110570E+01 5.242E-03
  4.331090E+01 4.669E-03
  4.562750E+01 4.158E-03
  4.806070E+01 3.702E-03
  5.061549E+01 3.296E-03
  5.329750E+01 2.934E-03
  5.611220E+01 2.611E-03
  5.906540E+01 2.324E-03
  6.216330E+01 2.068E-03
  6.541190E+01 1.839E-03
  6.881779E+01 1.636E-03
  7.254924E+01 1.475E-03
  7.647675E+01 1.311E-03
  8.061032E+01 1.164E-03
  8.496042E+01 1.034E-03
  8.953810E+01 9.187E-04
  9.435487E+01 8.161E-04
  9.942281E+01 7.249E-04
  1.047547E+02 6.439E-04
  1.103637E+02 5.719E-04
  1.162638E+02 5.079E-04
  1.224699E+02 4.511E-04
  1.289972E+02 4.007E-04
  1.358618E+02 3.558E-04
  1.430806E+02 3.160E-04
  1.506716E+02 2.806E-04
    1    0    0    7
     54     65
  4.605760E+00    0.0100
  3.454319E+00 6.502E-01
  3.676010E+00 5.644E-01
  4.140880E+00 4.417E-01
  4.603510E+00 3.549E-01
  4.856120E+00 3.170E-01
  5.122940E+00 2.831E-01
  5.404760E+00 2.528E-01
  5.702400E+00 2.258E-01
  6.016750E+00 2.017E-01
  6.348720E+00 1.801E-01
  6.699290E+00 1.608E-01
  7.069480E+00 1.436E-01
  7.460370E+00 1.282E-01
  7.873070E+00 1.145E-01
  8.308780E+00 1.022E-01
  8.768730E+00 9.127E-02
  9.254250E+00 8.149E-02
  9.766700E+00 7.274E-02
  1.030750E+01 6.494E-02
  1.087820E+01 5.796E-02
  1.148040E+01 5.174E-02
  1.211580E+01 4.617E-02
  1.278600E+01 4.121E-02
  1.349290E+01 3.677E-02
  1.423840E+01 3.281E-02
  1.502460E+01 2.928E-02
  1.585350E+01 2.612E-02
  1.672740E+01 2.330E-02
  1.764841E+01 2.079E-02
  1.861909E+01 1.854E-02
  1.964200E+01 1.654E-02
  2.071960E+01 1.475E-02
  2.185471E+01 1.315E-02
  2.305020E+01 1.173E-02
  2.430910E+01 1.046E-02
  2.563460E+01 9.323E-03
  2.702969E+01 8.311E-03
  2.849809E+01 7.408E-03
  3.004320E+01 6.602E-03
  3.166859E+01 5.884E-03
  3.337840E+01 5.243E-03
  3.517641E+01 4.672E-03
  3.706689E+01 4.162E-03
  3.905420E+01 3.708E-03
  4.114290E+01 3.302E-03
  4.333760E+01 2.941E-03
  4.564320E+01 2.619E-03
  4.806490E+01 2.332E-03
  5.060800E+01 2.077E-03
  5.327780E+01 1.849E-03
  5.608031E+01 1.646E-03
  5.902119E+01 1.465E-03
  6.210680E+01 1.304E-03
  6.534340E+01 1.160E-03
  6.889645E+01 1.048E-03
  7.263818E+01 9.315E-04
  7.657845E+01 8.278E-04
  8.072748E+01 7.356E-04
  8.509602E+01 6.536E-04
  8.969559E+01 5.807E-04
  9.453793E+01 5.160E-04
  9.963568E+01 4.585E-04
  1.050020E+02 4.074E-04
  1.106506E+02 3.619E-04
  1.165962E+02 3.215E-04
    1    0    0    8
     60     65
  3.524960E+00    0.0100
  2.643720E+00 7.886E-01
  3.060090E+00 5.780E-01
  3.522710E+00 4.311E-01
  3.717530E+00 3.849E-01
  3.923110E+00 3.436E-01
  4.140050E+00 3.067E-01
  4.368960E+00 2.738E-01
  4.610500E+00 2.445E-01
  4.865350E+00 2.182E-01
  5.134230E+00 1.948E-01
  5.417900E+00 1.739E-01
  5.717160E+00 1.552E-01
  6.032860E+00 1.385E-01
  6.365880E+00 1.237E-01
  6.717150E+00 1.104E-01
  7.087650E+00 9.851E-02
  7.478410E+00 8.792E-02
  7.890520E+00 7.846E-02
  8.325110E+00 7.002E-02
  8.783390E+00 6.249E-02
  9.266620E+00 5.576E-02
  9.776110E+00 4.976E-02
  1.031330E+01 4.440E-02
  1.087960E+01 3.962E-02
  1.147650E+01 3.535E-02
  1.210580E+01 3.154E-02
  1.276900E+01 2.814E-02
  1.346790E+01 2.511E-02
  1.420450E+01 2.240E-02
  1.498080E+01 1.998E-02
  1.579860E+01 1.782E-02
  1.666040E+01 1.590E-02
  1.756821E+01 1.418E-02
  1.852451E+01 1.265E-02
  1.953191E+01 1.128E-02
  2.059280E+01 1.006E-02
  2.171021E+01 8.973E-03
  2.288690E+01 8.002E-03
  2.412590E+01 7.136E-03
  2.543040E+01 6.363E-03
  2.680370E+01 5.674E-03
  2.824940E+01 5.059E-03
  2.977110E+01 4.510E-03
  3.137270E+01 4.021E-03
  3.305811E+01 3.585E-03
  3.483170E+01 3.196E-03
  3.669780E+01 2.849E-03
  3.866100E+01 2.539E-03
  4.072630E+01 2.263E-03
  4.289870E+01 2.017E-03
  4.518340E+01 1.798E-03
  4.758620E+01 1.602E-03
  5.011270E+01 1.428E-03
  5.276920E+01 1.272E-03
  5.556190E+01 1.134E-03
  5.849760E+01 1.010E-03
  6.158321E+01 8.998E-04
  6.482610E+01 8.017E-04
  6.607500E+01 7.679E-04
  6.680980E+01 7.449E-04
  7.044070E+01 6.698E-04
  7.426506E+01 5.952E-04
  7.829321E+01 5.290E-04
  8.253566E+01 4.701E-04
  8.700360E+01 4.178E-04
    1    0    0    9
     64     65
  2.784340E+00    0.0100
  2.088255E+00 9.722E-01
  2.319460E+00 7.507E-01
  2.782090E+00 5.128E-01
  2.934840E+00 4.578E-01
  3.096010E+00 4.087E-01
  3.266060E+00 3.648E-01
  3.445470E+00 3.257E-01
  3.634750E+00 2.907E-01
  3.834450E+00 2.595E-01
  4.045130E+00 2.317E-01
  4.267380E+00 2.068E-01
  4.501830E+00 1.846E-01
  4.749150E+00 1.648E-01
  5.010030E+00 1.471E-01
  5.285200E+00 1.313E-01
  5.575450E+00 1.172E-01
  5.881560E+00 1.046E-01
  6.204410E+00 9.333E-02
  6.544890E+00 8.329E-02
  6.903950E+00 7.433E-02
  7.282580E+00 6.634E-02
  7.681830E+00 5.920E-02
  8.102800E+00 5.283E-02
  8.546650E+00 4.714E-02
  9.014590E+00 4.207E-02
  9.507910E+00 3.754E-02
  1.002800E+01 3.349E-02
  1.057610E+01 2.988E-02
  1.115390E+01 2.666E-02
  1.176290E+01 2.379E-02
  1.240470E+01 2.122E-02
  1.308110E+01 1.893E-02
  1.379380E+01 1.689E-02
  1.454490E+01 1.507E-02
  1.533610E+01 1.344E-02
  1.616980E+01 1.199E-02
  1.704800E+01 1.069E-02
  1.797310E+01 9.539E-03
  1.894749E+01 8.508E-03
  1.997380E+01 7.588E-03
  2.105460E+01 6.767E-03
  2.219270E+01 6.035E-03
  2.339120E+01 5.382E-03
  2.465300E+01 4.799E-03
  2.598151E+01 4.279E-03
  2.738000E+01 3.815E-03
  2.885201E+01 3.402E-03
  3.040140E+01 3.033E-03
  3.203210E+01 2.704E-03
  3.374800E+01 2.411E-03
  3.555370E+01 2.149E-03
  3.745340E+01 1.916E-03
  3.945210E+01 1.708E-03
  4.155460E+01 1.522E-03
  4.376610E+01 1.356E-03
  4.609210E+01 1.209E-03
  4.853819E+01 1.077E-03
  5.111031E+01 9.601E-04
  5.381480E+01 8.556E-04
  5.665810E+01 7.624E-04
  5.964709E+01 6.793E-04
  6.278880E+01 6.052E-04
  6.533430E+01 5.534E-04
  6.606920E+01 5.367E-04
  6.966423E+01 4.834E-04
    1    0    0   10
     64     64
  2.254790E+00    0.0100
  1.691092E+00 1.154E+00
  1.789910E+00 9.734E-01
  2.252540E+00 5.996E-01
  2.375430E+00 5.353E-01
  2.505070E+00 4.778E-01
  2.641830E+00 4.265E-01
  2.786110E+00 3.807E-01
  2.938310E+00 3.399E-01
  3.098860E+00 3.034E-01
  3.268230E+00 2.708E-01
  3.446880E+00 2.417E-01
  3.635330E+00 2.158E-01
  3.834110E+00 1.926E-01
  4.043770E+00 1.719E-01
  4.264910E+00 1.534E-01
  4.498160E+00 1.369E-01
  4.744160E+00 1.222E-01
  5.003600E+00 1.091E-01
  5.277210E+00 9.736E-02
  5.565760E+00 8.690E-02
  5.870040E+00 7.755E-02
  6.190910E+00 6.921E-02
  6.529250E+00 6.177E-02
  6.885990E+00 5.512E-02
  7.262140E+00 4.919E-02
  7.658710E+00 4.389E-02
  8.076810E+00 3.917E-02
  8.517570E+00 3.495E-02
  8.982210E+00 3.119E-02
  9.472000E+00 2.783E-02
  9.988250E+00 2.483E-02
  1.053240E+01 2.215E-02
  1.110590E+01 1.976E-02
  1.171020E+01 1.763E-02
  1.234720E+01 1.573E-02
  1.301830E+01 1.403E-02
  1.372550E+01 1.252E-02
  1.447060E+01 1.117E-02
  1.525560E+01 9.962E-03
  1.608260E+01 8.886E-03
  1.695370E+01 7.926E-03
  1.787131E+01 7.069E-03
  1.883780E+01 6.305E-03
  1.985570E+01 5.623E-03
  2.092770E+01 5.015E-03
  2.205650E+01 4.472E-03
  2.324510E+01 3.988E-03
  2.449651E+01 3.556E-03
  2.581400E+01 3.171E-03
  2.720100E+01 2.828E-03
  2.866090E+01 2.521E-03
  3.019749E+01 2.248E-03
  3.181480E+01 2.004E-03
  3.351669E+01 1.787E-03
  3.530750E+01 1.593E-03
  3.719180E+01 1.420E-03
  3.917430E+01 1.266E-03
  4.125990E+01 1.128E-03
  4.345370E+01 1.005E-03
  4.576109E+01 8.961E-04
  4.818790E+01 7.987E-04
  5.073990E+01 7.118E-04
  5.342340E+01 6.343E-04
  5.624490E+01 5.652E-04
    3    0    0    1
     18     62
  5.808150E+01    0.0100
  5.622200E+01 6.759E-02
  5.668690E+01 6.648E-02
  5.715170E+01 6.540E-02
  5.761659E+01 6.434E-02
  5.807919E+01 6.331E-02
  6.152921E+01 5.632E-02
  6.514301E+01 5.010E-02
  6.892841E+01 4.457E-02
  7.289320E+01 3.965E-02
  7.704559E+01 3.527E-02
  8.139430E+01 3.137E-02
  8.594830E+01 2.790E-02
  9.071710E+01 2.482E-02
  9.571060E+01 2.208E-02
  1.009390E+02 1.964E-02
  1.064140E+02 1.747E-02
  1.121460E+02 1.554E-02
  1.181470E+02 1.382E-02
  1.246089E+02 1.224E-02
  1.313750E+02 1.084E-02
  1.384575E+02 9.603E-03
  1.458694E+02 8.506E-03
  1.536241E+02 7.533E-03
  1.617351E+02 6.671E-03
  1.702169E+02 5.906E-03
  1.790841E+02 5.229E-03
  1.883522E+02 4.630E-03
  1.980368E+02 4.098E-03
  2.081543E+02 3.627E-03
  2.187217E+02 3.210E-03
  2.297565E+02 2.841E-03
  2.412770E+02 2.514E-03
  2.533016E+02 2.225E-03
  2.658496E+02 1.968E-03
  2.789414E+02 1.741E-03
  2.925979E+02 1.540E-03
  3.068401E+02 1.363E-03
  3.216902E+02 1.205E-03
  3.371707E+02 1.066E-03
  3.533057E+02 9.426E-04
  3.701196E+02 8.335E-04
  3.876377E+02 7.370E-04
  4.058857E+02 6.516E-04
  4.248911E+02 5.761E-04
  4.446812E+02 5.093E-04
  4.652847E+02 4.502E-04
  4.867314E+02 3.979E-04
  5.090515E+02 3.517E-04
  5.322776E+02 3.108E-04
  5.564412E+02 2.747E-04
  5.815764E+02 2.427E-04
  6.077183E+02 2.145E-04
  6.349021E+02 1.895E-04
  6.631653E+02 1.674E-04
  6.925459E+02 1.479E-04
  7.230833E+02 1.307E-04
  7.548181E+02 1.154E-04
  7.877920E+02 1.019E-04
  8.220483E+02 9.004E-05
  8.576318E+02 7.952E-05
  8.945881E+02 7.022E-05
  9.329651E+02 6.201E-05
    3    0    0    2
     28     64
  2.551030E+01    0.0100
  2.365080E+01 1.244E-01
  2.411571E+01 1.197E-01
  2.458051E+01 1.153E-01
  2.504539E+01 1.111E-01
  2.550800E+01 1.072E-01
  2.702521E+01 9.557E-02
  2.862219E+01 8.520E-02
  3.030280E+01 7.594E-02
  3.207120E+01 6.769E-02
  3.393140E+01 6.032E-02
  3.588811E+01 5.376E-02
  3.794569E+01 4.790E-02
  4.010921E+01 4.268E-02
  4.238361E+01 3.803E-02
  4.477420E+01 3.388E-02
  4.728670E+01 3.018E-02
  4.992670E+01 2.689E-02
  5.270039E+01 2.395E-02
  5.561411E+01 2.133E-02
  5.867450E+01 1.900E-02
  6.188850E+01 1.692E-02
  6.526340E+01 1.507E-02
  6.880679E+01 1.342E-02
  7.252670E+01 1.195E-02
  7.643140E+01 1.064E-02
  8.052960E+01 9.470E-03
  8.483040E+01 8.431E-03
  8.934331E+01 7.506E-03
  9.419997E+01 6.653E-03
  9.929755E+01 5.901E-03
  1.046469E+02 5.234E-03
  1.102594E+02 4.642E-03
  1.161470E+02 4.117E-03
  1.223218E+02 3.651E-03
  1.287969E+02 3.237E-03
  1.355855E+02 2.870E-03
  1.427016E+02 2.545E-03
  1.501596E+02 2.256E-03
  1.579746E+02 2.000E-03
  1.661624E+02 1.773E-03
  1.747393E+02 1.571E-03
  1.837220E+02 1.392E-03
  1.931284E+02 1.234E-03
  2.029769E+02 1.094E-03
  2.132864E+02 9.690E-04
  2.240769E+02 8.586E-04
  2.353689E+02 7.608E-04
  2.471840E+02 6.740E-04
  2.595442E+02 5.971E-04
  2.724734E+02 5.289E-04
  2.859949E+02 4.685E-04
  3.001343E+02 4.150E-04
  3.149175E+02 3.675E-04
  3.303711E+02 3.255E-04
  3.465237E+02 2.883E-04
  3.634041E+02 2.553E-04
  3.810425E+02 2.260E-04
  3.994709E+02 2.001E-04
  4.187212E+02 1.772E-04
  4.388281E+02 1.569E-04
  4.598257E+02 1.389E-04
  4.817517E+02 1.230E-04
  5.046433E+02 1.088E-04
  5.285408E+02 9.634E-05
    3    0    0    3
     36     64
  1.427330E+01    0.0100
  1.241380E+01 2.088E-01
  1.287870E+01 1.942E-01
  1.334350E+01 1.809E-01
  1.380840E+01 1.690E-01
  1.427110E+01 1.582E-01
  1.510220E+01 1.412E-01
  1.597910E+01 1.260E-01
  1.690410E+01 1.124E-01
  1.787950E+01 1.003E-01
  1.890810E+01 8.951E-02
  1.999249E+01 7.986E-02
  2.113550E+01 7.124E-02
  2.234010E+01 6.354E-02
  2.360941E+01 5.667E-02
  2.494670E+01 5.054E-02
  2.635539E+01 4.507E-02
  2.783890E+01 4.019E-02
  2.940109E+01 3.584E-02
  3.104581E+01 3.195E-02
  3.277710E+01 2.848E-02
  3.459920E+01 2.539E-02
  3.651660E+01 2.263E-02
  3.853400E+01 2.017E-02
  4.065620E+01 1.798E-02
  4.288820E+01 1.602E-02
  4.523550E+01 1.428E-02
  4.770351E+01 1.272E-02
  5.029800E+01 1.133E-02
  5.302510E+01 1.010E-02
  5.589110E+01 8.993E-03
  5.890250E+01 8.011E-03
  6.206630E+01 7.135E-03
  6.538969E+01 6.354E-03
  6.888000E+01 5.659E-03
  7.254520E+01 5.039E-03
  7.639349E+01 4.487E-03
  8.054683E+01 3.987E-03
  8.491278E+01 3.539E-03
  8.950163E+01 3.142E-03
  9.432419E+01 2.789E-03
  9.939151E+01 2.475E-03
  1.047155E+02 2.197E-03
  1.103082E+02 1.950E-03
  1.161826E+02 1.731E-03
  1.223520E+02 1.536E-03
  1.288304E+02 1.363E-03
  1.356323E+02 1.209E-03
  1.427730E+02 1.073E-03
  1.502686E+02 9.520E-04
  1.581356E+02 8.446E-04
  1.663914E+02 7.493E-04
  1.750541E+02 6.647E-04
  1.841428E+02 5.897E-04
  1.936771E+02 5.231E-04
  2.036779E+02 4.640E-04
  2.141665E+02 4.115E-04
  2.251655E+02 3.650E-04
  2.366985E+02 3.237E-04
  2.487900E+02 2.870E-04
  2.614653E+02 2.545E-04
  2.747515E+02 2.257E-04
  2.886763E+02 2.001E-04
  3.032683E+02 1.775E-04
  3.185583E+02 1.573E-04
    3    0    0    4
     43     65
  9.106830E+00    0.0100
  7.247320E+00 3.417E-01
  7.712200E+00 3.017E-01
  8.177080E+00 2.682E-01
  8.641950E+00 2.399E-01
  9.104580E+00 2.159E-01
  9.617200E+00 1.929E-01
  1.015890E+01 1.723E-01
  1.073130E+01 1.539E-01
  1.133610E+01 1.374E-01
  1.197500E+01 1.227E-01
  1.264980E+01 1.096E-01
  1.336250E+01 9.784E-02
  1.411520E+01 8.735E-02
  1.490980E+01 7.798E-02
  1.574870E+01 6.961E-02
  1.663409E+01 6.214E-02
  1.756841E+01 5.546E-02
  1.855431E+01 4.949E-02
  1.959441E+01 4.416E-02
  2.069130E+01 3.941E-02
  2.184810E+01 3.516E-02
  2.306779E+01 3.136E-02
  2.435339E+01 2.797E-02
  2.570830E+01 2.495E-02
  2.713589E+01 2.225E-02
  2.863980E+01 1.984E-02
  3.022360E+01 1.769E-02
  3.189140E+01 1.577E-02
  3.364709E+01 1.406E-02
  3.549490E+01 1.253E-02
  3.743910E+01 1.116E-02
  3.948441E+01 9.948E-03
  4.163541E+01 8.863E-03
  4.389700E+01 7.896E-03
  4.627440E+01 7.033E-03
  4.877280E+01 6.263E-03
  5.139771E+01 5.578E-03
  5.415469E+01 4.966E-03
  5.704980E+01 4.421E-03
  6.008910E+01 3.935E-03
  6.327890E+01 3.503E-03
  6.662579E+01 3.117E-03
  7.013660E+01 2.774E-03
  7.396237E+01 2.486E-03
  7.798868E+01 2.208E-03
  8.222569E+01 1.962E-03
  8.668388E+01 1.742E-03
  9.137447E+01 1.547E-03
  9.630904E+01 1.374E-03
  1.014998E+02 1.221E-03
  1.069596E+02 1.084E-03
  1.127017E+02 9.627E-04
  1.187404E+02 8.549E-04
  1.250902E+02 7.591E-04
  1.317665E+02 6.741E-04
  1.387856E+02 5.985E-04
  1.461644E+02 5.314E-04
  1.539205E+02 4.719E-04
  1.620725E+02 4.189E-04
  1.706402E+02 3.719E-04
  1.796435E+02 3.302E-04
  1.891040E+02 2.931E-04
  1.990442E+02 2.602E-04
  2.094870E+02 2.310E-04
  2.204574E+02 2.050E-04
    3    0    0    5
     50     65
  6.311470E+00    0.0100
  4.733603E+00 5.051E-01
  4.916850E+00 4.645E-01
  5.381720E+00 3.868E-01
  5.846600E+00 3.268E-01
  6.309230E+00 2.797E-01
  6.659930E+00 2.498E-01
  7.030480E+00 2.232E-01
  7.421970E+00 1.993E-01
  7.835540E+00 1.780E-01
  8.272430E+00 1.590E-01
  8.733900E+00 1.420E-01
  9.221310E+00 1.268E-01
  9.736050E+00 1.132E-01
  1.027960E+01 1.011E-01
  1.085360E+01 9.027E-02
  1.145950E+01 8.059E-02
  1.209920E+01 7.195E-02
  1.277440E+01 6.423E-02
  1.348710E+01 5.733E-02
  1.423900E+01 5.117E-02
  1.503250E+01 4.567E-02
  1.586950E+01 4.076E-02
  1.675250E+01 3.637E-02
  1.768370E+01 3.245E-02
  1.866560E+01 2.896E-02
  1.970090E+01 2.583E-02
  2.079221E+01 2.304E-02
  2.194240E+01 2.056E-02
  2.315440E+01 1.833E-02
  2.443140E+01 1.635E-02
  2.577660E+01 1.458E-02
  2.719330E+01 1.300E-02
  2.868500E+01 1.159E-02
  3.025549E+01 1.033E-02
  3.190849E+01 9.210E-03
  3.364810E+01 8.208E-03
  3.547839E+01 7.315E-03
  3.740359E+01 6.518E-03
  3.942841E+01 5.808E-03
  4.155740E+01 5.174E-03
  4.379539E+01 4.609E-03
  4.614751E+01 4.105E-03
  4.861900E+01 3.656E-03
  5.121539E+01 3.256E-03
  5.394220E+01 2.899E-03
  5.680560E+01 2.581E-03
  5.981140E+01 2.298E-03
  6.296620E+01 2.045E-03
  6.627650E+01 1.820E-03
  6.974921E+01 1.620E-03
  7.354900E+01 1.458E-03
  7.754970E+01 1.295E-03
  8.176169E+01 1.151E-03
  8.619571E+01 1.023E-03
  9.086317E+01 9.085E-04
  9.577597E+01 8.071E-04
  1.009467E+02 7.170E-04
  1.063884E+02 6.370E-04
  1.121150E+02 5.659E-04
  1.181409E+02 5.027E-04
  1.244814E+02 4.465E-04
  1.311522E+02 3.966E-04
  1.381702E+02 3.523E-04
  1.455529E+02 3.129E-04
  1.533188E+02 2.779E-04
    3    0    0    6
     54     65
  4.630420E+00    0.0100
  3.472815E+00 6.387E-01
  3.700660E+00 5.533E-01
  4.165540E+00 4.340E-01
  4.628170E+00 3.493E-01
  4.883210E+00 3.120E-01
  5.152580E+00 2.786E-01
  5.437090E+00 2.488E-01
  5.737560E+00 2.222E-01
  6.054890E+00 1.985E-01
  6.390000E+00 1.772E-01
  6.743880E+00 1.583E-01
  7.117550E+00 1.413E-01
  7.512090E+00 1.262E-01
  7.928650E+00 1.127E-01
  8.368420E+00 1.006E-01
  8.832660E+00 8.983E-02
  9.322690E+00 8.020E-02
  9.839900E+00 7.159E-02
  1.038580E+01 6.391E-02
  1.096180E+01 5.705E-02
  1.156960E+01 5.092E-02
  1.221080E+01 4.545E-02
  1.288740E+01 4.056E-02
  1.360100E+01 3.620E-02
  1.435360E+01 3.230E-02
  1.514730E+01 2.882E-02
  1.598420E+01 2.572E-02
  1.686659E+01 2.295E-02
  1.779671E+01 2.047E-02
  1.877710E+01 1.826E-02
  1.981030E+01 1.629E-02
  2.089900E+01 1.453E-02
  2.204601E+01 1.296E-02
  2.325420E+01 1.156E-02
  2.452679E+01 1.030E-02
  2.586690E+01 9.188E-03
  2.727789E+01 8.192E-03
  2.876320E+01 7.303E-03
  3.032660E+01 6.510E-03
  3.197180E+01 5.802E-03
  3.370280E+01 5.171E-03
  3.552390E+01 4.609E-03
  3.743919E+01 4.107E-03
  3.945340E+01 3.659E-03
  4.157100E+01 3.260E-03
  4.379720E+01 2.904E-03
  4.613680E+01 2.587E-03
  4.859531E+01 2.304E-03
  5.117821E+01 2.052E-03
  5.389130E+01 1.827E-03
  5.674049E+01 1.627E-03
  5.973210E+01 1.449E-03
  6.287250E+01 1.290E-03
  6.616859E+01 1.148E-03
  6.978088E+01 1.035E-03
  7.358594E+01 9.201E-04
  7.759387E+01 8.177E-04
  8.181534E+01 7.267E-04
  8.626131E+01 6.458E-04
  9.094351E+01 5.739E-04
  9.587415E+01 5.100E-04
  1.010663E+02 4.532E-04
  1.065334E+02 4.027E-04
  1.122897E+02 3.578E-04
  1.183502E+02 3.179E-04
    3    0    0    7
     58     64
  3.541410E+00    0.0100
  2.656057E+00 7.746E-01
  3.076530E+00 5.677E-01
  3.539160E+00 4.244E-01
  3.732800E+00 3.790E-01
  3.937260E+00 3.385E-01
  4.153150E+00 3.023E-01
  4.381090E+00 2.699E-01
  4.621750E+00 2.410E-01
  4.875840E+00 2.152E-01
  5.144110E+00 1.922E-01
  5.427320E+00 1.716E-01
  5.726310E+00 1.532E-01
  6.041930E+00 1.368E-01
  6.375100E+00 1.222E-01
  6.726770E+00 1.091E-01
  7.097960E+00 9.738E-02
  7.489730E+00 8.693E-02
  7.903170E+00 7.761E-02
  8.339480E+00 6.928E-02
  8.799880E+00 6.184E-02
  9.285660E+00 5.520E-02
  9.798190E+00 4.927E-02
  1.033890E+01 4.398E-02
  1.090930E+01 3.925E-02
  1.151080E+01 3.503E-02
  1.214540E+01 3.126E-02
  1.281450E+01 2.790E-02
  1.352010E+01 2.489E-02
  1.426400E+01 2.221E-02
  1.504830E+01 1.982E-02
  1.587500E+01 1.768E-02
  1.674640E+01 1.577E-02
  1.766470E+01 1.407E-02
  1.863240E+01 1.255E-02
  1.965190E+01 1.119E-02
  2.072600E+01 9.982E-03
  2.185730E+01 8.902E-03
  2.304890E+01 7.939E-03
  2.430370E+01 7.079E-03
  2.562480E+01 6.312E-03
  2.701570E+01 5.627E-03
  2.847971E+01 5.016E-03
  3.002040E+01 4.472E-03
  3.164180E+01 3.986E-03
  3.334760E+01 3.553E-03
  3.514200E+01 3.166E-03
  3.702940E+01 2.821E-03
  3.901421E+01 2.514E-03
  4.110120E+01 2.240E-03
  4.329510E+01 1.996E-03
  4.560110E+01 1.778E-03
  4.802451E+01 1.584E-03
  5.057100E+01 1.411E-03
  5.324609E+01 1.256E-03
  5.605600E+01 1.119E-03
  5.900700E+01 9.962E-04
  6.210550E+01 8.870E-04
  6.535840E+01 7.897E-04
  6.892839E+01 7.137E-04
  7.269009E+01 6.344E-04
  7.665346E+01 5.639E-04
  8.082910E+01 5.012E-04
  8.522821E+01 4.455E-04
  8.986255E+01 3.959E-04
    3    0    0    8
     64     64
  2.795860E+00    0.0100
  2.096895E+00 9.551E-01
  2.330980E+00 7.371E-01
  2.793610E+00 5.048E-01
  2.945410E+00 4.508E-01
  3.105660E+00 4.025E-01
  3.274810E+00 3.594E-01
  3.453370E+00 3.209E-01
  3.641850E+00 2.866E-01
  3.840820E+00 2.559E-01
  4.050830E+00 2.285E-01
  4.272510E+00 2.040E-01
  4.506500E+00 1.821E-01
  4.753480E+00 1.626E-01
  5.014160E+00 1.452E-01
  5.289290E+00 1.296E-01
  5.579650E+00 1.157E-01
  5.886100E+00 1.033E-01
  6.209490E+00 9.225E-02
  6.550750E+00 8.235E-02
  6.910860E+00 7.352E-02
  7.290820E+00 6.563E-02
  7.691720E+00 5.858E-02
  8.114690E+00 5.229E-02
  8.560890E+00 4.667E-02
  9.031590E+00 4.166E-02
  9.528090E+00 3.718E-02
  1.005180E+01 3.318E-02
  1.060410E+01 2.961E-02
  1.118650E+01 2.642E-02
  1.180060E+01 2.358E-02
  1.244820E+01 2.104E-02
  1.313090E+01 1.877E-02
  1.385060E+01 1.675E-02
  1.460930E+01 1.494E-02
  1.540890E+01 1.333E-02
  1.625150E+01 1.189E-02
  1.713950E+01 1.061E-02
  1.807510E+01 9.462E-03
  1.906070E+01 8.440E-03
  2.009911E+01 7.527E-03
  2.119270E+01 6.713E-03
  2.234441E+01 5.986E-03
  2.355721E+01 5.338E-03
  2.483420E+01 4.759E-03
  2.617850E+01 4.243E-03
  2.759351E+01 3.783E-03
  2.908279E+01 3.372E-03
  3.064999E+01 3.006E-03
  3.229890E+01 2.679E-03
  3.403371E+01 2.388E-03
  3.585851E+01 2.128E-03
  3.777769E+01 1.897E-03
  3.979581E+01 1.690E-03
  4.191780E+01 1.506E-03
  4.414850E+01 1.342E-03
  4.649319E+01 1.195E-03
  4.895731E+01 1.065E-03
  5.154660E+01 9.483E-04
  5.426680E+01 8.446E-04
  5.712430E+01 7.522E-04
  6.012550E+01 6.699E-04
  6.327699E+01 5.965E-04
  6.658580E+01 5.311E-04
  7.005930E+01 4.728E-04
    3    0    0    9
     64     64
  2.263160E+00    0.0100
  1.697370E+00 1.135E+00
  1.798290E+00 9.554E-01
  2.260910E+00 5.903E-01
  2.384590E+00 5.270E-01
  2.515060E+00 4.704E-01
  2.652710E+00 4.199E-01
  2.797920E+00 3.749E-01
  2.951100E+00 3.346E-01
  3.112700E+00 2.987E-01
  3.283180E+00 2.666E-01
  3.463000E+00 2.380E-01
  3.652690E+00 2.124E-01
  3.852780E+00 1.896E-01
  4.063840E+00 1.693E-01
  4.286460E+00 1.511E-01
  4.521270E+00 1.348E-01
  4.768920E+00 1.204E-01
  5.030120E+00 1.074E-01
  5.305590E+00 9.588E-02
  5.596110E+00 8.557E-02
  5.902490E+00 7.637E-02
  6.225580E+00 6.816E-02
  6.566270E+00 6.083E-02
  6.925530E+00 5.429E-02
  7.304330E+00 4.845E-02
  7.703740E+00 4.323E-02
  8.124850E+00 3.858E-02
  8.568820E+00 3.443E-02
  9.036870E+00 3.072E-02
  9.530280E+00 2.741E-02
  1.005040E+01 2.446E-02
  1.059870E+01 2.182E-02
  1.117660E+01 1.947E-02
  1.178570E+01 1.737E-02
  1.242760E+01 1.550E-02
  1.310410E+01 1.383E-02
  1.381700E+01 1.234E-02
  1.456830E+01 1.101E-02
  1.535980E+01 9.819E-03
  1.619389E+01 8.759E-03
  1.707260E+01 7.814E-03
  1.799831E+01 6.970E-03
  1.897350E+01 6.217E-03
  2.000070E+01 5.545E-03
  2.108270E+01 4.946E-03
  2.222231E+01 4.411E-03
  2.342239E+01 3.934E-03
  2.468629E+01 3.509E-03
  2.601720E+01 3.129E-03
  2.741850E+01 2.790E-03
  2.889400E+01 2.488E-03
  3.044730E+01 2.219E-03
  3.208250E+01 1.978E-03
  3.380370E+01 1.764E-03
  3.561540E+01 1.573E-03
  3.752220E+01 1.402E-03
  3.952890E+01 1.250E-03
  4.164059E+01 1.115E-03
  4.386250E+01 9.935E-04
  4.620039E+01 8.857E-04
  4.865990E+01 7.895E-04
  5.124719E+01 7.037E-04
  5.396880E+01 6.272E-04
  5.683141E+01 5.590E-04
    1    2    0    1
     42     60
  2.499800E+01    0.0100
  2.313850E+01 1.044E-01
  2.360339E+01 9.758E-02
  2.406830E+01 9.129E-02
  2.453310E+01 8.550E-02
  2.499580E+01 8.019E-02
  2.590891E+01 7.083E-02
  2.685210E+01 6.256E-02
  2.782620E+01 5.525E-02
  2.883220E+01 4.879E-02
  2.987080E+01 4.308E-02
  3.094290E+01 3.803E-02
  3.204950E+01 3.358E-02
  3.319160E+01 2.964E-02
  3.436990E+01 2.617E-02
  3.558560E+01 2.309E-02
  3.683949E+01 2.038E-02
  3.813280E+01 1.799E-02
  3.946640E+01 1.587E-02
  4.084129E+01 1.401E-02
  4.225870E+01 1.236E-02
  4.371960E+01 1.090E-02
  4.522520E+01 9.617E-03
  4.677650E+01 8.483E-03
  4.837469E+01 7.482E-03
  5.002100E+01 6.599E-03
  5.171651E+01 5.820E-03
  5.346260E+01 5.132E-03
  5.526041E+01 4.525E-03
  5.711121E+01 3.990E-03
  5.901620E+01 3.517E-03
  6.097690E+01 3.101E-03
  6.299440E+01 2.733E-03
  6.507021E+01 2.409E-03
  6.720570E+01 2.123E-03
  6.940221E+01 1.871E-03
  7.166119E+01 1.649E-03
  7.398410E+01 1.453E-03
  7.637241E+01 1.280E-03
  7.882761E+01 1.128E-03
  8.135120E+01 9.939E-04
  8.394490E+01 8.756E-04
  8.661011E+01 7.713E-04
  8.940411E+01 6.805E-04
  9.227800E+01 5.985E-04
  9.523383E+01 5.263E-04
  9.827365E+01 4.629E-04
  1.013995E+02 4.070E-04
  1.046137E+02 3.579E-04
  1.079183E+02 3.147E-04
  1.113156E+02 2.768E-04
  1.148081E+02 2.433E-04
  1.183980E+02 2.140E-04
  1.220877E+02 1.881E-04
  1.258797E+02 1.654E-04
  1.297767E+02 1.454E-04
  1.337811E+02 1.278E-04
  1.378957E+02 1.124E-04
  1.421230E+02 9.878E-05
  1.464659E+02 8.683E-05
  1.509272E+02 7.633E-05
    1    2    0    2
     50     61
  1.406140E+01    0.0100
  1.220190E+01 2.344E-01
  1.266680E+01 2.117E-01
  1.313160E+01 1.918E-01
  1.359650E+01 1.742E-01
  1.405910E+01 1.588E-01
  1.468680E+01 1.405E-01
  1.533720E+01 1.243E-01
  1.601089E+01 1.099E-01
  1.670880E+01 9.718E-02
  1.743150E+01 8.593E-02
  1.817970E+01 7.597E-02
  1.895410E+01 6.716E-02
  1.975549E+01 5.937E-02
  2.058470E+01 5.247E-02
  2.144240E+01 4.638E-02
  2.232941E+01 4.098E-02
  2.324660E+01 3.621E-02
  2.419490E+01 3.199E-02
  2.517500E+01 2.826E-02
  2.618781E+01 2.497E-02
  2.723430E+01 2.205E-02
  2.831531E+01 1.948E-02
  2.943190E+01 1.720E-02
  3.058490E+01 1.519E-02
  3.177530E+01 1.341E-02
  3.300420E+01 1.184E-02
  3.427260E+01 1.045E-02
  3.558150E+01 9.228E-03
  3.693190E+01 8.146E-03
  3.832510E+01 7.190E-03
  3.976210E+01 6.345E-03
  4.124400E+01 5.600E-03
  4.277209E+01 4.941E-03
  4.434740E+01 4.360E-03
  4.597130E+01 3.847E-03
  4.764490E+01 3.393E-03
  4.936960E+01 2.994E-03
  5.114670E+01 2.641E-03
  5.297740E+01 2.329E-03
  5.486310E+01 2.054E-03
  5.680521E+01 1.812E-03
  5.880510E+01 1.597E-03
  6.086430E+01 1.409E-03
  6.298421E+01 1.242E-03
  6.516631E+01 1.095E-03
  6.741220E+01 9.654E-04
  6.972340E+01 8.511E-04
  7.210139E+01 7.502E-04
  7.454800E+01 6.613E-04
  7.706490E+01 5.828E-04
  7.970250E+01 5.135E-04
  8.241695E+01 4.516E-04
  8.521011E+01 3.972E-04
  8.808391E+01 3.494E-04
  9.104037E+01 3.072E-04
  9.408156E+01 2.702E-04
  9.720958E+01 2.376E-04
  1.004265E+02 2.089E-04
  1.037345E+02 1.837E-04
  1.071358E+02 1.615E-04
  1.106328E+02 1.420E-04
    1    2    0    3
     58     62
  8.999600E+00    0.0100
  7.140100E+00 4.190E-01
  7.604970E+00 3.597E-01
  8.069850E+00 3.111E-01
  8.534720E+00 2.709E-01
  8.997350E+00 2.375E-01
  9.435210E+00 2.106E-01
  9.891200E+00 1.867E-01
  1.036590E+01 1.655E-01
  1.086000E+01 1.467E-01
  1.137390E+01 1.299E-01
  1.190850E+01 1.151E-01
  1.246420E+01 1.020E-01
  1.304170E+01 9.032E-02
  1.364180E+01 7.998E-02
  1.426510E+01 7.082E-02
  1.491220E+01 6.269E-02
  1.558390E+01 5.549E-02
  1.628090E+01 4.911E-02
  1.700400E+01 4.346E-02
  1.775380E+01 3.845E-02
  1.853120E+01 3.401E-02
  1.933690E+01 3.008E-02
  2.017171E+01 2.660E-02
  2.103650E+01 2.353E-02
  2.193201E+01 2.080E-02
  2.285910E+01 1.839E-02
  2.381860E+01 1.625E-02
  2.481149E+01 1.436E-02
  2.583850E+01 1.269E-02
  2.690070E+01 1.122E-02
  2.799890E+01 9.909E-03
  2.913400E+01 8.753E-03
  3.030710E+01 7.731E-03
  3.151900E+01 6.828E-03
  3.277080E+01 6.029E-03
  3.406340E+01 5.323E-03
  3.539799E+01 4.700E-03
  3.677550E+01 4.149E-03
  3.819701E+01 3.662E-03
  3.966350E+01 3.232E-03
  4.117619E+01 2.852E-03
  4.273621E+01 2.516E-03
  4.434460E+01 2.220E-03
  4.600250E+01 1.958E-03
  4.771111E+01 1.728E-03
  4.947169E+01 1.524E-03
  5.128540E+01 1.344E-03
  5.315340E+01 1.185E-03
  5.507700E+01 1.045E-03
  5.705750E+01 9.212E-04
  5.909610E+01 8.121E-04
  6.119420E+01 7.158E-04
  6.335310E+01 6.309E-04
  6.557420E+01 5.561E-04
  6.785870E+01 4.900E-04
  7.020821E+01 4.318E-04
  7.154961E+01 4.023E-04
  7.229460E+01 3.865E-04
  7.484656E+01 3.446E-04
  7.747517E+01 3.032E-04
  8.018233E+01 2.668E-04
  8.297006E+01 2.347E-04
    1    2    0    4
     62     62
  6.249710E+00    0.0100
  4.687283E+00 6.244E-01
  4.855080E+00 5.717E-01
  5.319960E+00 4.635E-01
  5.784830E+00 3.815E-01
  6.247460E+00 3.184E-01
  6.566790E+00 2.828E-01
  6.900450E+00 2.511E-01
  7.248960E+00 2.229E-01
  7.612830E+00 1.978E-01
  7.992610E+00 1.756E-01
  8.388840E+00 1.558E-01
  8.802090E+00 1.382E-01
  9.232940E+00 1.226E-01
  9.681960E+00 1.087E-01
  1.014980E+01 9.640E-02
  1.063700E+01 8.547E-02
  1.114420E+01 7.576E-02
  1.167210E+01 6.714E-02
  1.222130E+01 5.949E-02
  1.279250E+01 5.271E-02
  1.338640E+01 4.669E-02
  1.400360E+01 4.135E-02
  1.464490E+01 3.662E-02
  1.531100E+01 3.242E-02
  1.600270E+01 2.870E-02
  1.672060E+01 2.541E-02
  1.746561E+01 2.248E-02
  1.823849E+01 1.990E-02
  1.903999E+01 1.760E-02
  1.987100E+01 1.557E-02
  2.073219E+01 1.377E-02
  2.162460E+01 1.218E-02
  2.254900E+01 1.077E-02
  2.350620E+01 9.523E-03
  2.449719E+01 8.419E-03
  2.552290E+01 7.441E-03
  2.658420E+01 6.576E-03
  2.768201E+01 5.811E-03
  2.881740E+01 5.135E-03
  2.999110E+01 4.536E-03
  3.120441E+01 4.007E-03
  3.245810E+01 3.539E-03
  3.375340E+01 3.125E-03
  3.509120E+01 2.760E-03
  3.647260E+01 2.437E-03
  3.789870E+01 2.151E-03
  3.937061E+01 1.899E-03
  4.088940E+01 1.676E-03
  4.245621E+01 1.479E-03
  4.407220E+01 1.305E-03
  4.573869E+01 1.152E-03
  4.745660E+01 1.016E-03
  4.922740E+01 8.962E-04
  5.105220E+01 7.904E-04
  5.293221E+01 6.971E-04
  5.486880E+01 6.148E-04
  5.686320E+01 5.421E-04
  5.891670E+01 4.779E-04
  6.103070E+01 4.214E-04
  6.320650E+01 3.714E-04
  6.544560E+01 3.274E-04
  6.774921E+01 2.885E-04
    1    2    0    5
     61     61
  4.591620E+00    0.0100
  3.443715E+00 7.803E-01
  3.661870E+00 6.703E-01
  4.126740E+00 5.127E-01
  4.589370E+00 4.027E-01
  4.830130E+00 3.581E-01
  5.082330E+00 3.183E-01
  5.346420E+00 2.830E-01
  5.622860E+00 2.515E-01
  5.912120E+00 2.235E-01
  6.214690E+00 1.985E-01
  6.531050E+00 1.763E-01
  6.861730E+00 1.566E-01
  7.207230E+00 1.391E-01
  7.568090E+00 1.234E-01
  7.944870E+00 1.096E-01
  8.338110E+00 9.724E-02
  8.748390E+00 8.629E-02
  9.176300E+00 7.655E-02
  9.622440E+00 6.790E-02
  1.008740E+01 6.022E-02
  1.057180E+01 5.340E-02
  1.107640E+01 4.734E-02
  1.160170E+01 4.196E-02
  1.214840E+01 3.719E-02
  1.271730E+01 3.296E-02
  1.330890E+01 2.920E-02
  1.392410E+01 2.586E-02
  1.456340E+01 2.291E-02
  1.522780E+01 2.029E-02
  1.591790E+01 1.796E-02
  1.663460E+01 1.590E-02
  1.737849E+01 1.408E-02
  1.815041E+01 1.246E-02
  1.895129E+01 1.102E-02
  1.978200E+01 9.754E-03
  2.064320E+01 8.629E-03
  2.153580E+01 7.633E-03
  2.246080E+01 6.750E-03
  2.341901E+01 5.969E-03
  2.441141E+01 5.278E-03
  2.543871E+01 4.666E-03
  2.650211E+01 4.124E-03
  2.760249E+01 3.645E-03
  2.874080E+01 3.221E-03
  2.991800E+01 2.846E-03
  3.113519E+01 2.514E-03
  3.239340E+01 2.221E-03
  3.369360E+01 1.962E-03
  3.503680E+01 1.732E-03
  3.642430E+01 1.530E-03
  3.785710E+01 1.351E-03
  3.933620E+01 1.192E-03
  4.086290E+01 1.053E-03
  4.243829E+01 9.290E-04
  4.406360E+01 8.199E-04
  4.573990E+01 7.235E-04
  4.746860E+01 6.383E-04
  4.925070E+01 5.631E-04
  5.108771E+01 4.968E-04
  5.298070E+01 4.382E-04
  5.493100E+01 3.864E-04
    1    2    0    6
     61     61
  3.515460E+00    0.0100
  2.636595E+00 9.344E-01
  3.050590E+00 6.725E-01
  3.513220E+00 4.911E-01
  3.699710E+00 4.371E-01
  3.895450E+00 3.890E-01
  4.100820E+00 3.461E-01
  4.316220E+00 3.079E-01
  4.542080E+00 2.739E-01
  4.778810E+00 2.436E-01
  5.026840E+00 2.166E-01
  5.286640E+00 1.925E-01
  5.558650E+00 1.711E-01
  5.843360E+00 1.521E-01
  6.141250E+00 1.351E-01
  6.452810E+00 1.200E-01
  6.778570E+00 1.066E-01
  7.119040E+00 9.470E-02
  7.474760E+00 8.408E-02
  7.846290E+00 7.465E-02
  8.234180E+00 6.626E-02
  8.639020E+00 5.880E-02
  9.061390E+00 5.217E-02
  9.501910E+00 4.629E-02
  9.961180E+00 4.106E-02
  1.043980E+01 3.641E-02
  1.093850E+01 3.229E-02
  1.145790E+01 2.862E-02
  1.199870E+01 2.537E-02
  1.256160E+01 2.249E-02
  1.314720E+01 1.993E-02
  1.375620E+01 1.766E-02
  1.438950E+01 1.564E-02
  1.504780E+01 1.385E-02
  1.573170E+01 1.227E-02
  1.644220E+01 1.086E-02
  1.717999E+01 9.616E-03
  1.794591E+01 8.512E-03
  1.874071E+01 7.534E-03
  1.956531E+01 6.667E-03
  2.042050E+01 5.898E-03
  2.130710E+01 5.218E-03
  2.222620E+01 4.615E-03
  2.317850E+01 4.082E-03
  2.416510E+01 3.610E-03
  2.518680E+01 3.191E-03
  2.624451E+01 2.821E-03
  2.733940E+01 2.494E-03
  2.847231E+01 2.204E-03
  2.964420E+01 1.948E-03
  3.085620E+01 1.721E-03
  3.210930E+01 1.520E-03
  3.340469E+01 1.343E-03
  3.474319E+01 1.186E-03
  3.612610E+01 1.047E-03
  3.755440E+01 9.249E-04
  3.902930E+01 8.166E-04
  4.055200E+01 7.209E-04
  4.212350E+01 6.364E-04
  4.374510E+01 5.617E-04
  4.541800E+01 4.957E-04
  4.714340E+01 4.374E-04
    1    2    0    7
     61     61
  2.777660E+00    0.0100
  2.083245E+00 1.141E+00
  2.312780E+00 8.719E-01
  2.775410E+00 5.839E-01
  2.924760E+00 5.200E-01
  3.081690E+00 4.630E-01
  3.246520E+00 4.122E-01
  3.419600E+00 3.669E-01
  3.601280E+00 3.266E-01
  3.791940E+00 2.906E-01
  3.991940E+00 2.586E-01
  4.201680E+00 2.300E-01
  4.421560E+00 2.046E-01
  4.651990E+00 1.819E-01
  4.893400E+00 1.618E-01
  5.146230E+00 1.438E-01
  5.410920E+00 1.278E-01
  5.687940E+00 1.136E-01
  5.977770E+00 1.009E-01
  6.280890E+00 8.966E-02
  6.597810E+00 7.964E-02
  6.929040E+00 7.073E-02
  7.275110E+00 6.281E-02
  7.636570E+00 5.576E-02
  8.013970E+00 4.950E-02
  8.407880E+00 4.393E-02
  8.818880E+00 3.898E-02
  9.247590E+00 3.459E-02
  9.694600E+00 3.068E-02
  1.016060E+01 2.721E-02
  1.064610E+01 2.413E-02
  1.115180E+01 2.140E-02
  1.167850E+01 1.897E-02
  1.222680E+01 1.682E-02
  1.279740E+01 1.490E-02
  1.339100E+01 1.321E-02
  1.400840E+01 1.170E-02
  1.465030E+01 1.037E-02
  1.531750E+01 9.181E-03
  1.601080E+01 8.131E-03
  1.673090E+01 7.200E-03
  1.747870E+01 6.374E-03
  1.825510E+01 5.643E-03
  1.906081E+01 4.994E-03
  1.989670E+01 4.420E-03
  2.076379E+01 3.911E-03
  2.166299E+01 3.460E-03
  2.259509E+01 3.061E-03
  2.356110E+01 2.707E-03
  2.456200E+01 2.394E-03
  2.559869E+01 2.117E-03
  2.667220E+01 1.872E-03
  2.778371E+01 1.655E-03
  2.893401E+01 1.463E-03
  3.012421E+01 1.293E-03
  3.135550E+01 1.142E-03
  3.262891E+01 1.009E-03
  3.394560E+01 8.918E-04
  3.530659E+01 7.878E-04
  3.671310E+01 6.959E-04
  3.816631E+01 6.146E-04
  3.966740E+01 5.427E-04
    1    2    0    8
     61     61
  2.249910E+00    0.0100
  1.687432E+00 1.341E+00
  1.785040E+00 1.126E+00
  2.247660E+00 6.812E-01
  2.368490E+00 6.070E-01
  2.495580E+00 5.408E-01
  2.629250E+00 4.818E-01
  2.769770E+00 4.292E-01
  2.917480E+00 3.822E-01
  3.072680E+00 3.404E-01
  3.235710E+00 3.030E-01
  3.406910E+00 2.698E-01
  3.586640E+00 2.401E-01
  3.775270E+00 2.137E-01
  3.973180E+00 1.901E-01
  4.180750E+00 1.691E-01
  4.398390E+00 1.505E-01
  4.626500E+00 1.338E-01
  4.865530E+00 1.190E-01
  5.115910E+00 1.058E-01
  5.378090E+00 9.404E-02
  5.652540E+00 8.358E-02
  5.939730E+00 7.427E-02
  6.240160E+00 6.599E-02
  6.554320E+00 5.862E-02
  6.882750E+00 5.207E-02
  7.225970E+00 4.624E-02
  7.584520E+00 4.106E-02
  7.958970E+00 3.645E-02
  8.349890E+00 3.235E-02
  8.757870E+00 2.871E-02
  9.183510E+00 2.548E-02
  9.627430E+00 2.260E-02
  1.009030E+01 2.005E-02
  1.057260E+01 1.778E-02
  1.107520E+01 1.577E-02
  1.159870E+01 1.398E-02
  1.214380E+01 1.239E-02
  1.271120E+01 1.099E-02
  1.330160E+01 9.736E-03
  1.391570E+01 8.627E-03
  1.455440E+01 7.643E-03
  1.521830E+01 6.770E-03
  1.590830E+01 5.996E-03
  1.662520E+01 5.310E-03
  1.736980E+01 4.702E-03
  1.814301E+01 4.162E-03
  1.894550E+01 3.684E-03
  1.977820E+01 3.261E-03
  2.064220E+01 2.885E-03
  2.153819E+01 2.553E-03
  2.246710E+01 2.259E-03
  2.342999E+01 1.998E-03
  2.442780E+01 1.767E-03
  2.546140E+01 1.563E-03
  2.653191E+01 1.382E-03
  2.764030E+01 1.221E-03
  2.878760E+01 1.080E-03
  2.997490E+01 9.543E-04
  3.120320E+01 8.433E-04
  3.247369E+01 7.452E-04
  3.378729E+01 6.584E-04
    3    2    0    1
     42     60
  2.500890E+01    0.0100
  2.314940E+01 1.050E-01
  2.361430E+01 9.817E-02
  2.407919E+01 9.186E-02
  2.454410E+01 8.604E-02
  2.500670E+01 8.071E-02
  2.592410E+01 7.128E-02
  2.687151E+01 6.295E-02
  2.784979E+01 5.559E-02
  2.885980E+01 4.909E-02
  2.990240E+01 4.334E-02
  3.097850E+01 3.827E-02
  3.208910E+01 3.378E-02
  3.323511E+01 2.982E-02
  3.441750E+01 2.633E-02
  3.563730E+01 2.324E-02
  3.689540E+01 2.051E-02
  3.819290E+01 1.810E-02
  3.953090E+01 1.597E-02
  4.091051E+01 1.409E-02
  4.233270E+01 1.244E-02
  4.379871E+01 1.097E-02
  4.530969E+01 9.681E-03
  4.686681E+01 8.541E-03
  4.847121E+01 7.534E-03
  5.012430E+01 6.646E-03
  5.182710E+01 5.862E-03
  5.358110E+01 5.170E-03
  5.538750E+01 4.559E-03
  5.724770E+01 4.021E-03
  5.916310E+01 3.546E-03
  6.113499E+01 3.126E-03
  6.316479E+01 2.757E-03
  6.525410E+01 2.430E-03
  6.740430E+01 2.143E-03
  6.961700E+01 1.889E-03
  7.189360E+01 1.665E-03
  7.423579E+01 1.468E-03
  7.664520E+01 1.294E-03
  7.912340E+01 1.140E-03
  8.167210E+01 1.005E-03
  8.429300E+01 8.854E-04
  8.698790E+01 7.803E-04
  8.980986E+01 6.877E-04
  9.271332E+01 6.049E-04
  9.570042E+01 5.320E-04
  9.877322E+01 4.679E-04
  1.019340E+02 4.116E-04
  1.051850E+02 3.620E-04
  1.085284E+02 3.183E-04
  1.119666E+02 2.799E-04
  1.155021E+02 2.462E-04
  1.191372E+02 2.165E-04
  1.228746E+02 1.904E-04
  1.267168E+02 1.674E-04
  1.306665E+02 1.472E-04
  1.347262E+02 1.294E-04
  1.388989E+02 1.138E-04
  1.431872E+02 1.000E-04
  1.475942E+02 8.795E-05
  1.521226E+02 7.732E-05
    3    2    0    2
     50     61
  1.406730E+01    0.0100
  1.220780E+01 2.358E-01
  1.267270E+01 2.130E-01
  1.313750E+01 1.930E-01
  1.360240E+01 1.754E-01
  1.406500E+01 1.598E-01
  1.469560E+01 1.413E-01
  1.534880E+01 1.250E-01
  1.602541E+01 1.106E-01
  1.672600E+01 9.776E-02
  1.745140E+01 8.644E-02
  1.820230E+01 7.642E-02
  1.897940E+01 6.756E-02
  1.978349E+01 5.971E-02
  2.061540E+01 5.278E-02
  2.147580E+01 4.664E-02
  2.236560E+01 4.122E-02
  2.328551E+01 3.642E-02
  2.423660E+01 3.218E-02
  2.521960E+01 2.843E-02
  2.623550E+01 2.511E-02
  2.728500E+01 2.218E-02
  2.836940E+01 1.959E-02
  2.948930E+01 1.731E-02
  3.064590E+01 1.528E-02
  3.184019E+01 1.349E-02
  3.307310E+01 1.192E-02
  3.434579E+01 1.052E-02
  3.565930E+01 9.288E-03
  3.701469E+01 8.199E-03
  3.841319E+01 7.237E-03
  3.985600E+01 6.388E-03
  4.134410E+01 5.638E-03
  4.287880E+01 4.976E-03
  4.446150E+01 4.391E-03
  4.609320E+01 3.875E-03
  4.777541E+01 3.419E-03
  4.950929E+01 3.016E-03
  5.129640E+01 2.661E-03
  5.313789E+01 2.348E-03
  5.503540E+01 2.071E-03
  5.699020E+01 1.827E-03
  5.900400E+01 1.611E-03
  6.107800E+01 1.421E-03
  6.321400E+01 1.253E-03
  6.541360E+01 1.105E-03
  6.767821E+01 9.746E-04
  7.000970E+01 8.593E-04
  7.240961E+01 7.577E-04
  7.487981E+01 6.680E-04
  7.742191E+01 5.889E-04
  8.008185E+01 5.179E-04
  8.281972E+01 4.556E-04
  8.563748E+01 4.007E-04
  8.853709E+01 3.525E-04
  9.152063E+01 3.100E-04
  9.459023E+01 2.726E-04
  9.774791E+01 2.398E-04
  1.009960E+02 2.109E-04
  1.043366E+02 1.854E-04
  1.077721E+02 1.630E-04
  1.113047E+02 1.434E-04
    3    2    0    3
     58     63
  9.002890E+00    0.0100
  7.143380E+00 4.215E-01
  7.608260E+00 3.620E-01
  8.073140E+00 3.131E-01
  8.538010E+00 2.727E-01
  9.000640E+00 2.391E-01
  9.439510E+00 2.120E-01
  9.896530E+00 1.879E-01
  1.037230E+01 1.666E-01
  1.086740E+01 1.476E-01
  1.138250E+01 1.308E-01
  1.191810E+01 1.159E-01
  1.247500E+01 1.027E-01
  1.305380E+01 9.093E-02
  1.365510E+01 8.052E-02
  1.427960E+01 7.129E-02
  1.492810E+01 6.312E-02
  1.560130E+01 5.587E-02
  1.629980E+01 4.944E-02
  1.702440E+01 4.375E-02
  1.777600E+01 3.871E-02
  1.855510E+01 3.425E-02
  1.936270E+01 3.029E-02
  2.019960E+01 2.679E-02
  2.106650E+01 2.369E-02
  2.196429E+01 2.095E-02
  2.289391E+01 1.852E-02
  2.385609E+01 1.637E-02
  2.485181E+01 1.447E-02
  2.588200E+01 1.279E-02
  2.694749E+01 1.130E-02
  2.804919E+01 9.984E-03
  2.918820E+01 8.820E-03
  3.036540E+01 7.791E-03
  3.158180E+01 6.881E-03
  3.283830E+01 6.077E-03
  3.413620E+01 5.366E-03
  3.547630E+01 4.738E-03
  3.685970E+01 4.183E-03
  3.828760E+01 3.692E-03
  3.976109E+01 3.259E-03
  4.128120E+01 2.876E-03
  4.284911E+01 2.538E-03
  4.446600E+01 2.240E-03
  4.613300E+01 1.976E-03
  4.785139E+01 1.743E-03
  4.962241E+01 1.538E-03
  5.144720E+01 1.356E-03
  5.332719E+01 1.196E-03
  5.526350E+01 1.055E-03
  5.725751E+01 9.301E-04
  5.931059E+01 8.200E-04
  6.142410E+01 7.229E-04
  6.359940E+01 6.373E-04
  6.583780E+01 5.617E-04
  6.814090E+01 4.951E-04
  7.050999E+01 4.363E-04
  7.155290E+01 4.132E-04
  7.228780E+01 3.972E-04
  7.484995E+01 3.538E-04
  7.748946E+01 3.113E-04
  8.020828E+01 2.739E-04
  8.300856E+01 2.410E-04
  8.589236E+01 2.121E-04
    3    2    0    4
     62     62
  6.251700E+00    0.0100
  4.688775E+00 6.287E-01
  4.857070E+00 5.755E-01
  5.321950E+00 4.667E-01
  5.786820E+00 3.842E-01
  6.249450E+00 3.207E-01
  6.569420E+00 2.848E-01
  6.903730E+00 2.529E-01
  7.252900E+00 2.245E-01
  7.617450E+00 1.993E-01
  7.997910E+00 1.768E-01
  8.394850E+00 1.569E-01
  8.808830E+00 1.392E-01
  9.240410E+00 1.235E-01
  9.690200E+00 1.095E-01
  1.015880E+01 9.709E-02
  1.064680E+01 8.608E-02
  1.115490E+01 7.630E-02
  1.168370E+01 6.762E-02
  1.223390E+01 5.992E-02
  1.280610E+01 5.309E-02
  1.340100E+01 4.703E-02
  1.401930E+01 4.165E-02
  1.466180E+01 3.689E-02
  1.532920E+01 3.266E-02
  1.602220E+01 2.892E-02
  1.674159E+01 2.560E-02
  1.748810E+01 2.265E-02
  1.826270E+01 2.005E-02
  1.906599E+01 1.774E-02
  1.989890E+01 1.569E-02
  2.076221E+01 1.388E-02
  2.165680E+01 1.228E-02
  2.258360E+01 1.086E-02
  2.354350E+01 9.599E-03
  2.453740E+01 8.486E-03
  2.556610E+01 7.501E-03
  2.663071E+01 6.630E-03
  2.773210E+01 5.859E-03
  2.887120E+01 5.177E-03
  3.004919E+01 4.574E-03
  3.126691E+01 4.041E-03
  3.252541E+01 3.569E-03
  3.382581E+01 3.153E-03
  3.516920E+01 2.784E-03
  3.655650E+01 2.458E-03
  3.798900E+01 2.170E-03
  3.946780E+01 1.916E-03
  4.099400E+01 1.691E-03
  4.256870E+01 1.493E-03
  4.419321E+01 1.317E-03
  4.586870E+01 1.162E-03
  4.759630E+01 1.026E-03
  4.937740E+01 9.049E-04
  5.121320E+01 7.982E-04
  5.310490E+01 7.041E-04
  5.505400E+01 6.209E-04
  5.706171E+01 5.476E-04
  5.912939E+01 4.829E-04
  6.125841E+01 4.257E-04
  6.345020E+01 3.753E-04
  6.570621E+01 3.309E-04
  6.802780E+01 2.917E-04
    3    2    0    5
     61     61
  4.592900E+00    0.0100
  3.444674E+00 7.861E-01
  3.663150E+00 6.752E-01
  4.128030E+00 5.166E-01
  4.590650E+00 4.059E-01
  4.831690E+00 3.609E-01
  5.084180E+00 3.209E-01
  5.348570E+00 2.852E-01
  5.625310E+00 2.535E-01
  5.914890E+00 2.252E-01
  6.217770E+00 2.001E-01
  6.534470E+00 1.777E-01
  6.865490E+00 1.578E-01
  7.211360E+00 1.402E-01
  7.572600E+00 1.244E-01
  7.949770E+00 1.104E-01
  8.343440E+00 9.802E-02
  8.754170E+00 8.698E-02
  9.182560E+00 7.716E-02
  9.629200E+00 6.845E-02
  1.009470E+01 6.070E-02
  1.057980E+01 5.383E-02
  1.108490E+01 4.772E-02
  1.161090E+01 4.231E-02
  1.215840E+01 3.750E-02
  1.272810E+01 3.323E-02
  1.332060E+01 2.944E-02
  1.393670E+01 2.608E-02
  1.457710E+01 2.310E-02
  1.524260E+01 2.046E-02
  1.593400E+01 1.812E-02
  1.665190E+01 1.604E-02
  1.739729E+01 1.420E-02
  1.817090E+01 1.257E-02
  1.897350E+01 1.112E-02
  1.980600E+01 9.840E-03
  2.066930E+01 8.705E-03
  2.156419E+01 7.701E-03
  2.249159E+01 6.811E-03
  2.345239E+01 6.023E-03
  2.444760E+01 5.326E-03
  2.547800E+01 4.708E-03
  2.654469E+01 4.162E-03
  2.764870E+01 3.679E-03
  2.879080E+01 3.251E-03
  2.997220E+01 2.873E-03
  3.119389E+01 2.538E-03
  3.245689E+01 2.242E-03
  3.376221E+01 1.981E-03
  3.511110E+01 1.749E-03
  3.650450E+01 1.545E-03
  3.794360E+01 1.364E-03
  3.942960E+01 1.204E-03
  4.096359E+01 1.063E-03
  4.254680E+01 9.385E-04
  4.418040E+01 8.283E-04
  4.586560E+01 7.310E-04
  4.760370E+01 6.451E-04
  4.939590E+01 5.691E-04
  5.124350E+01 5.021E-04
  5.314790E+01 4.429E-04
  5.511031E+01 3.907E-04
    3    2    0    6
     61     61
  3.516340E+00    0.0100
  2.637255E+00 9.420E-01
  3.051460E+00 6.780E-01
  3.514090E+00 4.952E-01
  3.700860E+00 4.408E-01
  3.896870E+00 3.922E-01
  4.102530E+00 3.490E-01
  4.318220E+00 3.105E-01
  4.544360E+00 2.761E-01
  4.781390E+00 2.456E-01
  5.029720E+00 2.183E-01
  5.289820E+00 1.941E-01
  5.562150E+00 1.725E-01
  5.847170E+00 1.533E-01
  6.145380E+00 1.362E-01
  6.457280E+00 1.210E-01
  6.783380E+00 1.075E-01
  7.124200E+00 9.547E-02
  7.480290E+00 8.477E-02
  7.852200E+00 7.526E-02
  8.240500E+00 6.680E-02
  8.645770E+00 5.929E-02
  9.068600E+00 5.261E-02
  9.509590E+00 4.667E-02
  9.969380E+00 4.140E-02
  1.044860E+01 3.672E-02
  1.094790E+01 3.256E-02
  1.146790E+01 2.887E-02
  1.200940E+01 2.559E-02
  1.257300E+01 2.268E-02
  1.315940E+01 2.010E-02
  1.376930E+01 1.781E-02
  1.440360E+01 1.578E-02
  1.506290E+01 1.397E-02
  1.574800E+01 1.237E-02
  1.645979E+01 1.096E-02
  1.719890E+01 9.701E-03
  1.796629E+01 8.588E-03
  1.876270E+01 7.601E-03
  1.958900E+01 6.727E-03
  2.044611E+01 5.952E-03
  2.133490E+01 5.266E-03
  2.225630E+01 4.658E-03
  2.321111E+01 4.120E-03
  2.420030E+01 3.643E-03
  2.522501E+01 3.221E-03
  2.628590E+01 2.848E-03
  2.738420E+01 2.518E-03
  2.852080E+01 2.225E-03
  2.969670E+01 1.967E-03
  3.091299E+01 1.738E-03
  3.217081E+01 1.535E-03
  3.347110E+01 1.356E-03
  3.481509E+01 1.198E-03
  3.620380E+01 1.058E-03
  3.763831E+01 9.344E-04
  3.911990E+01 8.251E-04
  4.064970E+01 7.285E-04
  4.222881E+01 6.431E-04
  4.385860E+01 5.676E-04
  4.554021E+01 5.010E-04
  4.727490E+01 4.421E-04
    3    2    0    7
     61     61
  2.778280E+00    0.0100
  2.083710E+00 1.151E+00
  2.313400E+00 8.794E-01
  2.776030E+00 5.890E-01
  2.924260E+00 5.246E-01
  3.080050E+00 4.672E-01
  3.243740E+00 4.160E-01
  3.415680E+00 3.704E-01
  3.596230E+00 3.297E-01
  3.785760E+00 2.934E-01
  3.984650E+00 2.611E-01
  4.193300E+00 2.323E-01
  4.412120E+00 2.067E-01
  4.641520E+00 1.838E-01
  4.881950E+00 1.635E-01
  5.133830E+00 1.454E-01
  5.397640E+00 1.292E-01
  5.673840E+00 1.149E-01
  5.962910E+00 1.021E-01
  6.265350E+00 9.069E-02
  6.581670E+00 8.057E-02
  6.912390E+00 7.157E-02
  7.258050E+00 6.356E-02
  7.619200E+00 5.644E-02
  7.996400E+00 5.010E-02
  8.390220E+00 4.447E-02
  8.801260E+00 3.947E-02
  9.230130E+00 3.502E-02
  9.677440E+00 3.107E-02
  1.014380E+01 2.756E-02
  1.062990E+01 2.445E-02
  1.113650E+01 2.168E-02
  1.166400E+01 1.922E-02
  1.221340E+01 1.704E-02
  1.278520E+01 1.510E-02
  1.338020E+01 1.338E-02
  1.399910E+01 1.186E-02
  1.464270E+01 1.051E-02
  1.531180E+01 9.305E-03
  1.600700E+01 8.241E-03
  1.672940E+01 7.298E-03
  1.747960E+01 6.461E-03
  1.825850E+01 5.720E-03
  1.906689E+01 5.063E-03
  1.990570E+01 4.480E-03
  2.077580E+01 3.964E-03
  2.167810E+01 3.507E-03
  2.261349E+01 3.103E-03
  2.358299E+01 2.744E-03
  2.458740E+01 2.427E-03
  2.562781E+01 2.146E-03
  2.670509E+01 1.897E-03
  2.782040E+01 1.677E-03
  2.897459E+01 1.482E-03
  3.016890E+01 1.310E-03
  3.140421E+01 1.158E-03
  3.268170E+01 1.023E-03
  3.400240E+01 9.036E-04
  3.536740E+01 7.982E-04
  3.677800E+01 7.050E-04
  3.823511E+01 6.225E-04
  3.974010E+01 5.497E-04
    3    2    0    8
     61     61
  2.250370E+00    0.0100
  1.687778E+00 1.354E+00
  1.785490E+00 1.136E+00
  2.248120E+00 6.874E-01
  2.369250E+00 6.125E-01
  2.496660E+00 5.457E-01
  2.630640E+00 4.861E-01
  2.771490E+00 4.330E-01
  2.919510E+00 3.856E-01
  3.075040E+00 3.434E-01
  3.238390E+00 3.057E-01
  3.409920E+00 2.721E-01
  3.589970E+00 2.422E-01
  3.778920E+00 2.155E-01
  3.977150E+00 1.918E-01
  4.185030E+00 1.706E-01
  4.402980E+00 1.517E-01
  4.631410E+00 1.350E-01
  4.870740E+00 1.200E-01
  5.121420E+00 1.067E-01
  5.383900E+00 9.484E-02
  5.658640E+00 8.429E-02
  5.946120E+00 7.490E-02
  6.246840E+00 6.655E-02
  6.561300E+00 5.912E-02
  6.890010E+00 5.251E-02
  7.233520E+00 4.663E-02
  7.592370E+00 4.140E-02
  7.967130E+00 3.676E-02
  8.358360E+00 3.263E-02
  8.766660E+00 2.896E-02
  9.192630E+00 2.569E-02
  9.636910E+00 2.280E-02
  1.010010E+01 2.022E-02
  1.058290E+01 1.793E-02
  1.108590E+01 1.590E-02
  1.160990E+01 1.410E-02
  1.215550E+01 1.250E-02
  1.272350E+01 1.108E-02
  1.331450E+01 9.821E-03
  1.392930E+01 8.702E-03
  1.456880E+01 7.710E-03
  1.523360E+01 6.830E-03
  1.592450E+01 6.050E-03
  1.664250E+01 5.358E-03
  1.738831E+01 4.744E-03
  1.816270E+01 4.200E-03
  1.896660E+01 3.718E-03
  1.980099E+01 3.291E-03
  2.066670E+01 2.912E-03
  2.156461E+01 2.577E-03
  2.249570E+01 2.280E-03
  2.346100E+01 2.017E-03
  2.446140E+01 1.784E-03
  2.549789E+01 1.578E-03
  2.657150E+01 1.395E-03
  2.768330E+01 1.234E-03
  2.883440E+01 1.091E-03
  3.002570E+01 9.640E-04
  3.125850E+01 8.520E-04
  3.253380E+01 7.529E-04
  3.385271E+01 6.653E-04
    1    1    1    1
     25     60
  5.599181E+01    0.0100
  5.413229E+01 6.562E-02
  5.459720E+01 6.391E-02
  5.506200E+01 6.226E-02
  5.552690E+01 6.067E-02
  5.598950E+01 5.914E-02
  5.820039E+01 5.239E-02
  6.050050E+01 4.640E-02
  6.289220E+01 4.109E-02
  6.537790E+01 3.637E-02
  6.795990E+01 3.219E-02
  7.064050E+01 2.847E-02
  7.342191E+01 2.518E-02
  7.630600E+01 2.226E-02
  7.929500E+01 1.968E-02
  8.239070E+01 1.738E-02
  8.559489E+01 1.535E-02
  8.890939E+01 1.356E-02
  9.233569E+01 1.197E-02
  9.587540E+01 1.056E-02
  9.952980E+01 9.314E-03
  1.033000E+02 8.213E-03
  1.071880E+02 7.241E-03
  1.111940E+02 6.381E-03
  1.153200E+02 5.622E-03
  1.195660E+02 4.951E-03
  1.240347E+02 4.382E-03
  1.286479E+02 3.860E-03
  1.334097E+02 3.399E-03
  1.383242E+02 2.994E-03
  1.433957E+02 2.637E-03
  1.486286E+02 2.322E-03
  1.540273E+02 2.044E-03
  1.595965E+02 1.800E-03
  1.653407E+02 1.585E-03
  1.712648E+02 1.396E-03
  1.773740E+02 1.229E-03
  1.836730E+02 1.082E-03
  1.901671E+02 9.522E-04
  1.968617E+02 8.382E-04
  2.037621E+02 7.378E-04
  2.108740E+02 6.494E-04
  2.182029E+02 5.716E-04
  2.257545E+02 5.031E-04
  2.335351E+02 4.427E-04
  2.415507E+02 3.896E-04
  2.498075E+02 3.429E-04
  2.583115E+02 3.017E-04
  2.670701E+02 2.655E-04
  2.760894E+02 2.336E-04
  2.853762E+02 2.055E-04
  2.949380E+02 1.808E-04
  3.047815E+02 1.591E-04
  3.149143E+02 1.400E-04
  3.253435E+02 1.231E-04
  3.360771E+02 1.083E-04
  3.471233E+02 9.529E-05
  3.584895E+02 8.382E-05
  3.701843E+02 7.373E-05
  3.822156E+02 6.485E-05
  3.945928E+02 5.703E-05
    1    1    1    2
     33     61
  2.493750E+01    0.0100
  2.307800E+01 1.398E-01
  2.354289E+01 1.332E-01
  2.400780E+01 1.270E-01
  2.447270E+01 1.212E-01
  2.493530E+01 1.158E-01
  2.617509E+01 1.027E-01
  2.746750E+01 9.111E-02
  2.881419E+01 8.080E-02
  3.021690E+01 7.165E-02
  3.167770E+01 6.352E-02
  3.319839E+01 5.630E-02
  3.478101E+01 4.990E-02
  3.642740E+01 4.422E-02
  3.813989E+01 3.918E-02
  3.992039E+01 3.471E-02
  4.177110E+01 3.075E-02
  4.369431E+01 2.723E-02
  4.569220E+01 2.412E-02
  4.776720E+01 2.135E-02
  4.992160E+01 1.890E-02
  5.215790E+01 1.673E-02
  5.447850E+01 1.481E-02
  5.688589E+01 1.311E-02
  5.938290E+01 1.160E-02
  6.197189E+01 1.026E-02
  6.465581E+01 9.078E-03
  6.743739E+01 8.030E-03
  7.031931E+01 7.102E-03
  7.330470E+01 6.281E-03
  7.639630E+01 5.553E-03
  7.959731E+01 4.910E-03
  8.291071E+01 4.340E-03
  8.633960E+01 3.837E-03
  8.997127E+01 3.391E-03
  9.373322E+01 2.991E-03
  9.762938E+01 2.638E-03
  1.016639E+02 2.326E-03
  1.058410E+02 2.051E-03
  1.101652E+02 1.809E-03
  1.146408E+02 1.595E-03
  1.192724E+02 1.406E-03
  1.240646E+02 1.240E-03
  1.290224E+02 1.093E-03
  1.341507E+02 9.632E-04
  1.394545E+02 8.490E-04
  1.449389E+02 7.483E-04
  1.506095E+02 6.595E-04
  1.564716E+02 5.813E-04
  1.625310E+02 5.122E-04
  1.687934E+02 4.514E-04
  1.752646E+02 3.977E-04
  1.819508E+02 3.504E-04
  1.888581E+02 3.088E-04
  1.959930E+02 2.720E-04
  2.033619E+02 2.396E-04
  2.109716E+02 2.111E-04
  2.188289E+02 1.860E-04
  2.269410E+02 1.638E-04
  2.353150E+02 1.443E-04
  2.439584E+02 1.271E-04
  2.528788E+02 1.119E-04
    1    1    1    3
     41     62
  1.403810E+01    0.0100
  1.217860E+01 2.421E-01
  1.264340E+01 2.228E-01
  1.310830E+01 2.055E-01
  1.357320E+01 1.901E-01
  1.403580E+01 1.763E-01
  1.478040E+01 1.568E-01
  1.556020E+01 1.394E-01
  1.637660E+01 1.239E-01
  1.723100E+01 1.101E-01
  1.812480E+01 9.780E-02
  1.905969E+01 8.689E-02
  2.003700E+01 7.718E-02
  2.105850E+01 6.854E-02
  2.212570E+01 6.086E-02
  2.324040E+01 5.404E-02
  2.440421E+01 4.797E-02
  2.561890E+01 4.257E-02
  2.688631E+01 3.778E-02
  2.820830E+01 3.352E-02
  2.958690E+01 2.974E-02
  3.102380E+01 2.638E-02
  3.252130E+01 2.339E-02
  3.408130E+01 2.074E-02
  3.570590E+01 1.839E-02
  3.739740E+01 1.630E-02
  3.915781E+01 1.445E-02
  4.098959E+01 1.281E-02
  4.289490E+01 1.135E-02
  4.487630E+01 1.005E-02
  4.693610E+01 8.907E-03
  4.907680E+01 7.889E-03
  5.130099E+01 6.986E-03
  5.361121E+01 6.186E-03
  5.601030E+01 5.477E-03
  5.850079E+01 4.849E-03
  6.108560E+01 4.292E-03
  6.376750E+01 3.799E-03
  6.654939E+01 3.361E-03
  6.943440E+01 2.974E-03
  7.242551E+01 2.631E-03
  7.552580E+01 2.328E-03
  7.883321E+01 2.067E-03
  8.226726E+01 1.825E-03
  8.583223E+01 1.611E-03
  8.953247E+01 1.422E-03
  9.337245E+01 1.256E-03
  9.735689E+01 1.108E-03
  1.014905E+02 9.784E-04
  1.057783E+02 8.635E-04
  1.102254E+02 7.621E-04
  1.148368E+02 6.726E-04
  1.196182E+02 5.935E-04
  1.245748E+02 5.237E-04
  1.297125E+02 4.621E-04
  1.350370E+02 4.077E-04
  1.405544E+02 3.597E-04
  1.462710E+02 3.173E-04
  1.521930E+02 2.799E-04
  1.583271E+02 2.469E-04
  1.646798E+02 2.178E-04
  1.712583E+02 1.921E-04
  1.780696E+02 1.694E-04
    1    1    1    4
     48     63
  8.988140E+00    0.0100
  7.128630E+00 3.995E-01
  7.593510E+00 3.489E-01
  8.058380E+00 3.070E-01
  8.523260E+00 2.719E-01
  8.985890E+00 2.423E-01
  9.469090E+00 2.158E-01
  9.976910E+00 1.922E-01
  1.051050E+01 1.711E-01
  1.107080E+01 1.523E-01
  1.165920E+01 1.356E-01
  1.227670E+01 1.207E-01
  1.292480E+01 1.074E-01
  1.360450E+01 9.553E-02
  1.431720E+01 8.497E-02
  1.506430E+01 7.557E-02
  1.584710E+01 6.720E-02
  1.666721E+01 5.974E-02
  1.752589E+01 5.311E-02
  1.842470E+01 4.720E-02
  1.936530E+01 4.194E-02
  2.034930E+01 3.726E-02
  2.137820E+01 3.310E-02
  2.245370E+01 2.940E-02
  2.357761E+01 2.611E-02
  2.475160E+01 2.318E-02
  2.597760E+01 2.058E-02
  2.725729E+01 1.826E-02
  2.859280E+01 1.621E-02
  2.998590E+01 1.438E-02
  3.143871E+01 1.276E-02
  3.295309E+01 1.132E-02
  3.453130E+01 1.003E-02
  3.617540E+01 8.898E-03
  3.788750E+01 7.888E-03
  3.967000E+01 6.992E-03
  4.152499E+01 6.197E-03
  4.345500E+01 5.491E-03
  4.546220E+01 4.865E-03
  4.754919E+01 4.310E-03
  4.971831E+01 3.817E-03
  5.197220E+01 3.380E-03
  5.431329E+01 2.993E-03
  5.674440E+01 2.650E-03
  5.926820E+01 2.346E-03
  6.188721E+01 2.076E-03
  6.460440E+01 1.837E-03
  6.742270E+01 1.626E-03
  7.034480E+01 1.438E-03
  7.349701E+01 1.290E-03
  7.677551E+01 1.140E-03
  8.018491E+01 1.007E-03
  8.372978E+01 8.897E-04
  8.741505E+01 7.860E-04
  9.124564E+01 6.944E-04
  9.522675E+01 6.135E-04
  9.936372E+01 5.419E-04
  1.036620E+02 4.786E-04
  1.081273E+02 4.228E-04
  1.127655E+02 3.734E-04
  1.175824E+02 3.297E-04
  1.225844E+02 2.912E-04
  1.277778E+02 2.571E-04
  1.331694E+02 2.271E-04
    1    1    1    5
     55     64
  6.243290E+00    0.0100
  4.682467E+00 5.839E-01
  4.848670E+00 5.384E-01
  5.313540E+00 4.433E-01
  5.778420E+00 3.706E-01
  6.241040E+00 3.140E-01
  6.578210E+00 2.799E-01
  6.933140E+00 2.495E-01
  7.306680E+00 2.224E-01
  7.699710E+00 1.981E-01
  8.113130E+00 1.765E-01
  8.547890E+00 1.573E-01
  9.004960E+00 1.401E-01
  9.485350E+00 1.248E-01
  9.990110E+00 1.111E-01
  1.052030E+01 9.891E-02
  1.107710E+01 8.805E-02
  1.166160E+01 7.837E-02
  1.227500E+01 6.974E-02
  1.291860E+01 6.205E-02
  1.359350E+01 5.520E-02
  1.430120E+01 4.910E-02
  1.504300E+01 4.367E-02
  1.582020E+01 3.883E-02
  1.663429E+01 3.453E-02
  1.748680E+01 3.069E-02
  1.837920E+01 2.728E-02
  1.931290E+01 2.424E-02
  2.028970E+01 2.154E-02
  2.131120E+01 1.913E-02
  2.237900E+01 1.699E-02
  2.349500E+01 1.509E-02
  2.466080E+01 1.340E-02
  2.587830E+01 1.190E-02
  2.714931E+01 1.056E-02
  2.847580E+01 9.371E-03
  2.985980E+01 8.316E-03
  3.130330E+01 7.378E-03
  3.280820E+01 6.544E-03
  3.437680E+01 5.804E-03
  3.601120E+01 5.147E-03
  3.771350E+01 4.564E-03
  3.948610E+01 4.046E-03
  4.133130E+01 3.586E-03
  4.325140E+01 3.178E-03
  4.524890E+01 2.816E-03
  4.732620E+01 2.495E-03
  4.948579E+01 2.210E-03
  5.173030E+01 1.958E-03
  5.406239E+01 1.734E-03
  5.648470E+01 1.535E-03
  5.900000E+01 1.359E-03
  6.161099E+01 1.203E-03
  6.432060E+01 1.065E-03
  6.713190E+01 9.422E-04
  7.004761E+01 8.337E-04
  7.322052E+01 7.547E-04
  7.652405E+01 6.672E-04
  7.996313E+01 5.898E-04
  8.354274E+01 5.214E-04
  8.726819E+01 4.609E-04
  9.114491E+01 4.074E-04
  9.517842E+01 3.601E-04
  9.937451E+01 3.183E-04
  1.037393E+02 2.813E-04
    1    1    1    6
     59     63
  4.587660E+00    0.0100
  3.440744E+00 7.319E-01
  3.657900E+00 6.338E-01
  4.122780E+00 4.916E-01
  4.585400E+00 3.916E-01
  4.832760E+00 3.493E-01
  5.093400E+00 3.115E-01
  5.367970E+00 2.778E-01
  5.657170E+00 2.477E-01
  5.961720E+00 2.208E-01
  6.282350E+00 1.968E-01
  6.619860E+00 1.754E-01
  6.975030E+00 1.564E-01
  7.348720E+00 1.393E-01
  7.741790E+00 1.241E-01
  8.155130E+00 1.106E-01
  8.589700E+00 9.851E-02
  9.046450E+00 8.774E-02
  9.526390E+00 7.813E-02
  1.003060E+01 6.957E-02
  1.056000E+01 6.193E-02
  1.111590E+01 5.513E-02
  1.169940E+01 4.906E-02
  1.231160E+01 4.366E-02
  1.295370E+01 3.885E-02
  1.362720E+01 3.456E-02
  1.433310E+01 3.074E-02
  1.507300E+01 2.734E-02
  1.584820E+01 2.431E-02
  1.666010E+01 2.161E-02
  1.751019E+01 1.921E-02
  1.839990E+01 1.707E-02
  1.933099E+01 1.517E-02
  2.030490E+01 1.348E-02
  2.132330E+01 1.198E-02
  2.238800E+01 1.064E-02
  2.350060E+01 9.447E-03
  2.466290E+01 8.389E-03
  2.587691E+01 7.447E-03
  2.714430E+01 6.611E-03
  2.846710E+01 5.867E-03
  2.984731E+01 5.207E-03
  3.128690E+01 4.620E-03
  3.278799E+01 4.098E-03
  3.435280E+01 3.635E-03
  3.598340E+01 3.224E-03
  3.768201E+01 2.859E-03
  3.945100E+01 2.535E-03
  4.129280E+01 2.247E-03
  4.320959E+01 1.991E-03
  4.520410E+01 1.765E-03
  4.727859E+01 1.564E-03
  4.943570E+01 1.385E-03
  5.167821E+01 1.227E-03
  5.400861E+01 1.087E-03
  5.642970E+01 9.625E-04
  5.894440E+01 8.522E-04
  6.155540E+01 7.545E-04
  6.426579E+01 6.679E-04
  6.707840E+01 5.911E-04
  7.016069E+01 5.393E-04
  7.337338E+01 4.770E-04
  7.672154E+01 4.220E-04
  8.021042E+01 3.732E-04
    1    1    1    7
     62     62
  3.512840E+00    0.0100
  2.634630E+00 8.820E-01
  3.047960E+00 6.421E-01
  3.510590E+00 4.748E-01
  3.699210E+00 4.236E-01
  3.898070E+00 3.779E-01
  4.107690E+00 3.371E-01
  4.328620E+00 3.007E-01
  4.561430E+00 2.682E-01
  4.806730E+00 2.392E-01
  5.065130E+00 2.133E-01
  5.337290E+00 1.902E-01
  5.623890E+00 1.696E-01
  5.925630E+00 1.512E-01
  6.243250E+00 1.347E-01
  6.577500E+00 1.201E-01
  6.929190E+00 1.070E-01
  7.299140E+00 9.536E-02
  7.688210E+00 8.496E-02
  8.097280E+00 7.568E-02
  8.527280E+00 6.741E-02
  8.979160E+00 6.003E-02
  9.453910E+00 5.346E-02
  9.952570E+00 4.760E-02
  1.047620E+01 4.237E-02
  1.102590E+01 3.772E-02
  1.160280E+01 3.357E-02
  1.220800E+01 2.987E-02
  1.284290E+01 2.657E-02
  1.350860E+01 2.364E-02
  1.420640E+01 2.103E-02
  1.493770E+01 1.870E-02
  1.570390E+01 1.663E-02
  1.650630E+01 1.478E-02
  1.734650E+01 1.314E-02
  1.822600E+01 1.168E-02
  1.914619E+01 1.038E-02
  2.010880E+01 9.223E-03
  2.111549E+01 8.194E-03
  2.216789E+01 7.278E-03
  2.326770E+01 6.464E-03
  2.441690E+01 5.740E-03
  2.561710E+01 5.097E-03
  2.687030E+01 4.524E-03
  2.817841E+01 4.016E-03
  2.954340E+01 3.564E-03
  3.096741E+01 3.162E-03
  3.245239E+01 2.806E-03
  3.400060E+01 2.489E-03
  3.561411E+01 2.207E-03
  3.729530E+01 1.958E-03
  3.904649E+01 1.736E-03
  4.086990E+01 1.539E-03
  4.276810E+01 1.364E-03
  4.474339E+01 1.209E-03
  4.679849E+01 1.071E-03
  4.893600E+01 9.493E-04
  5.115840E+01 8.410E-04
  5.346860E+01 7.450E-04
  5.586920E+01 6.598E-04
  5.836320E+01 5.843E-04
  6.095340E+01 5.173E-04
  6.364270E+01 4.580E-04
    1    1    1    8
     62     62
  2.775830E+00    0.0100
  2.081872E+00 1.083E+00
  2.310950E+00 8.325E-01
  2.773580E+00 5.637E-01
  2.921810E+00 5.030E-01
  3.078130E+00 4.489E-01
  3.242960E+00 4.005E-01
  3.416760E+00 3.574E-01
  3.599990E+00 3.188E-01
  3.793130E+00 2.844E-01
  3.996700E+00 2.537E-01
  4.211220E+00 2.263E-01
  4.437250E+00 2.018E-01
  4.675380E+00 1.800E-01
  4.926200E+00 1.605E-01
  5.190350E+00 1.431E-01
  5.468480E+00 1.276E-01
  5.761280E+00 1.137E-01
  6.069460E+00 1.014E-01
  6.393770E+00 9.034E-02
  6.734970E+00 8.051E-02
  7.093860E+00 7.174E-02
  7.471290E+00 6.391E-02
  7.868110E+00 5.694E-02
  8.285210E+00 5.071E-02
  8.723540E+00 4.516E-02
  9.184050E+00 4.022E-02
  9.667760E+00 3.581E-02
  1.017570E+01 3.188E-02
  1.070890E+01 2.838E-02
  1.126850E+01 2.526E-02
  1.185570E+01 2.247E-02
  1.247160E+01 2.000E-02
  1.311750E+01 1.779E-02
  1.379460E+01 1.582E-02
  1.450430E+01 1.407E-02
  1.524790E+01 1.252E-02
  1.602670E+01 1.113E-02
  1.684230E+01 9.893E-03
  1.769611E+01 8.794E-03
  1.858971E+01 7.816E-03
  1.952451E+01 6.945E-03
  2.050230E+01 6.171E-03
  2.152460E+01 5.482E-03
  2.259331E+01 4.869E-03
  2.371010E+01 4.324E-03
  2.487669E+01 3.840E-03
  2.609509E+01 3.409E-03
  2.736710E+01 3.026E-03
  2.869479E+01 2.686E-03
  3.008009E+01 2.384E-03
  3.152521E+01 2.115E-03
  3.303210E+01 1.877E-03
  3.460310E+01 1.665E-03
  3.624030E+01 1.476E-03
  3.794620E+01 1.309E-03
  3.972290E+01 1.161E-03
  4.157300E+01 1.029E-03
  4.349890E+01 9.124E-04
  4.550320E+01 8.087E-04
  4.758830E+01 7.166E-04
  4.975710E+01 6.350E-04
  5.201221E+01 5.626E-04
    1    1    1    9
     63     63
  2.248580E+00    0.0100
  1.686435E+00 1.280E+00
  1.783700E+00 1.078E+00
  2.246330E+00 6.579E-01
  2.365690E+00 5.872E-01
  2.491590E+00 5.240E-01
  2.624370E+00 4.677E-01
  2.764400E+00 4.173E-01
  2.912070E+00 3.724E-01
  3.067770E+00 3.323E-01
  3.231940E+00 2.965E-01
  3.405000E+00 2.645E-01
  3.587420E+00 2.360E-01
  3.779690E+00 2.105E-01
  3.982300E+00 1.877E-01
  4.195780E+00 1.674E-01
  4.420690E+00 1.493E-01
  4.657600E+00 1.332E-01
  4.907090E+00 1.187E-01
  5.169810E+00 1.059E-01
  5.446400E+00 9.437E-02
  5.737530E+00 8.412E-02
  6.043920E+00 7.498E-02
  6.366290E+00 6.682E-02
  6.705420E+00 5.954E-02
  7.062090E+00 5.305E-02
  7.437120E+00 4.726E-02
  7.831380E+00 4.210E-02
  8.245760E+00 3.750E-02
  8.681170E+00 3.339E-02
  9.138580E+00 2.974E-02
  9.618970E+00 2.648E-02
  1.012340E+01 2.357E-02
  1.065290E+01 2.098E-02
  1.120850E+01 1.867E-02
  1.179150E+01 1.662E-02
  1.240300E+01 1.478E-02
  1.304420E+01 1.315E-02
  1.371640E+01 1.170E-02
  1.442090E+01 1.040E-02
  1.515900E+01 9.252E-03
  1.593210E+01 8.227E-03
  1.674159E+01 7.314E-03
  1.758910E+01 6.501E-03
  1.847600E+01 5.778E-03
  1.940390E+01 5.134E-03
  2.037450E+01 4.562E-03
  2.138930E+01 4.053E-03
  2.245010E+01 3.600E-03
  2.355870E+01 3.197E-03
  2.471690E+01 2.839E-03
  2.592650E+01 2.521E-03
  2.718941E+01 2.238E-03
  2.850771E+01 1.986E-03
  2.988341E+01 1.763E-03
  3.131841E+01 1.564E-03
  3.281500E+01 1.388E-03
  3.437540E+01 1.231E-03
  3.600180E+01 1.092E-03
  3.769640E+01 9.686E-04
  3.946170E+01 8.589E-04
  4.130009E+01 7.615E-04
  4.321410E+01 6.751E-04
  4.520621E+01 5.984E-04
    3    1    1    1
     24     61
  5.692380E+01    0.0100
  5.506430E+01 6.867E-02
  5.552910E+01 6.696E-02
  5.599400E+01 6.530E-02
  5.645889E+01 6.370E-02
  5.692149E+01 6.215E-02
  5.926109E+01 5.501E-02
  6.168781E+01 4.870E-02
  6.420461E+01 4.310E-02
  6.681450E+01 3.815E-02
  6.952071E+01 3.376E-02
  7.232629E+01 2.987E-02
  7.523480E+01 2.644E-02
  7.824940E+01 2.339E-02
  8.137379E+01 2.070E-02
  8.461160E+01 1.831E-02
  8.796660E+01 1.620E-02
  9.144250E+01 1.433E-02
  9.504340E+01 1.268E-02
  9.877341E+01 1.121E-02
  1.026370E+02 9.919E-03
  1.066370E+02 8.773E-03
  1.107810E+02 7.759E-03
  1.150700E+02 6.862E-03
  1.195110E+02 6.068E-03
  1.241977E+02 5.353E-03
  1.290518E+02 4.723E-03
  1.340786E+02 4.166E-03
  1.392839E+02 3.675E-03
  1.446734E+02 3.241E-03
  1.502529E+02 2.859E-03
  1.560288E+02 2.522E-03
  1.620071E+02 2.224E-03
  1.681945E+02 1.961E-03
  1.745977E+02 1.730E-03
  1.812235E+02 1.525E-03
  1.880789E+02 1.345E-03
  1.951712E+02 1.186E-03
  2.025081E+02 1.046E-03
  2.100973E+02 9.220E-04
  2.179465E+02 8.129E-04
  2.260641E+02 7.167E-04
  2.344585E+02 6.318E-04
  2.431381E+02 5.570E-04
  2.521120E+02 4.910E-04
  2.613892E+02 4.328E-04
  2.709792E+02 3.815E-04
  2.808918E+02 3.363E-04
  2.911370E+02 2.964E-04
  3.017246E+02 2.613E-04
  3.126653E+02 2.303E-04
  3.239700E+02 2.029E-04
  3.356501E+02 1.788E-04
  3.477166E+02 1.576E-04
  3.601814E+02 1.389E-04
  3.730569E+02 1.224E-04
  3.863555E+02 1.078E-04
  4.000894E+02 9.502E-05
  4.142720E+02 8.372E-05
  4.289167E+02 7.377E-05
  4.440381E+02 6.499E-05
  4.596497E+02 5.726E-05
    3    1    1    2
     33     61
  2.519090E+01    0.0100
  2.333141E+01 1.412E-01
  2.379630E+01 1.348E-01
  2.426120E+01 1.287E-01
  2.472600E+01 1.230E-01
  2.518871E+01 1.176E-01
  2.647200E+01 1.043E-01
  2.780881E+01 9.251E-02
  2.920090E+01 8.203E-02
  3.065050E+01 7.274E-02
  3.215950E+01 6.449E-02
  3.373000E+01 5.717E-02
  3.536430E+01 5.068E-02
  3.706450E+01 4.492E-02
  3.883290E+01 3.981E-02
  4.067200E+01 3.528E-02
  4.258420E+01 3.126E-02
  4.457210E+01 2.770E-02
  4.663820E+01 2.454E-02
  4.878520E+01 2.174E-02
  5.101601E+01 1.926E-02
  5.333350E+01 1.706E-02
  5.574049E+01 1.511E-02
  5.824010E+01 1.338E-02
  6.083540E+01 1.185E-02
  6.352980E+01 1.049E-02
  6.632651E+01 9.288E-03
  6.922900E+01 8.223E-03
  7.224091E+01 7.280E-03
  7.536571E+01 6.444E-03
  7.860730E+01 5.704E-03
  8.196960E+01 5.049E-03
  8.545650E+01 4.468E-03
  8.907210E+01 3.954E-03
  9.289566E+01 3.486E-03
  9.686031E+01 3.076E-03
  1.009706E+02 2.714E-03
  1.052311E+02 2.395E-03
  1.096465E+02 2.113E-03
  1.142219E+02 1.864E-03
  1.189622E+02 1.644E-03
  1.238725E+02 1.450E-03
  1.289582E+02 1.279E-03
  1.342248E+02 1.128E-03
  1.396779E+02 9.947E-04
  1.453230E+02 8.772E-04
  1.511664E+02 7.735E-04
  1.572140E+02 6.820E-04
  1.634720E+02 6.013E-04
  1.699468E+02 5.302E-04
  1.766450E+02 4.674E-04
  1.835733E+02 4.120E-04
  1.907386E+02 3.632E-04
  1.981483E+02 3.201E-04
  2.058093E+02 2.822E-04
  2.137294E+02 2.487E-04
  2.219162E+02 2.192E-04
  2.303775E+02 1.931E-04
  2.391215E+02 1.702E-04
  2.481564E+02 1.500E-04
  2.574907E+02 1.321E-04
  2.671335E+02 1.164E-04
    3    1    1    3
     41     62
  1.414180E+01    0.0100
  1.228230E+01 2.412E-01
  1.274720E+01 2.224E-01
  1.321210E+01 2.056E-01
  1.367700E+01 1.905E-01
  1.413960E+01 1.770E-01
  1.490380E+01 1.574E-01
  1.570390E+01 1.399E-01
  1.654160E+01 1.244E-01
  1.741820E+01 1.105E-01
  1.833530E+01 9.821E-02
  1.929440E+01 8.726E-02
  2.029720E+01 7.751E-02
  2.134540E+01 6.885E-02
  2.244070E+01 6.115E-02
  2.358479E+01 5.430E-02
  2.477969E+01 4.821E-02
  2.602721E+01 4.280E-02
  2.732919E+01 3.799E-02
  2.868790E+01 3.372E-02
  3.010519E+01 2.992E-02
  3.158321E+01 2.655E-02
  3.312430E+01 2.355E-02
  3.473061E+01 2.089E-02
  3.640450E+01 1.853E-02
  3.814841E+01 1.644E-02
  3.996480E+01 1.457E-02
  4.185609E+01 1.292E-02
  4.382510E+01 1.146E-02
  4.587430E+01 1.015E-02
  4.800661E+01 9.001E-03
  5.022479E+01 7.977E-03
  5.253180E+01 7.069E-03
  5.493060E+01 6.263E-03
  5.742430E+01 5.549E-03
  6.001601E+01 4.915E-03
  6.270911E+01 4.354E-03
  6.550681E+01 3.856E-03
  6.841260E+01 3.415E-03
  7.142999E+01 3.024E-03
  7.456270E+01 2.677E-03
  7.781430E+01 2.370E-03
  8.127609E+01 2.099E-03
  8.487320E+01 1.854E-03
  8.861023E+01 1.638E-03
  9.249194E+01 1.446E-03
  9.652338E+01 1.277E-03
  1.007096E+02 1.128E-03
  1.050558E+02 9.957E-04
  1.095675E+02 8.791E-04
  1.142502E+02 7.761E-04
  1.191098E+02 6.851E-04
  1.241520E+02 6.048E-04
  1.293831E+02 5.338E-04
  1.348093E+02 4.712E-04
  1.404369E+02 4.159E-04
  1.462729E+02 3.670E-04
  1.523238E+02 3.239E-04
  1.585968E+02 2.858E-04
  1.650992E+02 2.522E-04
  1.718385E+02 2.225E-04
  1.788224E+02 1.963E-04
  1.860587E+02 1.732E-04
    3    1    1    4
     48     63
  9.040540E+00    0.0100
  7.181030E+00 3.946E-01
  7.645910E+00 3.456E-01
  8.110790E+00 3.048E-01
  8.575660E+00 2.706E-01
  9.038290E+00 2.417E-01
  9.531900E+00 2.153E-01
  1.005070E+01 1.917E-01
  1.059580E+01 1.707E-01
  1.116840E+01 1.520E-01
  1.176960E+01 1.353E-01
  1.240070E+01 1.204E-01
  1.306300E+01 1.072E-01
  1.375780E+01 9.535E-02
  1.448650E+01 8.483E-02
  1.525050E+01 7.545E-02
  1.605119E+01 6.711E-02
  1.689011E+01 5.967E-02
  1.776891E+01 5.305E-02
  1.868890E+01 4.716E-02
  1.965210E+01 4.192E-02
  2.065990E+01 3.725E-02
  2.171410E+01 3.310E-02
  2.281670E+01 2.940E-02
  2.396919E+01 2.612E-02
  2.517380E+01 2.320E-02
  2.643230E+01 2.060E-02
  2.774680E+01 1.829E-02
  2.911920E+01 1.624E-02
  3.055170E+01 1.441E-02
  3.204649E+01 1.279E-02
  3.360590E+01 1.135E-02
  3.523199E+01 1.007E-02
  3.692731E+01 8.931E-03
  3.869411E+01 7.921E-03
  4.053500E+01 7.025E-03
  4.245239E+01 6.229E-03
  4.444901E+01 5.522E-03
  4.652740E+01 4.895E-03
  4.869031E+01 4.338E-03
  5.094070E+01 3.845E-03
  5.328120E+01 3.407E-03
  5.571490E+01 3.018E-03
  5.824471E+01 2.674E-03
  6.087379E+01 2.368E-03
  6.360519E+01 2.097E-03
  6.644220E+01 1.857E-03
  6.938811E+01 1.644E-03
  7.244620E+01 1.456E-03
  7.573746E+01 1.302E-03
  7.916292E+01 1.151E-03
  8.272746E+01 1.017E-03
  8.643619E+01 8.987E-04
  9.029428E+01 7.943E-04
  9.430724E+01 7.019E-04
  9.848059E+01 6.202E-04
  1.028202E+02 5.480E-04
  1.073320E+02 4.842E-04
  1.120222E+02 4.278E-04
  1.168971E+02 3.779E-04
  1.219633E+02 3.339E-04
  1.272276E+02 2.949E-04
  1.326971E+02 2.605E-04
  1.383788E+02 2.301E-04
    3    1    1    5
     54     64
  6.273390E+00    0.0100
  4.705042E+00 5.760E-01
  4.878760E+00 5.301E-01
  5.343630E+00 4.379E-01
  5.808510E+00 3.672E-01
  6.271140E+00 3.119E-01
  6.614680E+00 2.781E-01
  6.976360E+00 2.479E-01
  7.357060E+00 2.209E-01
  7.757660E+00 1.969E-01
  8.179100E+00 1.754E-01
  8.622350E+00 1.563E-01
  9.088420E+00 1.392E-01
  9.578330E+00 1.240E-01
  1.009320E+01 1.104E-01
  1.063410E+01 9.833E-02
  1.120220E+01 8.754E-02
  1.179870E+01 7.793E-02
  1.242490E+01 6.936E-02
  1.308190E+01 6.173E-02
  1.377120E+01 5.492E-02
  1.449420E+01 4.886E-02
  1.525210E+01 4.346E-02
  1.604660E+01 3.866E-02
  1.687900E+01 3.438E-02
  1.775101E+01 3.057E-02
  1.866409E+01 2.717E-02
  1.962000E+01 2.415E-02
  2.062041E+01 2.147E-02
  2.166701E+01 1.907E-02
  2.276170E+01 1.695E-02
  2.390630E+01 1.505E-02
  2.510260E+01 1.337E-02
  2.635280E+01 1.188E-02
  2.765871E+01 1.054E-02
  2.902240E+01 9.361E-03
  3.044620E+01 8.310E-03
  3.193210E+01 7.375E-03
  3.348250E+01 6.545E-03
  3.509950E+01 5.807E-03
  3.678571E+01 5.152E-03
  3.854340E+01 4.570E-03
  4.037520E+01 4.053E-03
  4.228349E+01 3.594E-03
  4.427100E+01 3.187E-03
  4.634039E+01 2.825E-03
  4.849451E+01 2.504E-03
  5.073599E+01 2.220E-03
  5.306790E+01 1.967E-03
  5.549319E+01 1.743E-03
  5.801469E+01 1.544E-03
  6.063580E+01 1.368E-03
  6.335950E+01 1.211E-03
  6.618900E+01 1.073E-03
  6.912781E+01 9.499E-04
  7.231552E+01 8.560E-04
  7.563734E+01 7.571E-04
  7.909834E+01 6.696E-04
  8.270389E+01 5.921E-04
  8.645944E+01 5.236E-04
  9.037079E+01 4.630E-04
  9.444377E+01 4.094E-04
  9.868452E+01 3.619E-04
  1.030994E+02 3.200E-04
  1.076949E+02 2.829E-04
    3    1    1    6
     58     63
  4.606520E+00    0.0100
  3.454889E+00 7.204E-01
  3.676760E+00 6.235E-01
  4.141640E+00 4.854E-01
  4.604270E+00 3.879E-01
  4.855810E+00 3.460E-01
  5.120880E+00 3.086E-01
  5.400180E+00 2.752E-01
  5.694390E+00 2.454E-01
  6.004260E+00 2.188E-01
  6.330540E+00 1.951E-01
  6.674040E+00 1.739E-01
  7.035570E+00 1.550E-01
  7.416010E+00 1.381E-01
  7.816230E+00 1.231E-01
  8.237180E+00 1.096E-01
  8.679810E+00 9.768E-02
  9.145120E+00 8.701E-02
  9.634150E+00 7.749E-02
  1.014800E+01 6.901E-02
  1.068770E+01 6.144E-02
  1.125450E+01 5.470E-02
  1.184960E+01 4.869E-02
  1.247420E+01 4.334E-02
  1.312950E+01 3.857E-02
  1.381700E+01 3.432E-02
  1.453790E+01 3.053E-02
  1.529370E+01 2.716E-02
  1.608580E+01 2.415E-02
  1.691580E+01 2.148E-02
  1.778520E+01 1.910E-02
  1.869569E+01 1.698E-02
  1.964880E+01 1.509E-02
  2.064619E+01 1.341E-02
  2.168980E+01 1.192E-02
  2.278140E+01 1.059E-02
  2.392270E+01 9.408E-03
  2.511580E+01 8.357E-03
  2.636259E+01 7.422E-03
  2.766510E+01 6.590E-03
  2.902541E+01 5.851E-03
  3.044580E+01 5.194E-03
  3.192830E+01 4.611E-03
  3.347530E+01 4.092E-03
  3.508900E+01 3.631E-03
  3.677200E+01 3.222E-03
  3.852660E+01 2.858E-03
  4.035530E+01 2.535E-03
  4.226080E+01 2.248E-03
  4.424580E+01 1.993E-03
  4.631281E+01 1.767E-03
  4.846480E+01 1.567E-03
  5.070450E+01 1.389E-03
  5.303500E+01 1.231E-03
  5.545930E+01 1.091E-03
  5.798030E+01 9.664E-04
  6.060130E+01 8.561E-04
  6.332550E+01 7.584E-04
  6.615620E+01 6.717E-04
  6.924730E+01 6.097E-04
  7.247177E+01 5.395E-04
  7.583493E+01 4.774E-04
  7.934230E+01 4.224E-04
  8.299959E+01 3.737E-04
    3    1    1    7
     62     62
  3.525440E+00    0.0100
  2.644080E+00 8.667E-01
  3.060560E+00 6.323E-01
  3.523190E+00 4.693E-01
  3.714730E+00 4.187E-01
  3.916690E+00 3.736E-01
  4.129620E+00 3.333E-01
  4.354070E+00 2.973E-01
  4.590620E+00 2.652E-01
  4.839900E+00 2.365E-01
  5.102530E+00 2.109E-01
  5.379180E+00 1.881E-01
  5.670550E+00 1.677E-01
  5.977350E+00 1.495E-01
  6.300350E+00 1.333E-01
  6.640330E+00 1.188E-01
  6.998100E+00 1.059E-01
  7.374500E+00 9.436E-02
  7.770430E+00 8.408E-02
  8.186810E+00 7.491E-02
  8.624570E+00 6.673E-02
  9.084710E+00 5.944E-02
  9.568260E+00 5.293E-02
  1.007630E+01 4.714E-02
  1.060990E+01 4.197E-02
  1.117020E+01 3.736E-02
  1.175840E+01 3.326E-02
  1.237570E+01 2.960E-02
  1.302350E+01 2.634E-02
  1.370290E+01 2.344E-02
  1.441550E+01 2.085E-02
  1.516250E+01 1.855E-02
  1.594540E+01 1.650E-02
  1.676570E+01 1.467E-02
  1.762500E+01 1.305E-02
  1.852490E+01 1.160E-02
  1.946700E+01 1.031E-02
  2.045300E+01 9.164E-03
  2.148470E+01 8.143E-03
  2.256380E+01 7.236E-03
  2.369231E+01 6.429E-03
  2.487199E+01 5.710E-03
  2.610500E+01 5.072E-03
  2.739320E+01 4.504E-03
  2.873880E+01 3.999E-03
  3.014391E+01 3.551E-03
  3.161060E+01 3.152E-03
  3.314140E+01 2.797E-03
  3.473849E+01 2.483E-03
  3.640430E+01 2.203E-03
  3.814130E+01 1.954E-03
  3.995200E+01 1.734E-03
  4.183900E+01 1.538E-03
  4.380499E+01 1.364E-03
  4.585271E+01 1.209E-03
  4.798500E+01 1.072E-03
  5.020470E+01 9.503E-04
  5.251480E+01 8.423E-04
  5.491820E+01 7.465E-04
  5.741820E+01 6.615E-04
  6.001781E+01 5.861E-04
  6.272040E+01 5.192E-04
  6.552930E+01 4.599E-04
    3    1    1    8
     63     63
  2.784660E+00    0.0100
  2.088495E+00 1.062E+00
  2.319780E+00 8.179E-01
  2.782400E+00 5.562E-01
  2.932740E+00 4.964E-01
  3.091310E+00 4.430E-01
  3.258540E+00 3.953E-01
  3.434890E+00 3.527E-01
  3.620830E+00 3.147E-01
  3.816870E+00 2.808E-01
  4.023510E+00 2.505E-01
  4.241310E+00 2.234E-01
  4.470820E+00 1.993E-01
  4.712660E+00 1.777E-01
  4.967420E+00 1.585E-01
  5.235760E+00 1.413E-01
  5.518350E+00 1.260E-01
  5.815890E+00 1.123E-01
  6.129120E+00 1.001E-01
  6.458790E+00 8.926E-02
  6.805700E+00 7.955E-02
  7.170670E+00 7.089E-02
  7.554570E+00 6.317E-02
  7.958280E+00 5.628E-02
  8.382730E+00 5.014E-02
  8.828880E+00 4.466E-02
  9.297740E+00 3.977E-02
  9.790350E+00 3.542E-02
  1.030780E+01 3.154E-02
  1.085110E+01 2.808E-02
  1.142160E+01 2.499E-02
  1.202030E+01 2.225E-02
  1.264860E+01 1.980E-02
  1.330770E+01 1.762E-02
  1.399890E+01 1.567E-02
  1.472360E+01 1.394E-02
  1.548330E+01 1.240E-02
  1.627950E+01 1.103E-02
  1.711349E+01 9.809E-03
  1.798700E+01 8.721E-03
  1.890170E+01 7.753E-03
  1.985921E+01 6.892E-03
  2.086110E+01 6.125E-03
  2.190939E+01 5.443E-03
  2.300580E+01 4.836E-03
  2.415221E+01 4.297E-03
  2.535049E+01 3.817E-03
  2.660280E+01 3.390E-03
  2.791119E+01 3.010E-03
  2.927769E+01 2.673E-03
  3.070450E+01 2.373E-03
  3.219400E+01 2.106E-03
  3.374831E+01 1.869E-03
  3.536990E+01 1.659E-03
  3.706120E+01 1.472E-03
  3.882471E+01 1.306E-03
  4.066310E+01 1.158E-03
  4.257890E+01 1.028E-03
  4.457480E+01 9.112E-04
  4.665379E+01 8.080E-04
  4.881850E+01 7.164E-04
  5.107201E+01 6.351E-04
  5.341740E+01 5.629E-04
  5.585750E+01 4.989E-04
    3    1    1    9
     63     63
  2.255010E+00    0.0100
  1.691257E+00 1.255E+00
  1.790130E+00 1.057E+00
  2.252760E+00 6.484E-01
  2.373690E+00 5.787E-01
  2.501270E+00 5.165E-01
  2.635850E+00 4.610E-01
  2.777800E+00 4.114E-01
  2.927510E+00 3.672E-01
  3.085390E+00 3.276E-01
  3.251870E+00 2.923E-01
  3.427400E+00 2.608E-01
  3.612450E+00 2.327E-01
  3.807510E+00 2.076E-01
  4.013090E+00 1.852E-01
  4.229740E+00 1.652E-01
  4.458020E+00 1.473E-01
  4.698500E+00 1.314E-01
  4.951820E+00 1.172E-01
  5.218590E+00 1.045E-01
  5.499500E+00 9.313E-02
  5.795230E+00 8.302E-02
  6.106510E+00 7.401E-02
  6.434100E+00 6.596E-02
  6.778780E+00 5.879E-02
  7.141370E+00 5.238E-02
  7.522720E+00 4.667E-02
  7.923720E+00 4.158E-02
  8.345280E+00 3.704E-02
  8.788360E+00 3.299E-02
  9.253950E+00 2.938E-02
  9.743080E+00 2.617E-02
  1.025680E+01 2.330E-02
  1.079630E+01 2.074E-02
  1.136260E+01 1.846E-02
  1.195700E+01 1.643E-02
  1.258070E+01 1.463E-02
  1.323500E+01 1.301E-02
  1.392110E+01 1.158E-02
  1.464050E+01 1.030E-02
  1.539460E+01 9.163E-03
  1.618491E+01 8.149E-03
  1.701280E+01 7.247E-03
  1.787990E+01 6.443E-03
  1.878780E+01 5.728E-03
  1.973820E+01 5.092E-03
  2.073280E+01 4.526E-03
  2.177350E+01 4.022E-03
  2.286189E+01 3.573E-03
  2.400000E+01 3.175E-03
  2.518980E+01 2.820E-03
  2.643320E+01 2.505E-03
  2.773241E+01 2.224E-03
  2.908940E+01 1.975E-03
  3.050639E+01 1.754E-03
  3.198560E+01 1.557E-03
  3.352950E+01 1.382E-03
  3.514030E+01 1.226E-03
  3.682050E+01 1.088E-03
  3.857269E+01 9.654E-04
  4.039940E+01 8.565E-04
  4.230321E+01 7.597E-04
  4.428690E+01 6.738E-04
  4.635339E+01 5.975E-04
    0    0    0    0
