   18    3    P
    2    0    0    1
      6     76
  6.717850E+01    0.0000
  6.390216E+01 5.926E-02
  6.551985E+01 5.648E-02
  6.717850E+01 5.384E-02
  6.887914E+01 5.131E-02
  7.062282E+01 4.887E-02
  7.241061E+01 4.645E-02
  7.424371E+01 4.429E-02
  9.288280E+01 2.704E-02
  1.182540E+02 1.635E-02
  1.436250E+02 1.071E-02
  1.689950E+02 7.433E-03
  1.943660E+02 5.387E-03
  2.197370E+02 4.037E-03
  2.451080E+02 3.109E-03
  2.704790E+02 2.448E-03
  2.958500E+02 1.963E-03
  2.958560E+02 3.510E-02
  2.960200E+02 3.505E-02
  2.961840E+02 3.500E-02
  2.963490E+02 3.495E-02
  2.965130E+02 3.490E-02
  2.966770E+02 3.485E-02
  2.968420E+02 3.480E-02
  2.970060E+02 3.475E-02
  2.971700E+02 3.470E-02
  2.973350E+02 3.465E-02
  2.973380E+02 4.575E-02
  3.059260E+02 4.251E-02
  3.147620E+02 3.948E-02
  3.238530E+02 3.666E-02
  3.332070E+02 3.403E-02
  3.428310E+02 3.158E-02
  3.527330E+02 2.930E-02
  3.629210E+02 2.718E-02
  3.734030E+02 2.520E-02
  3.841880E+02 2.336E-02
  3.952850E+02 2.165E-02
  4.067020E+02 2.006E-02
  4.184480E+02 1.857E-02
  4.305340E+02 1.720E-02
  4.429690E+02 1.592E-02
  4.557630E+02 1.473E-02
  4.689270E+02 1.363E-02
  4.824710E+02 1.261E-02
  4.964060E+02 1.166E-02
  5.107440E+02 1.078E-02
  5.254960E+02 9.963E-03
  5.406740E+02 9.206E-03
  5.562900E+02 8.504E-03
  5.723570E+02 7.854E-03
  5.888880E+02 7.252E-03
  6.058970E+02 6.695E-03
  6.233970E+02 6.178E-03
  6.414030E+02 5.700E-03
  6.599280E+02 5.259E-03
  6.789890E+02 4.849E-03
  6.986000E+02 4.472E-03
  7.187770E+02 4.122E-03
  7.395380E+02 3.799E-03
  7.608980E+02 3.500E-03
  7.828750E+02 3.225E-03
  8.054860E+02 2.969E-03
  8.287510E+02 2.734E-03
  8.526880E+02 2.517E-03
  8.773160E+02 2.316E-03
  9.026550E+02 2.131E-03
  9.287270E+02 1.960E-03
  9.555510E+02 1.803E-03
  9.831500E+02 1.657E-03
  1.011550E+03 1.524E-03
  1.040760E+03 1.401E-03
  1.070820E+03 1.287E-03
  1.101750E+03 1.182E-03
  1.133570E+03 1.086E-03
  1.166310E+03 9.973E-04
  1.200000E+03 9.155E-04
    2    0    0    2
     78    103
  2.933780E+01    0.0000
  2.654591E+01 1.102E-01
  2.721794E+01 1.050E-01
  2.790697E+01 9.999E-02
  2.861343E+01 9.526E-02
  2.933780E+01 9.075E-02
  3.008049E+01 8.645E-02
  3.084198E+01 8.234E-02
  3.162276E+01 7.839E-02
  3.242329E+01 7.458E-02
  3.324409E+01 7.094E-02
  3.408566E+01 6.757E-02
  3.494855E+01 6.434E-02
  3.583327E+01 6.114E-02
  3.674042E+01 5.817E-02
  3.767049E+01 5.540E-02
  3.862411E+01 5.265E-02
  3.960188E+01 5.001E-02
  4.060442E+01 4.751E-02
  4.163232E+01 4.515E-02
  4.268625E+01 4.291E-02
  4.376686E+01 4.080E-02
  4.487482E+01 3.877E-02
  4.601083E+01 3.683E-02
  4.717558E+01 3.499E-02
  4.836984E+01 3.322E-02
  4.959436E+01 3.155E-02
  5.084984E+01 2.996E-02
  5.213708E+01 2.845E-02
  5.345697E+01 2.700E-02
  5.481024E+01 2.562E-02
  5.619777E+01 2.431E-02
  5.762041E+01 2.307E-02
  5.907909E+01 2.189E-02
  6.057468E+01 2.075E-02
  6.210812E+01 1.968E-02
  6.368040E+01 1.866E-02
  6.529247E+01 1.769E-02
  6.694537E+01 1.677E-02
  6.864011E+01 1.589E-02
  7.037772E+01 1.507E-02
  7.215936E+01 1.428E-02
  7.398608E+01 1.353E-02
  7.585904E+01 1.281E-02
  7.777943E+01 1.213E-02
  7.974841E+01 1.149E-02
  8.176727E+01 1.088E-02
  8.383720E+01 1.030E-02
  8.595956E+01 9.745E-03
  8.813562E+01 9.223E-03
  9.036679E+01 8.731E-03
  9.265443E+01 8.271E-03
  9.500000E+01 7.827E-03
  9.740495E+01 7.391E-03
  9.987074E+01 6.989E-03
  1.023990E+02 6.614E-03
  1.049912E+02 6.267E-03
  1.076491E+02 5.923E-03
  1.103743E+02 5.593E-03
  1.131684E+02 5.283E-03
  1.160333E+02 5.003E-03
  1.189707E+02 4.734E-03
  1.219824E+02 4.473E-03
  1.250704E+02 4.212E-03
  1.282366E+02 3.973E-03
  1.314829E+02 3.761E-03
  1.348114E+02 3.552E-03
  1.382242E+02 3.354E-03
  1.417234E+02 3.167E-03
  1.453111E+02 2.989E-03
  1.489897E+02 2.821E-03
  1.527614E+02 2.662E-03
  1.566285E+02 2.511E-03
  1.605936E+02 2.369E-03
  1.646590E+02 2.235E-03
  1.688274E+02 2.108E-03
  1.731013E+02 1.987E-03
  1.774834E+02 1.873E-03
  1.819764E+02 1.767E-03
  1.914766E+02 1.565E-03
  2.014296E+02 1.387E-03
  2.118551E+02 1.230E-03
  2.227737E+02 1.090E-03
  2.342068E+02 9.658E-04
  2.461766E+02 8.559E-04
  2.587061E+02 7.584E-04
  2.718193E+02 6.719E-04
  2.855413E+02 5.953E-04
  2.998977E+02 5.274E-04
  3.149155E+02 4.672E-04
  3.306233E+02 4.138E-04
  3.470493E+02 3.666E-04
  3.642241E+02 3.247E-04
  3.821790E+02 2.875E-04
  4.009468E+02 2.546E-04
  4.205610E+02 2.255E-04
  4.410569E+02 1.997E-04
  4.624712E+02 1.768E-04
  4.848413E+02 1.565E-04
  5.082068E+02 1.386E-04
  5.326084E+02 1.227E-04
  5.580881E+02 1.086E-04
  5.846904E+02 9.613E-05
  6.124604E+02 8.508E-05
    2    0    0    3
    102    118
  1.637010E+01    0.0000
  1.374199E+01 1.885E-01
  1.408987E+01 1.794E-01
  1.444656E+01 1.708E-01
  1.481228E+01 1.626E-01
  1.518725E+01 1.548E-01
  1.557172E+01 1.474E-01
  1.596592E+01 1.403E-01
  1.637010E+01 1.336E-01
  1.678452E+01 1.272E-01
  1.720941E+01 1.210E-01
  1.764507E+01 1.150E-01
  1.809177E+01 1.095E-01
  1.854974E+01 1.042E-01
  1.901933E+01 9.908E-02
  1.950082E+01 9.424E-02
  1.999449E+01 8.967E-02
  2.050066E+01 8.526E-02
  2.101962E+01 8.107E-02
  2.155174E+01 7.716E-02
  2.209732E+01 7.335E-02
  2.265672E+01 6.963E-02
  2.323029E+01 6.619E-02
  2.381836E+01 6.294E-02
  2.442133E+01 5.986E-02
  2.503955E+01 5.691E-02
  2.567343E+01 5.412E-02
  2.632335E+01 5.133E-02
  2.698975E+01 4.872E-02
  2.767299E+01 4.637E-02
  2.837352E+01 4.406E-02
  2.909183E+01 4.183E-02
  2.982826E+01 3.972E-02
  3.058337E+01 3.772E-02
  3.135760E+01 3.582E-02
  3.215143E+01 3.401E-02
  3.296532E+01 3.229E-02
  3.379985E+01 3.065E-02
  3.465550E+01 2.909E-02
  3.553281E+01 2.760E-02
  3.643233E+01 2.620E-02
  3.735463E+01 2.486E-02
  3.830025E+01 2.359E-02
  3.926984E+01 2.238E-02
  4.026395E+01 2.124E-02
  4.128323E+01 2.015E-02
  4.232831E+01 1.910E-02
  4.339989E+01 1.811E-02
  4.449854E+01 1.717E-02
  4.562505E+01 1.629E-02
  4.678004E+01 1.545E-02
  4.796429E+01 1.464E-02
  4.917850E+01 1.388E-02
  5.042348E+01 1.316E-02
  5.169994E+01 1.247E-02
  5.300874E+01 1.182E-02
  5.435065E+01 1.120E-02
  5.572655E+01 1.062E-02
  5.713725E+01 1.006E-02
  5.858369E+01 9.520E-03
  6.006677E+01 9.013E-03
  6.158736E+01 8.536E-03
  6.314645E+01 8.089E-03
  6.474500E+01 7.661E-03
  6.638403E+01 7.252E-03
  6.806454E+01 6.862E-03
  6.978763E+01 6.502E-03
  7.155431E+01 6.160E-03
  7.336571E+01 5.823E-03
  7.522296E+01 5.514E-03
  7.712724E+01 5.224E-03
  7.907973E+01 4.937E-03
  8.108163E+01 4.668E-03
  8.313423E+01 4.413E-03
  8.523877E+01 4.174E-03
  8.739661E+01 3.950E-03
  8.960905E+01 3.739E-03
  9.187753E+01 3.536E-03
  9.420343E+01 3.344E-03
  9.658820E+01 3.161E-03
  9.903334E+01 2.988E-03
  1.015404E+02 2.824E-03
  1.041109E+02 2.669E-03
  1.067465E+02 2.523E-03
  1.094488E+02 2.385E-03
  1.122195E+02 2.255E-03
  1.150603E+02 2.130E-03
  1.179731E+02 2.012E-03
  1.209596E+02 1.901E-03
  1.240217E+02 1.795E-03
  1.271613E+02 1.695E-03
  1.303804E+02 1.600E-03
  1.336810E+02 1.512E-03
  1.370652E+02 1.426E-03
  1.405350E+02 1.346E-03
  1.440927E+02 1.271E-03
  1.477404E+02 1.200E-03
  1.514804E+02 1.133E-03
  1.553152E+02 1.068E-03
  1.592470E+02 1.008E-03
  1.632784E+02 9.507E-04
  1.674118E+02 8.963E-04
  1.716498E+02 8.475E-04
  1.806759E+02 7.521E-04
  1.901487E+02 6.672E-04
  2.000888E+02 5.919E-04
  2.105180E+02 5.251E-04
  2.214588E+02 4.657E-04
  2.329352E+02 4.131E-04
  2.449718E+02 3.664E-04
  2.575940E+02 3.250E-04
  2.708291E+02 2.882E-04
  2.847051E+02 2.556E-04
  2.992512E+02 2.266E-04
  3.144976E+02 2.010E-04
  3.304768E+02 1.782E-04
  3.472214E+02 1.580E-04
  3.647659E+02 1.401E-04
  3.831470E+02 1.242E-04
    2    0    0    4
    107    123
  1.042790E+01    0.0000
  7.725163E+00 3.318E-01
  7.920728E+00 3.155E-01
  8.121243E+00 3.001E-01
  8.326836E+00 2.854E-01
  8.537632E+00 2.714E-01
  8.753764E+00 2.581E-01
  8.975368E+00 2.455E-01
  9.202582E+00 2.335E-01
  9.435548E+00 2.220E-01
  9.674412E+00 2.112E-01
  9.919322E+00 2.008E-01
  1.017043E+01 1.910E-01
  1.042790E+01 1.816E-01
  1.069189E+01 1.727E-01
  1.096255E+01 1.643E-01
  1.124007E+01 1.563E-01
  1.152461E+01 1.486E-01
  1.181636E+01 1.413E-01
  1.211549E+01 1.343E-01
  1.242220E+01 1.277E-01
  1.273667E+01 1.215E-01
  1.305910E+01 1.155E-01
  1.338969E+01 1.098E-01
  1.372865E+01 1.044E-01
  1.407619E+01 9.912E-02
  1.443254E+01 9.412E-02
  1.479789E+01 8.941E-02
  1.517251E+01 8.499E-02
  1.555660E+01 8.082E-02
  1.595042E+01 7.684E-02
  1.635420E+01 7.303E-02
  1.676820E+01 6.938E-02
  1.719270E+01 6.592E-02
  1.762794E+01 6.262E-02
  1.807419E+01 5.947E-02
  1.853174E+01 5.647E-02
  1.900087E+01 5.364E-02
  1.948187E+01 5.097E-02
  1.997507E+01 4.841E-02
  2.048074E+01 4.587E-02
  2.099921E+01 4.359E-02
  2.153081E+01 4.148E-02
  2.207587E+01 3.930E-02
  2.263472E+01 3.727E-02
  2.320772E+01 3.537E-02
  2.379523E+01 3.357E-02
  2.439760E+01 3.186E-02
  2.501523E+01 3.025E-02
  2.564850E+01 2.870E-02
  2.629778E+01 2.724E-02
  2.696353E+01 2.585E-02
  2.764610E+01 2.452E-02
  2.834598E+01 2.325E-02
  2.906355E+01 2.206E-02
  2.979929E+01 2.093E-02
  3.055367E+01 1.985E-02
  3.132713E+01 1.883E-02
  3.212019E+01 1.787E-02
  3.293332E+01 1.694E-02
  3.376703E+01 1.606E-02
  3.462186E+01 1.522E-02
  3.549829E+01 1.444E-02
  3.639696E+01 1.369E-02
  3.731833E+01 1.298E-02
  3.826308E+01 1.231E-02
  3.923169E+01 1.167E-02
  4.022485E+01 1.106E-02
  4.124315E+01 1.048E-02
  4.228722E+01 9.932E-03
  4.335773E+01 9.414E-03
  4.445534E+01 8.914E-03
  4.558072E+01 8.443E-03
  4.673462E+01 8.000E-03
  4.791769E+01 7.576E-03
  4.913074E+01 7.178E-03
  5.037450E+01 6.807E-03
  5.164973E+01 6.442E-03
  5.295726E+01 6.095E-03
  5.429787E+01 5.778E-03
  5.567242E+01 5.477E-03
  5.708179E+01 5.188E-03
  5.852681E+01 4.906E-03
  6.000842E+01 4.638E-03
  6.152754E+01 4.389E-03
  6.308511E+01 4.170E-03
  6.468214E+01 3.945E-03
  6.631956E+01 3.728E-03
  6.799846E+01 3.528E-03
  6.971985E+01 3.338E-03
  7.148483E+01 3.158E-03
  7.329446E+01 2.988E-03
  7.514992E+01 2.828E-03
  7.705232E+01 2.675E-03
  7.900296E+01 2.530E-03
  8.100290E+01 2.393E-03
  8.305351E+01 2.263E-03
  8.515602E+01 2.139E-03
  8.731174E+01 2.022E-03
  8.952203E+01 1.912E-03
  9.178831E+01 1.808E-03
  9.411195E+01 1.710E-03
  9.649438E+01 1.616E-03
  9.893716E+01 1.527E-03
  1.014418E+02 1.442E-03
  1.040098E+02 1.363E-03
  1.066428E+02 1.288E-03
  1.093425E+02 1.218E-03
  1.152396E+02 1.084E-03
  1.214408E+02 9.625E-04
  1.279608E+02 8.546E-04
  1.348157E+02 7.588E-04
  1.420216E+02 6.737E-04
  1.495958E+02 5.981E-04
  1.575563E+02 5.310E-04
  1.659220E+02 4.714E-04
  1.747125E+02 4.185E-04
  1.839486E+02 3.715E-04
  1.936519E+02 3.297E-04
  2.038450E+02 2.927E-04
  2.145513E+02 2.598E-04
  2.257960E+02 2.305E-04
  2.376047E+02 2.046E-04
  2.500045E+02 1.816E-04
    2    0    0    5
    107    124
  7.219230E+00    0.0000
  5.348135E+00 4.330E-01
  5.483523E+00 4.115E-01
  5.622340E+00 3.911E-01
  5.764670E+00 3.717E-01
  5.910604E+00 3.532E-01
  6.060231E+00 3.357E-01
  6.213647E+00 3.190E-01
  6.370947E+00 3.032E-01
  6.532228E+00 2.881E-01
  6.697593E+00 2.738E-01
  6.867144E+00 2.602E-01
  7.040986E+00 2.473E-01
  7.219230E+00 2.350E-01
  7.401986E+00 2.233E-01
  7.589366E+00 2.122E-01
  7.781494E+00 2.016E-01
  7.978482E+00 1.916E-01
  8.180459E+00 1.821E-01
  8.387547E+00 1.731E-01
  8.599879E+00 1.645E-01
  8.817586E+00 1.563E-01
  9.040804E+00 1.484E-01
  9.269674E+00 1.409E-01
  9.504338E+00 1.339E-01
  9.744941E+00 1.272E-01
  9.991636E+00 1.208E-01
  1.024457E+01 1.148E-01
  1.050392E+01 1.090E-01
  1.076983E+01 1.036E-01
  1.104246E+01 9.833E-02
  1.132201E+01 9.336E-02
  1.160862E+01 8.868E-02
  1.190250E+01 8.431E-02
  1.220381E+01 8.011E-02
  1.251275E+01 7.599E-02
  1.282951E+01 7.215E-02
  1.315429E+01 6.854E-02
  1.348730E+01 6.510E-02
  1.382873E+01 6.183E-02
  1.417880E+01 5.871E-02
  1.453774E+01 5.576E-02
  1.490577E+01 5.292E-02
  1.528311E+01 5.013E-02
  1.567000E+01 4.762E-02
  1.606670E+01 4.526E-02
  1.647342E+01 4.292E-02
  1.689046E+01 4.071E-02
  1.731802E+01 3.865E-02
  1.775644E+01 3.667E-02
  1.820595E+01 3.480E-02
  1.866682E+01 3.304E-02
  1.913939E+01 3.134E-02
  1.962390E+01 2.973E-02
  2.012068E+01 2.820E-02
  2.063004E+01 2.675E-02
  2.115228E+01 2.538E-02
  2.168776E+01 2.407E-02
  2.223679E+01 2.285E-02
  2.279971E+01 2.168E-02
  2.337691E+01 2.056E-02
  2.396869E+01 1.949E-02
  2.457545E+01 1.849E-02
  2.519759E+01 1.754E-02
  2.583546E+01 1.663E-02
  2.648949E+01 1.578E-02
  2.716010E+01 1.495E-02
  2.784764E+01 1.418E-02
  2.855260E+01 1.345E-02
  2.927541E+01 1.275E-02
  3.001654E+01 1.209E-02
  3.077641E+01 1.146E-02
  3.155553E+01 1.086E-02
  3.235435E+01 1.028E-02
  3.317340E+01 9.752E-03
  3.401320E+01 9.243E-03
  3.487424E+01 8.759E-03
  3.575706E+01 8.307E-03
  3.666228E+01 7.874E-03
  3.759036E+01 7.462E-03
  3.854201E+01 7.067E-03
  3.951768E+01 6.691E-03
  4.051810E+01 6.333E-03
  4.154381E+01 6.008E-03
  4.259547E+01 5.693E-03
  4.367381E+01 5.386E-03
  4.477940E+01 5.111E-03
  4.591301E+01 4.847E-03
  4.707530E+01 4.588E-03
  4.826701E+01 4.346E-03
  4.948891E+01 4.114E-03
  5.074170E+01 3.888E-03
  5.202625E+01 3.681E-03
  5.334331E+01 3.485E-03
  5.469371E+01 3.299E-03
  5.607825E+01 3.124E-03
  5.749789E+01 2.957E-03
  5.895348E+01 2.798E-03
  6.044588E+01 2.647E-03
  6.197606E+01 2.505E-03
  6.354498E+01 2.371E-03
  6.515366E+01 2.244E-03
  6.680302E+01 2.123E-03
  6.849416E+01 2.008E-03
  7.022809E+01 1.900E-03
  7.200592E+01 1.797E-03
  7.382877E+01 1.700E-03
  7.569775E+01 1.608E-03
  7.984715E+01 1.434E-03
  8.421678E+01 1.275E-03
  8.881790E+01 1.132E-03
  9.366245E+01 1.006E-03
  9.876295E+01 8.940E-04
  1.041325E+02 7.943E-04
  1.097847E+02 7.057E-04
  1.157341E+02 6.269E-04
  1.219959E+02 5.569E-04
  1.285857E+02 4.947E-04
  1.355204E+02 4.395E-04
  1.428174E+02 3.904E-04
  1.504950E+02 3.468E-04
  1.585726E+02 3.080E-04
  1.670703E+02 2.736E-04
  1.760092E+02 2.430E-04
  1.854117E+02 2.158E-04
    2    0    0    6
    107    124
  5.292330E+00    0.0000
  3.920641E+00 5.410E-01
  4.019894E+00 5.140E-01
  4.121659E+00 4.884E-01
  4.226001E+00 4.640E-01
  4.332983E+00 4.409E-01
  4.442675E+00 4.189E-01
  4.555143E+00 3.980E-01
  4.670458E+00 3.782E-01
  4.788693E+00 3.593E-01
  4.909920E+00 3.414E-01
  5.034217E+00 3.244E-01
  5.161660E+00 3.082E-01
  5.292330E+00 2.928E-01
  5.426307E+00 2.782E-01
  5.563674E+00 2.643E-01
  5.704521E+00 2.509E-01
  5.848930E+00 2.383E-01
  5.996997E+00 2.264E-01
  6.148810E+00 2.150E-01
  6.304470E+00 2.041E-01
  6.464068E+00 1.938E-01
  6.627707E+00 1.841E-01
  6.795487E+00 1.748E-01
  6.967515E+00 1.660E-01
  7.143899E+00 1.576E-01
  7.324747E+00 1.496E-01
  7.510174E+00 1.420E-01
  7.700295E+00 1.349E-01
  7.895230E+00 1.281E-01
  8.095098E+00 1.217E-01
  8.300027E+00 1.155E-01
  8.510143E+00 1.096E-01
  8.725577E+00 1.040E-01
  8.946467E+00 9.875E-02
  9.172949E+00 9.376E-02
  9.405163E+00 8.911E-02
  9.643256E+00 8.462E-02
  9.887376E+00 8.022E-02
  1.013768E+01 7.612E-02
  1.039431E+01 7.226E-02
  1.065744E+01 6.856E-02
  1.092724E+01 6.504E-02
  1.120386E+01 6.173E-02
  1.148749E+01 5.871E-02
  1.177830E+01 5.577E-02
  1.207647E+01 5.292E-02
  1.238218E+01 5.007E-02
  1.269564E+01 4.744E-02
  1.301703E+01 4.507E-02
  1.334656E+01 4.283E-02
  1.368443E+01 4.070E-02
  1.403086E+01 3.857E-02
  1.438605E+01 3.658E-02
  1.475023E+01 3.471E-02
  1.512364E+01 3.293E-02
  1.550649E+01 3.124E-02
  1.589904E+01 2.964E-02
  1.630153E+01 2.810E-02
  1.671420E+01 2.666E-02
  1.713731E+01 2.530E-02
  1.757117E+01 2.399E-02
  1.801598E+01 2.276E-02
  1.847205E+01 2.158E-02
  1.893967E+01 2.046E-02
  1.941913E+01 1.940E-02
  1.991074E+01 1.840E-02
  2.041476E+01 1.745E-02
  2.093156E+01 1.655E-02
  2.146146E+01 1.569E-02
  2.200476E+01 1.488E-02
  2.256181E+01 1.412E-02
  2.313297E+01 1.338E-02
  2.371858E+01 1.268E-02
  2.431902E+01 1.202E-02
  2.493466E+01 1.140E-02
  2.556589E+01 1.081E-02
  2.621309E+01 1.024E-02
  2.687666E+01 9.708E-03
  2.755705E+01 9.204E-03
  2.825467E+01 8.731E-03
  2.896994E+01 8.276E-03
  2.970331E+01 7.842E-03
  3.045528E+01 7.427E-03
  3.122624E+01 7.044E-03
  3.201674E+01 6.677E-03
  3.282726E+01 6.317E-03
  3.365826E+01 5.986E-03
  3.451031E+01 5.676E-03
  3.538396E+01 5.383E-03
  3.627971E+01 5.096E-03
  3.719814E+01 4.819E-03
  3.813982E+01 4.559E-03
  3.910535E+01 4.326E-03
  4.009528E+01 4.108E-03
  4.111031E+01 3.886E-03
  4.215103E+01 3.677E-03
  4.321806E+01 3.481E-03
  4.431212E+01 3.298E-03
  4.543391E+01 3.123E-03
  4.658408E+01 2.957E-03
  4.776337E+01 2.799E-03
  4.897250E+01 2.650E-03
  5.021225E+01 2.509E-03
  5.148338E+01 2.374E-03
  5.278667E+01 2.247E-03
  5.412299E+01 2.128E-03
  5.549310E+01 2.013E-03
  5.856418E+01 1.797E-03
  6.180133E+01 1.597E-03
  6.521330E+01 1.420E-03
  6.880931E+01 1.262E-03
  7.259912E+01 1.122E-03
  7.659283E+01 9.974E-04
  8.080124E+01 8.865E-04
  8.523569E+01 7.880E-04
  8.990790E+01 7.004E-04
  9.483046E+01 6.225E-04
  1.000163E+02 5.532E-04
  1.054794E+02 4.917E-04
  1.112341E+02 4.370E-04
  1.172956E+02 3.884E-04
  1.236801E+02 3.451E-04
  1.304041E+02 3.067E-04
  1.374856E+02 2.726E-04
    2    0    0    7
    107    124
  4.045330E+00    0.0000
  2.996853E+00 6.636E-01
  3.072718E+00 6.299E-01
  3.150505E+00 5.980E-01
  3.230260E+00 5.676E-01
  3.312035E+00 5.388E-01
  3.395880E+00 5.115E-01
  3.481847E+00 4.855E-01
  3.569990E+00 4.609E-01
  3.660365E+00 4.375E-01
  3.753028E+00 4.153E-01
  3.848037E+00 3.943E-01
  3.945450E+00 3.743E-01
  4.045330E+00 3.553E-01
  4.147738E+00 3.373E-01
  4.252738E+00 3.202E-01
  4.360397E+00 3.039E-01
  4.470782E+00 2.886E-01
  4.583959E+00 2.739E-01
  4.700003E+00 2.600E-01
  4.818984E+00 2.468E-01
  4.940978E+00 2.343E-01
  5.066058E+00 2.224E-01
  5.194307E+00 2.111E-01
  5.325801E+00 2.003E-01
  5.460626E+00 1.901E-01
  5.598861E+00 1.805E-01
  5.740596E+00 1.714E-01
  5.885920E+00 1.627E-01
  6.034923E+00 1.544E-01
  6.187698E+00 1.465E-01
  6.344341E+00 1.390E-01
  6.504948E+00 1.320E-01
  6.669622E+00 1.253E-01
  6.838464E+00 1.188E-01
  7.011581E+00 1.127E-01
  7.189078E+00 1.070E-01
  7.371073E+00 1.015E-01
  7.557671E+00 9.631E-02
  7.748996E+00 9.142E-02
  7.945163E+00 8.675E-02
  8.146296E+00 8.229E-02
  8.352518E+00 7.815E-02
  8.563965E+00 7.417E-02
  8.780762E+00 7.028E-02
  9.003048E+00 6.668E-02
  9.230961E+00 6.330E-02
  9.464643E+00 6.009E-02
  9.704243E+00 5.704E-02
  9.949907E+00 5.414E-02
  1.020179E+01 5.126E-02
  1.046005E+01 4.866E-02
  1.072485E+01 4.624E-02
  1.099635E+01 4.384E-02
  1.127472E+01 4.156E-02
  1.156014E+01 3.941E-02
  1.185279E+01 3.739E-02
  1.215284E+01 3.546E-02
  1.246049E+01 3.364E-02
  1.277593E+01 3.191E-02
  1.309936E+01 3.027E-02
  1.343097E+01 2.871E-02
  1.377098E+01 2.722E-02
  1.411959E+01 2.581E-02
  1.447703E+01 2.448E-02
  1.484352E+01 2.322E-02
  1.521928E+01 2.203E-02
  1.560456E+01 2.088E-02
  1.599959E+01 1.981E-02
  1.640462E+01 1.879E-02
  1.681992E+01 1.781E-02
  1.724571E+01 1.688E-02
  1.768228E+01 1.602E-02
  1.812991E+01 1.518E-02
  1.858887E+01 1.440E-02
  1.905945E+01 1.366E-02
  1.954195E+01 1.294E-02
  2.003665E+01 1.227E-02
  2.054388E+01 1.163E-02
  2.106395E+01 1.103E-02
  2.159718E+01 1.046E-02
  2.214392E+01 9.912E-03
  2.270450E+01 9.394E-03
  2.327927E+01 8.904E-03
  2.386858E+01 8.431E-03
  2.447282E+01 7.992E-03
  2.509236E+01 7.576E-03
  2.572757E+01 7.178E-03
  2.637888E+01 6.799E-03
  2.704665E+01 6.441E-03
  2.773134E+01 6.114E-03
  2.843335E+01 5.796E-03
  2.915315E+01 5.487E-03
  2.989117E+01 5.195E-03
  3.064786E+01 4.920E-03
  3.142374E+01 4.660E-03
  3.221919E+01 4.418E-03
  3.303485E+01 4.188E-03
  3.387112E+01 3.970E-03
  3.472858E+01 3.760E-03
  3.560773E+01 3.562E-03
  3.650916E+01 3.373E-03
  3.743340E+01 3.195E-03
  3.838103E+01 3.026E-03
  3.935265E+01 2.865E-03
  4.034886E+01 2.713E-03
  4.137030E+01 2.569E-03
  4.241759E+01 2.433E-03
  4.477834E+01 2.170E-03
  4.726834E+01 1.930E-03
  4.989456E+01 1.716E-03
  5.266435E+01 1.526E-03
  5.558539E+01 1.357E-03
  5.866583E+01 1.206E-03
  6.191420E+01 1.073E-03
  6.533952E+01 9.538E-04
  6.895122E+01 8.481E-04
  7.275938E+01 7.540E-04
  7.677448E+01 6.704E-04
  8.100752E+01 5.961E-04
  8.547018E+01 5.299E-04
  9.017482E+01 4.711E-04
  9.513420E+01 4.189E-04
  1.003619E+02 3.724E-04
  1.058723E+02 3.311E-04
    2    0    0    8
    107    124
  3.192280E+00    0.0000
  2.364904E+00 7.750E-01
  2.424772E+00 7.366E-01
  2.486155E+00 7.001E-01
  2.549092E+00 6.654E-01
  2.613622E+00 6.325E-01
  2.679785E+00 6.011E-01
  2.747624E+00 5.713E-01
  2.817180E+00 5.430E-01
  2.888497E+00 5.161E-01
  2.961619E+00 4.906E-01
  3.036592E+00 4.663E-01
  3.113463E+00 4.432E-01
  3.192280E+00 4.212E-01
  3.273093E+00 4.003E-01
  3.355953E+00 3.803E-01
  3.440907E+00 3.607E-01
  3.528016E+00 3.422E-01
  3.617328E+00 3.247E-01
  3.708899E+00 3.082E-01
  3.802790E+00 2.925E-01
  3.899060E+00 2.775E-01
  3.997763E+00 2.632E-01
  4.098969E+00 2.497E-01
  4.202735E+00 2.370E-01
  4.309126E+00 2.248E-01
  4.418213E+00 2.133E-01
  4.530060E+00 2.024E-01
  4.644741E+00 1.920E-01
  4.762322E+00 1.822E-01
  4.882880E+00 1.729E-01
  5.006492E+00 1.641E-01
  5.133232E+00 1.557E-01
  5.263179E+00 1.477E-01
  5.396417E+00 1.401E-01
  5.533030E+00 1.329E-01
  5.673097E+00 1.261E-01
  5.816712E+00 1.196E-01
  5.963965E+00 1.134E-01
  6.114942E+00 1.075E-01
  6.269742E+00 1.021E-01
  6.428461E+00 9.693E-02
  6.591200E+00 9.186E-02
  6.758056E+00 8.711E-02
  6.929139E+00 8.263E-02
  7.104548E+00 7.851E-02
  7.284403E+00 7.447E-02
  7.468808E+00 7.056E-02
  7.657880E+00 6.698E-02
  7.851741E+00 6.353E-02
  8.050510E+00 6.015E-02
  8.254309E+00 5.709E-02
  8.463268E+00 5.416E-02
  8.677515E+00 5.129E-02
  8.897187E+00 4.870E-02
  9.122423E+00 4.626E-02
  9.353358E+00 4.387E-02
  9.590138E+00 4.160E-02
  9.832913E+00 3.944E-02
  1.008184E+01 3.740E-02
  1.033706E+01 3.547E-02
  1.059874E+01 3.364E-02
  1.086705E+01 3.192E-02
  1.114215E+01 3.027E-02
  1.142422E+01 2.870E-02
  1.171342E+01 2.721E-02
  1.200995E+01 2.580E-02
  1.231398E+01 2.447E-02
  1.262571E+01 2.319E-02
  1.294533E+01 2.199E-02
  1.327305E+01 2.085E-02
  1.360906E+01 1.979E-02
  1.395357E+01 1.877E-02
  1.430680E+01 1.779E-02
  1.466898E+01 1.687E-02
  1.504033E+01 1.599E-02
  1.542108E+01 1.516E-02
  1.581147E+01 1.438E-02
  1.621175E+01 1.363E-02
  1.662215E+01 1.291E-02
  1.704292E+01 1.224E-02
  1.747437E+01 1.161E-02
  1.791673E+01 1.100E-02
  1.837030E+01 1.043E-02
  1.883534E+01 9.901E-03
  1.931216E+01 9.373E-03
  1.980106E+01 8.882E-03
  2.030232E+01 8.431E-03
  2.081628E+01 7.982E-03
  2.134325E+01 7.559E-03
  2.188356E+01 7.165E-03
  2.243755E+01 6.789E-03
  2.300554E+01 6.432E-03
  2.358794E+01 6.093E-03
  2.418507E+01 5.784E-03
  2.479732E+01 5.489E-03
  2.542506E+01 5.200E-03
  2.606870E+01 4.928E-03
  2.672862E+01 4.668E-03
  2.740527E+01 4.411E-03
  2.809904E+01 4.182E-03
  2.881036E+01 3.968E-03
  2.953970E+01 3.758E-03
  3.028749E+01 3.559E-03
  3.105424E+01 3.371E-03
  3.184039E+01 3.193E-03
  3.264642E+01 3.025E-03
  3.347289E+01 2.865E-03
  3.534129E+01 2.555E-03
  3.731276E+01 2.272E-03
  3.939287E+01 2.021E-03
  4.158757E+01 1.797E-03
  4.390308E+01 1.598E-03
  4.634595E+01 1.422E-03
  4.892313E+01 1.264E-03
  5.164189E+01 1.124E-03
  5.450992E+01 1.000E-03
  5.753535E+01 8.892E-04
  6.072672E+01 7.908E-04
  6.409299E+01 7.033E-04
  6.764359E+01 6.254E-04
  7.138858E+01 5.561E-04
  7.533850E+01 4.946E-04
  7.950426E+01 4.398E-04
  8.389767E+01 3.911E-04
    2    1    1    1
     47     74
  6.488100E+01    0.0000
  6.171671E+01 6.382E-02
  6.327908E+01 5.911E-02
  6.488100E+01 5.475E-02
  6.652347E+01 5.071E-02
  6.820752E+01 4.696E-02
  6.993419E+01 4.350E-02
  7.170457E+01 4.031E-02
  7.351981E+01 3.735E-02
  7.538097E+01 3.459E-02
  7.728925E+01 3.203E-02
  7.924583E+01 2.966E-02
  8.125195E+01 2.745E-02
  8.330885E+01 2.541E-02
  8.541783E+01 2.351E-02
  8.758018E+01 2.174E-02
  8.979730E+01 2.011E-02
  9.207053E+01 1.859E-02
  9.440131E+01 1.719E-02
  9.679108E+01 1.590E-02
  9.924135E+01 1.468E-02
  1.017536E+02 1.358E-02
  1.043296E+02 1.254E-02
  1.069707E+02 1.158E-02
  1.096786E+02 1.070E-02
  1.124552E+02 9.874E-03
  1.153020E+02 9.114E-03
  1.182209E+02 8.402E-03
  1.212137E+02 7.745E-03
  1.242822E+02 7.149E-03
  1.274284E+02 6.579E-03
  1.306543E+02 6.079E-03
  1.339618E+02 5.593E-03
  1.373531E+02 5.140E-03
  1.408302E+02 4.742E-03
  1.443953E+02 4.357E-03
  1.480507E+02 4.016E-03
  1.517986E+02 3.695E-03
  1.556414E+02 3.398E-03
  1.595815E+02 3.124E-03
  1.636213E+02 2.871E-03
  1.677634E+02 2.637E-03
  1.720104E+02 2.423E-03
  1.763648E+02 2.226E-03
  1.808295E+02 2.042E-03
  1.854073E+02 1.874E-03
  1.901009E+02 1.720E-03
  1.949133E+02 1.577E-03
  2.022087E+02 1.395E-03
  2.097489E+02 1.230E-03
  2.175411E+02 1.084E-03
  2.255932E+02 9.552E-04
  2.339127E+02 8.417E-04
  2.425076E+02 7.417E-04
  2.513863E+02 6.536E-04
  2.605566E+02 5.759E-04
  2.700281E+02 5.074E-04
  2.798091E+02 4.470E-04
  2.899092E+02 3.938E-04
  3.003372E+02 3.470E-04
  3.111030E+02 3.056E-04
  3.222163E+02 2.692E-04
  3.336875E+02 2.372E-04
  3.455269E+02 2.089E-04
  3.577449E+02 1.840E-04
  3.703528E+02 1.621E-04
  3.833616E+02 1.427E-04
  3.967832E+02 1.257E-04
  4.106294E+02 1.107E-04
  4.249121E+02 9.748E-05
  4.396438E+02 8.584E-05
  4.548372E+02 7.559E-05
  4.705054E+02 6.656E-05
  4.866621E+02 5.861E-05
  5.033210E+02 5.160E-05
    2    1    1    2
     73     91
  2.870180E+01    0.0000
  2.597044E+01 1.322E-01
  2.662788E+01 1.245E-01
  2.730199E+01 1.172E-01
  2.799313E+01 1.103E-01
  2.870180E+01 1.038E-01
  2.942839E+01 9.772E-02
  3.017337E+01 9.200E-02
  3.093723E+01 8.661E-02
  3.172041E+01 8.157E-02
  3.252341E+01 7.660E-02
  3.334674E+01 7.196E-02
  3.419090E+01 6.776E-02
  3.505646E+01 6.357E-02
  3.594392E+01 5.969E-02
  3.685385E+01 5.610E-02
  3.778680E+01 5.269E-02
  3.874338E+01 4.948E-02
  3.972418E+01 4.647E-02
  4.072980E+01 4.362E-02
  4.176086E+01 4.081E-02
  4.281805E+01 3.827E-02
  4.390199E+01 3.589E-02
  4.501340E+01 3.363E-02
  4.615289E+01 3.150E-02
  4.732126E+01 2.950E-02
  4.851923E+01 2.762E-02
  4.974750E+01 2.586E-02
  5.100684E+01 2.421E-02
  5.229811E+01 2.265E-02
  5.362204E+01 2.118E-02
  5.497948E+01 1.979E-02
  5.637129E+01 1.850E-02
  5.779832E+01 1.728E-02
  5.926151E+01 1.616E-02
  6.076170E+01 1.510E-02
  6.229990E+01 1.409E-02
  6.387703E+01 1.316E-02
  6.549409E+01 1.227E-02
  6.715208E+01 1.144E-02
  6.885204E+01 1.067E-02
  7.059506E+01 9.949E-03
  7.238217E+01 9.273E-03
  7.421452E+01 8.643E-03
  7.609329E+01 8.046E-03
  7.801959E+01 7.498E-03
  7.999467E+01 6.993E-03
  8.201974E+01 6.502E-03
  8.409608E+01 6.056E-03
  8.622498E+01 5.637E-03
  8.840778E+01 5.244E-03
  9.064583E+01 4.878E-03
  9.294054E+01 4.532E-03
  9.529337E+01 4.194E-03
  9.770570E+01 3.901E-03
  1.001791E+02 3.626E-03
  1.027152E+02 3.367E-03
  1.053154E+02 3.125E-03
  1.079815E+02 2.900E-03
  1.107151E+02 2.691E-03
  1.135178E+02 2.494E-03
  1.163916E+02 2.313E-03
  1.193380E+02 2.144E-03
  1.223591E+02 1.987E-03
  1.254566E+02 1.840E-03
  1.286325E+02 1.705E-03
  1.318889E+02 1.579E-03
  1.352277E+02 1.461E-03
  1.386510E+02 1.351E-03
  1.421609E+02 1.250E-03
  1.457598E+02 1.157E-03
  1.494497E+02 1.070E-03
  1.532331E+02 9.882E-04
  1.571122E+02 9.116E-04
  1.634628E+02 8.053E-04
  1.700359E+02 7.101E-04
  1.768382E+02 6.261E-04
  1.838767E+02 5.520E-04
  1.911584E+02 4.866E-04
  1.986909E+02 4.290E-04
  2.064816E+02 3.781E-04
  2.145382E+02 3.333E-04
  2.228688E+02 2.938E-04
  2.314814E+02 2.589E-04
  2.403846E+02 2.282E-04
  2.495867E+02 2.011E-04
  2.590967E+02 1.772E-04
  2.689236E+02 1.562E-04
  2.790767E+02 1.376E-04
  2.895654E+02 1.212E-04
  3.003999E+02 1.068E-04
  3.115896E+02 9.410E-05
    2    1    1    3
     96    106
  1.610851E+01    0.0000
  1.352239E+01 2.319E-01
  1.386471E+01 2.192E-01
  1.421570E+01 2.072E-01
  1.457557E+01 1.959E-01
  1.494455E+01 1.851E-01
  1.532288E+01 1.750E-01
  1.571078E+01 1.654E-01
  1.610851E+01 1.564E-01
  1.651630E+01 1.478E-01
  1.693440E+01 1.397E-01
  1.736310E+01 1.321E-01
  1.780264E+01 1.249E-01
  1.825333E+01 1.181E-01
  1.871541E+01 1.117E-01
  1.918919E+01 1.055E-01
  1.967496E+01 9.964E-02
  2.017303E+01 9.402E-02
  2.068372E+01 8.887E-02
  2.120734E+01 8.385E-02
  2.174420E+01 7.902E-02
  2.229466E+01 7.467E-02
  2.285905E+01 7.040E-02
  2.343773E+01 6.631E-02
  2.403107E+01 6.253E-02
  2.463940E+01 5.895E-02
  2.526315E+01 5.555E-02
  2.590269E+01 5.232E-02
  2.655843E+01 4.929E-02
  2.723076E+01 4.642E-02
  2.792010E+01 4.371E-02
  2.862692E+01 4.120E-02
  2.935159E+01 3.880E-02
  3.009465E+01 3.652E-02
  3.085649E+01 3.437E-02
  3.163763E+01 3.233E-02
  3.243852E+01 3.040E-02
  3.325972E+01 2.859E-02
  3.410170E+01 2.687E-02
  3.496498E+01 2.525E-02
  3.585011E+01 2.372E-02
  3.675769E+01 2.228E-02
  3.768819E+01 2.092E-02
  3.864227E+01 1.964E-02
  3.962051E+01 1.843E-02
  4.062352E+01 1.729E-02
  4.165189E+01 1.623E-02
  4.270634E+01 1.523E-02
  4.378745E+01 1.428E-02
  4.489594E+01 1.339E-02
  4.603247E+01 1.254E-02
  4.719780E+01 1.175E-02
  4.839261E+01 1.101E-02
  4.961768E+01 1.031E-02
  5.087376E+01 9.654E-03
  5.216164E+01 9.041E-03
  5.348210E+01 8.463E-03
  5.483601E+01 7.913E-03
  5.622418E+01 7.403E-03
  5.764751E+01 6.920E-03
  5.910687E+01 6.469E-03
  6.060316E+01 6.055E-03
  6.213734E+01 5.662E-03
  6.371034E+01 5.278E-03
  6.532320E+01 4.925E-03
  6.697684E+01 4.602E-03
  6.867239E+01 4.300E-03
  7.041084E+01 4.021E-03
  7.219328E+01 3.747E-03
  7.402087E+01 3.491E-03
  7.589471E+01 3.256E-03
  7.781601E+01 3.035E-03
  7.978590E+01 2.828E-03
  8.180571E+01 2.636E-03
  8.387663E+01 2.456E-03
  8.599997E+01 2.287E-03
  8.817706E+01 2.129E-03
  9.040930E+01 1.983E-03
  9.269803E+01 1.844E-03
  9.504469E+01 1.715E-03
  9.745074E+01 1.595E-03
  9.991772E+01 1.484E-03
  1.024472E+02 1.379E-03
  1.050406E+02 1.281E-03
  1.076997E+02 1.190E-03
  1.104262E+02 1.105E-03
  1.132216E+02 1.026E-03
  1.160878E+02 9.527E-04
  1.190266E+02 8.855E-04
  1.220398E+02 8.215E-04
  1.251292E+02 7.607E-04
  1.282969E+02 7.065E-04
  1.315448E+02 6.546E-04
  1.348748E+02 6.064E-04
  1.382892E+02 5.619E-04
  1.417900E+02 5.204E-04
  1.453794E+02 4.817E-04
  1.514476E+02 4.281E-04
  1.577391E+02 3.778E-04
  1.642612E+02 3.334E-04
  1.710212E+02 2.942E-04
  1.780270E+02 2.595E-04
  1.852866E+02 2.290E-04
  1.928080E+02 2.020E-04
  2.005995E+02 1.782E-04
  2.086699E+02 1.572E-04
  2.170279E+02 1.386E-04
    2    1    1    4
    101    113
  1.029540E+01    0.0000
  7.627005E+00 4.058E-01
  7.820085E+00 3.846E-01
  8.018052E+00 3.645E-01
  8.221032E+00 3.455E-01
  8.429150E+00 3.275E-01
  8.642536E+00 3.104E-01
  8.861324E+00 2.943E-01
  9.085650E+00 2.789E-01
  9.315657E+00 2.644E-01
  9.551485E+00 2.506E-01
  9.793283E+00 2.375E-01
  1.004120E+01 2.251E-01
  1.029540E+01 2.134E-01
  1.055603E+01 2.023E-01
  1.082325E+01 1.916E-01
  1.109725E+01 1.814E-01
  1.137818E+01 1.717E-01
  1.166622E+01 1.626E-01
  1.196155E+01 1.540E-01
  1.226436E+01 1.458E-01
  1.257483E+01 1.381E-01
  1.289316E+01 1.306E-01
  1.321956E+01 1.236E-01
  1.355421E+01 1.169E-01
  1.389734E+01 1.107E-01
  1.424915E+01 1.046E-01
  1.460987E+01 9.890E-02
  1.497972E+01 9.348E-02
  1.535893E+01 8.839E-02
  1.574775E+01 8.354E-02
  1.614639E+01 7.890E-02
  1.655515E+01 7.457E-02
  1.697424E+01 7.047E-02
  1.740395E+01 6.656E-02
  1.784453E+01 6.283E-02
  1.829626E+01 5.935E-02
  1.875945E+01 5.615E-02
  1.923434E+01 5.294E-02
  1.972125E+01 4.992E-02
  2.022050E+01 4.708E-02
  2.073239E+01 4.438E-02
  2.125723E+01 4.187E-02
  2.179536E+01 3.951E-02
  2.234711E+01 3.728E-02
  2.291283E+01 3.516E-02
  2.349287E+01 3.314E-02
  2.408760E+01 3.123E-02
  2.469737E+01 2.943E-02
  2.532260E+01 2.772E-02
  2.596362E+01 2.610E-02
  2.662093E+01 2.458E-02
  2.729483E+01 2.314E-02
  2.798579E+01 2.178E-02
  2.869426E+01 2.049E-02
  2.942065E+01 1.928E-02
  3.016544E+01 1.815E-02
  3.092908E+01 1.707E-02
  3.171207E+01 1.605E-02
  3.251485E+01 1.509E-02
  3.333797E+01 1.419E-02
  3.418195E+01 1.333E-02
  3.504724E+01 1.253E-02
  3.593446E+01 1.177E-02
  3.684415E+01 1.106E-02
  3.777689E+01 1.038E-02
  3.873318E+01 9.744E-03
  3.971373E+01 9.148E-03
  4.071910E+01 8.587E-03
  4.174989E+01 8.049E-03
  4.280681E+01 7.548E-03
  4.389047E+01 7.076E-03
  4.500156E+01 6.631E-03
  4.614079E+01 6.223E-03
  4.730882E+01 5.836E-03
  4.850647E+01 5.473E-03
  4.973444E+01 5.127E-03
  5.099345E+01 4.787E-03
  5.228436E+01 4.484E-03
  5.360794E+01 4.203E-03
  5.496503E+01 3.937E-03
  5.635648E+01 3.676E-03
  5.778314E+01 3.439E-03
  5.924594E+01 3.215E-03
  6.074574E+01 3.005E-03
  6.228354E+01 2.809E-03
  6.386026E+01 2.626E-03
  6.547688E+01 2.453E-03
  6.713445E+01 2.291E-03
  6.883395E+01 2.139E-03
  7.057652E+01 1.997E-03
  7.236314E+01 1.863E-03
  7.419502E+01 1.739E-03
  7.607327E+01 1.622E-03
  7.799911E+01 1.512E-03
  7.997365E+01 1.410E-03
  8.199821E+01 1.314E-03
  8.407401E+01 1.226E-03
  8.620232E+01 1.141E-03
  8.838454E+01 1.062E-03
  9.062202E+01 9.892E-04
  9.291612E+01 9.210E-04
  9.707593E+01 8.231E-04
  1.014026E+02 7.274E-04
  1.059023E+02 6.428E-04
  1.105811E+02 5.679E-04
  1.154454E+02 5.018E-04
  1.205020E+02 4.433E-04
  1.257577E+02 3.916E-04
  1.312194E+02 3.460E-04
  1.368946E+02 3.056E-04
  1.427905E+02 2.699E-04
  1.489151E+02 2.384E-04
  1.552765E+02 2.106E-04
    2    1    1    5
    101    115
  7.143090E+00    0.0000
  5.291728E+00 5.202E-01
  5.425689E+00 4.934E-01
  5.563041E+00 4.679E-01
  5.703871E+00 4.438E-01
  5.848265E+00 4.209E-01
  5.996315E+00 3.991E-01
  6.148113E+00 3.785E-01
  6.303753E+00 3.590E-01
  6.463334E+00 3.405E-01
  6.626954E+00 3.229E-01
  6.794716E+00 3.062E-01
  6.966726E+00 2.904E-01
  7.143090E+00 2.754E-01
  7.323918E+00 2.612E-01
  7.509322E+00 2.476E-01
  7.699424E+00 2.346E-01
  7.894334E+00 2.224E-01
  8.094181E+00 2.108E-01
  8.299085E+00 1.996E-01
  8.509177E+00 1.892E-01
  8.724587E+00 1.792E-01
  8.945452E+00 1.698E-01
  9.171908E+00 1.609E-01
  9.404097E+00 1.523E-01
  9.642162E+00 1.442E-01
  9.886255E+00 1.365E-01
  1.013653E+01 1.292E-01
  1.039313E+01 1.223E-01
  1.065624E+01 1.157E-01
  1.092600E+01 1.095E-01
  1.120259E+01 1.037E-01
  1.148619E+01 9.820E-02
  1.177696E+01 9.287E-02
  1.207510E+01 8.774E-02
  1.238078E+01 8.293E-02
  1.269420E+01 7.842E-02
  1.301556E+01 7.422E-02
  1.334505E+01 7.020E-02
  1.368288E+01 6.637E-02
  1.402926E+01 6.272E-02
  1.438442E+01 5.925E-02
  1.474856E+01 5.595E-02
  1.512192E+01 5.283E-02
  1.550473E+01 5.002E-02
  1.589724E+01 4.728E-02
  1.629968E+01 4.449E-02
  1.671231E+01 4.203E-02
  1.713538E+01 3.972E-02
  1.756915E+01 3.752E-02
  1.801393E+01 3.542E-02
  1.846996E+01 3.343E-02
  1.893753E+01 3.154E-02
  1.941693E+01 2.976E-02
  1.990846E+01 2.807E-02
  2.041246E+01 2.648E-02
  2.092920E+01 2.497E-02
  2.145901E+01 2.354E-02
  2.200226E+01 2.219E-02
  2.255925E+01 2.091E-02
  2.313034E+01 1.971E-02
  2.371590E+01 1.857E-02
  2.431625E+01 1.749E-02
  2.493182E+01 1.647E-02
  2.556297E+01 1.551E-02
  2.621011E+01 1.461E-02
  2.687364E+01 1.376E-02
  2.755392E+01 1.295E-02
  2.825145E+01 1.219E-02
  2.896664E+01 1.146E-02
  2.969997E+01 1.079E-02
  3.045181E+01 1.014E-02
  3.122272E+01 9.529E-03
  3.201311E+01 8.953E-03
  3.282352E+01 8.415E-03
  3.365446E+01 7.914E-03
  3.450642E+01 7.442E-03
  3.537994E+01 6.992E-03
  3.627560E+01 6.564E-03
  3.719391E+01 6.158E-03
  3.813550E+01 5.777E-03
  3.910089E+01 5.432E-03
  4.009074E+01 5.091E-03
  4.110565E+01 4.775E-03
  4.214622E+01 4.488E-03
  4.321318E+01 4.204E-03
  4.430713E+01 3.939E-03
  4.542879E+01 3.695E-03
  4.657880E+01 3.469E-03
  4.775795E+01 3.250E-03
  4.896693E+01 3.045E-03
  5.020654E+01 2.852E-03
  5.147752E+01 2.670E-03
  5.278070E+01 2.500E-03
  5.411687E+01 2.340E-03
  5.548680E+01 2.190E-03
  5.689146E+01 2.049E-03
  5.833170E+01 1.918E-03
  5.980836E+01 1.793E-03
  6.132240E+01 1.676E-03
  6.287479E+01 1.567E-03
  6.446648E+01 1.464E-03
  6.750636E+01 1.311E-03
  7.067715E+01 1.160E-03
  7.398395E+01 1.027E-03
  7.743210E+01 9.081E-04
  8.102711E+01 8.034E-04
  8.477473E+01 7.106E-04
  8.868088E+01 6.286E-04
  9.275180E+01 5.560E-04
  9.699377E+01 4.917E-04
  1.014134E+02 4.349E-04
  1.060175E+02 3.846E-04
  1.108132E+02 3.401E-04
  1.158077E+02 3.007E-04
  1.210087E+02 2.659E-04
    2    1    1    6
    101    116
  5.244590E+00    0.0000
  3.885275E+00 6.461E-01
  3.983632E+00 6.128E-01
  4.084479E+00 5.812E-01
  4.187880E+00 5.513E-01
  4.293897E+00 5.229E-01
  4.402599E+00 4.960E-01
  4.514053E+00 4.704E-01
  4.628328E+00 4.462E-01
  4.745496E+00 4.232E-01
  4.865630E+00 4.014E-01
  4.988805E+00 3.807E-01
  5.115099E+00 3.611E-01
  5.244590E+00 3.425E-01
  5.377359E+00 3.249E-01
  5.513486E+00 3.080E-01
  5.653062E+00 2.919E-01
  5.796170E+00 2.766E-01
  5.942901E+00 2.622E-01
  6.093345E+00 2.485E-01
  6.247599E+00 2.354E-01
  6.405758E+00 2.231E-01
  6.567921E+00 2.114E-01
  6.734188E+00 2.003E-01
  6.904664E+00 1.899E-01
  7.079457E+00 1.799E-01
  7.258673E+00 1.704E-01
  7.442428E+00 1.614E-01
  7.630834E+00 1.529E-01
  7.824010E+00 1.448E-01
  8.022076E+00 1.371E-01
  8.225156E+00 1.299E-01
  8.433377E+00 1.228E-01
  8.646868E+00 1.162E-01
  8.865766E+00 1.100E-01
  9.090203E+00 1.041E-01
  9.320322E+00 9.856E-02
  9.556269E+00 9.333E-02
  9.798186E+00 8.831E-02
  1.004623E+01 8.354E-02
  1.030055E+01 7.910E-02
  1.056131E+01 7.484E-02
  1.082867E+01 7.077E-02
  1.110280E+01 6.689E-02
  1.138387E+01 6.332E-02
  1.167205E+01 5.992E-02
  1.196753E+01 5.658E-02
  1.227049E+01 5.355E-02
  1.258112E+01 5.066E-02
  1.289961E+01 4.782E-02
  1.322617E+01 4.514E-02
  1.356099E+01 4.265E-02
  1.390429E+01 4.028E-02
  1.425628E+01 3.809E-02
  1.461717E+01 3.599E-02
  1.498721E+01 3.398E-02
  1.536661E+01 3.210E-02
  1.575562E+01 3.031E-02
  1.615448E+01 2.862E-02
  1.656343E+01 2.702E-02
  1.698273E+01 2.551E-02
  1.741264E+01 2.408E-02
  1.785345E+01 2.271E-02
  1.830542E+01 2.142E-02
  1.876883E+01 2.020E-02
  1.924396E+01 1.905E-02
  1.973112E+01 1.798E-02
  2.023062E+01 1.696E-02
  2.074277E+01 1.599E-02
  2.126785E+01 1.507E-02
  2.180627E+01 1.421E-02
  2.235829E+01 1.340E-02
  2.292430E+01 1.261E-02
  2.350462E+01 1.188E-02
  2.409964E+01 1.119E-02
  2.470975E+01 1.054E-02
  2.533527E+01 9.926E-03
  2.597662E+01 9.348E-03
  2.663423E+01 8.804E-03
  2.730849E+01 8.281E-03
  2.799980E+01 7.794E-03
  2.870860E+01 7.335E-03
  2.943536E+01 6.897E-03
  3.018054E+01 6.479E-03
  3.094456E+01 6.092E-03
  3.172794E+01 5.734E-03
  3.253114E+01 5.394E-03
  3.335464E+01 5.062E-03
  3.419902E+01 4.754E-03
  3.506477E+01 4.471E-03
  3.595245E+01 4.192E-03
  3.686259E+01 3.938E-03
  3.779578E+01 3.700E-03
  3.875259E+01 3.474E-03
  3.973360E+01 3.261E-03
  4.073946E+01 3.060E-03
  4.177080E+01 2.871E-03
  4.282822E+01 2.693E-03
  4.391240E+01 2.525E-03
  4.502406E+01 2.367E-03
  4.616386E+01 2.219E-03
  4.733252E+01 2.080E-03
  4.965167E+01 1.866E-03
  5.207631E+01 1.653E-03
  5.461090E+01 1.464E-03
  5.726013E+01 1.297E-03
  6.002876E+01 1.148E-03
  6.292178E+01 1.017E-03
  6.594447E+01 9.004E-04
  6.910217E+01 7.972E-04
  7.240050E+01 7.059E-04
  7.584534E+01 6.250E-04
  7.944272E+01 5.533E-04
  8.319890E+01 4.898E-04
  8.712047E+01 4.336E-04
  9.121413E+01 3.838E-04
  9.548712E+01 3.397E-04
    2    1    1    7
    101    117
  4.013440E+00    0.0000
  2.973228E+00 8.023E-01
  3.048496E+00 7.595E-01
  3.125669E+00 7.190E-01
  3.204796E+00 6.806E-01
  3.285926E+00 6.443E-01
  3.369109E+00 6.099E-01
  3.454399E+00 5.773E-01
  3.541848E+00 5.465E-01
  3.631510E+00 5.174E-01
  3.723443E+00 4.898E-01
  3.817702E+00 4.636E-01
  3.914348E+00 4.389E-01
  4.013440E+00 4.155E-01
  4.115041E+00 3.933E-01
  4.219213E+00 3.725E-01
  4.326024E+00 3.530E-01
  4.435538E+00 3.347E-01
  4.547822E+00 3.173E-01
  4.662952E+00 3.006E-01
  4.780994E+00 2.849E-01
  4.902027E+00 2.700E-01
  5.026122E+00 2.559E-01
  5.153360E+00 2.424E-01
  5.283817E+00 2.296E-01
  5.417579E+00 2.176E-01
  5.554724E+00 2.063E-01
  5.695343E+00 1.954E-01
  5.839520E+00 1.850E-01
  5.987349E+00 1.752E-01
  6.138919E+00 1.660E-01
  6.294327E+00 1.572E-01
  6.453668E+00 1.490E-01
  6.617044E+00 1.411E-01
  6.784555E+00 1.337E-01
  6.956307E+00 1.265E-01
  7.132406E+00 1.198E-01
  7.312965E+00 1.134E-01
  7.498092E+00 1.073E-01
  7.687910E+00 1.016E-01
  7.882530E+00 9.629E-02
  8.082077E+00 9.110E-02
  8.286674E+00 8.614E-02
  8.496454E+00 8.148E-02
  8.711541E+00 7.716E-02
  8.932076E+00 7.307E-02
  9.158193E+00 6.916E-02
  9.390033E+00 6.542E-02
  9.627743E+00 6.189E-02
  9.871470E+00 5.852E-02
  1.012137E+01 5.533E-02
  1.037759E+01 5.231E-02
  1.064030E+01 4.945E-02
  1.090966E+01 4.677E-02
  1.118584E+01 4.423E-02
  1.146901E+01 4.186E-02
  1.175935E+01 3.956E-02
  1.205704E+01 3.737E-02
  1.236227E+01 3.532E-02
  1.267522E+01 3.337E-02
  1.299609E+01 3.153E-02
  1.332509E+01 2.978E-02
  1.366242E+01 2.814E-02
  1.400828E+01 2.659E-02
  1.436290E+01 2.511E-02
  1.472651E+01 2.371E-02
  1.509931E+01 2.240E-02
  1.548155E+01 2.114E-02
  1.587346E+01 1.995E-02
  1.627530E+01 1.884E-02
  1.668732E+01 1.779E-02
  1.710976E+01 1.678E-02
  1.754289E+01 1.582E-02
  1.798698E+01 1.492E-02
  1.844234E+01 1.407E-02
  1.890919E+01 1.328E-02
  1.938789E+01 1.252E-02
  1.987869E+01 1.181E-02
  2.038193E+01 1.113E-02
  2.089790E+01 1.049E-02
  2.142694E+01 9.885E-03
  2.196936E+01 9.316E-03
  2.252551E+01 8.783E-03
  2.309575E+01 8.276E-03
  2.368042E+01 7.794E-03
  2.427991E+01 7.347E-03
  2.489455E+01 6.922E-03
  2.552477E+01 6.520E-03
  2.617091E+01 6.136E-03
  2.683344E+01 5.771E-03
  2.751273E+01 5.428E-03
  2.820921E+01 5.104E-03
  2.892332E+01 4.798E-03
  2.965553E+01 4.511E-03
  3.040627E+01 4.241E-03
  3.117603E+01 3.991E-03
  3.196523E+01 3.753E-03
  3.277443E+01 3.528E-03
  3.360411E+01 3.315E-03
  3.445480E+01 3.115E-03
  3.532703E+01 2.925E-03
  3.622134E+01 2.747E-03
  3.804887E+01 2.470E-03
  3.996338E+01 2.190E-03
  4.196875E+01 1.941E-03
  4.406908E+01 1.721E-03
  4.626859E+01 1.525E-03
  4.857173E+01 1.352E-03
  5.098309E+01 1.198E-03
  5.350748E+01 1.062E-03
  5.614995E+01 9.412E-04
  5.891568E+01 8.341E-04
  6.181009E+01 7.392E-04
  6.483882E+01 6.550E-04
  6.800783E+01 5.804E-04
  7.132318E+01 5.143E-04
  7.479135E+01 4.556E-04
  7.841898E+01 4.037E-04
    2    1    1    8
    101    118
  3.169920E+00    0.0000
  2.348340E+00 9.418E-01
  2.407788E+00 8.919E-01
  2.468741E+00 8.448E-01
  2.531237E+00 8.001E-01
  2.595315E+00 7.578E-01
  2.661015E+00 7.177E-01
  2.728379E+00 6.797E-01
  2.797447E+00 6.438E-01
  2.868264E+00 6.097E-01
  2.940874E+00 5.774E-01
  3.015322E+00 5.469E-01
  3.091655E+00 5.180E-01
  3.169920E+00 4.906E-01
  3.250166E+00 4.646E-01
  3.332446E+00 4.402E-01
  3.416806E+00 4.171E-01
  3.503304E+00 3.959E-01
  3.591991E+00 3.755E-01
  3.682920E+00 3.558E-01
  3.776154E+00 3.372E-01
  3.871750E+00 3.195E-01
  3.969761E+00 3.027E-01
  4.070259E+00 2.869E-01
  4.173298E+00 2.719E-01
  4.278943E+00 2.576E-01
  4.387267E+00 2.440E-01
  4.498329E+00 2.311E-01
  4.612207E+00 2.190E-01
  4.728965E+00 2.075E-01
  4.848678E+00 1.966E-01
  4.971424E+00 1.863E-01
  5.097276E+00 1.763E-01
  5.226313E+00 1.670E-01
  5.358618E+00 1.582E-01
  5.494274E+00 1.498E-01
  5.633360E+00 1.419E-01
  5.775970E+00 1.344E-01
  5.922191E+00 1.273E-01
  6.072110E+00 1.205E-01
  6.225827E+00 1.141E-01
  6.383433E+00 1.080E-01
  6.545033E+00 1.022E-01
  6.710720E+00 9.681E-02
  6.880605E+00 9.171E-02
  7.054785E+00 8.687E-02
  7.233380E+00 8.223E-02
  7.416493E+00 7.777E-02
  7.604241E+00 7.358E-02
  7.796744E+00 6.967E-02
  7.994121E+00 6.594E-02
  8.196491E+00 6.241E-02
  8.403988E+00 5.905E-02
  8.616735E+00 5.586E-02
  8.834867E+00 5.285E-02
  9.058526E+00 5.001E-02
  9.287844E+00 4.717E-02
  9.522964E+00 4.456E-02
  9.764039E+00 4.220E-02
  1.001122E+01 3.985E-02
  1.026466E+01 3.769E-02
  1.052451E+01 3.572E-02
  1.079093E+01 3.377E-02
  1.106411E+01 3.192E-02
  1.134420E+01 3.017E-02
  1.163137E+01 2.852E-02
  1.192583E+01 2.696E-02
  1.222773E+01 2.548E-02
  1.253728E+01 2.407E-02
  1.285466E+01 2.273E-02
  1.318008E+01 2.147E-02
  1.351373E+01 2.028E-02
  1.385583E+01 1.916E-02
  1.420659E+01 1.809E-02
  1.456623E+01 1.709E-02
  1.493498E+01 1.613E-02
  1.531307E+01 1.523E-02
  1.570072E+01 1.438E-02
  1.609818E+01 1.357E-02
  1.650571E+01 1.280E-02
  1.692355E+01 1.207E-02
  1.735197E+01 1.139E-02
  1.779124E+01 1.075E-02
  1.824162E+01 1.014E-02
  1.870341E+01 9.569E-03
  1.917690E+01 9.021E-03
  1.966235E+01 8.504E-03
  2.016013E+01 8.018E-03
  2.067047E+01 7.554E-03
  2.119376E+01 7.118E-03
  2.173027E+01 6.713E-03
  2.228038E+01 6.326E-03
  2.284441E+01 5.961E-03
  2.342271E+01 5.615E-03
  2.401567E+01 5.288E-03
  2.462363E+01 4.980E-03
  2.524696E+01 4.689E-03
  2.588609E+01 4.417E-03
  2.654141E+01 4.146E-03
  2.721330E+01 3.900E-03
  2.790224E+01 3.673E-03
  2.860857E+01 3.455E-03
  3.008189E+01 3.105E-03
  3.162755E+01 2.754E-03
  3.324895E+01 2.443E-03
  3.494960E+01 2.167E-03
  3.673320E+01 1.922E-03
  3.860361E+01 1.705E-03
  4.056487E+01 1.512E-03
  4.262119E+01 1.341E-03
  4.477695E+01 1.190E-03
  4.703677E+01 1.055E-03
  4.940543E+01 9.355E-04
  5.188789E+01 8.295E-04
  5.448947E+01 7.356E-04
  5.721552E+01 6.522E-04
  6.007181E+01 5.783E-04
  6.306425E+01 5.127E-04
  6.619902E+01 4.546E-04
    2    2    0    1
     67     75
  2.845590E+01    0.0000
  2.574796E+01 1.010E-01
  2.639977E+01 9.248E-02
  2.706808E+01 8.466E-02
  2.775333E+01 7.749E-02
  2.845590E+01 7.093E-02
  2.917627E+01 6.493E-02
  2.991487E+01 5.956E-02
  3.067216E+01 5.480E-02
  3.144864E+01 5.022E-02
  3.224477E+01 4.598E-02
  3.306104E+01 4.210E-02
  3.389799E+01 3.858E-02
  3.475610E+01 3.533E-02
  3.563599E+01 3.234E-02
  3.653812E+01 2.959E-02
  3.746307E+01 2.709E-02
  3.841145E+01 2.477E-02
  3.938385E+01 2.266E-02
  4.038086E+01 2.071E-02
  4.140309E+01 1.892E-02
  4.245122E+01 1.729E-02
  4.352588E+01 1.580E-02
  4.462775E+01 1.441E-02
  4.575748E+01 1.317E-02
  4.691583E+01 1.201E-02
  4.810355E+01 1.097E-02
  4.932129E+01 1.001E-02
  5.056984E+01 9.125E-03
  5.185005E+01 8.320E-03
  5.316264E+01 7.571E-03
  5.450845E+01 6.899E-03
  5.588834E+01 6.291E-03
  5.730315E+01 5.731E-03
  5.875380E+01 5.215E-03
  6.024113E+01 4.741E-03
  6.176616E+01 4.310E-03
  6.332977E+01 3.921E-03
  6.493298E+01 3.566E-03
  6.657677E+01 3.241E-03
  6.826216E+01 2.945E-03
  6.999025E+01 2.675E-03
  7.176205E+01 2.429E-03
  7.357870E+01 2.205E-03
  7.544138E+01 2.000E-03
  7.735117E+01 1.815E-03
  7.930933E+01 1.646E-03
  8.131705E+01 1.493E-03
  8.337560E+01 1.353E-03
  8.548625E+01 1.225E-03
  8.765034E+01 1.110E-03
  8.986922E+01 1.004E-03
  9.214429E+01 9.106E-04
  9.447694E+01 8.240E-04
  9.686862E+01 7.458E-04
  9.932088E+01 6.740E-04
  1.018352E+02 6.095E-04
  1.044132E+02 5.504E-04
  1.070564E+02 4.963E-04
  1.097665E+02 4.493E-04
  1.125453E+02 4.051E-04
  1.153944E+02 3.659E-04
  1.183156E+02 3.302E-04
  1.213108E+02 2.978E-04
  1.243818E+02 2.685E-04
  1.275305E+02 2.420E-04
  1.307590E+02 2.182E-04
  1.340691E+02 1.967E-04
  1.382668E+02 1.733E-04
  1.425819E+02 1.524E-04
  1.470170E+02 1.340E-04
  1.515754E+02 1.178E-04
  1.562599E+02 1.035E-04
  1.610738E+02 9.103E-05
  1.660202E+02 8.003E-05
  1.711023E+02 7.035E-05
    2    2    0    2
     89     90
  1.600610E+01    0.0000
  1.343643E+01 2.286E-01
  1.377657E+01 2.132E-01
  1.412533E+01 1.989E-01
  1.448291E+01 1.854E-01
  1.484955E+01 1.729E-01
  1.522547E+01 1.613E-01
  1.561091E+01 1.504E-01
  1.600610E+01 1.403E-01
  1.641130E+01 1.308E-01
  1.682675E+01 1.220E-01
  1.725272E+01 1.137E-01
  1.768948E+01 1.058E-01
  1.813728E+01 9.856E-02
  1.859644E+01 9.179E-02
  1.906721E+01 8.551E-02
  1.954990E+01 7.955E-02
  2.004480E+01 7.390E-02
  2.055225E+01 6.861E-02
  2.107253E+01 6.375E-02
  2.160599E+01 5.915E-02
  2.215292E+01 5.502E-02
  2.271375E+01 5.104E-02
  2.328874E+01 4.737E-02
  2.387830E+01 4.401E-02
  2.448277E+01 4.075E-02
  2.510255E+01 3.775E-02
  2.573804E+01 3.498E-02
  2.638960E+01 3.239E-02
  2.705766E+01 2.998E-02
  2.774261E+01 2.775E-02
  2.844495E+01 2.567E-02
  2.916501E+01 2.373E-02
  2.990334E+01 2.194E-02
  3.066034E+01 2.028E-02
  3.143652E+01 1.873E-02
  3.223232E+01 1.729E-02
  3.304829E+01 1.596E-02
  3.388490E+01 1.472E-02
  3.474271E+01 1.358E-02
  3.562222E+01 1.253E-02
  3.652402E+01 1.154E-02
  3.744861E+01 1.063E-02
  3.839664E+01 9.807E-03
  3.936867E+01 9.029E-03
  4.036528E+01 8.308E-03
  4.138712E+01 7.630E-03
  4.243486E+01 7.013E-03
  4.350909E+01 6.456E-03
  4.461053E+01 5.933E-03
  4.573985E+01 5.450E-03
  4.689777E+01 4.999E-03
  4.808499E+01 4.584E-03
  4.930228E+01 4.224E-03
  5.055035E+01 3.869E-03
  5.183006E+01 3.546E-03
  5.314212E+01 3.250E-03
  5.448743E+01 2.977E-03
  5.586678E+01 2.727E-03
  5.728104E+01 2.497E-03
  5.873114E+01 2.285E-03
  6.021793E+01 2.091E-03
  6.174234E+01 1.912E-03
  6.330534E+01 1.747E-03
  6.490794E+01 1.597E-03
  6.655109E+01 1.459E-03
  6.823586E+01 1.333E-03
  6.996326E+01 1.217E-03
  7.173438E+01 1.110E-03
  7.355032E+01 1.013E-03
  7.541228E+01 9.232E-04
  7.732133E+01 8.415E-04
  7.927872E+01 7.675E-04
  8.128568E+01 6.986E-04
  8.334343E+01 6.368E-04
  8.545328E+01 5.798E-04
  8.761655E+01 5.270E-04
  8.983458E+01 4.787E-04
  9.210876E+01 4.352E-04
  9.444051E+01 3.965E-04
  9.683127E+01 3.596E-04
  9.928256E+01 3.266E-04
  1.017959E+02 2.965E-04
  1.043729E+02 2.691E-04
  1.070151E+02 2.441E-04
  1.097242E+02 2.214E-04
  1.125019E+02 2.007E-04
  1.153499E+02 1.819E-04
  1.182700E+02 1.648E-04
  1.212640E+02 1.494E-04
  1.252410E+02 1.312E-04
    2    2    0    3
    109    109
  1.024340E+01    0.0000
  7.588482E+00 4.438E-01
  7.780587E+00 4.169E-01
  7.977555E+00 3.917E-01
  8.179509E+00 3.680E-01
  8.386576E+00 3.458E-01
  8.598884E+00 3.248E-01
  8.816567E+00 3.052E-01
  9.039761E+00 2.867E-01
  9.268605E+00 2.694E-01
  9.503242E+00 2.531E-01
  9.743820E+00 2.378E-01
  9.990487E+00 2.234E-01
  1.024340E+01 2.099E-01
  1.050271E+01 1.972E-01
  1.076859E+01 1.852E-01
  1.104120E+01 1.738E-01
  1.132071E+01 1.632E-01
  1.160729E+01 1.531E-01
  1.190113E+01 1.436E-01
  1.220241E+01 1.345E-01
  1.251132E+01 1.261E-01
  1.282804E+01 1.181E-01
  1.315279E+01 1.106E-01
  1.348575E+01 1.036E-01
  1.382714E+01 9.708E-02
  1.417718E+01 9.077E-02
  1.453608E+01 8.487E-02
  1.490406E+01 7.938E-02
  1.528136E+01 7.427E-02
  1.566821E+01 6.939E-02
  1.606485E+01 6.476E-02
  1.647153E+01 6.049E-02
  1.688850E+01 5.654E-02
  1.731604E+01 5.283E-02
  1.775439E+01 4.915E-02
  1.820386E+01 4.586E-02
  1.866469E+01 4.273E-02
  1.913719E+01 3.978E-02
  1.962164E+01 3.714E-02
  2.011838E+01 3.459E-02
  2.062769E+01 3.221E-02
  2.114987E+01 2.998E-02
  2.168529E+01 2.790E-02
  2.223425E+01 2.595E-02
  2.279710E+01 2.413E-02
  2.337422E+01 2.243E-02
  2.396594E+01 2.085E-02
  2.457265E+01 1.936E-02
  2.519470E+01 1.797E-02
  2.583250E+01 1.668E-02
  2.648647E+01 1.549E-02
  2.715697E+01 1.436E-02
  2.784445E+01 1.331E-02
  2.854933E+01 1.234E-02
  2.927205E+01 1.143E-02
  3.001308E+01 1.059E-02
  3.077286E+01 9.813E-03
  3.155190E+01 9.078E-03
  3.235063E+01 8.396E-03
  3.316959E+01 7.770E-03
  3.400929E+01 7.178E-03
  3.487022E+01 6.636E-03
  3.575298E+01 6.133E-03
  3.665807E+01 5.663E-03
  3.758607E+01 5.222E-03
  3.853757E+01 4.822E-03
  3.951315E+01 4.460E-03
  4.051344E+01 4.110E-03
  4.153905E+01 3.784E-03
  4.259061E+01 3.486E-03
  4.366879E+01 3.210E-03
  4.477428E+01 2.957E-03
  4.590775E+01 2.720E-03
  4.706989E+01 2.503E-03
  4.826147E+01 2.302E-03
  4.948323E+01 2.117E-03
  5.073589E+01 1.946E-03
  5.202029E+01 1.788E-03
  5.333717E+01 1.643E-03
  5.468741E+01 1.508E-03
  5.607182E+01 1.383E-03
  5.749129E+01 1.268E-03
  5.894670E+01 1.163E-03
  6.043893E+01 1.066E-03
  6.196896E+01 9.769E-04
  6.353770E+01 8.949E-04
  6.514618E+01 8.191E-04
  6.679536E+01 7.492E-04
  6.848630E+01 6.864E-04
  7.022005E+01 6.268E-04
  7.199767E+01 5.732E-04
  7.382030E+01 5.233E-04
  7.568906E+01 4.775E-04
  7.760516E+01 4.363E-04
  7.956972E+01 3.992E-04
  8.158405E+01 3.638E-04
  8.364935E+01 3.319E-04
  8.576694E+01 3.025E-04
  8.793813E+01 2.756E-04
  9.016431E+01 2.510E-04
  9.244682E+01 2.285E-04
  9.478711E+01 2.081E-04
  9.718668E+01 1.894E-04
  9.964697E+01 1.722E-04
  1.021695E+02 1.565E-04
  1.047560E+02 1.422E-04
  1.074079E+02 1.292E-04
  1.101269E+02 1.173E-04
  1.129148E+02 1.065E-04
    2    2    0    4
    109    109
  7.113150E+00    0.0000
  5.269548E+00 5.738E-01
  5.402948E+00 5.408E-01
  5.539724E+00 5.097E-01
  5.679964E+00 4.803E-01
  5.823753E+00 4.527E-01
  5.971182E+00 4.266E-01
  6.122344E+00 4.021E-01
  6.277332E+00 3.789E-01
  6.436243E+00 3.571E-01
  6.599178E+00 3.366E-01
  6.766237E+00 3.172E-01
  6.937525E+00 2.990E-01
  7.113150E+00 2.818E-01
  7.293221E+00 2.655E-01
  7.477847E+00 2.502E-01
  7.667152E+00 2.358E-01
  7.861245E+00 2.221E-01
  8.060255E+00 2.092E-01
  8.264299E+00 1.970E-01
  8.473512E+00 1.855E-01
  8.688020E+00 1.745E-01
  8.907957E+00 1.642E-01
  9.133465E+00 1.545E-01
  9.364680E+00 1.452E-01
  9.601748E+00 1.365E-01
  9.844818E+00 1.283E-01
  1.009404E+01 1.204E-01
  1.034957E+01 1.132E-01
  1.061157E+01 1.063E-01
  1.088021E+01 9.986E-02
  1.115564E+01 9.362E-02
  1.143805E+01 8.793E-02
  1.172760E+01 8.255E-02
  1.202449E+01 7.741E-02
  1.232889E+01 7.250E-02
  1.264100E+01 6.799E-02
  1.296100E+01 6.372E-02
  1.328911E+01 5.969E-02
  1.362553E+01 5.587E-02
  1.397046E+01 5.227E-02
  1.432413E+01 4.889E-02
  1.468674E+01 4.571E-02
  1.505854E+01 4.275E-02
  1.543975E+01 3.999E-02
  1.583061E+01 3.743E-02
  1.623135E+01 3.500E-02
  1.664226E+01 3.270E-02
  1.706355E+01 3.053E-02
  1.749551E+01 2.852E-02
  1.793843E+01 2.662E-02
  1.839255E+01 2.483E-02
  1.885815E+01 2.316E-02
  1.933554E+01 2.159E-02
  1.982503E+01 2.013E-02
  2.032690E+01 1.876E-02
  2.084148E+01 1.748E-02
  2.136908E+01 1.629E-02
  2.191003E+01 1.516E-02
  2.246471E+01 1.412E-02
  2.303340E+01 1.314E-02
  2.361649E+01 1.221E-02
  2.421434E+01 1.135E-02
  2.482733E+01 1.055E-02
  2.545584E+01 9.799E-03
  2.610025E+01 9.104E-03
  2.676100E+01 8.460E-03
  2.743845E+01 7.852E-03
  2.813304E+01 7.286E-03
  2.884523E+01 6.762E-03
  2.957549E+01 6.268E-03
  3.032417E+01 5.804E-03
  3.109184E+01 5.387E-03
  3.187894E+01 4.983E-03
  3.268594E+01 4.619E-03
  3.351340E+01 4.277E-03
  3.436180E+01 3.951E-03
  3.523164E+01 3.655E-03
  3.612357E+01 3.379E-03
  3.703802E+01 3.124E-03
  3.797566E+01 2.886E-03
  3.893701E+01 2.666E-03
  3.992271E+01 2.460E-03
  4.093336E+01 2.270E-03
  4.196957E+01 2.094E-03
  4.303206E+01 1.931E-03
  4.412141E+01 1.780E-03
  4.523837E+01 1.641E-03
  4.638358E+01 1.513E-03
  4.755777E+01 1.392E-03
  4.876170E+01 1.282E-03
  4.999609E+01 1.180E-03
  5.126176E+01 1.085E-03
  5.255946E+01 9.968E-04
  5.389003E+01 9.175E-04
  5.525423E+01 8.428E-04
  5.665302E+01 7.723E-04
  5.808720E+01 7.099E-04
  5.955766E+01 6.521E-04
  6.106538E+01 5.983E-04
  6.261124E+01 5.482E-04
  6.419627E+01 5.018E-04
  6.582140E+01 4.605E-04
  6.748769E+01 4.220E-04
  6.919615E+01 3.860E-04
  7.094785E+01 3.531E-04
  7.274391E+01 3.230E-04
  7.458543E+01 2.952E-04
  7.647356E+01 2.699E-04
  7.840952E+01 2.466E-04
    2    2    0    5
    109    112
  5.225810E+00    0.0000
  3.871362E+00 7.050E-01
  3.969368E+00 6.661E-01
  4.069854E+00 6.293E-01
  4.172884E+00 5.945E-01
  4.278522E+00 5.616E-01
  4.386835E+00 5.306E-01
  4.497889E+00 5.013E-01
  4.611755E+00 4.736E-01
  4.728503E+00 4.474E-01
  4.848207E+00 4.227E-01
  4.970942E+00 3.993E-01
  5.096783E+00 3.773E-01
  5.225810E+00 3.564E-01
  5.358104E+00 3.367E-01
  5.493743E+00 3.180E-01
  5.632820E+00 3.002E-01
  5.775415E+00 2.835E-01
  5.921620E+00 2.675E-01
  6.071526E+00 2.524E-01
  6.225228E+00 2.382E-01
  6.382821E+00 2.247E-01
  6.544403E+00 2.119E-01
  6.710074E+00 1.997E-01
  6.879940E+00 1.883E-01
  7.054107E+00 1.775E-01
  7.232682E+00 1.672E-01
  7.415779E+00 1.575E-01
  7.603509E+00 1.483E-01
  7.795994E+00 1.397E-01
  7.993350E+00 1.316E-01
  8.195704E+00 1.239E-01
  8.403179E+00 1.166E-01
  8.615905E+00 1.097E-01
  8.834019E+00 1.032E-01
  9.057652E+00 9.707E-02
  9.286948E+00 9.126E-02
  9.522050E+00 8.568E-02
  9.763101E+00 8.062E-02
  1.001025E+01 7.576E-02
  1.026367E+01 7.108E-02
  1.052349E+01 6.676E-02
  1.078990E+01 6.266E-02
  1.106304E+01 5.877E-02
  1.134310E+01 5.510E-02
  1.163026E+01 5.180E-02
  1.192468E+01 4.859E-02
  1.222655E+01 4.552E-02
  1.253607E+01 4.266E-02
  1.285342E+01 3.998E-02
  1.317881E+01 3.749E-02
  1.351243E+01 3.513E-02
  1.385450E+01 3.289E-02
  1.420523E+01 3.079E-02
  1.456483E+01 2.881E-02
  1.493355E+01 2.695E-02
  1.531159E+01 2.522E-02
  1.569920E+01 2.359E-02
  1.609663E+01 2.205E-02
  1.650412E+01 2.060E-02
  1.692192E+01 1.925E-02
  1.735030E+01 1.798E-02
  1.778954E+01 1.678E-02
  1.823987E+01 1.567E-02
  1.870161E+01 1.463E-02
  1.917505E+01 1.366E-02
  1.966048E+01 1.273E-02
  2.015817E+01 1.186E-02
  2.066849E+01 1.105E-02
  2.119171E+01 1.030E-02
  2.172818E+01 9.597E-03
  2.227823E+01 8.942E-03
  2.284221E+01 8.332E-03
  2.342046E+01 7.750E-03
  2.401335E+01 7.199E-03
  2.462126E+01 6.689E-03
  2.524454E+01 6.222E-03
  2.588361E+01 5.793E-03
  2.653886E+01 5.375E-03
  2.721069E+01 5.003E-03
  2.789954E+01 4.641E-03
  2.860582E+01 4.300E-03
  2.932997E+01 3.988E-03
  3.007246E+01 3.702E-03
  3.083376E+01 3.432E-03
  3.161432E+01 3.180E-03
  3.241466E+01 2.948E-03
  3.323521E+01 2.730E-03
  3.407655E+01 2.527E-03
  3.493922E+01 2.338E-03
  3.582372E+01 2.163E-03
  3.673059E+01 2.001E-03
  3.766045E+01 1.851E-03
  3.861382E+01 1.710E-03
  3.959132E+01 1.580E-03
  4.059358E+01 1.459E-03
  4.162123E+01 1.346E-03
  4.267487E+01 1.243E-03
  4.375516E+01 1.147E-03
  4.486285E+01 1.058E-03
  4.599857E+01 9.754E-04
  4.716302E+01 8.988E-04
  4.835696E+01 8.278E-04
  4.958113E+01 7.612E-04
  5.083627E+01 7.005E-04
  5.212318E+01 6.455E-04
  5.344270E+01 5.941E-04
  5.479559E+01 5.461E-04
  5.618275E+01 5.016E-04
  5.760506E+01 4.606E-04
  5.984245E+01 4.147E-04
  6.215555E+01 3.655E-04
  6.454654E+01 3.221E-04
    2    2    0    6
    109    114
  4.000900E+00    0.0000
  2.963938E+00 8.545E-01
  3.038970E+00 8.078E-01
  3.115902E+00 7.637E-01
  3.194782E+00 7.219E-01
  3.275659E+00 6.825E-01
  3.358582E+00 6.452E-01
  3.443605E+00 6.099E-01
  3.530781E+00 5.766E-01
  3.620163E+00 5.450E-01
  3.711808E+00 5.153E-01
  3.805773E+00 4.871E-01
  3.902117E+00 4.605E-01
  4.000900E+00 4.353E-01
  4.102183E+00 4.115E-01
  4.206030E+00 3.889E-01
  4.312507E+00 3.675E-01
  4.421679E+00 3.473E-01
  4.533612E+00 3.282E-01
  4.648382E+00 3.102E-01
  4.766056E+00 2.931E-01
  4.886711E+00 2.769E-01
  5.010417E+00 2.615E-01
  5.137258E+00 2.468E-01
  5.267307E+00 2.330E-01
  5.400651E+00 2.200E-01
  5.537368E+00 2.076E-01
  5.677547E+00 1.960E-01
  5.821275E+00 1.850E-01
  5.968641E+00 1.745E-01
  6.119738E+00 1.646E-01
  6.274660E+00 1.552E-01
  6.433503E+00 1.464E-01
  6.596369E+00 1.379E-01
  6.763357E+00 1.299E-01
  6.934572E+00 1.224E-01
  7.110120E+00 1.153E-01
  7.290115E+00 1.087E-01
  7.474664E+00 1.024E-01
  7.663888E+00 9.641E-02
  7.857900E+00 9.077E-02
  8.056824E+00 8.539E-02
  8.260781E+00 8.028E-02
  8.469906E+00 7.553E-02
  8.684321E+00 7.113E-02
  8.904167E+00 6.691E-02
  9.129577E+00 6.280E-02
  9.360692E+00 5.908E-02
  9.597660E+00 5.554E-02
  9.840627E+00 5.221E-02
  1.008974E+01 4.908E-02
  1.034516E+01 4.598E-02
  1.060705E+01 4.315E-02
  1.087557E+01 4.057E-02
  1.115089E+01 3.809E-02
  1.143318E+01 3.573E-02
  1.172261E+01 3.352E-02
  1.201937E+01 3.144E-02
  1.232364E+01 2.946E-02
  1.263561E+01 2.763E-02
  1.295549E+01 2.590E-02
  1.328346E+01 2.426E-02
  1.361973E+01 2.273E-02
  1.396451E+01 2.128E-02
  1.431803E+01 1.992E-02
  1.468049E+01 1.864E-02
  1.505213E+01 1.743E-02
  1.543318E+01 1.631E-02
  1.582386E+01 1.525E-02
  1.622446E+01 1.426E-02
  1.663518E+01 1.333E-02
  1.705630E+01 1.245E-02
  1.748808E+01 1.164E-02
  1.793079E+01 1.086E-02
  1.838470E+01 1.013E-02
  1.885011E+01 9.462E-03
  1.932732E+01 8.836E-03
  1.981659E+01 8.237E-03
  2.031825E+01 7.682E-03
  2.083260E+01 7.162E-03
  2.135999E+01 6.672E-03
  2.190071E+01 6.225E-03
  2.245514E+01 5.785E-03
  2.302359E+01 5.384E-03
  2.360643E+01 5.014E-03
  2.420403E+01 4.670E-03
  2.481676E+01 4.347E-03
  2.544501E+01 4.031E-03
  2.608914E+01 3.749E-03
  2.674959E+01 3.485E-03
  2.742677E+01 3.238E-03
  2.812106E+01 3.007E-03
  2.883296E+01 2.790E-03
  2.956287E+01 2.590E-03
  3.031125E+01 2.402E-03
  3.107861E+01 2.228E-03
  3.186534E+01 2.065E-03
  3.267203E+01 1.914E-03
  3.349911E+01 1.773E-03
  3.434715E+01 1.641E-03
  3.521664E+01 1.519E-03
  3.610817E+01 1.406E-03
  3.702226E+01 1.302E-03
  3.795949E+01 1.204E-03
  3.892043E+01 1.112E-03
  3.990570E+01 1.028E-03
  4.091592E+01 9.489E-04
  4.195171E+01 8.761E-04
  4.301373E+01 8.095E-04
  4.410262E+01 7.468E-04
  4.590921E+01 6.749E-04
  4.778111E+01 5.954E-04
  4.972037E+01 5.253E-04
  5.172917E+01 4.633E-04
  5.380969E+01 4.087E-04
    2    2    0    7
    109    116
  3.161130E+00    0.0000
  2.341828E+00 9.846E-01
  2.401111E+00 9.332E-01
  2.461895E+00 8.844E-01
  2.524218E+00 8.382E-01
  2.588118E+00 7.944E-01
  2.653636E+00 7.529E-01
  2.720813E+00 7.136E-01
  2.789690E+00 6.763E-01
  2.860311E+00 6.410E-01
  2.932719E+00 6.075E-01
  3.006961E+00 5.758E-01
  3.083082E+00 5.457E-01
  3.161130E+00 5.172E-01
  3.241154E+00 4.902E-01
  3.323205E+00 4.639E-01
  3.407331E+00 4.384E-01
  3.493590E+00 4.146E-01
  3.582030E+00 3.919E-01
  3.672708E+00 3.703E-01
  3.765683E+00 3.501E-01
  3.861014E+00 3.310E-01
  3.958753E+00 3.129E-01
  4.058972E+00 2.958E-01
  4.161726E+00 2.795E-01
  4.267078E+00 2.640E-01
  4.375101E+00 2.494E-01
  4.485856E+00 2.356E-01
  4.599418E+00 2.226E-01
  4.715851E+00 2.103E-01
  4.835233E+00 1.986E-01
  4.957639E+00 1.874E-01
  5.083142E+00 1.768E-01
  5.211821E+00 1.669E-01
  5.343759E+00 1.575E-01
  5.479039E+00 1.487E-01
  5.617739E+00 1.403E-01
  5.759953E+00 1.323E-01
  5.905769E+00 1.248E-01
  6.055272E+00 1.177E-01
  6.208563E+00 1.110E-01
  6.365733E+00 1.046E-01
  6.526884E+00 9.862E-02
  6.692111E+00 9.298E-02
  6.861525E+00 8.762E-02
  7.035223E+00 8.249E-02
  7.213322E+00 7.772E-02
  7.395927E+00 7.319E-02
  7.583155E+00 6.887E-02
  7.775124E+00 6.476E-02
  7.971954E+00 6.099E-02
  8.173763E+00 5.745E-02
  8.380684E+00 5.408E-02
  8.592840E+00 5.076E-02
  8.810369E+00 4.774E-02
  9.033407E+00 4.492E-02
  9.262089E+00 4.216E-02
  9.496558E+00 3.964E-02
  9.736964E+00 3.727E-02
  9.983459E+00 3.503E-02
  1.023619E+01 3.289E-02
  1.049532E+01 3.089E-02
  1.076101E+01 2.900E-02
  1.103343E+01 2.722E-02
  1.131274E+01 2.554E-02
  1.159912E+01 2.396E-02
  1.189276E+01 2.247E-02
  1.219382E+01 2.107E-02
  1.250251E+01 1.975E-02
  1.281901E+01 1.852E-02
  1.314353E+01 1.735E-02
  1.347626E+01 1.625E-02
  1.381741E+01 1.522E-02
  1.416720E+01 1.425E-02
  1.452584E+01 1.334E-02
  1.489357E+01 1.249E-02
  1.527060E+01 1.169E-02
  1.565718E+01 1.093E-02
  1.605354E+01 1.021E-02
  1.645995E+01 9.544E-03
  1.687663E+01 8.918E-03
  1.730386E+01 8.336E-03
  1.774191E+01 7.779E-03
  1.819106E+01 7.263E-03
  1.865155E+01 6.780E-03
  1.912372E+01 6.326E-03
  1.960783E+01 5.915E-03
  2.010422E+01 5.510E-03
  2.061314E+01 5.140E-03
  2.113498E+01 4.792E-03
  2.167001E+01 4.460E-03
  2.221860E+01 4.169E-03
  2.278107E+01 3.875E-03
  2.335777E+01 3.606E-03
  2.394907E+01 3.356E-03
  2.455534E+01 3.122E-03
  2.517697E+01 2.903E-03
  2.581432E+01 2.701E-03
  2.646780E+01 2.510E-03
  2.713785E+01 2.331E-03
  2.782486E+01 2.166E-03
  2.852924E+01 2.012E-03
  2.925145E+01 1.866E-03
  2.999194E+01 1.734E-03
  3.075124E+01 1.607E-03
  3.152969E+01 1.490E-03
  3.232787E+01 1.382E-03
  3.314626E+01 1.281E-03
  3.398537E+01 1.186E-03
  3.484569E+01 1.097E-03
  3.633772E+01 9.953E-04
  3.788683E+01 8.789E-04
  3.949496E+01 7.760E-04
  4.116417E+01 6.851E-04
  4.289648E+01 6.049E-04
  4.469408E+01 5.340E-04
  4.655913E+01 4.714E-04
    0    0    0    0
