   20   11    P
    2    0    0    1
     12     54
  1.544330E+01     .0000
  1.444330E+01 1.496E-01
  1.464330E+01 1.467E-01
  1.484330E+01 1.438E-01
  1.504330E+01 1.410E-01
  1.524330E+01 1.382E-01
  1.544330E+01 1.356E-01
  1.644330E+01 1.235E-01
  1.744330E+01 1.130E-01
  1.844330E+01 1.038E-01
  1.944330E+01 9.576E-02
  2.044330E+01 8.861E-02
  2.144330E+01 8.223E-02
  2.372609E+01 7.037E-02
  2.625191E+01 6.023E-02
  2.904662E+01 5.154E-02
  3.213882E+01 4.411E-02
  3.556024E+01 3.775E-02
  3.934589E+01 3.231E-02
  4.353455E+01 2.765E-02
  4.816911E+01 2.366E-02
  5.329707E+01 2.025E-02
  5.897090E+01 1.733E-02
  6.524881E+01 1.483E-02
  7.219501E+01 1.269E-02
  7.988066E+01 1.086E-02
  8.838458E+01 9.295E-03
  9.779373E+01 7.955E-03
  1.082047E+02 6.808E-03
  1.197238E+02 5.826E-03
  1.324692E+02 4.986E-03
  1.465716E+02 4.267E-03
  1.621752E+02 3.652E-03
  1.794398E+02 3.125E-03
  1.985426E+02 2.675E-03
  2.196788E+02 2.289E-03
  2.430654E+02 1.959E-03
  2.689412E+02 1.676E-03
  2.975720E+02 1.435E-03
  3.292510E+02 1.228E-03
  3.643020E+02 1.051E-03
  4.030842E+02 8.992E-04
  4.459961E+02 7.696E-04
  4.934751E+02 6.586E-04
  5.460095E+02 5.636E-04
  6.041360E+02 4.823E-04
  6.684507E+02 4.128E-04
  7.396123E+02 3.533E-04
  8.183491E+02 3.023E-04
  9.054683E+02 2.587E-04
  1.001863E+03 2.214E-04
  1.108518E+03 1.895E-04
  1.226528E+03 1.622E-04
  1.357101E+03 1.388E-04
  1.501573E+03 1.188E-04
    2    0    0    2
     11     50
  7.907260E+00     .0000
  6.907265E+00 2.389E-01
  7.107264E+00 2.282E-01
  7.307264E+00 2.182E-01
  7.507264E+00 2.088E-01
  7.707264E+00 2.000E-01
  7.907264E+00 1.917E-01
  8.907264E+00 1.573E-01
  9.907264E+00 1.313E-01
  1.090726E+01 1.113E-01
  1.190726E+01 9.558E-02
  1.290726E+01 8.301E-02
  1.415556E+01 7.080E-02
  1.552458E+01 6.039E-02
  1.702600E+01 5.150E-02
  1.867264E+01 4.393E-02
  2.047852E+01 3.747E-02
  2.245905E+01 3.196E-02
  2.463113E+01 2.726E-02
  2.701328E+01 2.325E-02
  2.962581E+01 1.983E-02
  3.249100E+01 1.691E-02
  3.563329E+01 1.442E-02
  3.907950E+01 1.230E-02
  4.285895E+01 1.049E-02
  4.700398E+01 8.949E-03
  5.154987E+01 7.633E-03
  5.653542E+01 6.510E-03
  6.200307E+01 5.553E-03
  6.799959E+01 4.736E-03
  7.457603E+01 4.039E-03
  8.178851E+01 3.445E-03
  8.969843E+01 2.938E-03
  9.837344E+01 2.506E-03
  1.078875E+02 2.138E-03
  1.183216E+02 1.823E-03
  1.297647E+02 1.555E-03
  1.423146E+02 1.326E-03
  1.560783E+02 1.131E-03
  1.711731E+02 9.648E-04
  1.877276E+02 8.229E-04
  2.058833E+02 7.019E-04
  2.257949E+02 5.986E-04
  2.476322E+02 5.106E-04
  2.715811E+02 4.355E-04
  2.978467E+02 3.714E-04
  3.266523E+02 3.168E-04
  3.582439E+02 2.702E-04
  3.928904E+02 2.305E-04
  4.308879E+02 1.966E-04
  4.725605E+02 1.676E-04
    2    0    0    3
     11     49
  4.808910E+00     .0000
  3.808909E+00 3.792E-01
  4.008908E+00 3.482E-01
  4.208908E+00 3.209E-01
  4.408908E+00 2.966E-01
  4.608908E+00 2.750E-01
  4.808908E+00 2.557E-01
  5.808908E+00 1.841E-01
  6.808908E+00 1.389E-01
  7.808908E+00 1.086E-01
  8.808908E+00 8.727E-02
  9.808908E+00 7.169E-02
  1.072273E+01 6.107E-02
  1.172169E+01 5.202E-02
  1.281371E+01 4.431E-02
  1.400746E+01 3.775E-02
  1.531243E+01 3.215E-02
  1.673897E+01 2.739E-02
  1.829842E+01 2.333E-02
  2.000313E+01 1.987E-02
  2.186668E+01 1.693E-02
  2.390382E+01 1.442E-02
  2.613077E+01 1.228E-02
  2.856517E+01 1.046E-02
  3.122635E+01 8.914E-03
  3.413548E+01 7.593E-03
  3.731563E+01 6.468E-03
  4.079205E+01 5.510E-03
  4.459232E+01 4.694E-03
  4.874666E+01 3.998E-03
  5.328804E+01 3.406E-03
  5.825244E+01 2.901E-03
  6.367940E+01 2.471E-03
  6.961194E+01 2.105E-03
  7.609712E+01 1.793E-03
  8.318652E+01 1.528E-03
  9.093640E+01 1.301E-03
  9.940820E+01 1.108E-03
  1.086693E+02 9.442E-04
  1.187933E+02 8.043E-04
  1.298603E+02 6.851E-04
  1.419584E+02 5.836E-04
  1.551836E+02 4.972E-04
  1.696410E+02 4.235E-04
  1.854450E+02 3.607E-04
  2.027215E+02 3.073E-04
  2.216077E+02 2.618E-04
  2.422531E+02 2.230E-04
  2.648218E+02 1.899E-04
  2.894934E+02 1.618E-04
    2    0    0    4
     12     46
  3.231970E+00     .0000
  2.423977E+00 6.509E+00
  2.431969E+00 5.350E-01
  2.631969E+00 4.667E-01
  2.831969E+00 4.106E-01
  3.031969E+00 3.641E-01
  3.231969E+00 3.251E-01
  4.231969E+00 2.000E-01
  5.231969E+00 1.355E-01
  6.231969E+00 9.806E-02
  7.231969E+00 7.432E-02
  8.231969E+00 5.831E-02
  9.231969E+00 4.700E-02
  1.006647E+01 4.000E-02
  1.097639E+01 3.404E-02
  1.196857E+01 2.896E-02
  1.305043E+01 2.465E-02
  1.423009E+01 2.098E-02
  1.551637E+01 1.785E-02
  1.691891E+01 1.519E-02
  1.844826E+01 1.293E-02
  2.011583E+01 1.100E-02
  2.193414E+01 9.361E-03
  2.391681E+01 7.966E-03
  2.607869E+01 6.779E-03
  2.843599E+01 5.769E-03
  3.100639E+01 4.909E-03
  3.380913E+01 4.178E-03
  3.686520E+01 3.555E-03
  4.019748E+01 3.025E-03
  4.383102E+01 2.575E-03
  4.779300E+01 2.191E-03
  5.211311E+01 1.864E-03
  5.682373E+01 1.587E-03
  6.196014E+01 1.350E-03
  6.756085E+01 1.149E-03
  7.366782E+01 9.778E-04
  8.032674E+01 8.321E-04
  8.758763E+01 7.081E-04
  9.550487E+01 6.026E-04
  1.041378E+02 5.128E-04
  1.135510E+02 4.364E-04
  1.238151E+02 3.714E-04
  1.350070E+02 3.160E-04
  1.472106E+02 2.689E-04
  1.605172E+02 2.289E-04
  1.750266E+02 1.948E-04
    2    0    0    5
      9     39
  2.321040E+00     .0000
  1.740780E+00 5.535E+00
  1.921043E+00 5.647E-01
  2.121043E+00 4.722E-01
  2.321043E+00 4.006E-01
  3.321043E+00 2.062E-01
  4.321043E+00 1.256E-01
  5.321043E+00 8.470E-02
  6.321043E+00 6.105E-02
  7.321043E+00 4.614E-02
  7.973927E+00 3.925E-02
  8.685032E+00 3.338E-02
  9.459554E+00 2.840E-02
  1.030315E+01 2.415E-02
  1.122197E+01 2.055E-02
  1.222273E+01 1.748E-02
  1.331274E+01 1.487E-02
  1.449996E+01 1.265E-02
  1.579305E+01 1.076E-02
  1.720145E+01 9.150E-03
  1.873546E+01 7.783E-03
  2.040625E+01 6.620E-03
  2.222606E+01 5.631E-03
  2.420816E+01 4.790E-03
  2.636702E+01 4.074E-03
  2.871841E+01 3.466E-03
  3.127946E+01 2.948E-03
  3.406895E+01 2.508E-03
  3.710719E+01 2.133E-03
  4.041635E+01 1.814E-03
  4.402065E+01 1.543E-03
  4.794638E+01 1.313E-03
  5.222215E+01 1.117E-03
  5.687929E+01 9.498E-04
  6.195174E+01 8.079E-04
  6.747649E+01 6.872E-04
  7.349399E+01 5.846E-04
  8.004813E+01 4.973E-04
  8.718668E+01 4.230E-04
  9.496191E+01 3.598E-04
    2    0    0    6
      9     36
  1.747480E+00     .0000
  1.310610E+00 5.302E+00
  1.347485E+00 7.798E-01
  1.547485E+00 6.044E-01
  1.747485E+00 4.820E-01
  2.747485E+00 2.045E-01
  3.747485E+00 1.127E-01
  4.747485E+00 7.142E-02
  5.747485E+00 4.938E-02
  6.747485E+00 3.623E-02
  7.340461E+00 3.080E-02
  7.985547E+00 2.619E-02
  8.687331E+00 2.227E-02
  9.450781E+00 1.893E-02
  1.028133E+01 1.610E-02
  1.118486E+01 1.368E-02
  1.216780E+01 1.163E-02
  1.323712E+01 9.892E-03
  1.440041E+01 8.410E-03
  1.566594E+01 7.151E-03
  1.704268E+01 6.079E-03
  1.854039E+01 5.169E-03
  2.016975E+01 4.395E-03
  2.194228E+01 3.736E-03
  2.387061E+01 3.177E-03
  2.596840E+01 2.701E-03
  2.825052E+01 2.296E-03
  3.073322E+01 1.952E-03
  3.343407E+01 1.660E-03
  3.637230E+01 1.411E-03
  3.956873E+01 1.200E-03
  4.304610E+01 1.020E-03
  4.682901E+01 8.673E-04
  5.094441E+01 7.374E-04
  5.542149E+01 6.270E-04
  6.029196E+01 5.331E-04
  6.559053E+01 4.532E-04
    2    0    0    7
      8     33
  1.363050E+00     .0000
  1.022287E+00 4.694E+00
  1.163054E+00 7.679E-01
  1.363054E+00 5.687E-01
  2.363054E+00 1.970E-01
  3.363054E+00 9.896E-02
  4.363054E+00 5.951E-02
  5.363054E+00 3.978E-02
  6.363054E+00 2.850E-02
  6.915941E+00 2.422E-02
  7.516870E+00 2.059E-02
  8.170012E+00 1.750E-02
  8.879910E+00 1.487E-02
  9.651485E+00 1.264E-02
  1.049011E+01 1.074E-02
  1.140160E+01 9.129E-03
  1.239229E+01 7.759E-03
  1.346906E+01 6.594E-03
  1.463939E+01 5.605E-03
  1.591141E+01 4.763E-03
  1.729395E+01 4.048E-03
  1.879662E+01 3.441E-03
  2.042987E+01 2.924E-03
  2.220502E+01 2.485E-03
  2.413445E+01 2.112E-03
  2.623149E+01 1.795E-03
  2.851076E+01 1.526E-03
  3.098805E+01 1.297E-03
  3.368062E+01 1.102E-03
  3.660713E+01 9.367E-04
  3.978793E+01 7.961E-04
  4.324512E+01 6.766E-04
  4.700275E+01 5.751E-04
  5.108682E+01 4.887E-04
    2    0    0    8
      9     37
  1.092860E+00     .0000
  8.196452E-01 4.563E+00
  8.928578E-01 9.732E-01
  1.092858E+00 6.605E-01
  2.092858E+00 1.856E-01
  3.092858E+00 8.585E-02
  4.092858E+00 4.939E-02
  5.092858E+00 3.212E-02
  6.092858E+00 2.258E-02
  7.092858E+00 1.676E-02
  7.704714E+00 1.424E-02
  8.369358E+00 1.210E-02
  9.091330E+00 1.028E-02
  9.875587E+00 8.737E-03
  1.072749E+01 7.424E-03
  1.165289E+01 6.308E-03
  1.265811E+01 5.360E-03
  1.375006E+01 4.554E-03
  1.493619E+01 3.870E-03
  1.622464E+01 3.288E-03
  1.762424E+01 2.794E-03
  1.914458E+01 2.374E-03
  2.079605E+01 2.017E-03
  2.259001E+01 1.714E-03
  2.453871E+01 1.457E-03
  2.665553E+01 1.238E-03
  2.895493E+01 1.052E-03
  3.145271E+01 8.936E-04
  3.416595E+01 7.593E-04
  3.711324E+01 6.452E-04
  4.031477E+01 5.482E-04
  4.379251E+01 4.658E-04
  4.757019E+01 3.958E-04
  5.167380E+01 3.363E-04
  5.613141E+01 2.858E-04
  6.097350E+01 2.428E-04
  6.623334E+01 2.063E-04
  7.194691E+01 1.753E-04
    2    1    1    1
     12     51
  1.386040E+01     .0000
  1.286040E+01 2.609E-01
  1.306039E+01 2.543E-01
  1.326039E+01 2.479E-01
  1.346039E+01 2.417E-01
  1.366039E+01 2.357E-01
  1.386039E+01 2.299E-01
  1.486039E+01 2.034E-01
  1.586039E+01 1.806E-01
  1.686040E+01 1.609E-01
  1.786040E+01 1.437E-01
  1.886040E+01 1.286E-01
  1.986040E+01 1.154E-01
  2.155614E+01 9.802E-02
  2.339668E+01 8.327E-02
  2.539438E+01 7.073E-02
  2.756265E+01 6.008E-02
  2.991606E+01 5.103E-02
  3.247040E+01 4.335E-02
  3.524286E+01 3.682E-02
  3.825201E+01 3.128E-02
  4.151813E+01 2.657E-02
  4.506310E+01 2.257E-02
  4.891075E+01 1.917E-02
  5.308693E+01 1.628E-02
  5.761971E+01 1.383E-02
  6.253944E+01 1.175E-02
  6.787933E+01 9.980E-03
  7.367514E+01 8.478E-03
  7.996576E+01 7.201E-03
  8.679356E+01 6.117E-03
  9.420425E+01 5.196E-03
  1.022478E+02 4.414E-03
  1.109781E+02 3.749E-03
  1.204538E+02 3.185E-03
  1.307387E+02 2.705E-03
  1.419017E+02 2.298E-03
  1.540177E+02 1.952E-03
  1.671684E+02 1.658E-03
  1.814417E+02 1.408E-03
  1.969340E+02 1.196E-03
  2.137490E+02 1.016E-03
  2.319996E+02 8.632E-04
  2.518086E+02 7.332E-04
  2.733091E+02 6.228E-04
  2.966450E+02 5.290E-04
  3.219736E+02 4.494E-04
  3.494648E+02 3.817E-04
  3.793035E+02 3.242E-04
  4.116902E+02 2.754E-04
  4.468416E+02 2.339E-04
  4.849946E+02 1.987E-04
    2    1    1    2
     11     50
  7.302050E+00     .0000
  6.302048E+00 3.891E-01
  6.502047E+00 3.699E-01
  6.702047E+00 3.520E-01
  6.902047E+00 3.354E-01
  7.102047E+00 3.198E-01
  7.302047E+00 3.053E-01
  8.302047E+00 2.448E-01
  9.302047E+00 1.998E-01
  1.030205E+01 1.655E-01
  1.130205E+01 1.388E-01
  1.230205E+01 1.177E-01
  1.341529E+01 1.002E-01
  1.462928E+01 8.524E-02
  1.595313E+01 7.254E-02
  1.739676E+01 6.174E-02
  1.897104E+01 5.254E-02
  2.068779E+01 4.471E-02
  2.255988E+01 3.805E-02
  2.460138E+01 3.238E-02
  2.682762E+01 2.756E-02
  2.925534E+01 2.345E-02
  3.190273E+01 1.996E-02
  3.478970E+01 1.698E-02
  3.793788E+01 1.445E-02
  4.137100E+01 1.230E-02
  4.511479E+01 1.047E-02
  4.919736E+01 8.908E-03
  5.364931E+01 7.581E-03
  5.850421E+01 6.452E-03
  6.379842E+01 5.491E-03
  6.957173E+01 4.673E-03
  7.586742E+01 3.976E-03
  8.273289E+01 3.384E-03
  9.021964E+01 2.880E-03
  9.838388E+01 2.451E-03
  1.072868E+02 2.086E-03
  1.169955E+02 1.775E-03
  1.275828E+02 1.511E-03
  1.391282E+02 1.285E-03
  1.517181E+02 1.094E-03
  1.654476E+02 9.310E-04
  1.804194E+02 7.923E-04
  1.967461E+02 6.742E-04
  2.145500E+02 5.738E-04
  2.339653E+02 4.883E-04
  2.551374E+02 4.156E-04
  2.782256E+02 3.537E-04
  3.034026E+02 3.010E-04
  3.308584E+02 2.561E-04
  3.607988E+02 2.180E-04
    2    1    1    3
     11     46
  4.516150E+00     .0000
  3.516153E+00 5.842E-01
  3.716152E+00 5.333E-01
  3.916152E+00 4.888E-01
  4.116152E+00 4.496E-01
  4.316152E+00 4.149E-01
  4.516152E+00 3.840E-01
  5.516152E+00 2.709E-01
  6.516152E+00 2.006E-01
  7.516152E+00 1.540E-01
  8.516152E+00 1.214E-01
  9.516152E+00 9.787E-02
  1.037537E+01 8.328E-02
  1.131217E+01 7.087E-02
  1.233355E+01 6.031E-02
  1.344717E+01 5.132E-02
  1.466132E+01 4.367E-02
  1.598511E+01 3.716E-02
  1.742841E+01 3.162E-02
  1.900203E+01 2.691E-02
  2.071774E+01 2.290E-02
  2.258836E+01 1.949E-02
  2.462788E+01 1.658E-02
  2.685153E+01 1.411E-02
  2.927599E+01 1.201E-02
  3.191933E+01 1.022E-02
  3.480136E+01 8.695E-03
  3.794362E+01 7.399E-03
  4.136955E+01 6.296E-03
  4.510486E+01 5.358E-03
  4.917740E+01 4.559E-03
  5.361769E+01 3.880E-03
  5.845883E+01 3.301E-03
  6.373715E+01 2.809E-03
  6.949200E+01 2.391E-03
  7.576653E+01 2.034E-03
  8.260757E+01 1.731E-03
  9.006622E+01 1.473E-03
  9.819843E+01 1.254E-03
  1.070648E+02 1.067E-03
  1.167318E+02 9.077E-04
  1.272715E+02 7.724E-04
  1.387630E+02 6.573E-04
  1.512921E+02 5.593E-04
  1.649523E+02 4.760E-04
  1.798461E+02 4.050E-04
  1.960843E+02 3.447E-04
    2    1    1    4
     10     42
  3.068800E+00     .0000
  2.301600E+00 8.605E+00
  2.468804E+00 6.898E-01
  2.668804E+00 6.026E-01
  2.868804E+00 5.311E-01
  3.068804E+00 4.717E-01
  4.068804E+00 2.846E-01
  5.068804E+00 1.901E-01
  6.068804E+00 1.356E-01
  7.068804E+00 1.012E-01
  8.068804E+00 7.821E-02
  8.790841E+00 6.653E-02
  9.577487E+00 5.660E-02
  1.043453E+01 4.815E-02
  1.136825E+01 4.096E-02
  1.238554E+01 3.485E-02
  1.349386E+01 2.964E-02
  1.470136E+01 2.522E-02
  1.601691E+01 2.145E-02
  1.745018E+01 1.825E-02
  1.901170E+01 1.553E-02
  2.071297E+01 1.321E-02
  2.256645E+01 1.124E-02
  2.458580E+01 9.559E-03
  2.678586E+01 8.132E-03
  2.918279E+01 6.918E-03
  3.179422E+01 5.885E-03
  3.463933E+01 5.006E-03
  3.773901E+01 4.259E-03
  4.111607E+01 3.623E-03
  4.479533E+01 3.082E-03
  4.880383E+01 2.622E-03
  5.317108E+01 2.231E-03
  5.792908E+01 1.898E-03
  6.311284E+01 1.614E-03
  6.876047E+01 1.373E-03
  7.491348E+01 1.168E-03
  8.161716E+01 9.939E-04
  8.892065E+01 8.455E-04
  9.687769E+01 7.193E-04
  1.055468E+02 6.119E-04
  1.149916E+02 5.205E-04
  1.252817E+02 4.428E-04
    2    1    1    5
      9     38
  2.220970E+00     .0000
  1.665728E+00 7.548E+00
  1.820972E+00 8.130E-01
  2.020972E+00 6.738E-01
  2.220972E+00 5.678E-01
  3.220972E+00 2.867E-01
  4.220972E+00 1.727E-01
  5.220972E+00 1.153E-01
  6.220972E+00 8.215E-02
  7.220972E+00 6.132E-02
  7.860283E+00 5.215E-02
  8.556193E+00 4.435E-02
  9.313710E+00 3.771E-02
  1.013830E+01 3.207E-02
  1.103590E+01 2.727E-02
  1.201296E+01 2.319E-02
  1.307653E+01 1.972E-02
  1.423426E+01 1.677E-02
  1.549449E+01 1.427E-02
  1.686629E+01 1.213E-02
  1.835956E+01 1.032E-02
  1.998500E+01 8.773E-03
  2.175439E+01 7.461E-03
  2.368040E+01 6.345E-03
  2.577695E+01 5.396E-03
  2.805913E+01 4.589E-03
  3.054332E+01 3.902E-03
  3.324750E+01 3.319E-03
  3.619104E+01 2.822E-03
  3.939523E+01 2.400E-03
  4.288310E+01 2.041E-03
  4.667973E+01 1.736E-03
  5.081255E+01 1.476E-03
  5.531125E+01 1.255E-03
  6.020819E+01 1.067E-03
  6.553876E+01 9.078E-04
  7.134119E+01 7.720E-04
  7.765741E+01 6.565E-04
  8.453285E+01 5.583E-04
    2    1    1    6
     10     40
  1.681750E+00     .0000
  1.261312E+00 7.168E+00
  1.281746E+00 1.112E+00
  1.481746E+00 8.503E-01
  1.681746E+00 6.719E-01
  2.681746E+00 2.795E-01
  3.681746E+00 1.528E-01
  4.681746E+00 9.618E-02
  5.681746E+00 6.595E-02
  6.681746E+00 4.789E-02
  7.681746E+00 3.624E-02
  8.347946E+00 3.080E-02
  9.071919E+00 2.617E-02
  9.858690E+00 2.224E-02
  1.071369E+01 1.890E-02
  1.164283E+01 1.607E-02
  1.265255E+01 1.365E-02
  1.374985E+01 1.160E-02
  1.494231E+01 9.861E-03
  1.623817E+01 8.381E-03
  1.764644E+01 7.122E-03
  1.917682E+01 6.053E-03
  2.083994E+01 5.144E-03
  2.264728E+01 4.372E-03
  2.461137E+01 3.715E-03
  2.674580E+01 3.157E-03
  2.906534E+01 2.683E-03
  3.158601E+01 2.280E-03
  3.432533E+01 1.938E-03
  3.730222E+01 1.647E-03
  4.053726E+01 1.400E-03
  4.405283E+01 1.190E-03
  4.787334E+01 1.011E-03
  5.202516E+01 8.592E-04
  5.653708E+01 7.302E-04
  6.144022E+01 6.205E-04
  6.676865E+01 5.274E-04
  7.255919E+01 4.482E-04
  7.885191E+01 3.809E-04
  8.569031E+01 3.237E-04
  9.312183E+01 2.751E-04
    2    1    1    7
      9     38
  1.317580E+00     .0000
  9.881852E-01 6.297E+00
  1.117577E+00 1.071E+00
  1.317577E+00 7.835E-01
  2.317577E+00 2.657E-01
  3.317577E+00 1.329E-01
  4.317577E+00 7.961E-02
  5.317577E+00 5.288E-02
  6.317577E+00 3.757E-02
  7.317577E+00 2.798E-02
  7.948518E+00 2.377E-02
  8.633863E+00 2.020E-02
  9.378304E+00 1.716E-02
  1.018693E+01 1.458E-02
  1.106528E+01 1.239E-02
  1.201936E+01 1.053E-02
  1.305571E+01 8.947E-03
  1.418141E+01 7.602E-03
  1.540417E+01 6.460E-03
  1.673236E+01 5.489E-03
  1.817508E+01 4.664E-03
  1.974219E+01 3.963E-03
  2.144440E+01 3.367E-03
  2.329340E+01 2.861E-03
  2.530183E+01 2.431E-03
  2.748346E+01 2.066E-03
  2.985316E+01 1.755E-03
  3.242719E+01 1.491E-03
  3.522316E+01 1.267E-03
  3.826019E+01 1.077E-03
  4.155910E+01 9.149E-04
  4.514244E+01 7.774E-04
  4.903476E+01 6.606E-04
  5.326273E+01 5.613E-04
  5.785521E+01 4.769E-04
  6.284364E+01 4.052E-04
  6.826221E+01 3.443E-04
  7.414798E+01 2.926E-04
  8.054123E+01 2.486E-04
    2    1    1    8
      8     30
  1.060100E+00     .0000
  7.950747E-01 6.106E+00
  8.601021E-01 1.352E+00
  1.060102E+00 9.022E-01
  2.060102E+00 2.479E-01
  3.060102E+00 1.145E-01
  4.060102E+00 6.576E-02
  5.060102E+00 4.258E-02
  6.060102E+00 2.973E-02
  6.583591E+00 2.526E-02
  7.152298E+00 2.147E-02
  7.770129E+00 1.824E-02
  8.441339E+00 1.550E-02
  9.170521E+00 1.317E-02
  9.962692E+00 1.119E-02
  1.082330E+01 9.511E-03
  1.175824E+01 8.082E-03
  1.277395E+01 6.867E-03
  1.387740E+01 5.836E-03
  1.507616E+01 4.959E-03
  1.637848E+01 4.214E-03
  1.779329E+01 3.581E-03
  1.933032E+01 3.043E-03
  2.100012E+01 2.585E-03
  2.281418E+01 2.197E-03
  2.478493E+01 1.867E-03
  2.692590E+01 1.586E-03
  2.925183E+01 1.348E-03
  3.177869E+01 1.145E-03
  3.452380E+01 9.733E-04
  3.750609E+01 8.271E-04
    2    2    0    1
     12     44
  1.173290E+01     .0000
  1.073290E+01 3.184E-01
  1.093290E+01 3.001E-01
  1.113290E+01 2.830E-01
  1.133290E+01 2.672E-01
  1.153290E+01 2.524E-01
  1.173290E+01 2.386E-01
  1.273290E+01 1.821E-01
  1.373290E+01 1.413E-01
  1.473290E+01 1.112E-01
  1.573290E+01 8.870E-02
  1.673289E+01 7.154E-02
  1.773289E+01 5.827E-02
  1.865794E+01 4.886E-02
  1.963124E+01 4.097E-02
  2.065532E+01 3.435E-02
  2.173280E+01 2.880E-02
  2.286652E+01 2.415E-02
  2.405936E+01 2.025E-02
  2.531444E+01 1.698E-02
  2.663498E+01 1.423E-02
  2.802441E+01 1.193E-02
  2.948633E+01 1.001E-02
  3.102451E+01 8.390E-03
  3.264291E+01 7.035E-03
  3.434576E+01 5.898E-03
  3.613742E+01 4.946E-03
  3.802255E+01 4.147E-03
  4.000603E+01 3.477E-03
  4.209297E+01 2.915E-03
  4.428877E+01 2.444E-03
  4.659912E+01 2.049E-03
  4.902998E+01 1.718E-03
  5.158768E+01 1.441E-03
  5.427875E+01 1.208E-03
  5.711024E+01 1.013E-03
  6.008946E+01 8.493E-04
  6.322403E+01 7.121E-04
  6.652217E+01 5.971E-04
  6.999237E+01 5.006E-04
  7.364352E+01 4.198E-04
  7.748520E+01 3.520E-04
  8.152730E+01 2.951E-04
  8.578015E+01 2.474E-04
  9.025497E+01 2.075E-04
    2    2    0    2
     11     45
  6.528850E+00     .0000
  5.528847E+00 6.631E-01
  5.728846E+00 6.072E-01
  5.928846E+00 5.573E-01
  6.128846E+00 5.126E-01
  6.328846E+00 4.725E-01
  6.528846E+00 4.363E-01
  7.528846E+00 3.005E-01
  8.528846E+00 2.146E-01
  9.528846E+00 1.578E-01
  1.052885E+01 1.190E-01
  1.152885E+01 9.161E-02
  1.226067E+01 7.717E-02
  1.303895E+01 6.500E-02
  1.386663E+01 5.475E-02
  1.474685E+01 4.612E-02
  1.568295E+01 3.885E-02
  1.667847E+01 3.272E-02
  1.773717E+01 2.756E-02
  1.886308E+01 2.322E-02
  2.006046E+01 1.956E-02
  2.133386E+01 1.647E-02
  2.268808E+01 1.388E-02
  2.412827E+01 1.169E-02
  2.565987E+01 9.845E-03
  2.728870E+01 8.293E-03
  2.902092E+01 6.985E-03
  3.086310E+01 5.884E-03
  3.282220E+01 4.956E-03
  3.490567E+01 4.175E-03
  3.712140E+01 3.517E-03
  3.947777E+01 2.962E-03
  4.198373E+01 2.495E-03
  4.464877E+01 2.102E-03
  4.748297E+01 1.770E-03
  5.049709E+01 1.491E-03
  5.370253E+01 1.256E-03
  5.711139E+01 1.058E-03
  6.073668E+01 8.912E-04
  6.459210E+01 7.507E-04
  6.869228E+01 6.323E-04
  7.305270E+01 5.326E-04
  7.768993E+01 4.487E-04
  8.262151E+01 3.779E-04
  8.786613E+01 3.183E-04
  9.344368E+01 2.681E-04
    2    2    0    3
     11     41
  4.141660E+00     .0000
  3.141664E+00 1.147E+00
  3.341663E+00 1.003E+00
  3.541663E+00 8.814E-01
  3.741663E+00 7.793E-01
  3.941663E+00 6.925E-01
  4.141663E+00 6.183E-01
  5.141663E+00 3.717E-01
  6.141663E+00 2.404E-01
  7.141663E+00 1.640E-01
  8.141663E+00 1.165E-01
  9.141663E+00 8.552E-02
  9.769239E+00 7.218E-02
  1.043990E+01 6.093E-02
  1.115661E+01 5.143E-02
  1.192251E+01 4.341E-02
  1.274100E+01 3.664E-02
  1.361568E+01 3.092E-02
  1.455041E+01 2.610E-02
  1.554930E+01 2.203E-02
  1.661676E+01 1.860E-02
  1.775751E+01 1.570E-02
  1.897656E+01 1.325E-02
  2.027933E+01 1.118E-02
  2.167151E+01 9.438E-03
  2.315927E+01 7.966E-03
  2.474916E+01 6.724E-03
  2.644821E+01 5.675E-03
  2.826387E+01 4.790E-03
  3.020421E+01 4.043E-03
  3.227773E+01 3.413E-03
  3.449362E+01 2.881E-03
  3.686163E+01 2.431E-03
  3.939220E+01 2.052E-03
  4.209650E+01 1.732E-03
  4.498645E+01 1.462E-03
  4.807480E+01 1.234E-03
  5.137515E+01 1.042E-03
  5.490210E+01 8.792E-04
  5.867116E+01 7.421E-04
  6.269896E+01 6.263E-04
  6.700328E+01 5.287E-04
    2    2    0    4
     11     40
  2.860120E+00     .0000
  2.145089E+00 1.515E+01
  2.260116E+00 1.326E+00
  2.460116E+00 1.108E+00
  2.660116E+00 9.366E-01
  2.860116E+00 8.002E-01
  3.860116E+00 4.092E-01
  4.860116E+00 2.389E-01
  5.860116E+00 1.518E-01
  6.860116E+00 1.024E-01
  7.860116E+00 7.222E-02
  8.860116E+00 5.273E-02
  9.476418E+00 4.452E-02
  1.013559E+01 3.759E-02
  1.084062E+01 3.174E-02
  1.159469E+01 2.680E-02
  1.240121E+01 2.263E-02
  1.326384E+01 1.911E-02
  1.418645E+01 1.613E-02
  1.517326E+01 1.362E-02
  1.622870E+01 1.150E-02
  1.735756E+01 9.712E-03
  1.856494E+01 8.200E-03
  1.985631E+01 6.924E-03
  2.123750E+01 5.846E-03
  2.271477E+01 4.936E-03
  2.429478E+01 4.168E-03
  2.598473E+01 3.519E-03
  2.779221E+01 2.972E-03
  2.972540E+01 2.509E-03
  3.179311E+01 2.118E-03
  3.400461E+01 1.789E-03
  3.636996E+01 1.510E-03
  3.889983E+01 1.275E-03
  4.160570E+01 1.077E-03
  4.449976E+01 9.092E-04
  4.759511E+01 7.677E-04
  5.090584E+01 6.482E-04
  5.444679E+01 5.473E-04
  5.823412E+01 4.621E-04
  6.228484E+01 3.902E-04
    2    2    0    5
     10     38
  2.092880E+00     .0000
  1.569660E+00 1.333E+01
  1.692877E+00 1.542E+00
  1.892877E+00 1.221E+00
  2.092877E+00 9.869E-01
  3.092877E+00 4.209E-01
  4.092877E+00 2.222E-01
  5.092877E+00 1.325E-01
  6.092877E+00 8.556E-02
  7.092877E+00 5.843E-02
  8.092877E+00 4.162E-02
  8.667834E+00 3.516E-02
  9.283636E+00 2.971E-02
  9.943183E+00 2.510E-02
  1.064959E+01 2.120E-02
  1.140619E+01 1.791E-02
  1.221653E+01 1.513E-02
  1.308445E+01 1.279E-02
  1.401403E+01 1.080E-02
  1.500965E+01 9.126E-03
  1.607600E+01 7.710E-03
  1.721811E+01 6.514E-03
  1.844136E+01 5.503E-03
  1.975153E+01 4.649E-03
  2.115475E+01 3.928E-03
  2.265767E+01 3.318E-03
  2.426738E+01 2.804E-03
  2.599144E+01 2.369E-03
  2.783798E+01 2.001E-03
  2.981570E+01 1.691E-03
  3.193398E+01 1.428E-03
  3.420270E+01 1.207E-03
  3.663260E+01 1.019E-03
  3.923517E+01 8.613E-04
  4.202261E+01 7.276E-04
  4.500806E+01 6.147E-04
  4.820567E+01 5.194E-04
  5.163040E+01 4.388E-04
  5.529845E+01 3.707E-04
    2    2    0    6
      8     30
  1.597470E+00     .0000
  1.198102E+00 1.151E+01
  1.397471E+00 1.563E+00
  1.597471E+00 1.181E+00
  2.597471E+00 4.144E-01
  3.597471E+00 1.991E-01
  4.597471E+00 1.124E-01
  5.597471E+00 6.997E-02
  6.597471E+00 4.658E-02
  7.085995E+00 3.940E-02
  7.610696E+00 3.332E-02
  8.174250E+00 2.819E-02
  8.779531E+00 2.384E-02
  9.429635E+00 2.016E-02
  1.012788E+01 1.706E-02
  1.087782E+01 1.443E-02
  1.168330E+01 1.220E-02
  1.254841E+01 1.032E-02
  1.347759E+01 8.729E-03
  1.447557E+01 7.384E-03
  1.554745E+01 6.245E-03
  1.669870E+01 5.282E-03
  1.793518E+01 4.468E-03
  1.926323E+01 3.779E-03
  2.068964E+01 3.196E-03
  2.222165E+01 2.704E-03
  2.386711E+01 2.287E-03
  2.563440E+01 1.934E-03
  2.753256E+01 1.636E-03
  2.957127E+01 1.384E-03
  3.176099E+01 1.170E-03
    2    2    0    7
      8     28
  1.259170E+00     .0000
  9.443772E-01 1.112E+01
  1.059172E+00 1.984E+00
  1.259172E+00 1.384E+00
  2.259172E+00 3.958E-01
  3.259172E+00 1.746E-01
  4.259172E+00 9.399E-02
  5.259172E+00 5.683E-02
  6.259172E+00 3.707E-02
  6.726340E+00 3.136E-02
  7.228375E+00 2.653E-02
  7.767879E+00 2.245E-02
  8.347656E+00 1.899E-02
  8.970698E+00 1.607E-02
  9.640247E+00 1.359E-02
  1.035977E+01 1.150E-02
  1.113300E+01 9.728E-03
  1.196393E+01 8.230E-03
  1.285689E+01 6.963E-03
  1.381649E+01 5.891E-03
  1.484772E+01 4.984E-03
  1.595591E+01 4.216E-03
  1.714680E+01 3.567E-03
  1.842659E+01 3.018E-03
  1.980191E+01 2.553E-03
  2.127985E+01 2.160E-03
  2.286812E+01 1.827E-03
  2.457494E+01 1.546E-03
  2.640915E+01 1.308E-03
    2    2    0    8
      9     33
  1.017960E+00     .0000
  7.634697E-01 1.082E+01
  8.179562E-01 2.516E+00
  1.017956E+00 1.596E+00
  2.017956E+00 3.701E-01
  3.017956E+00 1.512E-01
  4.017956E+00 7.825E-02
  5.017956E+00 4.619E-02
  6.017956E+00 2.965E-02
  7.017956E+00 2.019E-02
  7.529690E+00 1.707E-02
  8.078731E+00 1.443E-02
  8.667815E+00 1.220E-02
  9.299853E+00 1.032E-02
  9.977973E+00 8.721E-03
  1.070555E+01 7.374E-03
  1.148617E+01 6.234E-03
  1.232371E+01 5.271E-03
  1.322232E+01 4.456E-03
  1.418647E+01 3.767E-03
  1.522091E+01 3.185E-03
  1.633078E+01 2.693E-03
  1.752158E+01 2.277E-03
  1.879919E+01 1.925E-03
  2.016998E+01 1.627E-03
  2.164075E+01 1.376E-03
  2.321872E+01 1.163E-03
  2.491179E+01 9.835E-04
  2.672829E+01 8.315E-04
  2.867726E+01 7.030E-04
  3.076833E+01 5.943E-04
  3.301189E+01 5.025E-04
  3.541902E+01 4.248E-04
  3.800171E+01 3.592E-04
    2    3    1    1
     11     39
  6.265840E+00     .0000
  5.265845E+00 8.801E-03
  5.465844E+00 7.862E-03
  5.665844E+00 7.044E-03
  5.865844E+00 6.330E-03
  6.065844E+00 5.704E-03
  6.265844E+00 5.153E-03
  7.265844E+00 3.205E-03
  8.265844E+00 2.087E-03
  9.265844E+00 1.411E-03
  1.026584E+01 9.843E-04
  1.126584E+01 7.069E-04
  1.185619E+01 5.928E-04
  1.247748E+01 4.971E-04
  1.313131E+01 4.168E-04
  1.381942E+01 3.495E-04
  1.454358E+01 2.931E-04
  1.530569E+01 2.458E-04
  1.610771E+01 2.061E-04
  1.695180E+01 1.728E-04
  1.784009E+01 1.449E-04
  1.877495E+01 1.215E-04
  1.975879E+01 1.019E-04
  2.079419E+01 8.544E-05
  2.188383E+01 7.165E-05
  2.303059E+01 6.008E-05
  2.423743E+01 5.038E-05
  2.550752E+01 4.225E-05
  2.684415E+01 3.543E-05
  2.825084E+01 2.971E-05
  2.973122E+01 2.491E-05
  3.128918E+01 2.089E-05
  3.292877E+01 1.752E-05
  3.465430E+01 1.469E-05
  3.647025E+01 1.232E-05
  3.838135E+01 1.033E-05
  4.039261E+01 8.660E-06
  4.250925E+01 7.262E-06
  4.473682E+01 6.089E-06
  4.708110E+01 5.106E-06
    2    3    1    2
     11     36
  4.010710E+00     .0000
  3.010711E+00 3.632E-02
  3.210710E+00 3.027E-02
  3.410710E+00 2.546E-02
  3.610710E+00 2.160E-02
  3.810710E+00 1.845E-02
  4.010710E+00 1.587E-02
  5.010710E+00 8.106E-03
  6.010710E+00 4.585E-03
  7.010710E+00 2.787E-03
  8.010710E+00 1.788E-03
  9.010710E+00 1.197E-03
  9.507599E+00 1.005E-03
  1.003190E+01 8.436E-04
  1.058510E+01 7.082E-04
  1.116882E+01 5.945E-04
  1.178472E+01 4.991E-04
  1.243458E+01 4.190E-04
  1.312028E+01 3.517E-04
  1.384379E+01 2.953E-04
  1.460721E+01 2.479E-04
  1.541272E+01 2.081E-04
  1.626265E+01 1.747E-04
  1.715944E+01 1.467E-04
  1.810570E+01 1.231E-04
  1.910413E+01 1.034E-04
  2.015762E+01 8.677E-05
  2.126921E+01 7.284E-05
  2.244209E+01 6.115E-05
  2.367966E+01 5.134E-05
  2.498546E+01 4.310E-05
  2.636330E+01 3.618E-05
  2.781708E+01 3.037E-05
  2.935103E+01 2.550E-05
  3.096960E+01 2.141E-05
  3.267740E+01 1.797E-05
  3.447940E+01 1.509E-05
    2    3    1    3
     11     36
  2.784870E+00     .0000
  2.088653E+00 7.189E-01
  2.184868E+00 6.495E-02
  2.384868E+00 5.097E-02
  2.584868E+00 4.067E-02
  2.784868E+00 3.292E-02
  3.784868E+00 1.346E-02
  4.784868E+00 6.613E-03
  5.784868E+00 3.653E-03
  6.784868E+00 2.189E-03
  7.784868E+00 1.394E-03
  8.784868E+00 9.296E-04
  9.273425E+00 7.805E-04
  9.789144E+00 6.554E-04
  1.033355E+01 5.503E-04
  1.090823E+01 4.621E-04
  1.151487E+01 3.880E-04
  1.215526E+01 3.258E-04
  1.283124E+01 2.735E-04
  1.354483E+01 2.297E-04
  1.429811E+01 1.928E-04
  1.509327E+01 1.619E-04
  1.593265E+01 1.360E-04
  1.681871E+01 1.142E-04
  1.775404E+01 9.586E-05
  1.874141E+01 8.049E-05
  1.978368E+01 6.758E-05
  2.088391E+01 5.675E-05
  2.204533E+01 4.765E-05
  2.327135E+01 4.001E-05
  2.456555E+01 3.359E-05
  2.593170E+01 2.821E-05
  2.737384E+01 2.368E-05
  2.889619E+01 1.989E-05
  3.050320E+01 1.670E-05
  3.219960E+01 1.402E-05
  3.399033E+01 1.177E-05
    2    3    1    4
      9     28
  2.045620E+00     .0000
  1.534215E+00 8.645E-01
  1.645620E+00 1.022E-01
  1.845620E+00 7.482E-02
  2.045620E+00 5.634E-02
  3.045620E+00 1.812E-02
  4.045620E+00 7.783E-03
  5.045620E+00 3.946E-03
  6.045620E+00 2.230E-03
  7.045620E+00 1.361E-03
  7.453773E+00 1.144E-03
  7.885563E+00 9.614E-04
  8.342377E+00 8.080E-04
  8.825644E+00 6.791E-04
  9.336916E+00 5.707E-04
  9.877800E+00 4.797E-04
  1.045002E+01 4.031E-04
  1.105539E+01 3.388E-04
  1.169582E+01 2.848E-04
  1.237335E+01 2.393E-04
  1.309014E+01 2.011E-04
  1.384845E+01 1.690E-04
  1.465069E+01 1.421E-04
  1.549939E+01 1.194E-04
  1.639726E+01 1.004E-04
  1.734715E+01 8.435E-05
  1.835208E+01 7.089E-05
  1.941519E+01 5.958E-05
  2.053992E+01 5.007E-05
    2    3    1    5
      8     24
  1.565860E+00     .0000
  1.174395E+00 9.125E-01
  1.365863E+00 1.245E-01
  1.565863E+00 8.605E-02
  2.565863E+00 2.156E-02
  3.565863E+00 8.186E-03
  4.565863E+00 3.857E-03
  5.565863E+00 2.077E-03
  6.565863E+00 1.225E-03
  6.950092E+00 1.030E-03
  7.356814E+00 8.657E-04
  7.787331E+00 7.278E-04
  8.243045E+00 6.118E-04
  8.725427E+00 5.143E-04
  9.236036E+00 4.324E-04
  9.776527E+00 3.635E-04
  1.034865E+01 3.055E-04
  1.095425E+01 2.569E-04
  1.159529E+01 2.159E-04
  1.227384E+01 1.815E-04
  1.299211E+01 1.526E-04
  1.375240E+01 1.283E-04
  1.455719E+01 1.078E-04
  1.540907E+01 9.066E-05
  1.631081E+01 7.621E-05
    2    3    1    6
      9     29
  1.237000E+00     .0000
  9.277503E-01 1.090E+00
  1.036999E+00 1.949E-01
  1.236999E+00 1.220E-01
  2.236999E+00 2.366E-02
  3.236999E+00 8.051E-03
  4.236999E+00 3.567E-03
  5.236999E+00 1.847E-03
  6.236999E+00 1.060E-03
  7.236999E+00 6.546E-04
  7.652317E+00 5.500E-04
  8.091475E+00 4.622E-04
  8.555831E+00 3.884E-04
  9.046834E+00 3.263E-04
  9.566018E+00 2.742E-04
  1.011500E+01 2.304E-04
  1.069548E+01 1.936E-04
  1.130928E+01 1.627E-04
  1.195830E+01 1.367E-04
  1.264457E+01 1.149E-04
  1.337022E+01 9.651E-05
  1.413752E+01 8.109E-05
  1.494884E+01 6.814E-05
  1.580673E+01 5.726E-05
  1.671385E+01 4.811E-05
  1.767303E+01 4.043E-05
  1.868726E+01 3.397E-05
  1.975967E+01 2.854E-05
  2.089366E+01 2.398E-05
  2.209270E+01 2.015E-05
    2    3    1    7
      9     27
  1.001810E+00     .0000
  7.513576E-01 1.259E+00
  8.018083E-01 2.939E-01
  1.001808E+00 1.640E-01
  2.001808E+00 2.459E-02
  3.001808E+00 7.595E-03
  4.001808E+00 3.197E-03
  5.001808E+00 1.603E-03
  6.001808E+00 9.005E-04
  7.001808E+00 5.476E-04
  7.405286E+00 4.602E-04
  7.832021E+00 3.867E-04
  8.283343E+00 3.250E-04
  8.760674E+00 2.731E-04
  9.265508E+00 2.295E-04
  9.799437E+00 1.928E-04
  1.036413E+01 1.621E-04
  1.096137E+01 1.362E-04
  1.159302E+01 1.144E-04
  1.226107E+01 9.617E-05
  1.296762E+01 8.082E-05
  1.371488E+01 6.792E-05
  1.450521E+01 5.707E-05
  1.534107E+01 4.796E-05
  1.622510E+01 4.030E-05
  1.716008E+01 3.387E-05
  1.814893E+01 2.846E-05
  1.919476E+01 2.392E-05
    0    0    0    0
