    2    2    E               
    1    0    0   10          
    1  0.000000E+00           
    1  C  1  0 0  -1.78678E+00
    2  T  1  2 0  -2.89696E-01
    3  T  1  3 0  -1.21938E-01
    4  T  1  4 0  -6.69194E-02
    5  T  1  5 0  -4.22279E-02
    6  T  1  6 0  -2.90552E-02
    7  T  1  7 0  -2.12076E-02
    8  T  1  8 0  -1.61581E-02
    9  T  1  9 0  -1.27188E-02
   10  T  1 10 0  -1.02713E-02
    3    0    0    9          
    1  0.000000E+00           
    1  T  1  2 0  -3.50319E-01
    2  T  1  3 0  -1.37361E-01
    3  T  1  4 0  -7.30168E-02
    4  T  1  5 0  -4.52344E-02
    5  T  1  6 0  -3.07531E-02
    6  T  1  7 0  -2.22588E-02
    7  T  1  8 0  -1.68535E-02
    8  T  1  9 0  -1.32025E-02
    9  T  1 10 0  -1.06212E-02
    1    2    0    8          
    1  0.000000E+00           
    1  T  1  3 2  -1.11240E-01
    2  T  1  4 2  -6.25585E-02
    3  T  1  5 2  -4.00308E-02
    4  T  1  6 2  -2.77960E-02
    5  T  1  7 2  -2.04198E-02
    6  T  1  8 2  -1.56328E-02
    7  T  1  9 2  -1.23512E-02
    8  T  1 10 2  -1.00041E-02
    3    2    0    8          
    1  0.000000E+00           
    1  T  1  3 2  -1.11272E-01
    2  T  1  4 2  -6.25767E-02
    3  T  1  5 2  -4.00413E-02
    4  T  1  6 2  -2.78024E-02
    5  T  1  7 2  -2.04240E-02
    6  T  1  8 2  -1.56357E-02
    7  T  1  9 2  -1.23533E-02
    8  T  1 10 2  -1.00056E-02
    1    1    1    9          
    1  0.000000E+00           
    1  T  1  2 1  -2.47481E-01
    2  T  1  3 1  -1.10225E-01
    3  T  1  4 1  -6.21098E-02
    4  T  1  5 1  -3.97964E-02
    5  T  1  6 1  -2.76588E-02
    6  T  1  7 1  -2.03328E-02
    7  T  1  8 1  -1.55743E-02
    8  T  1  9 1  -1.23100E-02
    9  T  1 10 1  -9.97393E-03
    3    1    1    9          
    1  0.000000E+00           
    1  T  1  2 1  -2.66159E-01
    2  T  1  3 1  -1.16111E-01
    3  T  1  4 1  -6.46272E-02
    4  T  1  5 1  -4.10912E-02
    5  T  1  6 1  -2.84094E-02
    6  T  1  7 1  -2.08058E-02
    7  T  1  8 1  -1.58913E-02
    8  T  1  9 1  -1.25326E-02
    9  T  1 10 1  -1.01362E-02
    0    0    0    0          
