    3    2    E               
    1    0    0   10          
    1  0.000000E+00           
    1  C  1  0 0  -5.53159E+00
    2  T  1  2 0  -1.07741E+00
    3  T  1  3 0  -4.66299E-01
    4  T  1  4 0  -2.59063E-01
    5  T  1  5 0  -1.64610E-01
    6  T  1  6 0  -1.13768E-01
    7  T  1  7 0  -8.33004E-02
    8  T  1  8 0  -6.36147E-02
    9  T  1  9 0  -5.01642E-02
   10  T  1 10 0  -4.05690E-02
    3    0    0    9          
    1  0.000000E+00           
    1  T  1  2 0  -1.22129E+00
    2  T  1  3 0  -5.04122E-01
    3  T  1  4 0  -2.74257E-01
    4  T  1  5 0  -1.72175E-01
    5  T  1  6 0  -1.18070E-01
    6  T  1  7 0  -8.59787E-02
    7  T  1  8 0  -6.53940E-02
    8  T  1  9 0  -5.14061E-02
    9  T  1 10 0  -4.14698E-02
    1    2    0    8          
    1  0.000000E+00           
    1  T  1  3 2  -4.44771E-01
    2  T  1  4 2  -2.50142E-01
    3  T  1  5 2  -1.60077E-01
    4  T  1  6 2  -1.11157E-01
    5  T  1  7 2  -8.16619E-02
    6  T  1  8 2  -6.25196E-02
    7  T  1  9 2  -4.93965E-02
    8  T  1 10 2  -4.00101E-02
    3    2    0    8          
    1  0.000000E+00           
    1  T  1  3 2  -4.45046E-01
    2  T  1  4 2  -2.50297E-01
    3  T  1  5 2  -1.60165E-01
    4  T  1  6 2  -1.11211E-01
    5  T  1  7 2  -8.16969E-02
    6  T  1  8 2  -6.25435E-02
    7  T  1  9 2  -4.94136E-02
    8  T  1 10 2  -4.00226E-02
    1    1    1    9          
    1  0.000000E+00           
    1  T  1  2 1  -9.85976E-01
    2  T  1  3 1  -4.40172E-01
    3  T  1  4 1  -2.48196E-01
    4  T  1  5 1  -1.59078E-01
    5  T  1  6 1  -1.10579E-01
    6  T  1  7 1  -8.12979E-02
    7  T  1  8 1  -6.22760E-02
    8  T  1  9 1  -4.92255E-02
    9  T  1 10 1  -3.98854E-02
    3    1    1    9          
    1  0.000000E+00           
    1  T  1  2 1  -1.05501E+00
    2  T  1  3 1  -4.60797E-01
    3  T  1  4 1  -2.56875E-01
    4  T  1  5 1  -1.63512E-01
    5  T  1  6 1  -1.13140E-01
    6  T  1  7 1  -8.29088E-02
    7  T  1  8 1  -6.33540E-02
    8  T  1  9 1  -4.99820E-02
    9  T  1 10 1  -4.04365E-02
    0    0    0    0          
