    4    3    E               
    2    0    0    9          
    1  0.000000E+00           
    1  T  1  2 0  -1.33653E+00
    2  T  1  3 0  -5.33927E-01
    3  T  1  4 0  -2.86101E-01
    4  T  1  5 0  -1.78034E-01
    5  T  1  6 0  -1.21386E-01
    6  T  1  7 0  -8.80336E-02
    7  T  1  8 0  -6.67543E-02
    8  T  1  9 0  -5.23526E-02
    9  T  1 10 0  -4.21547E-02
    2    1    1    9          
    1  0.000000E+00           
    1  T  1  2 1  -1.04589E+00
    2  T  1  3 1  -4.58593E-01
    3  T  1  4 1  -2.56026E-01
    4  T  1  5 1  -1.63095E-01
    5  T  1  6 1  -1.12905E-01
    6  T  1  7 1  -8.27627E-02
    7  T  1  8 1  -6.32571E-02
    8  T  1  9 1  -4.99144E-02
    9  T  1 10 1  -4.03876E-02
    2    2    0    8          
    1  0.000000E+00           
    1  T  1  3 2  -4.44899E-01
    2  T  1  4 2  -2.50234E-01
    3  T  1  5 2  -1.60129E-01
    4  T  1  6 2  -1.11188E-01
    5  T  1  7 2  -8.16823E-02
    6  T  1  8 2  -6.25337E-02
    7  T  1  9 2  -4.94066E-02
    8  T  1 10 2  -4.00175E-02
    0    0    0    0          
