    5    4    E               
    1    0    0   10          
    1  0.000000E+00           
    1  C  1  0 0  -1.84287E+00
    2  C  2  0 0  -6.62891E-01
    3  T  1  3 0  -5.76906E-01
    4  T  1  4 0  -3.17786E-01
    5  T  1  5 0  -1.94052E-01
    6  T  1  6 0  -1.30600E-01
    7  T  1  7 0  -9.38350E-02
    8  T  1  8 0  -7.06550E-02
    9  T  1  9 0  -5.51087E-02
   10  T  1 10 0  -4.41786E-02
    3    0    0    9          
    1  0.000000E+00           
    1  T  1  3 0  -6.65048E-01
    2  T  1  4 0  -3.32464E-01
    3  T  1  5 0  -2.00037E-01
    4  T  1  6 0  -1.33846E-01
    5  T  1  7 0  -9.63176E-02
    6  T  2  3 1  -7.64284E-02
    7  T  1  8 0  -6.85618E-02
    8  T  1  9 0  -5.49826E-02
    9  T  1 10 0  -4.42003E-02
    1    1    0    8          
    2  4.447241E-01           
    1  T  2  3 1  -1.19884E-01
    2  T  2  4 1   1.50727E-01
    3  T  2  5 1   2.63669E-01
    4  T  2  6 1   3.21819E-01
    5  T  2  7 1   3.55812E-01
    6  T  2  8 1   3.77414E-01
    7  T  2  9 1   3.91997E-01
    8  T  2 10 1   4.02304E-01
    1    1    1   10          
    1  0.000000E+00           
    1  T  1  2 1  -1.16257E+00
    2  T  1  3 1  -5.32610E-01
    3  T  1  4 1  -2.93254E-01
    4  T  1  5 1  -1.90927E-01
    5  T  2  3 0  -1.44876E-01
    6  T  1  6 1  -1.12301E-01
    7  T  1  7 1  -8.46344E-02
    8  T  1  8 1  -6.50734E-02
    9  T  1  9 1  -5.13861E-02
   10  T  1 10 1  -4.15450E-02
    3    1    0    9          
    2  4.447241E-01           
    1  C  2  0 0  -9.31047E-01
    2  T  2  3 1  -5.82872E-02
    3  T  2  4 1   1.71291E-01
    4  T  2  5 1   2.73083E-01
    5  T  2  6 1   3.26948E-01
    6  T  2  7 1   3.58918E-01
    7  T  2  8 1   3.79440E-01
    8  T  2  9 1   3.93392E-01
    9  T  2 10 1   4.03306E-01
    3    1    1   10          
    1  0.000000E+00           
    1  T  1  2 1  -1.50182E+00
    2  T  1  3 1  -5.34836E-01
    3  T  1  4 1  -2.84766E-01
    4  T  2  3 0  -1.88280E-01
    5  T  1  5 1  -1.77115E-01
    6  T  1  6 1  -1.20898E-01
    7  T  1  7 1  -8.77672E-02
    8  T  1  8 1  -6.66108E-02
    9  T  1  9 1  -5.22798E-02
   10  T  1 10 1  -4.21238E-02
    1    2    0    9          
    1  0.000000E+00           
    1  C  2  0 0  -9.02171E-01
    2  T  1  3 2  -4.36681E-01
    3  T  1  4 2  -2.48024E-01
    4  T  1  5 2  -1.59506E-01
    5  T  1  6 2  -1.11180E-01
    6  T  1  7 2  -8.20305E-02
    7  T  1  8 2  -6.32918E-02
    8  T  1  9 2  -5.13083E-02
    9  T  2  3 1  -4.50198E-02
    1    2    1    8          
    2  4.447241E-01           
    1  T  2  3 2  -4.23468E-02
    2  T  2  4 2   1.78006E-01
    3  T  2  5 2   2.76591E-01
    4  T  2  6 2   3.28986E-01
    5  T  2  7 2   3.60205E-01
    6  T  2  8 2   3.80302E-01
    7  T  2  9 2   3.93998E-01
    8  T  2 10 2   4.03749E-01
    3    2    0    9          
    1  0.000000E+00           
    1  T  1  3 2  -4.75550E-01
    2  T  1  4 2  -2.62280E-01
    3  T  1  5 2  -1.66141E-01
    4  T  1  6 2  -1.14805E-01
    5  T  2  3 1  -1.02425E-01
    6  T  1  7 2  -8.37063E-02
    7  T  1  8 2  -6.39150E-02
    8  T  1  9 2  -5.03790E-02
    9  T  1 10 2  -4.07264E-02
    3    2    1    8          
    2  4.447241E-01           
    1  T  2  3 2  -1.67688E-02
    2  T  2  4 2   1.88184E-01
    3  T  2  5 2   2.81569E-01
    4  T  2  6 2   3.31798E-01
    5  T  2  7 2   3.61947E-01
    6  T  2  8 2   3.81456E-01
    7  T  2  9 2   3.94801E-01
    8  T  2 10 2   4.04330E-01
    1    3    1    7          
    1  0.000000E+00           
    1  T  1  4 3  -2.54756E-01
    2  T  1  5 3  -1.63255E-01
    3  T  1  6 3  -1.13511E-01
    4  T  1  7 3  -8.34652E-02
    5  T  1  8 3  -6.39390E-02
    6  T  1  9 3  -5.05381E-02
    7  T  1 10 3  -4.09439E-02
    3    3    1    7          
    1  0.000000E+00           
    1  T  1  4 3  -2.54935E-01
    2  T  1  5 3  -1.63704E-01
    3  T  1  6 3  -1.14286E-01
    4  T  1  7 3  -8.46326E-02
    5  T  1  8 3  -6.56160E-02
    6  T  1  9 3  -5.28630E-02
    7  T  1 10 3  -4.38748E-02
    0    0    0    0          
