    5    3    E               
    2    0    0    9          
    1  0.000000E+00           
    1  T  1  2 0  -2.78482E+00
    2  T  1  3 0  -1.14485E+00
    3  T  1  4 0  -6.21443E-01
    4  T  1  5 0  -3.89594E-01
    5  T  1  6 0  -2.66917E-01
    6  T  1  7 0  -1.94237E-01
    7  T  1  8 0  -1.47659E-01
    8  T  1  9 0  -1.16028E-01
    9  T  1 10 0  -9.35712E-02
    2    1    1    9          
    1  0.000000E+00           
    1  T  1  2 1  -2.34405E+00
    2  T  1  3 1  -1.02850E+00
    3  T  1  4 1  -5.74582E-01
    4  T  1  5 1  -3.66196E-01
    5  T  1  6 1  -2.53587E-01
    6  T  1  7 1  -1.85932E-01
    7  T  1  8 1  -1.42138E-01
    8  T  1  9 1  -1.12174E-01
    9  T  1 10 1  -9.07744E-02
    2    2    0    8          
    1  0.000000E+00           
    1  T  1  3 2  -1.00102E+00
    2  T  1  4 2  -5.63022E-01
    3  T  1  5 2  -3.60287E-01
    4  T  1  6 2  -2.50172E-01
    5  T  1  7 2  -1.83784E-01
    6  T  1  8 2  -1.40700E-01
    7  T  1  9 2  -1.11164E-01
    8  T  1 10 2  -9.00391E-02
    0    0    0    0          
