    6    5    E
    2    0    0    9
    1  0.000000E+00
    1  C  1  0 0  -8.93962E-01
    2  T  1  3 0  -7.25253E-01
    3  T  1  4 0  -3.58541E-01
    4  T  1  5 0  -2.12125E-01
    5  T  1  6 0  -1.40143E-01
    6  T  1  7 0  -9.94760E-02
    7  T  1  8 0  -7.42722E-02
    8  T  1  9 0  -5.75835E-02
    9  T  1 10 0  -4.59740E-02
    4    0    0    8
    2  4.777961E-01
    1  T  2  3 1  -1.04769E-01
    2  T  2  4 1   1.75316E-01
    3  T  2  5 1   2.92344E-01
    4  T  2  6 1   3.52314E-01
    5  T  2  7 1   3.87254E-01
    6  T  2  8 1   4.09394E-01
    7  T  2  9 1   4.24303E-01
    8  T  2 10 1   4.34820E-01
    2    1    0   10
    2  4.777961E-01
    1  C  1  0 0  -7.66486E-01
    2  T  2  3 1  -1.31032E-01
    3  T  2  4 1   1.62771E-01
    4  T  2  5 1   2.85208E-01
    5  T  2  6 1   3.46370E-01
    6  T  3  3 1   3.58687E-01
    7  T  2  7 1   3.85347E-01
    8  T  2  8 1   4.07960E-01
    9  T  2  9 1   4.23259E-01
   10  T  2 10 1   4.34044E-01
    4    1    0    9
    2  4.777961E-01
    1  C  1  0 0  -1.39940E+00
    2  T  2  3 1  -9.01524E-02
    3  T  2  4 1   1.81062E-01
    4  T  2  5 1   2.94811E-01
    5  T  2  6 1   3.53730E-01
    6  T  2  7 1   3.88147E-01
    7  T  2  8 1   4.09991E-01
    8  T  2  9 1   4.24720E-01
    9  T  2 10 1   4.35122E-01
    2    2    0   10
    1  0.000000E+00
    1  C  1  0 0  -1.09975E+00
    2  T  1  3 2  -4.63979E-01
    3  T  1  4 2  -2.59310E-01
    4  T  1  5 2  -1.65207E-01
    5  T  1  6 2  -1.14466E-01
    6  T  1  7 2  -8.44072E-02
    7  T  2  3 1  -6.97017E-02
    8  T  1  8 2  -6.22036E-02
    9  T  1  9 2  -4.98605E-02
   10  T  1 10 2  -4.04418E-02
    4    2    0   14
    2  4.777961E-01
    1  T  2  3 1  -1.34692E-01
    2  T  2  4 1   1.65933E-01
    3  T  2  4 3   2.29186E-01
    4  T  2  5 1   2.87927E-01
    5  T  2  5 3   3.18268E-01
    6  T  2  6 1   3.49954E-01
    7  T  2  6 3   3.66870E-01
    8  T  2  7 1   3.85848E-01
    9  T  2  7 3   3.96250E-01
   10  T  2  8 1   4.08487E-01
   11  T  2  8 3   4.15342E-01
   12  T  2  9 1   4.23684E-01
   13  T  2  9 3   4.28439E-01
   14  T  2 10 1   4.34377E-01
    2    3    0    7
    2  4.777961E-01
    1  T  2  4 3   2.22898E-01
    2  T  2  5 3   3.15235E-01
    3  T  2  6 3   3.65165E-01
    4  T  2  7 3   3.95179E-01
    5  T  2  8 3   4.14621E-01
    6  T  2  9 3   4.27930E-01
    7  T  2 10 3   4.37439E-01
    4    3    0    7
    2  4.777961E-01
    1  T  2  4 3   2.23012E-01
    2  T  2  5 3   3.15323E-01
    3  T  2  6 3   3.65225E-01
    4  T  2  7 3   3.95220E-01
    5  T  2  8 3   4.14650E-01
    6  T  2  9 3   4.27952E-01
    7  T  2 10 3   4.37455E-01
    2    4    0    6
    1  0.000000E+00
    1  T  1  5 4  -1.60175E-01
    2  T  1  6 4  -1.11256E-01
    3  T  1  7 4  -8.17375E-02
    4  T  1  8 4  -6.25755E-02
    5  T  1  9 4  -4.94380E-02
    6  T  1 10 4  -4.00415E-02
    4    4    0   11
    2  4.777961E-01
    1  T  2  4 3   2.27710E-01
    2  T  2  5 3   3.17596E-01
    3  T  2  6 3   3.66499E-01
    4  T  2  6 5   3.66756E-01
    5  T  2  7 3   3.96024E-01
    6  T  2  7 5   3.96214E-01
    7  T  2  8 3   4.15194E-01
    8  T  2  8 5   4.15332E-01
    9  T  2  9 3   4.28338E-01
   10  T  2  9 5   4.28439E-01
   11  T  2 10 3   4.37739E-01
    2    0    1    8
    4  1.259835E+00
    1  T  4  3 1   6.31842E-01
    2  T  4  4 1   9.43239E-01
    3  T  4  5 1   1.06788E+00
    4  T  4  6 1   1.13097E+00
    5  T  4  7 1   1.16731E+00
    6  T  4  8 1   1.19017E+00
    7  T  4  9 1   1.20549E+00
    8  T  4 10 1   1.21625E+00
    4    0    1    9
    4  1.259835E+00
    1  C  2  0 0  -4.87900E-01
    2  T  4  3 1   7.15475E-01
    3  T  4  4 1   9.71876E-01
    4  T  4  5 1   1.08095E+00
    5  T  4  6 1   1.13804E+00
    6  T  4  7 1   1.17158E+00
    7  T  4  8 1   1.19295E+00
    8  T  4  9 1   1.20740E+00
    9  T  4 10 1   1.21762E+00
    2    1    1   11
    1  0.000000E+00
    1  T  1  2 1  -1.78769E+00
    2  T  1  3 1  -5.90082E-01
    3  T  1  4 1  -3.10093E-01
    4  C  2  0 0  -2.42561E-01
    5  T  1  5 1  -1.89475E-01
    6  T  2  3 0  -1.63384E-01
    7  T  1  6 1  -1.24104E-01
    8  T  1  7 1  -9.01943E-02
    9  T  1  8 1  -6.82796E-02
   10  T  1  9 1  -5.34454E-02
   11  T  1 10 1  -4.29586E-02
    4    1    1   16
    2  4.777961E-01
    1  T  2  3 0  -2.67141E-01
    2  T  2  3 2   2.35298E-02
    3  T  2  4 0   1.18862E-01
    4  T  2  4 2   2.20992E-01
    5  T  2  5 0   2.66041E-01
    6  T  2  5 2   3.14022E-01
    7  T  2  6 0   3.38021E-01
    8  T  2  6 2   3.64385E-01
    9  T  2  7 0   3.78631E-01
   10  T  2  7 2   3.94667E-01
   11  T  2  8 0   4.03794E-01
   12  T  2  8 2   4.14273E-01
   13  T  2  9 0   4.20461E-01
   14  T  2  9 2   4.27685E-01
   15  T  2 10 0   4.32070E-01
   16  T  2 10 2   4.37260E-01
    2    2    1    9
    2  4.777961E-01
    1  C  2  0 0  -4.10622E-01
    2  T  2  3 2   1.82143E-02
    3  T  2  4 2   2.19217E-01
    4  T  2  5 2   3.12624E-01
    5  T  2  6 2   3.63392E-01
    6  T  2  7 2   3.93907E-01
    7  T  2  8 2   4.13648E-01
    8  T  2  9 2   4.27142E-01
    9  T  2 10 2   4.36768E-01
    4    2    1    8
    2  4.777961E-01
    1  T  2  3 2   1.00906E-03
    2  T  2  4 2   2.14838E-01
    3  T  2  5 2   3.11114E-01
    4  T  2  6 2   3.62847E-01
    5  T  2  7 2   3.93761E-01
    6  T  2  8 2   4.13694E-01
    7  T  2  9 2   4.27291E-01
    8  T  2 10 2   4.36980E-01
    2    3    1    7
    1  0.000000E+00
    1  T  1  4 3  -2.52053E-01
    2  T  1  5 3  -1.61225E-01
    3  T  1  6 3  -1.11881E-01
    4  T  1  7 3  -8.21428E-02
    5  T  1  8 3  -6.28536E-02
    6  T  1  9 3  -4.96370E-02
    7  T  1 10 3  -4.01886E-02
    4    3    1   13
    2  4.777961E-01
    1  T  2  3 2  -8.16360E-03
    2  T  2  4 2   2.08837E-01
    3  T  2  5 2   3.07979E-01
    4  T  2  5 4   3.18090E-01
    5  T  2  6 2   3.60984E-01
    6  T  2  6 4   3.66885E-01
    7  T  2  7 2   3.92571E-01
    8  T  2  7 4   3.96295E-01
    9  T  2  8 2   4.12891E-01
   10  T  2  8 4   4.15384E-01
   11  T  2  9 2   4.26725E-01
   12  T  2  9 4   4.28475E-01
   13  T  2 10 2   4.36566E-01
    2    4    1    6
    2  4.777961E-01
    1  T  2  5 4   3.17122E-01
    2  T  2  6 4   3.66192E-01
    3  T  2  7 4   3.95826E-01
    4  T  2  8 4   4.15061E-01
    5  T  2  9 4   4.28244E-01
    6  T  2 10 4   4.37671E-01
    4    4    1    6
    2  4.777961E-01
    1  T  2  5 4   3.17122E-01
    2  T  2  6 4   3.66193E-01
    3  T  2  7 4   3.95826E-01
    4  T  2  8 4   4.15061E-01
    5  T  2  9 4   4.28245E-01
    6  T  2 10 4   4.37671E-01
    0    0    0    0
