    6    4    E               
    1    0    0   11          
    1  0.000000E+00           
    1  C  1  0 0  -3.51171E+00
    2  C  2  0 0  -1.80550E+00
    3  T  1  3 0  -1.26280E+00
    4  T  1  4 0  -6.78189E-01
    5  T  1  5 0  -4.30367E-01
    6  T  2  3 1  -3.61383E-01
    7  T  1  6 0  -2.76984E-01
    8  T  1  7 0  -2.02130E-01
    9  T  1  8 0  -1.53289E-01
   10  T  1  9 0  -1.20118E-01
   11  T  1 10 0  -9.66228E-02
    3    0    0    9          
    1  0.000000E+00           
    1  T  1  3 0  -1.34713E+00
    2  T  1  4 0  -6.98813E-01
    3  T  2  3 1  -5.29999E-01
    4  T  1  5 0  -4.21283E-01
    5  T  1  6 0  -2.85686E-01
    6  T  1  7 0  -2.05974E-01
    7  T  1  8 0  -1.55485E-01
    8  T  1  9 0  -1.21522E-01
    9  T  1 10 0  -9.75890E-02
    1    1    0    8          
    2  5.926411E-01           
    1  T  2  3 1  -5.99342E-01
    2  T  2  4 1  -4.11765E-02
    3  T  2  5 1   1.98284E-01
    4  T  2  6 1   3.23314E-01
    5  T  2  7 1   3.97011E-01
    6  T  2  8 1   4.44102E-01
    7  T  2  9 1   4.76020E-01
    8  T  2 10 1   4.98651E-01
    1    1    1   11          
    1  0.000000E+00           
    1  T  1  2 1  -2.56260E+00
    2  T  1  3 1  -1.15655E+00
    3  T  1  4 1: -6.90087E-01
    4  T  2  3 0: -5.76174E-01
    5  T  1  5 1  -3.88700E-01
    6  T  2  3 2  -3.51325E-01
    7  T  1  6 1  -2.64911E-01
    8  T  1  7 1  -1.94177E-01
    9  T  1  8 1  -1.48372E-01
   10  T  1  9 1  -1.17248E-01
   11  T  1 10 1  -9.53488E-02
    3    1    0    9          
    2  5.926411E-01           
    1  C  2  0 0  -2.24538E+00
    2  T  2  3 1  -5.04794E-01
    3  T  2  4 1  -1.01557E-02
    4  T  2  5 1   2.12426E-01
    5  T  2  6 1   3.30982E-01
    6  T  2  7 1   4.01643E-01
    7  T  2  8 1   4.47119E-01
    8  T  2  9 1   4.78097E-01
    9  T  2 10 1   5.00143E-01
    3    1    1   11          
    1  0.000000E+00           
    1  T  1  2 1  -3.03283E+00
    2  T  1  3 1  -1.15013E+00
    3  T  2  3 0  -7.04145E-01
    4  T  1  4 1  -6.22372E-01
    5  T  2  3 2  -4.13555E-01
    6  T  1  5 1  -3.80380E-01
    7  T  1  6 1  -2.65544E-01
    8  T  1  7 1  -1.93593E-01
    9  T  1  8 1  -1.47304E-01
   10  T  1  9 1  -1.15830E-01
   11  T  1 10 1  -9.35104E-02
    1    2    0   10          
    1  0.000000E+00           
    1  C  2  0 0  -2.16932E+00
    2  T  1  3 2  -9.96289E-01
    3  T  1  4 2  -5.63728E-01
    4  T  2  3 1  -4.74790E-01
    5  T  1  5 2  -3.59462E-01
    6  T  1  6 2  -2.50037E-01
    7  T  1  7 2  -1.83800E-01
    8  T  1  8 2  -1.40757E-01
    9  T  1  9 2  -1.11229E-01
   10  T  1 10 2  -9.01018E-02
    1    2    1    8          
    2  5.926411E-01           
    1  T  2  3 2  -4.82197E-01
    2  T  2  4 2   1.17679E-03
    3  T  2  5 2   2.18622E-01
    4  T  2  6 2   3.34667E-01
    5  T  2  7 2   4.04000E-01
    6  T  2  8 2   4.48714E-01
    7  T  2  9 2   4.79223E-01
    8  T  2 10 2   5.00966E-01
    3    2    0    9          
    1  0.000000E+00           
    1  T  1  3 2  -1.05824E+00
    2  T  1  4 2  -5.88515E-01
    3  T  2  3 1  -5.69686E-01
    4  T  1  5 2  -3.70982E-01
    5  T  1  6 2  -2.56299E-01
    6  T  1  7 2  -1.87618E-01
    7  T  1  8 2  -1.43258E-01
    8  T  1  9 2  -1.12956E-01
    9  T  1 10 2  -9.13434E-02
    3    2    1    8          
    2  5.926411E-01           
    1  T  2  3 2  -4.36097E-01
    2  T  2  4 2   1.85223E-02
    3  T  2  5 2   2.26958E-01
    4  T  2  6 2   3.39318E-01
    5  T  2  7 2   4.06861E-01
    6  T  2  8 2   4.50599E-01
    7  T  2  9 2   4.80533E-01
    8  T  2 10 2   5.01913E-01
    1    3    0    7          
    2  5.926411E-01           
    1  T  2  4 3   2.20131E-02
    2  T  2  5 3   2.28715E-01
    3  T  2  6 3   3.40332E-01
    4  T  2  7 3   4.07510E-01
    5  T  2  8 3   4.51039E-01
    6  T  2  9 3   4.80843E-01
    7  T  2 10 3   5.02140E-01
    1    3    1    8          
    1  0.000000E+00           
    1  T  1  4 3  -5.78764E-01
    2  T  2  3 2: -4.05306E-01
    3  T  1  5 3: -3.38045E-01
    4  T  1  6 3  -2.46668E-01
    5  T  1  7 3  -1.82856E-01
    6  T  1  8 3  -1.40497E-01
    7  T  1  9 3  -1.11220E-01
    8  T  1 10 3  -9.01920E-02
    3    3    0    7          
    2  5.926411E-01           
    1  T  2  4 3   2.23975E-02
    2  T  2  5 3   2.28962E-01
    3  T  2  6 3   3.40486E-01
    4  T  2  7 3   4.07609E-01
    5  T  2  8 3   4.51106E-01
    6  T  2  9 3   4.80891E-01
    7  T  2 10 3   5.02176E-01
    3    3    1    8          
    1  0.000000E+00           
    1  T  1  4 3  -5.84786E-01
    2  T  2  3 2  -4.77162E-01
    3  T  1  5 3  -3.55534E-01
    4  T  1  6 3  -2.49400E-01
    5  T  1  7 3  -1.83737E-01
    6  T  1  8 3  -1.40852E-01
    7  T  1  9 3  -1.11374E-01
    8  T  1 10 3  -9.02610E-02
    1    4    0    6          
    1  0.000000E+00           
    1  T  1  5 4  -3.61290E-01
    2  T  1  6 4  -2.50990E-01
    3  T  1  7 4  -1.84424E-01
    4  T  1  8 4  -1.41209E-01
    5  T  1  9 4  -1.11575E-01
    6  T  1 10 4  -9.03761E-02
    3    4    0    6          
    1  0.000000E+00           
    1  T  1  5 4  -3.61291E-01
    2  T  1  6 4  -2.50991E-01
    3  T  1  7 4  -1.84425E-01
    4  T  1  8 4  -1.41209E-01
    5  T  1  9 4  -1.11576E-01
    6  T  1 10 4  -9.03770E-02
    0    0    0    0          
