    6    6    E
    1    0    1    8
    5  1.028357E+00
    1  T  5  3 1   7.93461E-01
    2  T  5  4 1   9.29071E-01
    3  T  5  5 1   9.71635E-01
    4  T  5  6 1   9.91503E-01
    5  T  5  7 1   1.00246E+00
    6  T  5  8 1   1.00916E+00
    7  T  5  9 1   1.01355E+00
    8  T  5 10 1   1.01659E+00
    1    1    1   16
    1  0.000000E+00
    1  T  1  3 0  -2.80533E-01
    2  T  1  4 0  -1.15623E-01
    3  T  1  3 2  -1.10991E-01
    4  T  1  5 0  -6.42691E-02
    5  T  1  4 2  -6.24426E-02
    6  T  1  6 0  -4.08698E-02
    7  T  1  5 2  -3.99533E-02
    8  T  1  7 0  -2.82702E-02
    9  T  1  6 2  -2.77459E-02
   10  T  1  8 0  -2.07143E-02
   11  T  1  7 2  -2.03864E-02
   12  T  1  9 0  -1.58284E-02
   13  T  1  8 2  -1.56098E-02
   14  T  1 10 0  -1.24878E-02
   15  T  1  9 2  -1.23347E-02
   16  T  1 11 0  -1.01032E-02
    1    2    1    8
    1  0.000000E+00
    1  T  1  3 2  -1.22613E-01
    2  T  1  4 2  -6.82600E-02
    3  T  1  5 2  -4.32302E-02
    4  T  1  6 2  -2.97432E-02
    5  T  1  7 2  -2.16837E-02
    6  T  1  8 2  -1.64961E-02
    7  T  1  9 2  -1.29654E-02
    8  T  1 10 2  -1.04558E-02
    1    3    1   13
    1  0.000000E+00
    1  T  1  3 2  -1.13385E-01
    2  T  1  4 2  -6.35609E-02
    3  T  1  5 2  -4.05524E-02
    4  T  1  5 4  -3.99879E-02
    5  T  1  6 2  -2.80996E-02
    6  T  1  6 4  -2.77675E-02
    7  T  1  7 2  -2.06115E-02
    8  T  1  7 4  -2.04006E-02
    9  T  1  8 2  -1.57615E-02
   10  T  1  8 4  -1.56195E-02
   11  T  1  9 2  -1.24417E-02
   12  T  1  9 4  -1.23416E-02
   13  T  1 10 2  -1.00701E-02
    1    4    1    6
    1  0.000000E+00
    1  T  1  5 4  -4.00328E-02
    2  T  1  6 4  -2.78070E-02
    3  T  1  7 4  -2.04302E-02
    4  T  1  8 4  -1.56412E-02
    5  T  1  9 4  -1.23577E-02
    6  T  1 10 4  -1.00091E-02
    1    5    1    9
    1  0.000000E+00
    1  T  1  5 4  -3.99974E-02
    2  T  1  6 4  -2.77757E-02
    3  T  1  7 6  -2.04085E-02
    4  T  1  7 4  -2.04085E-02
    5  T  1  8 6  -1.56255E-02
    6  T  1  8 4  -1.56255E-02
    7  T  1  9 6  -1.23461E-02
    8  T  1  9 4  -1.23461E-02
    9  T  1 10 6  -1.00004E-02
    1    6    1    4
    1  0.000000E+00
    1  T  1  7 6  -2.04082E-02
    2  T  1  8 6  -1.56250E-02
    3  T  1  9 6  -1.23457E-02
    4  T  1 10 6  -1.00000E-02
    3    0    1    9
    2  3.790080E-01
    1  C  2  0 0:  1.19456E-01
    2  T  2  3 1   2.37656E-01
    3  T  2  4 1   2.95367E-01
    4  T  2  5 1   3.27497E-01
    5  T  2  6 1   3.44583E-01
    6  T  2  7 1   3.54460E-01
    7  T  2  8 1   3.60641E-01
    8  T  2  9 1   3.64756E-01
    9  T  2 10 1   3.67630E-01
    3    1    1   18
    1  0.000000E+00
    1  T  1  3 0  -2.96421E-01
    2  C  2  0 0  -1.52982E-01
    3  T  1  4 0  -1.17444E-01
    4  T  1  3 2  -1.07168E-01
    5  T  1  5 0  -6.50440E-02
    6  T  1  4 2  -6.20564E-02
    7  T  1  6 0  -4.12436E-02
    8  T  1  5 2  -3.99213E-02
    9  T  1  7 0  -2.84788E-02
   10  T  1  6 2  -2.77704E-02
   11  T  1  8 0  -2.08427E-02
   12  T  1  7 2  -2.04168E-02
   13  T  1  9 0  -1.59131E-02
   14  T  1  8 2  -1.56363E-02
   15  T  1 10 0  -1.25466E-02
   16  T  1  9 2  -1.23562E-02
   17  T  1 11 0  -1.01457E-02
   18  T  1 10 2  -1.00090E-02
    3    2    1    9
    1  0.000000E+00
    1  C  2  0 0  -2.62496E-01
    2  T  1  3 2  -1.15589E-01
    3  T  1  4 2  -6.44899E-02
    4  T  1  5 2  -4.10604E-02
    5  T  1  6 2  -2.84038E-02
    6  T  1  7 2  -2.08068E-02
    7  T  1  8 2  -1.58939E-02
    8  T  1  9 2  -1.25353E-02
    9  T  1 10 2  -1.01386E-02
    3    3    1   13
    1  0.000000E+00
    1  T  1  3 2  -1.16793E-01
    2  T  1  4 2  -6.54102E-02
    3  T  1  5 2  -4.15804E-02
    4  T  1  5 4  -3.99882E-02
    5  T  1  6 2  -2.87173E-02
    6  T  1  6 4  -2.77677E-02
    7  T  1  7 2  -2.10084E-02
    8  T  1  7 4  -2.04007E-02
    9  T  1  8 2  -1.60305E-02
   10  T  1  8 4  -1.56196E-02
   11  T  1  9 2  -1.26320E-02
   12  T  1  9 4  -1.23417E-02
   13  T  1 10 2  -1.02095E-02
    3    4    1    6
    1  0.000000E+00
    1  T  1  5 4  -4.00328E-02
    2  T  1  6 4  -2.78070E-02
    3  T  1  7 4  -2.04302E-02
    4  T  1  8 4  -1.56412E-02
    5  T  1  9 4  -1.23577E-02
    6  T  1 10 4  -1.00091E-02
    3    5    1    9
    1  0.000000E+00
    1  T  1  5 4  -3.99974E-02
    2  T  1  6 4  -2.77757E-02
    3  T  1  7 4  -2.04085E-02
    4  T  1  7 6  -2.04085E-02
    5  T  1  8 4  -1.56255E-02
    6  T  1  8 6  -1.56255E-02
    7  T  1  9 4  -1.23461E-02
    8  T  1  9 6  -1.23461E-02
    9  T  1 10 4  -1.00004E-02
    3    6    1    4
    1  0.000000E+00
    1  T  1  7 6  -2.04082E-02
    2  T  1  8 6  -1.56250E-02
    3  T  1  9 6  -1.23457E-02
    4  T  1 10 6  -1.00000E-02
    5    0    1    9
    2  3.790080E-01
    1  C  2  0 0  -5.50551E-01
    2  T  2  3 1   1.99453E-01
    3  T  2  4 1   2.92745E-01
    4  T  2  5 1   3.27781E-01
    5  T  2  6 1   3.45027E-01
    6  T  2  7 1   3.54809E-01
    7  T  2  8 1   3.60897E-01
    8  T  2  9 1   3.64944E-01
    9  T  2 10 1   3.67770E-01
    5    1    1    8
    2  3.790080E-01
    1  T  2  3 1   1.86789E-01
    2  T  2  4 1   2.88206E-01
    3  T  2  5 1   3.25684E-01
    4  T  2  6 1   3.43886E-01
    5  T  2  7 1   3.54121E-01
    6  T  2  8 1   3.60450E-01
    7  T  2  9 1   3.64638E-01
    8  T  2 10 1   3.67552E-01
    5    2    1   15
    2  3.790080E-01
    1  T  2  3 1   1.77785E-01
    2  T  2  4 1   2.85975E-01
    3  T  2  4 3   3.16190E-01
    4  T  2  5 1   3.24751E-01
    5  T  2  5 3   3.38826E-01
    6  T  2  6 1   3.43404E-01
    7  T  2  6 3   3.51122E-01
    8  T  2  7 1   3.53839E-01
    9  T  2  7 3   3.58531E-01
   10  T  2  8 1   3.60271E-01
   11  T  2  8 3   3.63336E-01
   12  T  2  9 1   3.64516E-01
   13  T  2  9 3   3.66629E-01
   14  T  2 10 1   3.67465E-01
   15  T  2 10 3   3.68984E-01
    5    3    1    6
    2  3.790080E-01
    1  T  2  4 3   3.16827E-01
    2  T  2  5 3   3.39185E-01
    3  T  2  6 3   3.51334E-01
    4  T  2  7 3   3.58665E-01
    5  T  2  8 3   3.63427E-01
    6  T  2  9 3   3.66693E-01
    5    4    1   11
    2  3.790080E-01
    1  T  2  4 3   3.16349E-01
    2  T  2  5 3   3.38914E-01
    3  T  2  6 3   3.51171E-01
    4  T  2  6 5   3.51232E-01
    5  T  2  7 3   3.58561E-01
    6  T  2  7 5   3.58602E-01
    7  T  2  8 3   3.63356E-01
    8  T  2  8 5   3.63384E-01
    9  T  2  9 3   3.66643E-01
   10  T  2  9 5   3.66664E-01
   11  T  2 10 3   3.68994E-01
    5    5    1    4
    2  3.790080E-01
    1  T  2  6 5   3.51232E-01
    2  T  2  7 5   3.58602E-01
    3  T  2  8 5   3.63385E-01
    4  T  2  9 5   3.66664E-01
    1    0    0    9
    1  0.000000E+00
    1  C  1  0 0  -6.35936E-01
    2  T  1  3 1  -1.59115E-01
    3  T  1  4 1  -8.00323E-02
    4  T  1  5 1  -4.83888E-02
    5  T  1  6 1  -3.24511E-02
    6  T  1  7 1  -2.32798E-02
    7  T  1  8 1  -1.75160E-02
    8  T  1  9 1  -1.36570E-02
    9  T  1 10 1  -1.09466E-02
    1    1    0    8
    1  0.000000E+00
    1  T  1  3 1  -2.16248E-01
    2  T  1  4 1  -9.57750E-02
    3  T  1  5 1  -5.53334E-02
    4  T  1  6 1  -3.61488E-02
    5  T  1  7 1  -2.54854E-02
    6  T  1  8 1  -1.89378E-02
    7  T  1  9 1  -1.46272E-02
    8  T  1 10 1  -1.16381E-02
    1    2    0   15
    1  0.000000E+00
    1  C  1  0 0  -7.48402E-01
    2  T  1  3 1  -1.75374E-01
    3  T  1  4 1  -8.48612E-02
    4  T  1  4 3  -6.23658E-02
    5  T  1  5 1  -5.05820E-02
    6  T  1  5 3  -3.99323E-02
    7  T  1  6 1  -3.36361E-02
    8  T  1  6 3  -2.77404E-02
    9  T  1  7 1  -2.39929E-02
   10  T  1  7 3  -2.03854E-02
   11  T  1  8 1  -1.79786E-02
   12  T  1  8 3  -1.56101E-02
   13  T  1  9 1  -1.39741E-02
   14  T  1  9 3  -1.23354E-02
   15  T  1 10 1  -1.11735E-02
    1    3    0    7
    1  0.000000E+00
    1  T  1  4 3  -6.29373E-02
    2  T  1  5 3  -4.02543E-02
    3  T  1  6 3  -2.79306E-02
    4  T  1  7 3  -2.05062E-02
    5  T  1  8 3  -1.56914E-02
    6  T  1  9 3  -1.23927E-02
    7  T  1 10 3  -1.00344E-02
    1    4    0   11
    1  0.000000E+00
    1  T  1  4 3  -6.25127E-02
    2  T  1  5 3  -4.00150E-02
    3  T  1  6 3  -2.77946E-02
    4  T  1  6 5  -2.77718E-02
    5  T  1  7 3  -2.04212E-02
    6  T  1  7 5  -2.04027E-02
    7  T  1  8 3  -1.56346E-02
    8  T  1  8 5  -1.56207E-02
    9  T  1  9 3  -1.23529E-02
   10  T  1  9 5  -1.23424E-02
   11  T  1 10 3  -1.00054E-02
    1    5    0    5
    1  0.000000E+00
    1  T  1  6 5  -2.77791E-02
    2  T  1  7 5  -2.04097E-02
    3  T  1  8 5  -1.56265E-02
    4  T  1  9 5  -1.23469E-02
    5  T  1 10 5  -1.00010E-02
    1    6    0    7
    1  0.000000E+00
    1  T  1  6 5  -2.77776E-02
    2  T  1  7 5  -2.04079E-02
    3  T  1  8 5  -1.56250E-02
    4  T  1  8 7  -1.56250E-02
    5  T  1  9 5  -1.23457E-02
    6  T  1  9 7  -1.23457E-02
    7  T  1 10 5  -1.00000E-02
    3    0    0    8
    1  0.000000E+00
    1  T  1  3 1  -1.96709E-01
    2  T  1  4 1  -9.11288E-02
    3  T  1  5 1  -5.33939E-02
    4  T  1  6 1  -3.51454E-02
    5  T  1  7 1  -2.48968E-02
    6  T  1  8 1  -1.85625E-02
    7  T  1  9 1  -1.43730E-02
    8  T  1 10 1  -1.14581E-02
    3    1    0    9
    1  0.000000E+00
    1  C  1  0 0  -8.46461E-01
    2  T  1  3 1  -1.89330E-01
    3  T  1  4 1  -8.90611E-02
    4  T  1  5 1  -5.25151E-02
    5  T  1  6 1  -3.46911E-02
    6  T  1  7 1  -2.46324E-02
    7  T  1  8 1  -1.83953E-02
    8  T  1  9 1  -1.42606E-02
    9  T  1 10 1  -1.13789E-02
    3    2    0   14
    1  0.000000E+00
    1  T  1  3 1  -2.07689E-01
    2  T  1  4 1  -9.36608E-02
    3  T  1  4 3  -6.23704E-02
    4  T  1  5 1  -5.44484E-02
    5  T  1  5 3  -3.99354E-02
    6  T  1  6 1  -3.56899E-02
    7  T  1  6 3  -2.77425E-02
    8  T  1  7 1  -2.52158E-02
    9  T  1  7 3  -2.03868E-02
   10  T  1  8 1  -1.87657E-02
   11  T  1  8 3  -1.56111E-02
   12  T  1  9 1  -1.45106E-02
   13  T  1  9 3  -1.23361E-02
   14  T  1 10 1  -1.15555E-02
    3    3    0    7
    1  0.000000E+00
    1  T  1  4 3  -6.29346E-02
    2  T  1  5 3  -4.02521E-02
    3  T  1  6 3  -2.79290E-02
    4  T  1  7 3  -2.05051E-02
    5  T  1  8 3  -1.56906E-02
    6  T  1  9 3  -1.23921E-02
    7  T  1 10 3  -1.00340E-02
    3    4    0   11
    1  0.000000E+00
    1  T  1  4 3  -6.25193E-02
    2  T  1  5 3  -4.00206E-02
    3  T  1  6 3  -2.77978E-02
    4  T  1  6 5  -2.77727E-02
    5  T  1  7 3  -2.04234E-02
    6  T  1  7 5  -2.04034E-02
    7  T  1  8 3  -1.56362E-02
    8  T  1  8 5  -1.56212E-02
    9  T  1  9 3  -1.23540E-02
   10  T  1  9 5  -1.23428E-02
   11  T  1 10 3  -1.00063E-02
    3    5    0    5
    1  0.000000E+00
    1  T  1  6 5  -2.77791E-02
    2  T  1  7 5  -2.04097E-02
    3  T  1  8 5  -1.56265E-02
    4  T  1  9 5  -1.23469E-02
    5  T  1 10 5  -1.00010E-02
    3    6    0    7
    1  0.000000E+00
    1  T  1  6 5  -2.77776E-02
    2  T  1  7 5  -2.04079E-02
    3  T  1  8 5  -1.56250E-02
    4  T  1  8 7  -1.56250E-02
    5  T  1  9 5  -1.23457E-02
    6  T  1  9 7  -1.23457E-02
    7  T  1 10 5  -1.00000E-02
    5    1    0   17
    2  3.790080E-01
    1  T  2  3 0   9.35423E-02
    2  T  2  4 0   2.60733E-01
    3  T  2  3 2   2.63472E-01
    4  T  2  5 0   3.13529E-01
    5  T  2  4 2   3.14960E-01
    6  T  2  6 0   3.37502E-01
    7  T  2  5 2   3.38256E-01
    8  T  2  7 0   3.50365E-01
    9  T  2  6 2   3.50807E-01
   10  T  2  8 0   3.58057E-01
   11  T  2  7 2   3.58338E-01
   12  T  2  9 0   3.63021E-01
   13  T  2  8 2   3.63209E-01
   14  T  2 10 0   3.66409E-01
   15  T  2  9 2   3.66541E-01
   16  T  2 11 0   3.68824E-01
   17  T  2 10 2   3.68920E-01
    5    2    0    8
    2  3.790080E-01
    1  T  2  3 2   2.66736E-01
    2  T  2  4 2   3.15418E-01
    3  T  2  5 2   3.38349E-01
    4  T  2  6 2   3.50820E-01
    5  T  2  7 2   3.58330E-01
    6  T  2  8 2   3.63198E-01
    7  T  2  9 2   3.66530E-01
    8  T  2 10 2   3.68910E-01
    5    3    0   14
    2  3.790080E-01
    1  T  2  3 2   2.61953E-01
    2  T  2  4 2   3.13532E-01
    3  T  2  5 2   3.37387E-01
    4  T  2  5 4   3.38986E-01
    5  T  2  6 2   3.50265E-01
    6  T  2  6 4   3.51210E-01
    7  T  2  7 2   3.57982E-01
    8  T  2  7 4   3.58585E-01
    9  T  2  8 2   3.62966E-01
   10  T  2  8 4   3.63372E-01
   11  T  2  9 2   3.66368E-01
   12  T  2  9 4   3.66654E-01
   13  T  2 10 2   3.68792E-01
   14  T  2 10 4   3.69002E-01
    5    4    0    5
    2  3.790080E-01
    1  T  2  5 4   3.39037E-01
    2  T  2  6 4   3.51255E-01
    3  T  2  7 4   3.58619E-01
    4  T  2  8 4   3.63397E-01
    5  T  2  9 4   3.66673E-01
    5    5    0    9
    2  3.790080E-01
    1  T  2  5 4   3.38996E-01
    2  T  2  6 4   3.51219E-01
    3  T  2  7 4   3.58600E-01
    4  T  2  7 6   3.58600E-01
    5  T  2  8 4   3.63383E-01
    6  T  2  8 6   3.63383E-01
    7  T  2  9 4   3.66663E-01
    8  T  2  9 6   3.66663E-01
    9  T  2 10 4   3.69008E-01
    0    0    0    0
