    7    2    E               
    1    0    0   10          
    1  0.000000E+00           
    1  C  1  0 0  -4.05249E+01
    2  T  1  2 0  -9.22280E+00
    3  T  1  3 0  -4.06733E+00
    4  T  1  4 0  -2.27854E+00
    5  T  1  5 0  -1.45466E+00
    6  T  1  6 0  -1.00849E+00
    7  T  1  7 0  -7.40041E-01
    8  T  1  8 0  -5.66081E-01
    9  T  1  9 0  -4.46959E-01
   10  T  1 10 0  -3.61833E-01
    3    0    0    9          
    1  0.000000E+00           
    1  T  1  2 0  -9.71504E+00
    2  T  1  3 0  -4.19768E+00
    3  T  1  4 0  -2.33129E+00
    4  T  1  5 0  -1.48109E+00
    5  T  1  6 0  -1.02361E+00
    6  T  1  7 0  -7.49492E-01
    7  T  1  8 0  -5.72382E-01
    8  T  1  9 0  -4.51369E-01
    9  T  1 10 0  -3.65039E-01
    1    2    0    8          
    1  0.000000E+00           
    1  T  1  3 2  -4.00016E+00
    2  T  1  4 2  -2.25001E+00
    3  T  1  5 2  -1.44002E+00
    4  T  1  6 2  -9.99996E-01
    5  T  1  7 2  -7.34687E-01
    6  T  1  8 2  -5.62495E-01
    7  T  1  9 2  -4.44441E-01
    8  T  1 10 2  -3.59998E-01
    3    2    0    8          
    1  0.000000E+00           
    1  T  1  3 2  -4.00300E+00
    2  T  1  4 2  -2.25157E+00
    3  T  1  5 2  -1.44089E+00
    4  T  1  6 2  -1.00052E+00
    5  T  1  7 2  -7.35029E-01
    6  T  1  8 2  -5.62728E-01
    7  T  1  9 2  -4.44606E-01
    8  T  1 10 2  -3.60120E-01
    1    1    1    9          
    1  0.000000E+00           
    1  T  1  2 1  -8.91670E+00
    2  T  1  3 1  -3.97794E+00
    3  T  1  4 1  -2.24119E+00
    4  T  1  5 1  -1.43564E+00
    5  T  1  6 1  -9.97506E-01
    6  T  1  7 1  -7.33132E-01
    7  T  1  8 1  -5.61458E-01
    8  T  1  9 1  -4.43715E-01
    9  T  1 10 1  -3.59469E-01
    3    1    1    9          
    1  0.000000E+00           
    1  T  1  2 1  -9.24083E+00
    2  T  1  3 1  -4.06870E+00
    3  T  1  4 1  -2.27866E+00
    4  T  1  5 1  -1.45462E+00
    5  T  1  6 1  -1.00843E+00
    6  T  1  7 1  -7.39985E-01
    7  T  1  8 1  -5.66037E-01
    8  T  1  9 1  -4.46926E-01
    9  T  1 10 1  -3.61807E-01
    0    0    0    0          
