    8    8    E               
    1    0    0    9          
    3  3.687820E-01           
    1  C  1  0 0  -6.77557E-01
    2  T  3  3 1   1.96414E-01
    3  T  3  4 1   2.84057E-01
    4  T  3  5 1   3.18171E-01
    5  T  3  6 1   3.35110E-01
    6  T  3  7 1   3.44761E-01
    7  T  3  8 1   3.50783E-01
    8  T  3  9 1   3.54793E-01
    9  T  3 10 1   3.57597E-01
    1    1    0   16          
    2  2.443920E-01           
    1  T  2  3 1   3.46131E-02
    2  T  2  4 1   1.44497E-01
    3  T  3  3 1   1.65408E-01
    4  T  2  4 3   1.81898E-01
    5  T  2  5 1   1.88887E-01
    6  T  2  5 3   2.04390E-01
    7  T  2  6 1   2.07858E-01
    8  T  2  6 3   2.16612E-01
    9  T  2  7 1   2.18616E-01
   10  T  2  7 3   2.23982E-01
   11  T  2  8 1   2.25247E-01
   12  T  2  8 3   2.28765E-01
   13  T  2  9 1   2.29615E-01
   14  T  2  9 3   2.32045E-01
   15  T  2 10 1   2.32643E-01
   16  T  2 10 3   2.34391E-01
    1    2    0   17          
    2  2.443920E-01           
    1  C  1  0 0  -8.51519E-01
    2  T  2  3 1   6.56298E-02
    3  T  2  4 1   1.56563E-01
    4  T  3  3 1   1.74918E-01
    5  T  2  4 3   1.81925E-01
    6  T  2  5 1   1.93069E-01
    7  T  2  5 3   2.04392E-01
    8  T  2  6 1   2.10220E-01
    9  T  2  6 3   2.16612E-01
   10  T  2  7 1   2.20050E-01
   11  T  2  7 3   2.23982E-01
   12  T  2  8 1   2.26178E-01
   13  T  2  8 3   2.28765E-01
   14  T  2  9 1   2.30252E-01
   15  T  2  9 3   2.32045E-01
   16  T  2 10 1   2.33098E-01
   17  T  2 10 3   2.34391E-01
    1    3    0   14          
    2  2.443920E-01           
    1  T  2  3 1   4.15449E-02
    2  T  2  4 1   1.49136E-01
    3  T  2  4 3   1.81886E-01
    4  T  2  5 1   1.88948E-01
    5  T  2  5 3   2.04387E-01
    6  T  2  6 1   2.08112E-01
    7  T  2  6 3   2.16611E-01
    8  T  2  7 1   2.18807E-01
    9  T  2  7 3   2.23982E-01
   10  T  2  8 1   2.25382E-01
   11  T  2  8 3   2.28765E-01
   12  T  2  9 1   2.29712E-01
   13  T  2  9 3   2.32045E-01
   14  T  2 10 1   2.32715E-01
    1    4    0    6          
    2  2.443920E-01           
    1  T  2  4 3   1.81885E-01
    2  T  2  5 3   2.04387E-01
    3  T  2  6 3   2.16611E-01
    4  T  2  7 3   2.23982E-01
    5  T  2  8 3   2.28765E-01
    6  T  2  9 3   2.32045E-01
    1    5    0    6          
    2  2.443920E-01           
    1  T  2  4 3   1.81884E-01
    2  T  2  5 3   2.04386E-01
    3  T  2  6 3   2.16610E-01
    4  T  2  7 3   2.23981E-01
    5  T  2  8 3   2.28765E-01
    6  T  2  9 3   2.32045E-01
    1    0    1    8          
    2  2.443920E-01           
    1  T  2  3 2   1.32131E-01
    2  T  2  4 2   1.81240E-01
    3  T  2  5 2   2.04018E-01
    4  T  2  6 2   2.16386E-01
    5  T  2  7 2   2.23835E-01
    6  T  2  8 2   2.28665E-01
    7  T  2  9 2   2.31974E-01
    8  T  2 10 2   2.34339E-01
    1    1    1    9          
    2  2.443920E-01           
    1  T  3  3 0   6.59807E-02
    2  T  2  3 2   1.32470E-01
    3  T  2  4 2   1.81244E-01
    4  T  2  5 2   2.03979E-01
    5  T  2  6 2   2.16343E-01
    6  T  2  7 2   2.23798E-01
    7  T  2  8 2   2.28633E-01
    8  T  2  9 2   2.31946E-01
    9  T  2 10 2   2.34315E-01
    1    2    1   16          
    2  2.443920E-01           
    1  T  2  3 0  -5.61535E-02
    2  T  2  4 0   1.20216E-01
    3  T  2  3 2   1.33071E-01
    4  T  2  5 0   1.76643E-01
    5  T  2  4 2   1.81774E-01
    6  T  2  6 0   2.01767E-01
    7  T  2  5 2   2.04322E-01
    8  T  2  7 0   2.15116E-01
    9  T  2  6 2   2.16570E-01
   10  T  2  8 0   2.23048E-01
   11  T  2  7 2   2.23954E-01
   12  T  2  9 0   2.28144E-01
   13  T  2  8 2   2.28746E-01
   14  T  2 10 0   2.31611E-01
   15  T  2  9 2   2.32031E-01
   16  T  2 11 0   2.34075E-01
    1    3    1    7          
    2  2.443920E-01           
    1  T  2  3 2   1.33207E-01
    2  T  2  4 2   1.81856E-01
    3  T  2  5 2   2.04371E-01
    4  T  2  6 2   2.16601E-01
    5  T  2  7 2   2.23975E-01
    6  T  2  8 2   2.28761E-01
    7  T  2  9 2   2.32042E-01
    1    4    1    8          
    2  2.443920E-01           
    1  T  2  3 2   1.32384E-01
    2  T  2  4 2   1.81388E-01
    3  T  2  5 2   2.04104E-01
    4  T  2  6 2   2.16438E-01
    5  T  2  7 2   2.23869E-01
    6  T  2  8 2   2.28689E-01
    7  T  2  9 2   2.31991E-01
    8  T  2 10 2   2.34351E-01
    3    0    0    8          
    3  3.687820E-01           
    1  T  3  3 1   1.59737E-01
    2  T  3  4 1   2.71495E-01
    3  T  3  5 1   3.12430E-01
    4  T  3  6 1   3.32021E-01
    5  T  3  7 1   3.42912E-01
    6  T  3  8 1   3.49590E-01
    7  T  3  9 1   3.53978E-01
    8  T  3 10 1   3.57017E-01
    3    1    0    9          
    1  0.000000E+00           
    1  C  1  0 0  -1.00351E+00
    2  T  1  3 1  -1.89969E-01
    3  T  1  4 1  -9.15127E-02
    4  T  1  5 1  -5.39101E-02
    5  T  1  6 1  -3.55168E-02
    6  T  1  7 1  -2.51541E-02
    7  T  1  8 1  -1.87438E-02
    8  T  1  9 1  -1.45042E-02
    9  T  1 10 1  -1.15554E-02
    3    2    0   16          
    2  2.443920E-01           
    1  T  2  3 1   3.60014E-02
    2  T  2  4 1   1.46695E-01
    3  T  3  3 1   1.63214E-01
    4  T  2  4 3   1.81902E-01
    5  T  2  5 1   1.88326E-01
    6  T  2  5 3   2.04391E-01
    7  T  2  6 1   2.07735E-01
    8  T  2  6 3   2.16612E-01
    9  T  2  7 1   2.18575E-01
   10  T  2  7 3   2.23982E-01
   11  T  2  8 1   2.25231E-01
   12  T  2  8 3   2.28765E-01
   13  T  2  9 1   2.29609E-01
   14  T  2  9 3   2.32045E-01
   15  T  2 10 1   2.32641E-01
   16  T  2 10 3   2.34391E-01
    3    3    0    7          
    1  0.000000E+00           
    1  T  1  4 3  -6.25066E-02
    2  T  1  5 3  -4.00049E-02
    3  T  1  6 3  -2.77811E-02
    4  T  1  7 3  -2.04104E-02
    5  T  1  8 3  -1.56266E-02
    6  T  1  9 3  -1.23468E-02
    7  T  1 10 3  -1.00009E-02
    3    4    0    6          
    2  2.443920E-01           
    1  T  2  4 3   1.81883E-01
    2  T  2  5 3   2.04385E-01
    3  T  2  6 3   2.16609E-01
    4  T  2  7 3   2.23980E-01
    5  T  2  8 3   2.28765E-01
    6  T  2  9 3   2.32045E-01
    3    0    1    9          
    1  0.000000E+00           
    1  T  1  3 0  -2.93894E-01
    2  T  1  4 0  -1.22358E-01
    3  T  1  5 0  -6.70033E-02
    4  T  1  6 0  -4.22472E-02
    5  T  1  7 0  -2.90590E-02
    6  T  1  8 0  -2.12072E-02
    7  T  1  9 0  -1.61567E-02
    8  T  1 10 0  -1.27173E-02
    9  T  1 11 0  -1.02699E-02
    3    1    1   10          
    2  2.443920E-01           
    1  T  3  3 0   4.77531E-02
    2  T  2  3 2   1.25952E-01
    3  C  2  0 0   1.54334E-01
    4  T  2  4 2   1.84117E-01
    5  T  2  5 2   2.05057E-01
    6  T  2  6 2   2.16886E-01
    7  T  2  7 2   2.24105E-01
    8  T  2  8 2   2.28817E-01
    9  T  2  9 2   2.32059E-01
   10  T  2 10 2   2.34383E-01
    3    2    1    9          
    1  0.000000E+00           
    1  T  1  3 2  -1.11481E-01
    2  T  2  3 0  -7.00860E-02
    3  T  1  4 2  -6.26251E-02
    4  T  1  5 2  -4.01011E-02
    5  T  1  6 2  -2.78416E-02
    6  T  1  7 2  -2.04501E-02
    7  T  1  8 2  -1.56539E-02
    8  T  1  9 2  -1.23663E-02
    9  T  1 10 2  -1.00152E-02
    3    3    1    8          
    2  2.443920E-01           
    1  T  2  3 2   1.32148E-01
    2  T  2  4 2   1.81244E-01
    3  T  2  5 2   2.04017E-01
    4  T  2  6 2   2.16383E-01
    5  T  2  7 2   2.23832E-01
    6  T  2  8 2   2.28663E-01
    7  T  2  9 2   2.31972E-01
    8  T  2 10 2   2.34337E-01
    5    1    0    8          
    1  0.000000E+00           
    1  T  1  3 1  -2.08196E-01
    2  T  1  4 1  -9.70244E-02
    3  T  1  5 1  -5.62360E-02
    4  T  1  6 1  -3.67004E-02
    5  T  1  7 1  -2.58342E-02
    6  T  1  8 1  -1.91695E-02
    7  T  1  9 1  -1.47880E-02
    8  T  1 10 1  -1.17540E-02
    5    2    0    8          
    4  1.092816E+00           
    1  T  4  3 2   9.79726E-01
    2  T  4  4 2   1.02927E+00
    3  T  4  5 2   1.05223E+00
    4  T  4  6 2   1.06469E+00
    5  T  4  7 2   1.07218E+00
    6  T  4  8 2   1.07704E+00
    7  T  4  9 2   1.08036E+00
    8  T  4 10 2   1.08274E+00
    5    3    0    7          
    1  0.000000E+00           
    1  T  1  4 3  -6.25090E-02
    2  T  1  5 3  -4.00069E-02
    3  T  1  6 3  -2.77825E-02
    4  T  1  7 3  -2.04114E-02
    5  T  1  8 3  -1.56273E-02
    6  T  1  9 3  -1.23473E-02
    7  T  1 10 3  -1.00013E-02
    5    0    1    9          
    1  0.000000E+00           
    1  T  1  3 0  -3.21618E-01
    2  T  1  4 0  -1.29298E-01
    3  T  1  5 0  -6.97565E-02
    4  T  1  6 0  -4.36117E-02
    5  T  1  7 0  -2.98327E-02
    6  T  1  8 0  -2.16877E-02
    7  T  1  9 0  -1.64754E-02
    8  T  1 10 0  -1.29394E-02
    9  T  1 11 0  -1.04308E-02
    5    1    1    8          
    4  1.092816E+00           
    1  T  4  3 1   8.79279E-01
    2  T  4  4 1   9.94407E-01
    3  T  4  5 1   1.03600E+00
    4  T  4  6 1   1.05582E+00
    5  T  4  7 1   1.06681E+00
    6  T  4  8 1   1.07354E+00
    7  T  4  9 1   1.07795E+00
    8  T  4 10 1   1.08101E+00
    5    2    1    8          
    1  0.000000E+00           
    1  T  1  3 2  -1.12247E-01
    2  T  1  4 2  -6.31442E-02
    3  T  1  5 2  -4.03693E-02
    4  T  1  6 2  -2.80039E-02
    5  T  1  7 2  -2.05552E-02
    6  T  1  8 2  -1.57255E-02
    7  T  1  9 2  -1.24172E-02
    8  T  1 10 2  -1.00527E-02
    5    3    1    7          
    4  1.092816E+00           
    1  T  4  4 3   1.03028E+00
    2  T  4  5 3   1.05279E+00
    3  T  4  6 3   1.06502E+00
    4  T  4  7 3   1.07240E+00
    5  T  4  8 3   1.07718E+00
    6  T  4  9 3   1.08046E+00
    7  T  4 10 3   1.08281E+00
    0    0    0    0          
