    8    5    E
    2    0    0   12
    1  0.000000E+00
    1  C  1  0 0  -4.15877E+00
    2  T  1  3 0  -2.42427E+00
    3  T  1  4 0  -1.26020E+00
    4  T  2  3 1  -1.18291E+00
    5  T  1  5 0  -7.72644E-01
    6  T  3  3 1  -6.17820E-01
    7  T  1  6 0  -5.06020E-01
    8  T  1  7 0  -3.68544E-01
    9  T  2  4 1  -3.06432E-01
   10  T  1  8 0  -2.75003E-01
   11  T  1  9 0  -2.16068E-01
   12  T  1 10 0  -1.73596E-01
    4    0    0    8
    2  7.476160E-01
    1  T  2  3 1  -1.35955E+00
    2  T  2  4 1  -3.77768E-01
    3  T  2  5 1   4.58751E-02
    4  T  2  6 1   2.68203E-01
    5  T  2  7 1   3.99284E-01
    6  T  2  8 1   4.83126E-01
    7  T  2  9 1   5.39976E-01
    8  T  2 10 1   5.80287E-01
    2    1    0   14
    2  7.476160E-01
    1  C  1  0 0  -4.01421E+00
    2  T  2  3 1  -1.42865E+00
    3  T  3  3 1  -6.58256E-01
    4  T  2  4 1  -4.43609E-01
    5  T  4  3 0  -2.55093E-01
    6  T  2  5 1   3.57191E-02
    7  T  4  3 2   8.32037E-02
    8  T  2  6 1   2.63039E-01
    9  T  3  4 1   3.10073E-01
   10  T  5  3 2   3.78033E-01
   11  T  2  7 1   3.98414E-01
   12  T  2  8 1   4.81056E-01
   13  T  2  9 1   5.38236E-01
   14  T  2 10 1   5.78852E-01
    4    1    0   11
    2  7.476160E-01
    1  C  1  0 0  -5.03097E+00
    2  T  2  3 1  -1.32014E+00
    3  T  4  3 0  -4.17616E-01
    4  T  2  4 1  -3.66109E-01
    5  T  2  5 1   4.82694E-02
    6  T  4  3 2   1.25545E-01
    7  T  2  6 1   2.71504E-01
    8  T  2  7 1   4.01170E-01
    9  T  2  8 1   4.84337E-01
   10  T  2  9 1   5.40794E-01
   11  T  2 10 1   5.80861E-01
    2    2    0   14
    1  0.000000E+00
    1  C  1  0 0  -4.51391E+00
    2  T  1  3 2  -1.86137E+00
    3  T  2  3 1  -1.28243E+00
    4  T  1  4 2  -1.03548E+00
    5  T  3  3 1  -6.83580E-01
    6  T  1  5 2  -6.58549E-01
    7  T  1  6 2  -4.55369E-01
    8  T  2  4 1  -3.59205E-01
    9  T  1  7 2  -3.33139E-01
   10  T  1  8 2  -2.54769E-01
   11  T  2  4 3  -2.51437E-01
   12  T  5  3 0  -2.02872E-01
   13  T  1  9 2  -2.00473E-01
   14  T  1 10 2  -1.62332E-01
    4    2    0   15
    2  7.476160E-01
    1  T  2  3 1  -1.41741E+00
    2  T  2  4 1  -3.99627E-01
    3  T  2  4 3  -2.54606E-01
    4  T  2  5 1:  2.70608E-02
    5  T  2  5 3:  6.95865E-02
    6  T  4  3 2:  1.34053E-01
    7  T  2  6 1   2.64425E-01
    8  T  2  6 3   3.06985E-01
    9  T  2  7 1   3.96700E-01
   10  T  2  7 3   4.22642E-01
   11  T  2  8 1   4.81372E-01
   12  T  2  8 3   4.98438E-01
   13  T  2  9 1   5.38736E-01
   14  T  2  9 3   5.50579E-01
   15  T  2 10 1   5.79378E-01
    2    3    0   10
    2  7.476160E-01
    1  T  2  4 3  -2.77501E-01
    2  T  4  3 2:  5.20500E-02
    3  T  2  5 3:  1.34650E-01
    4  T  5  3 2   2.53239E-01
    5  T  2  6 3   3.11649E-01
    6  T  2  7 3   4.21825E-01
    7  T  3  4 3   4.57598E-01
    8  T  2  8 3   4.97601E-01
    9  T  2  9 3   5.49788E-01
   10  T  2 10 3   5.87278E-01
    4    3    0    8
    2  7.476160E-01
    1  T  2  4 3  -2.77633E-01
    2  T  4  3 2   1.35050E-02
    3  T  2  5 3   1.21689E-01
    4  T  2  6 3   3.03312E-01
    5  T  2  7 3   4.20315E-01
    6  T  2  8 3   4.96836E-01
    7  T  2  9 3   5.49424E-01
    8  T  2 10 3   5.87077E-01
    2    4    0    7
    1  0.000000E+00
    1  T  1  5 4  -6.41239E-01
    2  T  1  6 4  -4.45260E-01
    3  T  1  7 4  -3.27119E-01
    4  T  2  4 3  -2.51500E-01
    5  T  1  8 4  -2.50432E-01
    6  T  1  9 4  -1.97856E-01
    7  T  1 10 4  -1.60249E-01
    4    4    0   11
    2  7.476160E-01
    1  T  2  4 3  -2.54315E-01
    2  T  2  5 3   1.05966E-01
    3  T  2  6 3   3.01976E-01
    4  T  2  6 5   3.03526E-01
    5  T  2  7 3   4.20250E-01
    6  T  2  7 5   4.21296E-01
    7  T  2  8 3   4.97025E-01
    8  T  2  8 5   4.97740E-01
    9  T  2  9 3   5.49658E-01
   10  T  2  9 5   5.50166E-01
   11  T  2 10 3   5.87299E-01
    2    0    1    8
    4  1.950208E+00
    1  T  4  3 1  -2.38143E-01
    2  T  4  4 1   7.96228E-01
    3  T  4  5 1   1.23546E+00
    4  T  4  6 1   1.46381E+00
    5  T  4  7 1   1.59782E+00
    6  T  4  8 1   1.68312E+00
    7  T  4  9 1   1.74079E+00
    8  T  4 10 1   1.78160E+00
    4    0    1    9
    4  1.950208E+00
    1  C  2  0 0  -3.56335E+00
    2  T  4  3 1  -5.48933E-02
    3  T  4  4 1   8.57477E-01
    4  T  4  5 1   1.26368E+00
    5  T  4  6 1   1.47912E+00
    6  T  4  7 1   1.60710E+00
    7  T  4  8 1   1.68919E+00
    8  T  4  9 1   1.74498E+00
    9  T  4 10 1   1.78462E+00
    2    1    1   16
    1  0.000000E+00
    1  T  1  2 1  -5.67418E+00
    2  C  2  0 0  -3.02313E+00
    3  T  1  3 1  -2.12872E+00
    4  T  2  3 0  -1.55240E+00
    5  T  1  4 1  -1.13101E+00
    6  T  2  3 2  -9.89434E-01
    7  T  3  3 0  -9.42231E-01
    8  T  1  5 1  -7.05719E-01
    9  T  1  6 1  -4.91273E-01
   10  T  2  4 0  -4.58205E-01
   11  T  3  3 2  -3.70410E-01
   12  T  1  7 1  -3.40734E-01
   13  T  1  8 1  -2.63588E-01
   14  T  2  4 2  -2.39273E-01
   15  T  1  9 1  -2.07420E-01
   16  T  1 10 1  -1.67319E-01
    4    1    1   17
    2  7.476160E-01
    1  T  2  3 0  -1.68350E+00
    2  T  2  3 2  -1.09125E+00
    3  T  2  4 0  -5.02749E-01
    4  T  2  4 2  -2.82837E-01
    5  T  4  3 1  -1.49557E-01
    6  T  2  5 0  -9.87251E-03
    7  T  2  5 2   9.16235E-02
    8  T  2  6 0   2.35924E-01
    9  T  2  6 2   2.93732E-01
   10  T  2  7 0   3.79394E-01
   11  T  2  7 2   4.15031E-01
   12  T  2  8 0   4.70009E-01
   13  T  2  8 2   4.93521E-01
   14  T  2  9 0   5.30866E-01
   15  T  2  9 2   5.47197E-01
   16  T  2 10 0   5.73700E-01
   17  T  2 10 2   5.85507E-01
    2    2    1   13
    2  7.476160E-01
    1  C  2  0 0  -3.34397E+00
    2  T  2  3 2  -1.11632E+00
    3  T  3  3 2  -4.25838E-01
    4  T  2  4 2  -2.78298E-01
    5  T  4  3 1  -1.28460E-01
    6  T  5  3 1:  7.90278E-02
    7  T  2  5 2:  1.01445E-01
    8  T  2  6 2   2.92341E-01
    9  T  2  7 2:  4.07525E-01
   10  T  3  4 2:  4.26538E-01
   11  T  2  8 2   4.94118E-01
   12  T  2  9 2   5.47362E-01
   13  T  2 10 2   5.85555E-01
    4    2    1    9
    2  7.476160E-01
    1  T  2  3 2  -1.13332E+00
    2  T  2  4 2  -2.96088E-01
    3  T  4  3 1  -1.84118E-01
    4  T  2  5 2   8.70752E-02
    5  T  2  6 2   2.91291E-01
    6  T  2  7 2   4.13657E-01
    7  T  2  8 2   4.92660E-01
    8  T  2  9 2   5.46612E-01
    9  T  2 10 2   5.85088E-01
    2    3    1    9
    1  0.000000E+00
    1  T  2  3 2  -1.02687E+00
    2  T  1  4 3  -1.01165E+00
    3  T  1  5 3  -6.53881E-01
    4  T  1  6 3: -4.79235E-01
    5  T  3  3 2: -4.13977E-01
    6  T  1  7 3  -3.21971E-01
    7  T  2  4 2  -2.54259E-01
    8  T  1  8 3  -2.45385E-01
    9  T  1  9 3  -1.96554E-01
    4    3    1   13
    2  7.476160E-01
    1  T  2  3 2  -1.17548E+00
    2  T  2  4 2  -3.12389E-01
    3  T  2  5 2   7.74664E-02
    4  T  2  5 4   1.08601E-01
    5  T  2  6 2   2.85898E-01
    6  T  2  6 4   3.03523E-01
    7  T  2  7 2   4.10268E-01
    8  T  2  7 4   4.21282E-01
    9  T  2  8 2   4.90404E-01
   10  T  2  8 4   4.97731E-01
   11  T  2  9 2   5.45041E-01
   12  T  2  9 4   5.50153E-01
   13  T  2 10 2   5.83952E-01
    2    4    1    6
    2  7.476160E-01
    1  T  2  5 4   1.04198E-01
    2  T  2  6 4   3.01252E-01
    3  T  2  7 4   4.19736E-01
    4  T  2  8 4   4.96641E-01
    5  T  2  9 4   5.49366E-01
    6  T  2 10 4   5.87074E-01
    4    4    1    6
    2  7.476160E-01
    1  T  2  5 4   1.04200E-01
    2  T  2  6 4   3.01255E-01
    3  T  2  7 4   4.19739E-01
    4  T  2  8 4   4.96644E-01
    5  T  2  9 4   5.49368E-01
    6  T  2 10 4   5.87076E-01
    0    0    0    0
