    8    2    E               
    1    0    0   10          
    1  0.000000E+00           
    1  C  1  0 0  -5.42742E+01
    2  T  1  2 0  -1.25091E+01
    3  T  1  3 0  -5.52337E+00
    4  T  1  4 0  -3.09602E+00
    5  T  1  5 0  -1.97724E+00
    6  T  1  6 0  -1.37110E+00
    7  T  1  7 0  -1.00629E+00
    8  T  1  8 0  -7.69839E-01
    9  T  1  9 0  -6.07897E-01
   10  T  1 10 0  -4.92157E-01
    3    0    0    9          
    1  0.000000E+00           
    1  T  1  2 0  -1.30889E+01
    2  T  1  3 0  -5.67685E+00
    3  T  1  4 0  -3.15815E+00
    4  T  1  5 0  -2.00837E+00
    5  T  1  6 0  -1.38892E+00
    6  T  1  7 0  -1.01744E+00
    7  T  1  8 0  -7.77271E-01
    8  T  1  9 0  -6.13100E-01
    9  T  1 10 0  -4.95940E-01
    1    2    0    8          
    1  0.000000E+00           
    1  T  1  3 2  -5.44444E+00
    2  T  1  4 2  -3.06242E+00
    3  T  1  5 2  -1.95997E+00
    4  T  1  6 2  -1.36107E+00
    5  T  1  7 2  -9.99972E-01
    6  T  1  8 2  -7.65606E-01
    7  T  1  9 2  -6.04925E-01
    8  T  1 10 2  -4.89991E-01
    3    2    0    8          
    1  0.000000E+00           
    1  T  1  3 2  -5.44809E+00
    2  T  1  4 2  -3.06441E+00
    3  T  1  5 2  -1.96109E+00
    4  T  1  6 2  -1.36175E+00
    5  T  1  7 2  -1.00041E+00
    6  T  1  8 2  -7.65904E-01
    7  T  1  9 2  -6.05137E-01
    8  T  1 10 2  -4.90147E-01
    1    1    1    9          
    1  0.000000E+00           
    1  T  1  2 1  -1.21479E+01
    2  T  1  3 1  -5.41781E+00
    3  T  1  4 1  -3.05193E+00
    4  T  1  5 1  -1.95478E+00
    5  T  1  6 1  -1.35813E+00
    6  T  1  7 1  -9.98135E-01
    7  T  1  8 1  -7.64381E-01
    8  T  1  9 1  -6.04068E-01
    9  T  1 10 1  -4.89367E-01
    3    1    1    9          
    1  0.000000E+00           
    1  T  1  2 1  -1.25388E+01
    2  T  1  3 1  -5.52658E+00
    3  T  1  4 1  -3.09675E+00
    4  T  1  5 1  -1.97748E+00
    5  T  1  6 1  -1.37118E+00
    6  T  1  7 1  -1.00632E+00
    7  T  1  8 1  -7.69850E-01
    8  T  1  9 1  -6.07902E-01
    9  T  1 10 1  -4.92158E-01
    0    0    0    0          
