    9    6    E
    1    0    1   10
    5  1.976144E+00
    1  T  5  3 1  -3.56324E-01
    2  T  5  4 1   7.60766E-01
    3  T  7  3 2   9.26457E-01
    4  T  5  5 1   1.23886E+00
    5  T  5  6 1   1.47592E+00
    6  T  5  7 1   1.61445E+00
    7  T  5  8 1   1.70171E+00
    8  T  5  9 1   1.75271E+00
    9  T  7  4 2   1.76960E+00
   10  T  5 10 1   1.80592E+00
    1    1    1   19
    1  0.000000E+00
    1  C  2  0 0  -4.02842E+00
    2  T  1  3 0  -2.54085E+00
    3  T  1  3 2  -1.78056E+00
    4  T  1  4 0  -1.29471E+00
    5  T  1  4 2  -1.00638E+00
    6  T  1  5 0  -7.87170E-01
    7  T  3  3 1  -7.68664E-01
    8  T  1  5 2  -6.43768E-01
    9  T  1  6 0  -5.26170E-01
   10  T  1  6 2  -4.48051E-01
   11  T  4  3 1  -3.82705E-01
   12  T  1  7 0  -3.77328E-01
   13  T  1  7 2  -3.27084E-01
   14  T  1  8 0  -2.84087E-01
   15  T  1  8 2  -2.50815E-01
   16  T  1  9 0  -2.21691E-01
   17  T  1  9 2  -1.98188E-01
   18  T  1 10 0  -1.78033E-01
   19  T  1 10 2  -1.60512E-01
    1    2    1   11
    1  0.000000E+00
    1  C  2  0 0  -4.30011E+00
    2  T  1  3 2  -1.91619E+00
    3  T  1  4 2  -1.06004E+00
    4  T  3  3 1  -8.38727E-01
    5  T  1  5 2  -6.68916E-01
    6  T  1  6 2  -4.61736E-01
    7  T  1  7 2  -3.37589E-01
    8  T  1  8 2  -2.57579E-01
    9  T  1  9 2  -2.03363E-01
   10  T  5  3 1  -1.81121E-01
   11  T  1 10 2  -1.63102E-01
    1    3    1   14
    1  0.000000E+00
    1  T  1  3 2  -1.79552E+00
    2  T  1  4 2  -1.01165E+00
    3  T  3  3 1  -8.10568E-01
    4  T  1  5 2  -6.44271E-01
    5  T  1  5 4  -6.39868E-01
    6  T  1  6 2  -4.47575E-01
    7  T  1  6 4  -4.44350E-01
    8  T  1  7 2  -3.28667E-01
    9  T  1  7 4  -3.26478E-01
   10  T  1  8 2  -2.51498E-01
   11  T  1  8 4  -2.49972E-01
   12  T  1  9 2  -1.98614E-01
   13  T  1  9 4  -1.97516E-01
   14  T  1 10 2  -1.60806E-01
    1    4    1    6
    1  0.000000E+00
    1  T  1  5 4  -6.40977E-01
    2  T  1  6 4  -4.45276E-01
    3  T  1  7 4  -3.27152E-01
    4  T  1  8 4  -2.50458E-01
    5  T  1  9 4  -1.97873E-01
    6  T  1 10 4  -1.60260E-01
    1    5    1    9
    1  0.000000E+00
    1  T  1  5 4  -6.40054E-01
    2  T  1  6 4  -4.44497E-01
    3  T  1  7 6  -3.26522E-01
    4  T  1  7 4  -3.26522E-01
    5  T  1  8 6  -2.49990E-01
    6  T  1  8 4  -2.49990E-01
    7  T  1  9 6  -1.97522E-01
    8  T  1  9 4  -1.97522E-01
    9  T  1 10 6  -1.59993E-01
    1    6    1    4
    1  0.000000E+00
    1  T  1  7 6  -3.26533E-01
    2  T  1  8 6  -2.50003E-01
    3  T  1  9 6  -1.97534E-01
    4  T  1 10 6  -1.60003E-01
    3    0    1   11
    1  7.558240E-01
    1  C  2  0 0  -4.20935E+00
    2  T  2  3 1  -1.55641E+00
    3  T  2  4 1  -4.54007E-01
    4  T  5  3 1  -2.16679E-01
    5  T  2  5 1  -2.28702E-03
    6  T  6  3 0   1.50842E-01
    7  T  2  6 1   2.69226E-01
    8  T  2  7 1   3.98839E-01
    9  T  2  8 1   4.84912E-01
   10  T  2  9 1   5.43490E-01
   11  T  2 10 1   5.85001E-01
    3    1    1   22
    1  0.000000E+00
    1  C  2  0 0  -4.80234E+00
    2  T  1  3 0  -2.60563E+00
    3  T  1  3 2  -1.84216E+00
    4  T  1  4 0  -1.35066E+00
    5  T  2  3 1  -1.30753E+00
    6  T  1  4 2  -1.03338E+00
    7  T  1  5 0  -8.06313E-01
    8  T  3  3 1  -7.46884E-01
    9  T  1  5 2  -6.57737E-01
   10  T  1  6 0  -5.30802E-01
   11  T  1  6 2  -4.55356E-01
   12  T  4  3 1  -4.13754E-01
   13  T  1  7 0  -3.76869E-01
   14  T  2  4 1  -3.56907E-01
   15  T  1  7 2  -3.32976E-01
   16  T  1  8 0  -2.86945E-01
   17  T  1  8 2  -2.54558E-01
   18  T  5  3 1  -2.50438E-01
   19  T  1  9 0  -2.18734E-01
   20  T  1  9 2  -2.00771E-01
   21  T  1 10 0  -1.76378E-01
   22  T  1 10 2  -1.62378E-01
    3    2    1   14
    1  0.000000E+00
    1  C  2  0 0  -5.06234E+00
    2  T  1  3 2  -1.86915E+00
    3  T  2  3 1  -1.40085E+00
    4  T  1  4 2  -1.03770E+00
    5  T  3  3 1  -8.20169E-01
    6  T  1  5 2  -6.59948E-01
    7  T  1  6 2  -4.56473E-01
    8  T  2  4 1  -3.88217E-01
    9  T  1  7 2  -3.33843E-01
   10  T  5  3 1  -2.92651E-01
   11  T  1  8 2  -2.55022E-01
   12  T  2  4 3  -2.52850E-01
   13  T  1  9 2  -2.00975E-01
   14  T  1 10 2  -1.62530E-01
    3    3    1   16
    1  0.000000E+00
    1  T  1  3 2  -1.91400E+00
    2  T  1  4 2  -1.06061E+00
    3  T  3  3 1  -8.53157E-01
    4  T  1  5 2  -6.70970E-01
    5  T  1  5 4  -6.39890E-01
    6  T  1  6 2  -4.62485E-01
    7  T  1  6 4  -4.44371E-01
    8  T  1  7 2  -3.37917E-01
    9  T  1  7 4  -3.26495E-01
   10  T  1  8 2  -2.57658E-01
   11  T  1  8 4  -2.49986E-01
   12  T  2  4 3  -2.38307E-01
   13  T  1  9 2  -2.02871E-01
   14  T  1  9 4  -1.97527E-01
   15  T  1 10 2  -1.63896E-01
   16  T  1 10 4  -1.60001E-01
    3    4    1    7
    1  0.000000E+00
    1  T  1  5 4  -6.40972E-01
    2  T  1  6 4  -4.45271E-01
    3  T  1  7 4  -3.27147E-01
    4  T  1  8 4  -2.50456E-01
    5  T  2  4 3  -2.47447E-01
    6  T  1  9 4  -1.97871E-01
    7  T  1 10 4  -1.60258E-01
    3    5    1    9
    1  0.000000E+00
    1  T  1  5 4  -6.40081E-01
    2  T  1  6 4  -4.44526E-01
    3  T  1  7 6  -3.26524E-01
    4  T  1  7 4  -3.26524E-01
    5  T  1  8 6  -2.49993E-01
    6  T  1  8 4  -2.49993E-01
    7  T  1  9 6  -1.97524E-01
    8  T  1  9 4  -1.97524E-01
    9  T  1 10 6  -1.59994E-01
    3    6    1    4
    1  0.000000E+00
    1  T  1  7 6  -3.26533E-01
    2  T  1  8 6  -2.50003E-01
    3  T  1  9 6  -1.97534E-01
    4  T  1 10 6  -1.60003E-01
    5    0    1   10
    2  7.558240E-01
    1  C  2  0 0  -5.75446E+00
    2  T  2  3 1  -1.38806E+00
    3  T  2  4 1  -3.85029E-01
    4  T  6  3 0  -2.70640E-02
    5  T  2  5 1   4.72743E-02
    6  T  2  6 1   2.71758E-01
    7  T  2  7 1   4.04571E-01
    8  T  2  8 1   4.89380E-01
    9  T  2  9 1   5.46808E-01
   10  T  2 10 1   5.87488E-01
    5    1    1    8
    2  7.558240E-01
    1  T  2  3 1  -1.48301E+00
    2  T  2  4 1  -4.21081E-01
    3  T  2  5 1   2.93602E-02
    4  T  2  6 1   2.62630E-01
    5  T  2  7 1   3.99107E-01
    6  T  2  8 1   4.85839E-01
    7  T  2  9 1   5.44379E-01
    8  T  2 10 1   5.85748E-01
    5    2    1   15
    2  7.558240E-01
    1  T  2  3 1  -1.52000E+00
    2  T  2  4 1  -4.32406E-01
    3  T  2  4 3  -2.53680E-01
    4  T  2  5 1   2.38046E-02
    5  T  2  5 3   1.09160E-01
    6  T  2  6 1   2.59413E-01
    7  T  2  6 3   3.06287E-01
    8  T  2  7 1   3.97000E-01
    9  T  2  7 3   4.24979E-01
   10  T  2  8 1   4.84295E-01
   11  T  2  8 3   5.01767E-01
   12  T  2  9 1   5.43083E-01
   13  T  2  9 3   5.54007E-01
   14  T  2 10 1   5.84340E-01
   15  T  2 10 3   5.90647E-01
    5    3    1    6
    2  7.558240E-01
    1  T  2  4 3  -2.40412E-01
    2  T  2  5 3   1.17204E-01
    3  T  2  6 3   3.11979E-01
    4  T  2  7 3   4.29596E-01
    5  T  2  8 3   5.05994E-01
    6  T  2  9 3   5.58397E-01
    5    4    1   12
    2  7.558240E-01
    1  T  2  4 3  -2.49219E-01
    2  T  2  5 3   1.12668E-01
    3  T  2  6 3   3.09363E-01
    4  T  2  6 5   3.11374E-01
    5  T  2  7 3   4.27953E-01
    6  T  2  7 5   4.29280E-01
    7  T  2  8 3   5.04896E-01
    8  T  2  8 5   5.05808E-01
    9  T  2  9 3   5.57626E-01
   10  T  2  9 5   5.58277E-01
   11  T  2 10 3   5.95330E-01
   12  T  2 10 5   5.95809E-01
    1    0    0   12
    1  0.000000E+00
    1  C  1  0 0  -5.89999E+00
    2  C  3  0 0  -2.53124E+00
    3  T  1  3 1  -2.01916E+00
    4  T  1  4 1  -1.09869E+00
    5  T  1  5 1  -6.97616E-01
    6  T  4  3 0  -6.62132E-01
    7  T  1  6 1  -4.72131E-01
    8  T  1  7 1  -3.45183E-01
    9  T  3  3 2  -3.15967E-01
   10  T  1  8 1  -2.61058E-01
   11  T  1  9 1  -2.05450E-01
   12  T  1 10 1  -1.65796E-01
    1    1    0   10
    1  0.000000E+00
    1  T  1  3 1  -2.32371E+00
    2  T  1  4 1  -1.20763E+00
    3  T  1  5 1  -7.46786E-01
    4  T  5  3 0  -5.58021E-01
    5  T  1  6 1  -4.88396E-01
    6  T  3  3 2  -3.80586E-01
    7  T  1  7 1  -3.55758E-01
    8  T  1  8 1  -2.71408E-01
    9  T  1  9 1  -2.12697E-01
   10  T  1 10 1  -1.71076E-01
    1    2    0   19
    1  0.000000E+00
    1  C  1  0 0  -6.17093E+00
    2  C  3  0 0  -3.04984E+00
    3  T  1  3 1  -2.12273E+00
    4  T  1  4 1  -1.15600E+00
    5  T  3  3 0  -1.06351E+00
    6  T  1  4 3  -1.00031E+00
    7  T  1  5 1  -7.05976E-01
    8  T  1  5 3  -6.41631E-01
    9  T  1  6 1  -4.82846E-01
   10  T  1  6 3  -4.46222E-01
   11  T  3  3 2  -3.97730E-01
   12  T  1  7 1  -3.50078E-01
   13  T  1  7 3  -3.28076E-01
   14  T  1  8 1  -2.65884E-01
   15  T  1  8 3  -2.51392E-01
   16  T  1  9 1  -2.08683E-01
   17  T  1  9 3  -1.98767E-01
   18  T  1 10 1  -1.68124E-01
   19  T  1 10 3  -1.61100E-01
    1    3    0    8
    1  0.000000E+00
    1  T  1  4 3  -1.01337E+00
    2  T  1  5 3  -6.50225E-01
    3  T  3  3 2  -4.81973E-01
    4  T  1  6 3  -4.41869E-01
    5  T  1  7 3  -3.29098E-01
    6  T  1  8 3  -2.52246E-01
    7  T  1  9 3  -1.99348E-01
    8  T  1 10 3  -1.61466E-01
    1    4    0   12
    1  0.000000E+00
    1  T  1  4 3  -1.00199E+00
    2  T  1  5 3  -6.42841E-01
    3  T  3  3 2  -4.61503E-01
    4  T  1  6 5  -4.44428E-01
    5  T  1  6 3  -4.29402E-01
    6  T  1  7 5  -3.26534E-01
    7  T  1  7 3  -3.25377E-01
    8  T  1  8 5  -2.50017E-01
    9  T  1  8 3  -2.49583E-01
   10  T  1  9 5  -1.97554E-01
   11  T  1  9 3  -1.97316E-01
   12  T  1 10 5  -1.60024E-01
    1    5    0    5
    1  0.000000E+00
    1  T  1  6 5  -4.44487E-01
    2  T  1  7 5  -3.26582E-01
    3  T  1  8 5  -2.50047E-01
    4  T  1  9 5  -1.97571E-01
    5  T  1 10 5  -1.60033E-01
    1    6    0    4
    1  0.000000E+00
    1  T  1  6 5  -4.44438E-01
    2  T  1  7 5  -3.26524E-01
    3  T  1  8 5  -2.49995E-01
    4  T  1  9 5  -1.97527E-01
    3    0    0   10
    1  0.000000E+00
    1  T  1  3 1  -2.24073E+00
    2  T  1  4 1  -1.18241E+00
    3  T  4  3 0  -7.75599E-01
    4  T  1  5 1  -7.12792E-01
    5  T  1  6 1  -4.93902E-01
    6  T  3  3 2  -3.83171E-01
    7  T  1  7 1  -3.52187E-01
    8  T  1  8 1  -2.69242E-01
    9  T  1  9 1  -2.11142E-01
   10  T  1 10 1  -1.69923E-01
    3    1    0   16
    1  0.000000E+00
    1  C  1  0 0  -6.40413E+00
    2  C  3  0 0  -3.22643E+00
    3  T  1  3 1  -2.21046E+00
    4  T  2  3 0  -1.68493E+00
    5  T  1  4 1  -1.15435E+00
    6  T  2  3 2  -1.08928E+00
    7  T  1  5 1  -7.23005E-01
    8  T  5  3 0  -6.02143E-01
    9  T  2  4 0  -5.16447E-01
   10  T  1  6 1  -4.77310E-01
   11  T  3  3 2  -4.24264E-01
   12  T  1  7 1  -3.52195E-01
   13  T  2  4 2  -2.70091E-01
   14  T  1  8 1  -2.67279E-01
   15  T  1  9 1  -2.10078E-01
   16  T  1 10 1  -1.69210E-01
    3    2    0   19
    1  0.000000E+00
    1  T  1  3 1  -2.28481E+00
    2  T  3  3 0  -1.22818E+00
    3  T  1  4 1  -1.14878E+00
    4  T  1  4 3  -1.00243E+00
    5  T  2  3 2  -9.90943E-01
    6  T  1  5 1  -7.32289E-01
    7  T  1  5 3  -6.43014E-01
    8  T  1  6 1  -4.98421E-01
    9  T  3  3 2  -4.69403E-01
   10  T  1  6 3  -4.46369E-01
   11  T  1  7 1  -3.58947E-01
   12  T  1  7 3  -3.28811E-01
   13  T  1  8 1  -2.71666E-01
   14  T  1  8 3  -2.52099E-01
   15  T  2  4 2  -2.38833E-01
   16  T  1  9 1  -2.12661E-01
   17  T  1  9 3  -1.99305E-01
   18  T  1 10 1  -1.71023E-01
   19  T  1 10 3  -1.61618E-01
    3    3    0   10
    1  0.000000E+00
    1  T  2  3 2  -1.06172E+00
    2  T  1  4 3  -1.01243E+00
    3  T  1  5 3  -6.49826E-01
    4  T  3  3 2  -5.29888E-01
    5  T  1  6 3  -4.47764E-01
    6  T  1  7 3  -3.29953E-01
    7  T  2  4 2  -2.56736E-01
    8  T  1  8 3  -2.50556E-01
    9  T  1  9 3  -1.99536E-01
   10  T  1 10 3  -1.61684E-01
    3    4    0   12
    1  0.000000E+00
    1  T  1  4 3  -1.00552E+00
    2  T  1  5 3  -6.48794E-01
    3  T  3  3 2  -5.03169E-01
    4  T  1  6 5  -4.44432E-01
    5  T  1  6 3  -4.35325E-01
    6  T  1  7 5  -3.26528E-01
    7  T  1  7 3  -3.24952E-01
    8  T  1  8 5  -2.50008E-01
    9  T  1  8 3  -2.49454E-01
   10  T  1  9 5  -1.97547E-01
   11  T  1  9 3  -1.97292E-01
   12  T  3  4 2  -1.88848E-01
    3    5    0    5
    1  0.000000E+00
    1  T  1  6 5  -4.44487E-01
    2  T  1  7 5  -3.26582E-01
    3  T  1  8 5  -2.50047E-01
    4  T  1  9 5  -1.97571E-01
    5  T  1 10 5  -1.60033E-01
    3    6    0    4
    1  0.000000E+00
    1  T  1  6 5  -4.44438E-01
    2  T  1  7 5  -3.26525E-01
    3  T  1  8 5  -2.49995E-01
    4  T  1  9 5  -1.97527E-01
    5    1    0   17
    2  7.558240E-01
    1  T  2  3 0  -1.84524E+00
    2  T  2  3 2  -1.10720E+00
    3  T  2  4 0  -5.54268E-01
    4  T  2  4 2  -2.81265E-01
    5  T  2  5 0  -3.46104E-02
    6  T  2  5 2   9.59396E-02
    7  T  2  6 0   2.26085E-01
    8  T  6  3 1   2.83471E-01
    9  T  2  6 2   3.03659E-01
   10  T  2  7 0   3.78209E-01
   11  T  2  7 2   4.22361E-01
   12  T  2  8 0   4.71972E-01
   13  T  2  8 2   5.01080E-01
   14  T  2  9 0   5.34777E-01
   15  T  2  9 2   5.54931E-01
   16  T  2 10 0   5.78834E-01
   17  T  2 10 2   5.93360E-01
    5    2    0    8
    2  7.558240E-01
    1  T  2  3 2  -1.12797E+00
    2  T  2  4 2  -2.96653E-01
    3  T  2  5 2   8.83768E-02
    4  T  2  6 2   2.95329E-01
    5  T  2  7 2   4.19133E-01
    6  T  2  8 2   4.99000E-01
    7  T  2  9 2   5.53493E-01
    8  T  2 10 2   5.92322E-01
    5    3    0   14
    2  7.558240E-01
    1  T  2  3 2  -1.17414E+00
    2  T  2  4 2  -3.10306E-01
    3  T  2  5 2   8.19101E-02
    4  T  2  5 4   1.15130E-01
    5  T  2  6 2   2.91758E-01
    6  T  2  6 4   3.10799E-01
    7  T  2  7 2   4.16953E-01
    8  T  2  7 4   4.28862E-01
    9  T  2  8 2   4.97570E-01
   10  T  2  8 4   5.05505E-01
   11  T  2  9 2   5.52505E-01
   12  T  2  9 4   5.58054E-01
   13  T  2 10 2   5.91610E-01
   14  T  2 10 4   5.95641E-01
    5    4    0    5
    2  7.558240E-01
    1  T  2  5 4   1.16429E-01
    2  T  2  6 4   3.11895E-01
    3  T  2  7 4   4.29665E-01
    4  T  2  8 4   5.06088E-01
    5  T  2  9 4   5.58484E-01
    5    5    0    9
    2  7.558240E-01
    1  T  2  5 4   1.15447E-01
    2  T  2  6 4   3.11080E-01
    3  T  2  7 6   4.29291E-01
    4  T  2  7 4   4.29291E-01
    5  T  2  8 6   5.05822E-01
    6  T  2  8 4   5.05822E-01
    7  T  2  9 6   5.58292E-01
    8  T  2  9 4   5.58292E-01
    9  T  2 10 4   5.95727E-01
    0    0    0    0
