    9    3    E               
    2    0    0    9          
    1  0.000000E+00           
    1  T  1  2 0  -1.35937E+01
    2  T  1  3 0  -5.81758E+00
    3  T  1  4 0  -3.21616E+00
    4  T  1  5 0  -2.03770E+00
    5  T  1  6 0  -1.40573E+00
    6  T  1  7 0  -1.02796E+00
    7  T  1  8 0  -7.84286E-01
    8  T  1  9 0  -6.18009E-01
    9  T  1 10 0  -4.99508E-01
    2    1    1    9          
    1  0.000000E+00           
    1  T  1  2 1  -1.25726E+01
    2  T  1  3 1  -5.53990E+00
    3  T  1  4 1  -3.10280E+00
    4  T  1  5 1  -1.98062E+00
    5  T  1  6 1  -1.37304E+00
    6  T  1  7 1  -1.00751E+00
    7  T  1  8 1  -7.70650E-01
    8  T  1  9 1  -6.08466E-01
    9  T  1 10 1  -4.92571E-01
    2    2    0    8          
    1  0.000000E+00           
    1  T  1  3 2  -5.44840E+00
    2  T  1  4 2  -3.06455E+00
    3  T  1  5 2  -1.96114E+00
    4  T  1  6 2  -1.36180E+00
    5  T  1  7 2  -1.00044E+00
    6  T  1  8 2  -7.65925E-01
    7  T  1  9 2  -6.05151E-01
    8  T  1 10 2  -4.90156E-01
    0    0    0    0          
