    9    2    E               
    1    0    0   10          
    1  0.000000E+00           
    1  C  1  0 0  -7.00236E+01
    2  T  1  2 0  -1.62953E+01
    3  T  1  3 0  -7.20164E+00
    4  T  1  4 0  -4.03851E+00
    5  T  1  5 0  -2.57982E+00
    6  T  1  6 0  -1.78926E+00
    7  T  1  7 0  -1.31336E+00
    8  T  1  8 0  -1.00485E+00
    9  T  1  9 0  -7.93528E-01
   10  T  1 10 0  -6.42482E-01
    3    0    0    9          
    1  0.000000E+00           
    1  T  1  2 0  -1.69629E+01
    2  T  1  3 0  -7.37824E+00
    3  T  1  4 0  -4.11002E+00
    4  T  1  5 0  -2.61567E+00
    5  T  1  6 0  -1.80979E+00
    6  T  1  7 0  -1.32620E+00
    7  T  1  8 0  -1.01341E+00
    8  T  1  9 0  -7.99525E-01
    9  T  1 10 0  -6.46843E-01
    1    2    0    8          
    1  0.000000E+00           
    1  T  1  3 2  -7.11090E+00
    2  T  1  4 2  -3.99981E+00
    3  T  1  5 2  -2.55991E+00
    4  T  1  6 2  -1.77770E+00
    5  T  1  7 2  -1.30607E+00
    6  T  1  8 2  -9.99967E-01
    7  T  1  9 2  -7.90102E-01
    8  T  1 10 2  -6.39985E-01
    3    2    0    8          
    1  0.000000E+00           
    1  T  1  3 2  -7.11541E+00
    2  T  1  4 2  -4.00227E+00
    3  T  1  5 2  -2.56129E+00
    4  T  1  6 2  -1.77853E+00
    5  T  1  7 2  -1.30661E+00
    6  T  1  8 2  -1.00033E+00
    7  T  1  9 2  -7.90362E-01
    8  T  1 10 2  -6.40176E-01
    1    1    1    9          
    1  0.000000E+00           
    1  T  1  2 1  -1.58790E+01
    2  T  1  3 1  -7.07990E+00
    3  T  1  4 1  -3.98767E+00
    4  T  1  5 1  -2.55393E+00
    5  T  1  6 1  -1.77431E+00
    6  T  1  7 1  -1.30395E+00
    7  T  1  8 1  -9.98554E-01
    8  T  1  9 1  -7.89112E-01
    9  T  1 10 1  -6.39265E-01
    3    1    1    9          
    1  0.000000E+00           
    1  T  1  2 1  -1.63370E+01
    2  T  1  3 1  -7.20671E+00
    3  T  1  4 1  -4.03985E+00
    4  T  1  5 1  -2.58033E+00
    5  T  1  6 1  -1.78948E+00
    6  T  1  7 1  -1.31347E+00
    7  T  1  8 1  -1.00491E+00
    8  T  1  9 1  -7.93571E-01
    9  T  1 10 1  -6.42511E-01
    0    0    0    0          
