    9    9    E
    2    0    0    9
    2  1.886860E-01
    1  T  3  3 0   6.88519E-02
    2  T  2  3 2   7.72583E-02
    3  T  2  4 2   1.24398E-01
    4  T  2  5 2   1.47555E-01
    5  T  2  6 2   1.60176E-01
    6  T  2  7 2   1.67784E-01
    7  T  2  8 2   1.72714E-01
    8  T  2  9 2   1.76089E-01
    9  T  2 10 2   1.78499E-01
    2    1    0   16
    1  0.000000E+00
    1  T  1  3 0  -3.16874E-01
    2  T  1  4 0  -1.28530E-01
    3  T  1  3 2  -1.10722E-01
    4  T  1  5 0  -6.94904E-02
    5  T  1  4 2  -6.23201E-02
    6  T  1  6 0  -4.34879E-02
    7  T  1  5 2  -3.99075E-02
    8  T  1  7 0  -2.97649E-02
    9  T  1  6 2  -2.77246E-02
   10  T  1  8 0  -2.16465E-02
   11  T  1  7 2  -2.03749E-02
   12  T  1  9 0  -1.64484E-02
   13  T  1  8 2  -1.56028E-02
   14  T  1 10 0  -1.29208E-02
   15  T  1  9 2  -1.23302E-02
   16  T  1 11 0  -1.04174E-02
    2    2    0    9
    1  0.000000E+00
    1  T  2  3 0  -1.41262E-01
    2  T  1  3 2  -1.11841E-01
    3  T  1  4 2  -6.28796E-02
    4  T  1  5 2  -4.02079E-02
    5  T  1  6 2  -2.79020E-02
    6  T  1  7 2  -2.04878E-02
    7  T  1  8 2  -1.56790E-02
    8  T  1  9 2  -1.23839E-02
    9  T  1 10 2  -1.00280E-02
    2    3    0   13
    1  0.000000E+00
    1  T  1  3 2  -1.11398E-01
    2  T  1  4 2  -6.26742E-02
    3  T  1  5 2  -4.01034E-02
    4  T  1  5 4  -3.99995E-02
    5  T  1  6 2  -2.78423E-02
    6  T  1  6 4  -2.77773E-02
    7  T  1  7 2  -2.04507E-02
    8  T  1  7 4  -2.04078E-02
    9  T  1  8 2  -1.56543E-02
   10  T  1  8 4  -1.56247E-02
   11  T  1  9 2  -1.23666E-02
   12  T  1  9 4  -1.23454E-02
   13  T  1 10 2  -1.00155E-02
    2    4    0    6
    1  0.000000E+00
    1  T  1  5 4  -4.00002E-02
    2  T  1  6 4  -2.77780E-02
    3  T  1  7 4  -2.04083E-02
    4  T  1  8 4  -1.56251E-02
    5  T  1  9 4  -1.23458E-02
    6  T  1 10 4  -1.00001E-02
    2    0    1    8
    1  0.000000E+00
    1  T  1  3 1  -2.01303E-01
    2  T  1  4 1  -9.51627E-02
    3  T  1  5 1  -5.54605E-02
    4  T  1  6 1  -3.63021E-02
    5  T  1  7 1  -2.56024E-02
    6  T  1  8 1  -1.90225E-02
    7  T  1  9 1  -1.46890E-02
    8  T  1 10 1  -1.16841E-02
    2    1    1   10
    1  0.000000E+00
    1  C  1  0 0  -1.28016E+00
    2  T  1  3 1  -1.93184E-01
    3  T  1  4 1  -9.30952E-02
    4  T  1  5 1  -5.52407E-02
    5  T  1  6 1  -3.69551E-02
    6  T  1  7 1  -2.70195E-02
    7  T  2  3 1  -2.12197E-02
    8  T  1  8 1  -1.70683E-02
    9  T  1  9 1  -1.36979E-02
   10  T  1 10 1  -1.10970E-02
    2    2    1   15
    1  0.000000E+00
    1  T  1  3 1  -2.06231E-01
    2  T  1  4 1  -9.64763E-02
    3  T  1  4 3  -6.24914E-02
    4  T  1  5 1  -5.60086E-02
    5  T  1  5 3  -3.99929E-02
    6  T  1  6 1  -3.65872E-02
    7  T  1  6 3  -2.77727E-02
    8  T  1  7 1  -2.57735E-02
    9  T  1  7 3  -2.04046E-02
   10  T  1  8 1  -1.91416E-02
   11  T  1  8 3  -1.56225E-02
   12  T  2  3 1  -1.50536E-02
   13  T  1  9 1  -1.45902E-02
   14  T  1  9 3  -1.23438E-02
   15  T  1 10 1  -1.17212E-02
    2    3    1    8
    1  0.000000E+00
    1  T  1  4 3  -6.25191E-02
    2  T  1  5 3  -4.00151E-02
    3  T  1  6 3  -2.77883E-02
    4  T  2  3 1  -2.35694E-02
    5  T  1  7 3  -2.04154E-02
    6  T  1  8 3  -1.56301E-02
    7  T  1  9 3  -1.23494E-02
    8  T  1 10 3  -1.00028E-02
    2    4    1    8
    1  0.000000E+00
    1  T  1  4 3  -6.24984E-02
    2  T  1  5 3  -3.99986E-02
    3  T  1  6 3  -2.77767E-02
    4  T  1  7 3  -2.04074E-02
    5  T  1  8 3  -1.56244E-02
    6  T  1  9 5  -1.23457E-02
    7  T  1  9 3  -1.23453E-02
    8  T  1 10 5  -1.00000E-02
    2    5    1    5
    1  0.000000E+00
    1  T  1  6 5  -2.77778E-02
    2  T  1  7 5  -2.04082E-02
    3  T  1  8 5  -1.56250E-02
    4  T  1  9 5  -1.23457E-02
    5  T  1 10 5  -1.00000E-02
    4    0    0    8
    4  1.501686E+00
    1  T  4  3 1   1.27775E+00
    2  T  4  4 1   1.40008E+00
    3  T  4  5 1   1.44348E+00
    4  T  4  6 1   1.46396E+00
    5  T  4  7 1   1.47525E+00
    6  T  4  8 1   1.48213E+00
    7  T  4  9 1   1.48664E+00
    8  T  4 10 1   1.48975E+00
    4    1    0   16
    1  0.000000E+00
    1  T  1  3 0  -3.36840E-01
    2  T  1  4 0  -1.33479E-01
    3  T  1  3 2  -1.10938E-01
    4  T  1  5 0  -7.14300E-02
    5  T  1  4 2  -6.24467E-02
    6  T  1  6 0  -4.44416E-02
    7  T  1  5 2  -3.99809E-02
    8  T  1  7 0  -3.03027E-02
    9  T  1  6 2  -2.77698E-02
   10  T  1  8 0  -2.19792E-02
   11  T  1  7 2  -2.04044E-02
   12  T  1  9 0  -1.66684E-02
   13  T  1  8 2  -1.56231E-02
   14  T  1 10 0  -1.30737E-02
   15  T  1  9 2  -1.23446E-02
   16  T  1 11 0  -1.05280E-02
    4    2    0    8
    1  0.000000E+00
    1  T  1  3 2  -1.12594E-01
    2  T  1  4 2  -6.33025E-02
    3  T  1  5 2  -4.04498E-02
    4  T  1  6 2  -2.80499E-02
    5  T  1  7 2  -2.05838E-02
    6  T  1  8 2  -1.57445E-02
    7  T  1  9 2  -1.24305E-02
    8  T  1 10 2  -1.00623E-02
    4    3    0   13
    1  0.000000E+00
    1  T  1  3 2  -1.11543E-01
    2  T  1  4 2  -6.27586E-02
    3  T  1  5 2  -4.01522E-02
    4  T  1  5 4  -3.99996E-02
    5  T  1  6 2  -2.78723E-02
    6  T  1  6 4  -2.77774E-02
    7  T  1  7 2  -2.04702E-02
    8  T  1  7 4  -2.04078E-02
    9  T  1  8 2  -1.56676E-02
   10  T  1  8 4  -1.56248E-02
   11  T  1  9 2  -1.23761E-02
   12  T  1  9 4  -1.23455E-02
   13  T  1 10 2  -1.00225E-02
    4    4    0    6
    1  0.000000E+00
    1  T  1  5 4  -4.00002E-02
    2  T  1  6 4  -2.77780E-02
    3  T  1  7 4  -2.04083E-02
    4  T  1  8 4  -1.56251E-02
    5  T  1  9 4  -1.23458E-02
    6  T  1 10 4  -1.00001E-02
    4    0    1    8
    1  0.000000E+00
    1  T  1  3 1  -2.00807E-01
    2  T  1  4 1  -9.49849E-02
    3  T  1  5 1  -5.53791E-02
    4  T  1  6 1  -3.62585E-02
    5  T  1  7 1  -2.55763E-02
    6  T  1  8 1  -1.90058E-02
    7  T  1  9 1  -1.46776E-02
    8  T  1 10 1  -1.16760E-02
    4    1    1    8
    1  0.000000E+00
    1  T  1  3 1  -2.19368E-01
    2  T  1  4 1  -1.00449E-01
    3  T  1  5 1  -5.77344E-02
    4  T  1  6 1  -3.74874E-02
    5  T  1  7 1  -2.62981E-02
    6  T  1  8 1  -1.94655E-02
    7  T  1  9 1  -1.49884E-02
    8  T  1 10 1  -1.18959E-02
    4    2    1   14
    1  0.000000E+00
    1  T  1  3 1  -2.10767E-01
    2  T  1  4 1  -9.79875E-02
    3  T  1  4 3  -6.24924E-02
    4  T  1  5 1  -5.66806E-02
    5  T  1  5 3  -3.99937E-02
    6  T  1  6 1  -3.69394E-02
    7  T  1  6 3  -2.77733E-02
    8  T  1  7 1  -2.59769E-02
    9  T  1  7 3  -2.04050E-02
   10  T  1  8 1  -1.92612E-02
   11  T  1  8 3  -1.56227E-02
   12  T  1  9 1  -1.48504E-02
   13  T  1  9 3  -1.23440E-02
   14  T  1 10 1  -1.17983E-02
    4    3    1    7
    1  0.000000E+00
    1  T  1  4 3  -6.25205E-02
    2  T  1  5 3  -4.00163E-02
    3  T  1  6 3  -2.77891E-02
    4  T  1  7 3  -2.04161E-02
    5  T  1  8 3  -1.56306E-02
    6  T  1  9 3  -1.23498E-02
    7  T  1 10 3  -1.00031E-02
    4    4    1    7
    1  0.000000E+00
    1  T  1  4 3  -6.24988E-02
    2  T  1  5 3  -3.99989E-02
    3  T  1  6 3  -2.77770E-02
    4  T  1  7 3  -2.04076E-02
    5  T  1  8 3  -1.56246E-02
    6  T  1  9 3  -1.23454E-02
    7  T  1 10 5  -1.00000E-02
    0    0    0    0
