   10    2    E               
    1    0    0   10          
    1  0.000000E+00           
    1  C  1  0 0  -8.77732E+01
    2  T  1  2 0  -2.05815E+01
    3  T  1  3 0  -9.10218E+00
    4  T  1  4 0  -5.10602E+00
    5  T  1  5 0  -3.26241E+00
    6  T  1  6 0  -2.26299E+00
    7  T  1  7 0  -1.66125E+00
    8  T  1  8 0  -1.27111E+00
    9  T  1  9 0  -1.00385E+00
   10  T  1 10 0  -8.12809E-01
    3    0    0    9          
    1  0.000000E+00           
    1  T  1  2 0  -2.13368E+01
    2  T  1  3 0  -9.30189E+00
    3  T  1  4 0  -5.18689E+00
    4  T  1  5 0  -3.30297E+00
    5  T  1  6 0  -2.28621E+00
    6  T  1  7 0  -1.67578E+00
    7  T  1  8 0  -1.28080E+00
    8  T  1  9 0  -1.01064E+00
    9  T  1 10 0  -8.17745E-01
    1    2    0    8          
    1  0.000000E+00           
    1  T  1  3 2  -8.99956E+00
    2  T  1  4 2  -5.06220E+00
    3  T  1  5 2  -3.23986E+00
    4  T  1  6 2  -2.24988E+00
    5  T  1  7 2  -1.65298E+00
    6  T  1  8 2  -1.26558E+00
    7  T  1  9 2  -9.99967E-01
    8  T  1 10 2  -8.09977E-01
    3    2    0    8          
    1  0.000000E+00           
    1  T  1  3 2  -9.00495E+00
    2  T  1  4 2  -5.06512E+00
    3  T  1  5 2  -3.24150E+00
    4  T  1  6 2  -2.25087E+00
    5  T  1  7 2  -1.65362E+00
    6  T  1  8 2  -1.26601E+00
    7  T  1  9 2  -1.00028E+00
    8  T  1 10 2  -8.10204E-01
    1    1    1    9          
    1  0.000000E+00           
    1  T  1  2 1  -2.01099E+01
    2  T  1  3 1  -8.96421E+00
    3  T  1  4 1  -5.04841E+00
    4  T  1  5 1  -3.23308E+00
    5  T  1  6 1  -2.24605E+00
    6  T  1  7 1  -1.65059E+00
    7  T  1  8 1  -1.26398E+00
    8  T  1  9 1  -9.98848E-01
    9  T  1 10 1  -8.09163E-01
    3    1    1    9          
    1  0.000000E+00           
    1  T  1  2 1  -2.06353E+01
    2  T  1  3 1  -9.10909E+00
    3  T  1  4 1  -5.10796E+00
    4  T  1  5 1  -3.26319E+00
    5  T  1  6 1  -2.26335E+00
    6  T  1  7 1  -1.66144E+00
    7  T  1  8 1  -1.27123E+00
    8  T  1  9 1  -1.00393E+00
    9  T  1 10 1  -8.12864E-01
    0    0    0    0          
