   10    5    E
    2    0    0   16
    1  0.000000E+00
    1  C  1  0 0  -9.47026E+00
    2  T  1  3 0  -5.01174E+00
    3  T  2  3 1  -3.25945E+00
    4  T  1  4 0  -2.70677E+00
    5  T  3  3 1  -2.44417E+00
    6  T  1  5 0  -1.63006E+00
    7  T  2  4 1  -1.36773E+00
    8  T  6  3 0  -1.27061E+00
    9  T  1  6 0  -1.10947E+00
   10  T  5  3 2  -1.02884E+00
   11  T  1  7 0  -8.03740E-01
   12  T  1  8 0  -6.10457E-01
   13  T  2  5 1  -4.99000E-01
   14  T  1  9 0  -4.80790E-01
   15  T  3  4 1  -4.31021E-01
   16  T  1 10 0  -3.77840E-01
    4    0    0    8
    2  1.013255E+00
    1  T  2  3 1  -3.51971E+00
    2  T  2  4 1  -1.44070E+00
    3  T  2  5 1  -5.27368E-01
    4  T  2  6 1  -4.39669E-02
    5  T  2  7 1   2.43024E-01
    6  T  2  8 1   4.27085E-01
    7  T  2  9 1   5.52257E-01
    8  T  2 10 1   6.41232E-01
    2    1    0   18
    2  1.013255E+00
    1  C  1  0 0  -9.30169E+00
    2  T  2  3 1  -3.62477E+00
    3  T  3  3 1  -2.58704E+00
    4  T  4  3 0  -2.10005E+00
    5  T  4  3 2: -1.55528E+00
    6  T  2  4 1: -1.43471E+00
    7  T  5  3 2  -1.10644E+00
    8  T  2  5 1  -5.47975E-01
    9  T  3  4 1  -4.75190E-01
   10  T  2  6 1  -6.24642E-02
   11  T  4  4 0   7.93771E-02
   12  T  2  7 1   2.41862E-01
   13  T  4  4 2   3.15574E-01
   14  T  3  5 1:  4.17472E-01
   15  T  2  8 1:  4.33166E-01
   16  T  2  9 1   5.51258E-01
   17  T  5  4 2   6.26143E-01
   18  T  2 10 1   6.40282E-01
    4    1    0   13
    2  1.013255E+00
    1  C  1  0 0  -1.06842E+01
    2  T  2  3 1  -3.45583E+00
    3  T  4  3 0  -2.28426E+00
    4  T  2  4 1: -1.48145E+00
    5  T  4  3 2: -1.40167E+00
    6  T  2  5 1  -5.20627E-01
    7  T  2  6 1  -4.16093E-02
    8  T  4  4 0   2.30042E-02
    9  T  2  7 1   2.44261E-01
   10  T  4  4 2   3.39651E-01
   11  T  2  8 1   4.29255E-01
   12  T  2  9 1   5.53458E-01
   13  T  2 10 1   6.42040E-01
    2    2    0   20
    1  0.000000E+00
    1  C  1  0 0  -9.95800E+00
    2  T  1  3 2  -4.16325E+00
    3  T  2  3 1  -3.39937E+00
    4  T  3  3 1  -2.60638E+00
    5  T  1  4 2  -2.31858E+00
    6  T  5  3 0  -1.97160E+00
    7  T  1  5 2  -1.47563E+00
    8  T  2  4 1: -1.42213E+00
    9  T  4  3 2: -1.33830E+00
   10  T  5  3 2: -1.20205E+00
   11  T  2  4 3: -1.15381E+00
   12  T  1  6 2  -1.02024E+00
   13  T  1  7 2  -7.47626E-01
   14  T  6  3 2  -6.05095E-01
   15  T  1  8 2  -5.70664E-01
   16  T  2  5 1: -5.18008E-01
   17  T  3  4 1: -4.76788E-01
   18  T  1  9 2  -4.50473E-01
   19  T  2  5 3  -4.15634E-01
   20  T  1 10 2  -3.64328E-01
    4    2    0   16
    2  1.013255E+00
    1  T  2  3 1  -3.60371E+00
    2  T  4  3 2: -1.58243E+00
    3  T  2  4 1: -1.44736E+00
    4  T  2  4 3  -1.20922E+00
    5  T  2  5 1  -5.40487E-01
    6  T  2  5 3  -4.21919E-01
    7  T  2  6 1  -5.19123E-02
    8  T  2  6 3   1.45034E-02
    9  T  2  7 1   2.35735E-01
   10  T  2  7 3   2.74933E-01
   11  T  4  4 2   3.14107E-01
   12  T  2  8 1   4.25251E-01
   13  T  2  8 3   4.52159E-01
   14  T  2  9 1   5.50611E-01
   15  T  2  9 3   5.69456E-01
   16  T  2 10 1   6.39968E-01
    2    3    0   13
    2  1.013255E+00
    1  T  4  3 2  -1.55515E+00
    2  T  5  3 2: -1.29209E+00
    3  T  2  4 3: -1.15421E+00
    4  T  2  5 3  -4.31136E-01
    5  T  3  4 3  -2.99740E-01
    6  T  2  6 3   7.19466E-03
    7  T  2  7 3   2.67764E-01
    8  T  4  4 2   3.47325E-01
    9  T  2  8 3   4.52234E-01
   10  T  3  5 3   5.10651E-01
   11  T  2  9 3   5.64670E-01
   12  T  5  4 2   5.78810E-01
   13  T  2 10 3   6.53254E-01
    4    3    0    9
    2  1.013255E+00
    1  T  4  3 2  -1.64759E+00
    2  T  2  4 3  -1.23230E+00
    3  T  2  5 3  -4.34772E-01
    4  T  2  6 3   6.74886E-03
    5  T  2  7 3:  2.61692E-01
    6  T  4  4 2:  2.95047E-01
    7  T  2  8 3   4.49505E-01
    8  T  2  9 3   5.67559E-01
    9  T  2 10 3   6.52231E-01
    2    4    0    9
    1  0.000000E+00
    1  T  1  5 4  -1.44336E+00
    2  T  5  3 2  -1.30971E+00
    3  T  2  4 3  -1.22969E+00
    4  T  1  6 4  -1.00201E+00
    5  T  1  7 4  -7.36500E-01
    6  T  1  8 4  -5.64205E-01
    7  T  1  9 4  -4.46235E-01
    8  T  2  5 3  -4.25497E-01
    9  T  1 10 4  -3.62247E-01
    4    4    0   11
    2  1.013255E+00
    1  T  2  4 3  -1.24180E+00
    2  T  2  5 3  -4.30822E-01
    3  T  2  6 3   1.04580E-02
    4  T  2  6 5   1.38323E-02
    5  T  2  7 3   2.76618E-01
    6  T  2  7 5   2.78824E-01
    7  T  2  8 3   4.49365E-01
    8  T  2  8 5   4.50929E-01
    9  T  2  9 3   5.67798E-01
   10  T  2  9 5   5.68918E-01
   11  T  2 10 3   6.52500E-01
    2    0    1    8
    4  2.632069E+00
    1  T  4  3 1  -2.01428E+00
    2  T  4  4 1   1.36497E-01
    3  T  4  5 1   1.07195E+00
    4  T  4  6 1   1.56440E+00
    5  T  4  7 1   1.85542E+00
    6  T  4  8 1   2.04182E+00
    7  T  4  9 1   2.16830E+00
    8  T  4 10 1   2.25807E+00
    4    0    1    9
    4  2.632069E+00
    1  C  2  0 0  -8.66937E+00
    2  T  4  3 1  -1.73451E+00
    3  T  4  4 1   2.28616E-01
    4  T  4  5 1   1.11417E+00
    5  T  4  6 1   1.58741E+00
    6  T  4  7 1   1.86928E+00
    7  T  4  8 1   2.05084E+00
    8  T  4  9 1   2.17452E+00
    9  T  4 10 1   2.26254E+00
    2    1    1   22
    1  0.000000E+00
    1  T  1  2 1  -1.15809E+01
    2  C  2  0 0  -7.88062E+00
    3  T  1  3 1  -4.57020E+00
    4  T  2  3 0  -3.79776E+00
    5  T  3  3 0  -3.02045E+00
    6  T  2  3 2  -2.91990E+00
    7  T  1  4 1  -2.47040E+00
    8  T  3  3 2  -2.12088E+00
    9  T  4  3 1: -1.76829E+00
   10  T  2  4 0: -1.58295E+00
   11  T  1  5 1: -1.52940E+00
   12  T  5  3 1: -1.37506E+00
   13  T  2  4 2  -1.22098E+00
   14  T  1  6 1  -1.05938E+00
   15  T  6  3 1  -8.84937E-01
   16  T  1  7 1  -7.73289E-01
   17  T  3  4 0  -6.46402E-01
   18  T  2  5 0: -5.94952E-01
   19  T  1  8 1: -5.79418E-01
   20  T  1  9 1  -4.61874E-01
   21  T  2  5 2  -4.20892E-01
   22  T  1 10 1  -3.74156E-01
    4    1    1   18
    2  1.013255E+00
    1  T  2  3 0  -4.00261E+00
    2  T  2  3 2  -3.11537E+00
    3  T  4  3 1  -1.89568E+00
    4  T  2  4 0  -1.61589E+00
    5  T  2  4 2  -1.29469E+00
    6  T  2  5 0  -6.18953E-01
    7  T  2  5 2  -4.57114E-01
    8  T  2  6 0  -9.67836E-02
    9  T  2  6 2  -4.57196E-03
   10  T  4  4 1   1.74806E-01
   11  T  2  7 0   2.18696E-01
   12  T  2  7 2   2.67442E-01
   13  T  2  8 0   4.06848E-01
   14  T  2  8 2   4.43219E-01
   15  T  2  9 0   5.37966E-01
   16  T  2  9 2   5.63487E-01
   17  T  2 10 0   6.30827E-01
   18  T  2 10 2   6.49363E-01
    2    2    1   18
    2  1.013255E+00
    1  C  2  0 0  -8.31729E+00
    2  T  2  3 2  -3.15363E+00
    3  T  3  3 2  -2.20683E+00
    4  T  4  3 1  -1.84351E+00
    5  T  5  3 1  -1.50240E+00
    6  T  2  4 2  -1.29904E+00
    7  T  2  5 2  -4.65647E-01
    8  T  3  4 2  -3.51268E-01
    9  T  2  6 2  -5.18335E-03
   10  T  4  4 1   2.15887E-01
   11  T  2  7 2   2.66277E-01
   12  T  4  4 3   3.71835E-01
   13  T  2  8 2   4.40508E-01
   14  T  5  4 1   4.55797E-01
   15  T  3  5 2   4.91039E-01
   16  T  2  9 2   5.63792E-01
   17  T  5  4 3   6.44885E-01
   18  T  2 10 2   6.49676E-01
    4    2    1   11
    2  1.013255E+00
    1  T  2  3 2  -3.17117E+00
    2  T  4  3 1  -1.93776E+00
    3  T  2  4 2  -1.30959E+00
    4  T  2  5 2  -4.63854E-01
    5  T  2  6 2  -8.17610E-03
    6  T  4  4 1   1.61767E-01
    7  T  2  7 2   2.65501E-01
    8  T  4  4 3   3.70549E-01
    9  T  2  8 2   4.41988E-01
   10  T  2  9 2   5.62647E-01
   11  T  2 10 2   6.48762E-01
    2    3    1   13
    1  0.000000E+00
    1  T  2  3 2  -2.98050E+00
    2  T  3  3 2  -2.37315E+00
    3  T  1  4 3  -2.15203E+00
    4  T  5  3 1  -1.61889E+00
    5  T  1  5 3  -1.43801E+00
    6  T  2  4 2  -1.23845E+00
    7  T  1  6 3  -1.00101E+00
    8  T  1  7 3  -7.36491E-01
    9  T  1  8 3  -5.64669E-01
   10  T  1  9 3  -4.47681E-01
   11  T  2  5 2  -4.33382E-01
   12  T  2  5 4  -4.25651E-01
   13  T  3  4 2  -3.75313E-01
    4    3    1   14
    2  1.013255E+00
    1  T  2  3 2  -3.25178E+00
    2  T  2  4 2  -1.34200E+00
    3  T  2  5 2  -4.79137E-01
    4  T  2  5 4  -4.25728E-01
    5  T  2  6 2  -1.66206E-02
    6  T  2  6 4   1.27888E-02
    7  T  2  7 2   2.59893E-01
    8  T  2  7 4   2.75861E-01
    9  T  4  4 3   3.91968E-01
   10  T  2  8 2   4.38477E-01
   11  T  2  8 4   4.55284E-01
   12  T  2  9 2   5.60169E-01
   13  T  2  9 4   5.70034E-01
   14  T  2 10 2   6.46968E-01
    2    4    1    9
    2  1.013255E+00
    1  T  2  5 4  -4.33851E-01
    2  T  2  6 4   7.60072E-03
    3  T  2  7 4   2.71206E-01
    4  T  4  4 3   3.75803E-01
    5  T  2  8 4   4.54011E-01
    6  T  3  5 4   5.10117E-01
    7  T  2  9 4   5.69052E-01
    8  T  5  4 3   6.23760E-01
    9  T  2 10 4   6.53091E-01
    4    4    1    7
    2  1.013255E+00
    1  T  2  5 4  -4.33844E-01
    2  T  2  6 4   7.61563E-03
    3  T  2  7 4   2.71082E-01
    4  T  4  4 3   3.71326E-01
    5  T  2  8 4   4.53620E-01
    6  T  2  9 4   5.68982E-01
    7  T  2 10 4   6.53060E-01
    0    0    0    0
