   10    3    E               
    2    0    0    9          
    1  0.000000E+00           
    1  T  1  2 0  -1.75471E+01
    2  T  1  3 0  -7.54186E+00
    3  T  1  4 0  -4.17761E+00
    4  T  1  5 0  -2.64987E+00
    5  T  1  6 0  -1.82942E+00
    6  T  1  7 0  -1.33849E+00
    7  T  1  8 0  -1.02161E+00
    8  T  1  9 0  -8.05263E-01
    9  T  1 10 0  -6.51015E-01
    2    1    1    9          
    1  0.000000E+00           
    1  T  1  2 1  -1.63829E+01
    2  T  1  3 1  -7.22411E+00
    3  T  1  4 1  -4.04769E+00
    4  T  1  5 1  -2.58441E+00
    5  T  1  6 1  -1.79189E+00
    6  T  1  7 1  -1.31500E+00
    7  T  1  8 1  -1.00594E+00
    8  T  1  9 1  -7.94296E-01
    9  T  1 10 1  -6.43041E-01
    2    2    0    8          
    1  0.000000E+00           
    1  T  1  3 2  -7.11586E+00
    2  T  1  4 2  -4.00247E+00
    3  T  1  5 2  -2.56137E+00
    4  T  1  6 2  -1.77861E+00
    5  T  1  7 2  -1.30666E+00
    6  T  1  8 2  -1.00036E+00
    7  T  1  9 2  -7.90381E-01
    8  T  1 10 2  -6.40189E-01
    0    0    0    0          
