   11    4    E               
    1    0    0   13          
    1  0.000000E+00           
    1  C  1  0 0  -1.93828E+01
    2  C  2  0 0  -1.52878E+01
    3  T  1  3 0  -7.90039E+00
    4  T  2  3 1  -5.73986E+00
    5  T  1  4 0  -4.30169E+00
    6  T  1  5 0  -2.79418E+00
    7  T  2  4 1  -2.60925E+00
    8  T  1  6 0  -1.86760E+00
    9  T  1  7 0  -1.37620E+00
   10  T  2  5 1  -1.24301E+00
   11  T  1  8 0  -1.03300E+00
   12  T  1  9 0  -8.15887E-01
   13  T  1 10 0  -6.60019E-01
    3    0    0   11          
    1  0.000000E+00           
    1  T  1  3 0  -8.10803E+00
    2  T  2  3 1  -6.18941E+00
    3  T  1  4 0  -4.38307E+00
    4  T  2  4 1  -2.87205E+00
    5  T  1  5 0  -2.71882E+00
    6  T  1  6 0  -1.88655E+00
    7  T  1  7 0  -1.38773E+00
    8  T  2  5 1  -1.31180E+00
    9  T  1  8 0  -1.04298E+00
   10  T  1  9 0  -8.21224E-01
   11  T  1 10 0  -6.63311E-01
    1    1    0    8          
    2  1.313280E+00           
    1  T  2  3 1  -6.36663E+00
    2  T  2  4 1  -2.90324E+00
    3  T  2  5 1  -1.35244E+00
    4  T  2  6 1  -5.24194E-01
    5  T  2  7 1  -2.98798E-02
    6  T  2  8 1   2.88706E-01
    7  T  2  9 1   5.06014E-01
    8  T  2 10 1   6.60848E-01
    1    1    1   15          
    1  0.000000E+00           
    1  T  1  2 1  -1.71588E+01
    2  T  1  3 1  -7.61848E+00
    3  T  2  3 0  -6.45704E+00
    4  T  2  3 2  -5.62573E+00
    5  T  1  4 1  -4.16745E+00
    6  T  2  4 0  -2.99685E+00
    7  T  1  5 1  -2.66749E+00
    8  T  2  4 2  -2.59184E+00
    9  T  1  6 1  -1.82696E+00
   10  T  2  5 0  -1.41151E+00
   11  T  1  7 1  -1.32519E+00
   12  T  2  5 2  -1.22017E+00
   13  T  1  8 1  -1.01748E+00
   14  T  1  9 1  -8.03931E-01
   15  T  1 10 1  -6.51519E-01
    3    1    0    9          
    2  1.313280E+00           
    1  C  2  0 0  -1.64014E+01
    2  T  2  3 1  -6.11472E+00
    3  T  2  4 1  -2.82337E+00
    4  T  2  5 1  -1.31635E+00
    5  T  2  6 1  -5.04734E-01
    6  T  2  7 1  -1.81273E-02
    7  T  2  8 1   2.96370E-01
    8  T  2  9 1   5.11298E-01
    9  T  2 10 1   6.64648E-01
    3    1    1   15          
    1  0.000000E+00           
    1  T  1  2 1  -1.82366E+01
    2  T  1  3 1  -7.58697E+00
    3  T  2  3 0  -6.65201E+00
    4  T  2  3 2  -5.82889E+00
    5  T  1  4 1  -4.18324E+00
    6  T  2  4 0  -3.02909E+00
    7  T  2  4 2  -2.73119E+00
    8  T  1  5 1  -2.62998E+00
    9  T  1  6 1  -1.83014E+00
   10  T  2  5 0  -1.41852E+00
   11  T  1  7 1  -1.34241E+00
   12  T  2  5 2  -1.25750E+00
   13  T  1  8 1  -1.02056E+00
   14  T  1  9 1  -8.05085E-01
   15  T  1 10 1  -6.51228E-01
    1    2    0   14          
    1  0.000000E+00           
    1  C  2  0 0  -1.61044E+01
    2  T  1  3 2  -7.12953E+00
    3  T  2  3 1  -5.98322E+00
    4  T  1  4 2  -4.01590E+00
    5  T  2  4 1  -2.77593E+00
    6  T  2  4 3  -2.65838E+00
    7  T  1  5 2  -2.56884E+00
    8  T  1  6 2  -1.78407E+00
    9  T  1  7 2  -1.31313E+00
   10  T  2  5 1  -1.29168E+00
   11  T  2  5 3  -1.23238E+00
   12  T  1  8 2  -1.00274E+00
   13  T  1  9 2  -7.92151E-01
   14  T  1 10 2  -6.41536E-01
    1    2    1    8          
    2  1.313280E+00           
    1  T  2  3 2  -6.04615E+00
    2  T  2  4 2  -2.78107E+00
    3  T  2  5 2  -1.29253E+00
    4  T  2  6 2  -4.90327E-01
    5  T  2  7 2  -8.85442E-03
    6  T  2  8 2   3.02658E-01
    7  T  2  9 2   5.15747E-01
    8  T  2 10 2   6.67908E-01
    3    2    0   13          
    1  0.000000E+00           
    1  T  1  3 2  -7.32173E+00
    2  T  2  3 1  -6.29591E+00
    3  T  1  4 2  -4.07909E+00
    4  T  2  4 1  -2.88077E+00
    5  T  2  4 3  -2.66926E+00
    6  T  1  5 2  -2.59662E+00
    7  T  1  6 2  -1.79993E+00
    8  T  2  5 1  -1.34519E+00
    9  T  1  7 2  -1.31764E+00
   10  T  2  5 3  -1.23885E+00
   11  T  1  8 2  -1.00887E+00
   12  T  1  9 2  -7.96433E-01
   13  T  1 10 2  -6.44651E-01
    3    2    1    8          
    2  1.313280E+00           
    1  T  2  3 2  -5.89100E+00
    2  T  2  4 2  -2.72801E+00
    3  T  2  5 2  -1.26784E+00
    4  T  2  6 2  -4.76802E-01
    5  T  2  7 2  -6.04680E-04
    6  T  2  8 2   3.08074E-01
    7  T  2  9 2   5.19499E-01
    8  T  2 10 2   6.70616E-01
    1    3    1   11          
    1  0.000000E+00           
    1  T  2  3 2  -5.68840E+00
    2  T  1  4 3  -3.98904E+00
    3  T  2  4 2  -2.67392E+00
    4  T  1  5 3  -2.53553E+00
    5  T  1  6 3  -1.77563E+00
    6  T  1  7 3  -1.30894E+00
    7  T  2  5 4  -1.24086E+00
    8  T  2  5 2  -1.22856E+00
    9  T  1  8 3  -9.98591E-01
   10  T  1  9 3  -7.89633E-01
   11  T  1 10 3  -6.39922E-01
    3    3    1   11          
    1  0.000000E+00           
    1  T  2  3 2  -6.05757E+00
    2  T  1  4 3  -4.00630E+00
    3  T  2  4 2  -2.78403E+00
    4  T  1  5 3  -2.56323E+00
    5  T  1  6 3  -1.78111E+00
    6  T  2  5 2  -1.30982E+00
    7  T  1  7 3  -1.29201E+00
    8  T  2  5 4  -1.24092E+00
    9  T  1  8 3  -1.00157E+00
   10  T  1  9 3  -7.91293E-01
   11  T  1 10 3  -6.40898E-01
    0    0    0    0          
