   11    2    E               
    1    0    0   10          
    1  0.000000E+00           
    1  C  1  0 0  -1.07522E+02
    2  T  1  2 0  -2.53680E+01
    3  T  1  3 0  -1.12247E+01
    4  T  1  4 0  -6.29854E+00
    5  T  1  5 0  -4.02500E+00
    6  T  1  6 0  -2.79227E+00
    7  T  1  7 0  -2.04995E+00
    8  T  1  8 0  -1.56862E+00
    9  T  1  9 0  -1.23887E+00
   10  T  1 10 0  -1.00313E+00
    3    0    0    9          
    1  0.000000E+00           
    1  T  1  2 0  -2.62111E+01
    2  T  1  3 0  -1.14476E+01
    3  T  1  4 0  -6.38878E+00
    4  T  1  5 0  -4.07027E+00
    5  T  1  6 0  -2.81820E+00
    6  T  1  7 0  -2.06618E+00
    7  T  1  8 0  -1.57945E+00
    8  T  1  9 0  -1.24645E+00
    9  T  1 10 0  -1.00865E+00
    1    2    0    8          
    1  0.000000E+00           
    1  T  1  3 2  -1.11104E+01
    2  T  1  4 2  -6.24958E+00
    3  T  1  5 2  -3.99978E+00
    4  T  1  6 2  -2.77762E+00
    5  T  1  7 2  -2.04072E+00
    6  T  1  8 2  -1.56244E+00
    7  T  1  9 2  -1.23453E+00
    8  T  1 10 2  -9.99974E-01
    3    2    0    8          
    1  0.000000E+00           
    1  T  1  3 2  -1.11167E+01
    2  T  1  4 2  -6.25298E+00
    3  T  1  5 2  -4.00169E+00
    4  T  1  6 2  -2.77877E+00
    5  T  1  7 2  -2.04146E+00
    6  T  1  8 2  -1.56295E+00
    7  T  1  9 2  -1.23489E+00
    8  T  1 10 2  -1.00024E+00
    1    1    1    9          
    1  0.000000E+00           
    1  T  1  2 1  -2.48393E+01
    2  T  1  3 1  -1.10712E+01
    3  T  1  4 1  -6.23426E+00
    4  T  1  5 1  -3.99225E+00
    5  T  1  6 1  -2.77335E+00
    6  T  1  7 1  -2.03805E+00
    7  T  1  8 1  -1.56066E+00
    8  T  1  9 1  -1.23328E+00
    9  T  1 10 1  -9.99068E-01
    3    1    1    9          
    1  0.000000E+00           
    1  T  1  2 1  -2.54322E+01
    2  T  1  3 1  -1.12341E+01
    3  T  1  4 1  -6.30117E+00
    4  T  1  5 1  -4.02608E+00
    5  T  1  6 1  -2.79278E+00
    6  T  1  7 1  -2.05024E+00
    7  T  1  8 1  -1.56880E+00
    8  T  1  9 1  -1.23899E+00
    9  T  1 10 1  -1.00322E+00
    0    0    0    0          
