   12    8    E                            
    1    0    0   12                       
    3  7.654750E-01                        
    1  C  1  0 0  -9.64835E+00             
    2  C  3  0 0  -4.32105E+00             
    3  T  3  3 1  -2.48915E+00             
    4  T  3  4 1  -9.80807E-01             
    5  T  6  3 0  -3.94020E-01             
    6  T  3  5 1  -3.07160E-01             
    7  T  3  6 1   2.03453E-02             
    8  T  3  7 1   2.22719E-01             
    9  T  3  8 1   2.94770E-01             
   10  T  5  3 2   3.53567E-01             
   11  T  3  9 1   4.41740E-01             
   12  T  3 10 1   5.04455E-01             
    1    1    0   21                       
    2  5.045250E-01                        
    1  T  2  3 1  -3.19175E+00             
    2  T  3  3 1  -2.83477E+00             
    3  T  2  4 1  -1.39284E+00             
    4  T  3  4 1  -1.11628E+00             
    5  T  2  4 3  -1.06286E+00             
    6  T  2  5 1  -6.62358E-01             
    7  T  2  5 3  -5.00472E-01             
    8  T  3  5 1  -3.99690E-01             
    9  T  2  6 1  -2.92195E-01             
   10  T  7  3 0  -2.01450E-01             
   11  T  2  6 3  -1.93268E-01             
   12  T  2  7 1  -5.78157E-02             
   13  T  3  6 1  -1.56898E-02             
   14  T  2  7 3  -8.17447E-03             
   15  T  2  8 1   7.78820E-02             
   16  T  2  8 3   1.11251E-01             
   17  T  2  9 1   1.70142E-01             
   18  T  2  9 3   1.92460E-01             
   19  T  3  7 1   2.00582E-01             
   20  T  2 10 1   2.35717E-01             
   21  T  5  3 2   2.44269E-01             
    1    2    0   26                       
    2  5.045250E-01                        
    1  C  1  0 0  -1.00341E+01             
    2  T  2  3 1  -2.88335E+00             
    3  T  3  3 1  -2.70537E+00             
    4  T  2  4 1  -1.28042E+00             
    5  T  3  4 1  -1.08461E+00             
    6  T  2  4 3  -1.06118E+00             
    7  T  5  3 0  -9.07532E-01             
    8  T  3  4 3  -7.99938E-01             
    9  T  2  5 1  -5.98480E-01             
   10  T  2  5 3  -4.99528E-01             
   11  T  3  5 1  -3.72090E-01             
   12  T  2  6 1  -2.49446E-01             
   13  T  3  5 3  -2.37572E-01             
   14  T  2  6 3  -1.92562E-01             
   15  T  2  7 1  -4.48992E-02             
   16  T  2  7 3: -9.88002E-03             
   17  T  3  6 1: -5.20235E-03             
   18  T  3  6 3   6.88702E-02             
   19  T  2  8 1   8.85350E-02             
   20  T  2  8 3   1.11568E-01             
   21  T  2  9 1   1.77437E-01             
   22  T  2  9 3   1.92877E-01             
   23  T  3  7 1   2.06435E-01             
   24  T  2 10 1   2.41165E-01             
   25  T  2 10 3:  2.48165E-01             
   26  T  3  7 3:  2.54545E-01             
    1    3    0   19                       
    2  5.045250E-01                        
    1  T  2  3 1  -3.10590E+00             
    2  T  2  4 1  -1.36938E+00             
    3  T  2  4 3  -1.06119E+00             
    4  T  3  4 3  -8.00682E-01             
    5  T  2  5 1  -6.49597E-01             
    6  T  2  5 3  -4.98137E-01             
    7  T  2  6 1  -2.77675E-01             
    8  T  3  5 3  -2.37620E-01             
    9  T  2  6 3  -1.91990E-01             
   10  T  2  7 1  -6.02035E-02             
   11  T  2  7 3  -7.57175E-03             
   12  T  3  6 3   6.83540E-02             
   13  T  2  8 1   7.78752E-02             
   14  T  2  8 3   1.12168E-01             
   15  T  2  9 1   1.70507E-01             
   16  T  2  9 3   1.93939E-01             
   17  T  2 10 1   2.35792E-01             
   18  T  2 10 3   2.50955E-01             
   19  T  3  7 3   2.52947E-01             
    1    4    0   10                       
    2  5.045250E-01                        
    1  T  2  4 3  -1.06075E+00             
    2  T  3  4 3  -7.99557E-01             
    3  T  2  5 3  -4.97655E-01             
    4  T  3  5 3  -2.36900E-01             
    5  T  2  6 3  -1.91578E-01             
    6  T  2  7 3  -7.60165E-03             
    7  T  3  6 3   6.89037E-02             
    8  T  2  8 3   1.11731E-01             
    9  T  2  9 3   1.89023E-01             
   10  T  5  3 2   2.13526E-01             
    1    5    0    6                       
    2  5.045250E-01                        
    1  T  2  4 3  -1.06145E+00             
    2  T  2  5 3  -4.98043E-01             
    3  T  2  6 3  -1.91684E-01             
    4  T  2  7 3  -6.89342E-03             
    5  T  2  8 3   1.13044E-01             
    6  T  2  9 3   1.95261E-01             
    1    0    1    8                       
    2  5.045250E-01                        
    1  T  2  3 2  -2.47477E+00             
    2  T  2  4 2  -1.15031E+00             
    3  T  2  5 2  -5.43402E-01             
    4  T  2  6 2  -2.17941E-01             
    5  T  2  7 2  -2.34480E-02             
    6  T  2  8 2   1.01942E-01             
    7  T  2  9 2   1.87459E-01             
    8  T  2 10 2   2.48370E-01             
    1    1    1   20                       
    2  5.045250E-01                        
    1  C  2  0 0  -6.72765E+00             
    2  T  3  3 0  -3.36065E+00             
    3  T  2  3 2  -2.40087E+00             
    4  T  3  3 2  -2.02124E+00             
    5  T  3  4 0  -1.30495E+00             
    6  T  2  4 2  -1.11748E+00             
    7  T  3  4 2  -8.09873E-01             
    8  T  2  5 2  -5.36817E-01             
    9  T  3  5 0  -4.80995E-01             
   10  T  5  3 1  -4.80995E-01             
   11  T  3  5 2  -2.44459E-01             
   12  T  2  6 2  -2.05851E-01             
   13  T  3  6 0  -6.90809E-02             
   14  T  2  7 2  -1.72248E-02             
   15  T  3  6 2   6.14622E-02             
   16  T  2  8 2   1.06152E-01             
   17  T  6  3 1   1.06152E-01             
   18  T  3  7 0   1.68474E-01             
   19  T  2  9 2   1.90331E-01             
   20  T  2 10 2   2.49146E-01             
    1    2    1   27                       
    2  5.045250E-01                        
    1  T  2  3 0  -3.62760E+00             
    2  T  2  3 2  -2.36014E+00             
    3  T  3  3 2  -2.13874E+00             
    4  T  2  4 0  -1.56603E+00             
    5  T  2  4 2  -1.08976E+00             
    6  T  3  4 2  -8.69727E-01             
    7  T  2  5 0  -7.44247E-01             
    8  T  2  5 2  -5.12990E-01             
    9  T  2  5 4  -4.95632E-01             
   10  T  5  3 1  -3.85000E-01             
   11  T  2  6 0  -3.30380E-01             
   12  T  3  5 2  -2.73925E-01             
   13  T  2  6 2  -1.96759E-01             
   14  T  2  6 4  -1.90082E-01             
   15  T  2  7 0  -9.26592E-02             
   16  T  2  7 2  -1.20706E-02             
   17  T  2  7 4  -5.81397E-03             
   18  T  3  6 2   4.78330E-02             
   19  T  2  8 0   5.67677E-02             
   20  T  2  8 2   1.10232E-01             
   21  T  2  8 4   1.13794E-01             
   22  T  2  9 0   1.55492E-01             
   23  T  2  9 2   1.92782E-01             
   24  T  2  9 4   1.95800E-01             
   25  T  2 10 0   2.24792E-01             
   26  T  3  7 2   2.40156E-01             
   27  T  2 10 2   2.53072E-01             
    1    3    1   14                       
    2  5.045250E-01                        
    1  T  2  3 2  -2.30931E+00             
    2  T  3  3 2  -2.10231E+00             
    3  T  2  4 2  -1.07931E+00             
    4  T  3  4 2  -8.42927E-01             
    5  T  2  5 2  -5.13855E-01             
    6  T  5  3 1  -4.51587E-01             
    7  T  3  5 2  -2.58285E-01             
    8  T  2  6 2  -1.95439E-01             
    9  T  2  7 2  -9.96647E-03             
   10  T  3  6 2   5.67285E-02             
   11  T  2  8 2   1.11043E-01             
   12  T  2  9 2   1.93714E-01             
   13  T  3  7 2   2.45760E-01             
   14  T  2 10 2   2.53200E-01             
    1    4    1    8                       
    2  5.045250E-01                        
    1  T  2  3 2  -2.43215E+00             
    2  T  2  4 2  -1.13298E+00             
    3  T  2  5 2  -5.34877E-01             
    4  T  2  6 2  -2.13121E-01             
    5  T  2  7 2  -2.04655E-02             
    6  T  2  8 2   1.03919E-01             
    7  T  2  9 2   1.88835E-01             
    8  T  2 10 2   2.49366E-01             
    3    0    0   10                       
    3  7.654750E-01                        
    1  T  3  3 1  -2.91150E+00 :WAS T 2    
    2  T  3  4 1  -1.13797E+00 :WAS T 2    
    3  T  6  3 0  -5.20410E-01             
    4  T  3  5 1  -3.79840E-01 :WAS T 3    
    5  T  3  6 1  -2.00026E-02 :WAS T 2    
    6  T  3  7 1   1.91138E-01 :WAS T 2    
    7  T  5  3 2   2.11110E-01             
    8  T  3  8 1   3.37608E-01 :WAS T 2    
    9  T  3  9 1   4.30700E-01 :WAS T 2    
   10  T  3 10 1   4.96490E-01 :WAS T 2    
    3    1    0   21                       
    1  0.000000E+00                        
    1  C  1  0 0  -1.03641E+01             
    2  T  1  3 1  -3.53590E+00             
    3  T  2  3 1  -2.97525E+00             
    4  T  3  3 1  -2.78752E+00             
    5  T  1  4 1  -1.83156E+00             
    6  T  4  3 0  -1.74828E+00             
    7  T  2  4 1  -1.32531E+00             
    8  T  1  5 1  -1.13714E+00             
    9  T  3  4 1  -1.07693E+00             
   10  T  2  4 3  -1.05968E+00             
   11  T  1  6 1  -7.73100E-01             
   12  T  2  5 1  -6.32828E-01             
   13  T  1  7 1  -5.60070E-01             
   14  T  4  3 2  -5.33080E-01             
   15  T  2  5 3  -4.99083E-01             
   16  T  1  8 1  -4.23518E-01             
   17  T  3  5 1  -3.79457E-01             
   18  T  1  9 1  -3.32330E-01             
   19  T  2  6 1  -2.87845E-01             
   20  T  1 10 1  -2.61037E-01             
   21  T  7  3 0  -2.54050E-01             
    3    2    0   26                       
    2  5.045250E-01                        
    1  T  2  3 1  -3.17080E+00             
    2  T  3  3 1  -2.86940E+00             
    3  T  2  4 1  -1.40041E+00             
    4  T  3  4 1  -1.13016E+00             
    5  T  2  4 3  -1.06292E+00             
    6  T  5  3 0  -1.03228E+00             
    7  T  3  4 3  -8.02380E-01             
    8  T  2  5 1  -6.53522E-01             
    9  T  4  3 2  -5.54592E-01             
   10  T  2  5 3  -5.00135E-01             
   11  T  3  5 1  -3.93057E-01             
   12  T  2  6 1  -2.80937E-01             
   13  T  3  5 3  -2.39574E-01             
   14  T  2  6 3  -1.93236E-01             
   15  T  2  7 1  -6.27432E-02             
   16  T  3  6 1  -1.96033E-02             
   17  T  2  7 3  -8.54583E-03             
   18  T  3  6 3   6.72992E-02             
   19  T  2  8 1   7.59497E-02             
   20  T  2  8 3   1.10598E-01             
   21  T  2  9 1   1.68827E-01             
   22  T  2  9 3   1.88960E-01 :WAS T 3 9 1
   23  T  3  7 1   1.99446E-01             
   24  T  5  3 2   2.19571E-01             
   25  T  2 10 1   2.36663E-01             
   26  T  3  7 3   2.51780E-01             
    3    3    0   14                       
    1  0.000000E+00                        
    1  T  2  3 1  -3.13062E+00             
    2  T  1  4 3  -1.56619E+00             
    3  T  2  4 1  -1.37803E+00             
    4  T  2  4 3  -1.06374E+00             
    5  T  1  5 3  -1.00404E+00             
    6  T  3  4 3  -8.00528E-01             
    7  T  1  6 3  -7.02055E-01             
    8  T  2  5 1  -6.53742E-01             
    9  T  4  3 2  -6.03412E-01             
   10  T  1  7 3  -5.06822E-01             
   11  T  2  5 3  -5.00207E-01             
   12  T  1  8 3  -3.89857E-01             
   13  T  1  9 3  -3.08365E-01             
   14  T  2  6 1  -2.79975E-01             
    3    4    0   10                       
    2  5.045250E-01                        
    1  T  2  4 3  -1.06385E+00             
    2  T  3  4 3  -8.01415E-01             
    3  T  2  5 3  -5.00462E-01             
    4  T  3  5 3  -2.39183E-01             
    5  T  2  6 3  -1.93857E-01             
    6  T  2  7 3  -1.08107E-02             
    7  T  3  6 3   6.48127E-02             
    8  T  2  8 3   1.06089E-01             
    9  T  5  3 2   1.53252E-01             
   10  T  2  9 3   2.00274E-01             
    3    5    0    2                       
    1  0.000000E+00                        
    1  T  2  4 3  -1.06158E+00 :WAS T 2 3 2
    2  T  2  5 3  -4.98140E-01 :WAS T 2 4 2
    3    0    1   12                       
    1  0.000000E+00                        
    1  T  1  3 0  -4.09530E+00             
    2  T  2  3 2  -2.34621E+00             
    3  T  1  4 0  -2.05972E+00             
    4  T  4  3 1: -1.25978E+00             
    5  T  1  5 0: -1.21069E+00             
    6  T  2  4 2  -1.09534E+00             
    7  T  1  6 0  -8.30865E-01             
    8  T  1  7 0  -5.94725E-01             
    9  T  2  5 2  -5.15837E-01             
   10  T  1  8 0  -4.46447E-01             
   11  T  1  9 0  -3.47452E-01             
   12  T  1 10 0  -2.78062E-01             
    3    1    1   23                       
    2  5.045250E-01                        
    1  C  2  0 0  -7.78280E+00             
    2  T  3  3 0  -3.43762E+00             
    3  T  2  3 2  -2.36974E+00             
    4  T  3  3 2  -2.16617E+00             
    5  T  3  4 0  -1.33236E+00             
    6  T  4  3 1  -1.17895E+00             
    7  T  2  4 2  -1.09563E+00             
    8  T  3  4 2  -8.71487E-01             
    9  T  2  5 2  -5.25092E-01             
   10  T  3  5 0  -4.96080E-01             
   11  T  5  3 1  -4.03507E-01             
   12  T  3  5 2  -2.73647E-01             
   13  T  2  6 2  -2.05445E-01             
   14  T  3  6 0  -7.61287E-02             
   15  T  2  7 2  -1.54103E-02             
   16  T  3  6 2   4.70630E-02             
   17  T  6  3 1   8.03935E-02             
   18  T  2  8 2   1.06955E-01             
   19  T  3  7 0   1.67106E-01             
   20  T  2  9 2   1.90830E-01             
   21  T  7  3 1   2.23595E-01             
   22  T  3  7 2   2.41282E-01             
   23  T  2 10 2   2.51592E-01             
    3    2    1   21                       
    1  0.000000E+00                        
    1  T  2  3 0  -3.70230E+00             
    2  T  1  3 2  -2.86757E+00             
    3  T  2  3 2  -2.42264E+00             
    4  T  3  3 2  -2.13823E+00             
    5  T  1  4 2  -1.60190E+00             
    6  T  2  4 0  -1.60190E+00             
    7  T  4  3 1  -1.26671E+00             
    8  T  2  4 2  -1.13417E+00             
    9  T  1  5 2  -1.01680E+00             
   10  T  3  4 2  -8.59612E-01             
   11  T  2  5 0  -7.57210E-01             
   12  T  1  6 2  -7.05967E-01             
   13  T  2  5 2  -5.38118E-01             
   14  T  1  7 2  -5.14397E-01             
   15  T  2  5 4  -4.95628E-01             
   16  T  5  3 1  -4.30885E-01             
   17  T  1  8 2  -3.95770E-01             
   18  T  2  6 0  -3.30262E-01             
   19  T  1  9 2  -3.12882E-01             
   20  T  3  5 2  -2.67690E-01             
   21  T  1 10 2  -2.52207E-01             
    3    3    1   13                       
    2  5.045250E-01                        
    1  T  2  3 2  -2.47463E+00             
    2  T  3  3 2  -2.17889E+00             
    3  T  2  4 2  -1.14673E+00             
    4  T  3  4 2  -8.79180E-01             
    5  T  2  5 2  -5.43487E-01             
    6  T  3  5 2  -2.78175E-01             
    7  T  2  6 2  -2.15882E-01             
    8  T  2  7 2  -2.27654E-02             
    9  T  3  6 2   4.56895E-02             
   10  T  2  8 2   1.02631E-01             
   11  T  2  9 2   1.87789E-01             
   12  T  3  7 2   2.38861E-01             
   13  T  2 10 2   2.48955E-01             
    3    4    1    3                       
    1  0.000000E+00                        
    1  T  2  3 2  -2.44411E+00             
    2  T  2  4 2  -1.13814E+00             
    3  T  2  5 2  -5.37477E-01             
    5    1    0   10                       
    1  0.000000E+00                        
    1  T  1  3 1  -3.67025E+00             
    2  T  4  3 0  -1.97210E+00             
    3  T  1  4 1  -1.85365E+00             
    4  T  1  5 1  -1.16214E+00             
    5  T  1  6 1  -7.88022E-01             
    6  T  4  3 2  -6.30160E-01             
    7  T  1  7 1  -5.64697E-01             
    8  T  1  8 1  -4.28020E-01             
    9  T  1  9 1  -3.34857E-01             
   10  T  1 10 1  -2.69047E-01             
    5    2    0    8                       
    4  2.267025E+00                        
    1  T  4  3 2  -7.43610E-01             
    2  T  4  4 2   6.01530E-01             
    3  T  4  5 2   1.21379E+00             
    4  T  4  6 2   1.54155E+00             
    5  T  4  7 2   1.73718E+00             
    6  T  4  8 2   1.86321E+00             
    7  T  4  9 2   1.94910E+00             
    8  T  4 10 2   2.01025E+00             
    5    3    0    8                       
    1  0.000000E+00                        
    1  T  1  4 3  -1.56903E+00             
    2  T  1  5 3  -1.00769E+00             
    3  T  1  6 3  -7.18710E-01             
    4  T  4  3 2  -6.54140E-01             
    5  T  1  7 3  -5.07712E-01             
    6  T  1  8 3  -3.90062E-01             
    7  T  1  9 3  -3.08510E-01             
    8  T  1 10 3  -2.50002E-01             
    5    0    1    9                       
    1  0.000000E+00                        
    1  T  1  3 0  -4.24463E+00             
    2  T  1  4 0  -2.11195E+00             
    3  T  1  5 0  -1.30357E+00             
    4  T  4  3 1  -1.20796E+00             
    5  T  1  6 0  -8.40198E-01             
    6  T  1  7 0  -6.00770E-01             
    7  T  1  8 0  -4.50507E-01             
    8  T  1  9 0  -3.50250E-01             
    9  T  1 10 0  -2.80068E-01             
    5    1    1    8                       
    4  2.267025E+00                        
    1  T  4  3 1  -1.41431E+00             
    2  T  4  4 1   3.71325E-01             
    3  T  4  5 1   1.10286E+00             
    4  T  4  6 1   1.47966E+00             
    5  T  4  7 1   1.69919E+00             
    6  T  4  8 1   1.83822E+00             
    7  T  4  9 1   1.93180E+00             
    8  T  4 10 1   1.99777E+00             
    5    2    1    9                       
    1  0.000000E+00                        
    1  T  1  3 2  -2.97437E+00             
    2  T  1  4 2  -1.65424E+00             
    3  T  4  3 1  -1.34818E+00             
    4  T  1  5 2  -1.04647E+00             
    5  T  1  6 2  -7.21857E-01             
    6  T  1  7 2  -5.27632E-01             
    7  T  1  8 2  -4.02370E-01             
    8  T  1  9 2  -3.16922E-01             
    9  T  1 10 2  -2.56050E-01             
    5    3    1    7                       
    4  2.267025E+00                        
    1  T  4  4 3   6.96065E-01             
    2  T  4  5 3   1.26166E+00             
    3  T  4  6 3   1.56917E+00             
    4  T  4  7 3   1.75456E+00             
    5  T  4  8 3   1.87484E+00             
    6  T  4  9 3   1.95726E+00             
    7  T  4 10 3   2.01620E+00             
    0    0    0    0                       
