   12    5    E
    2    0    0   16
    1  0.000000E+00
    1  C  1  0 0  -1.67947E+01
    2  T  1  3 0  -8.48930E+00
    3  T  2  3 1  -6.22461E+00
    4  T  3  3 1  -5.31610E+00
    5  T  1  4 0  -4.50282E+00
    6  T  6  3 0: -3.78069E+00
    7  T  5  3 2: -3.36531E+00
    8  T  2  4 1: -2.87816E+00
    9  T  1  5 0: -2.81338E+00
   10  T  1  6 0  -1.94603E+00
   11  T  3  4 1  -1.76644E+00
   12  T  1  7 0  -1.39939E+00
   13  T  2  5 1  -1.35036E+00
   14  T  1  8 0  -1.06052E+00
   15  T  1  9 0  -8.33132E-01
   16  T  1 10 0  -6.71653E-01
    4    0    0    8
    2  1.277440E+00
    1  T  2  3 1  -6.57498E+00
    2  T  2  4 1  -3.00700E+00
    3  T  2  5 1  -1.42315E+00
    4  T  2  6 1  -5.80428E-01
    5  T  2  7 1  -7.84506E-02
    6  T  2  8 1   2.44263E-01
    7  T  2  9 1   4.64090E-01
    8  T  2 10 1   6.20556E-01
    2    1    0   20
    2  1.277440E+00
    1  C  1  0 0  -1.66025E+01
    2  T  2  3 1  -6.71362E+00
    3  T  3  3 1  -5.41162E+00
    4  T  4  3 0  -4.77167E+00
    5  T  4  3 2  -4.05938E+00
    6  T  5  3 2  -3.45575E+00
    7  T  2  4 1  -3.02995E+00
    8  T  3  4 1  -1.81066E+00
    9  T  2  5 1  -1.45477E+00
   10  T  4  4 0  -1.10602E+00
   11  T  4  4 2  -7.91179E-01
   12  T  2  6 1  -5.83060E-01
   13  T  5  4 2  -3.85072E-01
   14  T  3  5 1  -2.15879E-01
   15  T  2  7 1  -8.25461E-02
   16  T  2  8 1   2.39392E-01
   17  T  2  9 1   4.56505E-01
   18  T  4  5 0   5.31125E-01
   19  T  3  6 1   6.10455E-01
   20  T  2 10 1   6.27861E-01
    4    1    0   14
    2  1.277440E+00
    1  C  1  0 0  -1.83456E+01
    2  T  2  3 1  -6.48694E+00
    3  T  4  3 0  -5.04803E+00
    4  T  4  3 2  -3.93925E+00
    5  T  2  4 1  -2.98375E+00
    6  T  2  5 1  -1.41663E+00
    7  T  4  4 0  -1.18438E+00
    8  T  4  4 2  -7.56655E-01
    9  T  2  6 1  -5.73703E-01
   10  T  2  7 1  -7.57303E-02
   11  T  2  8 1   2.45842E-01
   12  T  2  9 1   4.64532E-01
   13  T  4  5 0   5.03443E-01
   14  T  2 10 1   6.21241E-01
    2    2    0   23
    1  0.000000E+00
    1  C  1  0 0  -1.74129E+01
    2  T  1  3 2  -7.35989E+00
    3  T  2  3 1  -6.41126E+00
    4  T  3  3 1  -5.42317E+00
    5  T  5  3 0  -4.62064E+00
    6  T  1  4 2  -4.10374E+00
    7  T  4  3 2  -3.73725E+00
    8  T  5  3 2  -3.58388E+00
    9  T  2  4 1  -2.93611E+00
   10  T  6  3 2  -2.79860E+00
   11  T  2  4 3  -2.68025E+00
   12  T  1  5 2  -2.61050E+00
   13  T  3  4 1  -1.82963E+00
   14  T  1  6 2  -1.80671E+00
   15  T  3  4 3  -1.50081E+00
   16  T  2  5 1  -1.39529E+00
   17  T  1  7 2  -1.32527E+00
   18  T  2  5 3  -1.27176E+00
   19  T  1  8 2  -1.01271E+00
   20  T  5  4 0  -8.28777E-01
   21  T  1  9 2  -7.99099E-01
   22  T  4  4 2  -6.71722E-01
   23  T  1 10 2  -6.46493E-01
    4    2    0   17
    2  1.277440E+00
    1  T  2  3 1  -6.68457E+00
    2  T  4  3 2  -4.06825E+00
    3  T  2  4 1  -3.04051E+00
    4  T  2  4 3  -2.70435E+00
    5  T  2  5 1  -1.44219E+00
    6  T  2  5 3  -1.27921E+00
    7  T  4  4 2  -8.01457E-01
    8  T  2  6 1  -5.86945E-01
    9  T  2  6 3  -4.97298E-01
   10  T  2  7 1  -8.40198E-02
   11  T  2  7 3  -2.77074E-02
   12  T  2  8 1   2.40389E-01
   13  T  2  8 3   2.77770E-01
   14  T  2  9 1   4.61193E-01
   15  T  2  9 3   4.87345E-01
   16  T  2 10 1   6.17854E-01
   17  T  2 10 3   6.37042E-01
    2    3    0   13
    2  1.277440E+00
    1  T  4  3 2  -4.03384E+00
    2  T  5  3 2  -3.60810E+00
    3  T  2  4 3  -2.72365E+00
    4  T  3  4 3  -1.55667E+00
    5  T  2  5 3  -1.29637E+00
    6  T  4  4 2  -7.51486E-01
    7  T  2  6 3  -5.04858E-01
    8  T  5  4 2  -4.38693E-01
    9  T  3  5 3  -1.03957E-01
   10  T  2  7 3  -3.12301E-02
   11  T  2  8 3   2.74789E-01
   12  T  2  9 3   4.84798E-01
   13  T  2 10 3   6.34353E-01
    4    3    0    9
    2  1.277440E+00
    1  T  4  3 2  -4.17542E+00
    2  T  2  4 3  -2.74160E+00
    3  T  2  5 3  -1.29852E+00
    4  T  4  4 2  -8.33745E-01
    5  T  2  6 3  -5.07089E-01
    6  T  2  7 3  -3.39224E-02
    7  T  2  8 3   2.73668E-01
    8  T  2  9 3   4.84408E-01
    9  T  2 10 3   6.34392E-01
    2    4    0   10
    1  0.000000E+00
    1  T  5  3 2  -3.72919E+00
    2  T  2  4 3  -2.71785E+00
    3  T  1  5 4  -2.56559E+00
    4  T  1  6 4  -1.78739E+00
    5  T  3  4 3  -1.52451E+00
    6  T  1  7 4  -1.30157E+00
    7  T  2  5 3  -1.28082E+00
    8  T  1  8 4  -9.99355E-01
    9  T  1  9 4  -7.90134E-01
   10  T  1 10 4  -6.40221E-01
    4    4    0   12
    2  1.277440E+00
    1  T  2  4 3  -2.73150E+00
    2  T  2  5 3  -1.28959E+00
    3  T  2  6 3  -5.05103E-01
    4  T  2  6 5  -4.99628E-01
    5  T  2  7 3  -3.19710E-02
    6  T  2  7 5  -2.84749E-02
    7  T  2  8 3   2.75094E-01
    8  T  2  8 5   2.77461E-01
    9  T  2  9 3   4.85609E-01
   10  T  2  9 5   4.87143E-01
   11  T  2 10 3   6.36163E-01
   12  T  2 10 5   6.36945E-01
    2    0    1    8
    4  3.308672E+00
    1  T  4  3 1  -4.68867E+00
    2  T  4  4 1  -1.03041E+00
    3  T  4  5 1   5.82249E-01
    4  T  4  6 1   1.43696E+00
    5  T  4  7 1   1.94418E+00
    6  T  4  8 1   2.27000E+00
    7  T  4  9 1   2.49159E+00
    8  T  4 10 1   2.64913E+00
    4    0    1    9
    4  3.308672E+00
    1  C  2  0 0  -1.57903E+01
    2  T  4  3 1  -4.31430E+00
    3  T  4  4 1  -9.08698E-01
    4  T  4  5 1   6.37805E-01
    5  T  4  6 1   1.46720E+00
    6  T  4  7 1   1.96242E+00
    7  T  4  8 1   2.28187E+00
    8  T  4  9 1   2.49978E+00
    9  T  4 10 1   2.65501E+00
    2    1    1   24
    1  0.000000E+00
    1  T  1  2 1  -1.94929E+01
    2  C  2  0 0  -1.47563E+01
    3  T  1  3 1  -7.90519E+00
    4  T  2  3 0  -6.93645E+00
    5  T  3  3 0  -5.97631E+00
    6  T  2  3 2  -5.75292E+00
    7  T  3  3 2  -4.80166E+00
    8  T  4  3 1  -4.33352E+00
    9  T  1  4 1  -4.27646E+00
   10  T  5  3 1  -3.86570E+00
   11  T  6  3 1  -3.22163E+00
   12  T  2  4 0  -3.15589E+00
   13  T  2  4 2: -2.70878E+00
   14  T  1  5 1: -2.70335E+00
   15  T  3  4 0  -2.04126E+00
   16  T  1  6 1  -1.86307E+00
   17  T  3  4 2  -1.59635E+00
   18  T  2  5 0  -1.51176E+00
   19  T  1  7 1  -1.35417E+00
   20  T  2  5 2  -1.27841E+00
   21  T  1  8 1  -1.03383E+00
   22  T  4  4 1  -8.74138E-01
   23  T  1  9 1  -8.14113E-01
   24  T  1 10 1  -6.58441E-01
    4    1    1   19
    2  1.277440E+00
    1  T  2  3 0  -7.21368E+00
    2  T  2  3 2  -6.03591E+00
    3  T  4  3 1  -4.51993E+00
    4  T  2  4 0  -3.25387E+00
    5  T  2  4 2  -2.81034E+00
    6  T  2  5 0  -1.55006E+00
    7  T  2  5 2  -1.32809E+00
    8  T  4  4 1  -9.70618E-01
    9  T  2  6 0  -6.47408E-01
   10  T  2  6 2  -5.26749E-01
   11  T  2  7 0  -1.21572E-01
   12  T  2  7 2  -4.52903E-02
   13  T  2  8 0   2.15331E-01
   14  T  2  8 2   2.66231E-01
   15  T  2  9 0   4.43386E-01
   16  T  2  9 2   4.79391E-01
   17  T  2 10 0   5.97754E-01
   18  T  4  5 1   6.18793E-01
   19  T  2 10 2   6.31772E-01
    2    2    1   18
    2  1.277440E+00
    1  C  2  0 0  -1.53078E+01
    2  T  2  3 2  -6.08554E+00
    3  T  3  3 2  -4.88727E+00
    4  T  4  3 1  -4.45658E+00
    5  T  5  3 1  -3.99286E+00
    6  T  2  4 2  -2.81952E+00
    7  T  3  4 2  -1.63812E+00
    8  T  2  5 2  -1.32876E+00
    9  T  4  4 1  -9.21384E-01
   10  T  4  4 3  -7.07368E-01
   11  T  5  4 1  -6.00757E-01
   12  T  2  6 2  -5.29165E-01
   13  T  5  4 3  -3.39081E-01
   14  T  3  5 2  -1.44555E-01
   15  T  2  7 2  -4.47519E-02
   16  T  2  8 2   2.65563E-01
   17  T  2  9 2   4.78710E-01
   18  T  2 10 2   6.29953E-01
    4    2    1   12
    2  1.277440E+00
    1  T  2  3 2  -6.10346E+00
    2  T  4  3 1  -4.58651E+00
    3  T  2  4 2  -2.82941E+00
    4  T  2  5 2  -1.33710E+00
    5  T  4  4 1  -9.95490E-01
    6  T  4  4 3  -7.09437E-01
    7  T  2  6 2  -5.30872E-01
    8  T  2  7 2  -4.79637E-02
    9  T  2  8 2   2.64539E-01
   10  T  2  9 2   4.78209E-01
   11  T  4  5 1   5.98045E-01
   12  T  2 10 2   6.31106E-01
    2    3    1   15
    1  0.000000E+00
    1  T  2  3 2  -5.82667E+00
    2  T  3  3 2  -4.98423E+00
    3  T  5  3 1  -4.15850E+00
    4  T  1  4 3  -3.98405E+00
    5  T  2  4 2  -2.73050E+00
    6  T  1  5 3  -2.56314E+00
    7  T  1  6 3  -1.78866E+00
    8  T  3  4 2  -1.64613E+00
    9  T  1  7 3  -1.30915E+00
   10  T  2  5 2  -1.28479E+00
   11  T  2  5 4  -1.28317E+00
   12  T  1  8 3  -1.00083E+00
   13  T  1  9 3  -7.91033E-01
   14  T  4  4 3  -6.72496E-01
   15  T  1 10 3  -6.40839E-01
    4    3    1   15
    2  1.277440E+00
    1  T  2  3 2  -6.22355E+00
    2  T  2  4 2  -2.87449E+00
    3  T  2  5 2  -1.35788E+00
    4  T  2  5 4  -1.28339E+00
    5  T  4  4 3  -6.83848E-01
    6  T  2  6 2  -5.42873E-01
    7  T  2  6 4  -4.90667E-01
    8  T  2  7 2  -5.52659E-02
    9  T  2  7 4  -2.65790E-02
   10  T  2  8 2   2.59703E-01
   11  T  2  8 4   2.78282E-01
   12  T  2  9 2   4.74887E-01
   13  T  2  9 4   4.87525E-01
   14  T  2 10 2   6.28378E-01
   15  T  2 10 4   6.36961E-01
    2    4    1    9
    2  1.277440E+00
    1  T  2  5 4  -1.29627E+00
    2  T  4  4 3  -7.09432E-01
    3  T  2  6 4  -4.94956E-01
    4  T  5  4 3  -3.89930E-01
    5  T  3  5 4  -8.96329E-02
    6  T  2  7 4  -2.99450E-02
    7  T  2  8 4   2.75811E-01
    8  T  2  9 4   4.85567E-01
    9  T  2 10 4   6.35128E-01
    4    4    1    7
    2  1.277440E+00
    1  T  2  5 4  -1.29625E+00
    2  T  4  4 3  -7.17274E-01
    3  T  2  6 4  -4.95668E-01
    4  T  2  7 4  -3.00468E-02
    5  T  2  8 4   2.75780E-01
    6  T  2  9 4   4.85567E-01
    7  T  2 10 4   6.35124E-01
    0    0    0    0
