   12    9    E
    2    0    0   13
    2  3.194240E-01
    1  C  2  0 0  -5.19537E+00
    2  T  3  3 0  -2.31802E+00
    3  T  2  3 2  -1.53808E+00
    4  T  3  4 0  -7.62677E-01
    5  T  2  4 2  -7.09577E-01
    6  T  2  5 2  -3.40903E-01
    7  T  3  5 0  -1.60839E-01
    8  T  2  6 2  -1.35438E-01
    9  T  2  7 2  -1.49405E-02
   10  T  2  8 2   6.38802E-02
   11  T  2  9 2   1.17591E-01
   12  T  3  6 0   1.32172E-01
   13  T  2 10 2   1.56536E-01
    2    1    0   19
    1  0.000000E+00
    1  T  1  3 0  -2.95895E+00
    2  T  1  3 2  -1.81325E+00
    3  T  2  3 2  -1.54083E+00
    4  T  1  4 0  -1.43390E+00
    5  T  1  4 2  -1.01952E+00
    6  T  1  5 0  -8.47923E-01
    7  T  2  4 2  -7.23340E-01
    8  T  1  5 2  -6.48243E-01
    9  T  1  6 0  -5.59948E-01
   10  T  1  6 2  -4.51452E-01
   11  T  1  7 0  -3.97268E-01
   12  T  2  5 2  -3.44799E-01
   13  T  1  7 2  -3.27878E-01
   14  T  1  8 0  -2.96432E-01
   15  T  1  8 2  -2.52793E-01
   16  T  1  9 0  -2.29643E-01
   17  T  1  9 2  -1.99729E-01
   18  T  1 10 0  -1.83128E-01
   19  T  1 10 2  -1.61876E-01
    2    2    0   18
    1  0.000000E+00
    1  T  2  3 0  -2.69900E+00
    2  T  1  3 2  -1.82629E+00
    3  T  2  3 2  -1.52388E+00
    4  T  3  3 2  -1.16293E+00
    5  T  2  4 0  -1.12947E+00
    6  T  1  4 2  -1.01883E+00
    7  T  2  4 2  -7.17316E-01
    8  T  1  5 2  -6.48891E-01
    9  T  2  5 0  -5.36789E-01
   10  T  1  6 2  -4.51326E-01
   11  T  3  4 2  -3.50722E-01
   12  T  2  5 2  -3.35201E-01
   13  T  1  7 2  -3.28268E-01
   14  T  2  5 4  -3.20879E-01
   15  T  1  8 2  -2.52618E-01
   16  T  2  6 0  -2.44863E-01
   17  T  1  9 2  -1.99561E-01
   18  T  1 10 2  -1.61661E-01
    2    3    0   11
    1  0.000000E+00
    1  T  1  3 2  -1.84611E+00
    2  T  2  3 2  -1.51542E+00
    3  T  1  4 2  -1.03591E+00
    4  T  2  4 2  -7.14469E-01
    5  T  1  5 2  -6.59349E-01
    6  T  1  6 2  -4.56040E-01
    7  T  2  5 2  -3.39557E-01
    8  T  1  7 2  -3.33620E-01
    9  T  1  8 2  -2.54993E-01
   10  T  1  9 2  -2.01066E-01
   11  T  1 10 2  -1.62597E-01
    2    4    0    4
    1  0.000000E+00
    1  T  2  3 2  -1.56455E+00
    2  T  2  4 2  -7.31363E-01
    3  T  2  5 2  -3.47565E-01
    4  T  2  5 4  -3.20436E-01
    2    0    1    8
    1  0.000000E+00
    1  T  1  3 1  -2.44296E+00
    2  T  1  4 1  -1.25273E+00
    3  T  1  5 1  -7.62955E-01
    4  T  1  6 1  -5.13492E-01
    5  T  1  7 1  -3.69155E-01
    6  T  1  8 1  -2.78151E-01
    7  T  1  9 1  -2.17092E-01
    8  T  1 10 1  -1.74142E-01
    2    1    1   18
    1  0.000000E+00
    1  C  1  0 0  -8.02069E+00
    2  T  1  3 1  -2.43202E+00
    3  T  2  3 1  -2.07940E+00
    4  T  3  3 1  -1.78905E+00
    5  T  1  4 1  -1.21459E+00
    6  T  2  4 1  -9.41487E-01
    7  T  1  5 1  -7.39218E-01
    8  T  2  4 3  -6.87126E-01
    9  T  3  4 1  -5.72066E-01
   10  T  1  6 1  -5.06248E-01
   11  T  2  5 1  -4.52241E-01
   12  T  1  7 1  -3.63312E-01
   13  T  2  5 3  -3.24660E-01
   14  T  4  3 0  -3.08498E-01
   15  T  1  8 1  -2.73253E-01
   16  T  1  9 1  -2.16577E-01
   17  T  2  6 1  -1.89458E-01
   18  T  1 10 1  -1.69418E-01
    2    2    1   20
    1  0.000000E+00
    1  T  1  3 1  -2.47168E+00
    2  T  2  3 1  -2.13964E+00
    3  T  1  4 1  -1.25910E+00
    4  T  1  4 3  -9.98606E-01
    5  T  2  4 1  -9.38007E-01
    6  T  1  5 1  -7.65810E-01
    7  T  2  4 3  -6.83158E-01
    8  T  1  5 3  -6.39342E-01
    9  T  1  6 1  -5.15133E-01
   10  T  2  5 1  -4.45691E-01
   11  T  1  6 3  -4.44127E-01
   12  T  1  7 1  -3.70109E-01
   13  T  1  7 3  -3.26395E-01
   14  T  2  5 3  -3.22360E-01
   15  T  1  8 1  -2.78790E-01
   16  T  1  8 3  -2.49917E-01
   17  T  1  9 1  -2.17553E-01
   18  T  1  9 3  -1.97486E-01
   19  T  2  6 1  -1.95248E-01
   20  T  1 10 1  -1.74441E-01
    2    3    1   14
    1  0.000000E+00
    1  T  2  3 1  -2.20036E+00
    2  T  1  4 3  -1.00393E+00
    3  T  2  4 1  -9.55170E-01
    4  T  2  4 3  -6.79704E-01
    5  T  1  5 3  -6.42499E-01
    6  T  2  5 1  -4.53705E-01
    7  T  1  6 3  -4.46011E-01
    8  T  1  7 3  -3.27601E-01
    9  T  2  5 3  -3.20936E-01
   10  T  3  4 3  -3.04208E-01
   11  T  1  8 3  -2.50740E-01
   12  T  2  6 1  -1.99639E-01
   13  T  1  9 3  -1.98033E-01
   14  T  1 10 3  -1.60395E-01
    2    4    1    9
    1  0.000000E+00
    1  T  1  4 3  -1.00005E+00
    2  T  2  4 3  -6.78770E-01
    3  T  1  5 3  -6.40184E-01
    4  T  1  6 3  -4.44667E-01
    5  T  1  7 3  -3.26715E-01
    6  T  2  5 3  -3.19667E-01
    7  T  1  8 3  -2.50143E-01
    8  T  1  9 3  -1.97640E-01
    9  T  1 10 3  -1.60085E-01
    2    5    1    2
    1  0.000000E+00
    1  T  2  4 3  -6.83845E-01
    2  T  2  5 3  -3.22719E-01
    4    0    0    8
    4  2.580336E+00
    1  T  4  3 1  -5.58012E-03
    2  T  4  4 1   1.28678E+00
    3  T  4  5 1   1.79861E+00
    4  T  4  6 1   2.05664E+00
    5  T  4  7 1   2.20502E+00
    6  T  4  8 1   2.29818E+00
    7  T  4  9 1   2.36049E+00
    8  T  4 10 1   2.40423E+00
    4    1    0   16
    1  0.000000E+00
    1  T  1  3 0  -3.04859E+00
    2  T  1  3 2  -1.84337E+00
    3  T  1  4 0  -1.46189E+00
    4  T  1  4 2  -1.03738E+00
    5  T  1  5 0  -8.60512E-01
    6  T  1  5 2  -6.60542E-01
    7  T  1  6 0  -5.66748E-01
    8  T  1  6 2  -4.56699E-01
    9  T  1  7 0  -4.01381E-01
   10  T  1  7 2  -3.34378E-01
   11  T  1  8 0  -2.99128E-01
   12  T  1  8 2  -2.55312E-01
   13  T  1  9 0  -2.31510E-01
   14  T  1  9 2  -2.01288E-01
   15  T  1 10 0  -1.84477E-01
   16  T  1 10 2  -1.62753E-01
    4    2    0    8
    1  0.000000E+00
    1  T  1  3 2  -1.91358E+00
    2  T  1  4 2  -1.06259E+00
    3  T  1  5 2  -6.72922E-01
    4  T  1  6 2  -4.63723E-01
    5  T  1  7 2  -3.38748E-01
    6  T  1  8 2  -2.58216E-01
    7  T  1  9 2  -2.03316E-01
    8  T  1 10 2  -1.64225E-01
    4    3    0    8
    1  0.000000E+00
    1  T  1  3 2  -1.86600E+00
    2  T  1  4 2  -1.04551E+00
    3  T  1  5 2  -6.64531E-01
    4  T  1  6 2  -4.58955E-01
    5  T  1  7 2  -3.35775E-01
    6  T  1  8 2  -2.56236E-01
    7  T  1  9 2  -2.01929E-01
    8  T  1 10 2  -1.63216E-01
    4    0    1    8
    1  0.000000E+00
    1  T  1  3 1  -2.43902E+00
    2  T  1  4 1  -1.25132E+00
    3  T  1  5 1  -7.62290E-01
    4  T  1  6 1  -5.13126E-01
    5  T  1  7 1  -3.68932E-01
    6  T  1  8 1  -2.78005E-01
    7  T  1  9 1  -2.16992E-01
    8  T  1 10 1  -1.74070E-01
    4    1    1    9
    1  0.000000E+00
    1  T  1  3 1  -2.57647E+00
    2  T  1  4 1  -1.29498E+00
    3  T  1  5 1  -7.85145E-01
    4  T  1  6 1  -5.31551E-01
    5  T  4  3 0  -4.33744E-01
    6  T  1  7 1  -3.67697E-01
    7  T  1  8 1  -2.79967E-01
    8  T  1  9 1  -2.18755E-01
    9  T  1 10 1  -1.75460E-01
    4    2    1   15
    1  0.000000E+00
    1  T  1  3 1  -2.51405E+00
    2  T  1  4 1  -1.27383E+00
    3  T  1  4 3  -9.99116E-01
    4  T  1  5 1  -7.72747E-01
    5  T  1  5 3  -6.39764E-01
    6  T  1  6 1  -5.18856E-01
    7  T  1  6 3  -4.44441E-01
    8  T  1  7 1  -3.72411E-01
    9  T  1  7 3  -3.26591E-01
   10  T  1  8 1  -2.80276E-01
   11  T  1  8 3  -2.50071E-01
   12  T  1  9 1  -2.18555E-01
   13  T  1  9 3  -1.97597E-01
   14  T  1 10 1  -1.75191E-01
   15  T  1 10 3  -1.60057E-01
    4    3    1    7
    1  0.000000E+00
    1  T  1  4 3  -1.00504E+00
    2  T  1  5 3  -6.43407E-01
    3  T  1  6 3  -4.46683E-01
    4  T  1  7 3  -3.28048E-01
    5  T  1  8 3  -2.51066E-01
    6  T  1  9 3  -1.98304E-01
    7  T  1 10 3  -1.60577E-01
    4    4    1    7
    1  0.000000E+00
    1  T  1  4 3  -1.00030E+00
    2  T  1  5 3  -6.40381E-01
    3  T  1  6 3  -4.44790E-01
    4  T  1  7 3  -3.26799E-01
    5  T  1  8 3  -2.50203E-01
    6  T  1  9 3  -1.97684E-01
    7  T  1 10 3  -1.60117E-01
    0    0    0    0
