   13    2    E               
    1    0    0   10          
    1  0.000000E+00           
    1  C  1  0 0  -1.53023E+02
    2  T  1  2 0  -3.64412E+01
    3  T  1  3 0  -1.61369E+01
    4  T  1  4 0  -9.05858E+00
    5  T  1  5 0  -5.79020E+00
    6  T  1  6 0  -4.01753E+00
    7  T  1  7 0  -2.94983E+00
    8  T  1  8 0  -2.25741E+00
    9  T  1  9 0  -1.78298E+00
   10  T  1 10 0  -1.44380E+00
    3    0    0    9          
    1  0.000000E+00           
    1  T  1  2 0  -3.74592E+01
    2  T  1  3 0  -1.64060E+01
    3  T  1  4 0  -9.16758E+00
    4  T  1  5 0  -5.84489E+00
    5  T  1  6 0  -4.04884E+00
    6  T  1  7 0  -2.96942E+00
    7  T  1  8 0  -2.27048E+00
    8  T  1  9 0  -1.79214E+00
    9  T  1 10 0  -1.45045E+00
    1    2    0    8          
    1  0.000000E+00           
    1  T  1  3 2  -1.59988E+01
    2  T  1  4 2  -8.99932E+00
    3  T  1  5 2  -5.75973E+00
    4  T  1  6 2  -3.99979E+00
    5  T  1  7 2  -2.93862E+00
    6  T  1  8 2  -2.24989E+00
    7  T  1  9 2  -1.77770E+00
    8  T  1 10 2  -1.43994E+00
    3    2    0    8          
    1  0.000000E+00           
    1  T  1  3 2  -1.60069E+01
    2  T  1  4 2  -9.00370E+00
    3  T  1  5 2  -5.76219E+00
    4  T  1  6 2  -4.00128E+00
    5  T  1  7 2  -2.93958E+00
    6  T  1  8 2  -2.25054E+00
    7  T  1  9 2  -1.77816E+00
    8  T  1 10 2  -1.44028E+00
    1    1    1    9          
    1  0.000000E+00           
    1  T  1  2 1  -3.58004E+01
    2  T  1  3 1  -1.59510E+01
    3  T  1  4 1  -8.98078E+00
    4  T  1  5 1  -5.75062E+00
    5  T  1  6 1  -3.99467E+00
    6  T  1  7 1  -2.93545E+00
    7  T  1  8 1  -2.24778E+00
    8  T  1  9 1  -1.77622E+00
    9  T  1 10 1  -1.43887E+00
    3    1    1    9          
    1  0.000000E+00           
    1  T  1  2 1  -3.65287E+01
    2  T  1  3 1  -1.61501E+01
    3  T  1  4 1  -9.06242E+00
    4  T  1  5 1  -5.79187E+00
    5  T  1  6 1  -4.01837E+00
    6  T  1  7 1  -2.95030E+00
    7  T  1  8 1  -2.25770E+00
    8  T  1  9 1  -1.78318E+00
    9  T  1 10 1  -1.44393E+00
    0    0    0    0          
