   13    3    E               
    2    0    0    9          
    1  0.000000E+00           
    1  T  1  2 0  -3.24085E+01
    2  T  1  3 0  -1.40485E+01
    3  T  1  4 0  -7.81220E+00
    4  T  1  5 0  -4.96655E+00
    5  T  1  6 0  -3.43389E+00
    6  T  1  7 0  -2.51503E+00
    7  T  1  8 0  -1.92111E+00
    8  T  1  9 0  -1.51520E+00
    9  T  1 10 0  -1.22555E+00
    2    1    1    9          
    1  0.000000E+00           
    1  T  1  2 1  -3.08169E+01
    2  T  1  3 1  -1.36109E+01
    3  T  1  4 1  -7.63272E+00
    4  T  1  5 1  -4.87588E+00
    5  T  1  6 1  -3.38184E+00
    6  T  1  7 1  -2.48242E+00
    7  T  1  8 1  -1.89935E+00
    8  T  1  9 1  -1.49995E+00
    9  T  1 10 1  -1.21446E+00
    2    2    0    8          
    1  0.000000E+00           
    1  T  1  3 2  -1.34517E+01
    2  T  1  4 2  -7.56630E+00
    3  T  1  5 2  -4.84210E+00
    4  T  1  6 2  -3.36238E+00
    5  T  1  7 2  -2.47021E+00
    6  T  1  8 2  -1.89118E+00
    7  T  1  9 2  -1.49422E+00
    8  T  1 10 2  -1.21029E+00
    0    0    0    0          
