   13    8    E                            
    1    0    0   12                       
    3  8.640359E-01                        
    1  C  1  0 0  -1.31666E+01             
    2  C  3  0 0  -7.11245E+00             
    3  T  3  3 1  -3.72848E+00             
    4  T  3  4 1  -1.63084E+00             
    5  T  6  3 0  -1.40057E+00             
    6  T  3  5 1  -6.92035E-01             
    7  T  5  3 2  -5.59447E-01             
    8  T  3  6 1  -2.03352E-01             
    9  T  3  7 1   8.65260E-02             
   10  T  3  8 1   2.72746E-01             
   11  T  3  9 1   3.99337E-01             
   12  T  3 10 1   4.89262E-01             
    1    1    0   22                       
    2  5.682600E-01                        
    1  T  2  3 1  -4.57549E+00             
    2  T  3  3 1  -4.15822E+00             
    3  T  2  4 1  -2.10740E+00             
    4  T  3  4 1  -1.78839E+00             
    5  T  2  4 3  -1.69183E+00             
    6  T  7  3 0  -1.26774E+00             
    7  T  2  5 1  -1.05878E+00             
    8  T  2  5 3  -8.84387E-01             
    9  T  3  5 1  -7.73406E-01             
   10  T  5  3 2  -6.16950E-01             
   11  T  2  6 1  -5.44644E-01             
   12  T  2  6 3  -4.35355E-01             
   13  T  3  6 1  -2.52298E-01             
   14  T  2  7 1  -2.34567E-01             
   15  T  2  7 3  -1.71796E-01             
   16  T  2  8 1  -4.19594E-02             
   17  T  2  8 3  -6.95552E-06             
   18  T  3  7 1   5.81947E-02             
   19  T  2  9 1   9.09507E-02             
   20  T  2  9 3   1.17531E-01             
   21  T  2 10 1   1.84068E-01             
   22  T  2 10 3   1.99869E-01             
    1    2    0   28                       
    2  5.682600E-01                        
    1  C  1  0 0  -1.36029E+01             
    2  T  2  3 1  -4.20174E+00             
    3  T  3  3 1  -3.99053E+00             
    4  T  5  3 0  -2.05972E+00 :WAS T 4 3 0
    5  T  2  4 1  -1.92898E+00             
    6  T  3  4 1  -1.72291E+00             
    7  T  2  4 3  -1.68873E+00             
    8  T  3  4 3  -1.39129E+00             
    9  T  2  5 1  -1.00867E+00             
   10  T  2  5 3  -8.83357E-01             
   11  T  3  5 1  -7.51972E-01             
   12  T  5  3 2  -5.98360E-01 :WAS T 4 3 2
   13  T  3  5 3  -5.80576E-01             
   14  T  2  6 1  -5.08986E-01             
   15  T  2  6 3  -4.30600E-01             
   16  T  3  6 1  -2.39899E-01             
   17  T  2  7 1  -2.13913E-01             
   18  T  2  7 3  -1.71002E-01             
   19  T  3  6 3  -1.45728E-01             
   20  T  2  8 1  -2.77712E-02             
   21  T  2  8 3  -9.94845E-05             
   22  T  6  3 2   1.18388E-02             
   23  T  3  7 1   6.58479E-02             
   24  T  2  9 1   1.00598E-01             
   25  T  2  9 3   1.19480E-01             
   26  T  3  7 3   1.34822E-01             
   27  T  2 10 1   1.90997E-01             
   28  T  2 10 3   2.02173E-01             
    1    3    0   20                       
    2  5.682600E-01                        
    1  T  2  3 1  -4.46897E+00             
    2  T  2  4 1  -2.07345E+00             
    3  T  2  4 3  -1.68796E+00             
    4  T  3  4 3  -1.39258E+00             
    5  T  2  5 1  -1.06849E+00             
    6  T  2  5 3  -8.79440E-01             
    7  T  5  3 2  -5.95033E-01             
    8  T  3  5 3  -5.70197E-01             
    9  T  2  6 1  -5.39478E-01             
   10  T  2  6 3  -4.29581E-01             
   11  T  2  7 1  -2.36296E-01             
   12  T  2  7 3  -1.69151E-01             
   13  T  3  6 3  -1.41056E-01             
   14  T  2  8 1  -4.09813E-02             
   15  T  2  8 3   3.01900E-03             
   16  T  2  9 1   8.96936E-02             
   17  T  3  7 3   1.10678E-01             
   18  T  2  9 3   1.26291E-01             
   19  T  7  3 2:  1.78483E-01             
   20  T  2 10 1:  1.90880E-01             
    1    4    0   12                       
    2  5.682600E-01                        
    1  T  2  4 3  -1.68701E+00             
    2  T  3  4 3  -1.39028E+00             
    3  T  2  5 3  -8.79959E-01             
    4  T  5  3 2  -6.70975E-01             
    5  T  3  5 3  -5.74481E-01             
    6  T  2  6 3  -4.29761E-01             
    7  T  2  7 3  -1.66442E-01             
    8  T  3  6 3  -1.37261E-01             
    9  T  2  8 3   5.65949E-03             
   10  T  2  9 3   1.23504E-01             
   11  T  3  7 3   1.28490E-01             
   12  T  2 10 3   2.08149E-01             
    1    5    0    7                       
    2  5.682600E-01                        
    1  T  2  4 3  -1.68738E+00             
    2  T  2  5 3  -8.75898E-01             
    3  T  2  6 3  -4.34531E-01             
    4  T  2  7 3  -1.68316E-01             
    5  T  2  8 3   4.45727E-03             
    6  T  2  9 3   1.22878E-01             
    7  T  2 10 3   2.07575E-01             
    1    0    1    9                       
    2  5.682600E-01                        
    1  T  2  3 2  -3.72064E+00             
    2  T  2  4 2  -1.80990E+00             
    3  T  2  5 2  -9.38542E-01             
    4  T  7  3 1  -5.68861E-01             
    5  T  2  6 2  -4.71002E-01             
    6  T  2  7 2  -1.91386E-01             
    7  T  2  8 2  -1.10368E-02             
    8  T  2  9 2   1.11989E-01             
    9  T  2 10 2   1.99629E-01             
    1    1    1   22                       
    2  5.682600E-01                        
    1  C  2  0 0  -9.86249E+00             
    2  T  3  3 0  -4.79232E+00             
    3  T  2  3 2  -3.62520E+00             
    4  T  3  3 2  -3.15434E+00             
    5  T  3  4 0  -2.01839E+00             
    6  T  2  4 2  -1.77259E+00             
    7  T  5  3 1  -1.48892E+00             
    8  T  3  4 2  -1.40634E+00             
    9  T  2  5 2  -9.20599E-01             
   10  T  3  5 0  -8.85812E-01             
   11  T  6  3 1  -8.26405E-01             
   12  T  3  5 2  -5.86116E-01             
   13  T  2  6 2  -4.58694E-01             
   14  T  7  3 1  -3.53800E-01             
   15  T  3  6 0  -2.91366E-01             
   16  T  2  7 2  -1.84627E-01             
   17  T  3  6 2  -1.42760E-01             
   18  T  2  8 2  -6.48147E-03             
   19  T  3  7 0   2.23710E-02             
   20  T  2  9 2   1.14089E-01             
   21  T  3  7 2   1.25178E-01             
   22  T  2 10 2   2.01996E-01             
    1    2    1   23                       
    2  5.682600E-01                        
    1  T  2  3 0  -5.09436E+00             
    2  T  2  3 2  -3.56980E+00             
    3  T  3  3 2  -3.31109E+00             
    4  T  2  4 0  -2.31469E+00             
    5  T  2  4 2  -1.73120E+00             
    6  T  3  4 2  -1.48878E+00             
    7  T  5  3 1  -1.38056E+00             
    8  T  2  5 0  -1.18604E+00             
    9  T  2  5 2  -8.95183E-01             
   10  T  7  3 1  -6.44224E-01             
   11  T  3  5 2  -6.29143E-01             
   12  T  2  6 0  -5.80644E-01             
   13  T  2  6 2  -4.44956E-01             
   14  T  2  7 0  -2.74039E-01             
   15  T  2  7 2  -1.81601E-01             
   16  T  3  6 2  -1.62901E-01             
   17  T  2  8 0  -6.57364E-02             
   18  T  2  8 2  -7.77618E-04             
   19  T  2  9 0   7.38975E-02             
   20  T  3  7 2   1.06836E-01             
   21  T  2  9 2   1.20858E-01             
   22  T  2 10 0   1.72212E-01             
   23  T  2 10 2   2.04833E-01             
    1    3    1   14                       
    2  5.682600E-01                        
    1  T  2  3 2  -3.49007E+00             
    2  T  3  3 2  -3.26970E+00             
    3  T  2  4 2  -1.71750E+00             
    4  T  5  3 1  -1.48614E+00             
    5  T  3  4 2  -1.43407E+00             
    6  T  2  5 2  -8.88361E-01             
    7  T  3  5 2  -6.11503E-01             
    8  T  2  6 2  -4.42436E-01             
    9  T  2  7 2  -1.74763E-01             
   10  T  3  6 2  -1.56613E-01             
   11  T  2  8 2   6.12396E-04             
   12  T  3  7 2   1.14449E-01             
   13  T  2  9 2   1.20960E-01             
   14  T  2 10 2   2.05506E-01             
    1    4    1    8                       
    2  5.682600E-01                        
    1  T  2  3 2  -3.66224E+00             
    2  T  2  4 2  -1.78723E+00             
    3  T  2  5 2  -9.27536E-01             
    4  T  2  6 2  -4.64843E-01             
    5  T  2  7 2  -1.87602E-01             
    6  T  2  8 2  -8.54150E-03             
    7  T  2  9 2   1.13714E-01             
    8  T  2 10 2   2.00879E-01             
    3    0    0   10                       
    3  8.640359E-01                        
    1  T  3  3 1  -4.25524E+00             
    2  T  3  4 1  -1.83433E+00             
    3  T  6  3 0  -1.54544E+00             
    4  T  3  5 1  -7.84526E-01             
    5  T  5  3 2  -6.75565E-01             
    6  T  3  6 1  -2.52589E-01             
    7  T  3  7 1   5.63018E-02             
    8  T  3  8 1   2.52897E-01             
    9  T  3  9 1   3.85603E-01             
   10  T  3 10 1   4.79362E-01             
    3    1    0   23                       
    1  0.000000E+00                        
    1  C  1  0 0  -1.39761E+01             
    2  T  1  3 1  -4.95086E+00             
    3  T  2  3 1  -4.30175E+00             
    4  T  3  3 1  -4.10087E+00             
    5  T  4  3 0  -2.94149E+00             
    6  T  1  4 1  -2.59096E+00             
    7  T  2  4 1  -2.02009E+00             
    8  T  3  4 1  -1.75567E+00             
    9  T  2  4 3  -1.68979E+00             
   10  T  1  5 1  -1.60832E+00             
   11  T  4  3 2  -1.48494E+00             
   12  T  7  3 0  -1.32432E+00             
   13  T  1  6 1  -1.10031E+00             
   14  T  2  5 1  -1.03648E+00             
   15  T  2  5 3  -8.81834E-01             
   16  T  1  7 1  -7.96442E-01             
   17  T  3  5 1  -7.60842E-01             
   18  T  5  3 2  -6.79086E-01             
   19  T  1  8 1  -6.03407E-01             
   20  T  2  6 1  -5.32163E-01             
   21  T  1  9 1  -4.71240E-01             
   22  T  2  6 3  -4.37134E-01             
   23  T  1 10 1  -3.80261E-01             
    3    2    0   28                       
    2  5.682600E-01                        
    1  T  2  3 1  -4.54950E+00             
    2  T  3  3 1  -4.20264E+00             
    3  T  5  3 0  -2.23270E+00             
    4  T  2  4 1  -2.04928E+00             
    5  T  3  4 1  -1.78722E+00             
    6  T  2  4 3  -1.69200E+00             
    7  T  4  3 2  -1.50443E+00             
    8  T  3  4 3  -1.39571E+00             
    9  T  2  5 1  -1.07686E+00             
   10  T  2  5 3  -8.86039E-01             
   11  T  3  5 1  -7.78547E-01             
   12  T  5  3 2  -6.60074E-01             
   13  T  3  5 3  -5.87736E-01             
   14  T  2  6 1  -5.46408E-01             
   15  T  2  6 3  -4.34250E-01             
   16  T  3  6 1  -2.53884E-01             
   17  T  2  7 1  -2.38120E-01             
   18  T  2  7 3  -1.74681E-01             
   19  T  3  6 3  -1.57924E-01             
   20  T  6  3 2  -4.96210E-02             
   21  T  2  8 1  -4.30286E-02             
   22  T  2  8 3  -5.89543E-03             
   23  T  3  7 1   5.31306E-02             
   24  T  7  3 2   7.35210E-02             
   25  T  2  9 1   9.06976E-02             
   26  T  2  9 3   1.30002E-01             
   27  T  3  7 3   1.42162E-01             
   28  T  2 10 1   1.83840E-01             
    3    3    0   18                       
    1  0.000000E+00                        
    1  T  2  3 1  -4.49946E+00             
    2  T  1  4 3  -2.25799E+00             
    3  T  2  4 1  -2.08425E+00             
    4  T  2  4 3  -1.69344E+00             
    5  T  4  3 2  -1.59044E+00             
    6  T  1  5 3  -1.42961E+00             
    7  T  3  4 3  -1.39170E+00             
    8  T  2  5 1  -1.07398E+00             
    9  T  1  6 3  -9.99655E-01             
   10  T  2  5 3  -8.88480E-01             
   11  T  1  7 3  -7.34972E-01             
   12  T  5  3 2  -6.55038E-01 :WAS T 4 3 2
   13  T  3  5 3  -5.77796E-01             
   14  T  1  8 3  -5.62835E-01             
   15  T  2  6 1  -5.44043E-01             
   16  T  1  9 3  -4.44748E-01             
   17  T  2  6 3  -4.28454E-01             
   18  T  1 10 3  -3.60241E-01             
    3    4    0   11                       
    2  5.682600E-01                        
    1  T  2  4 3  -1.69311E+00             
    2  T  3  4 3  -1.39399E+00             
    3  T  2  5 3  -8.95792E-01             
    4  T  5  3 2  -7.46543E-01             
    5  T  3  5 3  -5.74455E-01             
    6  T  2  6 3  -4.29926E-01             
    7  T  2  7 3  -1.66864E-01             
    8  T  3  6 3  -1.37786E-01             
    9  T  2  8 3   5.18929E-03             
   10  T  2  9 3   1.23093E-01             
   11  T  2 10 3   2.07838E-01             
    3    5    0    3                       
    1  0.000000E+00                        
    1  T  2  4 3  -1.68760E+00             
    2  T  2  5 3  -8.76060E-01             
    3  T  2  6 3  -4.34639E-01             
    3    0    1   14                       
    1  0.000000E+00                        
    1  T  1  3 0  -5.61877E+00             
    2  T  2  3 2  -3.54256E+00             
    3  T  1  4 0  -2.87114E+00             
    4  T  4  3 1  -2.32597E+00             
    5  T  1  5 0  -1.74883E+00             
    6  T  2  4 2  -1.73310E+00             
    7  T  1  6 0  -1.17333E+00             
    8  T  2  5 2  -9.03161E-01             
    9  T  1  7 0  -8.42458E-01             
   10  T  1  8 0  -6.34867E-01             
   11  T  7  3 1  -5.41584E-01             
   12  T  1  9 0  -4.92394E-01             
   13  T  2  6 2  -4.47959E-01             
   14  T  1 10 0  -3.95266E-01             
    3    1    1   24                       
    2  5.682600E-01                        
    1  C  2  0 0  -1.10425E+01             
    2  T  3  3 0  -4.88329E+00             
    3  T  2  3 2  -3.57855E+00             
    4  T  3  3 2  -3.36166E+00             
    5  T  4  3 1  -2.26845E+00             
    6  T  3  4 0  -2.04995E+00             
    7  T  2  4 2  -1.74897E+00             
    8  T  3  4 2  -1.49352E+00             
    9  T  5  3 1  -1.39441E+00             
   10  T  3  5 0  -9.33080E-01             
   11  T  2  5 2  -9.00544E-01             
   12  T  6  3 1  -8.48149E-01             
   13  T  7  3 1  -7.11310E-01             
   14  T  3  5 2  -6.30889E-01             
   15  T  2  6 2  -4.54576E-01             
   16  T  3  6 0  -3.16864E-01             
   17  T  2  7 2  -1.81413E-01             
   18  T  3  6 2  -1.68954E-01             
   19  T  2  8 2  -5.12316E-03             
   20  T  4  4 1:  1.37491E-02             
   21  T  3  7 0:  3.49424E-02             
   22  T  3  7 2   1.08234E-01             
   23  T  2  9 2   1.16839E-01             
   24  T  2 10 2   2.02880E-01             
    3    2    1   22                       
    1  0.000000E+00                        
    1  T  2  3 0  -5.18332E+00             
    2  T  1  3 2  -4.13780E+00             
    3  T  2  3 2  -3.64280E+00             
    4  T  3  3 2  -3.31974E+00             
    5  T  4  3 1  -2.39733E+00             
    6  T  2  4 0  -2.34195E+00             
    7  T  1  4 2  -2.29058E+00             
    8  T  2  4 2  -1.78551E+00             
    9  T  3  4 2  -1.49262E+00             
   10  T  5  3 1  -1.45183E+00             
   11  T  1  5 2  -1.45183E+00             
   12  T  2  5 0  -1.19062E+00             
   13  T  1  6 2  -1.02023E+00             
   14  T  2  5 2  -9.23940E-01             
   15  T  1  7 2  -7.46813E-01             
   16  T  7  3 1  -6.68646E-01             
   17  T  3  5 2  -6.20568E-01             
   18  T  2  6 0  -6.04591E-01             
   19  T  1  8 2  -5.69851E-01             
   20  T  2  6 2  -4.65718E-01             
   21  T  1  9 2  -4.47775E-01             
   22  T  1 10 2  -3.64097E-01             
    3    3    1   14                       
    2  5.682600E-01                        
    1  T  2  3 2  -3.72125E+00             
    2  T  3  3 2  -3.37700E+00             
    3  T  2  4 2  -1.80661E+00             
    4  T  5  3 1  -1.53835E+00             
    5  T  3  4 2  -1.49775E+00             
    6  T  2  5 2  -9.35464E-01             
    7  T  3  5 2  -6.37009E-01             
    8  T  2  6 2  -4.69033E-01             
    9  T  2  7 2  -1.91588E-01             
   10  T  3  6 2  -1.70843E-01             
   11  T  2  8 2  -1.03787E-02             
   12  T  3  7 2   1.05414E-01             
   13  T  2  9 2   1.13392E-01             
   14  T  2 10 2   1.99963E-01             
    3    4    1    4                       
    1  0.000000E+00                        
    1  T  2  3 2  -3.67895E+00             
    2  T  2  4 2  -1.79414E+00             
    3  T  2  5 2  -9.30982E-01             
    4  T  2  6 2  -4.66798E-01             
    5    1    0   10                       
    1  0.000000E+00                        
    1  T  1  3 1  -5.11132E+00             
    2  T  4  3 0  -3.18203E+00             
    3  T  1  4 1  -2.65730E+00             
    4  T  1  5 1  -1.66613E+00             
    5  T  4  3 2  -1.59873E+00             
    6  T  1  6 1  -1.11668E+00             
    7  T  1  7 1  -8.07923E-01             
    8  T  1  8 1  -6.11528E-01             
    9  T  1  9 1  -4.79174E-01             
   10  T  1 10 1  -3.86716E-01             
    5    2    0    8                       
    4  2.564747E+00                        
    1  T  4  3 2  -1.76730E+00             
    2  T  4  4 2   1.71845E-01             
    3  T  4  5 2   1.05073E+00             
    4  T  4  6 2   1.52143E+00             
    5  T  4  7 2   1.80261E+00             
    6  T  4  8 2   1.98380E+00             
    7  T  4  9 2   2.10732E+00             
    8  T  4 10 2   2.19528E+00             
    5    3    0    8                       
    1  0.000000E+00                        
    1  T  1  4 3  -2.26449E+00             
    2  T  4  3 2  -1.68588E+00 :WAS T 2 3 2
    3  T  1  5 3  -1.43237E+00             
    4  T  1  6 3  -1.00048E+00             
    5  T  1  7 3  -7.35656E-01             
    6  T  1  8 3  -5.63360E-01             
    7  T  1  9 3  -4.45147E-01             
    8  T  1 10 3  -3.60562E-01             
    5    0    1    9                       
    1  0.000000E+00                        
    1  T  1  3 0  -5.79654E+00             
    2  T  1  4 0  -2.93899E+00             
    3  T  4  3 1  -2.34696E+00             
    4  T  1  5 0  -1.76591E+00             
    5  T  1  6 0  -1.18591E+00             
    6  T  1  7 0  -8.50068E-01             
    7  T  1  8 0  -6.38960E-01             
    8  T  1  9 0  -4.97736E-01             
    9  T  1 10 0  -3.98653E-01             
    5    1    1    8                       
    4  2.564747E+00                        
    1  T  4  3 1  -2.55654E+00             
    2  T  4  4 1  -1.02889E-01             
    3  T  4  5 1   9.16711E-01             
    4  T  4  6 1   1.44646E+00             
    5  T  4  7 1   1.75652E+00             
    6  T  4  8 1   1.95346E+00             
    7  T  4  9 1   2.08630E+00             
    8  T  4 10 1   2.18010E+00             
    5    2    1    9                       
    1  0.000000E+00                        
    1  T  1  3 2  -4.28252E+00             
    2  T  4  3 1  -2.48310E+00             
    3  T  1  4 2  -2.36956E+00             
    4  T  1  5 2  -1.50552E+00             
    5  T  1  6 2  -1.03869E+00             
    6  T  1  7 2  -7.59344E-01             
    7  T  1  8 2  -5.79132E-01             
    8  T  1  9 2  -4.56181E-01             
    9  T  1 10 2  -3.68586E-01             
    5    3    1    7                       
    4  2.564747E+00                        
    1  T  4  4 3   3.01409E-01             
    2  T  4  5 3   1.11642E+00             
    3  T  4  6 3   1.55949E+00             
    4  T  4  7 3   1.82660E+00             
    5  T  4  8 3   1.99987E+00             
    6  T  4  9 3   2.11861E+00             
    7  T  4 10 3   2.20350E+00             
    0    0    0    0                       
