   13   12    E
    1    0    0   10
    1  0.000000E+00
    1  C  1  0 0  -1.38689E+00
    2  T  1  4 0  -5.13458E-01
    3  C  2  0 0  -3.50974E-01
    4  T  1  5 0  -2.77667E-01
    5  T  1  6 0  -1.73487E-01
    6  T  1  7 0  -1.18691E-01
    7  T  1  8 0  -8.63389E-02
    8  T  1  9 0  -6.56270E-02
    9  T  1 10 0  -5.15666E-02
   10  T  1 11 0  -4.15855E-02
    1    1    1    9
    1  0.000000E+00
    1  T  1  3 1  -8.31109E-01
    2  T  1  4 1  -4.05457E-01
    3  T  1  5 1  -2.36166E-01
    4  T  1  6 1  -1.53707E-01
    5  T  1  7 1  -1.08222E-01
    6  T  1  8 1  -8.05421E-02
    7  T  1  9 1  -6.24730E-02
    8  T  1 10 1  -5.00438E-02
    9  T  1 11 1  -4.11201E-02
    1    1    0    7
    2  4.906240E-01
    1  T  2  4 1   4.62160E-02
    2  T  2  5 1   2.44298E-01
    3  T  2  6 1   3.33814E-01
    4  T  2  7 1   3.81777E-01
    5  T  2  8 1   4.10554E-01
    6  T  2  9 1   4.29222E-01
    7  T  2 10 1   4.42035E-01
    1    2    1    8
    2  4.906240E-01
    1  T  2  3 2  -8.24711E-02
    2  T  2  4 2   2.02427E-01
    3  T  2  5 2   3.11082E-01
    4  T  2  6 2   3.68853E-01
    5  T  2  7 2   4.02422E-01
    6  T  2  8 2   4.23784E-01
    7  T  2  9 2   4.38225E-01
    8  T  2 10 2   4.48442E-01
    1    2    0    9
    1  0.000000E+00
    1  C  2  0 0: -6.08438E-01
    2  T  1  3 2: -3.75710E-01
    3  T  1  4 2  -2.42391E-01
    4  T  1  5 2  -1.62517E-01
    5  T  1  6 2  -1.14145E-01
    6  T  1  7 2  -8.41374E-02
    7  T  1  8 2  -6.44356E-02
    8  T  1  9 2  -5.08659E-02
    9  T  1 10 2  -4.11460E-02
    1    3    1    7
    1  0.000000E+00
    1  T  1  4 3  -2.58870E-01
    2  T  1  5 3  -1.65873E-01
    3  T  1  6 3  -1.14981E-01
    4  T  1  7 3  -8.43748E-02
    5  T  1  8 3  -6.45043E-02
    6  T  1  9 3  -5.08847E-02
    7  T  1 10 3  -4.11504E-02
    1    3    0    7
    2  4.906240E-01
    1  T  2  4 3   2.30118E-01
    2  T  2  5 3   3.24176E-01
    3  T  2  6 3   3.75928E-01
    4  T  2  7 3   4.06710E-01
    5  T  2  8 3   4.26587E-01
    6  T  2  9 3   4.40160E-01
    7  T  2 10 3   4.49835E-01
    1    4    1    6
    2  4.906240E-01
    1  T  2  5 4   3.28058E-01
    2  T  2  6 4   3.78121E-01
    3  T  2  7 4   4.08089E-01
    4  T  2  8 4   4.27515E-01
    5  T  2  9 4   4.40812E-01
    6  T  2 10 4   4.50310E-01
    1    4    0    6
    1  0.000000E+00
    1  T  1  5 4  -1.60677E-01
    2  T  1  6 4  -1.11566E-01
    3  T  1  7 4  -8.19544E-02
    4  T  1  8 4  -6.27310E-02
    5  T  1  9 4  -4.95525E-02
    6  T  1 10 4  -4.01278E-02
    3    0    0    8
    1  0.000000E+00
    1  T  1  4 0  -5.51663E-01
    2  T  1  5 0  -2.88419E-01
    3  T  1  6 0  -1.78191E-01
    4  T  1  7 0  -1.21196E-01
    5  T  1  8 0  -8.78444E-02
    6  T  1  9 0  -6.66047E-02
    7  T  1 10 0  -5.22381E-02
    8  T  1 11 0  -4.20668E-02
    3    1    1    9
    1  0.000000E+00
    1  T  1  3 1  -1.04647E+00
    2  T  1  4 1  -4.21441E-01
    3  T  1  5 1  -2.37944E-01
    4  T  1  6 1  -1.53025E-01
    5  T  1  7 1  -1.06869E-01
    6  T  1  8 1  -7.89524E-02
    7  T  1  9 1  -6.08394E-02
    8  T  2  4 0: -5.06015E-02
    9  T  1 10 1  -4.73389E-02
    3    1    0    8
    2  4.906240E-01
    1  C  2  0 0  -5.19648E-01
    2  T  2  4 1   8.05690E-02
    3  T  2  5 1   2.54648E-01
    4  T  2  6 1   3.38433E-01
    5  T  2  7 1   3.84245E-01
    6  T  2  8 1   4.12044E-01
    7  T  2  9 1   4.30194E-01
    8  T  2 10 1   4.42705E-01
    3    2    1    8
    2  4.906240E-01
    1  T  2  3 2  -7.10471E-03
    2  T  2  4 2   2.16412E-01
    3  T  2  5 2   3.16002E-01
    4  T  2  6 2   3.71016E-01
    5  T  2  7 2   4.03548E-01
    6  T  2  8 2   4.24436E-01
    7  T  2  9 2   4.38633E-01
    8  T  2 10 2   4.48714E-01
    3    2    0    8
    1  0.000000E+00
    1  T  1  3 2  -5.13730E-01
    2  T  1  4 2  -2.75573E-01
    3  T  1  5 2  -1.73607E-01
    4  T  1  6 2  -1.18813E-01
    5  T  1  7 2  -8.64837E-02
    6  T  1  8 2  -6.57598E-02
    7  T  1  9 2  -5.16793E-02
    8  T  1 10 2  -4.16789E-02
    3    3    1    7
    1  0.000000E+00
    1  T  1  4 3  -2.59477E-01
    2  T  1  5 3  -1.68350E-01
    3  T  1  6 3: -1.21858E-01
    4  T  2  3 2: -9.79289E-02
    5  T  1  7 3  -7.80183E-02
    6  T  1  8 3  -6.11836E-02
    7  T  1  9 3  -4.87716E-02
    3    3    0    7
    2  4.906240E-01
    1  T  2  4 3   2.29071E-01
    2  T  2  5 3   3.22656E-01
    3  T  2  6 3   3.74354E-01
    4  T  2  7 3   4.05185E-01
    5  T  2  8 3   4.25138E-01
    6  T  2  9 3   4.38784E-01
    7  T  2 10 3   4.48527E-01
    3    4    1    6
    2  4.906240E-01
    1  T  2  5 4   3.28061E-01
    2  T  2  6 4   3.78123E-01
    3  T  2  7 4   4.08090E-01
    4  T  2  8 4   4.27516E-01
    5  T  2  9 4   4.40813E-01
    6  T  2 10 4   4.50310E-01
    3    4    0    6
    1  0.000000E+00
    1  T  1  5 4  -1.60679E-01
    2  T  1  6 4  -1.11568E-01
    3  T  1  7 4  -8.19558E-02
    4  T  1  8 4  -6.27320E-02
    5  T  1  9 4  -4.95532E-02
    6  T  1 10 4  -4.01284E-02
    0    0    0    0
