   14    4    E               
    1    0    0   14          
    1  0.000000E+00           
    1  C  1  0 0  -3.49110E+01
    2  C  2  0 0  -2.94113E+01
    3  T  1  3 0  -1.45510E+01
    4  T  2  3 1  -1.16164E+01
    5  T  1  4 0  -7.99909E+00
    6  T  2  4 1  -5.84408E+00
    7  T  1  5 0  -5.04139E+00
    8  T  1  6 0  -3.50065E+00
    9  T  2  5 1  -3.10487E+00
   10  T  1  7 0  -2.54351E+00
   11  T  1  8 0  -1.94573E+00
   12  T  2  6 1  -1.63676E+00
   13  T  1  9 0  -1.52268E+00
   14  T  1 10 0  -1.23578E+00
    3    0    0   12          
    1  0.000000E+00           
    1  T  1  3 0  -1.48358E+01
    2  T  2  3 1  -1.22568E+01
    3  T  1  4 0  -8.10314E+00
    4  T  2  4 1  -6.04710E+00
    5  T  1  5 0  -5.09981E+00
    6  T  1  6 0  -3.52247E+00
    7  T  2  5 1  -3.20430E+00
    8  T  1  7 0  -2.56175E+00
    9  T  1  8 0  -1.95514E+00
   10  T  2  6 1  -1.68633E+00
   11  T  1  9 0  -1.53475E+00
   12  T  1 10 0  -1.24147E+00
    1    1    0    8          
    2  1.740827E+00           
    1  T  2  3 1  -1.25038E+01
    2  T  2  4 1  -6.12766E+00
    3  T  2  5 1  -3.24910E+00
    4  T  2  6 1  -1.70497E+00
    5  T  2  7 1  -7.81188E-01
    6  T  2  8 1  -1.84779E-01
    7  T  2  9 1   2.22555E-01
    8  T  2 10 1   5.13066E-01
    1    1    1   17          
    1  0.000000E+00           
    1  T  1  2 1  -3.19374E+01
    2  T  1  3 1  -1.41650E+01
    3  T  2  3 0  -1.26173E+01
    4  T  2  3 2  -1.14580E+01
    5  T  1  4 1  -7.80711E+00
    6  T  2  4 0  -6.24270E+00
    7  T  2  4 2  -5.74787E+00
    8  T  1  5 1  -4.94867E+00
    9  T  1  6 1  -3.45391E+00
   10  T  2  5 0  -3.29344E+00
   11  T  2  5 2  -3.06468E+00
   12  T  1  7 1  -2.50865E+00
   13  T  1  8 1  -1.92185E+00
   14  T  2  6 0  -1.74341E+00
   15  T  2  6 2  -1.60454E+00
   16  T  1  9 1  -1.50972E+00
   17  T  1 10 1  -1.22365E+00
    3    1    0    9          
    2  1.740827E+00           
    1  C  2  0 0  -3.09171E+01
    2  T  2  3 1  -1.21592E+01
    3  T  2  4 1  -6.01914E+00
    4  T  2  5 1  -3.20014E+00
    5  T  2  6 1  -1.67857E+00
    6  T  2  7 1  -7.65226E-01
    7  T  2  8 1  -1.74359E-01
    8  T  2  9 1   2.29743E-01
    9  T  2 10 1   5.18240E-01
    3    1    1   17          
    1  0.000000E+00           
    1  T  1  2 1  -3.33709E+01
    2  T  1  3 1  -1.41229E+01
    3  T  2  3 0  -1.28968E+01
    4  T  2  3 2  -1.17553E+01
    5  T  1  4 1  -7.82675E+00
    6  T  2  4 0  -6.30236E+00
    7  T  2  4 2  -5.86058E+00
    8  T  1  5 1  -4.96712E+00
    9  T  1  6 1  -3.44169E+00
   10  T  2  5 0  -3.33809E+00
   11  T  2  5 2  -3.11862E+00
   12  T  1  7 1  -2.51456E+00
   13  T  1  8 1  -1.92219E+00
   14  T  2  6 0  -1.75800E+00
   15  T  2  6 2  -1.63506E+00
   16  T  1  9 1  -1.51385E+00
   17  T  1 10 1  -1.22546E+00
    1    2    0   16          
    1  0.000000E+00           
    1  C  2  0 0  -3.04910E+01
    2  T  1  3 2  -1.34770E+01
    3  T  2  3 1  -1.19642E+01
    4  T  1  4 2  -7.58916E+00
    5  T  2  4 1  -5.94984E+00
    6  T  2  4 3  -5.78097E+00
    7  T  1  5 2  -4.85552E+00
    8  T  1  6 2  -3.37273E+00
    9  T  2  5 1  -3.16714E+00
   10  T  2  5 3  -3.07869E+00
   11  T  1  7 2  -2.47583E+00
   12  T  1  8 2  -1.89536E+00
   13  T  2  6 1  -1.66152E+00
   14  T  2  6 3  -1.60883E+00
   15  T  1  9 2  -1.49686E+00
   16  T  1 10 2  -1.21238E+00
    1    2    1    8          
    2  1.740827E+00           
    1  T  2  3 2  -1.20592E+01
    2  T  2  4 2  -5.95644E+00
    3  T  2  5 2  -3.16481E+00
    4  T  2  6 2  -1.65719E+00
    5  T  2  7 2  -7.51479E-01
    6  T  2  8 2  -1.65040E-01
    7  T  2  9 2   2.36339E-01
    8  T  2 10 2   5.23074E-01
    3    2    0   15          
    1  0.000000E+00           
    1  T  1  3 2  -1.37501E+01
    2  T  2  3 1  -1.24064E+01
    3  T  1  4 2  -7.67688E+00
    4  T  2  4 1  -6.09548E+00
    5  T  2  4 3  -5.79653E+00
    6  T  1  5 2  -4.89515E+00
    7  T  1  6 2  -3.39482E+00
    8  T  2  5 1  -3.23345E+00
    9  T  2  5 3  -3.08895E+00
   10  T  1  7 2  -2.48873E+00
   11  T  1  8 2  -1.90381E+00
   12  T  2  6 1  -1.69754E+00
   13  T  2  6 3  -1.61577E+00
   14  T  1  9 2  -1.50271E+00
   15  T  1 10 2  -1.21658E+00
    3    2    1    8          
    2  1.740827E+00           
    1  T  2  3 2  -1.18374E+01
    2  T  2  4 2  -5.88207E+00
    3  T  2  5 2  -3.13044E+00
    4  T  2  6 2  -1.63841E+00
    5  T  2  7 2  -7.40032E-01
    6  T  2  8 2  -1.57526E-01
    7  T  2  9 2   2.41543E-01
    8  T  2 10 2   5.26830E-01
    1    3    0    7          
    2  1.740827E+00           
    1  T  2  4 3  -5.86514E+00
    2  T  2  5 3  -3.12127E+00
    3  T  2  6 3  -1.63271E+00
    4  T  2  7 3  -7.36415E-01
    5  T  2  8 3  -1.55094E-01
    6  T  2  9 3   2.43259E-01
    7  T  2 10 3   5.28085E-01
    1    3    1   13          
    1  0.000000E+00           
    1  T  2  3 2  -1.15205E+01
    2  T  1  4 3  -7.55405E+00
    3  T  2  4 2  -5.77046E+00
    4  T  1  5 3  -4.83305E+00
    5  T  1  6 3  -3.36126E+00
    6  T  2  5 4  -3.09074E+00
    7  T  2  5 2  -3.07480E+00
    8  T  1  7 3  -2.46787E+00
    9  T  1  8 3  -1.89048E+00
   10  T  2  6 4  -1.61588E+00
   11  T  2  6 2  -1.60907E+00
   12  T  1  9 3  -1.49225E+00
   13  T  1 10 3  -1.20955E+00
    3    3    0    7          
    2  1.740827E+00           
    1  T  2  4 3  -5.86079E+00
    2  T  2  5 3  -3.11853E+00
    3  T  2  6 3  -1.63102E+00
    4  T  2  7 3  -7.35314E-01
    5  T  2  8 3  -1.54344E-01
    6  T  2  9 3   2.43791E-01
    7  T  2 10 3   5.28476E-01
    3    3    1   13          
    1  0.000000E+00           
    1  T  2  3 2  -1.20693E+01
    2  T  1  4 3  -7.57590E+00
    3  T  2  4 2  -5.95569E+00
    4  T  1  5 3  -4.84877E+00
    5  T  1  6 3  -3.36700E+00
    6  T  2  5 2  -3.16451E+00
    7  T  2  5 4  -3.09094E+00
    8  T  1  7 3  -2.47327E+00
    9  T  1  8 3  -1.89336E+00
   10  T  2  6 2  -1.65733E+00
   11  T  2  6 4  -1.61603E+00
   12  T  1  9 3  -1.49572E+00
   13  T  1 10 3  -1.21143E+00
    1    4    0   10          
    1  0.000000E+00           
    1  T  2  4 3  -5.82136E+00
    2  T  1  5 4  -4.83407E+00
    3  T  1  6 4  -3.36326E+00
    4  T  2  5 3  -3.09454E+00
    5  T  1  7 4  -2.46835E+00
    6  T  1  8 4  -1.89081E+00
    7  T  2  6 3  -1.61938E+00
    8  T  2  6 5  -1.61798E+00
    9  T  1  9 4  -1.49272E+00
   10  T  1 10 4  -1.20977E+00
    3    4    0   10          
    1  0.000000E+00           
    1  T  2  4 3  -5.83901E+00
    2  T  1  5 4  -4.83485E+00
    3  T  1  6 4  -3.36337E+00
    4  T  2  5 3  -3.10615E+00
    5  T  1  7 4  -2.46872E+00
    6  T  1  8 4  -1.89096E+00
    7  T  2  6 3  -1.62625E+00
    8  T  2  6 5  -1.61811E+00
    9  T  1  9 4  -1.49307E+00
   10  T  1 10 4  -1.20991E+00
    0    0    0    0          
