   14   14    E
    1    0    0    9
    1  0.000000E+00
    1  C  1  0 0  -4.54321E-01
    2  T  1  4 1  -1.23852E-01
    3  T  1  5 1  -6.76574E-02
    4  T  1  6 1  -4.26130E-02
    5  T  1  7 1  -2.92824E-02
    6  T  1  8 1  -2.13523E-02
    7  T  1  9 1  -1.62555E-02
    8  T  1 10 1  -1.27873E-02
    9  T  1 11 1  -1.03212E-02
    3    0    0    8
    1  0.000000E+00
    1  T  1  4 1  -1.48242E-01
    2  T  1  5 1  -7.62939E-02
    3  T  1  6 1  -4.67570E-02
    4  T  1  7 1  -3.15746E-02
    5  T  1  8 1  -2.27532E-02
    6  T  1  9 1  -1.71743E-02
    7  T  1 10 1  -1.34225E-02
    8  T  1 11 1  -1.07786E-02
    1    0    1    8
    8  7.766070E-01
    1  T  8  4 1   5.88418E-01
    2  T  8  5 1   6.89783E-01
    3  T  8  6 1   7.25466E-01
    4  T  8  7 1   7.42737E-01
    5  T  8  8 1   7.52496E-01
    6  T  8  9 1   7.58560E-01
    7  T  8 10 1   7.62589E-01
    8  T  8 11 1   7.65404E-01
    3    0    1    9
    2  3.691920E-01
    1  C  2  0 0   1.21599E-01
    2  T  2  4 1   2.34416E-01
    3  T  2  5 1   2.93108E-01
    4  T  2  6 1   3.22080E-01
    5  T  2  7 1   3.37275E-01
    6  T  2  8 1   3.46190E-01
    7  T  2  9 1   3.51840E-01
    8  T  2 10 1   3.55641E-01
    9  T  2 11 1   3.58318E-01
    1    1    0    8
    1  0.000000E+00
    1  T  1  4 1  -1.66954E-01
    2  T  1  5 1  -8.22839E-02
    3  T  1  6 1  -4.93079E-02
    4  T  1  7 1  -3.29385E-02
    5  T  1  8 1  -2.35670E-02
    6  T  1  9 1  -1.76993E-02
    7  T  1 10 1  -1.37813E-02
    8  T  1 11 1  -1.10349E-02
    3    1    0    9
    1  0.000000E+00
    1  C  1  0 0  -6.01293E-01
    2  T  1  4 1  -1.47805E-01
    3  T  1  5 1  -7.64204E-02
    4  T  1  6 1  -4.66944E-02
    5  T  1  7 1  -3.15572E-02
    6  T  1  8 1  -2.27468E-02
    7  T  1  9 1  -1.71714E-02
    8  T  1 10 1  -1.34210E-02
    9  T  1 11 1  -1.07778E-02
    1    1    1   16
    1  0.000000E+00
    1  T  1  4 0  -2.25526E-01
    2  T  1  3 2  -1.15385E-01
    3  T  1  5 0  -1.00537E-01
    4  T  1  4 2  -6.42151E-02
    5  T  1  6 0  -5.75050E-02
    6  T  1  5 2  -4.10036E-02
    7  T  1  7 0  -3.73096E-02
    8  T  1  6 2  -2.83955E-02
    9  T  1  8 0  -2.61773E-02
   10  T  1  7 2  -2.08125E-02
   11  T  1  9 0  -1.93831E-02
   12  T  1  8 2  -1.59029E-02
   13  T  1 10 0  -1.49304E-02
   14  T  1  9 2  -1.25443E-02
   15  T  1 11 0  -1.18539E-02
   16  T  1 10 2  -1.01466E-02
    3    1    1   16
    1  0.000000E+00
    1  T  1  4 0  -2.37556E-01
    2  T  1  3 2  -1.45398E-01
    3  T  1  5 0  -1.04190E-01
    4  T  1  4 2  -8.55707E-02
    5  T  1  6 0  -5.91633E-02
    6  T  1  5 2  -5.46161E-02
    7  T  1  7 0  -3.81953E-02
    8  T  1  6 2: -3.69510E-02
    9  T  1  8 0  -2.67118E-02
   10  T  1  7 2: -2.63669E-02
   11  T  1  9 0  -1.97486E-02
   12  T  1  8 2: -1.96415E-02
   13  T  1 10 0  -1.52184E-02
   14  T  1  9 2: -1.51352E-02
   15  T  1 11 0  -1.20865E-02
   16  T  1 10 2: -1.20037E-02
    1    2    0   15
    1  0.000000E+00
    1  C  1  0 0  -5.43261E-01
    2  T  1  4 1  -1.37826E-01
    3  T  1  5 1  -7.28248E-02
    4  T  1  4 3  -6.22111E-02
    5  T  1  6 1  -4.50486E-02
    6  T  1  5 3  -3.99118E-02
    7  T  1  7 1  -3.06482E-02
    8  T  1  6 3  -2.77363E-02
    9  T  1  8 1  -2.21937E-02
   10  T  1  7 3  -2.03864E-02
   11  T  1  9 1  -1.68099E-02
   12  T  1  8 3  -1.56125E-02
   13  T  1 10 1  -1.31718E-02
   14  T  1  9 3  -1.23379E-02
   15  T  1 11 1  -1.05987E-02
    3    2    0   14
    1  0.000000E+00
    1  T  1  4 1  -1.59109E-01
    2  T  1  5 1  -7.97954E-02
    3  T  1  4 3  -6.22423E-02
    4  T  1  6 1  -4.82574E-02
    5  T  1  5 3  -3.99328E-02
    6  T  1  7 1  -3.23819E-02
    7  T  1  6 3  -2.77492E-02
    8  T  1  8 1  -2.32368E-02
    9  T  1  7 3  -2.03948E-02
   10  T  1  9 1  -1.74870E-02
   11  T  1  8 3  -1.56182E-02
   12  T  1 10 1  -1.36365E-02
   13  T  1  9 3  -1.23420E-02
   14  T  1 11 1  -1.09316E-02
    1    2    1    8
    1  0.000000E+00
    1  T  1  3 2  -1.76389E-01
    2  T  1  4 2  -8.63954E-02
    3  T  1  5 2  -5.16433E-02
    4  T  1  6 2  -3.43005E-02
    5  T  1  7 2  -2.44347E-02
    6  T  1  8 2  -1.82854E-02
    7  T  1  9 2  -1.41945E-02
    8  T  1 10 2  -1.13365E-02
    3    2    1    9
    1  0.000000E+00
    1  C  2  0 0  -1.98116E-01
    2  T  1  3 2  -1.09260E-01
    3  T  1  4 2  -6.29674E-02
    4  T  1  5 2  -4.04961E-02
    5  T  1  6 2  -2.81786E-02
    6  T  1  7 2  -2.07052E-02
    7  T  1  8 2  -1.58430E-02
    8  T  1  9 2  -1.25078E-02
    9  T  1 10 2  -1.01228E-02
    1    3    0    7
    1  0.000000E+00
    1  T  1  4 3  -6.42849E-02
    2  T  1  5 3  -4.09155E-02
    3  T  1  6 3  -2.83272E-02
    4  T  1  7 3  -2.07597E-02
    5  T  1  8 3  -1.58627E-02
    6  T  1  9 3  -1.25137E-02
    7  T  1 10 3  -1.01230E-02
    3    3    0    7
    1  0.000000E+00
    1  T  1  4 3  -6.42530E-02
    2  T  1  5 3  -4.08917E-02
    3  T  1  6 3  -2.83114E-02
    4  T  1  7 3  -2.07490E-02
    5  T  1  8 3  -1.58552E-02
    6  T  1  9 3  -1.25082E-02
    7  T  1 10 3  -1.01189E-02
    1    3    1   13
    1  0.000000E+00
    1  T  1  3 2  -1.16967E-01
    2  T  1  4 2  -6.40988E-02
    3  T  1  5 2  -4.07478E-02
    4  T  1  5 4  -3.99073E-02
    5  T  1  6 2  -2.82043E-02
    6  T  1  6 4  -2.77337E-02
    7  T  1  7 2  -2.06771E-02
    8  T  1  7 4  -2.03828E-02
    9  T  1  8 2  -1.58057E-02
   10  T  1  8 4  -1.56087E-02
   11  T  1  9 2  -1.24729E-02
   12  T  1  9 4  -1.23344E-02
   13  T  1 10 2  -1.00930E-02
    3    3    1   13
    1  0.000000E+00
    1  T  1  3 2  -1.50363E-01
    2  T  1  4 2  -7.74882E-02
    3  T  1  5 2  -4.74261E-02
    4  T  1  5 4  -3.99105E-02
    5  T  1  6 2  -3.19679E-02
    6  T  1  6 4  -2.77345E-02
    7  T  1  7 2  -2.30015E-02
    8  T  1  7 4  -2.03833E-02
    9  T  1  8 2  -1.73407E-02
   10  T  1  8 4  -1.56090E-02
   11  T  1  9 2  -1.35392E-02
   12  T  1  9 4  -1.23347E-02
   13  T  1 10 2  -1.08636E-02
    1    4    0   11
    1  0.000000E+00
    1  T  1  4 3  -6.27923E-02
    2  T  1  5 3  -4.01980E-02
    3  T  1  6 3  -2.79059E-02
    4  T  1  6 5  -2.77607E-02
    5  T  1  7 3  -2.04937E-02
    6  T  1  7 5  -2.03942E-02
    7  T  1  8 3  -1.56844E-02
    8  T  1  8 5  -1.56150E-02
    9  T  1  9 3  -1.23884E-02
   10  T  1  9 5  -1.23386E-02
   11  T  1 10 3  -1.00316E-02
    3    4    0   11
    1  0.000000E+00
    1  T  1  4 3  -6.28758E-02
    2  T  1  5 3  -4.02601E-02
    3  T  1  6 3  -2.79472E-02
    4  T  1  6 5  -2.77608E-02
    5  T  1  7 3  -2.05219E-02
    6  T  1  7 5  -2.03943E-02
    7  T  1  8 3  -1.57042E-02
    8  T  1  8 5  -1.56151E-02
    9  T  1  9 3  -1.24028E-02
   10  T  1  9 5  -1.23386E-02
   11  T  1 10 3  -1.00424E-02
    1    4    1    6
    1  0.000000E+00
    1  T  1  5 4  -4.03025E-02
    2  T  1  6 4  -2.79525E-02
    3  T  1  7 4  -2.05193E-02
    4  T  1  8 4  -1.57006E-02
    5  T  1  9 4  -1.23996E-02
    6  T  1 10 4  -1.00397E-02
    3    4    1    6
    1  0.000000E+00
    1  T  1  5 4  -4.03023E-02
    2  T  1  6 4  -2.79524E-02
    3  T  1  7 4  -2.05192E-02
    4  T  1  8 4  -1.57006E-02
    5  T  1  9 4  -1.23995E-02
    6  T  1 10 4  -1.00397E-02
    1    5    0    5
    1  0.000000E+00
    1  T  1  6 5  -2.78267E-02
    2  T  1  7 5  -2.04507E-02
    3  T  1  8 5  -1.56568E-02
    4  T  1  9 5  -1.23691E-02
    5  T  1 10 5  -1.00175E-02
    3    5    0    5
    1  0.000000E+00
    1  T  1  6 5  -2.78267E-02
    2  T  1  7 5  -2.04507E-02
    3  T  1  8 5  -1.56568E-02
    4  T  1  9 5  -1.23691E-02
    5  T  1 10 5  -1.00175E-02
    1    5    1    9
    1  0.000000E+00
    1  T  1  5 4  -3.99965E-02
    2  T  1  6 4  -2.77833E-02
    3  T  1  7 4  -2.04211E-02
    4  T  1  7 6  -2.03993E-02
    5  T  1  8 4  -1.56348E-02
    6  T  1  8 6  -1.56178E-02
    7  T  1  9 4  -1.23528E-02
    8  T  1  9 6  -1.23403E-02
    9  T  1 10 4  -1.00052E-02
    3    5    1    9
    1  0.000000E+00
    1  T  1  5 4  -3.99974E-02
    2  T  1  6 4  -2.77841E-02
    3  T  1  7 4  -2.04215E-02
    4  T  1  7 6  -2.03995E-02
    5  T  1  8 4  -1.56351E-02
    6  T  1  8 6  -1.56179E-02
    7  T  1  9 4  -1.23530E-02
    8  T  1  9 6  -1.23404E-02
    9  T  1 10 4  -1.00054E-02
    1    6    0    7
    1  0.000000E+00
    1  T  1  6 5  -2.77730E-02
    2  T  1  7 5  -2.04047E-02
    3  T  1  8 7  -1.56267E-02
    4  T  1  8 5  -1.56210E-02
    5  T  1  9 5: -1.23477E-02
    6  T  1  9 7  -1.23420E-02
    7  T  1 10 5  -1.00019E-02
    3    6    0    7
    1  0.000000E+00
    1  T  1  6 5  -2.77730E-02
    2  T  1  7 5  -2.04047E-02
    3  T  1  8 7  -1.56267E-02
    4  T  1  8 5  -1.56210E-02
    5  T  1  9 5: -1.23478E-02
    6  T  1  9 7  -1.23420E-02
    7  T  1 10 5  -1.00019E-02
    1    6    1    4
    1  0.000000E+00
    1  T  1  7 6  -2.04128E-02
    2  T  1  8 6  -1.56309E-02
    3  T  1  9 6  -1.23512E-02
    4  T  1 10 6  -1.00048E-02
    3    6    1    4
    1  0.000000E+00
    1  T  1  7 6  -2.04128E-02
    2  T  1  8 6  -1.56309E-02
    3  T  1  9 6  -1.23512E-02
    4  T  1 10 6  -1.00048E-02
    5    0    1    9
    2  3.691920E-01
    1  C  2  0 0  -3.15898E-01
    2  T  2  4 1   2.22951E-01
    3  T  2  5 1   2.92820E-01
    4  T  2  6 1   3.22616E-01
    5  T  2  7 1   3.37721E-01
    6  T  2  8 1   3.46506E-01
    7  T  2  9 1   3.52065E-01
    8  T  2 10 1   3.55804E-01
    9  T  2 11 1   3.58439E-01
    5    1    0   16
    2  3.691920E-01
    1  T  2  4 0   1.27712E-01
    2  T  2  3 2   2.39744E-01
    3  T  2  5 0   2.64316E-01
    4  T  2  4 2   2.98965E-01
    5  T  2  6 0   3.09775E-01
    6  T  2  5 2   3.25237E-01
    7  T  2  7 0   3.30890E-01
    8  T  2  6 2   3.39114E-01
    9  T  2  8 0   3.42432E-01
   10  T  2  7 2   3.47335E-01
   11  T  2  9 0   3.49437E-01
   12  T  2  8 2   3.52597E-01
   13  T  2 10 0   3.54011E-01
   14  T  2  9 2   3.56166E-01
   15  T  2 11 0   3.57161E-01
   16  T  2 10 2   3.58697E-01
    5    1    1    8
    2  3.691920E-01
    1  T  2  4 1   2.17288E-01
    2  T  2  5 1   2.91433E-01
    3  T  2  6 1   3.21763E-01
    4  T  2  7 1   3.37249E-01
    5  T  2  8 1   3.46216E-01
    6  T  2  9 1   3.51873E-01
    7  T  2 10 1   3.55670E-01
    8  T  2 11 1   3.58342E-01
    5    2    0    8
    2  3.691920E-01
    1  T  2  3 2   2.24750E-01
    2  T  2  4 2   2.92073E-01
    3  T  2  5 2   3.21798E-01
    4  T  2  6 2   3.37228E-01
    5  T  2  7 2   3.46187E-01
    6  T  2  8 2   3.51847E-01
    7  T  2  9 2   3.55649E-01
    8  T  2 10 2   3.58325E-01
    5    2    1   15
    2  3.691920E-01
    1  T  2  4 1   2.07319E-01
    2  T  2  5 1   2.88344E-01
    3  T  2  4 3   3.05606E-01
    4  T  2  6 1   3.20447E-01
    5  T  2  5 3   3.28638E-01
    6  T  2  7 1   3.36549E-01
    7  T  2  6 3   3.41079E-01
    8  T  2  8 1   3.45799E-01
    9  T  2  7 3   3.48569E-01
   10  T  2  9 1   3.51604E-01
   11  T  2  8 3   3.53421E-01
   12  T  2 10 1   3.55486E-01
   13  T  2  9 3   3.56743E-01
   14  T  2 11 1   3.58211E-01
   15  T  2 10 3   3.59117E-01
    5    3    0   14
    2  3.691920E-01
    1  T  2  3 2   2.02783E-01
    2  T  2  4 2   2.87075E-01
    3  T  2  5 2   3.19808E-01
    4  T  2  5 4   3.29026E-01
    5  T  2  6 2   3.36207E-01
    6  T  2  6 4   3.41323E-01
    7  T  2  7 2   3.45589E-01
    8  T  2  7 4   3.48727E-01
    9  T  2  8 2   3.51465E-01
   10  T  2  8 4   3.53529E-01
   11  T  2  9 2   3.55389E-01
   12  T  2  9 4   3.56819E-01
   13  T  2 10 2   3.58140E-01
   14  T  2 10 4   3.59172E-01
    5    3    1    6
    2  3.691920E-01
    1  T  2  4 3   3.07567E-01
    2  T  2  5 3   3.29555E-01
    3  T  2  6 3   3.41618E-01
    4  T  2  7 3   3.48909E-01
    5  T  2  8 3   3.53649E-01
    6  T  2  9 3   3.56903E-01
    5    4    0    5
    2  3.691920E-01
    1  T  2  5 4   3.29427E-01
    2  T  2  6 4   3.41546E-01
    3  T  2  7 4   3.48866E-01
    4  T  2  8 4   3.53622E-01
    5  T  2  9 4   3.56885E-01
    5    4    1   12
    2  3.691920E-01
    1  T  2  4 3   3.06006E-01
    2  T  2  5 3   3.28802E-01
    3  T  2  6 3   3.41172E-01
    4  T  2  6 5   3.41388E-01
    5  T  2  7 3   3.48626E-01
    6  T  2  7 5   3.48761E-01
    7  T  2  8 3   3.53459E-01
    8  T  2  8 5   3.53550E-01
    9  T  2  9 3   3.56769E-01
   10  T  2  9 5   3.56834E-01
   11  T  2 10 3   3.59135E-01
   12  T  2 10 5   3.59183E-01
    5    5    0    8
    2  3.691920E-01
    1  T  2  5 4   3.29099E-01
    2  T  2  6 4   3.41361E-01
    3  T  2  7 4   3.48747E-01
    4  T  2  7 6   3.48785E-01
    5  T  2  8 4   3.53541E-01
    6  T  2  8 6   3.53567E-01
    7  T  2  9 4   3.56828E-01
    8  T  2  9 6   3.56846E-01
    5    5    1    4
    2  3.691920E-01
    1  T  2  6 5   3.41456E-01
    2  T  2  7 5   3.48820E-01
    3  T  2  8 5   3.53594E-01
    4  T  2  9 5   3.56866E-01
    0    0    0    0
