   14   10    E
    1    0    0   10
    1  0.000000E+00
    1  C  1  0 0  -1.23472E+01
    2  T  1  3 1  -3.44413E+00
    3  T  1  4 1  -1.81811E+00
    4  T  1  5 1  -1.12873E+00
    5  T  1  6 1  -7.78872E-01
    6  T  2  3 0  -6.90016E-01
    7  T  1  7 1  -5.49320E-01
    8  T  1  8 1  -4.17987E-01
    9  T  1  9 1  -3.27996E-01
   10  T  1 10 1  -2.64122E-01
    3    0    0    9
    1  0.000000E+00
    1  T  1  3 1  -3.98131E+00
    2  T  1  4 1  -2.00788E+00
    3  T  1  5 1  -1.22096E+00
    4  T  2  3 0  -8.61692E-01
    5  T  1  6 1  -7.75847E-01
    6  T  1  7 1  -5.78482E-01
    7  T  1  8 1  -4.36819E-01
    8  T  1  9 1  -3.40986E-01
    9  T  1 10 1  -2.73466E-01
    1    1    0    8
    1  0.000000E+00
    1  T  1  3 1  -3.80328E+00
    2  T  1  4 1  -1.95041E+00
    3  T  1  5 1  -1.18834E+00
    4  T  1  6 1  -8.00088E-01
    5  T  1  7 1  -5.75376E-01
    6  T  1  8 1  -4.33652E-01
    7  T  1  9 1  -3.38533E-01
    8  T  1 10 1  -2.71607E-01
    3    1    0    8
    1  0.000000E+00
    1  T  1  3 1  -3.80087E+00
    2  T  1  4 1  -1.94955E+00
    3  T  1  5 1  -1.18794E+00
    4  T  1  6 1  -7.99868E-01
    5  T  1  7 1  -5.75242E-01
    6  T  1  8 1  -4.33564E-01
    7  T  1  9 1  -3.38473E-01
    8  T  1 10 1  -2.71563E-01
    1    1    1   16
    1  0.000000E+00
    1  T  1  3 0  -4.50680E+00
    2  T  1  3 2  -2.80464E+00
    3  T  1  4 0  -2.20192E+00
    4  T  1  4 2  -1.57489E+00
    5  T  1  5 0  -1.30653E+00
    6  T  1  5 2  -1.00719E+00
    7  T  1  6 0  -8.64824E-01
    8  T  1  6 2  -6.99038E-01
    9  T  1  7 0  -6.14601E-01
   10  T  1  7 2  -5.13358E-01
   11  T  1  8 0  -4.59190E-01
   12  T  1  8 2  -3.92922E-01
   13  T  1  9 0  -3.56078E-01
   14  T  1  9 2  -3.10401E-01
   15  T  1 10 0  -2.84175E-01
   16  T  1 10 2  -2.51408E-01
    3    1    1   16
    1  0.000000E+00
    1  T  1  3 0  -4.58049E+00
    2  T  1  3 2  -2.96187E+00
    3  T  1  4 0  -2.22542E+00
    4  T  1  4 2  -1.64796E+00
    5  T  1  5 0  -1.31720E+00
    6  T  1  5 2  -1.04525E+00
    7  T  1  6 0  -8.70670E-01
    8  T  1  6 2  -7.21045E-01
    9  T  1  7 0  -6.18216E-01
   10  T  1  7 2  -5.27110E-01
   11  T  1  8 0  -4.61632E-01
   12  T  1  8 2  -4.02029E-01
   13  T  1  9 0  -3.57850E-01
   14  T  1  9 2  -3.16704E-01
   15  T  1 10 0  -2.85544E-01
   16  T  1 10 2  -2.55922E-01
    1    2    0   15
    1  0.000000E+00
    1  T  1  3 1  -3.81578E+00
    2  T  1  4 1  -1.95164E+00
    3  T  1  4 3  -1.56628E+00
    4  T  1  5 1  -1.18884E+00
    5  T  1  5 3  -1.00252E+00
    6  T  1  6 1  -8.00367E-01
    7  T  1  6 3  -6.96073E-01
    8  T  1  7 1  -5.75551E-01
    9  T  1  7 3  -5.11296E-01
   10  T  1  8 1  -4.33770E-01
   11  T  1  8 3  -3.91388E-01
   12  T  1  9 1  -3.38616E-01
   13  T  1  9 3  -3.09193E-01
   14  T  1 10 1  -2.71667E-01
   15  T  1 10 3  -2.50411E-01
    3    2    0   15
    1  0.000000E+00
    1  T  1  3 1  -3.86529E+00
    2  T  1  4 1  -1.96889E+00
    3  T  1  4 3  -1.56798E+00
    4  T  1  5 1  -1.19687E+00
    5  T  1  5 3  -1.00390E+00
    6  T  1  6 1  -8.04757E-01
    7  T  1  6 3  -6.97055E-01
    8  T  1  7 1  -5.78215E-01
    9  T  1  7 3  -5.11993E-01
   10  T  1  8 1  -4.35506E-01
   11  T  1  8 3  -3.91893E-01
   12  T  1  9 1  -3.39811E-01
   13  T  1  9 3  -3.09568E-01
   14  T  1 10 1  -2.72525E-01
   15  T  1 10 3  -2.50695E-01
    1    2    1    8
    1  0.000000E+00
    1  T  1  3 2  -2.87216E+00
    2  T  1  4 2  -1.61558E+00
    3  T  1  5 2  -1.02934E+00
    4  T  1  6 2  -7.11990E-01
    5  T  1  7 2  -5.21443E-01
    6  T  1  8 2  -3.98230E-01
    7  T  1  9 2  -3.14017E-01
    8  T  1 10 2  -2.53935E-01
    3    2    1    8
    1  0.000000E+00
    1  T  1  3 2  -2.87128E+00
    2  T  1  4 2  -1.61514E+00
    3  T  1  5 2  -1.02911E+00
    4  T  1  6 2  -7.11855E-01
    5  T  1  7 2  -5.21358E-01
    6  T  1  8 2  -3.98173E-01
    7  T  1  9 2  -3.13977E-01
    8  T  1 10 2  -2.53906E-01
    1    3    0    7
    1  0.000000E+00
    1  T  1  4 3  -1.56041E+00
    2  T  1  5 3  -9.98965E-01
    3  T  1  6 3  -6.93909E-01
    4  T  1  7 3  -5.09899E-01
    5  T  1  8 3  -3.90437E-01
    6  T  1  9 3  -3.08518E-01
    7  T  1 10 3  -2.49914E-01
    3    3    0    7
    1  0.000000E+00
    1  T  1  4 3  -1.56038E+00
    2  T  1  5 3  -9.98941E-01
    3  T  1  6 3  -6.93892E-01
    4  T  1  7 3  -5.09888E-01
    5  T  1  8 3  -3.90428E-01
    6  T  1  9 3  -3.08512E-01
    7  T  1 10 3  -2.49910E-01
    1    3    1   14
    1  0.000000E+00
    1  T  1  3 2  -2.89822E+00
    2  T  1  4 2  -1.62192E+00
    3  T  1  5 2  -1.03204E+00
    4  T  1  5 4  -1.00018E+00
    5  T  1  6 2  -7.13422E-01
    6  T  1  6 4  -6.94618E-01
    7  T  1  7 2  -5.22304E-01
    8  T  1  7 4  -5.10341E-01
    9  T  1  8 2  -3.98790E-01
   10  T  1  8 4  -3.90729E-01
   11  T  1  9 2  -3.14403E-01
   12  T  1  9 4  -3.08721E-01
   13  T  1 10 2  -2.54213E-01
   14  T  1 10 4  -2.50061E-01
    3    3    1   14
    1  0.000000E+00
    1  T  1  3 2  -2.92634E+00
    2  T  1  4 2  -1.63509E+00
    3  T  1  5 2  -1.03891E+00
    4  T  1  5 4  -1.00019E+00
    5  T  1  6 2  -7.17411E-01
    6  T  1  6 4  -6.94628E-01
    7  T  1  7 2  -5.24814E-01
    8  T  1  7 4  -5.10350E-01
    9  T  1  8 2  -4.00469E-01
   10  T  1  8 4  -3.90736E-01
   11  T  1  9 2  -3.15579E-01
   12  T  1  9 4  -3.08726E-01
   13  T  1 10 2  -2.55068E-01
   14  T  1 10 4  -2.50065E-01
    1    4    0   12
    1  0.000000E+00
    1  T  1  4 3  -1.56516E+00
    2  T  1  5 3  -1.00186E+00
    3  T  1  6 3  -6.95672E-01
    4  T  1  6 5  -6.94440E-01
    5  T  1  7 3  -5.11034E-01
    6  T  1  7 5  -5.10199E-01
    7  T  1  8 3  -3.91205E-01
    8  T  1  8 5  -3.90621E-01
    9  T  1  9 3  -3.09062E-01
   10  T  1  9 5  -3.08639E-01
   11  T  1 10 3  -2.50312E-01
   12  T  1 10 5  -2.49998E-01
    3    4    0   12
    1  0.000000E+00
    1  T  1  4 3  -1.56557E+00
    2  T  1  5 3  -1.00217E+00
    3  T  1  6 3  -6.95887E-01
    4  T  1  6 5  -6.94441E-01
    5  T  1  7 3  -5.11182E-01
    6  T  1  7 5  -5.10200E-01
    7  T  1  8 3  -3.91310E-01
    8  T  1  8 5  -3.90622E-01
    9  T  1  9 3  -3.09138E-01
   10  T  1  9 5  -3.08639E-01
   11  T  1 10 3  -2.50369E-01
   12  T  1 10 5  -2.49998E-01
    1    4    1    6
    1  0.000000E+00
    1  T  1  5 4  -9.99797E-01
    2  T  1  6 4  -6.94254E-01
    3  T  1  7 4  -5.10056E-01
    4  T  1  8 4  -3.90514E-01
    5  T  1  9 4  -3.08559E-01
    6  T  1 10 4  -2.49936E-01
    3    4    1    6
    1  0.000000E+00
    1  T  1  5 4  -9.99797E-01
    2  T  1  6 4  -6.94254E-01
    3  T  1  7 4  -5.10056E-01
    4  T  1  8 4  -3.90514E-01
    5  T  1  9 4  -3.08559E-01
    6  T  1 10 4  -2.49936E-01
    0    0    0    0
