   16    5    E
    2    0    0   20
    1  0.000000E+00
    1  C  1  0 0  -3.74693E+01
    2  T  1  3 0  -1.81206E+01
    3  T  2  3 1  -1.48361E+01
    4  T  3  3 1  -1.35339E+01
    5  T  6  3 0  -1.14259E+01
    6  T  5  3 2  -1.07212E+01
    7  T  1  4 0  -9.81517E+00
    8  T  2  4 1  -7.44281E+00
    9  T  1  5 0  -6.22414E+00
   10  T  3  4 1  -5.88105E+00
   11  T  1  6 0  -4.23393E+00
   12  T  2  5 1  -4.08293E+00
   13  T  5  4 2  -3.85967E+00
   14  T  6  4 0  -3.32996E+00
   15  T  1  7 0  -3.08755E+00
   16  T  3  5 1  -2.49416E+00
   17  T  1  8 0  -2.33685E+00
   18  T  2  6 1  -2.26479E+00
   19  T  1  9 0  -1.84332E+00
   20  T  1 10 0  -1.48866E+00
    4    0    0    8
    2  1.801151E+00
    1  T  2  3 1  -1.53644E+01
    2  T  2  4 1  -7.64749E+00
    3  T  2  5 1  -4.18106E+00
    4  T  2  6 1  -2.32601E+00
    5  T  2  7 1  -1.21724E+00
    6  T  2  8 1  -5.01865E-01
    7  T  2  9 1  -1.36688E-02
    8  T  2 10 1   3.34257E-01
    2    1    0   22
    2  1.801151E+00
    1  C  1  0 0  -3.72301E+01
    2  T  2  3 1  -1.55669E+01
    3  T  3  3 1  -1.37455E+01
    4  T  4  3 0  -1.28147E+01
    5  T  4  3 2  -1.17691E+01
    6  T  5  3 2  -1.08364E+01
    7  T  2  4 1  -7.69402E+00
    8  T  3  4 1  -5.97932E+00
    9  T  4  4 0  -5.02448E+00
   10  T  4  4 2  -4.51363E+00
   11  T  2  5 1  -4.18144E+00
   12  T  5  4 2  -3.87653E+00
   13  T  3  5 1  -2.51258E+00
   14  T  2  6 1  -2.33684E+00
   15  T  4  5 0  -1.45511E+00
   16  T  2  7 1  -1.22143E+00
   17  T  4  5 2  -1.17654E+00
   18  T  3  6 1: -6.88366E-01
   19  T  5  5 2: -5.93940E-01
   20  T  2  8 1  -5.03559E-01
   21  T  2  9 1  -1.69937E-02
   22  T  2 10 1   3.28896E-01
    4    1    0   15
    2  1.801151E+00
    1  C  1  0 0  -3.96851E+01
    2  T  2  3 1  -1.52288E+01
    3  T  4  3 0  -1.32587E+01
    4  T  4  3 2  -1.15726E+01
    5  T  2  4 1  -7.61742E+00
    6  T  4  4 0  -5.11266E+00
    7  T  4  4 2  -4.45996E+00
    8  T  2  5 1  -4.16270E+00
    9  T  2  6 1  -2.31960E+00
   10  T  4  5 0  -1.48977E+00
   11  T  2  7 1  -1.21872E+00
   12  T  4  5 2  -1.15646E+00
   13  T  2  8 1  -4.98557E-01
   14  T  2  9 1  -1.17753E-02
   15  T  2 10 1   3.35093E-01
    2    2    0   29
    1  0.000000E+00
    1  C  1  0 0  -3.83443E+01
    2  T  1  3 2  -1.64272E+01
    3  T  2  3 1  -1.51131E+01
    4  T  3  3 1  -1.37404E+01
    5  T  5  3 0  -1.26086E+01
    6  T  4  3 2  -1.12284E+01
    7  T  5  3 2  -1.10344E+01
    8  T  6  3 2  -9.91289E+00
    9  T  1  4 2  -9.17372E+00
   10  T  2  4 1  -7.54920E+00
   11  T  2  4 3  -7.15476E+00
   12  T  3  4 1  -6.00365E+00
   13  T  1  5 2  -5.84612E+00
   14  T  3  4 3  -5.50547E+00
   15  T  5  4 0  -4.57832E+00
   16  T  4  4 2  -4.32667E+00
   17  T  2  5 1  -4.11617E+00
   18  T  1  6 2  -4.05173E+00
   19  T  5  4 2  -3.94242E+00
   20  T  2  5 3  -3.92868E+00
   21  T  1  7 2  -2.97119E+00
   22  T  6  4 2  -2.75824E+00
   23  T  3  5 1  -2.51535E+00
   24  T  2  6 1  -2.30033E+00
   25  T  3  5 3  -2.27916E+00
   26  T  1  8 2  -2.26883E+00
   27  T  2  6 3  -2.18814E+00
   28  T  1  9 2  -1.79268E+00
   29  T  1 10 2  -1.45091E+00
    4    2    0   18
    2  1.801151E+00
    1  T  2  3 1  -1.55235E+01
    2  T  4  3 2  -1.17756E+01
    3  T  2  4 1  -7.70164E+00
    4  T  2  4 3  -7.18141E+00
    5  T  4  4 2  -4.53244E+00
    6  T  2  5 1  -4.19749E+00
    7  T  2  5 3  -3.95349E+00
    8  T  2  6 1  -2.33996E+00
    9  T  2  6 3  -2.19863E+00
   10  T  2  7 1  -1.24027E+00
   11  T  4  5 2  -1.18103E+00
   12  T  2  7 3  -1.13655E+00
   13  T  2  8 1  -5.06658E-01
   14  T  2  8 3  -4.49109E-01
   15  T  2  9 1  -1.73540E-02
   16  T  2  9 3   2.30928E-02
   17  T  2 10 1   3.31284E-01
   18  T  2 10 3   3.60864E-01
    2    3    0   18
    2  1.801151E+00
    1  T  4  3 2  -1.17104E+01
    2  T  5  3 2  -1.10195E+01
    3  T  2  4 3  -7.22805E+00
    4  T  3  4 3  -5.58107E+00
    5  T  4  4 2  -4.44711E+00
    6  T  5  4 2  -4.00609E+00
    7  T  2  5 3  -3.93580E+00
    8  T  3  5 3  -2.31937E+00
    9  T  2  6 3  -2.20889E+00
   10  T  4  5 2: -1.17112E+00
   11  T  2  7 3: -1.11887E+00
   12  T  4  5 4  -1.11148E+00
   13  T  5  5 2  -6.74923E-01
   14  T  5  5 4  -5.90696E-01
   15  T  3  6 3  -5.48232E-01
   16  T  2  8 3  -4.52640E-01
   17  T  2  9 3   2.00222E-02
   18  T  2 10 3   3.58262E-01
    4    3    0   11
    2  1.801151E+00
    1  T  4  3 2  -1.19352E+01
    2  T  2  4 3  -7.24442E+00
    3  T  4  4 2  -4.57452E+00
    4  T  2  5 3  -3.98269E+00
    5  T  2  6 3  -2.21406E+00
    6  T  4  5 2  -1.21942E+00
    7  T  2  7 3  -1.14581E+00
    8  T  4  5 4  -1.11158E+00
    9  T  2  8 3  -4.55555E-01
   10  T  2  9 3   1.85300E-02
   11  T  2 10 3   3.57507E-01
    2    4    0   13
    1  0.000000E+00
    1  T  5  3 2  -1.12599E+01
    2  T  2  4 3  -7.19040E+00
    3  T  1  5 4  -5.80629E+00
    4  T  3  4 3  -5.49954E+00
    5  T  5  4 2  -4.01429E+00
    6  T  1  6 4  -3.99834E+00
    7  T  2  5 3  -3.94671E+00
    8  T  1  7 4  -2.94043E+00
    9  T  3  5 3  -2.31471E+00
   10  T  1  8 4  -2.23637E+00
   11  T  2  6 5: -2.19818E+00
   12  T  2  6 3: -2.19745E+00
   13  T  1  9 4  -1.77681E+00
    4    4    0   12
    2  1.801151E+00
    1  T  2  4 3  -7.21653E+00
    2  T  2  5 3  -3.97241E+00
    3  T  2  6 3  -2.20827E+00
    4  T  2  6 5  -2.19836E+00
    5  T  2  7 5  -1.15202E+00
    6  T  2  7 3  -1.14400E+00
    7  T  4  5 4  -1.08022E+00
    8  T  2  8 3  -4.53236E-01
    9  T  2  8 5  -4.47565E-01
   10  T  2  9 3   2.02249E-02
   11  T  2  9 5   2.38767E-02
   12  T  2 10 3   3.58814E-01
    2    0    1    8
    4  4.654079E+00
    1  T  4  3 1  -1.27164E+01
    2  T  4  4 1  -4.87433E+00
    3  T  4  5 1  -1.36592E+00
    4  T  4  6 1   5.07243E-01
    5  T  4  7 1   1.62422E+00
    6  T  4  8 1   2.34359E+00
    7  T  4  9 1   2.83406E+00
    8  T  4 10 1   3.18341E+00
    4    0    1    9
    4  4.654079E+00
    1  C  2  0 0  -3.60535E+01
    2  T  4  3 1  -1.21551E+01
    3  T  4  4 1  -4.69466E+00
    4  T  4  5 1  -1.28436E+00
    5  T  4  6 1   5.51497E-01
    6  T  4  7 1   1.65107E+00
    7  T  4  8 1   2.36114E+00
    8  T  4  9 1   2.84618E+00
    9  T  4 10 1   3.19214E+00
    2    1    1   31
    1  0.000000E+00
    1  T  1  2 1  -4.13332E+01
    2  C  2  0 0  -3.45353E+01
    3  T  1  3 1  -1.72502E+01
    4  T  2  3 0  -1.58944E+01
    5  T  3  3 0  -1.45779E+01
    6  T  2  3 2  -1.40950E+01
    7  T  3  3 2  -1.27849E+01
    8  T  4  3 1  -1.21657E+01
    9  T  5  3 1  -1.14466E+01
   10  T  6  3 1  -1.05889E+01
   11  T  1  4 1  -9.46384E+00
   12  T  2  4 0  -7.89255E+00
   13  T  2  4 2  -7.18820E+00
   14  T  3  4 0  -6.33538E+00
   15  T  1  5 1  -5.99869E+00
   16  T  3  4 2  -5.63220E+00
   17  T  4  4 1  -4.66061E+00
   18  T  2  5 0  -4.30058E+00
   19  T  5  4 1  -4.14453E+00
   20  T  1  6 1  -4.12325E+00
   21  T  2  5 2  -3.95877E+00
   22  T  5  4 3  -3.77096E+00
   23  T  1  7 1: -3.02908E+00
   24  T  6  4 1: -3.01348E+00
   25  T  3  5 0  -2.67357E+00
   26  T  2  6 0  -2.40611E+00
   27  T  3  5 2  -2.35699E+00
   28  T  1  8 1  -2.29179E+00
   29  T  2  6 2  -2.20088E+00
   30  T  1  9 1  -1.81500E+00
   31  T  1 10 1  -1.46776E+00
    4    1    1   19
    2  1.801151E+00
    1  T  2  3 0  -1.63164E+01
    2  T  2  3 2  -1.45561E+01
    3  T  4  3 1  -1.24606E+01
    4  T  2  4 0  -8.02672E+00
    5  T  2  4 2  -7.34825E+00
    6  T  4  4 1  -4.79648E+00
    7  T  2  5 0  -4.35777E+00
    8  T  2  5 2  -4.03491E+00
    9  T  2  6 0  -2.43354E+00
   10  T  2  6 2  -2.24365E+00
   11  T  4  5 1  -1.34425E+00
   12  T  2  7 0  -1.26329E+00
   13  T  2  7 2  -1.16558E+00
   14  T  2  8 0  -5.45077E-01
   15  T  2  8 2  -4.67774E-01
   16  T  2  9 0  -4.44720E-02
   17  T  2  9 2   1.00968E-02
   18  T  2 10 0   3.11181E-01
   19  T  2 10 2   3.51469E-01
    2    2    1   23
    2  1.801151E+00
    1  C  2  0 0  -3.53134E+01
    2  T  2  3 2  -1.46261E+01
    3  T  3  3 2  -1.29308E+01
    4  T  4  3 1  -1.23617E+01
    5  T  5  3 1  -1.16559E+01
    6  T  2  4 2  -7.36445E+00
    7  T  3  4 2  -5.70452E+00
    8  T  4  4 1  -4.70852E+00
    9  T  4  4 3  -4.37498E+00
   10  T  5  4 1  -4.22653E+00
   11  T  2  5 2  -4.04084E+00
   12  T  5  4 3  -3.81741E+00
   13  T  3  5 2  -2.38504E+00
   14  T  2  6 2  -2.24168E+00
   15  T  4  5 1  -1.28341E+00
   16  T  2  7 2  -1.16623E+00
   17  T  4  5 3  -1.12132E+00
   18  T  5  5 1  -8.00216E-01
   19  T  5  5 3: -5.94916E-01
   20  T  3  6 2: -5.77442E-01
   21  T  2  8 2  -4.67460E-01
   22  T  2  9 2   9.31361E-03
   23  T  2 10 2   3.50513E-01
    4    2    1   13
    2  1.801151E+00
    1  T  2  3 2  -1.46445E+01
    2  T  4  3 1  -1.25631E+01
    3  T  2  4 2  -7.37539E+00
    4  T  4  4 1  -4.82232E+00
    5  T  4  4 3  -4.37849E+00
    6  T  2  5 2  -4.04629E+00
    7  T  2  6 2  -2.24944E+00
    8  T  4  5 1  -1.34244E+00
    9  T  2  7 2  -1.16884E+00
   10  T  4  5 3  -1.12313E+00
   11  T  2  8 2  -4.69827E-01
   12  T  2  9 2   8.56988E-03
   13  T  2 10 2   3.50267E-01
    2    3    1   22
    1  0.000000E+00
    1  T  2  3 2  -1.41932E+01
    2  T  3  3 2  -1.30488E+01
    3  T  5  3 1  -1.19064E+01
    4  T  1  4 3  -9.00790E+00
    5  T  2  4 2  -7.21679E+00
    6  T  1  5 3: -5.80901E+00
    7  T  3  4 2: -5.68679E+00
    8  T  4  4 3  -4.32840E+00
    9  T  5  4 1  -4.26662E+00
   10  T  1  6 3  -4.01075E+00
   11  T  2  5 2  -3.96815E+00
   12  T  2  5 4  -3.93046E+00
   13  T  5  4 3  -3.86750E+00
   14  T  1  7 3  -2.94366E+00
   15  T  6  4 3  -2.64935E+00
   16  T  3  5 2  -2.39106E+00
   17  T  3  5 4: -2.25285E+00
   18  T  1  8 3: -2.25283E+00
   19  T  2  6 2  -2.20551E+00
   20  T  2  6 4  -2.19409E+00
   21  T  1  9 3  -1.77970E+00
   22  T  1 10 3  -1.44161E+00
    4    3    1   15
    2  1.801151E+00
    1  T  2  3 2  -1.48450E+01
    2  T  2  4 2  -7.44585E+00
    3  T  4  4 3  -4.35006E+00
    4  T  2  5 2  -4.07964E+00
    5  T  2  5 4  -3.93284E+00
    6  T  2  6 2  -2.26816E+00
    7  T  2  6 4  -2.19458E+00
    8  T  2  7 2  -1.18196E+00
    9  T  2  7 4  -1.15051E+00
   10  T  4  5 3  -1.08649E+00
   11  T  2  8 2  -4.77497E-01
   12  T  2  8 4  -4.46357E-01
   13  T  2  9 2   3.33816E-03
   14  T  2  9 4   2.46840E-02
   15  T  2 10 2   3.46584E-01
    2    4    1   12
    2  1.801151E+00
    1  T  4  4 3  -4.39260E+00
    2  T  2  5 4  -3.94509E+00
    3  T  5  4 3  -3.88768E+00
    4  T  3  5 4  -2.30099E+00
    5  T  2  6 4  -2.20363E+00
    6  T  2  7 4: -1.16516E+00
    7  T  4  5 3: -1.09382E+00
    8  T  5  5 3  -6.30021E-01
    9  T  3  6 4  -5.30912E-01
   10  T  2  8 4  -4.50071E-01
   11  T  2  9 4   2.19427E-02
   12  T  2 10 4   3.59675E-01
    4    4    1    8
    2  1.801151E+00
    1  T  4  4 3  -4.40728E+00
    2  T  2  5 4  -3.94687E+00
    3  T  2  6 4  -2.20385E+00
    4  T  2  7 4: -1.16783E+00
    5  T  4  5 3: -1.10209E+00
    6  T  2  8 4  -4.50312E-01
    7  T  2  9 4   2.18332E-02
    8  T  2 10 4   3.59635E-01
    0    0    0    0
