   16   16    E
    1    0    0    9
    3  2.237750E-01
    1  C  1  0 0  -5.73332E-01
    2  T  3  4 1   7.69404E-02
    3  T  3  5 1   1.48326E-01
    4  T  3  6 1   1.77559E-01
    5  T  3  7 1   1.92526E-01
    6  T  3  8 1   2.01230E-01
    7  T  3  9 1   2.06740E-01
    8  T  3 10 1   2.10450E-01
    9  T  3 11 1   2.13067E-01
    1    1    0   15
    2  1.355260E-01
    1  T  2  4 1  -4.80147E-02
    2  T  3  4 1   4.02576E-02
    3  T  2  5 1   5.56539E-02
    4  T  2  4 3   7.32217E-02
    5  T  2  6 1   8.43499E-02
    6  T  2  5 3   9.55899E-02
    7  T  2  7 1   1.01362E-01
    8  T  2  6 3   1.07776E-01
    9  T  2  8 1   1.11150E-01
   10  T  2  7 3   1.15131E-01
   11  T  2  9 1   1.17266E-01
   12  T  2  8 3   1.19908E-01
   13  T  2 10 1   1.21339E-01
   14  T  2  9 3   1.23184E-01
   15  T  2 11 1   1.24187E-01
    1    2    0   16
    2  1.355260E-01
    1  C  1  0 0  -6.98444E-01
    2  T  2  4 1  -1.60552E-02
    3  T  3  4 1   5.60930E-02
    4  T  2  5 1   5.99762E-02
    5  T  2  4 3   7.33738E-02
    6  T  2  6 1   8.84909E-02
    7  T  2  5 3   9.56122E-02
    8  T  2  7 1   1.03802E-01
    9  T  2  6 3   1.07784E-01
   10  T  2  8 1   1.12683E-01
   11  T  2  7 3   1.15135E-01
   12  T  2  9 1   1.18293E-01
   13  T  2  8 3   1.19910E-01
   14  T  2 10 1   1.22062E-01
   15  T  2  9 3   1.23185E-01
   16  T  2 11 1   1.24717E-01
    1    3    0   14
    2  1.355260E-01
    1  T  2  4 1  -3.80250E-02
    2  T  2  5 1   5.06358E-02
    3  T  2  4 3   7.30519E-02
    4  T  2  6 1   8.48688E-02
    5  T  2  5 3   9.55414E-02
    6  T  2  7 1   1.01837E-01
    7  T  2  6 3   1.07757E-01
    8  T  2  8 1   1.11498E-01
    9  T  2  7 3   1.15123E-01
   10  T  2  9 1   1.17523E-01
   11  T  2  8 3   1.19905E-01
   12  T  2 10 1   1.21535E-01
   13  T  2  9 3   1.23183E-01
   14  T  2 11 1   1.24340E-01
    1    4    0    6
    2  1.355260E-01
    1  T  2  4 3   7.30749E-02
    2  T  2  5 3   9.55594E-02
    3  T  2  6 3   1.07769E-01
    4  T  2  7 3   1.15132E-01
    5  T  2  8 3   1.19910E-01
    6  T  2  9 3   1.23187E-01
    1    5    0    7
    2  1.355260E-01
    1  T  2  4 3   7.29948E-02
    2  T  2  5 3   9.54999E-02
    3  T  2  6 3   1.07729E-01
    4  T  2  7 3   1.15104E-01
    5  T  2  8 3   1.19891E-01
    6  T  2  9 3   1.23173E-01
    7  T  2 10 3   1.25521E-01
    1    0    1    8
    2  1.355260E-01
    1  T  2  3 2  -2.25323E-02
    2  T  2  4 2   5.28428E-02
    3  T  2  5 2   8.55413E-02
    4  T  2  6 2   1.02117E-01
    5  T  2  7 2   1.11638E-01
    6  T  2  8 2   1.17603E-01
    7  T  2  9 2   1.21585E-01
    8  T  2 10 2   1.24373E-01
    1    1    1   11
    2  1.355260E-01
    1  T  2  3 2  -4.30833E-02
    2  T  3  4 0  -1.83794E-02
    3  T  2  4 2   4.58698E-02
    4  T  2  5 2   8.20500E-02
    5  T  2  6 2   1.00126E-01
    6  T  2  7 2   1.10333E-01
    7  T  3  5 0   1.12864E-01
    8  T  2  8 2   1.16434E-01
    9  T  3  3 2   1.17501E-01
   10  T  2  9 2   1.21104E-01
   11  T  2 10 2   1.24012E-01
    1    2    1   17
    2  1.355260E-01
    1  T  2  4 0  -1.15665E-01
    2  T  2  3 2   1.57392E-02
    3  T  2  5 0   2.81920E-02
    4  T  2  4 2   6.52581E-02
    5  T  2  6 0   7.47243E-02
    6  T  2  5 2   8.49881E-02
    7  T  2  7 0   9.62874E-02
    8  T  2  6 2   9.76449E-02
    9  T  3  3 2   1.07866E-01
   10  T  2  8 0   1.08429E-01
   11  T  2  7 2   1.14906E-01
   12  T  2  9 0   1.15515E-01
   13  T  2  8 2   1.19674E-01
   14  T  2 10 0   1.20162E-01
   15  T  2  9 2   1.22978E-01
   16  T  2 11 0   1.23362E-01
   17  T  2 10 2   1.25354E-01
    1    3    1    9
    2  1.355260E-01
    1  T  2  3 2   2.55196E-02
    2  T  2  4 2   7.30919E-02
    3  T  2  5 2   9.53919E-02
    4  T  3  3 2   1.05718E-01
    5  T  2  6 2   1.08046E-01
    6  T  2  7 2   1.15078E-01
    7  T  2  8 2   1.19865E-01
    8  T  2  9 2   1.23151E-01
    9  T  2 10 2   1.25502E-01
    1    4    1    8
    2  1.355260E-01
    1  T  2  3 2   2.95761E-03
    2  T  2  4 2   6.15924E-02
    3  T  2  5 2   8.94050E-02 X WAS T3
    4  T  2  6 2   1.04166E-01
    5  T  2  7 2   1.12858E-01
    6  T  2  8 2   1.18388E-01
    7  T  2  9 2   1.22120E-01
    8  T  2 10 2   1.24755E-01
    3    0    0    8
    3  2.237750E-01
    1  T  3  4 1   4.29521E-02
    2  T  3  5 1   1.36595E-01
    3  T  3  6 1   1.72090E-01
    4  T  3  7 1   1.89536E-01
    5  T  3  8 1   1.99418E-01
    6  T  3  9 1   2.05560E-01
    7  T  3 10 1   2.09639E-01
    8  T  3 11 1   2.12485E-01
    3    1    0   10
    1  0.000000E+00
    1  C  1  0 0  -7.90052E-01
    2  T  1  4 1  -1.63889E-01
    3  T  1  5 1  -8.28353E-02
    4  T  1  6 1  -5.06901E-02
    5  T  1  7 1: -3.54454E-02
    6  T  2  4 1: -2.83477E-02
    7  T  1  8 1  -2.23718E-02
    8  T  1  9 1  -1.72338E-02
    9  T  1 10 1  -1.35427E-02
   10  T  1 11 1  -1.08935E-02
    3    2    0   16
    2  1.355260E-01
    1  T  2  4 1  -4.51927E-02
    2  T  3  4 1   4.29287E-02
    3  T  2  5 1   5.09334E-02
    4  T  2  4 3   7.32282E-02
    5  T  2  6 1   8.40409E-02
    6  T  2  5 3   9.55857E-02
    7  T  2  7 1   1.01353E-01
    8  T  2  6 3   1.07771E-01
    9  T  2  8 1   1.11195E-01
   10  T  2  7 3   1.15126E-01
   11  T  2  9 1   1.17321E-01
   12  T  2  8 3   1.19904E-01
   13  T  2 10 1   1.21392E-01
   14  T  2  9 3   1.23180E-01
   15  T  2 11 1   1.24235E-01
   16  T  2 10 3   1.25525E-01
    3    3    0    8
    1  0.000000E+00
    1  T  1  4 3  -6.25228E-02
    2  T  2  4 1  -4.12842E-02
    3  T  1  5 3  -3.99911E-02
    4  T  1  6 3  -2.77895E-02
    5  T  1  7 3  -2.04170E-02
    6  T  1  8 3  -1.56315E-02
    7  T  1  9 3  -1.23506E-02
    8  T  1 10 3  -1.00037E-02
    3    4    0    7
    2  1.355260E-01
    1  T  2  4 3   7.30000E-02 X WAS T 1
    2  T  2  5 3   9.55003E-02 X WAS T 1
    3  T  2  6 3   1.07728E-01 X WAS T 1
    4  T  2  7 3   1.15103E-01 X WAS T 1
    5  T  2  8 3   1.19890E-01 X WAS T 1
    6  T  2  9 3   1.23172E-01 X WAS T 1
    7  T  2 10 3   1.25520E-01 X WAS T 1
    3    0    1    8
    1  0.000000E+00
    1  T  1  4 0  -2.41514E-01
    2  T  1  5 0  -1.07556E-01
    3  T  1  6 0  -6.08856E-02
    4  T  1  7 0  -3.91561E-02
    5  T  1  8 0  -2.72879E-02
    6  T  1  9 0  -2.01008E-02
    7  T  1 10 0  -1.54203E-02
    8  T  1 11 0  -1.22029E-02
    3    1    1   11
    2  1.355260E-01
    1  C  2  0 0  -1.47105E-01
    2  T  3  4 0  -4.69640E-02
    3  T  2  3 2   2.94670E-02
    4  T  2  4 2   7.38170E-02
    5  T  2  5 2   9.37775E-02
    6  T  3  3 2   9.97856E-02
    7  T  2  6 2   1.08103E-01
    8  T  3  5 0   1.10397E-01
    9  T  2  7 2   1.15520E-01
   10  T  2  8 2   1.20092E-01
   11  T  2  9 2   1.23287E-01
    3    2    1    9
    1  0.000000E+00
    1  T  2  4 0  -1.35167E-01
    2  T  1  3 2  -1.17686E-01
    3  T  1  4 2  -6.92819E-02
    4  T  1  5 2  -4.48874E-02
    5  T  1  6 2  -3.12912E-02
    6  T  1  7 2  -2.29829E-02
    7  T  1  8 2  -1.75492E-02
    8  T  1  9 2  -1.38094E-02
    9  T  1 10 2  -1.11318E-02
    3    3    1    9
    2  1.355260E-01
    1  T  2  3 2  -1.58583E-02
    2  T  2  4 2   5.24417E-02
    3  T  2  5 2   8.12686E-02
    4  T  3  3 2   9.16606E-02
    5  T  2  6 2   1.03411E-01
    6  T  2  7 2   1.12152E-01
    7  T  2  8 2   1.17862E-01
    8  T  2  9 2   1.21731E-01
    9  T  2 10 2   1.24463E-01
    5    1    0    8
    1  0.000000E+00
    1  T  1  4 1  -1.80236E-01
    2  T  1  5 1  -8.69846E-02
    3  T  1  6 1  -5.15967E-02
    4  T  1  7 1  -3.41919E-02
    5  T  1  8 1  -2.43291E-02
    6  T  1  9 1  -1.81970E-02
    7  T  1 10 1  -1.41239E-02
    8  T  1 11 1  -1.12806E-02
    5    2    0    8
    4  7.254760E-01
    1  T  4  3 2   5.39870E-01
    2  T  4  4 2   6.34317E-01
    3  T  4  5 2   6.72075E-01
    4  T  4  6 2   6.90327E-01
    5  T  4  7 2   7.00576E-01
    6  T  4  8 2   7.06910E-01
    7  T  4  9 2   7.11100E-01
    8  T  4 10 2   7.14016E-01
    5    3    0    7
    1  0.000000E+00
    1  T  1  4 3  -6.25646E-02
    2  T  1  5 3  -4.00538E-02
    3  T  1  6 3  -2.78162E-02
    4  T  1  7 3  -2.04353E-02
    5  T  1  8 3  -1.56445E-02
    6  T  1  9 3  -1.23600E-02
    7  T  1 10 3  -1.00108E-02
    5    0    1    9
    1  0.000000E+00
    1  T  1  4 0  -2.76628E-01
    2  T  1  5 0  -1.15575E-01
    3  T  1  6 0  -6.40146E-02
    4  T  1  7 0  -4.06940E-02
    5  T  1  8 0  -2.81545E-02
    6  T  1  9 0  -2.06361E-02
    7  T  1 10 0  -1.57737E-02
    8  T  1 11 0  -1.24482E-02
    9  T  1 12 0  -1.00737E-02
    5    1    1    8
    4  7.254760E-01
    1  T  4  4 1   5.30625E-01
    2  T  4  5 1   6.34624E-01
    3  T  4  6 1   6.72217E-01
    4  T  4  7 1   6.90414E-01
    5  T  4  8 1   7.00634E-01
    6  T  4  9 1   7.06950E-01
    7  T  4 10 1   7.11129E-01
    8  T  4 11 1   7.14037E-01
    5    2    1    8
    1  0.000000E+00
    1  T  1  3 2  -1.49273E-01
    2  T  1  4 2  -8.03576E-02
    3  T  1  5 2  -4.90078E-02
    4  T  1  6 2  -3.28984E-02
    5  T  1  7 2  -2.35859E-02
    6  T  1  8 2  -1.77292E-02
    7  T  1  9 2  -1.38097E-02
    8  T  1 10 2  -1.10592E-02
    5    3    1    7
    4  7.254760E-01
    1  T  4  4 3   6.62519E-01
    2  T  4  5 3   6.85215E-01
    3  T  4  6 3   6.97543E-01
    4  T  4  7 3   7.04969E-01
    5  T  4  8 3   7.09785E-01
    6  T  4  9 3   7.13084E-01
    7  T  4 10 3   7.15442E-01
    0    0    0    0
