   16   10    E
    1    0    0   10
    1  0.000000E+00
    1  C  1  0 0  -2.07455E+01
    2  T  1  3 1  -6.45659E+00
    3  T  1  4 1  -3.49891E+00
    4  T  2  3 0  -3.26698E+00
    5  T  1  5 1  -2.15235E+00
    6  T  1  6 1  -1.47164E+00
    7  T  1  7 1  -1.06912E+00
    8  T  1  8 1  -8.11683E-01
    9  T  1  9 1  -6.37151E-01
   10  T  1 10 1  -5.13405E-01
    3    0    0    9
    1  0.000000E+00
    1  T  1  3 1  -7.26746E+00
    2  T  1  4 1  -3.79494E+00
    3  T  2  3 0  -3.43892E+00
    4  T  1  5 1  -2.28162E+00
    5  T  1  6 1  -1.54353E+00
    6  T  1  7 1  -1.11309E+00
    7  T  1  8 1  -8.40534E-01
    8  T  1  9 1  -6.57108E-01
    9  T  1 10 1  -5.27787E-01
    1    1    0    8
    1  0.000000E+00
    1  T  1  3 1  -7.00961E+00
    2  T  1  4 1  -3.66089E+00
    3  T  1  5 1  -2.25226E+00
    4  T  1  6 1  -1.52570E+00
    5  T  1  7 1  -1.10182E+00
    6  T  1  8 1  -8.32993E-01
    7  T  1  9 1  -6.51816E-01
    8  T  1 10 1  -5.23929E-01
    3    1    0    8
    1  0.000000E+00
    1  T  1  3 1  -7.00637E+00
    2  T  1  4 1  -3.65974E+00
    3  T  1  5 1  -2.25172E+00
    4  T  1  6 1  -1.52540E+00
    5  T  1  7 1  -1.10164E+00
    6  T  1  8 1  -8.32875E-01
    7  T  1  9 1  -6.51734E-01
    8  T  1 10 1  -5.23871E-01
    1    1    1   17
    1  0.000000E+00
    1  T  1  3 0  -7.99207E+00
    2  T  1  3 2  -5.50512E+00
    3  T  1  4 0  -4.02643E+00
    4  T  1  4 2  -3.09667E+00
    5  T  1  5 0  -2.43425E+00
    6  T  2  3 1  -2.41680E+00
    7  T  1  5 2  -1.97298E+00
    8  T  1  6 0  -1.62283E+00
    9  T  1  6 2  -1.37060E+00
   10  T  1  7 0  -1.16118E+00
   11  T  1  7 2  -1.00640E+00
   12  T  1  8 0  -8.71874E-01
   13  T  1  8 2  -7.70080E-01
   14  T  1  9 0  -6.78652E-01
   15  T  1  9 2  -6.08142E-01
   16  T  1 10 0  -5.43223E-01
   17  T  1 10 2  -4.92374E-01
    3    1    1   17
    1  0.000000E+00
    1  T  1  3 0  -8.09298E+00
    2  T  1  3 2  -5.82458E+00
    3  T  1  4 0  -4.06111E+00
    4  T  1  4 2  -3.23300E+00
    5  T  2  3 1  -2.51865E+00
    6  T  1  5 0  -2.41881E+00
    7  T  1  5 2  -2.04693E+00
    8  T  1  6 0  -1.62968E+00
    9  T  1  6 2  -1.41218E+00
   10  T  1  7 0  -1.16554E+00
   11  T  1  7 2  -1.03230E+00
   12  T  1  8 0  -8.74761E-01
   13  T  1  8 2  -7.87301E-01
   14  T  1  9 0  -6.80654E-01
   15  T  1  9 2  -6.20173E-01
   16  T  1 10 0  -5.44666E-01
   17  T  1 10 2  -5.01109E-01
    1    2    0   16
    1  0.000000E+00
    1  T  1  3 1  -7.02623E+00
    2  T  1  4 1  -3.66312E+00
    3  T  1  4 3  -3.07261E+00
    4  T  1  5 1  -2.25361E+00
    5  T  1  5 3  -1.96761E+00
    6  T  1  6 1  -1.52687E+00
    7  T  1  6 3  -1.36962E+00
    8  T  2  3 2  -1.11902E+00
    9  T  1  7 1  -1.09427E+00
   10  T  1  7 3  -9.93515E-01
   11  T  1  8 1  -8.32882E-01
   12  T  1  8 3  -7.65053E-01
   13  T  1  9 1  -6.51839E-01
   14  T  1  9 3  -6.04965E-01
   15  T  1 10 1  -5.23971E-01
   16  T  1 10 3  -4.90148E-01
    3    2    0   16
    1  0.000000E+00
    1  T  1  3 1  -7.09965E+00
    2  T  1  4 1  -3.68895E+00
    3  T  1  4 3  -3.07818E+00
    4  T  1  5 1  -2.26587E+00
    5  T  1  5 3  -1.97357E+00
    6  T  1  6 1  -1.53408E+00
    7  T  1  6 3  -1.38110E+00
    8  T  2  3 2  -1.19080E+00
    9  T  1  7 1  -1.10371E+00
   10  T  1  7 3  -9.93996E-01
   11  T  1  8 1  -8.35402E-01
   12  T  1  8 3  -7.64947E-01
   13  T  1  9 1  -6.53583E-01
   14  T  1  9 3  -6.05050E-01
   15  T  1 10 1  -5.25230E-01
   16  T  1 10 3  -4.90278E-01
    1    2    1    8
    1  0.000000E+00
    1  T  1  3 2  -5.66887E+00
    2  T  1  4 2  -3.17894E+00
    3  T  1  5 2  -2.02255E+00
    4  T  1  6 2  -1.39806E+00
    5  T  1  7 2  -1.02351E+00
    6  T  1  8 2  -7.81473E-01
    7  T  1  9 2  -6.16111E-01
    8  T  1 10 2  -4.98165E-01
    3    2    1    8
    1  0.000000E+00
    1  T  1  3 2  -5.66720E+00
    2  T  1  4 2  -3.17819E+00
    3  T  1  5 2  -2.02217E+00
    4  T  1  6 2  -1.39784E+00
    5  T  1  7 2  -1.02337E+00
    6  T  1  8 2  -7.81381E-01
    7  T  1  9 2  -6.16047E-01
    8  T  1 10 2  -4.98119E-01
    1    3    0    7
    1  0.000000E+00
    1  T  1  4 3  -3.05875E+00
    2  T  1  5 3  -1.95891E+00
    3  T  1  6 3  -1.36083E+00
    4  T  1  7 3  -9.99962E-01
    5  T  1  8 3  -7.65662E-01
    6  T  1  9 3  -6.04995E-01
    7  T  1 10 3  -4.90057E-01
    3    3    0    7
    1  0.000000E+00
    1  T  1  4 3  -3.05867E+00
    2  T  1  5 3  -1.95884E+00
    3  T  1  6 3  -1.36078E+00
    4  T  1  7 3  -9.99931E-01
    5  T  1  8 3  -7.65640E-01
    6  T  1  9 3  -6.04979E-01
    7  T  1 10 3  -4.90045E-01
    1    3    1   14
    1  0.000000E+00
    1  T  1  3 2  -5.70702E+00
    2  T  1  4 2  -3.18672E+00
    3  T  1  5 2  -2.02594E+00
    4  T  1  5 4  -1.96064E+00
    5  T  1  6 2  -1.39988E+00
    6  T  1  6 4  -1.36169E+00
    7  T  1  7 2  -1.02461E+00
    8  T  1  7 4  -1.00044E+00
    9  T  1  8 2  -7.82188E-01
   10  T  1  8 4  -7.65957E-01
   11  T  1  9 2  -6.16603E-01
   12  T  1  9 4  -6.05189E-01
   13  T  1 10 2  -4.98519E-01
   14  T  1 10 4  -4.90191E-01
    3    3    1   14
    1  0.000000E+00
    1  T  1  3 2  -5.76303E+00
    2  T  1  4 2  -3.21099E+00
    3  T  1  5 2  -2.03822E+00
    4  T  1  5 4  -1.96068E+00
    5  T  1  6 2  -1.40690E+00
    6  T  1  6 4  -1.36174E+00
    7  T  1  7 2  -1.02899E+00
    8  T  1  7 4  -1.00049E+00
    9  T  1  8 2  -7.85101E-01
   10  T  1  8 4  -7.65991E-01
   11  T  1  9 2  -6.18638E-01
   12  T  1  9 4  -6.05214E-01
   13  T  1 10 2  -4.99996E-01
   14  T  1 10 4  -4.90212E-01
    1    4    0   12
    1  0.000000E+00
    1  T  1  4 3  -3.06952E+00
    2  T  1  5 3  -1.96471E+00
    3  T  1  6 3  -1.36419E+00
    4  T  1  6 5  -1.36111E+00
    5  T  1  7 3  -1.00207E+00
    6  T  1  7 5  -1.00000E+00
    7  T  1  8 3  -7.67068E-01
    8  T  1  8 5  -7.65628E-01
    9  T  1  9 3  -6.05978E-01
   10  T  1  9 5  -6.04942E-01
   11  T  1 10 3  -4.90772E-01
   12  T  1 10 5  -4.90004E-01
    3    4    0   12
    1  0.000000E+00
    1  T  1  4 3  -3.07066E+00
    2  T  1  5 3  -1.96557E+00
    3  T  1  6 3  -1.36476E+00
    4  T  1  6 5  -1.36111E+00
    5  T  1  7 3  -1.00246E+00
    6  T  1  7 5  -1.00000E+00
    7  T  1  8 3  -7.67343E-01
    8  T  1  8 5  -7.65630E-01
    9  T  1  9 3  -6.06178E-01
   10  T  1  9 5  -6.04944E-01
   11  T  1 10 3  -4.90921E-01
   12  T  1 10 5  -4.90005E-01
    1    4    1    6
    1  0.000000E+00
    1  T  1  5 4  -1.95932E+00
    2  T  1  6 4  -1.36053E+00
    3  T  1  7 4  -9.99567E-01
    4  T  1  8 4  -7.65310E-01
    5  T  1  9 4  -6.04706E-01
    6  T  1 10 4  -4.89825E-01
    3    4    1    6
    1  0.000000E+00
    1  T  1  5 4  -1.95932E+00
    2  T  1  6 4  -1.36053E+00
    3  T  1  7 4  -9.99567E-01
    4  T  1  8 4  -7.65309E-01
    5  T  1  9 4  -6.04706E-01
    6  T  1 10 4  -4.89825E-01
    0    0    0    0
