   16   14    E
    1    0    1    9
    5  1.239110E+00
    1  C  5  0 0   1.32901E-01
    2  T  5  4 1   2.03412E-01
    3  T  5  5 1   6.75399E-01
    4  T  5  6 1   8.80561E-01
    5  T  5  7 1   9.90559E-01
    6  T  5  8 1   1.05657E+00
    7  T  5  9 1   1.09934E+00
    8  C  6  0 0   1.10961E+00
    9  T  5 10 1   1.12865E+00
    1    1    1   17
    1  0.000000E+00
    1  C  2  0 0  -1.28137E+00
    2  T  1  4 0  -1.20140E+00
    3  T  1  3 2  -1.01526E+00
    4  T  1  5 0  -6.36567E-01
    5  T  1  4 2  -6.22708E-01
    6  T  1  6 0  -3.98201E-01
    7  T  1  5 2  -3.91669E-01
    8  T  1  7 0: -2.72759E-01
    9  T  1  6 2  -2.68400E-01
   10  T  1  7 2: -1.98466E-01
   11  T  1  8 0  -1.95312E-01
   12  T  1  8 2: -1.50934E-01
   13  T  1  9 0  -1.48500E-01
   14  T  1  9 2: -1.18845E-01
   15  T  1 10 0  -1.16737E-01
   16  T  1 10 2: -9.65360E-02
   17  T  1 11 0  -9.42020E-02
    1    2    1   10
    1  0.000000E+00
    1  T  1  3 2  -1.61587E+00
    2  C  2  0 0  -1.14760E+00
    3  T  1  4 2  -6.91331E-01
    4  T  1  5 2  -4.22438E-01
    5  T  1  6 2  -2.85357E-01
    6  T  1  7 2  -2.05722E-01
    7  T  1  8 2  -1.55394E-01
    8  T  1  9 2: -1.22900E-01
    9  T  3  4 1  -1.18233E-01
   10  T  1 10 2  -9.72167E-02
    1    3    1   14
    1  0.000000E+00
    1  T  1  3 2  -1.10586E+00
    2  T  1  4 2  -6.36781E-01
    3  T  1  5 2  -3.99706E-01
    4  T  1  5 4  -3.59407E-01
    5  T  1  6 2  -2.74082E-01
    6  T  1  6 4  -2.49645E-01
    7  T  1  7 2  -1.99670E-01
    8  T  1  7 4  -1.83482E-01
    9  T  1  8 2  -1.52357E-01
   10  T  1  8 4  -1.40533E-01
   11  T  1  9 2: -1.21844E-01
   12  T  1  9 4  -1.11139E-01
   13  T  3  4 1  -1.06401E-01
   14  T  1 10 2  -9.26192E-02
    1    4    1    6
    1  0.000000E+00
    1  T  1  5 4  -3.62526E-01
    2  T  1  6 4  -2.52039E-01
    3  T  1  7 4  -1.85133E-01
    4  T  1  8 4  -1.41671E-01
    5  T  1  9 4  -1.11876E-01
    6  T  1 10 4  -9.05734E-02
    1    5    1    6
    1  0.000000E+00
    1  T  1  5 4  -3.60066E-01
    2  T  1  6 4  -2.50134E-01
    3  T  1  7 4  -1.83807E-01
    4  T  1  8 4  -1.40739E-01
    5  T  1  9 4  -1.11203E-01
    6  T  1 10 4  -9.00742E-02
    3    0    1   10
    2  6.179938E-01
    1  C  2  0 0  -1.27201E+00
    2  T  2  4 1  -3.89591E-01
    3  T  2  5 1   6.00548E-02
    4  T  2  6 1   2.55326E-01
    5  T  5  4 1   2.94082E-01
    6  T  2  7 1   3.72221E-01
    7  T  2  8 1   4.36208E-01
    8  T  5  5 1:  4.73356E-01
    9  T  2  9 1   4.82458E-01
   10  T  2 10 1   5.08539E-01
    3    1    1   19
    1  0.000000E+00
    1  C  2  0 0  -1.66160E+00
    2  T  1  4 0: -1.24765E+00
    3  T  1  3 2: -1.20893E+00
    4  T  1  4 2  -6.67693E-01
    5  T  1  5 0  -6.44217E-01
    6  T  1  5 2  -4.12399E-01
    7  T  1  6 0  -3.99623E-01
    8  T  2  4 1  -2.95358E-01
    9  T  1  6 2  -2.74817E-01
   10  T  1  7 0  -2.70420E-01
   11  T  1  7 2  -2.01360E-01
   12  T  1  8 0  -1.97229E-01
   13  T  1  8 2  -1.52637E-01
   14  T  1  9 0  -1.49659E-01
   15  T  1  9 2  -1.19720E-01
   16  T  1 10 0  -1.17501E-01
   17  T  3  4 1  -9.99036E-02
   18  T  1 10 2  -9.54716E-02
   19  T  1 11 0  -9.37790E-02
    3    2    1   11
    1  0.000000E+00
    1  C  2  0 0  -1.81256E+00
    2  T  1  3 2  -1.19987E+00
    3  T  1  4 2  -6.75658E-01
    4  T  1  5 2  -4.18602E-01
    5  T  2  4 1  -3.25072E-01
    6  T  1  6 2  -2.77797E-01
    7  T  1  7 2  -2.02712E-01
    8  T  1  8 2  -1.53578E-01
    9  T  3  4 1  -1.41045E-01
   10  T  1  9 2  -1.20220E-01
   11  T  1 10 2  -9.66604E-02
    3    3    1   14
    1  0.000000E+00
    1  T  1  3 2  -1.44049E+00 :WAS C12 0 0
    2  T  1  4 2  -6.92299E-01 :WAS T 1 3 2
    3  T  1  5 2  -4.21440E-01 :WAS T 1 4 2
    4  T  1  5 4  -3.59516E-01
    5  T  1  6 2  -2.84990E-01 :WAS T 1 5 2
    6  T  1  6 4  -2.49747E-01
    7  T  1  7 2  -2.06416E-01 :WAS T 1 6 2
    8  T  1  7 4  -1.83561E-01
    9  T  1  8 2  -1.59037E-01 :WAS T 1 7 2
   10  T  1  8 4  -1.40645E-01
   11  T  3  4 1  -1.37993E-01
   12  T  1  9 2  -1.17687E-01 :WAS T 1 8 2
   13  T  1  9 4  -1.11074E-01
   14  T  1 10 2  -9.57568E-02 :WAS T 1 9 2
    3    4    1    6
    1  0.000000E+00
    1  T  1  5 4  -3.62492E-01
    2  T  1  6 4  -2.52010E-01
    3  T  1  7 4  -1.85112E-01
    4  T  1  8 4  -1.41656E-01
    5  T  1  9 4  -1.11866E-01
    6  T  1 10 4  -9.05658E-02
    3    5    1    6
    1  0.000000E+00
    1  T  1  5 4  -3.60205E-01
    2  T  1  6 4  -2.50265E-01
    3  T  1  7 4  -1.83909E-01
    4  T  1  8 4  -1.40815E-01
    5  T  1  9 4  -1.11262E-01
    6  T  1 10 4  -9.01188E-02
    5    0    1    8
    2  6.179938E-01
    1  C  2  0 0  -2.06286E+00
    2  T  2  4 1  -3.47625E-01
    3  T  2  5 1   7.88377E-02
    4  T  2  6 1   2.70938E-01
    5  T  2  7 1   3.75778E-01
    6  T  2  8 1   4.39336E-01
    7  T  2  9 1   4.80780E-01
    8  T  2 10 1   5.09304E-01
    5    1    1    7
    2  6.179938E-01
    1  T  2  4 1  -3.65678E-01
    2  T  2  5 1   6.90624E-02
    3  T  2  6 1   2.66774E-01
    4  T  2  7 1   3.73623E-01
    5  T  2  8 1   4.38067E-01
    6  T  2  9 1   4.79964E-01
    7  T  2 10 1   5.08746E-01
    5    2    1   16
    2  6.179938E-01
    1  T  2  4 1  -3.90262E-01
    2  T  2  4 3   2.97987E-02
    3  T  2  5 1   6.33332E-02
    4  T  2  5 3   2.30807E-01
    5  T  2  6 1   2.63586E-01
    6  C  5  0 0   3.01581E-01
    7  T  2  6 3   3.67656E-01
    8  T  2  7 1   3.72321E-01
    9  T  2  7 3   4.31101E-01
   10  T  2  8 1   4.37070E-01
   11  T  2  8 3   4.73532E-01
   12  T  2  9 1   4.79269E-01
   13  T  2  9 3:  4.99666E-01
   14  T  2 10 1   5.08217E-01
   15  T  2 10 3:  5.11360E-01
   16  T  2 11 1   5.27911E-01
    5    3    1    7
    2  6.179938E-01
    1  T  2  4 3   5.58812E-02
    2  T  2  5 3   2.55161E-01
    3  T  2  6 3   3.65517E-01
    4  T  2  7 3   4.32448E-01
    5  T  2  8 3   4.75952E-01
    6  T  2  9 3   5.05767E-01
    7  T  2 10 3   5.27048E-01
    5    4    1    8
    2  6.179938E-01
    1  T  2  4 3   3.62326E-02
    2  T  2  5 3   2.41837E-01
    3  C  6  0 0   3.36399E-01
    4  T  2  6 3:  3.75087E-01
    5  T  2  7 3   4.33141E-01
    6  T  2  8 3   4.75857E-01
    7  T  2  9 3   5.05613E-01
    8  T  2 10 3   5.26985E-01
    1    0    0   10
    1  0.000000E+00
    1  C  1  0 0  -2.29504E+00
    2  T  1  4 1  -8.88148E-01
    3  C  3  0 0: -5.34529E-01
    4  T  1  5 1  -4.97788E-01
    5  T  1  6 1  -3.32587E-01
    6  T  1  7 1  -2.34099E-01
    7  T  1  8 1  -1.73675E-01
    8  T  1  9 1  -1.34031E-01
    9  T  1 10 1  -1.06899E-01
   10  T  3  3 2: -9.48595E-02
    1    1    0    9
    1  0.000000E+00
    1  T  1  4 1  -1.03441E+00
    2  T  1  5 1  -5.65241E-01
    3  T  1  6 1  -3.60247E-01
    4  T  3  3 2  -2.90185E-01
    5  T  1  7 1  -2.49506E-01
    6  T  1  8 1  -1.83467E-01
    7  T  1  9 1  -1.40549E-01
    8  T  1 10 1  -1.11116E-01
    9  T  1 11 1  -9.00533E-02
    1    2    0   18
    1  0.000000E+00
    1  C  1  0 0  -2.46442E+00
    2  T  1  4 1  -9.44515E-01
    3  C  3  0 0: -8.16307E-01
    4  T  1  4 3  -5.65975E-01
    5  T  1  5 1  -5.35543E-01
    6  T  1  5 3  -3.65435E-01
    7  T  1  6 1  -3.54773E-01
    8  T  3  4 0  -3.12537E-01
    9  T  1  6 3  -2.56503E-01
   10  T  1  7 1  -2.38205E-01
   11  T  3  3 2: -2.24637E-01
   12  T  1  7 3  -1.86062E-01
   13  T  1  8 1  -1.76618E-01
   14  T  1  8 3  -1.43289E-01
   15  T  1  9 1  -1.36050E-01
   16  T  1  9 3  -1.13589E-01
   17  T  1 10 1  -1.07954E-01
   18  T  1 10 3  -9.22908E-02
    1    3    0    8
    1  0.000000E+00
    1  T  1  4 3  -6.01034E-01
    2  T  3  3 2  -4.15872E-01
    3  T  1  5 3  -3.58691E-01
    4  T  1  6 3  -2.58201E-01
    5  T  1  7 3  -1.90248E-01
    6  T  1  8 3  -1.45648E-01
    7  T  1  9 3  -1.14989E-01
    8  T  1 10 3  -9.30449E-02
    1    4    0    8
    1  0.000000E+00
    1  T  1  4 3  -5.76924E-01
    2  T  3  3 2  -4.86764E-01
    3  T  1  5 3  -3.63304E-01
    4  T  1  6 3  -2.53632E-01
    5  T  1  7 3  -1.86595E-01
    6  T  1  8 3  -1.42900E-01
    7  T  1  9 3  -1.12885E-01
    8  T  1 10 3  -9.13957E-02
    1    5    0    6
    3  8.458019E-01
    1  T  3  5 4   4.83966E-01
    2  T  3  6 4   5.94381E-01
    3  T  3  7 4   6.61139E-01
    4  T  3  8 4   7.04482E-01
    5  T  3  9 4   7.34190E-01
    6  T  3 10 4   7.55431E-01
    1    6    0    5
    3  8.458019E-01
    1  T  3  5 4   4.86921E-01
    2  T  3  6 4   5.96634E-01
    3  T  3  7 4   6.62693E-01
    4  T  3  8 4   7.05566E-01
    5  T  3  9 4   7.34968E-01
    3    0    0    8
    1  0.000000E+00
    1  T  1  4 1  -9.75500E-01
    2  T  1  5 1  -5.47448E-01
    3  T  1  6 1  -3.51315E-01
    4  T  3  3 2  -2.73889E-01
    5  T  1  7 1  -2.43631E-01
    6  T  1  8 1  -1.80078E-01
    7  T  1  9 1  -1.38429E-01
    8  T  1 10 1  -1.09841E-01
    3    1    0   12
    1  0.000000E+00
    1  C  1  0 0  -2.56672E+00
    2  T  1  4 1  -9.82978E-01
    3  T  2  3 2: -8.85619E-01
    4  T  1  5 1  -5.72256E-01
    5  T  2  4 0: -5.26158E-01
    6  C  3  0 0: -4.83228E-01
    7  T  3  3 2: -3.66291E-01
    8  T  1  6 1  -3.46270E-01
    9  T  1  7 1  -2.43172E-01
   10  T  1  8 1  -1.79572E-01
   11  T  1  9 1  -1.37994E-01
   12  T  1 10 1  -1.09351E-01
    3    2    0   18
    1  0.000000E+00
    1  T  1  4 1  -1.00889E+00
    2  T  1  4 3  -5.75166E-01
    3  T  1  5 1  -5.56149E-01
    4  T  2  3 2: -4.69774E-01
    5  T  3  4 0: -3.83917E-01
    6  T  1  5 3  -3.70654E-01
    7  T  1  6 1  -3.52328E-01
    8  T  3  3 2  -3.42510E-01
    9  T  1  6 3  -2.61231E-01
   10  T  1  7 1  -2.45797E-01
   11  T  2  4 2: -2.06428E-01
   12  T  1  7 3  -1.84882E-01
   13  T  1  8 1  -1.80964E-01
   14  T  1  8 3  -1.47297E-01
   15  T  1  9 1  -1.38812E-01
   16  T  1  9 3: -1.19516E-01
   17  T  1 10 1  -1.09827E-01
   18  T  1 10 3: -9.97921E-02
    3    3    0    9
    1  0.000000E+00
    1  T  3  3 2: -7.46310E-01
    2  T  1  4 3  -5.94358E-01
    3  T  2  3 2: -4.25943E-01
    4  T  1  5 3  -3.80277E-01
    5  T  1  6 3  -2.67328E-01
    6  T  1  7 3: -2.02109E-01
    7  T  5  3 2: -1.63753E-01
    8  T  1  8 3: -1.34751E-01
    9  T  1  9 3  -1.09601E-01
    3    4    0    8
    1  0.000000E+00
    1  T  1  4 3  -5.99300E-01
    2  T  3  3 2  -4.86831E-01
    3  T  1  5 3  -3.58000E-01
    4  T  1  6 3  -2.51574E-01
    5  T  1  7 3  -1.85265E-01
    6  T  1  8 3  -1.41900E-01
    7  T  1  9 3  -1.12097E-01
    8  T  1 10 3  -9.07633E-02
    3    5    0    7
    2  6.179938E-01
    1  T  2  5 4   2.57265E-01
    2  T  2  6 4   3.67433E-01
    3  T  2  7 4   4.33930E-01
    4  T  2  8 4   4.77093E-01
    5  T  3  5 4   4.84032E-01
    6  T  2  9 4   5.06684E-01
    7  T  2 10 4   5.27846E-01
    3    6    0    5
    3  8.458019E-01
    1  T  3  5 4   4.86656E-01
    2  T  3  6 4   5.96394E-01
    3  T  3  7 4   6.62509E-01
    4  T  3  8 4   7.05430E-01
    5  T  3  9 4   7.34866E-01
    5    1    0   16
    2  6.179938E-01
    1  T  2  3 2  -6.70251E-01
    2  T  2  4 0  -6.01982E-01
    3  T  2  4 2  -6.09692E-02
    4  T  2  5 0  -2.48068E-02
    5  T  2  5 2   2.03036E-01
    6  T  2  6 0   2.19512E-01
    7  T  2  6 2   3.37105E-01
    8  T  2  7 0   3.46502E-01
    9  T  2  7 2   4.15169E-01
   10  T  2  8 0   4.21080E-01
   11  T  2  8 2   4.64670E-01
   12  T  2  9 0   4.68628E-01
   13  T  2  9 2   4.98030E-01
   14  T  2 10 0   5.00808E-01
   15  T  2 10 2   5.21577E-01
   16  T  2 11 0   5.23599E-01
    5    2    0    8
    2  6.179938E-01
    1  T  2  3 2  -8.30297E-01
    2  T  2  4 2  -6.49641E-02
    3  T  2  5 2   2.01458E-01
    4  T  2  6 2   3.36536E-01
    5  T  2  7 2   4.14967E-01
    6  T  2  8 2   4.64604E-01
    7  T  2  9 2   4.98017E-01
    8  T  2 10 2   5.21584E-01
    5    3    0   14
    2  6.179938E-01
    1  T  2  3 2  -8.82438E-01
    2  T  2  4 2  -8.17931E-02
    3  T  2  5 2   1.94605E-01
    4  T  2  5 4   2.56669E-01
    5  T  2  6 2   3.32958E-01
    6  T  2  6 4   3.66957E-01
    7  T  2  7 2   4.12829E-01
    8  T  2  7 4   4.33593E-01
    9  T  2  8 2   4.63216E-01
   10  T  2  8 4   4.76854E-01
   11  T  2  9 2   4.97063E-01
   12  T  2  9 4   5.06509E-01
   13  T  2 10 2   5.20900E-01
   14  T  2 10 4   5.27715E-01
    5    4    0    5
    2  6.179938E-01
    1  T  2  5 4   2.59427E-01
    2  T  2  6 4   3.69032E-01
    3  T  2  7 4   4.35011E-01
    4  T  2  8 4   4.77837E-01
    5  T  2  9 4   5.07211E-01
    5    5    0    6
    2  6.179938E-01
    1  T  2  5 4   2.57067E-01
    2  T  2  6 4   3.67242E-01
    3  T  2  7 4   4.33780E-01
    4  T  2  8 4   4.76980E-01
    5  T  2  9 4   5.06597E-01
    6  T  2 10 4   5.27779E-01
    0    0    0    0
