   16   11    E
    2    0    0    8
    1  0.000000E+00
    1  T  1  3 0  -6.43692E+00
    2  T  1  4 0  -3.15189E+00
    3  T  1  5 0  -1.87278E+00
    4  T  1  6 0  -1.24045E+00
    5  T  1  7 0  -8.81984E-01
    6  T  1  8 0  -6.59219E-01
    7  T  1  9 0  -5.11353E-01
    8  T  1 10 0  -4.08202E-01
    2    1    1    8
    1  0.000000E+00
    1  T  1  3 1  -5.47147E+00
    2  T  1  4 1  -2.80300E+00
    3  T  1  5 1  -1.70886E+00
    4  T  1  6 1  -1.15074E+00
    5  T  1  7 1  -8.27643E-01
    6  T  1  8 1  -6.23841E-01
    7  T  1  9 1  -4.87047E-01
    8  T  1 10 1  -3.90789E-01
    2    2    0    8
    1  0.000000E+00
    1  T  1  3 2  -4.22309E+00
    2  T  1  4 2  -2.35500E+00
    3  T  1  5 2  -1.49404E+00
    4  T  1  6 2  -1.03151E+00
    5  T  1  7 2  -7.54650E-01
    6  T  1  8 2  -5.75921E-01
    7  T  1  9 2  -4.53895E-01
    8  T  1 10 2  -3.66902E-01
    2    3    1    7
    1  0.000000E+00
    1  T  1  4 3  -2.25467E+00
    2  T  1  5 3  -1.44303E+00
    3  T  1  6 3  -1.00198E+00
    4  T  1  7 3  -7.36032E-01
    5  T  1  8 3  -5.63436E-01
    6  T  1  9 3  -4.45121E-01
    7  T  1 10 3  -3.60503E-01
    0    0    0    0
