   16    3    E               
    2    0    0    9          
    1  0.000000E+00           
    1  T  1  2 0  -5.17704E+01
    2  T  1  3 0  -2.25554E+01
    3  T  1  4 0  -1.25719E+01
    4  T  1  5 0  -8.00332E+00
    5  T  1  6 0  -5.53842E+00
    6  T  1  7 0  -4.05896E+00
    7  T  1  8 0  -3.10189E+00
    8  T  1  9 0  -2.44737E+00
    9  T  1 10 0  -1.98010E+00
    2    1    1    9          
    1  0.000000E+00           
    1  T  1  2 1  -4.97546E+01
    2  T  1  3 1  -2.19986E+01
    3  T  1  4 1  -1.23431E+01
    4  T  1  5 1  -7.88754E+00
    5  T  1  6 1  -5.47190E+00
    6  T  1  7 1  -4.01726E+00
    7  T  1  8 1  -3.07405E+00
    8  T  1  9 1  -2.42785E+00
    9  T  1 10 1  -1.96590E+00
    2    2    0    8          
    1  0.000000E+00           
    1  T  1  3 2  -2.17875E+01
    2  T  1  4 2  -1.22552E+01
    3  T  1  5 2  -7.84286E+00
    4  T  1  6 2  -5.44617E+00
    5  T  1  7 2  -4.00112E+00
    6  T  1  8 2  -3.06326E+00
    7  T  1  9 2  -2.42029E+00
    8  T  1 10 2  -1.96039E+00
    0    0    0    0          
