   18    5    E
    2    0    0   21
    1  0.000000E+00
    1  C  1  0 0  -5.08111E+01
    2  T  1  3 0  -2.42702E+01
    3  T  2  3 1  -2.04779E+01
    4  T  3  3 1  -1.89857E+01
    5  T  6  3 0  -1.65872E+01
    6  T  5  3 2  -1.57369E+01
    7  T  1  4 0  -1.32153E+01
    8  T  2  4 1  -1.04816E+01
    9  T  3  4 1  -8.80816E+00
   10  T  1  5 0  -8.27538E+00
   11  T  5  4 2  -6.36011E+00
   12  T  2  5 1  -5.94379E+00
   13  T  6  4 0  -5.76616E+00
   14  T  1  6 0  -5.71340E+00
   15  T  1  7 0  -4.21224E+00
   16  T  3  5 1  -4.06501E+00
   17  T  2  6 1  -3.46935E+00
   18  T  1  8 0  -3.17369E+00
   19  T  1  9 0  -2.49962E+00
   20  T  1 10 0  -2.02071E+00
   21  T  2  7 1  -1.99490E+00
    4    0    0    8
    2  2.062116E+00
    1  T  2  3 1  -2.10950E+01
    2  T  2  4 1  -1.07194E+01
    3  T  2  5 1  -6.04117E+00
    4  T  2  6 1  -3.53356E+00
    5  T  2  7 1  -2.03220E+00
    6  T  2  8 1  -1.06300E+00
    7  T  2  9 1  -4.01324E-01
    8  T  2 10 1   7.04215E-02
    2    1    0   25
    2  2.062116E+00
    1  C  1  0 0  -5.05484E+01
    2  T  2  3 1  -2.13286E+01
    3  T  3  3 1  -1.92485E+01
    4  T  4  3 0  -1.81744E+01
    5  T  4  3 2  -1.69610E+01
    6  T  5  3 2  -1.58642E+01
    7  T  2  4 1  -1.07756E+01
    8  T  3  4 1  -8.81568E+00
    9  T  4  4 0  -7.71604E+00
   10  T  4  4 2  -7.12225E+00
   11  T  5  4 2  -6.37947E+00
   12  T  2  5 1  -6.05351E+00
   13  T  3  5 1  -4.13580E+00
   14  T  2  6 1  -3.55257E+00
   15  T  4  5 0  -2.91228E+00
   16  T  4  5 2  -2.61116E+00
   17  T  2  7 1  -2.03544E+00
   18  T  5  5 2  -1.96187E+00
   19  T  3  6 1  -1.61937E+00
   20  T  2  8 1  -1.06813E+00
   21  T  2  9 1  -4.17751E-01
   22  T  4  6 0  -3.40692E-01
   23  T  4  6 2  -1.73548E-01
   24  T  3  7 1  -1.27654E-01
   25  T  2 10 1   6.98533E-02
    4    1    0   17
    2  2.062116E+00
    1  C  1  0 0  -5.33576E+01
    2  T  2  3 1  -2.09359E+01
    3  T  4  3 0  -1.87000E+01
    4  T  4  3 2  -1.67261E+01
    5  T  2  4 1  -1.06855E+01
    6  T  4  4 0  -7.82796E+00
    7  T  4  4 2  -7.05780E+00
    8  T  2  5 1  -6.02545E+00
    9  T  2  6 1  -3.52678E+00
   10  T  4  5 0  -2.96653E+00
   11  T  4  5 2  -2.58478E+00
   12  T  2  7 1  -2.02604E+00
   13  T  2  8 1  -1.06009E+00
   14  T  2  9 1  -4.03092E-01
   15  T  4  6 0  -3.74841E-01
   16  T  4  6 2  -1.60262E-01
   17  T  2 10 1   7.21996E-02
    2    2    0   33
    1  0.000000E+00
    1  C  1  0 0  -5.18136E+01
    2  T  1  3 2  -2.22958E+01
    3  T  2  3 1  -2.07995E+01
    4  T  3  3 1  -1.92348E+01
    5  T  5  3 0  -1.79398E+01
    6  T  4  3 2  -1.63149E+01
    7  T  5  3 2  -1.60957E+01
    8  T  6  3 2  -1.48114E+01
    9  T  1  4 2  -1.24605E+01
   10  T  2  4 1  -1.06061E+01
   11  T  2  4 3  -1.01386E+01
   12  T  3  4 1  -8.84006E+00
   13  T  3  4 3  -8.25772E+00
   14  T  1  5 2  -7.94548E+00
   15  T  5  4 0  -7.19850E+00
   16  T  4  4 2  -6.88361E+00
   17  T  5  4 2  -6.45872E+00
   18  T  2  5 1  -5.98113E+00
   19  T  2  5 3  -5.75261E+00
   20  T  1  6 2  -5.50574E+00
   21  T  6  4 2  -5.09232E+00
   22  T  3  5 1  -4.14594E+00
   23  T  1  7 2  -4.03747E+00
   24  T  3  5 3  -3.86416E+00
   25  T  2  6 1  -3.50473E+00
   26  T  2  6 3  -3.37110E+00
   27  T  1  8 2  -3.08804E+00
   28  T  4  5 2  -2.50503E+00
   29  T  1  9 2  -2.43767E+00
   30  T  5  5 0  -2.35308E+00
   31  T  2  7 1  -2.01135E+00
   32  T  5  5 2  -1.99184E+00
   33  T  1 10 2  -1.97306E+00
    4    2    0   19
    2  2.062116E+00
    1  T  2  3 1  -2.12785E+01
    2  T  4  3 2  -1.69681E+01
    3  T  2  4 1  -1.07831E+01
    4  T  2  4 3  -1.01703E+01
    5  T  4  4 2  -7.13846E+00
    6  T  2  5 1  -6.06756E+00
    7  T  2  5 3  -5.77431E+00
    8  T  2  6 1  -3.55029E+00
    9  T  2  6 3  -3.38289E+00
   10  T  4  5 2  -2.62095E+00
   11  T  2  7 1  -2.04023E+00
   12  T  2  7 3  -1.93835E+00
   13  T  2  8 1  -1.06933E+00
   14  T  2  8 3  -1.00091E+00
   15  T  2  9 1  -4.06629E-01
   16  T  2  9 3  -3.58184E-01
   17  T  4  6 2  -1.80944E-01
   18  T  2 10 1   6.77711E-02
   19  T  2 10 3   1.01757E-01
    2    3    0   21
    2  2.062116E+00
    1  T  4  3 2  -1.68875E+01
    2  T  5  3 2  -1.60620E+01
    3  T  2  4 3  -1.02278E+01
    4  T  3  4 3  -8.34467E+00
    5  T  4  4 2  -7.03695E+00
    6  T  5  4 2  -6.49543E+00
    7  T  2  5 3  -5.79451E+00
    8  T  3  5 3  -3.90788E+00
    9  T  2  6 3  -3.39657E+00
   10  T  4  5 2  -2.56212E+00
   11  T  4  5 4  -2.52197E+00
   12  T  5  5 2  -2.01486E+00
   13  T  2  7 3  -1.94332E+00
   14  T  5  5 4  -1.91424E+00
   15  T  3  6 3  -1.49888E+00
   16  T  2  8 3  -1.00616E+00
   17  T  2  9 3  -3.62687E-01
   18  T  4  6 2  -1.45198E-01
   19  T  4  6 4  -1.23324E-01
   20  T  3  7 3  -4.78414E-02
   21  T  2 10 3   9.97436E-02
    4    3    0   13
    2  2.062116E+00
    1  T  4  3 2  -1.71535E+01
    2  T  2  4 3  -1.02458E+01
    3  T  4  4 2  -7.19435E+00
    4  T  2  5 3  -5.80957E+00
    5  T  2  6 3  -3.40151E+00
    6  T  4  5 2  -2.64777E+00
    7  T  4  5 4  -2.52209E+00
    8  T  2  7 3  -1.95003E+00
    9  T  2  8 3  -1.00876E+00
   10  T  2  9 3  -3.63708E-01
   11  T  4  6 2  -1.95054E-01
   12  T  4  6 4  -1.23449E-01
   13  T  2 10 3   9.78560E-02
    2    4    0   16
    1  0.000000E+00
    1  T  5  3 2  -1.63627E+01
    2  T  2  4 3  -1.01773E+01
    3  T  3  4 3  -8.33167E+00
    4  T  1  5 4  -7.80891E+00
    5  T  5  4 2  -6.53153E+00
    6  T  2  5 3  -5.77242E+00
    7  T  1  6 4  -5.44454E+00
    8  T  1  7 4  -4.01419E+00
    9  T  3  5 3  -3.87351E+00
   10  T  2  6 5  -3.38251E+00
   11  T  2  6 3  -3.38051E+00
   12  T  1  8 4  -3.06135E+00
   13  T  4  5 4  -2.50240E+00
   14  T  1  9 4  -2.41966E+00
   15  T  5  5 2  -2.02198E+00
   16  T  1 10 4  -1.96038E+00
    4    4    0   13
    2  2.062116E+00
    1  T  2  4 3  -1.02103E+01
    2  T  2  5 3  -5.79495E+00
    3  T  2  6 3  -3.39400E+00
    4  T  2  6 5  -3.38264E+00
    5  T  4  5 4  -2.50319E+00
    6  T  2  7 3  -1.94560E+00
    7  T  2  7 5  -1.93455E+00
    8  T  2  8 3  -1.00571E+00
    9  T  2  8 5  -9.99369E-01
   10  T  2  9 3  -3.61476E-01
   11  T  2  9 5  -3.57693E-01
   12  T  4  6 4  -1.13748E-01
   13  T  2 10 3   9.92619E-02
    2    0    1    8
    4  5.324927E+00
    1  T  4  3 1  -1.80667E+01
    2  T  4  4 1  -7.54879E+00
    3  T  4  5 1  -2.82263E+00
    4  T  4  6 1  -2.93002E-01
    5  T  4  7 1   1.21696E+00
    6  T  4  8 1   2.19057E+00
    7  T  4  9 1   2.85493E+00
    8  T  4 10 1   3.32842E+00
    4    0    1    9
    4  5.324927E+00
    1  C  2  0 0  -4.91898E+01
    2  T  4  3 1  -1.74126E+01
    3  T  4  4 1  -7.34039E+00
    4  T  4  5 1  -2.72804E+00
    5  T  4  6 1  -2.41655E-01
    6  T  4  7 1   1.24812E+00
    7  T  4  8 1   2.21092E+00
    8  T  4  9 1   2.86897E+00
    9  T  4 10 1   3.33852E+00
    2    1    1   34
    1  0.000000E+00
    1  T  1  2 1  -5.52554E+01
    2  C  2  0 0  -4.74308E+01
    3  T  1  3 1  -2.32576E+01
    4  T  2  3 0  -2.17086E+01
    5  T  3  3 0  -2.02143E+01
    6  T  2  3 2  -1.96017E+01
    7  T  3  3 2  -1.81164E+01
    8  T  4  3 1  -1.74210E+01
    9  T  5  3 1  -1.65778E+01
   10  T  6  3 1  -1.56107E+01
   11  T  1  4 1  -1.28025E+01
   12  T  2  4 0  -1.10087E+01
   13  T  2  4 2  -1.01802E+01
   14  T  3  4 0  -9.22792E+00
   15  T  3  4 2  -8.44219E+00
   16  T  1  5 1  -8.08990E+00
   17  T  4  4 1  -7.27835E+00
   18  T  5  4 1  -6.70817E+00
   19  T  5  4 3  -6.25538E+00
   20  T  2  5 0  -6.17919E+00
   21  T  2  5 2  -5.77959E+00
   22  T  1  6 1  -5.59981E+00
   23  T  6  4 1  -5.40536E+00
   24  T  3  5 0  -4.33684E+00
   25  T  1  7 1  -4.10440E+00
   26  T  3  5 2  -3.93729E+00
   27  T  2  6 0  -3.62346E+00
   28  T  2  6 2  -3.38698E+00
   29  T  1  8 1  -3.12590E+00
   30  T  4  5 1  -2.68357E+00
   31  T  1  9 1  -2.46522E+00
   32  T  5  5 1  -2.13837E+00
   33  T  2  7 0  -2.08051E+00
   34  T  1 10 1  -1.99274E+00
    4    1    1   20
    2  2.062116E+00
    1  T  2  3 0  -2.22025E+01
    2  T  2  3 2  -2.01523E+01
    3  T  4  3 1  -1.77681E+01
    4  T  2  4 0  -1.11639E+01
    5  T  2  4 2  -1.03686E+01
    6  T  4  4 1  -7.44863E+00
    7  T  2  5 0  -6.25700E+00
    8  T  2  5 2  -5.86969E+00
    9  T  2  6 0  -3.66090E+00
   10  T  2  6 2  -3.43659E+00
   11  T  4  5 1  -2.77302E+00
   12  T  2  7 0  -2.10765E+00
   13  T  2  7 2  -1.97169E+00
   14  T  2  8 0  -1.11496E+00
   15  T  2  8 2  -1.02291E+00
   16  T  2  9 0  -4.39893E-01
   17  T  2  9 2  -3.73494E-01
   18  T  4  6 1  -2.66156E-01
   19  T  2 10 0   4.49647E-02
   20  T  2 10 2   9.07145E-02
    2    2    1   26
    2  2.062116E+00
    1  C  2  0 0  -4.83215E+01
    2  T  2  3 2  -2.02319E+01
    3  T  3  3 2  -1.82883E+01
    4  T  4  3 1  -1.76507E+01
    5  T  5  3 1  -1.68243E+01
    6  T  2  4 2  -1.03880E+01
    7  T  3  4 2  -8.49041E+00
    8  T  4  4 1  -7.35409E+00
    9  T  4  4 3  -6.96115E+00
   10  T  5  4 1  -6.79261E+00
   11  T  5  4 3  -6.31029E+00
   12  T  2  5 2  -5.87683E+00
   13  T  3  5 2  -3.98163E+00
   14  T  2  6 2  -3.43859E+00
   15  T  4  5 1  -2.72404E+00
   16  T  4  5 3  -2.53416E+00
   17  T  5  5 1  -2.16151E+00
   18  T  2  7 2  -1.97484E+00
   19  T  5  5 3  -1.91202E+00
   20  T  3  6 2  -1.53929E+00
   21  T  2  8 2  -1.02426E+00
   22  T  2  9 2  -3.75182E-01
   23  T  4  6 1  -2.38319E-01
   24  T  4  6 3  -1.30653E-01
   25  T  3  7 2  -7.37668E-02
   26  T  2 10 2   9.02206E-02
    4    2    1   15
    2  2.062116E+00
    1  T  2  3 2  -2.02505E+01
    2  T  4  3 1  -1.78878E+01
    3  T  2  4 2  -1.03997E+01
    4  T  4  4 1  -7.48736E+00
    5  T  4  4 3  -6.96505E+00
    6  T  2  5 2  -5.88341E+00
    7  T  2  6 2  -3.44326E+00
    8  T  4  5 1  -2.79349E+00
    9  T  4  5 3  -2.53713E+00
   10  T  2  7 2  -1.97543E+00
   11  T  2  8 2  -1.02568E+00
   12  T  2  9 2  -3.75819E-01
   13  T  4  6 1  -2.77982E-01
   14  T  4  6 3  -1.32531E-01
   15  T  2 10 2   8.93325E-02
    2    3    1   24
    1  0.000000E+00
    1  T  2  3 2  -1.97113E+01
    2  T  3  3 2  -1.84207E+01
    3  T  5  3 1  -1.71188E+01
    4  T  1  4 3  -1.22645E+01
    5  T  2  4 2  -1.02116E+01
    6  T  3  4 2  -8.51942E+00
    7  T  1  5 3  -7.84717E+00
    8  T  4  4 3  -6.88860E+00
    9  T  5  4 1  -6.83739E+00
   10  T  5  4 3  -6.36939E+00
   11  T  2  5 2  -5.79631E+00
   12  T  2  5 4  -5.75918E+00
   13  T  1  6 3  -5.45229E+00
   14  T  6  4 3  -4.95048E+00
   15  T  1  7 3: -4.02021E+00
   16  T  3  5 2: -3.97452E+00
   17  T  3  5 4  -3.85282E+00
   18  T  2  6 2  -3.39443E+00
   19  T  2  6 4  -3.37770E+00
   20  T  1  8 3  -3.06604E+00
   21  T  4  5 3  -2.49327E+00
   22  T  1  9 3  -2.42264E+00
   23  T  5  5 1  -2.17595E+00
   24  T  1 10 3  -1.96337E+00
    4    3    1   16
    2  2.062116E+00
    1  T  2  3 2  -2.04914E+01
    2  T  2  4 2  -1.04828E+01
    3  T  4  4 3  -6.91607E+00
    4  T  2  5 2  -5.92249E+00
    5  T  2  5 4  -5.76047E+00
    6  T  2  6 2  -3.46509E+00
    7  T  2  6 4  -3.37823E+00
    8  T  4  5 3  -2.51293E+00
    9  T  2  7 2  -1.98905E+00
   10  T  2  7 4  -1.93275E+00
   11  T  2  8 2  -1.03440E+00
   12  T  2  8 4  -9.98080E-01
   13  T  2  9 2  -3.81428E-01
   14  T  2  9 4  -3.56780E-01
   15  T  4  6 3  -1.20380E-01
   16  T  2 10 2   8.49783E-02
    2    4    1   15
    2  2.062116E+00
    1  T  4  4 3  -6.96187E+00
    2  T  5  4 3  -6.39105E+00
    3  T  2  5 4  -5.77841E+00
    4  T  3  5 4  -3.88633E+00
    5  T  2  6 4  -3.39003E+00
    6  T  4  5 3  -2.52968E+00
    7  T  5  5 3  -1.95360E+00
    8  T  2  7 4  -1.93902E+00
    9  T  3  6 4  -1.48510E+00
   10  T  2  8 4  -1.00265E+00
   11  T  2  9 4  -3.60286E-01
   12  T  4  6 3  -1.27473E-01
   13  T  4  6 5  -1.21625E-01
   14  T  3  7 4  -4.08596E-02
   15  T  2 10 4   1.01835E-01
    4    4    1   10
    2  2.062116E+00
    1  T  4  4 3  -6.98189E+00
    2  T  2  5 4  -5.77945E+00
    3  T  2  6 4  -3.39021E+00
    4  T  4  5 3  -2.54309E+00
    5  T  2  7 4  -1.93971E+00
    6  T  2  8 4  -1.00286E+00
    7  T  2  9 4  -3.60325E-01
    8  T  4  6 3  -1.36029E-01
    9  T  4  6 5  -1.21622E-01
   10  T  2 10 4   1.01570E-01
    0    0    0    0
