   18    4    E               
    1    0    0   15          
    1  0.000000E+00           
    1  C  1  0 0  -6.26170E+01
    2  C  2  0 0  -5.52536E+01
    3  T  1  3 0  -2.65305E+01
    4  T  2  3 1  -2.25717E+01
    5  T  1  4 0  -1.46758E+01
    6  T  2  4 1  -1.17725E+01
    7  T  1  5 0  -9.29758E+00
    8  T  2  5 1  -6.75068E+00
    9  T  1  6 0  -6.38896E+00
   10  T  1  7 0  -4.70307E+00
   11  T  2  6 1  -3.96234E+00
   12  T  1  8 0  -3.58263E+00
   13  T  1  9 0  -2.82942E+00
   14  T  2  7 1: -2.31836E+00
   15  T  1 10 0: -2.26443E+00
    3    0    0   13          
    1  0.000000E+00           
    1  T  1  3 0  -2.69187E+01
    2  T  2  3 1  -2.34621E+01
    3  T  1  4 0  -1.48134E+01
    4  T  2  4 1  -1.20616E+01
    5  T  1  5 0  -9.36680E+00
    6  T  2  5 1  -6.86478E+00
    7  T  1  6 0  -6.44376E+00
    8  T  1  7 0  -4.72415E+00
    9  T  2  6 1  -4.03326E+00
   10  T  1  8 0  -3.60005E+00
   11  T  1  9 0  -2.83918E+00
   12  T  2  7 1  -2.34735E+00
   13  T  1 10 0  -2.28692E+00
    1    1    0    8          
    2  2.309175E+00           
    1  T  2  3 1  -2.38013E+01
    2  T  2  4 1  -1.21793E+01
    3  T  2  5 1  -6.90009E+00
    4  T  2  6 1  -4.05906E+00
    5  T  2  7 1  -2.35624E+00
    6  T  2  8 1  -1.25541E+00
    7  T  2  9 1  -5.02854E-01
    8  T  2 10 1   3.42673E-02
    1    1    1   19          
    1  0.000000E+00           
    1  T  1  2 1  -5.86488E+01
    2  T  1  3 1  -2.60055E+01
    3  T  2  3 0  -2.39466E+01
    4  T  2  3 2  -2.23493E+01
    5  T  1  4 1  -1.44088E+01
    6  T  2  4 0  -1.23319E+01
    7  T  2  4 2  -1.16508E+01
    8  T  1  5 1  -9.16059E+00
    9  T  2  5 0  -7.00108E+00
   10  T  2  5 2  -6.65450E+00
   11  T  1  6 1  -6.32623E+00
   12  T  1  7 1  -4.65231E+00
   13  T  2  6 0  -4.11449E+00
   14  T  2  6 2  -3.91934E+00
   15  T  1  8 1  -3.55118E+00
   16  T  1  9 1  -2.80555E+00
   17  T  2  7 0  -2.39487E+00
   18  T  2  7 2: -2.27876E+00
   19  T  1 10 1: -2.25746E+00
    3    1    0    9          
    2  2.309175E+00           
    1  C  2  0 0  -5.72793E+01
    2  T  2  3 1  -2.33335E+01
    3  T  2  4 1  -1.20328E+01
    4  T  2  5 1  -6.83405E+00
    5  T  2  6 1  -4.02342E+00
    6  T  2  7 1  -2.33466E+00
    7  T  2  8 1  -1.24132E+00
    8  T  2  9 1  -4.93124E-01
    9  T  2 10 1   4.12730E-02
    3    1    1   19          
    1  0.000000E+00           
    1  T  1  2 1  -6.05542E+01
    2  T  1  3 1  -2.59510E+01
    3  T  2  3 0  -2.43373E+01
    4  T  2  3 2  -2.27720E+01
    5  T  1  4 1  -1.44353E+01
    6  T  2  4 0  -1.24194E+01
    7  T  2  4 2  -1.18069E+01
    8  T  1  5 1  -9.18216E+00
    9  T  2  5 0  -7.02669E+00
   10  T  2  5 2  -6.73023E+00
   11  T  1  6 1  -6.34625E+00
   12  T  1  7 1  -4.65743E+00
   13  T  2  6 0  -4.13264E+00
   14  T  2  6 2  -3.96159E+00
   15  T  1  8 1  -3.55773E+00
   16  T  1  9 1  -2.80828E+00
   17  T  2  7 0  -2.40297E+00
   18  T  2  7 2  -2.30053E+00
   19  T  1 10 1  -2.26709E+00
    1    2    0   18          
    1  0.000000E+00           
    1  C  2  0 0  -5.66822E+01
    2  T  1  3 2  -2.50520E+01
    3  T  2  3 1  -2.30531E+01
    4  T  1  4 2  -1.41038E+01
    5  T  2  4 1  -1.19348E+01
    6  T  2  4 3  -1.16966E+01
    7  T  1  5 2  -9.02411E+00
    8  T  2  5 1  -6.79112E+00
    9  T  2  5 3  -6.66234E+00
   10  T  1  6 2  -6.26348E+00
   11  T  1  7 2  -4.60202E+00
   12  T  2  6 1  -3.99967E+00
   13  T  2  6 3  -3.92490E+00
   14  T  1  8 2  -3.52221E+00
   15  T  1  9 2  -2.78276E+00
   16  T  2  7 1  -2.32073E+00
   17  T  2  7 3  -2.27307E+00
   18  T  1 10 2  -2.25271E+00
    1    2    1    8          
    2  2.309175E+00           
    1  T  2  3 2  -2.31907E+01
    2  T  2  4 2  -1.19424E+01
    3  T  2  5 2  -6.78307E+00
    4  T  2  6 2  -3.99260E+00
    5  T  2  7 2  -2.31486E+00
    6  T  2  8 2  -1.22789E+00
    7  T  2  9 2  -4.83614E-01
    8  T  2 10 2   4.82456E-02
    3    2    0   17          
    1  0.000000E+00           
    1  T  1  3 2  -2.54337E+01
    2  T  2  3 1  -2.36682E+01
    3  T  1  4 2  -1.42242E+01
    4  T  2  4 1  -1.21346E+01
    5  T  2  4 3  -1.17196E+01
    6  T  1  5 2  -9.07834E+00
    7  T  2  5 1  -6.88136E+00
    8  T  2  5 3  -6.67863E+00
    9  T  1  6 2  -6.29251E+00
   10  T  1  7 2  -4.61955E+00
   11  T  2  6 1  -4.04882E+00
   12  T  2  6 3  -3.93503E+00
   13  T  1  8 2  -3.53376E+00
   14  T  1  9 2  -2.79065E+00
   15  T  2  7 1  -2.35032E+00
   16  T  2  7 3  -2.27970E+00
   17  T  1 10 2  -2.25870E+00
    3    2    1    8          
    2  2.309175E+00           
    1  T  2  3 2  -2.28796E+01
    2  T  2  4 2  -1.18396E+01
    3  T  2  5 2  -6.73583E+00
    4  T  2  6 2  -3.96683E+00
    5  T  2  7 2  -2.29915E+00
    6  T  2  8 2  -1.21758E+00
    7  T  2  9 2  -4.76474E-01
    8  T  2 10 2   5.33985E-02
    1    3    0    7          
    2  2.309175E+00           
    1  T  2  4 3  -1.18153E+01
    2  T  2  5 3  -6.72252E+00
    3  T  2  6 3  -3.95862E+00
    4  T  2  7 3  -2.29396E+00
    5  T  2  8 3  -1.21408E+00
    6  T  2  9 3  -4.73997E-01
    7  T  2 10 3   5.52148E-02
    1    3    1   15          
    1  0.000000E+00           
    1  T  2  3 2  -2.24104E+01
    2  T  1  4 3  -1.40549E+01
    3  T  2  4 2  -1.16734E+01
    4  T  1  5 3  -8.99504E+00
    5  T  2  5 4  -6.67907E+00
    6  T  2  5 2  -6.65951E+00
    7  T  1  6 3  -6.24596E+00
    8  T  1  7 3  -4.59118E+00
    9  T  2  6 4  -3.93462E+00
   10  T  2  6 2  -3.92381E+00
   11  T  1  8 3  -3.51439E+00
   12  T  1  9 3  -2.77746E+00
   13  T  2  7 4  -2.27912E+00
   14  T  2  7 2  -2.27540E+00
   15  T  1 10 3  -2.24648E+00
    3    3    0    7          
    2  2.309175E+00           
    1  T  2  4 3  -1.18086E+01
    2  T  2  5 3  -6.71828E+00
    3  T  2  6 3  -3.95601E+00
    4  T  2  7 3  -2.29225E+00
    5  T  2  8 3  -1.21292E+00
    6  T  2  9 3  -4.73172E-01
    7  T  2 10 3   5.58196E-02
    3    3    1   15          
    1  0.000000E+00           
    1  T  2  3 2  -2.32001E+01
    2  T  1  4 3  -1.40846E+01
    3  T  2  4 2  -1.19388E+01
    4  T  1  5 3  -9.01427E+00
    5  T  2  5 2  -6.78140E+00
    6  T  2  5 4  -6.67944E+00
    7  T  1  6 3  -6.25906E+00
    8  T  1  7 3  -4.59785E+00
    9  T  2  6 2  -3.99225E+00
   10  T  2  6 4  -3.93488E+00
   11  T  1  8 3  -3.51976E+00
   12  T  1  9 3  -2.78075E+00
   13  T  2  7 2  -2.31465E+00
   14  T  2  7 4  -2.27902E+00
   15  T  1 10 3  -2.25212E+00
    1    4    0   12          
    1  0.000000E+00           
    1  T  2  4 3  -1.17420E+01
    2  T  1  5 4  -8.99667E+00
    3  T  2  5 3  -6.68723E+00
    4  T  1  6 4  -6.24622E+00
    5  T  1  7 4  -4.59167E+00
    6  T  2  6 5  -3.93812E+00
    7  T  2  6 3  -3.93669E+00
    8  T  1  8 4  -3.51484E+00
    9  T  1  9 4  -2.77771E+00
   10  T  2  7 3  -2.28270E+00
   11  T  2  7 5  -2.28072E+00
   12  T  1 10 4  -2.24758E+00
    3    4    0   12          
    1  0.000000E+00           
    1  T  2  4 3  -1.17707E+01
    2  T  1  5 4  -8.99757E+00
    3  T  2  5 3  -6.70494E+00
    4  T  1  6 4  -6.24745E+00
    5  T  1  7 4  -4.59210E+00
    6  T  2  6 3  -3.94849E+00
    7  T  2  6 5  -3.93766E+00
    8  T  1  8 4  -3.51533E+00
    9  T  1  9 4  -2.77797E+00
   10  T  2  7 3  -2.28913E+00
   11  T  2  7 5  -2.28091E+00
   12  T  1 10 4  -2.24860E+00
    0    0    0    0          
