   18    3    E               
    2    0    0    9          
    1  0.000000E+00           
    1  T  1  2 0  -6.71785E+01
    2  T  1  3 0  -2.93378E+01
    3  T  1  4 0  -1.63701E+01
    4  T  1  5 0  -1.04279E+01
    5  T  1  6 0  -7.21923E+00
    6  T  1  7 0  -5.29233E+00
    7  T  1  8 0  -4.04533E+00
    8  T  1  9 0  -3.19228E+00
    9  T  1 10 0  -2.58314E+00
    2    1    1    9          
    1  0.000000E+00           
    1  T  1  2 1  -6.48810E+01
    2  T  1  3 1  -2.87018E+01
    3  T  1  4 1  -1.61085E+01
    4  T  1  5 1  -1.02954E+01
    5  T  1  6 1  -7.14309E+00
    6  T  1  7 1  -5.24459E+00
    7  T  1  8 1  -4.01344E+00
    8  T  1  9 1  -3.16992E+00
    9  T  1 10 1  -2.56687E+00
    2    2    0    8          
    1  0.000000E+00           
    1  T  1  3 2  -2.84559E+01
    2  T  1  4 2  -1.60061E+01
    3  T  1  5 2  -1.02434E+01
    4  T  1  6 2  -7.11315E+00
    5  T  1  7 2  -5.22581E+00
    6  T  1  8 2  -4.00090E+00
    7  T  1  9 2  -3.16113E+00
    8  T  1 10 2  -2.56046E+00
    0    0    0    0          
