   18    8    E                             
    1    0    0   15                        
    3  1.390532E+00                         
    1  C  1  0 0  -3.83063E+01              
    2  C  3  0 0  -2.86403E+01              
    3  T  3  3 1  -1.32860E+01              
    4  T  6  3 0  -9.93594E+00              
    5  T  5  3 2  -8.19756E+00              
    6  T  3  4 1  -6.66881E+00              
    7  T  8  3 1  -3.73902E+00              
    8  T  3  5 1  -3.71249E+00              
    9  T  6  4 0  -2.25006E+00              
   10  T  3  6 1  -2.13143E+00              
   11  T  5  4 2  -2.09791E+00              
   12  T  3  7 1  -1.18086E+00              
   13  T  3  8 1  -5.68804E-01              
   14  T  3  9 1  -1.51648E-01              
   15  T  3 10 1   1.45247E-01              
    1    1    0   28                        
    2  8.810012E-01                         
    1  T  2  3 1  -1.48765E+01              
    2  T  3  3 1  -1.41307E+01              
    3  T  7  3 0  -9.78975E+00              
    4  T  5  3 2  -8.33368E+00              
    5  T  2  4 1  -7.52276E+00              
    6  T  7  3 2  -7.07368E+00              
    7  T  3  4 1  -6.96255E+00              
    8  T  2  4 3  -6.54724E+00              
    9  T  8  3 1  -4.63146E+00              
   10  T  2  5 1  -4.39453E+00              
   11  T  2  5 3  -3.96235E+00              
   12  T  3  5 1  -3.87237E+00              
   13  T  2  6 1  -2.73468E+00              
   14  T  2  6 3  -2.48607E+00              
   15  T  3  6 1  -2.22527E+00              
   16  T  5  4 2  -2.14993E+00              
   17  T  7  4 0  -1.96652E+00              
   18  T  2  7 1  -1.73099E+00              
   19  T  2  7 3  -1.59420E+00              
   20  T  3  7 1  -1.23024E+00              
   21  T  2  8 1  -1.11037E+00              
   22  T  2  8 3  -1.02141E+00              
   23  T  7  4 2  -8.91589E-01              
   24  T  2  9 1  -6.84194E-01              
   25  T  2  9 3  -6.12013E-01              
   26  T  3  8 1  -5.99681E-01              
   27  T  2 10 1  -3.80734E-01              
   28  T  2 10 3  -3.29529E-01              
    1    2    0   36                        
    2  8.810012E-01                         
    1  C  1  0 0  -3.89910E+01              
    2  T  2  3 1  -1.41818E+01              
    3  T  3  3 1  -1.37817E+01              
    4  T  5  3 0  -1.08417E+01              
    5  T  5  3 2  -8.29300E+00              
    6  T  6  3 2  -7.40328E+00              
    7  T  2  4 1  -7.26576E+00              
    8  T  7  3 2  -7.03830E+00              
    9  T  3  4 1  -6.84055E+00              
   10  T  2  4 3  -6.57754E+00              
   11  T  3  4 3  -6.15065E+00              
   12  T  8  3 1  -4.65272E+00              
   13  T  2  5 1  -4.27095E+00              
   14  T  2  5 3  -3.96184E+00              
   15  T  3  5 1  -3.82942E+00              
   16  T  3  5 3  -3.45154E+00              
   17  T  5  4 0  -3.13890E+00              
   18  T  2  6 1  -2.66268E+00              
   19  T  2  6 3  -2.48448E+00              
   20  T  3  6 1  -2.19519E+00              
   21  T  5  4 2  -2.14004E+00              
   22  T  3  6 3  -1.97362E+00              
   23  T  2  7 1  -1.70225E+00              
   24  T  2  7 3  -1.59220E+00              
   25  T  6  4 2  -1.25686E+00              
   26  T  3  7 1  -1.21060E+00              
   27  T  3  7 3  -1.08042E+00              
   28  T  2  8 1  -1.08042E+00              
   29  T  2  8 3  -1.01535E+00              
   30  T  7  4 2  -8.65671E-01              
   31  T  2  9 1  -6.66720E-01              
   32  T  2  9 3  -6.12183E-01              
   33  T  3  8 1  -5.89815E-01              
   34  T  3  8 3  -5.00532E-01              
   35  T  2 10 1  -3.68164E-01              
   36  T  2 10 3  -3.29367E-01              
    1    3    0   24                        
    2  8.810012E-01                         
    1  T  2  3 1  -1.46746E+01              
    2  T  5  3 2  -8.23834E+00              
    3  T  2  4 1  -7.52730E+00              
    4  T  7  3 2  -7.23915E+00              
    5  T  2  4 3  -6.64799E+00              
    6  T  3  4 3  -6.16993E+00              
    7  T  2  5 1  -4.37554E+00              
    8  T  2  5 3  -3.96138E+00              
    9  T  3  5 3  -3.46064E+00              
   10  T  2  6 1  -2.72209E+00              
   11  T  2  6 3  -2.48311E+00              
   12  T  5  4 2  -2.14896E+00              
   13  T  3  6 3  -1.97914E+00              
   14  T  2  7 1  -1.73797E+00              
   15  T  2  7 3  -1.59080E+00              
   16  T  2  8 1  -1.11715E+00              
   17  T  3  7 3  -1.08760E+00              
   18  T  2  8 3  -1.01959E+00              
   19  T  7  4 2  -9.80785E-01              
   20  T  2  9 1  -6.80813E-01              
   21  T  2  9 3  -6.13177E-01              
   22  T  3  8 3  -5.03031E-01              
   23  T  2 10 1  -3.78924E-01              
   24  T  2 10 3  -3.29491E-01              
    1    4    0   14                        
    2  8.810012E-01                         
    1  T  5  3 2  -8.42979E+00              
    2  T  2  4 3  -6.68492E+00              
    3  T  3  4 3  -6.18420E+00              
    4  T  2  5 3  -3.96499E+00              
    5  T  3  5 3  -3.46003E+00              
    6  T  2  6 3  -2.48424E+00              
    7  T  5  4 2  -2.21365E+00              
    8  T  3  6 3  -1.97742E+00 :WAS T 3 6 2 
    9  T  2  7 3  -1.59087E+00              
   10  T  3  7 3  -1.08342E+00              
   11  T  2  8 3  -1.01129E+00              
   12  T  2  9 3  -6.14157E-01              
   13  T  3  8 3  -5.03120E-01              
   14  T  2 10 3  -3.29980E-01              
    1    5    0    7                        
    2  8.810012E-01                         
    1  T  2  4 3  -6.70300E+00              
    2  T  2  5 3  -3.97468E+00              
    3  T  2  6 3  -2.49008E+00              
    4  T  2  7 3  -1.59494E+00              
    5  T  2  8 3  -1.01414E+00              
    6  T  2  9 3  -6.16079E-01              
    7  T  2 10 3  -3.31420E-01              
    1    0    1   10                        
    2  8.810012E-01                         
    1  T  2  3 2  -1.33542E+01              
    2  T  7  3 1  -8.50922E+00              
    3  T  2  4 2  -7.01108E+00              
    4  T  2  5 2  -4.13549E+00              
    5  T  2  6 2  -2.58433E+00              
    6  T  2  7 2  -1.65559E+00              
    7  T  7  4 1  -1.47523E+00              
    8  T  2  8 2  -1.05291E+00              
    9  T  2  9 2  -6.43295E-01              
   10  T  2 10 2  -3.51179E-01              
    1    1    1   30                        
    2  8.810012E-01                         
    1  C  2  0 0  -3.31089E+01              
    2  T  3  3 0  -1.52932E+01              
    3  T  2  3 2  -1.31508E+01              
    4  T  3  3 2  -1.21714E+01              
    5  T  5  3 1  -9.93087E+00              
    6  T  6  3 1  -8.87011E+00              
    7  T  7  3 1  -8.01381E+00              
    8  T  3  4 0  -7.40726E+00              
    9  T  2  4 2  -6.92690E+00              
   10  T  3  4 2  -6.25352E+00              
   11  T  8  3 0  -5.71383E+00              
   12  T  2  5 2  -4.11254E+00              
   13  T  3  5 0  -4.07363E+00              
   14  T  3  5 2  -3.50806E+00              
   15  T  8  3 2  -2.88656E+00              
   16  T  5  4 1  -2.69598E+00              
   17  T  2  6 2  -2.55801E+00              
   18  T  3  6 0  -2.33878E+00              
   19  T  3  6 2  -2.01455E+00              
   20  T  5  4 3  -1.94365E+00              
   21  T  6  4 1  -1.79547E+00              
   22  T  2  7 2  -1.63950E+00              
   23  T  7  4 1  -1.34957E+00              
   24  T  3  7 0  -1.26733E+00              
   25  T  3  7 2  -1.10489E+00              
   26  T  2  8 2  -1.04256E+00              
   27  T  3  8 0  -6.50264E-01              
   28  T  2  9 2  -6.36754E-01              
   29  T  3  8 2  -5.17279E-01              
   30  T  2 10 2  -3.46585E-01 :WAS T 3 10 2
    1    2    1   29                        
    2  8.810012E-01                         
    1  T  2  3 0  -1.58113E+01              
    2  T  2  3 2  -1.30342E+01              
    3  T  3  3 2  -1.25221E+01              
    4  T  5  3 1  -9.69470E+00              
    5  T  7  3 1  -8.62738E+00 :WAS T 6 3 1 
    6  T  2  4 0  -7.92125E+00              
    7  T  2  4 2  -6.83299E+00              
    8  T  3  4 2  -6.43754E+00              
    9  T  2  5 0  -4.60240E+00              
   10  T  2  5 2  -4.04412E+00              
   11  T  3  5 2  -3.60160E+00              
   12  T  8  3 2  -3.35699E+00              
   13  T  2  6 0  -2.85444E+00              
   14  T  5  4 1  -2.68516E+00              
   15  T  2  6 2  -2.53022E+00              
   16  T  3  6 2  -2.06330E+00              
   17  T  5  4 3  -1.95385E+00              
   18  T  2  7 0  -1.82178E+00              
   19  T  2  7 2  -1.62245E+00              
   20  T  7  4 1  -1.49103E+00 :WAS T 6 4 1 
   21  T  2  8 0  -1.15816E+00              
   22  T  3  7 2  -1.13719E+00              
   23  T  2  8 2  -1.03078E+00              
   24  T  7  4 3  -7.20778E-01 :WAS T 6 4 3 
   25  T  2  9 0  -7.17749E-01              
   26  T  2  9 2  -6.29215E-01              
   27  T  3  8 2  -5.38278E-01              
   28  T  2 10 0  -4.05355E-01              
   29  T  2 10 2  -3.40575E-01              
    1    3    1   20                        
    2  8.810012E-01                         
    1  T  2  3 2  -1.27878E+01              
    2  T  3  3 2  -1.24595E+01              
    3  T  5  3 1  -9.85943E+00              
    4  T  2  4 2  -6.78901E+00              
    5  T  3  4 2  -6.36438E+00              
    6  T  2  5 2  -4.02704E+00              
    7  T  3  5 2  -3.56115E+00              
    8  T  8  3 2  -3.40713E+00              
    9  T  5  4 1  -2.73680E+00              
   10  T  2  6 2  -2.52149E+00              
   11  T  3  6 2  -2.03913E+00              
   12  T  5  4 3  -1.94759E+00              
   13  T  2  7 2  -1.61609E+00              
   14  T  3  7 2  -1.12464E+00              
   15  T  6  4 3  -1.03147E+00              
   16  T  2  8 2  -1.02843E+00              
   17  T  7  4 3  -7.52527E-01              
   18  T  2  9 2  -6.26665E-01              
   19  T  3  8 2  -5.29296E-01              
   20  T  2 10 2  -3.39032E-01              
    1    4    1   10                        
    2  8.810012E-01                         
    1  T  2  3 2  -1.32159E+01              
    2  T  2  4 2  -6.96415E+00              
    3  T  2  5 2  -4.11292E+00              
    4  T  2  6 2  -2.57189E+00              
    5  T  5  4 3  -1.94964E+00              
    6  T  2  7 2  -1.64607E+00              
    7  T  2  8 2  -1.04843E+00              
    8  T  7  4 3  -7.45432E-01              
    9  T  2  9 2  -6.39898E-01              
   10  T  2 10 2  -3.48775E-01              
    1    5    1    1                        
    2  8.810012E-01                         
    1  T  5  4 3  -2.01331E+00              
    3    0    0   13                        
    3  1.390532E+00                         
    1  T  3  3 1  -1.43228E+01              
    2  T  6  3 0  -1.02299E+01              
    3  T  5  3 2  -8.46912E+00              
    4  T  3  4 1  -7.02144E+00              
    5  T  8  3 1  -4.99224E+00              
    6  T  3  5 1  -3.89206E+00              
    7  T  6  4 0  -2.37277E+00              
    8  T  5  4 2  -2.24985E+00              
    9  T  3  6 1  -2.16025E+00              
   10  T  3  7 1  -1.23310E+00              
   11  T  3  8 1  -6.03589E-01              
   12  T  3  9 1  -1.75859E-01              
   13  T  3 10 1   1.27701E-01              
    3    1    0   33                        
    1  0.000000E+00                         
    1  C  1  0 0  -3.95787E+01              
    2  T  1  3 1  -1.54154E+01              
    3  T  2  3 1  -1.43293E+01              
    4  T  3  3 1  -1.40215E+01              
    5  T  4  3 0  -1.22364E+01              
    6  T  7  3 0  -9.89599E+00              
    7  T  4  3 2  -9.62532E+00              
    8  T  5  3 2  -8.41653E+00              
    9  T  1  4 1  -8.27130E+00              
   10  T  2  4 1  -7.39047E+00              
   11  T  7  3 2  -7.26284E+00              
   12  T  3  4 1  -6.92574E+00              
   13  T  2  4 3  -6.59676E+00              
   14  T  1  5 1  -5.20866E+00              
   15  T  8  3 1  -4.67152E+00              
   16  T  4  4 0  -4.58167E+00              
   17  T  2  5 1  -4.32172E+00              
   18  T  2  5 3  -3.96054E+00              
   19  T  3  5 1  -3.84424E+00              
   20  T  4  4 2  -3.61134E+00 :WAS T 4 3 2 
   21  T  1  6 1  -3.53089E+00              
   22  T  2  6 1  -2.70679E+00              
   23  T  1  7 1  -2.59666E+00              
   24  T  2  6 3  -2.48406E+00              
   25  T  5  4 2  -2.23924E+00              
   26  T  3  6 1  -2.18660E+00              
   27  T  7  4 0  -2.00976E+00 :WAS T 5 4 0 
   28  T  1  8 1  -1.96981E+00              
   29  T  2  7 1  -1.72298E+00              
   30  T  2  7 3  -1.59196E+00              
   31  T  1  9 1  -1.55489E+00              
   32  T  4  5 0  -1.32358E+00              
   33  T  1 10 1  -1.25614E+00              
    3    2    0   38                        
    2  8.810012E-01                         
    1  T  2  3 1  -1.48298E+01              
    2  T  3  3 1  -1.42204E+01              
    3  T  5  3 0  -1.11472E+01              
    4  T  4  3 2  -9.60596E+00              
    5  T  5  3 2  -8.41762E+00              
    6  T  6  3 2  -7.59465E+00              
    7  T  7  3 2  -7.56014E+00              
    8  T  2  4 1  -7.46058E+00              
    9  T  3  4 1  -6.98708E+00              
   10  T  2  4 3  -6.64130E+00              
   11  T  3  4 3  -6.15812E+00              
   12  T  8  3 1  -4.76779E+00              
   13  T  2  5 1  -4.39880E+00              
   14  T  2  5 3  -3.96523E+00              
   15  T  3  5 1  -3.87881E+00              
   16  T  4  4 2  -3.55717E+00              
   17  T  3  5 3  -3.45710E+00              
   18  T  5  4 0  -3.25554E+00              
   19  T  2  6 1  -2.72648E+00              
   20  T  2  6 3  -2.48712E+00              
   21  T  5  4 2  -2.23227E+00              
   22  T  3  6 1  -2.20370E+00              
   23  T  3  6 3  -1.97931E+00              
   24  T  2  7 1  -1.74234E+00              
   25  T  2  7 3  -1.59243E+00              
   26  T  6  4 2  -1.33336E+00              
   27  T  3  7 1  -1.22973E+00              
   28  T  2  8 1  -1.11597E+00              
   29  T  3  7 3  -1.08911E+00              
   30  T  7  4 2  -1.05823E+00              
   31  T  2  8 3  -1.00440E+00              
   32  T  4  5 2  -7.82686E-01              
   33  T  2  9 1  -6.84924E-01              
   34  T  2  9 3  -6.13724E-01              
   35  T  3  8 1  -6.00788E-01              
   36  T  3  8 3  -5.02636E-01              
   37  T  2 10 1  -3.81632E-01              
   38  T  2 10 3  -3.29989E-01              
    3    3    0   24                        
    1  0.000000E+00                         
    1  T  2  3 1  -1.47336E+01              
    2  T  4  3 2  -9.81450E+00              
    3  T  5  3 2  -8.46113E+00              
    4  T  1  4 3  -7.57302E+00              
    5  T  2  4 1  -7.54163E+00              
    6  T  7  3 2  -7.26057E+00              
    7  T  2  4 3  -6.66112E+00              
    8  T  3  4 3  -6.17254E+00              
    9  T  1  5 3  -4.84684E+00              
   10  T  2  5 1  -4.38515E+00              
   11  T  2  5 3  -3.96876E+00              
   12  T  4  4 2  -3.65971E+00              
   13  T  3  5 3  -3.45917E+00              
   14  T  1  6 3  -3.36511E+00              
   15  T  2  6 1  -2.72781E+00              
   16  T  2  6 3  -2.49034E+00              
   17  T  1  7 3  -2.47221E+00              
   18  T  5  4 2  -2.22916E+00              
   19  T  3  6 3  -1.97788E+00              
   20  T  1  8 3  -1.89279E+00              
   21  T  2  7 1  -1.74112E+00              
   22  T  2  7 3  -1.59298E+00              
   23  T  1  9 3  -1.49544E+00              
   24  T  1 10 3  -1.21135E+00              
    3    4    0   14                        
    2  8.810012E-01                         
    1  T  5  3 2  -8.67046E+00              
    2  T  2  4 3  -6.69224E+00              
    3  T  3  4 3  -6.18980E+00              
    4  T  2  5 3  -3.97335E+00              
    5  T  3  5 3  -3.46539E+00              
    6  T  2  6 3  -2.49308E+00              
    7  T  5  4 2  -2.29723E+00              
    8  T  3  6 3  -1.98004E+00              
    9  T  2  7 3  -1.59398E+00              
   10  T  3  7 3  -1.08572E+00              
   11  T  2  8 3  -1.01363E+00              
   12  T  2  9 3  -6.15986E-01              
   13  T  3  8 3  -5.04727E-01              
   14  T  2 10 3  -3.31355E-01              
    3    5    0    4                        
    1  0.000000E+00                         
    1  T  2  4 3  -6.70393E+00              
    2  T  2  5 3  -3.97533E+00              
    3  T  2  6 3  -2.49052E+00              
    4  T  2  7 3  -1.59523E+00              
    3    0    1   17                        
    1  0.000000E+00                         
    1  T  1  3 0  -1.66146E+01              
    2  T  2  3 2  -1.29177E+01              
    3  T  4  3 1  -1.11555E+01              
    4  T  1  4 0  -8.81270E+00              
    5  T  7  3 1  -8.45218E+00              
    6  T  2  4 2  -6.84720E+00              
    7  T  1  5 0  -5.47357E+00              
    8  T  4  4 1  -4.16797E+00              
    9  T  2  5 2  -4.05827E+00              
   10  T  1  6 0  -3.71483E+00              
   11  T  1  7 0  -2.69404E+00              
   12  T  2  6 2  -2.54129E+00              
   13  T  1  8 0  -2.04014E+00              
   14  T  2  7 2  -1.63113E+00              
   15  T  1  9 0  -1.59877E+00              
   16  T  7  4 1  -1.45895E+00 :WAS T7 3 1  
   17  T  1 10 0  -1.28619E+00              
    3    1    1   33                        
    2  8.810012E-01                         
    1  C  2  0 0  -3.48957E+01              
    2  T  3  3 0  -1.54518E+01              
    3  T  2  3 2  -1.30225E+01              
    4  T  3  3 2  -1.27252E+01              
    5  T  4  3 1  -1.10652E+01              
    6  T  5  3 1  -9.66839E+00              
    7  T  6  3 1  -8.97114E+00              
    8  T  7  3 1  -8.73380E+00              
    9  T  3  4 0  -7.47295E+00              
   10  T  2  4 2  -6.88491E+00              
   11  T  3  4 2  -6.46216E+00              
   12  T  8  3 0  -5.88469E+00              
   13  T  3  5 0  -4.12808E+00              
   14  T  4  4 1: -4.07765E+00              
   15  T  2  5 2  -4.04207E+00              
   16  T  8  3 2  -3.60793E+00              
   17  T  3  5 2  -3.60705E+00              
   18  T  5  4 1  -2.71076E+00              
   19  T  2  6 2  -2.55225E+00              
   20  T  3  6 0  -2.34896E+00              
   21  T  3  6 2  -2.06630E+00              
   22  T  5  4 3  -1.99575E+00              
   23  T  6  4 1  -1.82919E+00              
   24  T  2  7 2  -1.63856E+00              
   25  T  7  4 1  -1.55370E+00              
   26  T  3  7 0  -1.30915E+00              
   27  T  3  7 2  -1.13749E+00              
   28  T  2  8 2  -1.04013E+00              
   29  T  4  5 1  -1.03499E+00              
   30  T  3  8 0  -6.55376E-01              
   31  T  2  9 2  -6.34021E-01              
   32  T  3  8 2  -5.39508E-01              
   33  T  2 10 2  -3.44800E-01              
    3    2    1   31                        
    1  0.000000E+00                         
    1  T  2  3 0  -1.59681E+01              
    2  T  1  3 2  -1.38971E+01              
    3  T  2  3 2  -1.31227E+01              
    4  T  3  3 2  -1.25989E+01              
    5  T  4  3 1  -1.12413E+01              
    6  T  5  3 1  -9.80213E+00              
    7  T  7  3 1  -8.69894E+00 :WAS T 6 3 1 
    8  T  2  4 0  -7.97545E+00              
    9  T  1  4 2  -7.73388E+00              
   10  T  2  4 2  -6.94444E+00              
   11  T  3  4 2  -6.41949E+00              
   12  T  1  5 2  -4.93642E+00              
   13  T  2  5 0  -4.62650E+00              
   14  T  4  4 1  -4.19069E+00 :WAS T 4 3 1 
   15  T  2  5 2  -4.10755E+00              
   16  T  3  5 2  -3.59106E+00              
   17  T  4  4 3  -3.44149E+00              
   18  T  1  6 2  -3.41224E+00              
   19  T  8  3 2  -3.32998E+00              
   20  T  2  6 0  -2.87952E+00              
   21  T  5  4 1  -2.71084E+00              
   22  T  2  6 2  -2.57144E+00 :WAS T 2 6 1 
   23  T  1  7 2  -2.50170E+00              
   24  T  3  6 2  -2.05422E+00              
   25  T  5  4 3  -1.97424E+00              
   26  T  1  8 2  -1.91565E+00              
   27  T  2  7 0  -1.82647E+00              
   28  T  2  7 2  -1.64554E+00              
   29  T  7  4 1  -1.51992E+00              
   30  T  1  9 2  -1.51087E+00              
   31  T  1 10 2  -1.22387E+00              
    3    3    1   22                        
    2  8.810012E-01                         
    1  T  2  3 2  -1.33589E+01              
    2  T  3  3 2  -1.27530E+01              
    3  T  5  3 1  -9.97622E+00              
    4  T  2  4 2  -7.00335E+00              
    5  T  3  4 2  -6.48036E+00              
    6  T  2  5 2  -4.13093E+00              
    7  T  3  5 2  -3.61760E+00              
    8  T  8  3 2  -3.54866E+00              
    9  T  4  4 3  -3.45678E+00              
   10  T  5  4 1  -2.77955E+00              
   11  T  2  6 2  -2.57897E+00              
   12  T  3  6 2  -2.06940E+00              
   13  T  5  4 3  -1.95946E+00              
   14  T  2  7 2  -1.65164E+00              
   15  T  3  7 2  -1.14217E+00              
   16  T  2  8 2  -1.05175E+00              
   17  T  6  4 3  -1.03707E+00              
   18  T  7  4 3  -7.60176E-01              
   19  T  4  5 3  -7.35572E-01              
   20  T  2  9 2  -6.42562E-01              
   21  T  3  8 2  -5.41549E-01              
   22  T  2 10 2  -3.50590E-01              
    3    4    1    8                        
    1  0.000000E+00                         
    1  T  2  3 2  -1.32578E+01              
    2  T  2  4 2  -6.98001E+00              
    3  T  2  5 2  -4.12055E+00              
    4  T  4  4 3  -3.46624E+00              
    5  T  2  6 2  -2.57590E+00              
    6  T  4  5 3  -1.98273E+00              
    7  T  5  4 3  -1.95375E+00              
    8  T  2  7 2  -1.64899E+00              
    3    5    1    1                        
    2  8.810012E-01                         
    1  T  5  4 3  -2.02055E+00              
    5    1    0   13                        
    1  0.000000E+00                         
    1  T  1  3 1  -1.56993E+01              
    2  T  4  3 0  -1.26925E+01              
    3  T  4  3 2  -9.95284E+00              
    4  T  1  4 1  -8.40983E+00              
    5  T  1  5 1  -5.28494E+00              
    6  T  4  4 0  -4.75530E+00              
    7  T  4  4 2  -3.73442E+00              
    8  T  1  6 1  -3.59441E+00              
    9  T  1  7 1  -2.62453E+00              
   10  T  1  8 1  -1.99455E+00              
   11  T  1  9 1  -1.56748E+00              
   12  T  4  5 0  -1.38504E+00              
   13  T  1 10 1  -1.26138E+00              
    5    2    0    8                        
    4  4.119324E+00                         
    1  T  4  3 2  -1.02568E+01              
    2  T  4  4 2  -3.81802E+00              
    3  T  4  5 2  -9.16569E-01              
    4  T  4  6 2   6.44065E-01              
    5  T  4  7 2   1.57830E+00              
    6  T  4  8 2   2.18098E+00              
    7  T  4  9 2   2.59216E+00              
    8  T  4 10 2   2.88514E+00              
    5    3    0    9                        
    1  0.000000E+00                         
    1  T  4  3 2  -1.00770E+01              
    2  T  1  4 3  -7.57374E+00              
    3  T  1  5 3  -4.85463E+00              
    4  T  4  4 2  -3.75833E+00              
    5  T  1  6 3  -3.36881E+00              
    6  T  1  7 3  -2.47547E+00              
    7  T  1  8 3  -1.89500E+00              
    8  T  1  9 3  -1.49710E+00              
    9  T  1 10 3  -1.21256E+00              
    5    0    1   10                        
    1  0.000000E+00                         
    1  T  1  3 0  -1.69283E+01              
    2  T  4  3 1  -1.12200E+01              
    3  T  1  4 0  -8.89403E+00              
    4  T  1  5 0  -5.52313E+00              
    5  T  4  4 1  -4.19538E+00              
    6  T  1  6 0  -3.73345E+00              
    7  T  1  7 0  -2.70734E+00              
    8  T  1  8 0  -2.04953E+00              
    9  T  1  9 0  -1.60543E+00              
   10  T  1 10 0  -1.29264E+00              
    5    1    1    8                        
    4  4.119324E+00                         
    1  T  4  3 1  -1.15831E+01              
    2  T  4  4 1  -4.30657E+00              
    3  T  4  5 1  -1.16116E+00              
    4  T  4  6 1   5.05746E-01              
    5  T  4  7 1   1.49247E+00              
    6  T  4  8 1   2.12407E+00              
    7  T  4  9 1   2.55250E+00              
    8  T  4 10 1   2.85639E+00              
    5    2    1   11                        
    1  0.000000E+00                         
    1  T  1  3 2  -1.42248E+01              
    2  T  4  3 1  -1.14329E+01              
    3  T  1  4 2  -7.88892E+00              
    4  T  1  5 2  -5.01582E+00              
    5  T  4  4 1  -4.25910E+00              
    6  T  1  6 2  -3.46584E+00              
    7  T  4  4 3  -3.43838E+00              
    8  T  1  7 2  -2.53419E+00              
    9  T  1  8 2  -1.93400E+00              
   10  T  1  9 2  -1.52425E+00              
   11  T  1 10 2  -1.23234E+00              
    5    3    1    7                        
    4  4.119324E+00                         
    1  T  4  4 3  -3.49084E+00              
    2  T  4  5 3  -7.50385E-01              
    3  T  4  6 3   7.39901E-01              
    4  T  4  7 3   1.63810E+00              
    5  T  4  8 3   2.22064E+00              
    6  T  4  9 3   2.61978E+00              
    7  T  4 10 3   2.90512E+00              
    5    4    1    1                        
    1  0.000000E+00                         
    1  T  4  4 3  -3.47536E+00              
    0    0    0    0                        
