   18   15    E
    2    0    1   11
    1  0.000000E+00
    1  T  1  4 1  -1.78026E+00
    2  T  5  3 2  -1.57281E+00
    3  T  1  5 1  -9.84898E-01
    4  C  4  0 0  -8.03464E-01
    5  T  1  6 1  -6.28883E-01
    6  T  1  7 1  -4.38379E-01
    7  T  1  8 1  -3.24237E-01
    8  T 12  3 2: -2.95964E-01
    9  T  1  9 1  -2.52140E-01
   10  T  5  4 2: -2.11687E-01
   11  T  1 10 1: -1.85628E-01
    2    0    0   14
    2  1.359360E-01
    1  C  2  0 0  -2.71992E+00
    2  T  2  3 2  -2.04598E+00
    3  T  3  4 0  -1.69401E+00
    4  T  2  4 2  -1.04770E+00
    5  T  3  5 0  -7.59005E-01
    6  T  2  5 2  -5.97697E-01
    7  T  2  6 2  -3.66328E-01
    8  T  3  6 0  -3.49247E-01
    9  T  6  4 1  -2.73625E-01
   10  T  2  7 2  -2.24343E-01
   11  T  2  8 2  -1.40179E-01
   12  T  3  7 0  -1.32132E-01
   13  T  2  9 2  -7.78410E-02
   14  T  2 10 2  -3.62123E-02
    2    1    1   29
    1  0.000000E+00
    1  C  1  0 0  -4.03133E+00
    2  C  3  0 0  -1.82360E+00
    3  T  1  4 1  -1.64238E+00
    4  T  2  4 1  -1.49078E+00
    5  T  3  4 1  -1.35719E+00
    6  T  5  3 2  -1.06946E+00
    7  T  1  5 1  -9.28779E-01
    8  T  2  4 3: -8.89630E-01
    9  C  4  0 0: -8.31870E-01
   10  T  2  5 1  -7.99713E-01
   11  T  6  3 2: -7.31539E-01
   12  T  6  4 0  -6.62189E-01
   13  T  3  5 1  -6.13342E-01
   14  T  1  6 1  -5.89912E-01
   15  T  2  5 3: -5.63711E-01
   16  T  2  6 1  -4.69431E-01
   17  T 10  3 2  -4.61206E-01
   18  T  1  7 1  -4.17935E-01
   19  T  1  8 1  -3.13464E-01
   20  T  2  6 3  -3.07192E-01
   21  T  2  7 1  -2.88642E-01
   22  T  3  6 1  -2.77526E-01
   23  C  4  0 0  -2.73745E-01
   24  T  1  9 1  -2.39965E-01
   25  T 10  4 0: -2.18285E-01
   26  T  2  7 3  -2.00935E-01
   27  T  1 10 1  -1.88507E-01
   28  T  2  8 1  -1.74121E-01
   29  T  5  4 2: -1.66642E-01
    2    1    0   26
    1  0.000000E+00
    1  T  1  3 2  -2.84329E+00
    2  C  2  0 0  -2.28687E+00
    3  T  2  3 2  -2.07251E+00
    4  T  1  4 0  -1.98903E+00
    5  T  1  4 2  -1.24839E+00
    6  T  1  5 0  -1.08861E+00
    7  T  2  4 2  -1.05939E+00
    8  T  1  5 2  -7.61929E-01
    9  T  1  6 0  -6.77316E-01
   10  T  2  5 2  -6.13782E-01
   11  T  5  4 1  -5.80462E-01
   12  T  1  6 2  -5.12992E-01
   13  T  1  7 0  -4.64769E-01
   14  T  6  4 1  -3.88436E-01
   15  T  1  7 2  -3.71122E-01
   16  T  2  6 2  -3.51238E-01
   17  T  1  8 0  -3.38153E-01
   18  T  1  8 2  -2.84440E-01
   19  T  7  4 1: -2.62287E-01
   20  T  1  9 0: -2.56145E-01
   21  T  2  7 2  -2.27012E-01
   22  T  1  9 2  -2.16020E-01
   23  C  5  0 0  -2.04915E-01
   24  T  1 10 0  -2.02784E-01
   25  T  1 10 2  -1.73560E-01
   26  T  1 11 0  -1.64034E-01
    2    2    1   32
    1  0.000000E+00
    1  C  1  0 0  -4.17128E+00
    2  T  1  4 1  -1.68796E+00
    3  T  2  4 1  -1.54922E+00
    4  T  6  3 2: -1.34010E+00
    5  T  5  3 2: -1.18182E+00
    6  T  1  4 3  -1.03111E+00
    7  C  4  0 0: -9.57769E-01
    8  T  1  5 1  -9.40413E-01
    9  T  2  4 3  -8.86377E-01
   10  T  5  4 0  -8.59926E-01
   11  T  2  5 1  -7.85020E-01
   12  T 10  3 2: -7.44586E-01
   13  T  1  5 3  -6.67406E-01
   14  T  7  4 0: -6.22304E-01
   15  T  1  6 1: -5.88024E-01
   16  T  2  5 3  -5.47452E-01
   17  T  2  6 1  -4.77591E-01
   18  T  1  6 3  -4.73078E-01
   19  T 12  3 2: -4.29581E-01
   20  T  1  7 1  -4.21403E-01
   21  T  1  7 3: -3.71028E-01
   22  T  1  8 1  -3.15457E-01
   23  T  9  3 2  -3.10515E-01
   24  T  2  6 3  -3.00563E-01
   25  T  2  7 1  -2.91967E-01
   26  T  1  8 3  -2.49541E-01
   27  T  1  9 1  -2.40591E-01
   28  T  1  9 3  -2.00128E-01
   29  T  2  7 3  -1.91933E-01
   30  T  1 10 1  -1.91205E-01
   31  T  2  8 1  -1.80593E-01
   32  T  1 10 3  -1.64256E-01
    2    2    0   30
    1  0.000000E+00
    1  C  2  0 0  -3.04087E+00
    2  T  1  3 2: -2.27057E+00
    3  T  2  3 2  -2.14937E+00
    4  T  3  3 2: -1.97752E+00
    5  T  2  4 0  -1.89209E+00
    6  T  1  4 2  -1.17339E+00
    7  T  2  4 2  -1.09690E+00
    8  T  2  5 0  -9.54048E-01
    9  T  3  4 2  -9.03425E-01
   10  T  1  5 2  -7.30746E-01
   11  T  2  5 2  -6.19303E-01
   12  T  2  6 0  -5.48242E-01
   13  T  1  6 2  -5.02213E-01
   14  T  2  5 4  -4.99756E-01
   15  T  5  4 1  -4.87375E-01
   16  T  3  5 2  -4.27782E-01
   17  T  2  6 2  -3.74325E-01
   18  T  1  7 2  -3.61421E-01
   19  T  6  4 1  -3.54709E-01
   20  T  2  7 0  -3.31017E-01
   21  T  2  6 4  -3.06670E-01
   22  T  1  8 2  -2.77557E-01
   23  T  7  4 1  -2.67509E-01
   24  T  2  7 2  -2.31922E-01
   25  T  1  9 2  -2.13439E-01
   26  C  5  0 0  -2.05408E-01
   27  T  2  8 0  -2.04133E-01
   28  T  2  7 4  -1.89783E-01
   29  T  3  6 2  -1.76586E-01
   30  T  1 10 2  -1.71235E-01
    2    3    1   25
    1  0.000000E+00
    1  T  2  4 1  -1.56800E+00
    2  T  5  3 2: -1.27742E+00
    3  T  6  3 2  -1.08428E+00
    4  T  1  4 3  -1.01111E+00
    5  T  2  4 3  -9.32869E-01
    6  C  4  0 0: -9.10669E-01
    7  T  2  5 1  -8.18175E-01
    8  T 10  3 2  -7.46601E-01
    9  T  3  4 3: -6.65600E-01
   10  T  1  5 3: -6.19766E-01
   11  C  4  0 0  -5.66566E-01
   12  T  2  5 3  -5.24468E-01
   13  T  2  6 1  -4.77783E-01
   14  T  1  6 3  -4.52120E-01
   15  T  1  7 3: -3.50489E-01
   16  T  2  6 3  -3.37905E-01
   17  T  3  5 3  -3.19303E-01
   18  T  2  7 1  -2.93031E-01
   19  C  4  0 0  -2.73450E-01
   20  T  1  8 3: -2.45173E-01
   21  T  8  4 0  -2.29463E-01
   22  T  1  9 3  -2.04483E-01
   23  T  2  7 3  -1.86374E-01
   24  T  2  8 1  -1.79771E-01
   25  T  1 10 3  -1.63020E-01
    2    3    0   24
    1  0.000000E+00
    1  T  2  3 2: -2.64614E+00
    2  T  1  3 2: -2.07920E+00
    3  T  1  4 2  -1.22366E+00
    4  T  2  4 2  -1.11291E+00
    5  T  1  5 2  -7.48698E-01
    6  T  1  5 4  -6.45153E-01
    7  T  2  5 2  -6.36741E-01
    8  T  5  4 1  -5.52943E-01
    9  T  1  6 2  -5.06094E-01
   10  T  2  5 4  -5.05363E-01
   11  T  1  6 4  -4.47635E-01
   12  T  2  6 2  -3.81014E-01
   13  T  1  7 2  -3.64211E-01
   14  T  1  7 4  -3.28728E-01
   15  T  2  6 4  -3.10096E-01
   16  T  7  4 1  -2.94619E-01
   17  T  1  8 2  -2.71353E-01
   18  T  1  8 4  -2.51576E-01
   19  T  2  7 2  -2.31003E-01
   20  T  1  9 2  -2.14731E-01
   21  T  1  9 4  -1.98717E-01
   22  T  2  7 4  -1.91499E-01
   23  T  1 10 2  -1.72763E-01
   24  T  1 10 4  -1.60921E-01
    2    4    1   14
    1  0.000000E+00
    1  T  5  3 2  -1.42216E+00
    2  T 12  3 2: -1.14491E+00
    3  T  1  4 3  -1.00575E+00
    4  T  2  4 3  -8.87633E-01
    5  T  1  5 3  -6.60022E-01
    6  T  2  5 3  -5.33783E-01
    7  T  1  6 3  -4.70874E-01
    8  C  4  0 0  -4.25554E-01
    9  T  1  7 3  -3.33852E-01
   10  T  2  6 3  -3.21140E-01
   11  T  1  8 3  -2.58078E-01
   12  T  1  9 3: -2.08012E-01
   13  T  2  7 3  -2.00197E-01
   14  T  1 10 3: -1.68288E-01
    2    4    0   15
    1  0.000000E+00
    1  T  2  3 2  -2.45322E+00
    2  T  2  4 2  -1.10115E+00
    3  T  1  5 4  -6.37584E-01
    4  T  2  5 2  -6.17578E-01
    5  T  2  5 4  -5.10294E-01
    6  T  1  6 4  -4.43484E-01
    7  T  2  6 2  -3.72757E-01
    8  T  1  7 4  -3.26078E-01
    9  T  2  6 4  -3.15859E-01
   10  T  3  5 4  -3.05651E-01
   11  T  1  8 4  -2.49767E-01
   12  T  2  7 2  -2.30605E-01
   13  T  1  9 4  -1.97470E-01
   14  T  2  7 4  -1.95260E-01
   15  C  5  0 0  -1.81627E-01
    4    0    1   12
    1  0.000000E+00
    1  C  1  0 0  -4.37133E+00
    2  T  1  4 1  -1.67927E+00
    3  T  5  3 2  -1.27727E+00
    4  T  4  4 0  -1.15149E+00
    5  T  1  5 1  -9.33908E-01
    6  T  1  6 1  -6.08572E-01
    7  T  1  7 1  -4.27474E-01
    8  T  1  8 1  -3.22440E-01
    9  T  4  5 0  -2.93395E-01
   10  T  9  4 0  -2.56329E-01
   11  T  1  9 1  -2.37457E-01
   12  T  1 10 1  -1.90421E-01
    4    0    0   12
    6  1.279296E+00
    1  T  6  4 1  -4.22349E-01
    2  T 11  4 1   2.86847E-01
    3  T  6  5 1   3.27181E-01
    4  T  6  6 1   6.66060E-01
    5  C  6  0 0   6.86667E-01
    6  T  8  4 3   7.22652E-01
    7  T  6  7 1   8.51380E-01
    8  T  6  8 1   9.63595E-01
    9  C  6  0 0   9.93932E-01
   10  T  6  9 1   1.03644E+00
   11  T 11  5 1   1.04012E+00
   12  T  6 10 1   1.08713E+00
    4    1    1   11
    1  0.000000E+00
    1  T  1  4 1  -1.70074E+00
    2  T  6  3 2  -1.35249E+00
    3  T  5  3 2  -1.22885E+00
    4  T  1  5 1  -9.54156E-01
    5  T  6  4 0  -7.41513E-01
    6  T  1  6 1  -6.12514E-01
    7  C  4  0 0  -5.79756E-01
    8  T  1  7 1  -4.27876E-01
    9  T  1  8 1  -3.15938E-01
   10  T  1  9 1  -2.42868E-01
   11  T  1 10 1  -1.92554E-01
    4    1    0   21
    1  0.000000E+00
    1  C  2  0 0  -3.31029E+00
    2  T  1  3 2  -2.32095E+00
    3  T  1  4 0  -2.04543E+00
    4  T  1  4 2  -1.24395E+00
    5  T  1  5 0  -1.09499E+00
    6  T  4  4 1  -8.68538E-01
    7  T  1  5 2  -7.55370E-01
    8  T  1  6 0  -6.85125E-01
    9  T  5  4 1  -5.42366E-01
   10  T  1  6 2  -5.11905E-01
   11  T  1  7 0  -4.69053E-01
   12  T  6  4 1  -3.86620E-01
   13  T  1  7 2  -3.67837E-01
   14  T  1  8 0  -3.40972E-01
   15  T  1  8 2  -2.78403E-01
   16  T  1  9 0  -2.59764E-01
   17  T  4  5 1  -2.35380E-01
   18  T  1  9 2  -2.16866E-01
   19  T  1 10 0  -2.04367E-01
   20  T  1 10 2  -1.74963E-01
   21  T  1 11 0  -1.65189E-01
    4    2    1   22
    1  0.000000E+00
    1  T  5  3 2: -1.76188E+00
    2  T  1  4 1  -1.72722E+00
    3  T  6  3 2  -1.34802E+00
    4  T  4  3 2: -1.18140E+00
    5  T  1  4 3  -1.06757E+00
    6  T  1  5 1  -9.71654E-01
    7  T  5  4 0  -9.16231E-01
    8  T  9  3 2  -8.45185E-01
    9  C  4  0 0  -6.77408E-01
   10  T  1  5 3  -6.28353E-01
   11  T  1  6 1  -6.16999E-01
   12  T  1  6 3  -4.65851E-01
   13  T  4  4 2  -4.38618E-01
   14  T  1  7 1  -4.29440E-01
   15  T  1  7 3: -3.61137E-01
   16  T  1  8 1  -3.17611E-01
   17  C  4  0 0  -3.06733E-01
   18  T  1  8 3  -2.46619E-01
   19  T  1  9 1  -2.43770E-01
   20  T  1  9 3  -1.96996E-01
   21  T  1 10 1  -1.93206E-01
   22  T  1 10 3  -1.60200E-01
    4    2    0   11
    1  0.000000E+00
    1  T  1  3 2  -2.65229E+00
    2  T  1  4 2  -1.23767E+00
    3  T  1  5 2  -7.54846E-01
    4  T  5  4 1  -6.12418E-01
    5  T  1  6 2  -5.11608E-01
    6  T  6  4 1  -4.18385E-01
    7  T  1  7 2  -3.65591E-01
    8  C  5  0 0  -3.43351E-01
    9  T  1  8 2  -2.74210E-01
   10  T  1  9 2  -2.14809E-01
   11  T  1 10 2  -1.72624E-01
    4    3    1   11
    1  0.000000E+00
    1  T  5  3 2  -1.69308E+00
    2  T  6  3 2  -1.31798E+00
    3  T  1  4 3  -1.00215E+00
    4  T  1  5 3  -6.50214E-01
    5  C  4  0 0  -5.61100E-01
    6  T  1  6 3  -4.50712E-01
    7  T  1  7 3  -3.31314E-01
    8  T  8  4 0  -2.86067E-01
    9  T  1  8 3  -2.53414E-01
   10  T  1  9 3  -2.00125E-01
   11  T  1 10 3  -1.62219E-01
    4    3    0   17
    1  0.000000E+00
    1  T  1  3 2  -2.70567E+00
    2  T  1  4 2  -1.26225E+00
    3  T  1  5 2  -7.66365E-01
    4  T  1  5 4  -6.45208E-01
    5  T  5  4 1  -6.01066E-01
    6  T  1  6 2  -5.09337E-01
    7  T  1  6 4  -4.47840E-01
    8  T  1  7 2  -3.68153E-01
    9  T  1  7 4  -3.29366E-01
   10  T  4  4 3  -3.15644E-01
   11  T  1  8 2  -2.77725E-01
   12  T  1  8 4  -2.51682E-01
   13  T  1  9 2  -2.16936E-01
   14  T  1  9 4  -1.99335E-01
   15  C  5  0 0  -1.84627E-01
   16  T  1 10 2  -1.74055E-01
   17  T  1 10 4  -1.60539E-01
    4    4    1    9
    1  0.000000E+00
    1  T  5  3 2  -1.53701E+00
    2  T  1  4 3  -1.05530E+00
    3  C  4  0 0  -8.69691E-01
    4  T  1  5 3  -6.51858E-01
    5  T  1  6 3  -4.54865E-01
    6  T  1  7 3  -3.33923E-01
    7  T  1  8 3  -2.55315E-01
    8  T  1  9 3  -2.01555E-01
    9  T  1 10 3  -1.63692E-01
    4    4    0    6
    1  0.000000E+00
    1  T  1  5 4  -6.37987E-01
    2  T  1  6 4  -4.43868E-01
    3  T  1  7 4  -3.26375E-01
    4  T  1  8 4  -2.49983E-01
    5  T  1  9 4  -1.97562E-01
    6  T  1 10 4  -1.60047E-01
    6    0    1    8
    4  7.538400E-01
    1  T  4  4 0  -1.28727E+00
    2  T  4  5 0  -3.36856E-01
    3  T  4  6 0   7.08551E-02
    4  T  4  7 0   2.85786E-01
    5  T  4  8 0   4.12926E-01
    6  T  4  9 0   4.94412E-01
    7  T  4 10 0   5.49787E-01
    8  T  4 11 0   5.89137E-01
    6    1    0    8
    4  7.538400E-01
    1  T  4  4 1  -9.55544E-01
    2  T  4  5 1  -2.01941E-01
    3  C  6  0 0   6.97748E-02
    4  T  4  6 1   1.39744E-01
    5  T  4  7 1   3.25311E-01
    6  T  4  8 1   4.37771E-01
    7  T  4  9 1   5.11050E-01
    8  T  4 10 1   5.61474E-01
    6    2    1    8
    4  7.538400E-01
    1  T  4  3 2  -2.01302E+00
    2  T  4  4 2  -4.95515E-01
    3  T  4  5 2  -3.33220E-03
    4  T  4  6 2   2.44014E-01
    5  T  4  7 2   3.87084E-01
    6  T  4  8 2   4.77330E-01
    7  T  4  9 2   5.37915E-01
    8  T  4 10 2   5.80555E-01
    6    3    0    8
    4  7.538400E-01
    1  T  4  4 3  -2.96402E-01
    2  C  6  0 0  -1.55823E-01
    3  T  4  5 3   1.01082E-01
    4  T  4  6 3   2.99419E-01
    5  T  4  7 3   4.20372E-01
    6  T  4  8 3   4.98956E-01
    7  T  4  9 3   5.52778E-01
    8  T  4 10 3   5.91216E-01
    6    4    1    6
    4  7.538400E-01
    1  T  4  5 4   1.13217E-01
    2  T  4  6 4   3.08789E-01
    3  T  4  7 4   4.26826E-01
    4  T  4  8 4   5.03471E-01
    5  T  4  9 4   5.56027E-01
    6  T  4 10 4   5.93622E-01
    0    0    0    0
