   20   18    E
    1    0    0    9
    1  0.000000E+00
    1  C  1  0 0  -3.68369E+00
    2  T  1  4 1  -1.06854E+00
    3  T  1  5 1  -5.82007E-01
    4  T  1  6 1  -3.69359E-01
    5  T  1  7 1  -2.55622E-01
    6  T  1  8 1  -1.87580E-01
    7  T  1  9 1  -1.43655E-01
    8  T  1 10 1  -1.13692E-01
    9  T  1 11 1  -9.24029E-02
    3    0    0    8
    1  0.000000E+00
    1  T  1  4 1  -1.23984E+00
    2  T  1  5 1  -6.43928E-01
    3  T  1  6 1  -3.98984E-01
    4  T  1  7 1  -2.72060E-01
    5  T  1  8 1  -1.97695E-01
    6  T  1  9 1  -1.50505E-01
    7  T  1 10 1  -1.19165E-01
    8  T  1 11 1  -9.95946E-02
    1    1    0    8
    1  0.000000E+00
    1  T  1  4 1  -1.15187E+00
    2  T  1  5 1  -6.16225E-01
    3  T  1  6 1  -3.85268E-01
    4  T  1  7 1  -2.63978E-01
    5  T  1  8 1  -1.92240E-01
    6  T  1  9 1  -1.46262E-01
    7  T  1 10 1  -1.15021E-01
    8  T  1 11 1  -9.28247E-02
    1    1    1   16
    1  0.000000E+00
    1  T  1  4 0  -1.44581E+00
    2  T  1  3 2  -1.08803E+00
    3  T  1  5 0  -7.26833E-01
    4  T  1  4 2  -6.28524E-01
    5  T  1  6 0  -4.39072E-01
    6  T  1  5 2  -4.01135E-01
    7  T  1  7 0  -2.94128E-01
    8  T  1  6 2  -2.75797E-01
    9  T  1  8 0  -2.10809E-01
   10  T  1  7 2  -2.00579E-01
   11  T  1  9 0  -1.58499E-01
   12  T  1  8 2  -1.52205E-01
   13  T  1 10 0  -1.23508E-01
   14  T  1  9 2  -1.19354E-01
   15  T  1 11 0  -9.89497E-02
   16  T  1 10 2  -9.60612E-02
    3    1    0    8
    1  0.000000E+00
    1  T  1  4 1  -1.15187E+00
    2  T  1  5 1  -6.16225E-01
    3  T  1  6 1  -3.85268E-01
    4  T  1  7 1  -2.63978E-01
    5  T  1  8 1  -1.92240E-01
    6  T  1  9 1  -1.46262E-01
    7  T  1 10 1  -1.15021E-01
    8  T  1 11 1  -9.28247E-02
    3    1    1   16
    1  0.000000E+00
    1  T  1  3 2  -1.80687E+00
    2  T  1  4 0  -1.47983E+00
    3  T  1  4 2  -7.82358E-01
    4  T  1  5 0  -7.36687E-01
    5  T  1  5 2  -4.62429E-01
    6  T  1  6 0  -4.43223E-01
    7  T  1  6 2  -3.06631E-01
    8  T  1  7 0  -2.96280E-01
    9  T  1  7 2  -2.18350E-01
   10  T  1  8 0  -2.12073E-01
   11  T  1  8 2  -1.63413E-01
   12  T  1  9 0  -1.59308E-01
   13  T  1  9 2  -1.26892E-01
   14  T  1 10 0  -1.24057E-01
   15  T  1 10 2  -1.01381E-01
   16  T  1 11 0  -9.93402E-02
    1    2    0   15
    1  0.000000E+00
    1  T  1  4 1  -1.16647E+00
    2  T  1  5 1  -6.19907E-01
    3  T  1  4 3  -5.67551E-01
    4  T  1  6 1  -3.87038E-01
    5  T  1  5 3  -3.62736E-01
    6  T  1  7 1  -2.64968E-01
    7  T  1  6 3  -2.51648E-01
    8  T  1  8 1  -1.92849E-01
    9  T  1  7 3  -1.84746E-01
   10  T  1  9 1  -1.46664E-01
   11  T  1  8 3  -1.41362E-01
   12  T  1 10 1  -1.15300E-01
   13  T  1  9 3  -1.11639E-01
   14  T  1 11 1  -9.30264E-02
   15  T  1 10 3  -9.03904E-02
    1    2    1    8
    1  0.000000E+00
    1  T  1  3 2  -1.57129E+00
    2  T  1  4 2  -7.42726E-01
    3  T  1  5 2  -4.46281E-01
    4  T  1  6 2  -2.98056E-01
    5  T  1  7 2  -2.13186E-01
    6  T  1  8 2  -1.60048E-01
    7  T  1  9 2  -1.24573E-01
    8  T  1 10 2  -9.97131E-02
    3    2    0   15
    1  0.000000E+00
    1  T  1  4 1  -1.18601E+00
    2  T  1  5 1  -6.27038E-01
    3  T  1  4 3  -5.73531E-01
    4  T  1  6 1  -3.90479E-01
    5  T  1  5 3  -3.68141E-01
    6  T  1  7 1  -2.66896E-01
    7  T  1  6 3  -2.56053E-01
    8  T  1  8 1  -1.94038E-01
    9  T  1  7 3  -1.88338E-01
   10  T  1  9 1  -1.47449E-01
   11  T  1  8 3  -1.44337E-01
   12  T  1 10 1  -1.15846E-01
   13  T  1  9 3  -1.14142E-01
   14  T  1 11 1  -9.34209E-02
   15  T  1 10 3  -9.25232E-02
    3    2    1    8
    1  0.000000E+00
    1  T  1  3 2  -1.57129E+00
    2  T  1  4 2  -7.42726E-01
    3  T  1  5 2  -4.46281E-01
    4  T  1  6 2  -2.98056E-01
    5  T  1  7 2  -2.13186E-01
    6  T  1  8 2  -1.60048E-01
    7  T  1  9 2  -1.24573E-01
    8  T  1 10 2  -9.97131E-02
    1    3    0    7
    1  0.000000E+00
    1  T  1  4 3  -5.59931E-01
    2  T  1  5 3  -3.59599E-01
    3  T  1  6 3  -2.50076E-01
    4  T  1  7 3  -1.83836E-01
    5  T  1  8 3  -1.40782E-01
    6  T  1  9 3  -1.11245E-01
    7  T  1 10 3  -9.01092E-02
    1    3    1   14
    1  0.000000E+00
    1  T  1  3 2  -1.56450E+00
    2  T  1  4 2  -7.48369E-01
    3  T  1  5 2  -4.48561E-01
    4  T  1  5 4  -3.60507E-01
    5  T  1  6 2  -2.99280E-01
    6  T  1  6 4  -2.50411E-01
    7  T  1  7 2  -2.13933E-01
    8  T  1  7 4  -1.83967E-01
    9  T  1  8 2  -1.60539E-01
   10  T  1  8 4  -1.40835E-01
   11  T  1  9 2  -1.24913E-01
   12  T  1  9 4  -1.11264E-01
   13  T  1 10 2  -9.99584E-02
   14  T  1 10 4  -9.01139E-02
    3    3    0    7
    1  0.000000E+00
    1  T  1  4 3  -5.59931E-01
    2  T  1  5 3  -3.59599E-01
    3  T  1  6 3  -2.50076E-01
    4  T  1  7 3  -1.83836E-01
    5  T  1  8 3  -1.40782E-01
    6  T  1  9 3  -1.11245E-01
    7  T  1 10 3  -9.01092E-02
    3    3    1   14
    1  0.000000E+00
    1  T  1  3 2  -1.72544E+00
    2  T  1  4 2  -7.67629E-01
    3  T  1  5 2  -4.55986E-01
    4  T  1  5 4  -3.60549E-01
    5  T  1  6 2  -3.03025E-01
    6  T  1  6 4  -2.50454E-01
    7  T  1  7 2  -2.16105E-01
    8  T  1  7 4  -1.84002E-01
    9  T  1  8 2  -1.61917E-01
   10  T  1  8 4  -1.40862E-01
   11  T  1  9 2  -1.25843E-01
   12  T  1  9 4  -1.11285E-01
   13  T  1 10 2  -1.00617E-01
   14  T  1 10 4  -9.01302E-02
    1    4    0   12
    1  0.000000E+00
    1  T  1  4 3  -5.67475E-01
    2  T  1  5 3  -3.63264E-01
    3  T  1  6 3  -2.52134E-01
    4  T  1  6 5  -2.50012E-01
    5  T  1  7 3  -1.85110E-01
    6  T  1  7 5  -1.83693E-01
    7  T  1  8 3  -1.41627E-01
    8  T  1  8 5  -1.40645E-01
    9  T  1  9 3  -1.11834E-01
   10  T  1  9 5  -1.11128E-01
   11  T  1 10 3  -9.05369E-02
   12  T  1 10 5  -9.00148E-02
    1    4    1    5
    1  0.000000E+00
    1  T  1  5 4  -3.59344E-01
    2  T  1  6 4  -2.49480E-01
    3  T  1  7 4  -1.83308E-01
    4  T  1  8 4  -1.40367E-01
    5  T  1  9 4  -1.10925E-01
    3    4    0   12
    1  0.000000E+00
    1  T  1  4 3  -5.68614E-01
    2  T  1  5 3  -3.64127E-01
    3  T  1  6 3  -2.52718E-01
    4  T  1  6 5  -2.50015E-01
    5  T  1  7 3  -1.85510E-01
    6  T  1  7 5  -1.83695E-01
    7  T  1  8 3  -1.41908E-01
    8  T  1  8 5  -1.40646E-01
    9  T  1  9 3  -1.12038E-01
   10  T  1  9 5  -1.11130E-01
   11  T  1 10 3  -9.06890E-02
   12  T  1 10 5  -9.00155E-02
    3    4    1    5
    1  0.000000E+00
    1  T  1  5 4  -3.59344E-01
    2  T  1  6 4  -2.49480E-01
    3  T  1  7 4  -1.83308E-01
    4  T  1  8 4  -1.40367E-01
    5  T  1  9 4  -1.10925E-01
    1    5    0    4
    1  0.000000E+00
    1  T  1  6 5  -2.49957E-01
    2  T  1  7 5  -1.83624E-01
    3  T  1  8 5  -1.40581E-01
    4  T  1  9 5  -1.11075E-01
    1    5    1    9
    1  0.000000E+00
    1  T  1  5 4  -3.60304E-01
    2  T  1  6 4  -2.50253E-01
    3  T  1  7 4  -1.83862E-01
    4  T  1  7 6  -1.83670E-01
    5  T  1  8 4  -1.40764E-01
    6  T  1  8 6  -1.40620E-01
    7  T  1  9 4  -1.11215E-01
    8  T  1  9 6  -1.11106E-01
    9  T  1 10 4  -9.00789E-02
    3    5    0    4
    1  0.000000E+00
    1  T  1  6 5  -2.49957E-01
    2  T  1  7 5  -1.83624E-01
    3  T  1  8 5  -1.40581E-01
    4  T  1  9 5  -1.11075E-01
    3    5    1    9
    1  0.000000E+00
    1  T  1  5 4  -3.60318E-01
    2  T  1  6 4  -2.50267E-01
    3  T  1  7 4  -1.83873E-01
    4  T  1  7 6  -1.83670E-01
    5  T  1  8 4  -1.40773E-01
    6  T  1  8 6  -1.40620E-01
    7  T  1  9 4  -1.11222E-01
    8  T  1  9 6  -1.11106E-01
    9  T  1 10 4  -9.00840E-02
    0    0    0    0
