   20    4    E               
    1    0    0   15          
    1  0.000000E+00           
    1  C  1  0 0  -7.94706E+01
    2  C  2  0 0  -7.11774E+01
    3  T  1  3 0  -3.38538E+01
    4  T  2  3 1  -2.93845E+01
    5  T  1  4 0  -1.87638E+01
    6  T  2  4 1  -1.54906E+01
    7  T  1  5 0  -1.19025E+01
    8  T  2  5 1  -9.01482E+00
    9  T  1  6 0  -8.20831E+00
   10  T  1  7 0  -6.02847E+00
   11  T  2  6 1  -5.45298E+00
   12  T  1  8 0  -4.59619E+00
   13  T  1  9 0  -3.62946E+00
   14  T  2  7 1  -3.31906E+00
   15  T  1 10 0  -2.93035E+00
    3    0    0   13          
    1  0.000000E+00           
    1  T  1  3 0  -3.42939E+01
    2  T  2  3 1  -3.03991E+01
    3  T  1  4 0  -1.89186E+01
    4  T  2  4 1  -1.58205E+01
    5  T  1  5 0  -1.19792E+01
    6  T  2  5 1  -9.15713E+00
    7  T  1  6 0  -8.25782E+00
    8  T  1  7 0  -6.05107E+00
    9  T  2  6 1  -5.53672E+00
   10  T  1  8 0  -4.61375E+00
   11  T  1  9 0  -3.63959E+00
   12  T  2  7 1  -3.36957E+00
   13  T  1 10 0  -2.93953E+00
    1    1    0    8          
    2  2.592908E+00           
    1  T  2  3 1  -3.07842E+01
    2  T  2  4 1  -1.59558E+01
    3  T  2  5 1  -9.20596E+00
    4  T  2  6 1  -5.56995E+00
    5  T  2  7 1  -3.38910E+00
    6  T  2  8 1  -1.97865E+00
    7  T  2  9 1  -1.01412E+00
    8  T  2 10 1  -3.25550E-01
    1    1    1   19          
    1  0.000000E+00           
    1  T  1  2 1  -7.50063E+01
    2  T  1  3 1  -3.32593E+01
    3  T  2  3 0  -3.09456E+01
    4  T  2  3 2  -2.91292E+01
    5  T  1  4 1  -1.84595E+01
    6  T  2  4 0  -1.61279E+01
    7  T  2  4 2  -1.53535E+01
    8  T  1  5 1  -1.17451E+01
    9  T  2  5 0  -9.31681E+00
   10  T  2  5 2  -8.92230E+00
   11  T  1  6 1  -8.12362E+00
   12  T  1  7 1  -5.97142E+00
   13  T  2  6 0  -5.62831E+00
   14  T  2  6 2  -5.40963E+00
   15  T  1  8 1  -4.55829E+00
   16  T  1  9 1  -3.60281E+00
   17  T  2  7 0  -3.42735E+00
   18  T  2  7 2  -3.29043E+00
   19  T  1 10 1  -2.91132E+00
    3    1    0    9          
    2  2.592908E+00           
    1  C  2  0 0  -7.34623E+01
    2  T  2  3 1  -3.02550E+01
    3  T  2  4 1  -1.57903E+01
    4  T  2  5 1  -9.13135E+00
    5  T  2  6 1  -5.52969E+00
    6  T  2  7 1  -3.36474E+00
    7  T  2  8 1  -1.96274E+00
    8  T  2  9 1  -1.00313E+00
    9  T  2 10 1  -3.17640E-01
    3    1    1   19          
    1  0.000000E+00           
    1  T  1  2 1  -7.71470E+01
    2  T  1  3 1  -3.31990E+01
    3  T  2  3 0  -3.13917E+01
    4  T  2  3 2  -2.96145E+01
    5  T  1  4 1  -1.84897E+01
    6  T  2  4 0  -1.62285E+01
    7  T  2  4 2  -1.55312E+01
    8  T  1  5 1  -1.17691E+01
    9  T  2  5 0  -9.34986E+00
   10  T  2  5 2  -9.00848E+00
   11  T  1  6 1  -8.14259E+00
   12  T  1  7 1  -5.97416E+00
   13  T  2  6 0  -5.65338E+00
   14  T  2  6 2  -5.45737E+00
   15  T  1  8 1  -4.56468E+00
   16  T  1  9 1  -3.60358E+00
   17  T  2  7 0  -3.44192E+00
   18  T  2  7 2  -3.31990E+00
   19  T  1 10 1  -2.91484E+00
    1    2    0   18          
    1  0.000000E+00           
    1  C  2  0 0  -7.27804E+01
    2  T  1  3 2  -3.21731E+01
    3  T  2  3 1  -2.99319E+01
    4  T  1  4 2  -1.81112E+01
    5  T  2  4 1  -1.56781E+01
    6  T  2  4 3  -1.54050E+01
    7  T  1  5 2  -1.15883E+01
    8  T  2  5 1  -9.08195E+00
    9  T  2  5 3  -8.93466E+00
   10  T  1  6 2  -8.04430E+00
   11  T  1  7 2  -5.91027E+00
   12  T  2  6 1  -5.50213E+00
   13  T  2  6 3  -5.41670E+00
   14  T  1  8 2  -4.52351E+00
   15  T  1  9 2  -3.57399E+00
   16  T  2  7 1  -3.34808E+00
   17  T  2  7 3  -3.29374E+00
   18  T  1 10 2  -2.89412E+00
    1    2    1    8          
    2  2.592908E+00           
    1  T  2  3 2  -3.00904E+01
    2  T  2  4 2  -1.56858E+01
    3  T  2  5 2  -9.07250E+00
    4  T  2  6 2  -5.49410E+00
    5  T  2  7 2  -3.34187E+00
    6  T  2  8 2  -1.94723E+00
    7  T  2  9 2  -9.92159E-01
    8  T  2 10 2  -3.09593E-01
    3    2    0   17          
    1  0.000000E+00           
    1  T  1  3 2  -3.26090E+01
    2  T  2  3 1  -3.06334E+01
    3  T  1  4 2  -1.82480E+01
    4  T  2  4 1  -1.59048E+01
    5  T  2  4 3  -1.54317E+01
    6  T  1  5 2  -1.16498E+01
    7  T  2  5 1  -9.18443E+00
    8  T  2  5 3  -8.95318E+00
    9  T  1  6 2  -8.07735E+00
   10  T  1  7 2  -5.92997E+00
   11  T  2  6 1  -5.55797E+00
   12  T  2  6 3  -5.42842E+00
   13  T  1  8 2  -4.53654E+00
   14  T  1  9 2  -3.58282E+00
   15  T  2  7 1  -3.38195E+00
   16  T  2  7 3  -3.30142E+00
   17  T  1 10 2  -2.90061E+00
    3    2    1    8          
    2  2.592908E+00           
    1  T  2  3 2  -2.97346E+01
    2  T  2  4 2  -1.55690E+01
    3  T  2  5 2  -9.01882E+00
    4  T  2  6 2  -5.46483E+00
    5  T  2  7 2  -3.32404E+00
    6  T  2  8 2  -1.93554E+00
    7  T  2  9 2  -9.84063E-01
    8  T  2 10 2  -3.03752E-01
    1    3    0    7          
    2  2.592908E+00           
    1  T  2  4 3  -1.55409E+01
    2  T  2  5 3  -9.00347E+00
    3  T  2  6 3  -5.45532E+00
    4  T  2  7 3  -3.31801E+00
    5  T  2  8 3  -1.93148E+00
    6  T  2  9 3  -9.81195E-01
    7  T  2 10 3  -3.01650E-01
    1    3    1   15          
    1  0.000000E+00           
    1  T  2  3 2  -2.91893E+01
    2  T  1  4 3  -1.80549E+01
    3  T  2  4 2  -1.53763E+01
    4  T  1  5 3  -1.15553E+01
    5  T  2  5 4  -8.95373E+00
    6  T  2  5 2  -8.92916E+00
    7  T  1  6 3  -8.02500E+00
    8  T  1  7 3  -5.89789E+00
    9  T  2  6 4  -5.42780E+00
   10  T  2  6 2  -5.41443E+00
   11  T  1  8 3  -4.51480E+00
   12  T  1  9 3  -3.56799E+00
   13  T  2  7 4  -3.30057E+00
   14  T  2  7 2  -3.29323E+00
   15  T  1 10 3  -2.88952E+00
    3    3    0    7          
    2  2.592908E+00           
    1  T  2  4 3  -1.55329E+01
    2  T  2  5 3  -8.99846E+00
    3  T  2  6 3  -5.45223E+00
    4  T  2  7 3  -3.31601E+00
    5  T  2  8 3  -1.93011E+00
    6  T  2  9 3  -9.80223E-01
    7  T  2 10 3  -3.00937E-01
    3    3    1   15          
    1  0.000000E+00           
    1  T  2  3 2  -3.00998E+01
    2  T  1  4 3  -1.80889E+01
    3  T  2  4 2  -1.56810E+01
    4  T  1  5 3  -1.15769E+01
    5  T  2  5 2  -9.07041E+00
    6  T  2  5 4  -8.95419E+00
    7  T  1  6 3  -8.03846E+00
    8  T  1  7 3  -5.90506E+00
    9  T  2  6 2  -5.49353E+00
   10  T  2  6 4  -5.42816E+00
   11  T  1  8 3  -4.52049E+00
   12  T  1  9 3  -3.57141E+00
   13  T  2  7 2  -3.34153E+00
   14  T  2  7 4  -3.30087E+00
   15  T  1 10 3  -2.89257E+00
    1    4    0   12          
    1  0.000000E+00           
    1  T  2  4 3  -1.54533E+01
    2  T  1  5 4  -1.15572E+01
    3  T  2  5 3  -8.95953E+00
    4  T  1  6 4  -8.02562E+00
    5  T  1  7 4  -5.89835E+00
    6  T  2  6 5  -5.43163E+00
    7  T  2  6 3  -5.42883E+00
    8  T  1  8 4  -4.51519E+00
    9  T  1  9 4  -3.56818E+00
   10  T  2  7 5  -3.30300E+00
   11  T  2  7 3  -3.30161E+00
   12  T  1 10 4  -2.88973E+00
    3    4    0   12          
    1  0.000000E+00           
    1  T  2  4 3  -1.54878E+01
    2  T  1  5 4  -1.15582E+01
    3  T  2  5 3  -8.98112E+00
    4  T  1  6 4  -8.02670E+00
    5  T  1  7 4  -5.89879E+00
    6  T  2  6 3  -5.44286E+00
    7  T  2  6 5  -5.43130E+00
    8  T  1  8 4  -4.51569E+00
    9  T  1  9 4  -3.56843E+00
   10  T  2  7 3  -3.31053E+00
   11  T  2  7 5  -3.30299E+00
   12  T  1 10 4  -2.89003E+00
    0    0    0    0          
