   20    2    E               
    1    0    0   10          
    1  0.000000E+00           
    1  C  1  0 0  -3.75272E+02
    2  T  1  2 0  -9.09455E+01
    3  T  1  3 0  -4.03298E+01
    4  T  1  4 0  -2.26563E+01
    5  T  1  5 0  -1.44884E+01
    6  T  1  6 0  -1.00559E+01
    7  T  1  7 0  -7.38510E+00
    8  T  1  8 0  -5.65253E+00
    9  T  1  9 0  -4.46516E+00
   10  T  1 10 0  -3.61610E+00
    3    0    0    9          
    1  0.000000E+00           
    1  T  1  2 0  -9.25779E+01
    2  T  1  3 0  -4.07605E+01
    3  T  1  4 0  -2.28309E+01
    4  T  1  5 0  -1.45761E+01
    5  T  1  6 0  -1.01061E+01
    6  T  1  7 0  -7.41651E+00
    7  T  1  8 0  -5.67349E+00
    8  T  1  9 0  -4.47984E+00
    9  T  1 10 0  -3.62678E+00
    1    2    0    8          
    1  0.000000E+00           
    1  T  1  3 2  -4.01080E+01
    2  T  1  4 2  -2.25608E+01
    3  T  1  5 2  -1.44394E+01
    4  T  1  6 2  -1.00273E+01
    5  T  1  7 2  -7.36699E+00
    6  T  1  8 2  -5.64037E+00
    7  T  1  9 2  -4.45661E+00
    8  T  1 10 2  -3.60987E+00
    3    2    0    8          
    1  0.000000E+00           
    1  T  1  3 2  -4.01227E+01
    2  T  1  4 2  -2.25688E+01
    3  T  1  5 2  -1.44438E+01
    4  T  1  6 2  -1.00300E+01
    5  T  1  7 2  -7.36871E+00
    6  T  1  8 2  -5.64154E+00
    7  T  1  9 2  -4.45744E+00
    8  T  1 10 2  -3.61048E+00
    1    1    1    9          
    1  0.000000E+00           
    1  T  1  2 1  -8.99133E+01
    2  T  1  3 1  -4.00306E+01
    3  T  1  4 1  -2.25312E+01
    4  T  1  5 1  -1.44249E+01
    5  T  1  6 1  -1.00192E+01
    6  T  1  7 1  -7.36199E+00
    7  T  1  8 1  -5.63705E+00
    8  T  1  9 1  -4.45428E+00
    9  T  1 10 1  -3.60818E+00
    3    1    1    9          
    1  0.000000E+00           
    1  T  1  2 1  -9.11175E+01
    2  T  1  3 1  -4.03565E+01
    3  T  1  4 1  -2.26644E+01
    4  T  1  5 1  -1.44921E+01
    5  T  1  6 1  -1.00578E+01
    6  T  1  7 1  -7.38619E+00
    7  T  1  8 1  -5.65321E+00
    8  T  1  9 1  -4.46561E+00
    9  T  1 10 1  -3.61642E+00
    0    0    0    0          
