   20   12    E
    1    0    0   14
    1  0.000000E+00
    1  C  1  0 0  -1.37687E+01
    2  C  2  0 0  -1.01804E+01
    3  T  1  4 0  -6.76942E+00
    4  C  3  0 0  -5.60391E+00
    5  T  2  4 1  -4.39034E+00
    6  T  1  5 0  -4.02909E+00
    7  T  1  6 0  -2.71249E+00
    8  T  2  5 1  -2.10403E+00
    9  T  1  7 0  -1.92827E+00
   10  T  1  8 0  -1.45464E+00
   11  T  3  4 2  -1.32223E+00
   12  T  1  9 0  -1.13038E+00
   13  T  1 10 0  -9.12273E-01
   14  T  2  6 1  -8.60263E-01
    1    1    1   16
    1  0.000000E+00
    1  T  1  3 1  -1.18318E+01
    2  T  2  3 2  -7.86379E+00
    3  T  1  4 1  -6.25631E+00
    4  T  2  4 0  -5.16655E+00
    5  T  1  5 1  -3.86262E+00
    6  T  2  4 2  -3.71397E+00
    7  T  1  6 1  -2.58389E+00
    8  T  2  5 0  -2.47489E+00
    9  T  3  4 1  -2.29018E+00
   10  T  1  7 1  -1.85586E+00
   11  T  2  5 2  -1.73935E+00
   12  T  1  8 1  -1.39247E+00
   13  T  3  4 3  -1.17917E+00
   14  T  1  9 1  -1.10863E+00
   15  T  2  6 0  -1.06642E+00
   16  T  1 10 1  -8.73886E-01
    1    1    0    9
    2  1.618380E+00
    1  T  2  4 1  -4.76878E+00
    2  T  2  5 1  -2.22699E+00
    3  T  3  4 2  -1.75490E+00
    4  T  2  6 1  -9.65172E-01
    5  T  2  7 1  -2.38914E-01
    6  T  2  8 1   2.17156E-01
    7  T  3  5 2   3.56770E-01
    8  T  2  9 1   5.25427E-01
    9  T  2 10 1   7.40938E-01
    1    2    1   12
    2  1.618380E+00
    1  T  2  3 2  -8.64726E+00
    2  T  2  4 2  -3.92855E+00
    3  T  3  4 1  -2.53486E+00
    4  T  2  5 2  -1.84306E+00
    5  T  3  4 3  -1.40655E+00
    6  T  2  6 2  -7.55155E-01
    7  T  2  7 2  -1.11411E-01
    8  T  3  5 1  -1.70261E-02
    9  T  2  8 2   3.01314E-01
   10  T  3  5 3   5.14779E-01
   11  T  2  9 2   5.83614E-01
   12  T  2 10 2   7.82545E-01
    1    2    0   17
    1  0.000000E+00
    1  C  2  0 0  -1.07777E+01
    2  T  1  3 2  -9.53284E+00
    3  C  3  0 0  -6.11571E+00
    4  T  1  4 2  -5.47500E+00
    5  T  2  4 1  -4.53617E+00
    6  T  1  5 2  -3.47337E+00
    7  T  2  4 3  -3.37926E+00
    8  T  3  4 0  -2.99569E+00
    9  T  1  6 2  -2.36772E+00
   10  T  2  5 1  -2.13238E+00
   11  T  1  7 2  -1.72696E+00
   12  T  2  5 3  -1.60348E+00
   13  T  3  4 2  -1.54923E+00
   14  T  1  8 2  -1.31081E+00
   15  T  1  9 2  -1.03473E+00
   16  T  2  6 1  -9.22229E-01
   17  T  1 10 2  -8.31963E-01
    1    3    1   13
    1  0.000000E+00
    1  T  2  3 2  -7.95736E+00
    2  T  1  4 3  -5.07148E+00
    3  T  2  4 2  -3.86929E+00
    4  T  1  5 3  -3.25885E+00
    5  T  3  4 1  -2.39812E+00
    6  T  1  6 3  -2.25200E+00
    7  T  2  5 2  -1.78642E+00
    8  T  1  7 3  -1.66149E+00
    9  T  2  5 4  -1.61211E+00
   10  T  3  4 3  -1.29813E+00
   11  T  1  8 3  -1.25564E+00
   12  T  1  9 3  -1.00302E+00
   13  T  1 10 3  -8.12711E-01
    1    3    0   10
    2  1.618380E+00
    1  T  2  4 3  -3.63691E+00
    2  T  3  4 2  -1.81336E+00
    3  T  2  5 3  -1.69580E+00
    4  T  2  6 3  -6.73169E-01
    5  T  2  7 3  -6.01230E-02
    6  T  3  5 2   3.27492E-01
    7  T  2  8 3   3.37335E-01
    8  T  3  5 4   5.58387E-01
    9  T  2  9 3   6.06710E-01
   10  T  2 10 3   7.99795E-01
    1    4    1    8
    2  1.618380E+00
    1  T  2  5 4  -1.67741E+00
    2  T  3  4 3  -1.48965E+00
    3  T  2  6 4  -6.48026E-01
    4  T  2  7 4  -4.55311E-02
    5  T  2  8 4   3.44014E-01
    6  T  3  5 3   4.75321E-01
    7  T  2  9 4   6.14370E-01
    8  T  2 10 4   8.04956E-01
    1    4    0   10
    1  0.000000E+00
    1  C  3  0 0  -6.13396E+00
    2  T  2  4 3  -3.50241E+00
    3  T  1  5 4  -3.16510E+00
    4  T  1  6 4  -2.24733E+00
    5  T  1  7 4  -1.69330E+00
    6  T  3  4 2: -1.59277E+00
    7  T  2  5 3: -1.53629E+00
    8  T  1  8 4  -1.26037E+00
    9  T  1  9 4  -9.98716E-01
   10  T  1 10 4  -8.10752E-01
    3    0    0   11
    1  0.000000E+00
    1  T  1  4 0  -6.89631E+00
    2  T  2  4 1  -4.62405E+00
    3  T  1  5 0  -4.09833E+00
    4  T  1  6 0  -2.73073E+00
    5  T  2  5 1  -2.16650E+00
    6  T  1  7 0  -1.94355E+00
    7  T  3  4 2  -1.68233E+00
    8  T  1  8 0  -1.45836E+00
    9  T  1  9 0  -1.13462E+00
   10  T  2  6 1  -9.33373E-01
   11  T  1 10 0  -9.01079E-01
    3    1    1   16
    1  0.000000E+00
    1  T  1  3 1  -1.24814E+01
    2  T  2  3 2  -8.38307E+00
    3  T  1  4 1  -6.26661E+00
    4  T  2  4 0  -5.25412E+00
    5  T  1  5 1  -3.86576E+00
    6  T  2  4 2  -3.75486E+00
    7  T  1  6 1  -2.57326E+00
    8  T  2  5 0  -2.49435E+00
    9  T  3  4 1  -2.38293E+00
   10  T  1  7 1  -1.85740E+00
   11  T  2  5 2  -1.78248E+00
   12  T  1  8 1  -1.39489E+00
   13  T  3  4 3  -1.29148E+00
   14  T  2  6 0  -1.10553E+00
   15  T  1  9 1  -1.08447E+00
   16  T  1 10 1  -8.75576E-01
    3    1    0   11
    2  1.618380E+00
    1  C  2  0 0  -1.07056E+01
    2  C  3  0 0  -6.07765E+00
    3  T  2  4 1  -4.63816E+00
    4  T  2  5 1  -2.18742E+00
    5  T  3  4 2  -1.53890E+00
    6  T  2  6 1  -9.44088E-01
    7  T  2  7 1  -2.27945E-01
    8  T  2  8 1   2.23637E-01
    9  T  3  5 2   4.29340E-01
   10  T  2  9 1   5.31346E-01
   11  T  2 10 1   7.44310E-01
    3    2    1   12
    2  1.618380E+00
    1  T  2  3 2  -8.35639E+00
    2  T  2  4 2  -3.92759E+00
    3  T  3  4 1  -2.50242E+00
    4  T  2  5 2  -1.83392E+00
    5  T  3  4 3  -1.31679E+00
    6  T  2  6 2  -7.53872E-01
    7  T  2  7 2  -1.15199E-01
    8  T  3  5 1  -2.18581E-03
    9  T  2  8 2   3.02858E-01
   10  T  3  5 3   5.49986E-01
   11  T  2  9 2   5.85507E-01
   12  T  2 10 2   7.82882E-01
    3    2    0   15
    1  0.000000E+00
    1  T  1  3 2  -1.00595E+01
    2  T  1  4 2  -5.48688E+00
    3  T  2  4 1  -4.70135E+00
    4  T  2  4 3  -3.52688E+00
    5  T  1  5 2  -3.41824E+00
    6  T  3  4 0  -3.05101E+00
    7  T  1  6 2  -2.37081E+00
    8  T  2  5 1  -2.19243E+00
    9  T  3  4 2  -1.77816E+00
   10  T  1  7 2  -1.72568E+00
   11  T  2  5 3  -1.63759E+00
   12  T  1  8 2  -1.31304E+00
   13  T  1  9 2  -1.03573E+00
   14  T  2  6 1  -9.50431E-01
   15  T  1 10 2  -8.33368E-01
    3    3    1   13
    1  0.000000E+00
    1  T  2  3 2  -8.70373E+00
    2  T  1  4 3  -5.15444E+00
    3  T  2  4 2  -3.87494E+00
    4  T  1  5 3  -3.28769E+00
    5  T  3  4 1  -2.48081E+00
    6  T  1  6 3  -2.27746E+00
    7  T  2  5 2  -1.81840E+00
    8  T  1  7 3  -1.67079E+00
    9  T  2  5 4  -1.61764E+00
   10  T  3  4 3  -1.44552E+00
   11  T  1  8 3  -1.27721E+00
   12  T  1  9 3  -1.00822E+00
   13  T  1 10 3  -8.16054E-01
    3    3    0   11
    2  1.618380E+00
    1  C  3  0 0  -6.28836E+00
    2  T  2  4 3  -3.59577E+00
    3  T  2  5 3  -1.69277E+00
    4  T  3  4 2  -1.63965E+00
    5  T  2  6 3  -6.65646E-01
    6  T  2  7 3  -5.59360E-02
    7  T  2  8 3   3.37923E-01
    8  T  3  5 2   3.83062E-01
    9  T  3  5 4   5.62397E-01
   10  T  2  9 3   6.08420E-01
   11  T  2 10 3   8.01040E-01
    3    4    1    8
    2  1.618380E+00
    1  T  2  5 4  -1.67044E+00
    2  T  3  4 3  -1.33463E+00
    3  T  2  6 4  -6.45179E-01
    4  T  2  7 4  -4.46962E-02
    5  T  2  8 4   3.44144E-01
    6  T  3  5 3   5.34520E-01
    7  T  2  9 4   6.17546E-01
    8  T  2 10 4   8.05758E-01
    3    4    0    9
    1  0.000000E+00
    1  T  2  4 3  -3.63522E+00
    2  T  1  5 4  -3.21192E+00
    3  T  1  6 4  -2.25257E+00
    4  T  3  4 2  -1.77062E+00
    5  T  2  5 3  -1.69513E+00
    6  T  1  7 4  -1.63189E+00
    7  T  1  8 4  -1.26503E+00
    8  T  1  9 4  -1.00070E+00
    9  T  1 10 4  -8.11466E-01
    0    0    0    0
