   26   23    E
    2    0    0   33
    4  2.697600E-01
    1  C  1  0 0  -3.27170E+00
    2  T  9  4 0  -2.38163E+00
    3  T 16  4 0  -1.65252E+00
    4  T  7  4 2: -1.12033E+00
    5  T  9  5 0  -1.00122E+00
    6  T 10  4 2  -9.60040E-01
    7  T 15  4 2  -6.63946E-01
    8  T  7  5 2  -4.95188E-01
    9  T  9  6 0  -4.64516E-01
   10  T 10  5 2  -4.10285E-01
   11  T  5  5 4  -3.70577E-01
   12  T  6  5 4  -3.03188E-01
   13  T 16  5 0  -2.52157E-01
   14  T  7  6 2  -2.08497E-01
   15  T  9  7 0  -1.96913E-01
   16  T  5  6 4  -1.74968E-01
   17  T 10  6 2  -1.35945E-01
   18  T  6  6 4  -1.07392E-01
   19  T  5  7 4  -5.70702E-02
   20  T  7  7 2  -5.09387E-02
   21  T  9  8 0  -4.41151E-02
   22  T 15  5 2  -1.91583E-02
   23  T 14  5 4   5.08926E-03
   24  T  6  7 4   1.09157E-02
   25  T  8  7 6   1.15212E-02
   26  T  5  8 4   1.95831E-02
   27  T 10  7 2   2.10892E-02
   28  T  9  9 0   5.09611E-02
   29  T  7  8 2   5.21876E-02
   30  T  5  9 4   7.21048E-02
   31  T  6  8 4   8.75851E-02
   32  T  8  8 6   8.80520E-02
   33  T  5 10 4   1.09612E-01
    2    0    1   27
    2  2.248000E-01
    1  T  2  4 1  -1.99413E+00
    2  T 13  4 1  -1.57996E+00
    3  T  2  5 1  -9.27734E-01
    4  T  4  4 3  -7.71854E-01
    5  T 13  5 1  -5.72926E-01
    6  T 11  4 3  -5.22262E-01
    7  T  2  6 1  -4.85679E-01
    8  T 12  4 3  -4.34805E-01
    9  T  4  5 3  -4.05192E-01
   10  T  2  7 1  -2.60068E-01
   11  T  3  6 5  -2.19616E-01
   12  T  4  6 3  -2.10269E-01
   13  T 11  5 3  -1.65724E-01
   14  T 13  6 1  -1.41470E-01
   15  T  2  8 1  -1.24639E-01
   16  T  3  7 5  -1.01706E-01
   17  T  4  7 3  -9.16323E-02
   18  T 12  5 3  -7.38858E-02
   19  T  2  9 1  -4.13709E-02
   20  T  3  8 5  -2.51653E-02
   21  T  4  8 3  -1.26430E-02
   22  T  2 10 1   1.59225E-02
   23  T  3  9 5   2.72939E-02
   24  T 11  6 3   2.97515E-02
   25  T  4  9 3   4.04663E-02
   26  T  2 11 1   5.64866E-02
   27  T  3 10 5   6.48179E-02
    2    1    0   74
    2  2.248000E-01
    1  C  2  0 0  -2.94101E+00
    2  T  2  4 0  -2.47727E+00
    3  T 13  4 0  -2.14451E+00
    4  T  2  4 2  -1.28586E+00
    5  T  4  4 2  -1.24535E+00
    6  T  7  4 2  -1.15040E+00
    7  T  2  5 0  -1.11479E+00
    8  T 10  4 2  -1.07108E+00
    9  T 11  4 2  -9.90389E-01
   10  T 12  4 2  -9.07070E-01
   11  T 13  4 2  -8.38869E-01
   12  T 13  5 0  -7.73840E-01
   13  T  2  5 2  -6.43702E-01
   14  T  4  5 2  -6.32172E-01
   15  T 15  4 2  -5.99532E-01
   16  T  2  6 0  -5.76651E-01
   17  T  7  5 2  -5.17425E-01
   18  T 10  5 2  -4.46578E-01
   19  T  3  5 4  -4.14680E-01
   20  T  4  5 4  -4.00276E-01
   21  T 11  5 2  -3.77795E-01
   22  T  5  5 4  -3.70502E-01
   23  T  2  6 2  -3.44157E-01
   24  T  4  6 2  -3.27708E-01
   25  T  2  7 0  -3.09848E-01
   26  T  6  5 4  -3.03222E-01
   27  T 12  5 2  -2.93688E-01
   28  T 13  5 2  -2.58353E-01
   29  T 13  6 0  -2.38068E-01
   30  T  7  6 2  -2.20588E-01
   31  T  3  6 4  -2.19096E-01
   32  T  4  6 4  -2.04690E-01
   33  T  2  7 2  -1.76313E-01
   34  T  5  6 4  -1.74909E-01
   35  T 11  5 4  -1.63278E-01
   36  T  4  7 2  -1.59833E-01
   37  T  2  8 0  -1.57097E-01
   38  T 10  6 2  -1.48608E-01
   39  T  6  6 4  -1.07431E-01
   40  T  3  7 6  -1.01737E-01
   41  T  3  7 4  -1.01432E-01
   42  T  4  7 4  -8.67915E-02
   43  T 11  6 2  -8.61812E-02
   44  T 12  5 4  -7.42093E-02
   45  T  2  8 2  -7.38621E-02
   46  T  7  7 2  -6.39973E-02
   47  T  2  9 0  -6.14341E-02
   48  T  4  8 2  -5.73093E-02
   49  T  5  7 4  -5.68070E-02
   50  T  3  8 6  -2.52056E-02
   51  T  3  8 4  -2.50139E-02
   52  T 15  5 2  -1.69510E-02
   53  T  4  8 4  -1.01804E-02
   54  T  2  9 2  -6.85799E-03
   55  T 12  6 2   3.86317E-05
   56  T  2 10 0   2.63083E-03
   57  T 14  5 4   4.94433E-03
   58  T  4  9 2   8.20574E-03
   59  T  6  7 4   1.08415E-02
   60  T  8  7 6   1.15210E-02
   61  T 10  7 2   1.65637E-02
   62  T  5  8 4   1.96235E-02
   63  T  3  9 6   2.72635E-02
   64  T  3  9 4   2.72924E-02
   65  T 13  6 2   2.82543E-02
   66  T 13  7 0   3.03337E-02
   67  T 11  6 4   3.20969E-02
   68  T  2 10 2   4.09280E-02
   69  T  4  9 4   4.23226E-02
   70  T  7  8 2   4.43061E-02
   71  T  2 11 0   4.67244E-02
   72  T  4 10 2   5.68434E-02
   73  T  3 10 6   6.47942E-02
   74  T  3 10 4   6.49119E-02
    2    1    1   71
    2  2.248000E-01
    1  T  2  4 1  -1.97786E+00
    2  T  7  4 1  -1.88338E+00
    3  T  9  4 1  -1.84645E+00
    4  T 10  4 1  -1.76090E+00
    5  T 13  4 1  -1.60679E+00
    6  T 15  4 1  -1.41098E+00
    7  T 16  4 1  -1.10187E+00
    8  T  2  5 1  -9.23218E-01
    9  T  7  5 1: -8.16403E-01
   10  T  9  5 1  -8.04996E-01
   11  T  4  4 3  -7.68502E-01
   12  T  5  4 3  -7.38246E-01
   13  T 10  5 1  -7.28518E-01
   14  T  6  4 3  -6.76404E-01
   15  T  7  4 3  -6.67974E-01
   16  T 10  4 3  -5.86226E-01
   17  T 13  5 1  -5.79634E-01
   18  T 11  4 3  -5.24213E-01
   19  T  2  6 1  -4.85039E-01
   20  T 12  4 3  -4.32861E-01
   21  T  4  5 3  -4.05272E-01
   22  T  5  5 3  -3.78067E-01
   23  T  9  6 1  -3.74709E-01
   24  T  7  6 1  -3.67265E-01
   25  T 14  4 3  -3.59340E-01
   26  T 15  5 1  -3.17053E-01
   27  T  6  5 3  -3.08568E-01
   28  T  7  5 3  -3.05121E-01
   29  T 10  6 1  -2.91619E-01
   30  T  2  7 1  -2.58531E-01
   31  T 10  5 3  -2.26931E-01
   32  T  3  6 5  -2.19621E-01
   33  T  4  6 3  -2.08555E-01
   34  T  5  6 3  -1.79135E-01
   35  T  5  6 5  -1.74702E-01
   36  T 15  4 3  -1.69116E-01
   37  T 11  5 3  -1.65091E-01
   38  T  7  7 1  -1.51152E-01
   39  T  9  7 1  -1.45247E-01
   40  T 13  6 1  -1.38740E-01
   41  T  2  8 1  -1.25411E-01
   42  T  6  6 3  -1.11889E-01
   43  T  7  6 3  -1.08584E-01
   44  T  6  6 5  -1.06473E-01
   45  T  8  6 5  -1.06361E-01
   46  T  3  7 5  -1.01710E-01
   47  T  4  7 3  -8.94827E-02
   48  T 12  5 3  -7.40820E-02
   49  T 10  7 1  -6.67443E-02
   50  T  5  7 3  -5.93034E-02
   51  T  5  7 5  -5.67887E-02
   52  T 16  5 1  -5.46622E-02
   53  T  2  9 1  -4.09496E-02
   54  T 10  6 3  -3.01404E-02
   55  T  3  8 5  -2.51715E-02
   56  T  7  8 1: -1.35021E-02
   57  T  4  8 3  -1.23593E-02
   58  T  9  8 1  -1.10238E-02
   59  T 14  5 3   1.04836E-03
   60  T  6  7 3   8.25015E-03
   61  T  7  7 3   1.00167E-02
   62  T  6  7 5   1.14216E-02
   63  T  8  7 5   1.15881E-02
   64  T  2 10 1   1.63129E-02
   65  T  5  8 3   1.80103E-02
   66  T  5  8 5   1.97462E-02
   67  T  3  9 5   2.72893E-02
   68  T 11  6 3   2.93831E-02
   69  T  4  9 3   4.10351E-02
   70  T  2 11 1   5.67727E-02
   71  T  3 10 5   6.48141E-02
    2    2    0  107
    2  2.248000E-01
    1  C  1  0 0  -3.43429E+00
    2  C  2  0 0  -3.19871E+00
    3  C  3  0 0  -2.85699E+00
    4  T  7  4 0  -2.37606E+00
    5  T 10  4 0  -2.32291E+00
    6  T 15  4 0  -1.89868E+00
    7  T  2  4 2  -1.26585E+00
    8  T  5  4 2  -1.22806E+00
    9  T  4  4 2  -1.22096E+00
   10  T  6  4 2  -1.15644E+00
   11  T  7  4 2  -1.13337E+00
   12  T  9  4 2  -1.08642E+00
   13  T 10  4 2  -1.03078E+00
   14  T  7  5 0  -1.00306E+00
   15  T 11  4 2  -9.77614E-01
   16  T 10  5 0  -9.30154E-01
   17  T 13  4 2  -9.03966E-01
   18  T 12  4 2  -8.68068E-01
   19  T 14  4 2  -7.47925E-01
   20  T  2  5 2  -6.33786E-01
   21  T 15  4 2  -6.14524E-01
   22  T  4  5 2  -5.95585E-01
   23  T  5  5 2  -5.83517E-01
   24  T  6  5 2  -5.29768E-01
   25  T  7  5 2: -5.19326E-01
   26  T 15  5 0  -4.97901E-01
   27  T  9  5 2  -4.90883E-01
   28  T  7  6 0  -4.65197E-01
   29  T 10  5 2  -4.37495E-01
   30  T  3  5 4  -4.14906E-01
   31  T  4  5 4  -4.00236E-01
   32  T 10  6 0  -3.89643E-01
   33  T 16  4 2  -3.86935E-01
   34  T 11  5 2  -3.75478E-01
   35  T  5  5 4  -3.70371E-01
   36  T  2  6 2  -3.38932E-01
   37  T  4  6 2  -3.12714E-01
   38  T  6  5 4  -3.03267E-01
   39  T  7  5 4  -3.02786E-01
   40  T  8  5 4  -3.01496E-01
   41  T  5  6 2  -2.98666E-01
   42  T 13  5 2  -2.81268E-01
   43  T 12  5 2  -2.58412E-01
   44  T  6  6 2: -2.30178E-01
   45  T  9  6 2  -2.26028E-01
   46  T 10  5 4  -2.22519E-01
   47  T  3  6 4  -2.19392E-01
   48  T  7  6 2  -2.12012E-01
   49  T  4  6 4  -2.04624E-01
   50  T  7  7 0  -1.97226E-01
   51  T 14  5 2  -1.87557E-01
   52  T  5  6 4  -1.74806E-01
   53  T  2  7 2  -1.70479E-01
   54  T 11  5 4  -1.63703E-01
   55  T  4  7 2  -1.58015E-01
   56  T 10  6 2  -1.35788E-01
   57  T  5  7 2  -1.27748E-01
   58  T 10  7 0  -1.19384E-01
   59  T  6  6 4  -1.07449E-01
   60  T  7  6 4  -1.06942E-01
   61  T  8  6 4  -1.05984E-01
   62  T  3  7 6  -1.01737E-01
   63  T  3  7 4  -1.01573E-01
   64  T 11  6 2  -8.71456E-02
   65  T  4  7 4  -8.67165E-02
   66  T 12  5 4  -7.46138E-02
   67  T  2  8 2  -7.30938E-02
   68  T  6  7 2: -6.38447E-02
   69  T  9  7 2  -6.35091E-02
   70  T  5  7 4  -5.68806E-02
   71  T  5  7 6  -5.67730E-02
   72  T  7  7 2  -5.37592E-02
   73  T  4  8 2  -4.94953E-02
   74  T  7  8 0  -4.39147E-02
   75  T 10  6 4  -2.71069E-02
   76  T  5  8 2  -2.58511E-02
   77  T  3  8 6  -2.52061E-02
   78  T  3  8 4  -2.50949E-02
   79  T 15  5 2  -1.22313E-02
   80  T  4  8 4  -1.01520E-02
   81  T  2  9 2  -5.44594E-03
   82  T 13  6 2   2.40287E-03
   83  T 14  5 4   5.07486E-03
   84  T  4  9 2   1.01582E-02
   85  T  6  7 4   1.08213E-02
   86  T  7  7 4   1.11763E-02
   87  T  6  7 6   1.15165E-02
   88  T  8  7 4   1.17841E-02
   89  T  5  8 4   1.96677E-02
   90  T  5  8 6   1.97575E-02
   91  T 10  7 2   2.31492E-02
   92  T 12  6 2   2.69312E-02
   93  T  3  9 6   2.72632E-02
   94  T  3  9 4   2.76090E-02
   95  T 11  6 4   3.17785E-02
   96  T 10  8 0   3.38931E-02
   97  T  5  9 2   3.74847E-02
   98  T  6  8 2   3.84365E-02
   99  T  9  8 2   3.95387E-02
  100  T  4  9 4   4.23259E-02
  101  T  2 10 2   4.24628E-02
  102  T 15  6 0   4.54370E-02
  103  T  7  8 2   4.86601E-02
  104  T  7  9 0   5.15552E-02
  105  T  4 10 2   5.99380E-02
  106  T  3 10 6   6.47938E-02
  107  T  3 10 4   6.48533E-02
    2    2    1  103
    2  2.248000E-01
    1  T  4  4 1  -1.98102E+00
    2  T  2  4 1  -1.95554E+00
    3  T  7  4 1  -1.83251E+00
    4  T 10  4 1  -1.81550E+00
    5  T 11  4 1  -1.71067E+00
    6  T 13  4 1  -1.65899E+00
    7  T 12  4 1  -1.54289E+00
    8  T 15  4 1  -1.32365E+00
    9  T  2  5 1  -9.18234E-01
   10  T  4  5 1  -9.09348E-01
   11  T  7  5 1  -8.06568E-01
   12  T  2  4 3  -7.84995E-01
   13  T  3  4 3  -7.75897E-01
   14  T  4  4 3  -7.65117E-01
   15  T 10  5 1  -7.43247E-01
   16  T  5  4 3  -7.37623E-01
   17  T  6  4 3  -6.76912E-01
   18  T  7  4 3  -6.72656E-01
   19  T 11  5 1  -6.66584E-01
   20  T 13  5 1  -5.95719E-01
   21  T 10  4 3  -5.90192E-01
   22  T 12  5 1  -5.57708E-01
   23  T 11  4 3  -5.28445E-01
   24  T  2  6 1  -4.83051E-01
   25  T  4  6 1  -4.70134E-01
   26  T 12  4 3: -4.39534E-01
   27  T 13  4 3  -4.33682E-01
   28  T  2  5 3  -4.21013E-01
   29  T  3  5 3  -4.16425E-01
   30  T  4  5 3  -4.03523E-01
   31  T  5  5 3  -3.75600E-01
   32  T  7  6 1  -3.71545E-01
   33  T 14  4 3  -3.60087E-01
   34  T  6  5 3  -3.10888E-01
   35  T  7  5 3  -3.07975E-01
   36  T 10  6 1  -3.00851E-01
   37  T 15  5 1  -2.90520E-01
   38  T  2  7 1  -2.57478E-01
   39  T  4  7 1  -2.43396E-01
   40  T 11  6 1  -2.32620E-01
   41  T 10  5 3  -2.29041E-01
   42  T  2  6 3  -2.24401E-01
   43  T  3  6 3  -2.21022E-01
   44  T  3  6 5  -2.19630E-01
   45  T  4  6 3  -2.06696E-01
   46  T  4  6 5  -2.04516E-01
   47  T  5  6 3  -1.78854E-01
   48  T  5  6 5  -1.74695E-01
   49  T 11  5 3  -1.68970E-01
   50  T 15  4 3  -1.59910E-01
   51  T 13  6 1  -1.51926E-01
   52  T  7  7 1  -1.45031E-01
   53  T 12  6 1  -1.33606E-01
   54  T  2  8 1  -1.24910E-01
   55  T  6  6 3  -1.12156E-01
   56  T  7  6 3  -1.11241E-01
   57  T  4  8 1  -1.09414E-01
   58  T  6  6 5  -1.06476E-01
   59  T  8  6 5  -1.06365E-01
   60  T  2  7 3  -1.05057E-01
   61  T  3  7 3  -1.02720E-01
   62  T  3  7 5  -1.01719E-01
   63  T  4  7 3  -8.80490E-02
   64  T  4  7 5  -8.66058E-02
   65  T 12  5 3: -7.75907E-02
   66  T 13  5 3  -7.47720E-02
   67  T 10  7 1  -6.94214E-02
   68  T  5  7 3  -5.89825E-02
   69  T  5  7 5  -5.67788E-02
   70  T  2  9 1  -4.05197E-02
   71  T 10  6 3  -3.15921E-02
   72  T  2  8 3  -2.76463E-02
   73  T  3  8 3  -2.61764E-02
   74  T  4  9 1  -2.57526E-02
   75  T  3  8 7  -2.52070E-02
   76  T  3  8 5  -2.51810E-02
   77  T  7  8 1  -1.24012E-02
   78  T  4  8 3  -1.10470E-02
   79  T  4  8 5  -1.00725E-02
   80  T 11  7 1  -7.05168E-03
   81  T 14  5 3   3.27897E-04
   82  T  6  7 3   7.88093E-03
   83  T  7  7 3   8.97344E-03
   84  T  6  7 5   1.14194E-02
   85  T  8  7 5   1.15791E-02
   86  T  2 10 1   1.66219E-02
   87  T  5  8 3   1.81164E-02
   88  T  5  8 5   1.97512E-02
   89  T  2  9 3   2.55035E-02
   90  T  3  9 3   2.64403E-02
   91  T  3  9 7   2.72622E-02
   92  T  3  9 5   2.72816E-02
   93  T 11  6 3   2.86434E-02
   94  T 11  6 5   3.13336E-02
   95  T  4 10 1   3.15587E-02
   96  T  4  9 3   4.15675E-02
   97  T  4  9 5   4.23983E-02
   98  T  2 11 1   5.70620E-02
   99  T  2 10 3   6.34446E-02
  100  T  3 10 3   6.41407E-02
  101  T 10  8 1   6.47831E-02
  102  T  3 10 7   6.47931E-02
  103  T  3 10 5   6.48080E-02
    2    3    0  120
    2  2.248000E-01
    1  C  2  0 0  -3.42470E+00
    2  C  1  0 0  -3.33754E+00
    3  T  4  4 0  -2.46316E+00
    4  T 11  4 0  -2.26607E+00
    5  T 12  4 0  -2.14682E+00
    6  T  2  4 2  -1.26453E+00
    7  T  4  4 2  -1.24522E+00
    8  T  3  4 2  -1.22416E+00
    9  T  5  4 2  -1.21149E+00
   10  T  7  4 2  -1.15655E+00
   11  T  4  5 0  -1.09731E+00
   12  T 10  4 2  -1.08188E+00
   13  T  6  4 2  -1.03574E+00
   14  T 11  4 2  -9.88873E-01
   15  T 12  4 2  -9.36941E-01
   16  T 13  4 2  -9.00447E-01
   17  T 11  5 0  -8.73038E-01
   18  T 14  4 2  -8.37195E-01
   19  T 12  5 0  -7.74912E-01
   20  T  2  5 2  -6.39111E-01
   21  T 15  4 2  -6.28529E-01
   22  T  4  5 2  -6.15390E-01
   23  T  3  5 2  -6.06507E-01
   24  T  5  5 2  -5.82909E-01
   25  T  4  6 0  -5.61826E-01
   26  T  6  5 2: -5.27316E-01
   27  T  7  5 2  -4.84300E-01
   28  T 10  5 2  -4.45290E-01
   29  T  2  5 4  -4.15289E-01
   30  T  3  5 4  -4.15134E-01
   31  T  4  5 4  -4.00141E-01
   32  T 11  5 2  -3.84952E-01
   33  T  5  5 4  -3.70284E-01
   34  T  2  6 2  -3.42032E-01
   35  T 11  6 0  -3.30685E-01
   36  T  3  6 2  -3.24262E-01
   37  T  4  6 2  -3.21328E-01
   38  T 12  5 2  -3.03923E-01
   39  T  6  5 4  -3.03217E-01
   40  T  7  5 4  -3.02667E-01
   41  T  8  5 4  -3.01559E-01
   42  T  4  7 0  -2.94586E-01
   43  T 13  5 2  -2.90671E-01
   44  T  5  6 2  -2.89536E-01
   45  T 12  6 0  -2.37417E-01
   46  T  6  6 2  -2.31199E-01
   47  T 10  5 4  -2.22919E-01
   48  T  2  6 4  -2.19720E-01
   49  T  3  6 4  -2.19598E-01
   50  T 14  5 2  -2.17707E-01
   51  T  7  6 2  -2.07118E-01
   52  T  4  6 4  -2.04500E-01
   53  T  2  7 2  -1.75335E-01
   54  T  5  6 4  -1.74716E-01
   55  T  3  7 2  -1.67297E-01
   56  T 11  5 4  -1.64241E-01
   57  T  4  7 2  -1.55571E-01
   58  T 10  6 2  -1.46701E-01
   59  T  4  8 0  -1.41666E-01
   60  T  5  7 2  -1.26553E-01
   61  T  6  6 4  -1.07400E-01
   62  T  7  6 4  -1.07070E-01
   63  T  8  6 4  -1.06058E-01
   64  T  2  7 4  -1.01806E-01
   65  T  3  7 6  -1.01738E-01
   66  T  3  7 4  -1.01716E-01
   67  T 11  6 2  -8.99215E-02
   68  T  4  7 4  -8.66489E-02
   69  T  4  7 6  -8.65949E-02
   70  T 12  5 4  -7.55676E-02
   71  T 13  5 4  -7.43114E-02
   72  T  2  8 2  -7.36029E-02
   73  T  3  8 2  -6.71428E-02
   74  T  6  7 2  -6.26689E-02
   75  T 11  7 0  -5.98784E-02
   76  T  4  8 2: -5.95508E-02
   77  T  5  7 4  -5.67844E-02
   78  T  4  9 0: -4.70080E-02
   79  T  7  7 2  -4.57299E-02
   80  T 10  6 4  -2.74325E-02
   81  T  5  8 2  -2.66947E-02
   82  T  2  8 4  -2.52663E-02
   83  T  3  8 6  -2.52073E-02
   84  T  3  8 4  -2.51755E-02
   85  T 15  5 2  -1.13646E-02
   86  T  4  8 4  -1.01372E-02
   87  T  4  8 6  -1.00644E-02
   88  T 12  6 2  -8.42690E-03
   89  T  2  9 2  -4.92217E-03
   90  T  3  9 2  -9.07726E-04
   91  T 13  6 2   2.35710E-03
   92  T 14  5 4   4.87893E-03
   93  T  4  9 2   1.07155E-02
   94  T  6  7 4   1.08686E-02
   95  T  7  7 4   1.11255E-02
   96  T  6  7 6   1.15166E-02
   97  T  8  7 4   1.17469E-02
   98  T  4 10 0   1.72624E-02
   99  T 10  7 2   1.74606E-02
  100  T  5  8 4   1.97435E-02
  101  T  5  7 6   1.97582E-02
  102  T  2  9 4   2.72276E-02
  103  T  3  9 6:  2.72618E-02
  104  T  3  9 8   2.72618E-02
  105  T  3  9 4   2.72786E-02
  106  T 12  7 0   3.02300E-02
  107  T 11  6 4   3.13355E-02
  108  T  6  8 2   3.79226E-02
  109  T  5  9 2:  3.95294E-02
  110  T  2 10 2   4.09384E-02
  111  T  4  9 4   4.23728E-02
  112  T  4  9 6   4.24047E-02
  113  T  3 10 2   4.47800E-02
  114  T  7  8 2   4.73851E-02
  115  T  4 10 2   5.84165E-02
  116  T  4 11 0   6.18442E-02
  117  T  2 10 4   6.47617E-02
  118  T  3 10 4   6.47894E-02
  119  T  3 10 8   6.47930E-02
  120  T  3 10 6   6.47976E-02
    2    3    1  115
    2  2.248000E-01
    1  T  4  4 1: -1.96477E+00
    2  T  5  4 1  -1.93565E+00
    3  T  6  4 1  -1.89009E+00
    4  T  7  4 1  -1.84039E+00
    5  T 10  4 1  -1.79690E+00
    6  T 11  4 1  -1.76243E+00
    7  T 12  4 1  -1.65840E+00
    8  T 14  4 1  -1.55320E+00
    9  T 15  4 1  -1.36260E+00
   10  T  4  5 1  -9.03494E-01
   11  T  5  5 1  -8.78936E-01
   12  T  6  5 1  -8.20609E-01
   13  T  7  5 1  -8.08131E-01
   14  T  2  4 3  -7.83705E-01
   15  T  3  4 3  -7.81020E-01
   16  T  4  4 3  -7.63882E-01
   17  T 10  5 1  -7.36987E-01
   18  T  5  4 3  -7.34998E-01
   19  T 11  5 1  -6.87845E-01
   20  T  6  4 3  -6.76769E-01
   21  T  7  4 3  -6.69710E-01
   22  T  8  4 3  -6.63078E-01
   23  T  9  4 3  -6.60684E-01
   24  T 10  4 3  -5.94501E-01
   25  T 12  5 1  -5.92312E-01
   26  T 11  4 3  -5.33825E-01
   27  T 14  5 1  -5.05319E-01
   28  T  4  6 1  -4.67807E-01
   29  T 12  4 3  -4.54852E-01
   30  T  5  6 1  -4.39850E-01
   31  T 13  4 3  -4.33230E-01
   32  T  2  5 3  -4.20495E-01
   33  T  3  5 3  -4.18585E-01
   34  T  4  5 3  -4.03512E-01
   35  T  6  6 1  -3.78102E-01
   36  T  5  5 3  -3.75078E-01
   37  T  7  6 1  -3.70261E-01
   38  T 14  4 3  -3.62360E-01
   39  T  6  5 3  -3.11360E-01
   40  T  9  5 3: -3.09780E-01
   41  T  7  5 3: -3.06265E-01
   42  T  8  5 3: -3.03754E-01
   43  Q  0  0 0  -3.03499E-01
   44  T 10  6 1  -2.95664E-01
   45  T  4  7 1  -2.43247E-01
   46  T 11  6 1  -2.40867E-01
   47  T 10  5 3  -2.31103E-01
   48  T  2  6 3  -2.23679E-01
   49  T  3  6 3  -2.22507E-01
   50  T  3  6 5  -2.19640E-01
   51  T  5  7 1  -2.13608E-01
   52  T  4  6 3  -2.06558E-01
   53  T  4  6 5  -2.04514E-01
   54  T  5  6 3  -1.77890E-01
   55  T  5  6 5  -1.74689E-01
   56  T 11  5 3  -1.71010E-01
   57  T 15  4 3  -1.54209E-01
   58  T 12  6 1  -1.50462E-01
   59  T  6  7 1  -1.47386E-01
   60  T  7  7 1  -1.45110E-01
   61  T  7  6 3  -1.12563E-01
   62  T  6  6 3: -1.10462E-01
   63  T  4  8 1  -1.09812E-01
   64  T  9  6 3  -1.08855E-01
   65  T  8  6 3  -1.08184E-01
   66  T  8  6 5  -1.06372E-01
   67  T  2  7 3: -1.04430E-01
   68  T  3  7 3  -1.03419E-01
   69  T  3  7 5  -1.01731E-01
   70  T  4  7 3  -8.85844E-02
   71  T  4  7 5  -8.66106E-02
   72  T 12  5 3  -8.56788E-02
   73  T  5  8 1  -8.04617E-02
   74  T 13  5 3  -7.49610E-02
   75  T 10  7 1  -6.84857E-02
   76  T 14  6 1  -6.51516E-02
   77  T  5  7 3  -5.85476E-02
   78  T  5  7 5  -5.67688E-02
   79  T 10  6 3  -3.27112E-02
   80  T 10  6 5  -2.74001E-02
   81  T  2  8 3  -2.72056E-02
   82  T  3  8 3  -2.66376E-02
   83  T  4  9 1  -2.53075E-02
   84  T  3  8 7  -2.52070E-02
   85  T  3  8 5  -2.51913E-02
   86  T  6  8 1  -1.43776E-02
   87  T  7  8 1  -1.34708E-02
   88  T  4  8 3  -1.14203E-02
   89  T 11  7 1  -1.01956E-02
   90  T  4  8 5  -1.00707E-02
   91  T 14  5 3  -9.76241E-04
   92  T  5  9 1   4.07273E-03
   93  T  6  7 3:  7.44072E-03
   94  T  9  7 3   8.72656E-03
   95  T  8  7 3   1.00215E-02
   96  T  7  7 3   1.06962E-02
   97  T  6  6 5   1.14220E-02
   98  T  7  6 5   1.14618E-02
   99  T  8  7 5   1.15696E-02
  100  T  5  8 3   1.84155E-02
  101  T  5  8 5   1.97574E-02
  102  T  3  9 3   2.54736E-02
  103  T  2  9 3   2.61133E-02
  104  T  3  9 7   2.72621E-02
  105  T  3  9 5   2.72725E-02
  106  T 11  6 3   2.75873E-02
  107  T 11  6 5   3.13059E-02
  108  T  4 10 1   3.18420E-02
  109  T  4  9 3   4.15363E-02
  110  T  4  9 5   4.24003E-02
  111  T  5 10 1   6.09739E-02
  112  T  2 10 3   6.36228E-02
  113  T  3 10 3   6.39268E-02
  114  T  3 10 7   6.47930E-02
  115  T  3 10 5   6.48004E-02
    2    4    0  115
    2  2.248000E-01
    1  C  1  0 0  -3.38135E+00
    2  C  2  0 0  -3.12545E+00
    3  T  5  4 0  -2.43349E+00
    4  T  6  4 0  -2.40883E+00
    5  T 14  4 0  -2.09903E+00
    6  T  3  4 2  -1.28881E+00
    7  T  4  4 2  -1.23780E+00
    8  T  5  4 2: -1.18349E+00
    9  T  6  4 2  -1.16032E+00
   10  T  8  4 2  -1.13217E+00
   11  T  7  4 2  -1.10490E+00
   12  T  5  5 0  -1.06664E+00
   13  T 10  4 2  -1.05553E+00
   14  T  6  5 0  -1.01318E+00
   15  T 11  4 2  -9.99000E-01
   16  T 12  4 2  -8.95485E-01
   17  T 14  4 2  -8.00740E-01
   18  T 14  5 0  -7.04753E-01
   19  T 15  4 2  -6.51932E-01
   20  T  3  5 2: -6.35160E-01
   21  T  4  5 2  -6.13564E-01
   22  T  5  5 2  -5.54890E-01
   23  T  5  6 0  -5.32808E-01
   24  T  7  5 2  -5.28360E-01
   25  T  6  5 2  -5.19844E-01
   26  T  8  5 2  -4.97064E-01
   27  T  6  6 0  -4.68978E-01
   28  T 10  5 2  -4.44014E-01
   29  T  2  5 4  -4.15401E-01
   30  T  3  5 4  -4.15276E-01
   31  T  4  5 4  -4.00041E-01
   32  T 11  5 2  -3.89673E-01
   33  T  5  5 4  -3.70238E-01
   34  T  3  6 2  -3.42741E-01
   35  T  4  6 2  -3.20673E-01
   36  T  6  5 4  -3.03057E-01
   37  T  7  5 4  -3.02910E-01
   38  T  8  5 4  -3.01764E-01
   39  T  9  5 4  -3.00233E-01
   40  T 12  5 2  -2.84195E-01
   41  T  5  6 2  -2.79833E-01
   42  T  5  7 0  -2.64520E-01
   43  T  7  6 2  -2.30550E-01
   44  T  6  6 2  -2.29924E-01
   45  T 10  5 4  -2.23514E-01
   46  T  2  6 4: -2.19871E-01
   47  T  3  6 4  -2.19757E-01
   48  T  8  6 2  -2.18984E-01
   49  T  4  6 4  -2.04524E-01
   50  T 14  5 2  -2.00020E-01
   51  T  6  7 0  -1.98985E-01
   52  T  5  6 4  -1.74686E-01
   53  T  3  7 2  -1.71709E-01
   54  T 11  5 4  -1.64766E-01
   55  T 14  6 0  -1.61695E-01
   56  T  4  7 2  -1.57074E-01
   57  T 10  6 2  -1.47884E-01
   58  T  5  7 2  -1.21063E-01
   59  T  5  8 0  -1.11914E-01
   60  T  6  6 4  -1.07261E-01
   61  T  7  6 4  -1.07147E-01
   62  T  8  6 4  -1.06223E-01
   63  T  9  6 4  -1.05119E-01
   64  T  2  7 4  -1.01874E-01
   65  T  3  7 4  -1.01805E-01
   66  T  3  7 6  -1.01737E-01
   67  T 11  6 2  -9.07708E-02
   68  T  4  7 4  -8.66028E-02
   69  T 12  5 4  -7.64672E-02
   70  T 13  5 4  -7.47229E-02
   71  T  3  8 2  -7.27788E-02
   72  T  7  7 2  -6.39443E-02
   73  T  6  7 2  -6.27192E-02
   74  T  8  7 2  -6.05193E-02
   75  T  5  7 4  -5.67766E-02
   76  T  4  8 2  -4.97326E-02
   77  T  6  8 0  -4.51842E-02
   78  T 10  6 4  -2.80188E-02
   79  T  5  8 2  -2.55508E-02
   80  T  2  8 4  -2.52951E-02
   81  T  3  8 6  -2.52070E-02
   82  T  3  8 4  -2.51189E-02
   83  T  5  9 0  -1.65924E-02
   84  T 15  5 2  -1.48973E-02
   85  T  4  8 4  -1.00758E-02
   86  T  3  9 2  -5.97025E-03
   87  T 14  5 4   4.58161E-03
   88  T  4  9 2   1.03354E-02
   89  T 12  6 2   1.07859E-02
   90  T  6  7 4   1.09383E-02
   91  T  7  7 4   1.10270E-02
   92  T  6  7 6   1.15167E-02
   93  T  8  7 4   1.16565E-02
   94  T  9  7 4   1.24096E-02
   95  T 10  7 2   1.74813E-02
   96  T  5  7 6   1.97574E-02
   97  T  5  8 4   1.97769E-02
   98  T  2  9 4   2.71918E-02
   99  T  3  9 4   2.72295E-02
  100  T  3  9 8   2.72622E-02
  101  T  3  9 6   2.72633E-02
  102  T 11  6 4   3.08764E-02
  103  T  7  8 2   3.77532E-02
  104  T  6  8 2   3.91767E-02
  105  T  3 10 2   3.98746E-02
  106  T  4  9 4   4.24054E-02
  107  T  5  9 2   4.47021E-02
  108  T  8  8 2   4.59290E-02
  109  T  5 10 0   4.74337E-02
  110  T  6  9 0   5.07850E-02
  111  T  4 10 2   5.78522E-02
  112  T  2 10 4   6.47370E-02
  113  T  3 10 4   6.47591E-02
  114  T  3 10 8   6.47930E-02
  115  T  3 10 6   6.47939E-02
    2    4    1  113
    2  2.248000E-01
    1  T  3  4 1  -2.00319E+00
    2  T  4  4 1  -1.93737E+00
    3  T  5  4 1  -1.89806E+00
    4  T  6  4 1  -1.86363E+00
    5  T 11  4 1  -1.73494E+00
    6  T 12  4 1  -1.61063E+00
    7  T 14  4 1  -1.56948E+00
    8  T  3  5 1  -9.27378E-01
    9  T  4  5 1  -9.02521E-01
   10  T  5  5 1  -8.71986E-01
   11  T  6  5 1  -8.14519E-01
   12  T  3  4 3  -7.84796E-01
   13  T  2  4 3  -7.79457E-01
   14  T  4  4 3  -7.64819E-01
   15  T  5  4 3  -7.33152E-01
   16  T 11  5 1  -6.77936E-01
   17  T  6  4 3  -6.76752E-01
   18  T  7  4 3  -6.70461E-01
   19  T  8  4 3  -6.64457E-01
   20  T 10  4 3  -5.95704E-01
   21  T 12  5 1  -5.80165E-01
   22  T 11  4 3  -5.38556E-01
   23  T 14  5 1  -5.11396E-01
   24  T  3  6 1  -4.85040E-01
   25  T  4  6 1  -4.68552E-01
   26  T 12  4 3  -4.57470E-01
   27  T  5  6 1  -4.38274E-01
   28  T 13  4 3  -4.36601E-01
   29  T  3  5 3  -4.20851E-01
   30  T  2  5 3  -4.17710E-01
   31  T  4  5 3  -4.04430E-01
   32  T  6  6 1  -3.75349E-01
   33  T  5  5 3  -3.73011E-01
   34  T 14  4 3  -3.64165E-01
   35  T  6  5 3  -3.11418E-01
   36  T  7  5 3  -3.07420E-01
   37  T  8  5 3  -3.03917E-01
   38  T  3  7 1  -2.58841E-01
   39  T  4  7 1  -2.43137E-01
   40  T 11  6 1  -2.37232E-01
   41  T 10  5 3  -2.32246E-01
   42  T  3  6 3  -2.24370E-01
   43  T  2  6 3  -2.21171E-01
   44  T  2  6 5  -2.19652E-01
   45  T  3  6 5  -2.19648E-01
   46  T  5  7 1  -2.12051E-01
   47  T  4  6 3  -2.07576E-01
   48  T  4  6 5  -2.04509E-01
   49  T  5  6 3  -1.77059E-01
   50  T  5  6 5  -1.74685E-01
   51  T 11  5 3  -1.73324E-01
   52  T 15  4 3  -1.53890E-01
   53  T  6  7 1  -1.47129E-01
   54  T 12  6 1  -1.44060E-01
   55  T  3  8 1  -1.24795E-01
   56  T  6  6 3  -1.12787E-01
   57  T  4  8 1  -1.10925E-01
   58  T  8  6 3  -1.10282E-01
   59  T  7  6 3  -1.07618E-01
   60  T  6  6 5  -1.06471E-01
   61  T  3  7 3  -1.04994E-01
   62  T  2  7 3  -1.03007E-01
   63  T  2  7 5  -1.01744E-01
   64  T  3  7 5  -1.01737E-01
   65  T  4  7 3  -8.85924E-02
   66  T 12  5 3  -8.75956E-02
   67  T  4  7 5  -8.65724E-02
   68  T  5  8 1  -7.99045E-02
   69  T 13  5 3  -7.79909E-02
   70  T 14  6 1  -6.94461E-02
   71  T  5  7 3  -5.83275E-02
   72  T  5  7 5  -5.67646E-02
   73  T  3  9 1  -4.07732E-02
   74  T 10  6 3  -3.35816E-02
   75  T 10  6 5  -2.74226E-02
   76  T  3  8 3  -2.72816E-02
   77  T  2  8 3  -2.59692E-02
   78  T  4  9 1  -2.57370E-02
   79  T  3  8 7  -2.52070E-02
   80  T  2  8 5  -2.52061E-02
   81  T  3  8 5  -2.52021E-02
   82  T  6  8 1  -1.33879E-02
   83  T  4  8 3  -1.16986E-02
   84  T  4  8 7  -1.00640E-02
   85  T 11  7 1  -9.08432E-03
   86  T 14  5 3  -2.33087E-03
   87  T  5  9 1   4.40696E-03
   88  T  6  7 3   7.48666E-03
   89  T  7  7 3   9.10695E-03
   90  T  8  7 3   1.06394E-02
   91  T  6  7 5   1.14313E-02
   92  T  7  6 5   1.14558E-02
   93  T  8  6 5   1.15567E-02
   94  T  3 10 1   1.64151E-02
   95  T  5  8 3   1.85607E-02
   96  T  5  8 5   1.97614E-02
   97  T 11  6 3   2.47288E-02
   98  T  3  9 3   2.59692E-02
   99  T  2  9 5   2.72614E-02
  100  T  3  9 7   2.72621E-02
  101  T  3  9 5   2.72659E-02
  102  T  2  9 3   2.74015E-02
  103  T 11  6 5   3.12752E-02
  104  T  4 10 1   3.15134E-02
  105  T  4  9 3   4.12823E-02
  106  T  4  9 5   4.24047E-02
  107  T  3 11 1   5.68310E-02
  108  T  5 10 1   6.15150E-02
  109  T  3 10 3   6.36381E-02
  110  T  2 10 3   6.42657E-02
  111  T  2 10 5   6.47923E-02
  112  T  3 10 7   6.47929E-02
  113  T  3 10 5   6.47948E-02
    2    5    0   95
    2  2.248000E-01
    1  C  2  0 0  -3.39455E+00
    2  T  3  4 0  -2.47708E+00
    3  T  3  4 2: -1.26515E+00
    4  T  4  4 2  -1.23522E+00
    5  T  5  4 2  -1.21013E+00
    6  T  6  4 2  -1.16786E+00
    7  T  3  5 0  -1.11270E+00
    8  T  8  4 2  -1.07705E+00
    9  T 11  4 2  -1.00821E+00
   10  T 12  4 2  -9.05865E-01
   11  T 14  4 2  -8.37753E-01
   12  T  3  5 2  -6.34154E-01
   13  T  4  5 2  -6.10997E-01
   14  T  5  5 2  -5.84245E-01
   15  T  3  6 0  -5.76217E-01
   16  T  6  5 2  -5.31147E-01
   17  T  8  5 2  -5.01935E-01
   18  T  3  5 4  -4.15392E-01
   19  T  2  5 4  -4.15230E-01
   20  T  4  5 4  -3.99995E-01
   21  T 11  5 2  -3.89017E-01
   22  T  5  5 4  -3.70255E-01
   23  T  3  6 2  -3.36442E-01
   24  T  4  6 2  -3.19722E-01
   25  T  3  7 0  -3.09319E-01
   26  T  7  5 4  -3.02897E-01
   27  T  6  5 4  -3.02824E-01
   28  T  8  5 4  -3.02039E-01
   29  T  5  6 2  -2.92855E-01
   30  T 12  5 2  -2.90494E-01
   31  T  6  6 2  -2.31826E-01
   32  T 10  5 4  -2.23453E-01
   33  T  8  6 2  -2.21719E-01
   34  T  3  6 4  -2.19812E-01
   35  T  2  6 4  -2.19675E-01
   36  T 14  5 2  -2.16205E-01
   37  T  4  6 4  -2.04457E-01
   38  T  5  6 4  -1.74711E-01
   39  T  3  7 2  -1.70672E-01
   40  T 11  5 4  -1.65037E-01
   41  T  3  8 0  -1.57076E-01
   42  T  4  7 2  -1.54194E-01
   43  T  5  7 2  -1.28039E-01
   44  T  7  6 4  -1.07155E-01
   45  T  6  6 4  -1.07072E-01
   46  T  8  6 4  -1.06479E-01
   47  T  3  7 4  -1.01864E-01
   48  T  2  7 4  -1.01768E-01
   49  T  2  7 6  -1.01738E-01
   50  T  3  7 6  -1.01737E-01
   51  T 11  6 2  -9.12883E-02
   52  T  4  7 4: -8.65856E-02
   53  T  4  7 6  -8.65856E-02
   54  T 12  5 4  -7.65631E-02
   55  T 13  5 4  -7.43793E-02
   56  T  3  8 2  -7.19182E-02
   57  T  6  7 2  -6.43191E-02
   58  T  3  9 0  -6.20974E-02
   59  T  8  7 2  -6.05901E-02
   60  T  5  7 4  -5.67895E-02
   61  T  5  7 6  -5.67718E-02
   62  T  4  8 2  -5.11618E-02
   63  T 10  6 4  -2.78189E-02
   64  T  5  8 2  -2.70072E-02
   65  T  3  8 4  -2.52703E-02
   66  T  2  8 4  -2.52272E-02
   67  T  2  8 6  -2.52069E-02
   68  T  3  8 6  -2.52053E-02
   69  T  4  8 4  -1.00584E-02
   70  T  3  9 2  -3.53537E-03
   71  T  3 10 0   1.12402E-03
   72  T 12  6 2   3.32085E-03
   73  T 14  5 4   4.36255E-03
   74  T  4  9 2   1.05711E-02
   75  T  6  7 4   1.10348E-02
   76  T  7  7 4   1.11314E-02
   77  T  7  7 6   1.15175E-02
   78  T  8  7 4   1.15340E-02
   79  T  5  8 4   1.97487E-02
   80  T  3  9 4   2.71965E-02
   81  T  2  9 4   2.72475E-02
   82  T  2  9 6   2.72622E-02
   83  T  3  9 6   2.72635E-02
   84  T 11  6 4   3.06137E-02
   85  T  6  8 2   3.82976E-02
   86  T  5  9 2:  3.88447E-02
   87  T  3 10 2   3.97272E-02
   88  T  4  9 4   4.24037E-02
   89  T  8  8 2   4.59930E-02
   90  T  3 11 0   4.69668E-02
   91  T  4 10 2   5.71146E-02
   92  T  3 10 4   6.47397E-02
   93  T  2 10 4   6.47781E-02
   94  T  2 10 6   6.47930E-02
   95  T  3 10 6   6.47939E-02
    2    5    1   95
    2  2.248000E-01
    1  T  3  4 1  -1.96218E+00
    2  T  5  4 1  -1.93092E+00
    3  T  6  4 1  -1.88946E+00
    4  T  8  4 1  -1.84516E+00
    5  T 14  4 1  -1.56588E+00
    6  T  3  5 1  -9.17831E-01
    7  T  5  5 1  -8.78405E-01
    8  T  6  5 1  -8.22515E-01
    9  T  8  5 1  -8.07312E-01
   10  T  3  4 3  -7.83303E-01
   11  T  4  4 3  -7.65311E-01
   12  T  5  4 3  -7.34911E-01
   13  T  6  4 3  -6.75409E-01
   14  T  7  4 3  -6.73151E-01
   15  T  8  4 3  -6.67704E-01
   16  T 10  4 3  -5.91453E-01
   17  T 11  4 3  -5.39036E-01
   18  T 14  5 1  -5.10814E-01
   19  T  3  6 1  -4.83014E-01
   20  T 12  4 3  -4.46140E-01
   21  T  5  6 1  -4.40190E-01
   22  T  3  5 3  -4.19642E-01
   23  T  4  5 3  -4.04726E-01
   24  T  6  6 1  -3.78365E-01
   25  T  5  5 3  -3.74581E-01
   26  T  8  6 1  -3.70224E-01
   27  T 14  4 3  -3.65990E-01
   28  T  6  5 3  -3.10734E-01
   29  T  7  5 3  -3.09425E-01
   30  T  8  5 3  -3.05820E-01
   31  T  3  7 1  -2.57258E-01
   32  T 10  5 3  -2.30116E-01
   33  T  3  6 3  -2.22896E-01
   34  T  2  6 5  -2.19661E-01
   35  T  3  6 5  -2.19654E-01
   36  T  5  7 1  -2.13654E-01
   37  T  4  6 3  -2.07673E-01
   38  T  4  6 5  -2.04504E-01
   39  T  5  6 3  -1.78610E-01
   40  T  5  6 5  -1.74684E-01
   41  T 11  5 3  -1.73064E-01
   42  T 15  4 3  -1.63667E-01
   43  T  6  7 1  -1.48932E-01
   44  T  8  7 1  -1.45072E-01
   45  T  3  8 1  -1.24921E-01
   46  T  6  6 3: -1.12178E-01
   47  T  7  6 3  -1.11341E-01
   48  T  8  6 3  -1.09745E-01
   49  T  8  6 5  -1.06394E-01
   50  T  9  6 5  -1.06260E-01
   51  T  3  7 3  -1.03844E-01
   52  T  2  7 5  -1.01748E-01
   53  T  3  7 5  -1.01741E-01
   54  T  4  7 3  -8.86215E-02
   55  T  4  7 5  -8.65995E-02
   56  T 12  5 3  -8.17055E-02
   57  T  5  8 1  -7.98948E-02
   58  T 14  6 1  -6.90710E-02
   59  T  5  7 3  -5.85827E-02
   60  T  5  7 5  -5.67658E-02
   61  T  3  9 1  -4.04551E-02
   62  T 10  6 3  -3.22461E-02
   63  T 10  6 5  -2.74529E-02
   64  T  3  8 3  -2.67456E-02
   65  T  2  8 5  -2.52166E-02
   66  T  3  8 5  -2.52082E-02
   67  T  3  8 7  -2.52069E-02
   68  T  6  8 1  -1.45317E-02
   69  T  8  8 1  -1.23346E-02
   70  T  4  8 3  -1.14334E-02
   71  T  4  8 7  -1.00640E-02
   72  T 14  5 3  -3.17721E-03
   73  T  5  9 1   3.96733E-03
   74  T  6  7 3   7.59459E-03
   75  T  7  7 3   8.36691E-03
   76  T  8  7 3   9.64152E-03
   77  T  8  7 5   1.15287E-02
   78  T  9  7 5   1.16717E-02
   79  T  3 10 1   1.65347E-02
   80  T  5  8 3   1.87428E-02
   81  T  5  8 5   1.97616E-02
   82  T 11  6 3   2.49961E-02
   83  T  3  9 3   2.63780E-02
   84  T  2  9 5   2.72543E-02
   85  T  3  9 5   2.72612E-02
   86  T  3  9 7   2.72623E-02
   87  T 11  6 5   3.12498E-02
   88  T  4  9 3   4.12798E-02
   89  T  4  9 5   4.24093E-02
   90  T  3 11 1   5.71059E-02
   91  T  5 10 1   6.12320E-02
   92  T  3 10 3   6.39573E-02
   93  T  2 10 5   6.47864E-02
   94  T  3 10 5   6.47910E-02
   95  T  3 10 7   6.47931E-02
    2    6    0   76
    2  2.248000E-01
    1  C  1  0 0  -3.50204E+00
    2  T  8  4 0  -2.40112E+00
    3  T  3  4 2  -1.25016E+00
    4  T  5  4 2  -1.21802E+00
    5  T  6  4 2  -1.17129E+00
    6  T  8  4 2  -1.06143E+00
    7  T  8  5 0  -1.00937E+00
    8  T 14  4 2  -8.50680E-01
    9  T  3  5 2  -6.22856E-01
   10  T  5  5 2  -5.85918E-01
   11  T  6  5 2  -5.32791E-01
   12  T  8  5 2  -5.00012E-01
   13  T  8  6 0  -4.67586E-01
   14  T  3  5 4  -4.15373E-01
   15  T  4  5 4  -4.00092E-01
   16  T  5  5 4  -3.70265E-01
   17  T  3  6 2  -3.29578E-01
   18  T  6  5 4  -3.02824E-01
   19  T  8  5 4  -3.02365E-01
   20  T  5  6 2  -2.91392E-01
   21  T  6  6 2  -2.32354E-01
   22  T 10  5 4  -2.23034E-01
   23  T 14  5 2  -2.22429E-01
   24  T  8  6 2  -2.20983E-01
   25  T  3  6 4  -2.19796E-01
   26  T  4  6 4  -2.04549E-01
   27  T  8  7 0  -1.98084E-01
   28  T  5  6 4  -1.74730E-01
   29  T  3  7 2  -1.65501E-01
   30  T 11  5 4  -1.64779E-01
   31  T  5  7 2  -1.27015E-01
   32  T  6  6 4  -1.07076E-01
   33  T  7  5 4  -1.07040E-01
   34  T  8  6 4  -1.06746E-01
   35  T  3  7 4  -1.01858E-01
   36  T  2  7 6: -1.01737E-01
   37  T  3  7 6  -1.01737E-01
   38  T  4  7 4  -8.66299E-02
   39  T  4  7 6  -8.65942E-02
   40  T 12  5 4  -7.57861E-02
   41  T  3  8 2  -7.26557E-02
   42  T  6  7 2  -6.48021E-02
   43  T  5  7 4  -5.67981E-02
   44  T  5  7 6  -5.67724E-02
   45  T  8  7 2  -5.44899E-02
   46  T  8  8 0  -4.49015E-02
   47  T 10  6 4  -2.73279E-02
   48  T  5  8 2  -2.60872E-02
   49  T  3  8 4  -2.52833E-02
   50  T  2  8 6  -2.52074E-02
   51  T  3  8 6  -2.52065E-02
   52  T  4  8 4  -1.01004E-02
   53  T  4  8 6  -1.00632E-02
   54  T  3  9 2  -2.14169E-03
   55  T 14  5 4   4.26531E-03
   56  T  6  7 4   1.10447E-02
   57  T  7  6 4   1.10667E-02
   58  T  8  7 4   1.13508E-02
   59  T  6  7 6   1.15176E-02
   60  T  5  8 4   1.97463E-02
   61  T  5  8 6   1.97585E-02
   62  T  3  9 4   2.72023E-02
   63  T  2  9 6   2.72617E-02
   64  T  3  9 8   2.72622E-02
   65  T  3  9 6   2.72626E-02
   66  T 11  6 4   3.08016E-02
   67  T  5  9 2   3.74300E-02
   68  T  6  8 2   3.83345E-02
   69  T  3 10 2:  3.97139E-02
   70  T  4  9 4   4.23810E-02
   71  T  8  8 2   4.86981E-02
   72  T  8  9 0   5.09730E-02
   73  T  3 10 4   6.47471E-02
   74  T  2 10 6   6.47926E-02
   75  T  3 10 8   6.47930E-02
   76  T  3 10 6   6.47933E-02
    2    6    1   70
    2  2.248000E-01
    1  T  3  4 1  -1.97182E+00
    2  T  8  4 1  -1.89257E+00
    3  T  3  5 1  -9.23330E-01
    4  T  8  5 1  -8.22030E-01
    5  T  3  4 3  -7.80965E-01
    6  T  4  4 3  -7.66908E-01
    7  T  5  4 3  -7.37329E-01
    8  T  6  4 3  -6.77368E-01
    9  T  8  4 3  -6.72122E-01
   10  T 11  4 3  -5.31358E-01
   11  T  3  6 1  -4.85611E-01
   12  T 12  4 3  -4.40168E-01
   13  T  3  5 3  -4.18867E-01
   14  T  4  5 3  -4.05781E-01
   15  T  8  6 1  -3.77912E-01
   16  T  5  5 3  -3.76104E-01
   17  T 14  4 3  -3.65558E-01
   18  T  6  5 3  -3.11511E-01
   19  T  8  5 3  -3.08407E-01
   20  T  3  7 1  -2.58750E-01
   21  T  3  6 3  -2.22026E-01
   22  T  3  6 5  -2.19660E-01
   23  T  2  6 5  -2.19651E-01
   24  T  4  6 3  -2.08427E-01
   25  T  4  6 5  -2.04502E-01
   26  T  5  6 3  -1.78699E-01
   27  T  5  6 5  -1.74684E-01
   28  T 11  5 3  -1.70363E-01
   29  T  8  7 1  -1.48618E-01
   30  T  3  8 1  -1.25790E-01
   31  T  6  6 3  -1.12873E-01
   32  T  8  6 3  -1.11105E-01
   33  T  7  6 5  -1.06458E-01
   34  T  3  7 3  -1.03006E-01
   35  T  3  7 5  -1.01747E-01
   36  T  2  7 5  -1.01738E-01
   37  T  4  7 3  -8.92296E-02
   38  T  4  7 5  -8.65949E-02
   39  T 12  5 3  -7.94794E-02
   40  T  5  7 3  -5.94262E-02
   41  T  5  7 5  -5.67693E-02
   42  T  3  9 1  -4.10508E-02
   43  T 10  6 5  -2.74487E-02
   44  T  3  8 3  -2.63509E-02
   45  T  3  8 5  -2.52154E-02
   46  T  2  8 7  -2.52070E-02
   47  T  2  8 5  -2.52055E-02
   48  T  8  8 1  -1.44043E-02
   49  T  4  8 3  -1.22420E-02
   50  T  4  8 5  -1.00567E-02
   51  T 14  5 3  -3.62168E-03
   52  T  6  7 3   7.39573E-03
   53  T  8  7 3   8.65298E-03
   54  T  6  6 5   1.15058E-02
   55  T  3 10 1   1.62775E-02
   56  T  5  8 3   1.79498E-02
   57  T  5  8 5   1.97600E-02
   58  T  3  9 3   2.62835E-02
   59  T  3  9 5   2.72530E-02
   60  T  2  9 7   2.72621E-02
   61  T  2  9 5   2.72631E-02
   62  T 11  6 3   2.74049E-02
   63  T 11  6 5   3.12387E-02
   64  T  4  9 3   4.10116E-02
   65  T  4  9 5   4.24108E-02
   66  T  3 11 1   5.68380E-02
   67  T  3 10 3   6.41693E-02
   68  T  3 10 5   6.47868E-02
   69  T  3 10 9   6.47930E-02
   70  T  2 10 5   6.47936E-02
    2    7    0   49
    2  2.248000E-01
    1  T  3  4 2  -1.26548E+00
    2  T  8  4 2  -1.17193E+00
    3  T  3  5 2  -6.39526E-01
    4  T  8  5 2  -5.33709E-01
    5  T  3  5 4  -4.15387E-01
    6  T  4  5 4  -4.00230E-01
    7  T  5  5 4  -3.70227E-01
    8  T  3  6 2  -3.42069E-01
    9  T  6  5 4  -3.03109E-01
   10  T  8  5 4  -3.02579E-01
   11  T  8  6 2  -2.32680E-01
   12  T  3  6 4  -2.19806E-01
   13  T  4  6 4  -2.04662E-01
   14  T  3  7 2  -1.76077E-01
   15  T  5  6 4  -1.74657E-01
   16  T 11  5 4  -1.63857E-01
   17  T  6  6 4  -1.07314E-01
   18  T  8  6 4  -1.06926E-01
   19  T  3  7 4  -1.01860E-01
   20  T  2  7 6  -1.01738E-01
   21  T  3  7 6  -1.01737E-01
   22  T  4  7 4  -8.67236E-02
   23  T  4  7 6  -8.65944E-02
   24  T 12  5 4  -7.48625E-02
   25  T  3  8 2  -7.36810E-02
   26  T  8  7 2  -6.50597E-02
   27  T  5  7 4  -5.67739E-02
   28  T  3  8 4  -2.52888E-02
   29  T  2  8 6  -2.52072E-02
   30  T  3  8 6  -2.52066E-02
   31  T  4  8 4  -1.01542E-02
   32  T  4  8 6  -1.00637E-02
   33  T  3  9 2  -6.18122E-03
   34  T 14  5 4   4.44532E-03
   35  T  6  7 4   1.08723E-02
   36  T  8  7 4   1.12166E-02
   37  T  8  7 6   1.15199E-02
   38  T  5  8 4   1.97419E-02
   39  T  5  7 6   1.97584E-02
   40  T  3  9 4   2.72010E-02
   41  T  2  9 6:  2.72621E-02
   42  T  3  9 6   2.72626E-02
   43  T 11  6 4   3.16245E-02
   44  T  8  8 2   3.80662E-02
   45  T  3 10 2   4.07640E-02
   46  T  4  9 4   4.23398E-02
   47  T  3 10 4   6.47430E-02
   48  T  2 10 6   6.47928E-02
   49  T  3 10 6   6.47932E-02
    2    7    1   46
    2  2.248000E-01
    1  T  8  4 1  -1.87869E+00
    2  T  8  5 1  -8.17338E-01
    3  T  3  4 3  -7.81721E-01
    4  T  5  4 3  -7.38327E-01
    5  T  6  4 3  -6.80208E-01
    6  T  8  4 3  -6.75664E-01
    7  T  3  5 3  -4.19881E-01
    8  T  5  5 3  -3.77511E-01
    9  T  8  6 1  -3.74903E-01
   10  T 14  4 3  -3.65113E-01
   11  T  6  5 3  -3.13008E-01
   12  T  8  5 3  -3.11086E-01
   13  T  3  6 3  -2.22588E-01
   14  T  3  6 5  -2.19659E-01
   15  T  4  6 5  -2.04507E-01
   16  T  5  6 3  -1.78670E-01
   17  T  5  6 5  -1.74683E-01
   18  T  8  7 1  -1.47375E-01
   19  T  6  6 3  -1.13870E-01
   20  T  8  6 3  -1.12996E-01
   21  T  6  6 5  -1.06455E-01
   22  T  3  7 3  -1.02997E-01
   23  T  3  7 5  -1.01747E-01
   24  T  4  7 5  -8.65934E-02
   25  T  5  7 3  -5.94706E-02
   26  T  5  7 5  -5.67692E-02
   27  T 10  6 5  -2.74126E-02
   28  T  3  8 3  -2.67720E-02
   29  T  3  8 5  -2.52154E-02
   30  T  2  8 7  -2.52070E-02
   31  T  8  8 1  -1.37540E-02
   32  T  4  8 5  -1.00630E-02
   33  T 14  5 3  -3.45827E-03
   34  T  6  7 3   6.79688E-03
   35  T  8  7 3   7.49712E-03
   36  T  6  7 5   1.14887E-02
   37  T  5  8 3   1.79588E-02
   38  T  5  8 5   1.97605E-02
   39  T  3  9 3   2.63615E-02
   40  T  3  9 5   2.72552E-02
   41  T  3  8 7   2.72621E-02
   42  T 11  6 5   3.12531E-02
   43  T  4  9 5   4.24060E-02
   44  T  3 10 3   6.39457E-02
   45  T  3 10 5   6.47872E-02
   46  T  3  9 7   6.47931E-02
    4    0    0   12
    1  0.000000E+00
    1  T  1  4 2  -1.53971E+00
    2  T  7  4 2  -1.17409E+00
    3  T  1  5 2  -8.82200E-01
    4  T  1  6 2  -5.76230E-01
    5  T  7  5 2  -5.34069E-01
    6  T  1  7 2  -4.06238E-01
    7  T  5  5 4  -3.70628E-01
    8  T  1  8 2  -3.01997E-01
    9  T  1  9 2  -2.34062E-01
   10  T  7  6 2  -2.32231E-01
   11  T  1 10 2  -1.85685E-01
   12  T  5  6 4  -1.75024E-01
    4    0    1   24
    2  2.248000E-01
    1  T  2  4 1  -1.97819E+00
    2  T 13  4 1  -1.62360E+00
    3  T  2  5 1  -9.25847E-01
    4  T  4  4 3  -7.64985E-01
    5  T 13  5 1  -5.83597E-01
    6  T  2  6 1  -4.86629E-01
    7  T 12  4 3  -4.34570E-01
    8  T  4  5 3  -4.02947E-01
    9  T  2  7 1  -2.59544E-01
   10  T  3  6 5  -2.19617E-01
   11  T  4  6 3  -2.06972E-01
   12  T 13  6 1  -1.45822E-01
   13  T  2  8 1  -1.26023E-01
   14  T  3  7 5  -1.01707E-01
   15  T  4  7 3  -8.85500E-02
   16  T 12  5 3  -7.65107E-02
   17  T  2  9 1  -4.13334E-02
   18  T  3  8 5  -2.51665E-02
   19  T  4  8 3  -1.12461E-02
   20  T  2 10 1   1.60470E-02
   21  T  3  9 5   2.72934E-02
   22  T  4  9 3   4.15251E-02
   23  T  2 11 1   5.66638E-02
   24  T  3 10 5   6.48174E-02
    4    1    0   35
    1  0.000000E+00
    1  C  2  0 0  -3.58549E+00
    2  T  2  4 0  -2.53137E+00
    3  T 13  4 0  -2.19440E+00
    4  T  1  4 2  -1.46889E+00
    5  T  2  4 2  -1.27131E+00
    6  T  4  4 2  -1.19346E+00
    7  T  2  5 0  -1.12789E+00
    8  T  7  4 2  -1.12474E+00
    9  T 13  4 2  -9.35176E-01
   10  T 12  4 2  -8.94169E-01
   11  T  1  5 2  -8.42987E-01
   12  T 13  5 0  -7.86956E-01
   13  T  2  5 2  -6.39726E-01
   14  T  4  5 2  -6.04785E-01
   15  T  2  6 0  -5.82893E-01
   16  T  1  6 2  -5.54502E-01
   17  T  7  5 2  -5.16127E-01
   18  T  3  5 4  -4.14728E-01
   19  T  4  5 4  -4.00258E-01
   20  T  1  7 2  -3.96162E-01
   21  T  5  5 4  -3.70534E-01
   22  T  2  6 2  -3.40916E-01
   23  T  4  6 2  -3.17512E-01
   24  T  2  7 0  -3.12733E-01
   25  T 13  5 2  -3.04469E-01
   26  T  1  8 2  -2.93505E-01
   27  T 12  5 2  -2.84085E-01
   28  T 13  6 0  -2.43677E-01
   29  T  1  9 2  -2.31378E-01
   30  T  7  6 2  -2.22865E-01
   31  T  3  6 4  -2.19232E-01
   32  T  4  6 4  -2.04680E-01
   33  T  1 10 2  -1.83279E-01
   34  T  5  6 4  -1.74942E-01
   35  T  2  7 2  -1.74080E-01
    4    1    1   35
    1  0.000000E+00
    1  T  1  4 1  -2.22408E+00
    2  T  2  4 1  -1.99660E+00
    3  T  7  4 1  -1.89478E+00
    4  T 13  4 1  -1.67121E+00
    5  T  1  5 1  -1.15509E+00
    6  T  1  4 3  -1.01854E+00
    7  T  2  5 1  -9.32520E-01
    8  T  7  5 1  -8.19724E-01
    9  T  4  4 3  -7.67998E-01
   10  T  5  4 3  -7.38779E-01
   11  T  1  6 1  -7.13471E-01
   12  T  7  4 3  -6.76167E-01
   13  T  1  5 3  -6.51185E-01
   14  T 13  5 1  -5.98929E-01
   15  T  2  6 1  -4.91540E-01
   16  T  1  7 1  -4.83743E-01
   17  T  1  6 3  -4.51864E-01
   18  T 12  4 3  -4.38542E-01
   19  T  4  5 3  -4.05112E-01
   20  T  7  6 1  -3.77451E-01
   21  T  5  5 3  -3.75376E-01
   22  T  1  8 1  -3.51633E-01
   23  T  1  7 3  -3.31234E-01
   24  T  7  5 3  -3.11074E-01
   25  T  1  9 1  -2.66957E-01
   26  T  2  7 1  -2.60814E-01
   27  T  1  8 3  -2.53315E-01
   28  T  3  6 5  -2.19622E-01
   29  T  1 10 1  -2.09418E-01
   30  T  4  6 3  -2.08065E-01
   31  T  1  9 3  -1.99698E-01
   32  T  5  6 3  -1.78796E-01
   33  T  5  6 5  -1.74703E-01
   34  T  1 11 1  -1.68333E-01
   35  T  1 10 3  -1.61728E-01
    4    2    0   51
    1  0.000000E+00
    1  C  1  0 0  -3.56341E+00
    2  T  1  4 0  -2.68538E+00
    3  T  7  4 0  -2.42780E+00
    4  T  1  4 2  -1.46054E+00
    5  T  1  5 0  -1.33375E+00
    6  T  2  4 2  -1.28687E+00
    7  T  4  4 2  -1.25467E+00
    8  T  5  4 2  -1.19859E+00
    9  T  7  4 2  -1.11411E+00
   10  T  7  5 0  -1.01815E+00
   11  T 13  4 2  -9.44487E-01
   12  T 12  4 2  -9.31520E-01
   13  T  1  5 2  -8.39521E-01
   14  T  1  6 0  -7.99014E-01
   15  T  2  5 2  -6.45096E-01
   16  T  1  5 4  -6.41068E-01
   17  T  4  5 2  -6.25470E-01
   18  T  5  5 2  -5.88236E-01
   19  T  1  6 2  -5.55627E-01
   20  T  1  7 0  -5.33221E-01
   21  T  7  5 2  -5.11194E-01
   22  T  7  6 0  -4.71131E-01
   23  T  1  6 4  -4.45331E-01
   24  T  3  5 4  -4.14927E-01
   25  T  4  5 4  -4.00281E-01
   26  T  1  7 2  -3.95389E-01
   27  T  1  8 0  -3.80835E-01
   28  T  5  5 4  -3.70400E-01
   29  T  2  6 2  -3.43609E-01
   30  T  4  6 2  -3.27900E-01
   31  T  1  7 4  -3.27164E-01
   32  T 13  5 2  -3.08776E-01
   33  T 12  5 2  -3.04470E-01
   34  T  7  5 4  -3.02426E-01
   35  T  1  8 2  -2.98560E-01
   36  T  1  9 0  -2.85744E-01
   37  T  5  6 2  -2.82078E-01
   38  T  1  8 4  -2.50465E-01
   39  T  1  9 2  -2.32164E-01
   40  T  1 10 0  -2.22954E-01
   41  T  7  6 2  -2.21099E-01
   42  T  3  6 4  -2.19383E-01
   43  T  4  6 4  -2.04696E-01
   44  T  7  7 0  -2.00160E-01
   45  T  1  9 4  -1.97868E-01
   46  T  1 10 2  -1.82901E-01
   47  T  1 11 0  -1.77841E-01
   48  T  2  7 2  -1.75640E-01
   49  T  5  6 4  -1.74822E-01
   50  T  4  7 2  -1.60838E-01
   51  T  1 10 4  -1.60252E-01
    4    2    1   49
    1  0.000000E+00
    1  T  1  4 1  -2.13458E+00
    2  T  2  4 1  -2.02440E+00
    3  T  4  4 1  -1.96967E+00
    4  T  7  4 1  -1.90038E+00
    5  T 13  4 1  -1.67546E+00
    6  T 12  4 1  -1.60549E+00
    7  T  1  5 1  -1.12868E+00
    8  T  1  4 3  -1.00487E+00
    9  T  2  5 1  -9.37761E-01
   10  T  4  5 1  -9.13967E-01
   11  T  7  5 1  -8.24759E-01
   12  T  2  4 3  -7.82647E-01
   13  T  3  4 3  -7.80141E-01
   14  T  4  4 3  -7.70306E-01
   15  T  5  4 3  -7.36863E-01
   16  T  1  6 1  -7.01068E-01
   17  T  7  4 3  -6.74021E-01
   18  T  1  5 3  -6.43322E-01
   19  T 13  5 1  -5.97721E-01
   20  T 12  5 1  -5.78693E-01
   21  T  2  6 1  -4.91650E-01
   22  T  1  7 1  -4.78686E-01
   23  T  4  6 1  -4.73565E-01
   24  T 12  4 3  -4.48270E-01
   25  T  1  6 3  -4.47211E-01
   26  T 13  4 3  -4.36959E-01
   27  T  2  5 3  -4.20556E-01
   28  T  3  5 3  -4.19406E-01
   29  T  4  5 3  -4.07543E-01
   30  T  7  6 1  -3.80052E-01
   31  T  5  5 3  -3.74622E-01
   32  T  1  8 1  -3.47380E-01
   33  T  1  7 3  -3.28093E-01
   34  T  7  5 3  -3.09246E-01
   35  T  1  9 1  -2.63887E-01
   36  T  2  7 1  -2.62092E-01
   37  T  1  8 3  -2.51349E-01
   38  T  4  7 1  -2.45441E-01
   39  T  2  6 3  -2.23658E-01
   40  T  3  6 3  -2.22725E-01
   41  T  3  6 5  -2.19631E-01
   42  T  4  6 3  -2.09606E-01
   43  T  1 10 1  -2.07175E-01
   44  T  4  6 5  -2.04516E-01
   45  T  1  9 3  -1.98330E-01
   46  T  5  6 3  -1.78774E-01
   47  T  5  6 5  -1.74696E-01
   48  T  1 11 1  -1.67037E-01
   49  T  1 10 3  -1.60631E-01
    4    3    0   52
    1  0.000000E+00
    1  C  2  0 0  -3.42632E+00
    2  T  4  4 0  -2.51606E+00
    3  T 12  4 0  -2.19842E+00
    4  T  1  4 2  -1.44070E+00
    5  T  2  4 2  -1.28912E+00
    6  T  3  4 2  -1.26999E+00
    7  T  4  4 2  -1.25361E+00
    8  T  5  4 2: -1.20485E+00
    9  T  7  4 2  -1.14861E+00
   10  T  4  5 0  -1.11150E+00
   11  T 13  4 2  -9.22445E-01
   12  T 12  4 2  -9.08469E-01
   13  T  1  5 2  -8.19825E-01
   14  T 12  5 0  -7.89117E-01
   15  T  2  5 2  -6.47819E-01
   16  T  1  5 4  -6.40015E-01
   17  T  3  5 2  -6.36387E-01
   18  T  4  5 2  -6.25153E-01
   19  T  5  5 2  -5.90963E-01
   20  T  4  6 0  -5.67348E-01
   21  T  1  6 2  -5.48385E-01
   22  T  7  5 2  -5.28291E-01
   23  T  1  6 4  -4.44456E-01
   24  T  2  5 4  -4.15285E-01
   25  T  3  5 4  -4.15133E-01
   26  T  4  5 4  -4.00230E-01
   27  T  1  7 2  -3.94343E-01
   28  T  5  5 4  -3.70310E-01
   29  T  2  6 2  -3.46526E-01
   30  T  3  6 2  -3.39656E-01
   31  T  4  6 2  -3.29842E-01
   32  T  1  7 4  -3.26540E-01
   33  T  7  5 4  -3.03697E-01
   34  T 13  5 2  -3.01195E-01
   35  T  1  8 2  -2.99998E-01
   36  T  4  7 0  -2.98940E-01
   37  T  5  6 2  -2.94588E-01
   38  T 12  5 2  -2.71305E-01
   39  T  1  8 4  -2.50011E-01
   40  T 12  6 0  -2.43353E-01
   41  T  7  6 2  -2.32665E-01
   42  T  1  9 2  -2.25117E-01
   43  T  2  6 4  -2.19719E-01
   44  T  3  6 4  -2.19587E-01
   45  T  4  6 4  -2.04657E-01
   46  T  1  9 4  -1.97539E-01
   47  T  1 10 2  -1.82548E-01
   48  T  2  7 2  -1.78289E-01
   49  T  5  6 4  -1.74752E-01
   50  T  3  7 2  -1.71920E-01
   51  T  4  7 2  -1.61502E-01
   52  T  1 10 4  -1.60005E-01
    4    3    1   52
    1  0.000000E+00
    1  T  1  4 1  -2.18918E+00
    2  T  4  4 1  -1.98676E+00
    3  T  5  4 1  -1.95913E+00
    4  T  7  4 1  -1.88192E+00
    5  T 12  4 1  -1.68806E+00
    6  T  1  5 1  -1.14440E+00
    7  T  1  4 3  -1.00149E+00
    8  T  4  5 1  -9.17456E-01
    9  T  5  5 1  -8.86311E-01
   10  T  7  5 1  -8.22031E-01
   11  T  2  4 3  -7.87828E-01
   12  T  3  4 3  -7.80260E-01
   13  T  4  4 3  -7.70501E-01
   14  T  5  4 3  -7.37022E-01
   15  T  1  6 1  -7.08362E-01
   16  T  7  4 3  -6.77288E-01
   17  T  1  5 3  -6.41663E-01
   18  T 12  5 1  -6.02666E-01
   19  T  1  7 1  -4.83530E-01
   20  T  4  6 1  -4.73924E-01
   21  T 12  4 3: -4.53448E-01
   22  T  1  6 3  -4.47183E-01
   23  T  1  6 5  -4.44495E-01
   24  T  5  6 1  -4.44381E-01
   25  T 13  4 3  -4.41819E-01
   26  T  2  5 3  -4.23662E-01
   27  T  3  5 3  -4.18854E-01
   28  T  4  5 3  -4.08025E-01
   29  T  7  6 1  -3.78225E-01
   30  T  5  5 3  -3.75765E-01
   31  T  1  8 1  -3.49934E-01
   32  T  1  7 3  -3.28059E-01
   33  T  1  7 5  -3.26584E-01
   34  T  7  5 3  -3.11171E-01
   35  T  1  9 1  -2.65572E-01
   36  T  1  8 3  -2.51004E-01
   37  T  1  8 5  -2.50049E-01
   38  T  4  7 1  -2.45938E-01
   39  T  2  6 3  -2.25459E-01
   40  T  3  6 3  -2.22729E-01
   41  T  3  6 5  -2.19640E-01
   42  T  5  7 1  -2.15610E-01
   43  T  4  6 3  -2.10242E-01
   44  T  1 10 1  -2.08059E-01
   45  T  4  6 5  -2.04515E-01
   46  T  1  9 3  -1.98097E-01
   47  T  1  9 5  -1.97570E-01
   48  T  5  6 3  -1.78787E-01
   49  T  5  6 5  -1.74689E-01
   50  T  1 11 1  -1.67768E-01
   51  T  1 10 3  -1.60554E-01
   52  T  1 10 5  -1.60034E-01
    4    4    0   45
    1  0.000000E+00
    1  C  1  0 0  -3.64011E+00
    2  T  5  4 0  -2.48781E+00
    3  T  1  4 2  -1.47216E+00
    4  T  4  4 2  -1.26544E+00
    5  T  5  4 2  -1.24718E+00
    6  T  7  4 2  -1.17666E+00
    7  T  3  4 2: -1.14398E+00
    8  T  5  5 0  -1.08201E+00
    9  T 12  4 2  -9.54324E-01
   10  T  1  5 2  -8.46164E-01
   11  T  1  5 4  -6.39569E-01
   12  T  3  5 2  -6.34433E-01
   13  T  4  5 2  -6.20305E-01
   14  T  5  5 2  -5.89308E-01
   15  T  1  6 2  -5.51008E-01
   16  T  5  6 0  -5.37849E-01
   17  T  7  5 2  -5.25484E-01
   18  T  1  6 4  -4.44105E-01
   19  T  2  5 4  -4.15477E-01
   20  T  3  5 4  -4.15284E-01
   21  T  4  5 4  -4.00125E-01
   22  T  1  7 2  -3.97020E-01
   23  T  5  5 4  -3.70301E-01
   24  T  3  6 2  -3.36464E-01
   25  T  1  7 6  -3.26534E-01
   26  T  1  7 4  -3.26294E-01
   27  T  4  6 2  -3.24269E-01
   28  T 12  5 2  -3.11207E-01
   29  T  7  5 4  -3.02997E-01
   30  T  1  8 2  -2.99813E-01
   31  T  5  6 2  -2.85762E-01
   32  T  5  7 0  -2.67730E-01
   33  T  1  8 6  -2.50004E-01
   34  T  1  8 4  -2.49834E-01
   35  T  7  6 2  -2.32565E-01
   36  T  1  9 2  -2.26724E-01
   37  T  2  6 4  -2.19898E-01
   38  T  3  6 4  -2.19726E-01
   39  T  4  6 4  -2.04575E-01
   40  T  1  9 6  -1.97536E-01
   41  T  1  9 4  -1.97412E-01
   42  T  1 10 2  -1.83687E-01
   43  T  5  6 4  -1.74749E-01
   44  T  3  7 2  -1.70698E-01
   45  T  1 10 6  -1.60004E-01
    4    4    1   45
    1  0.000000E+00
    1  T  4  4 1  -2.00840E+00
    2  T  3  4 1  -1.98801E+00
    3  T  5  4 1  -1.92866E+00
    4  T 12  4 1  -1.65597E+00
    5  T  1  4 3  -9.98441E-01
    6  T  3  5 1  -9.26794E-01
    7  T  4  5 1  -9.21164E-01
    8  T  5  5 1  -8.84930E-01
    9  T  2  4 3  -7.88897E-01
   10  T  3  4 3  -7.82079E-01
   11  T  4  4 3  -7.69277E-01
   12  T  5  4 3  -7.40086E-01
   13  T  7  4 3  -6.78795E-01
   14  T  1  5 3  -6.40283E-01
   15  T 12  5 1  -5.93643E-01
   16  T  3  6 1  -4.86475E-01
   17  T  4  6 1  -4.76424E-01
   18  T 12  4 3  -4.54879E-01
   19  T  5  6 1  -4.44710E-01
   20  T  1  6 5  -4.44434E-01
   21  T  1  6 3  -4.43549E-01
   22  T 13  4 3  -4.40066E-01
   23  T  2  5 3  -4.24764E-01
   24  T  3  5 3  -4.20185E-01
   25  T  4  5 3  -4.07036E-01
   26  T  5  5 3  -3.77379E-01
   27  T  1  7 3  -3.27021E-01
   28  T  1  7 5  -3.26497E-01
   29  T  7  5 3  -3.12669E-01
   30  T  3  7 1  -2.59461E-01
   31  T  1  8 3  -2.50432E-01
   32  T  1  8 5  -2.49978E-01
   33  T  4  7 1  -2.46882E-01
   34  T  2  6 3  -2.26315E-01
   35  T  3  6 3  -2.23251E-01
   36  T  2  6 5  -2.19653E-01
   37  T  5  7 1  -2.16067E-01
   38  T  4  6 3  -2.09704E-01
   39  T  4  6 5  -2.04511E-01
   40  T  1  9 3  -1.97980E-01
   41  T  1  9 5  -1.97518E-01
   42  T  5  6 3  -1.79610E-01
   43  T  5  6 5  -1.74685E-01
   44  T  1 10 3  -1.60267E-01
   45  T  1 10 5  -1.59989E-01
    4    5    0   35
    1  0.000000E+00
    1  T  3  4 0  -2.53129E+00
    2  T  3  4 2  -1.28787E+00
    3  T  4  4 2  -1.27197E+00
    4  T  5  4 2  -1.23332E+00
    5  T  3  5 0  -1.12638E+00
    6  T 12  4 2  -9.33536E-01
    7  T  3  5 2  -6.48205E-01
    8  T  1  5 4  -6.39414E-01
    9  T  4  5 2  -6.32664E-01
   10  T  5  5 2  -6.00866E-01
   11  T  3  6 0  -5.81977E-01
   12  T  1  6 4  -4.43974E-01
   13  T  2  5 4: -4.15482E-01
   14  T  3  5 4  -4.15303E-01
   15  T  4  5 4  -4.00053E-01
   16  T  5  5 4  -3.70341E-01
   17  T  3  6 2  -3.47053E-01
   18  T  4  6 2  -3.31512E-01
   19  T  1  7 6  -3.26532E-01
   20  T  1  7 4  -3.26198E-01
   21  T  3  7 0  -3.13507E-01
   22  T 12  5 2  -3.05002E-01
   23  T  7  5 4  -3.02889E-01
   24  T  5  6 2  -2.97449E-01
   25  T  1  8 6  -2.50002E-01
   26  T  1  8 4  -2.49763E-01
   27  T  2  6 4: -2.19904E-01
   28  T  3  6 4  -2.19746E-01
   29  T  4  6 4  -2.04518E-01
   30  T  1  9 6  -1.97533E-01
   31  T  1  9 4  -1.97359E-01
   32  T  3  7 2  -1.78724E-01
   33  T  5  6 4  -1.74778E-01
   34  T  4  7 2  -1.63415E-01
   35  T  1 10 6  -1.60002E-01
    4    5    1   39
    1  0.000000E+00
    1  T  3  4 1  -2.03477E+00
    2  T  5  4 1  -1.95538E+00
    3  T  1  4 3  -1.00912E+00
    4  T  3  5 1  -9.40481E-01
    5  T  5  5 1  -8.90702E-01
    6  T  3  4 3  -7.86397E-01
    7  T  4  4 3  -7.70893E-01
    8  T  5  4 3  -7.41105E-01
    9  T  7  4 3  -6.76996E-01
   10  T  1  5 3  -6.45550E-01
   11  T  3  6 1  -4.93221E-01
   12  T 12  4 3  -4.55144E-01
   13  T  1  6 3  -4.48746E-01
   14  T  5  6 1  -4.46104E-01
   15  T  1  6 5  -4.44405E-01
   16  T  3  5 3  -4.22762E-01
   17  T  4  5 3  -4.07988E-01
   18  T  5  5 3  -3.78357E-01
   19  T  1  7 3  -3.29201E-01
   20  T  1  7 5  -3.26488E-01
   21  T  7  5 3  -3.11629E-01
   22  T  3  7 1  -2.62882E-01
   23  T  1  8 3  -2.51947E-01
   24  T  1  8 7  -2.50000E-01
   25  T  1  8 5  -2.49963E-01
   26  T  3  6 3  -2.25299E-01
   27  T  2  6 5  -2.19662E-01
   28  T  3  6 5  -2.19654E-01
   29  T  5  7 1  -2.17118E-01
   30  T  4  6 3  -2.10058E-01
   31  T  4  6 5  -2.04505E-01
   32  T  1  9 3  -1.98731E-01
   33  T  1  9 7  -1.97531E-01
   34  T  1  9 5  -1.97500E-01
   35  T  5  6 3  -1.80224E-01
   36  T  5  6 5  -1.74685E-01
   37  T  1 10 3  -1.60963E-01
   38  T  1 10 7  -1.60000E-01
   39  T  1 10 5  -1.59976E-01
    4    6    0   26
    1  0.000000E+00
    1  T  3  4 2  -1.29567E+00
    2  T  5  4 2  -1.23534E+00
    3  T  3  5 2  -6.49919E-01
    4  T  1  5 4  -6.40526E-01
    5  T  5  5 2  -6.02435E-01
    6  T  1  6 4  -4.44887E-01
    7  T  3  5 4  -4.15473E-01
    8  T  4  5 4  -4.00160E-01
    9  T  5  5 4  -3.70348E-01
   10  T  3  6 2  -3.47206E-01
   11  T  1  7 4  -3.26855E-01
   12  T  1  7 6  -3.26528E-01
   13  T  7  5 4  -3.02987E-01
   14  T  5  6 2  -3.01339E-01
   15  T  1  8 4  -2.50236E-01
   16  T  1  8 6  -2.49996E-01
   17  T  3  6 4  -2.19898E-01
   18  T  4  6 4  -2.04614E-01
   19  T  1  9 4  -1.97706E-01
   20  T  1  9 8  -1.97531E-01
   21  T  1  9 6  -1.97527E-01
   22  T  3  7 2  -1.79002E-01
   23  T  5  6 4  -1.74785E-01
   24  T  1 10 4  -1.60132E-01
   25  T  1 10 8  -1.60000E-01
   26  T  1 10 6  -1.59996E-01
    4    6    1   26
    1  0.000000E+00
    1  T  3  4 1  -2.00550E+00
    2  T  3  5 1  -9.34649E-01
    3  T  3  4 3  -7.89992E-01
    4  T  4  4 3  -7.74075E-01
    5  T  5  4 3  -7.41720E-01
    6  T  3  6 1  -4.90869E-01
    7  T 12  4 3  -4.45537E-01
    8  T  1  6 5  -4.44411E-01
    9  T  3  5 3  -4.24878E-01
   10  T  4  5 3  -4.09980E-01
   11  T  5  5 3  -3.78889E-01
   12  T  1  7 5  -3.26492E-01
   13  T  3  7 1  -2.61658E-01
   14  T  1  8 7  -2.50000E-01
   15  T  1  8 5  -2.49965E-01
   16  T  3  6 3  -2.26743E-01
   17  T  3  6 5  -2.19661E-01
   18  T  2  6 5  -2.19652E-01
   19  T  4  6 3  -2.11385E-01
   20  T  4  6 5  -2.04503E-01
   21  T  1  9 7  -1.97531E-01
   22  T  1  9 5  -1.97502E-01
   23  T  5  6 3  -1.80882E-01
   24  T  5  6 5  -1.74685E-01
   25  T  1 10 7  -1.60000E-01
   26  T  1 10 5  -1.59976E-01
    4    7    0   16
    1  0.000000E+00
    1  T  3  4 2  -1.27967E+00
    2  T  3  5 2  -6.45858E-01
    3  T  3  5 4  -4.15516E-01
    4  T  4  5 4  -4.00307E-01
    5  T  5  5 4  -3.70294E-01
    6  T  3  6 2  -3.45407E-01
    7  T  1  7 6  -3.26530E-01
    8  T  1  8 6  -2.49999E-01
    9  T  3  6 4  -2.19936E-01
   10  T  4  6 4  -2.04739E-01
   11  T  1  9 8  -1.97531E-01
   12  T  1  9 6  -1.97529E-01
   13  T  3  7 2  -1.78051E-01
   14  T  5  6 4  -1.74725E-01
   15  T  1 10 8  -1.60000E-01
   16  T  1 10 6  -1.59999E-01
    4    7    1   17
    1  0.000000E+00
    1  T  3  4 3  -7.91325E-01
    2  T  5  4 3  -7.43549E-01
    3  T  1  6 5  -4.44475E-01
    4  T  3  5 3  -4.26334E-01
    5  T  5  5 3  -3.80490E-01
    6  T  1  7 5  -3.26566E-01
    7  T  1  8 5  -2.50032E-01
    8  T  1  8 7  -2.50000E-01
    9  T  3  6 3  -2.26950E-01
   10  T  3  6 5  -2.19661E-01
   11  T  4  6 5  -2.04508E-01
   12  T  1  9 5  -1.97557E-01
   13  T  1  9 7  -1.97531E-01
   14  T  5  6 3  -1.81671E-01
   15  T  5  6 5  -1.74684E-01
   16  T  1 10 5  -1.60022E-01
   17  T  1 10 9  -1.60000E-01
    6    0    0    8
    1  0.000000E+00
    1  C  1  0 0  -3.96069E+00
    2  T  1  4 2  -1.37454E+00
    3  T  1  5 2  -8.11956E-01
    4  T  1  6 2  -5.39138E-01
    5  T  1  7 2  -3.84414E-01
    6  T  1  8 2  -2.88000E-01
    7  T  1  9 2  -2.23826E-01
    8  T  1 10 2  -1.78952E-01
    6    1    0    7
    1  0.000000E+00
    1  T  1  4 2  -1.52456E+00
    2  T  1  5 2  -8.77881E-01
    3  T  1  6 2  -5.73916E-01
    4  T  1  7 2  -4.04989E-01
    5  T  1  8 2  -3.01179E-01
    6  T  1  9 2  -2.32776E-01
    7  T  1 10 2  -1.85308E-01
    6    1    1   15
    1  0.000000E+00
    1  T  1  4 1  -2.24990E+00
    2  T  1  5 1  -1.16488E+00
    3  T  1  4 3  -1.01182E+00
    4  T  1  6 1  -7.18271E-01
    5  T  1  5 3  -6.46704E-01
    6  T  1  7 1  -4.87913E-01
    7  T  1  6 3  -4.48556E-01
    8  T  1  8 1  -3.53217E-01
    9  T  1  7 3  -3.29222E-01
   10  T  1  9 1  -2.67575E-01
   11  T  1  8 3  -2.51851E-01
   12  T  1 10 1  -2.09725E-01
   13  T  1  9 3  -1.98856E-01
   14  T  1 11 1  -1.68809E-01
   15  T  1 10 3  -1.60979E-01
    6    2    0   21
    1  0.000000E+00
    1  T  1  4 0  -2.77361E+00
    2  T  1  4 2  -1.50145E+00
    3  T  1  5 0  -1.35607E+00
    4  T  1  5 2  -8.69505E-01
    5  T  1  6 0  -8.09389E-01
    6  T  1  5 4  -6.41053E-01
    7  T  1  6 2  -5.69641E-01
    8  T  1  7 0  -5.38405E-01
    9  T  1  6 4  -4.45320E-01
   10  T  1  7 2  -4.02488E-01
   11  T  1  8 0  -3.84084E-01
   12  T  1  7 4  -3.27165E-01
   13  T  1  8 2  -2.99586E-01
   14  T  1  9 0  -2.87808E-01
   15  T  1  8 4  -2.50457E-01
   16  T  1  9 2  -2.31698E-01
   17  T  1 10 0  -2.23699E-01
   18  T  1  9 4  -1.97866E-01
   19  T  1 10 2  -1.84545E-01
   20  T  1 11 0  -1.78862E-01
   21  T  1 10 4  -1.60251E-01
    6    2    1   15
    1  0.000000E+00
    1  T  1  4 1  -2.21380E+00
    2  T  1  5 1  -1.15529E+00
    3  T  1  4 3  -1.01481E+00
    4  T  1  6 1  -7.13679E-01
    5  T  1  5 3  -6.50809E-01
    6  T  1  7 1  -4.85390E-01
    7  T  1  6 3  -4.51680E-01
    8  T  1  8 1  -3.51684E-01
    9  T  1  7 3  -3.31450E-01
   10  T  1  9 1  -2.66574E-01
   11  T  1  8 3  -2.53450E-01
   12  T  1 10 1  -2.09035E-01
   13  T  1  9 3  -2.00026E-01
   14  T  1 11 1  -1.68313E-01
   15  T  1 10 3  -1.61857E-01
    6    3    0   13
    1  0.000000E+00
    1  T  1  4 2  -1.49686E+00
    2  T  1  5 2  -8.68445E-01
    3  T  1  5 4  -6.40148E-01
    4  T  1  6 2  -5.69131E-01
    5  T  1  6 4  -4.44594E-01
    6  T  1  7 2  -4.02190E-01
    7  T  1  7 4  -3.26652E-01
    8  T  1  8 2  -2.99395E-01
    9  T  1  8 4  -2.50095E-01
   10  T  1  9 2  -2.31568E-01
   11  T  1  9 4  -1.97604E-01
   12  T  1 10 2  -1.84452E-01
   13  T  1 10 4  -1.60057E-01
    6    3    1   20
    1  0.000000E+00
    1  T  1  4 1  -2.25564E+00
    2  T  1  5 1  -1.16682E+00
    3  T  1  4 3  -1.00907E+00
    4  T  1  6 1  -7.19039E-01
    5  T  1  5 3  -6.47796E-01
    6  T  1  7 1  -4.88316E-01
    7  T  1  6 3  -4.49926E-01
    8  T  1  6 5  -4.44496E-01
    9  T  1  8 1  -3.53458E-01
   10  T  1  7 3  -3.30338E-01
   11  T  1  7 5  -3.26592E-01
   12  T  1  9 1  -2.67732E-01
   13  T  1  8 3  -2.52701E-01
   14  T  1  8 5  -2.50055E-01
   15  T  1 10 1  -2.09832E-01
   16  T  1  9 3  -1.99498E-01
   17  T  1  9 5  -1.97577E-01
   18  T  1 11 1  -1.68886E-01
   19  T  1 10 3  -1.61470E-01
   20  T  1 10 5  -1.60037E-01
    6    4    0   16
    1  0.000000E+00
    1  T  1  4 2  -1.52212E+00
    2  T  1  5 2  -8.77126E-01
    3  T  1  5 4  -6.39674E-01
    4  T  1  6 2  -5.73532E-01
    5  T  1  6 4  -4.44212E-01
    6  T  1  7 2  -4.04764E-01
    7  T  1  7 6  -3.26534E-01
    8  T  1  7 4  -3.26380E-01
    9  T  1  8 2  -3.01036E-01
   10  T  1  8 6  -2.50006E-01
   11  T  1  8 4  -2.49899E-01
   12  T  1  9 2  -2.32679E-01
   13  T  1  9 6  -1.97537E-01
   14  T  1  9 4  -1.97461E-01
   15  T  1 10 2  -1.85240E-01
   16  T  1 10 4  -1.60006E-01
    6    4    1   12
    1  0.000000E+00
    1  T  1  4 3  -1.00739E+00
    2  T  1  5 3  -6.47077E-01
    3  T  1  6 3  -4.49569E-01
    4  T  1  6 5  -4.44437E-01
    5  T  1  7 3  -3.30133E-01
    6  T  1  7 5  -3.26524E-01
    7  T  1  8 3  -2.52572E-01
    8  T  1  8 5  -2.49995E-01
    9  T  1  9 3  -1.99412E-01
   10  T  1  9 5  -1.97527E-01
   11  T  1 10 3  -1.61410E-01
   12  T  1 10 5  -1.59997E-01
    6    5    0    9
    1  0.000000E+00
    1  T  1  5 4  -6.39546E-01
    2  T  1  6 4  -4.44106E-01
    3  T  1  7 6  -3.26533E-01
    4  T  1  7 4  -3.26302E-01
    5  T  1  8 6  -2.50003E-01
    6  T  1  8 4  -2.49843E-01
    7  T  1  9 6  -1.97534E-01
    8  T  1  9 4  -1.97420E-01
    9  T  1 10 6  -1.60003E-01
    6    5    1   15
    1  0.000000E+00
    1  T  1  4 3  -1.01820E+00
    2  T  1  5 3  -6.52618E-01
    3  T  1  6 3  -4.52738E-01
    4  T  1  6 5  -4.44412E-01
    5  T  1  7 3  -3.32119E-01
    6  T  1  7 5  -3.26494E-01
    7  T  1  8 3  -2.53898E-01
    8  T  1  8 7  -2.50000E-01
    9  T  1  8 5  -2.49968E-01
   10  T  1  9 3  -2.00342E-01
   11  T  1  9 7  -1.97531E-01
   12  T  1  9 5  -1.97505E-01
   13  T  1 10 3  -1.62087E-01
   14  T  1 10 7  -1.60000E-01
   15  T  1 10 5  -1.59979E-01
    6    6    0   12
    1  0.000000E+00
    1  T  1  5 4  -6.40652E-01
    2  T  1  6 4  -4.45010E-01
    3  T  1  7 4  -3.26954E-01
    4  T  1  7 6  -3.26528E-01
    5  T  1  8 4  -2.50312E-01
    6  T  1  8 6  -2.49997E-01
    7  T  1  9 4  -1.97763E-01
    8  T  1  9 8  -1.97531E-01
    9  T  1  9 6  -1.97527E-01
   10  T  1 10 4  -1.60176E-01
   11  T  1 10 8  -1.60000E-01
   12  T  1 10 6  -1.59997E-01
    6    6    1    8
    1  0.000000E+00
    1  T  1  6 5  -4.44413E-01
    2  T  1  7 5  -3.26494E-01
    3  T  1  8 7  -2.50000E-01
    4  T  1  8 5  -2.49967E-01
    5  T  1  9 7  -1.97531E-01
    6  T  1  9 5  -1.97503E-01
    7  T  1 10 7  -1.60000E-01
    8  T  1 10 5  -1.59978E-01
    6    7    0    6
    1  0.000000E+00
    1  T  1  7 6  -3.26530E-01
    2  T  1  8 6  -2.49999E-01
    3  T  1  9 8  -1.97531E-01
    4  T  1  9 6  -1.97529E-01
    5  T  1 10 8  -1.60000E-01
    6  T  1 10 6  -1.59999E-01
    6    7    1    8
    1  0.000000E+00
    1  T  1  6 5  -4.44476E-01
    2  T  1  7 5  -3.26568E-01
    3  T  1  8 5  -2.50034E-01
    4  T  1  8 7  -2.50000E-01
    5  T  1  9 5  -1.97559E-01
    6  T  1  9 7  -1.97531E-01
    7  T  1 10 5  -1.60023E-01
    8  T  1 10 9  -1.60000E-01
    0    0    0    0
