   26   22    E
    1    0    0   12
    3  1.808000E-01
    1  C  1  0 0  -5.00937E+00
    2  C  3  0 0  -4.21480E+00
    3  T  6  4 2  -1.79407E+00
    4  T  8  4 2  -1.31091E+00
    5  T  6  5 2  -9.77555E-01
    6  C  4  0 0  -7.03300E-01
    7  T  6  6 2  -5.70487E-01
    8  T  8  5 2  -5.42055E-01
    9  T  6  7 2  -3.37520E-01
   10  T  6  8 2  -1.91110E-01
   11  T  8  6 2  -1.56605E-01
   12  T  6  9 2  -9.32247E-02
    1    1    0   26
    3  1.808000E-01
    1  T  4  4 0  -3.43402E+00
    2  T  4  4 2  -2.01517E+00
    3  T  6  4 2  -1.96884E+00
    4  T  7  4 2  -1.79086E+00
    5  T  4  5 0  -1.66755E+00
    6  T  8  4 2  -1.52435E+00
    7  T  4  5 2  -1.08239E+00
    8  T  6  5 2  -1.05684E+00
    9  T  4  6 0  -9.32457E-01
   10  T  7  5 2  -8.85622E-01
   11  T  8  5 2  -6.48527E-01
   12  T  4  6 2  -6.32515E-01
   13  T  6  6 2  -6.13410E-01 :WAS T 6 5 2
   14  T  4  7 0  -5.55172E-01
   15  T  7  6 2  -4.47045E-01
   16  T  4  7 2  -3.84682E-01
   17  T  6  7 2  -3.63202E-01
   18  T  4  8 0  -3.36337E-01
   19  T  4  8 2  -2.29613E-01
   20  T  8  6 2  -2.13443E-01
   21  T  6  8 2  -2.07310E-01
   22  T  4  9 0  -1.98847E-01
   23  T  7  7 2  -1.95604E-01
   24  T  4  9 2  -1.26207E-01
   25  T  4 10 0  -1.06007E-01
   26  T  6  9 2  -1.03275E-01
    1    2    0   40
    3  1.808000E-01
    1  C  1  0 0  -4.98812E+00
    2  C  2  0 0  -4.49353E+00
    3  T  6  4 0  -3.40595E+00
    4  T  8  4 0  -2.98470E+00
    5  T  3  4 2  -2.01683E+00
    6  T  6  4 2  -1.94570E+00
    7  T  4  4 2  -1.84904E+00
    8  T  7  4 2  -1.69116E+00
    9  T  6  5 0  -1.64246E+00
   10  T  8  4 2  -1.42633E+00
   11  T  8  5 0  -1.25991E+00
   12  C  4  0 0  -1.21050E+00
   13  T  3  5 2  -1.10350E+00
   14  T  6  5 2  -1.03671E+00
   15  T  4  5 2  -1.01432E+00
   16  T  6  6 0  -9.09397E-01
   17  T  7  5 2  -8.38100E-01
   18  T  3  6 2  -6.73895E-01
   19  T  4  6 2  -6.17217E-01
   20  T  6  6 2  -5.99625E-01
   21  T  8  5 2  -5.95742E-01
   22  T  6  7 0  -5.32760E-01
   23  T  8  6 0  -5.19328E-01
   24  T  3  7 2  -4.23715E-01
   25  T  7  6 2  -4.19435E-01
   26  T  4  7 2  -3.68730E-01
   27  T  6  7 2  -3.53193E-01
   28  T  6  8 0  -3.14035E-01
   29  T  3  8 2  -2.71348E-01
   30  T  4  8 2  -2.20542E-01
   31  T  8  6 2  -2.07646E-01
   32  T  6  8 2  -2.01148E-01
   33  T  7  7 2  -1.76534E-01
   34  T  6  9 0  -1.73293E-01
   35  T  3  9 2  -1.65128E-01
   36  T  8  7 0  -1.41144E-01
   37  T  4  9 2  -1.20312E-01
   38  T  6  9 2  -1.00963E-01
   39  T  3 10 2  -9.83465E-02
   40  T  6 10 0  -8.26112E-02
    1    3    0   38
    3  1.808000E-01
    1  C  1  0 0  -4.91507E+00
    2  T  7  4 0  -3.24315E+00
    3  T  3  4 2  -2.06196E+00
    4  T  4  4 2  -1.98967E+00
    5  T  5  4 2  -1.94760E+00
    6  T  6  4 2  -1.85787E+00
    7  T  7  4 2  -1.72764E+00
    8  T  8  4 2  -1.56291E+00
    9  T  7  5 0  -1.48715E+00
   10  T  3  5 2  -1.13061E+00
   11  T  4  5 2  -1.07286E+00
   12  T  5  5 2  -1.04613E+00
   13  T  6  5 2  -9.94478E-01
   14  T  7  5 2  -8.72368E-01
   15  T  7  6 0  -7.52078E-01
   16  T  3  6 2  -6.85787E-01
   17  T  8  5 2  -6.59780E-01
   18  T  4  6 2  -6.29647E-01
   19  T  5  6 2  -6.07430E-01
   20  T  6  6 2  -5.78068E-01
   21  T  7  6 2  -4.43072E-01
   22  T  3  7 2  -4.32837E-01
   23  T  4  7 2  -3.81690E-01
   24  T  7  7 0  -3.72422E-01
   25  T  5  7 2  -3.59182E-01
   26  T  6  7 2  -3.42465E-01
   27  T  3  8 2  -2.77820E-01
   28  T  4  8 2  -2.26700E-01
   29  T  8  6 2  -2.19542E-01
   30  T  5  8 2  -2.04991E-01
   31  T  7  7 2  -2.00864E-01
   32  T  6  8 2  -1.89290E-01
   33  T  3  9 2  -1.74488E-01
   34  T  7  8 0  -1.53971E-01
   35  T  4  9 2  -1.23768E-01
   36  T  5  9 2  -1.03655E-01
   37  T  3 10 2  -1.01943E-01
   38  T  6  9 2  -9.62387E-02
    1    4    0   37
    3  1.808000E-01
    1  C  1  0 0  -5.07432E+00
    2  C  2  0 0  -4.74082E+00
    3  T  3  4 0  -3.49458E+00
    4  T  3  4 2  -1.99486E+00
    5  T  5  4 2  -1.95015E+00
    6  T  6  4 2  -1.83792E+00
    7  T  3  5 0  -1.71628E+00
    8  T  7  4 2  -1.66765E+00
    9  T  8  4 2  -1.48841E+00
   10  C  4  0 0  -1.11760E+00
   11  T  3  5 2  -1.08382E+00
   12  T  5  5 2  -1.03942E+00
   13  T  6  5 2  -1.00170E+00
   14  T  3  6 0  -9.80050E-01
   15  T  7  5 2  -8.42008E-01
   16  T  3  6 2  -6.59688E-01
   17  T  8  5 2  -6.29615E-01
   18  T  6  6 2  -6.05102E-01
   19  T  3  7 0  -6.01602E-01
   20  T  5  6 2  -5.81530E-01
   21  T  7  6 2  -4.34128E-01
   22  T  3  7 2  -4.11702E-01
   23  T  3  8 0  -3.84860E-01
   24  T  6  7 2  -3.56600E-01
   25  T  5  7 2  -3.44402E-01
   26  T  3  8 2  -2.67128E-01
   27  T  3  9 0  -2.46533E-01
   28  T  5  8 2  -2.07323E-01
   29  T  8  6 2  -2.04988E-01
   30  T  6  8 2  -1.98888E-01
   31  T  7  7 2  -1.80167E-01
   32  T  3  9 2  -1.65973E-01
   33  T  3 10 0  -1.53242E-01
   34  T  5  9 2  -1.02587E-01
   35  T  3 10 2  -9.94260E-02
   36  T  6  9 2  -9.45942E-02
   37  T  3 11 0  -8.76197E-02
    1    5    0   24
    3  1.808000E-01
    1  T  5  4 0  -3.43272E+00
    2  T  3  4 2  -2.05524E+00
    3  T  5  4 2  -2.00169E+00
    4  T  7  4 2  -1.78689E+00
    5  T  5  5 0  -1.64674E+00
    6  T  3  5 2  -1.12783E+00
    7  T  5  5 2  -1.06841E+00
    8  T  5  6 0  -9.13213E-01
    9  T  7  5 2  -8.83800E-01
   10  T  3  6 2  -6.82935E-01
   11  T  5  6 2  -6.17808E-01
   12  T  5  7 0  -5.33707E-01
   13  T  7  6 2  -4.47862E-01
   14  T  3  7 2  -4.32097E-01
   15  T  5  7 2  -3.64912E-01
   16  T  5  8 0  -3.14462E-01
   17  T  3  8 2  -2.77202E-01
   18  T  5  8 2  -2.09400E-01
   19  T  7  7 2  -1.98496E-01
   20  T  5  9 0  -1.75843E-01
   21  T  3  9 2  -1.74178E-01
   22  T  5  9 2  -1.05377E-01
   23  T  3 10 2  -1.02445E-01
   24  T  5 10 0  -8.27847E-02
    1    0    1   13
    4  2.291499E-01
    1  T  4  4 1  -2.92262E+00
    2  T  4  5 1  -1.45271E+00
    3  T  7  4 3  -1.17747E+00
    4  T 13  4 1  -8.97690E-01
    5  T  4  6 1  -8.24660E-01
    6  T  7  5 3  -6.08722E-01
    7  T  4  7 1  -4.94870E-01
    8  T  4  8 1  -2.99248E-01
    9  T  7  6 3  -2.96607E-01
   10  T  4  9 1  -1.73282E-01
   11  T  7  7 3  -1.08017E-01
   12  T  4 10 1  -8.76445E-02
   13  T  4 11 1  -2.67292E-02
    1    1    1   36
    3  1.808000E-01
    1  T  4  4 1  -2.86777E+00
    2  T  6  4 1  -2.78728E+00
    3  T  8  4 1  -2.35885E+00
    4  T  4  5 1  -1.42784E+00
    5  T  6  5 1  -1.40099E+00
    6  T  3  4 3  -1.38424E+00
    7  T  6  4 3  -1.32593E+00
    8  T  7  4 3  -1.16676E+00
    9  T  8  5 1  -9.89825E-01
   10  T  8  4 3  -8.99332E-01
   11  T  3  5 3  -8.25572E-01
   12  T  4  6 1  -8.09755E-01
   13  T  6  6 1  -7.91110E-01
   14  T  6  5 3  -7.58202E-01
   15  T 11  4 1  -6.94450E-01
   16  T  7  5 3  -6.00445E-01
   17  T  3  6 3  -5.24832E-01
   18  T  4  7 1  -4.89102E-01
   19  T 13  4 1  -4.74423E-01
   20  T  6  7 1  -4.63117E-01
   21  T  6  6 3  -4.47948E-01 :WAS T 6 4 3
   22  T  8  6 1  -3.88287E-01
   23  T  8  5 3  -3.49847E-01
   24  T  3  7 3  -3.30645E-01
   25  T  4  8 1  -2.93912E-01
   26  T  7  6 3  -2.89945E-01
   27  T  6  8 1  -2.73277E-01
   28  T  6  7 3  -2.62817E-01
   29  T  3  8 3  -2.11488E-01
   30  T  4  9 1  -1.69529E-01
   31  T  6  9 1  -1.48775E-01
   32  T  6  8 3  -1.38800E-01
   33  T  3  9 3  -1.29264E-01
   34  T  7  7 3  -1.04674E-01
   35  T  4 10 1  -8.51512E-02
   36  T  3 10 3  -7.11427E-02
    1    2    1   55
    3  1.808000E-01
    1  T  4  4 1  -2.89565E+00
    2  T  6  4 1  -2.78547E+00
    3  T  7  4 1  -2.67092E+00
    4  T  8  4 1  -2.46861E+00
    5  T  4  5 1  -1.43740E+00
    6  T  3  4 3  -1.40499E+00
    7  T  6  5 1  -1.39382E+00
    8  T  4  4 3  -1.36828E+00
    9  T  6  4 3  -1.34269E+00
   10  T  5  4 3  -1.31452E+00
   11  T  7  5 1  -1.24301E+00
   12  T  7  4 3  -1.16181E+00
   13  T  8  5 1  -1.03390E+00
   14  T 11  4 1  -9.53210E-01
   15  T  8  4 3  -9.34492E-01
   16  T  3  5 3  -8.35035E-01
   17  T  4  6 1  -8.16030E-01
   18  T  4  5 3  -7.94650E-01
   19  T  6  6 1  -7.86230E-01
   20  T  6  5 3  -7.72270E-01
   21  T  5  5 3  -7.56565E-01
   22  T 13  4 1  -7.27728E-01
   23  T  7  6 1  -6.29615E-01
   24  T  7  5 3  -5.97132E-01
   25  T  3  6 3  -5.26862E-01
   26  T  4  7 1  -4.89822E-01
   27  T  4  6 3  -4.81947E-01
   28  T  6  6 3  -4.69040E-01
   29  T  6  7 1  -4.63430E-01
   30  T  5  6 3  -4.48932E-01
   31  T  5  6 5  -4.42708E-01
   32  T  8  6 1  -4.09380E-01
   33  T  8  5 3  -3.71615E-01
   34  T  3  7 3  -3.35138E-01
   35  T  7  7 1  -3.05727E-01
   36  T  4  8 1  -2.95030E-01
   37  T  4  7 3  -2.91080E-01
   38  T  7  6 3  -2.87495E-01
   39  T  6  8 1  -2.71437E-01
   40  T  6  7 3  -2.66757E-01
   41  T  5  7 3  -2.62832E-01
   42  T  3  8 3  -2.14395E-01
   43  T  3  8 5  -2.09693E-01 :WAS T 2 8 5
   44  T  4  9 1  -1.71158E-01
   45  T  4  8 3  -1.68422E-01
   46  T  6  9 1  -1.47837E-01
   47  T  6  8 3  -1.46479E-01
   48  T  5  8 3  -1.42439E-01
   49  T  3  9 3  -1.31230E-01
   50  T  7  8 1  -1.12553E-01
   51  T  7  7 3  -1.03320E-01
   52  T  4 10 1  -8.61415E-02
   53  T  4  9 3  -8.47212E-02
   54  T  8  7 1  -7.85657E-02
   55  T  3 10 3  -7.20915E-02
    1    3    1   55
    3  1.808000E-01
    1  T  3  4 1  -2.90030E+00
    2  T  6  4 1  -2.82395E+00
    3  T  7  4 1  -2.64435E+00
    4  T  8  4 1  -2.42157E+00
    5  T  3  5 1  -1.47249E+00
    6  T  3  4 3  -1.40916E+00
    7  T  6  5 1  -1.40262E+00
    8  T  4  4 3  -1.33912E+00
    9  T  6  4 3  -1.32614E+00
   10  T  5  4 3  -1.31637E+00
   11  T  7  5 1  -1.24067E+00
   12  T  7  4 3  -1.16507E+00
   13  T  8  5 1  -1.01206E+00
   14  T 10  4 1  -9.56605E-01
   15  T  8  4 3  -9.37975E-01
   16  T  3  6 1  -8.58815E-01
   17  T  3  5 3  -8.35865E-01
   18  T  6  6 1  -7.90985E-01
   19  T  4  5 3  -7.77877E-01
   20  T  6  5 3  -7.61620E-01
   21  T  5  5 3  -7.54177E-01
   22  T  7  6 1  -6.29522E-01
   23  T  7  5 3  -5.99297E-01
   24  T  3  7 1  -5.36265E-01
   25  T  3  6 3  -5.27212E-01
   26  T 11  4 1  -4.93522E-01
   27  T  6  7 1  -4.66792E-01
   28  T  4  6 3  -4.60985E-01
   29  T  5  6 3  -4.49125E-01
   30  T  6  6 3  -4.44745E-01
   31  T  8  6 1  -3.99457E-01
   32  T  8  5 3  -3.69727E-01
   33  T  3  8 1  -3.42758E-01
   34  T  3  7 3  -3.38717E-01
   35  T 14  4 1  -3.25655E-01
   36  T  7  7 1  -3.04430E-01
   37  T  7  6 3  -2.88633E-01
   38  T  4  7 3  -2.82950E-01
   39  T  6  8 1  -2.72492E-01
   40  T  6  7 3  -2.63985E-01
   41  T  5  7 3  -2.59075E-01
   42  T  3  9 1  -2.18522E-01
   43  T  3  8 3  -2.14867E-01
   44  T  4  8 3  -1.63475E-01
   45  T  6  9 1  -1.48355E-01
   46  T  6  8 3  -1.43542E-01
   47  T  5  8 3  -1.41039E-01
   48  T  3 10 1  -1.34004E-01
   49  T  3  9 3  -1.31672E-01
   50  T  7  8 1  -1.11765E-01
   51  T  7  7 3  -1.03512E-01
   52  T  4  9 3  -8.12827E-02
   53  T  3 11 1  -7.53829E-02
   54  T  3 10 3  -7.24857E-02
   55  T  8  7 1  -7.12815E-02
    1    4    1   50
    3  1.808000E-01
    1  T  3  4 1  -2.90897E+00
    2  T  5  4 1  -2.83155E+00
    3  T  7  4 1  -2.64720E+00
    4  T  3  5 1  -1.48068E+00
    5  T  5  5 1  -1.40364E+00
    6  T  3  4 3  -1.39727E+00
    7  T  4  4 3  -1.36697E+00
    8  T  5  4 3  -1.33300E+00
    9  T  6  4 3  -1.31281E+00
   10  T  7  5 1  -1.24586E+00
   11  T  7  4 3  -1.17016E+00
   12  T  8  4 3  -9.63880E-01
   13  T 10  4 1  -9.07342E-01
   14  T  3  6 1  -8.63548E-01
   15  T  3  5 3  -8.30510E-01
   16  T  4  5 3  -7.92617E-01
   17  T  5  6 1  -7.87720E-01
   18  T  5  5 3  -7.63830E-01
   19  T  6  5 3  -7.53602E-01
   20  T  7  6 1  -6.32512E-01
   21  T  7  5 3  -6.04715E-01
   22  T  3  7 1  -5.38023E-01
   23  T  3  6 3  -5.22107E-01
   24  T  4  6 3  -4.78575E-01
   25  T  5  7 1  -4.65112E-01
   26  T  5  6 3  -4.57550E-01 :WAS T 5 5 3
   27  T  6  6 3  -4.47960E-01 :WAS T 6 5 3
   28  T 14  4 1  -4.03037E-01
   29  T  8  5 3  -3.83045E-01
   30  T  3  8 1  -3.44142E-01
   31  T  3  7 3  -3.33615E-01
   32  T  7  7 1  -3.07402E-01
   33  T  7  6 3  -2.95767E-01
   34  T  4  7 3  -2.87312E-01
   35  T  5  8 1  -2.70715E-01
   36  T  5  7 3  -2.62680E-01
   37  T  6  7 3  -2.61962E-01
   38  T  3  9 1  -2.19473E-01
   39  T  3  8 3  -2.13311E-01
   40  T  4  8 3  -1.67337E-01
   41  T  5  9 1  -1.47689E-01
   42  T  5  8 3  -1.43482E-01
   43  T  6  8 3  -1.42337E-01
   44  T  3 10 1  -1.34526E-01
   45  T  3  9 3  -1.30556E-01
   46  T  7  8 1  -1.12888E-01
   47  T  7  7 3  -1.04977E-01
   48  T  4  9 3  -8.33195E-02
   49  T  3 11 1  -7.40300E-02
   50  T  3 10 3  -7.19759E-02
    1    5    1   38
    3  1.808000E-01
    1  T  3  4 1  -2.90280E+00
    2  T  5  4 1  -2.84265E+00
    3  T  3  5 1  -1.47526E+00
    4  T  5  5 1  -1.41739E+00
    5  T  3  4 3  -1.40060E+00
    6  T  5  4 3  -1.35027E+00
    7  T  6  4 3  -1.32899E+00
    8  T  7  4 3  -1.16212E+00
    9  T  8  4 3  -9.31527E-01
   10  T  3  6 1  -8.61070E-01
   11  T  3  5 3  -8.31460E-01
   12  T  5  6 1  -7.96710E-01
   13  T  5  5 3  -7.73112E-01
   14  T  6  5 3  -7.60492E-01
   15  T  7  5 3  -5.99780E-01
   16  T  3  7 1  -5.36542E-01
   17  T  3  6 3  -5.21852E-01
   18  T  5  7 1  -4.69657E-01
   19  T  5  6 3  -4.59180E-01
   20  T  6  6 3  -4.51947E-01
   21  T 14  4 1  -3.81490E-01
   22  T  8  5 3  -3.55170E-01
   23  T  3  8 1  -3.43255E-01
   24  T  3  7 3  -3.31080E-01
   25  T  7  6 3  -2.90470E-01
   26  T  5  8 1  -2.75038E-01
   27  T  5  7 3  -2.67437E-01
   28  T  6  7 3  -2.61325E-01
   29  T  3  9 1  -2.18924E-01
   30  T  3  8 3  -2.12966E-01
   31  T  5  9 1  -1.49898E-01
   32  T  5  8 3  -1.46129E-01
   33  T  6  8 3  -1.43637E-01
   34  T  3 10 1  -1.34118E-01
   35  T  3  9 3  -1.29999E-01
   36  T  7  7 3  -1.02363E-01
   37  T  3 11 1  -7.37642E-02
   38  T  3 10 3  -7.14697E-02
    3    0    0    9
    3  1.808000E-01
    1  T  6  4 2  -1.99673E+00
    2  T  8  4 2  -1.52224E+00
    3  T  6  5 2  -1.06469E+00
    4  T  8  5 2  -6.43687E-01
    5  T  6  6 2  -6.15997E-01
    6  T  6  7 2  -3.64585E-01
    7  T  8  6 2  -2.12025E-01
    8  T  6  8 2  -2.06880E-01
    9  T  6  9 2  -1.04909E-01
    3    1    0   39
    1  0.000000E+00
    1  C  1  0 0  -5.18345E+00
    2  C  2  0 0  -4.81350E+00
    3  T  2  4 0  -3.48258E+00
    4  T  4  4 0  -3.47165E+00
    5  T  1  4 2  -2.19520E+00
    6  T  2  4 2  -1.99161E+00
    7  T  4  4 2  -1.95358E+00
    8  T  6  4 2  -1.87279E+00
    9  T  2  5 0  -1.72806E+00
   10  T  7  4 2  -1.68439E+00
   11  T  4  5 0  -1.67815E+00
   12  T  8  4 2  -1.49219E+00
   13  T  1  5 2  -1.28448E+00
   14  C  4  0 0  -1.18003E+00
   15  T  2  5 2  -1.10019E+00
   16  T  4  5 2  -1.05749E+00
   17  T  6  5 2  -1.02234E+00
   18  T  2  6 0  -9.94235E-01
   19  T  4  6 0  -9.37157E-01
   20  T  7  5 2  -8.50225E-01
   21  T  1  6 2  -8.45622E-01
   22  T  2  6 2  -6.75600E-01
   23  T  4  6 2  -6.36237E-01
   24  T  8  5 2  -6.22350E-01
   25  T  2  7 0  -6.17992E-01
   26  T  1  7 2  -6.08205E-01
   27  T  6  6 2  -5.84843E-01
   28  T  4  7 0  -5.57787E-01
   29  T  1  8 2  -4.52835E-01
   30  T  2  7 2  -4.46997E-01
   31  T  7  6 2  -4.18285E-01
   32  T  2  8 0  -4.00055E-01
   33  T  4  7 2  -3.77707E-01
   34  T  6  7 2  -3.57805E-01
   35  T  1  9 2  -3.45170E-01
   36  T  4  8 0  -3.38008E-01
   37  T  2  8 2  -2.84682E-01
   38  T  1 10 2  -2.80710E-01
   39  T  2  9 0  -2.62000E-01
    3    2    0   40
    1  0.000000E+00
    1  C  1  0 0  -5.06410E+00
    2  T  6  4 0  -3.44588E+00
    3  T  8  4 0  -3.02145E+00
    4  T  1  4 2  -2.25070E+00
    5  T  2  4 2  -2.06200E+00
    6  T  3  4 2  -2.01903E+00
    7  T  4  4 2  -1.99145E+00
    8  T  6  4 2  -1.87172E+00
    9  T  7  4 2  -1.76906E+00
   10  T  6  5 0  -1.65510E+00
   11  T  8  4 2  -1.55746E+00
   12  T  1  5 2  -1.31066E+00
   13  T  8  5 0  -1.26985E+00
   14  T  2  5 2  -1.14039E+00
   15  T  3  5 2  -1.10818E+00
   16  T  4  5 2  -1.07377E+00
   17  T  6  5 2  -1.02164E+00
   18  T  6  6 0  -9.14105E-01
   19  T  7  5 2  -8.84820E-01
   20  T  1  6 2  -8.61520E-01
   21  T  2  6 2  -6.97240E-01
   22  T  3  6 2  -6.73452E-01
   23  T  8  5 2  -6.56825E-01
   24  T  4  6 2  -6.32057E-01
   25  T  1  7 2  -6.15322E-01
   26  T  6  6 2  -5.94683E-01
   27  T  6  7 0  -5.35225E-01
   28  T  8  6 0  -5.24212E-01
   29  T  1  8 2  -4.59933E-01
   30  T  7  6 2  -4.50635E-01
   31  T  2  7 2  -4.42522E-01
   32  T  3  7 2  -4.23118E-01
   33  T  4  7 2  -3.82347E-01
   34  T  1  9 2  -3.58345E-01
   35  T  8  5 4: -3.51900E-01
   36  T  6  7 2: -3.51792E-01
   37  T  6  8 0  -3.15597E-01
   38  T  2  8 2  -2.92212E-01
   39  T  1 10 2  -2.83127E-01
   40  T  3  8 2  -2.72705E-01
    3    3    0   49
    1  0.000000E+00
    1  C  1  0 0  -5.17597E+00
    2  C  2  0 0  -4.82330E+00
    3  T  1  4 0  -3.67365E+00
    4  T  7  4 0  -3.27962E+00
    5  T  1  4 2  -2.17904E+00
    6  T  2  4 2  -2.01742E+00
    7  T  3  4 2  -2.01116E+00
    8  T  4  4 2  -1.95758E+00
    9  T  5  4 2  -1.90947E+00
   10  T  6  4 2  -1.89797E+00
   11  T  1  5 0  -1.87692E+00
   12  T  7  4 2  -1.75995E+00
   13  T  8  4 2  -1.51882E+00
   14  T  7  5 0  -1.49667E+00
   15  C  4  0 0  -1.38801E+00
   16  T  1  5 2  -1.27103E+00
   17  T  1  6 0  -1.15927E+00
   18  T  2  5 2  -1.11513E+00
   19  T  3  5 2  -1.10253E+00
   20  T  4  5 2  -1.06103E+00
   21  T  6  5 2  -1.04040E+00
   22  T  5  5 2  -1.01655E+00
   23  T  7  5 2  -8.82715E-01
   24  T  1  6 2  -8.43520E-01
   25  T  1  7 0  -7.82890E-01
   26  T  7  6 0  -7.55465E-01
   27  T  2  6 2  -6.85645E-01
   28  T  3  6 2  -6.69450E-01
   29  T  8  5 2  -6.44942E-01
   30  T  4  6 2  -6.28155E-01 :WAS T 4 5 2
   31  T  1  7 2  -6.09095E-01
   32  T  6  6 2  -5.97790E-01
   33  T  5  6 2  -5.84250E-01
   34  T  1  8 0  -5.64632E-01
   35  T  1  8 2  -4.53135E-01
   36  T  7  6 2  -4.49703E-01
   37  T  2  7 2  -4.33730E-01
   38  T  1  9 0  -4.26775E-01
   39  T  3  7 2  -4.22340E-01
   40  T  4  7 2  -3.81442E-01
   41  T  7  7 0  -3.75945E-01
   42  T  6  7 2  -3.58682E-01
   43  T  5  7 2  -3.52405E-01
   44  T  1  9 2  -3.47565E-01
   45  T  1 10 0  -3.33683E-01
   46  T  2  8 2  -2.86925E-01
   47  T  1 10 2  -2.80735E-01
   48  T  3  8 2  -2.70560E-01
   49  T  1 11 0  -2.67915E-01
    3    4    0   31
    1  0.000000E+00
    1  C  1  0 0  -5.15102E+00
    2  T  3  4 0  -3.53537E+00
    3  T  1  4 2  -2.18675E+00
    4  T  3  4 2  -2.05388E+00
    5  T  6  4 2  -1.97716E+00
    6  T  5  4 2  -1.90808E+00
    7  T  7  4 2  -1.77562E+00
    8  T  3  5 0  -1.72691E+00
    9  T  8  4 2  -1.53908E+00
   10  T  1  5 2  -1.27957E+00
   11  T  3  5 2  -1.12489E+00
   12  T  6  5 2  -1.05739E+00
   13  T  5  5 2  -1.03625E+00
   14  T  3  6 0  -9.84987E-01
   15  T  7  5 2  -8.89548E-01
   16  T  1  6 2  -8.41738E-01
   17  T  3  6 2  -6.81525E-01
   18  T  8  5 2  -6.50177E-01
   19  T  5  6 2  -6.14885E-01
   20  T  6  6 2  -6.13537E-01
   21  T  3  7 0  -6.05490E-01
   22  T  1  7 2  -5.91270E-01
   23  T  1  8 2  -4.55990E-01
   24  T  7  6 2  -4.45825E-01
   25  T  3  7 2  -4.27760E-01
   26  T  3  8 0  -3.86502E-01
   27  T  5  7 2  -3.62182E-01
   28  T  6  7 2  -3.60257E-01
   29  T  1  9 2  -3.47622E-01
   30  T  1 10 2  -2.82032E-01
   31  T  3  8 2  -2.74567E-01
    3    5    0   26
    1  0.000000E+00
    1  C  1  0 0  -5.21230E+00
    2  T  5  4 0  -3.47332E+00
    3  T  1  4 2  -2.19501E+00
    4  T  3  4 2  -2.04360E+00
    5  T  5  4 2  -1.89029E+00
    6  T  7  4 2  -1.78183E+00
    7  T  5  5 0  -1.65907E+00
    8  T  1  5 2  -1.28376E+00
    9  T  3  5 2  -1.12275E+00
   10  T  5  5 2  -1.03065E+00
   11  T  5  6 0  -9.16080E-01
   12  T  7  5 2  -8.86865E-01
   13  T  1  6 2  -8.45318E-01
   14  T  3  6 2  -6.80377E-01
   15  T  1  7 2  -6.14827E-01
   16  T  5  6 2  -5.89615E-01
   17  T  8  5 4  -5.89440E-01
   18  T  5  7 0  -5.36092E-01
   19  T  1  8 2  -4.55500E-01
   20  T  7  6 2  -4.44830E-01
   21  T  3  7 2  -4.29660E-01
   22  T  5  7 2  -3.59393E-01
   23  T  1  9 2  -3.46872E-01
   24  T  5  8 0  -3.16005E-01
   25  T  1 10 2  -2.81878E-01
   26  T  3  8 2  -2.74727E-01
    3    0    1   22
    1  0.000000E+00
    1  T  2  4 1  -2.86975E+00
    2  T  4  4 1  -2.79855E+00
    3  T  1  4 3  -1.57623E+00
    4  T  2  5 1  -1.45276E+00
    5  T  4  5 1  -1.43552E+00
    6  T  7  4 3  -1.15241E+00
    7  T  1  5 3  -1.00997E+00
    8  T 12  4 1  -9.08495E-01
    9  T  2  6 1  -8.59940E-01
   10  T  4  6 1  -8.16962E-01
   11  T  1  6 3  -7.01387E-01
   12  T  7  5 3  -5.95872E-01
   13  T  2  7 1  -5.44625E-01
   14  T  1  7 3  -5.17000E-01
   15  T  4  7 1  -4.91305E-01
   16  T 13  4 1  -4.76922E-01
   17  T  1  8 3  -3.92507E-01
   18  T  2  8 1  -3.53063E-01
   19  T  1  9 3  -3.10445E-01
   20  T  4  8 1  -2.96405E-01
   21  T  7  6 3  -2.84050E-01
   22  T  1 10 3  -2.51392E-01
    3    1    1   42
    1  0.000000E+00
    1  T  2  4 1  -2.95817E+00
    2  T  4  4 1  -2.89875E+00
    3  T  6  4 1  -2.82402E+00
    4  T  8  4 1  -2.41964E+00
    5  T  1  4 3  -1.58654E+00
    6  T  2  5 1  -1.50577E+00
    7  T  4  5 1  -1.44027E+00
    8  T  6  5 1  -1.41104E+00
    9  T  3  4 3  -1.39825E+00
   10  T  6  4 3  -1.34415E+00
   11  T  7  4 3  -1.16036E+00
   12  T  1  5 3  -1.01593E+00
   13  T  8  5 1  -1.00918E+00
   14  T  8  4 3  -9.26890E-01
   15  T  2  6 1  -8.83585E-01
   16  T 11  4 1  -8.79305E-01
   17  T  3  5 3  -8.32455E-01
   18  T  4  6 1  -8.17435E-01
   19  T  6  6 1  -7.94875E-01
   20  T  6  5 3  -7.70970E-01
   21  T 12  4 1  -7.36990E-01
   22  T  1  6 3  -7.04285E-01
   23  T  7  5 3  -5.98148E-01
   24  T  2  7 1  -5.56350E-01
   25  T  3  6 3  -5.24492E-01
   26  T  1  7 3  -5.16845E-01
   27  T  4  7 1  -4.91115E-01
   28  T  6  7 1  -4.68840E-01
   29  T  6  6 3  -4.57735E-01
   30  T 13  4 1  -4.21877E-01
   31  T  8  6 1  -3.96697E-01
   32  T  1  8 3  -3.92030E-01
   33  T  8  5 3  -3.67080E-01
   34  T  2  8 1  -3.61285E-01
   35  T  3  7 3  -3.36322E-01
   36  T 15  4 1  -3.32590E-01
   37  T  1  9 3  -3.11662E-01
   38  T  4  8 1  -2.96520E-01
   39  T  7  6 3  -2.87670E-01
   40  T  6  8 1  -2.74500E-01
   41  T  6  7 3  -2.67805E-01
   42  T  1 10 3  -2.52190E-01
    3    2    1   67
    1  0.000000E+00
    1  T  1  4 1  -3.10203E+00
    2  T  2  4 1  -2.88288E+00
    3  T  4  4 1  -2.86763E+00
    4  T  6  4 1  -2.83275E+00
    5  T  7  4 1  -2.66905E+00
    6  T  8  4 1  -2.48867E+00
    7  T  1  5 1  -1.66088E+00
    8  T  1  4 3  -1.59130E+00
    9  T  2  5 1  -1.48154E+00
   10  T  4  5 1  -1.43861E+00
   11  T  6  5 1  -1.40494E+00
   12  T  2  4 3  -1.40328E+00
   13  T  3  4 3  -1.39486E+00
   14  T  4  4 3  -1.35776E+00
   15  T  6  4 3  -1.32869E+00
   16  T  5  4 3  -1.31215E+00
   17  T  7  5 1  -1.24590E+00
   18  T  7  4 3  -1.17264E+00
   19  T  1  6 1  -1.04376E+00
   20  T  8  5 1  -1.03635E+00
   21  T  1  5 3  -1.01995E+00
   22  T  9  4 1  -9.78035E-01
   23  T  8  4 3  -9.38900E-01
   24  T  2  6 1  -8.74050E-01
   25  T 10  4 1  -8.41467E-01
   26  T  2  5 3  -8.41042E-01
   27  T  3  5 3  -8.25930E-01
   28  T  4  6 1  -8.18138E-01
   29  T  6  6 1  -7.91075E-01
   30  T  4  5 3  -7.89322E-01
   31  T 11  4 1  -7.71903E-01
   32  T  6  5 3  -7.61348E-01
   33  T  5  5 3  -7.54557E-01
   34  T  1  7 1  -7.17865E-01
   35  T  1  6 3  -7.07522E-01
   36  T  7  6 1  -6.31432E-01
   37  T  7  5 3  -6.06115E-01
   38  T 12  4 1  -6.00302E-01
   39  T  2  7 1  -5.51265E-01
   40  T  2  6 3  -5.35980E-01
   41  T  1  8 1  -5.24073E-01
   42  T  3  6 3  -5.20420E-01
   43  T  1  7 3  -5.18167E-01
   44  T  4  7 1  -4.91270E-01
   45  T  4  6 3  -4.77327E-01
   46  T  6  7 1  -4.66155E-01
   47  T  6  6 3  -4.54567E-01
   48  T  5  6 3  -4.46135E-01
   49  T 13  4 1  -4.40770E-01
   50  T  8  6 1  -4.09678E-01
   51  T  1  9 1  -3.99997E-01
   52  T  1  8 3  -3.95825E-01
   53  T  8  5 3  -3.69123E-01
   54  T  2  8 1  -3.58200E-01
   55  T  2  7 3  -3.47008E-01
   56  T  3  7 3  -3.34987E-01
   57  T  1 10 1  -3.15035E-01
   58  T  1  9 3  -3.12935E-01
   59  T  7  7 1  -3.06015E-01
   60  T  4  8 1  -2.96737E-01
   61  T  7  6 3  -2.93482E-01
   62  T  4  7 3  -2.88013E-01
   63  T  6  8 1  -2.72642E-01
   64  T  6  7 3  -2.64837E-01
   65  T  5  7 3  -2.61260E-01
   66  T  1 11 1  -2.54698E-01
   67  T  1 10 3  -2.52842E-01
    3    3    1   61
    1  0.000000E+00
    1  T  1  4 1  -3.04213E+00
    2  T  3  4 1  -2.91130E+00
    3  T  6  4 1  -2.85755E+00
    4  T  7  4 1  -2.71392E+00
    5  T  8  4 1  -2.45449E+00
    6  T  1  5 1  -1.64395E+00
    7  T  1  4 3  -1.58445E+00
    8  T  3  5 1  -1.47848E+00
    9  T  2  4 3  -1.43446E+00
   10  T  6  5 1  -1.41702E+00
   11  T  3  4 3  -1.39814E+00
   12  T  4  4 3  -1.36285E+00
   13  T  6  4 3  -1.32840E+00
   14  T  5  4 3  -1.32227E+00
   15  T  7  5 1  -1.26238E+00
   16  T  7  4 3  -1.17985E+00
   17  T  1  6 1  -1.03658E+00
   18  T  8  5 1  -1.02236E+00
   19  T  1  5 3  -1.01561E+00
   20  T  9  4 1  -9.92018E-01
   21  T  8  4 3  -9.57138E-01
   22  T 10  4 1  -8.70067E-01
   23  T  3  6 1  -8.62165E-01
   24  T  2  5 3  -8.59025E-01
   25  T  3  5 3  -8.31887E-01
   26  T  6  6 1  -7.97495E-01
   27  T  4  5 3  -7.91300E-01
   28  T  5  5 3  -7.64067E-01
   29  T  6  5 3  -7.60755E-01
   30  T  1  7 1  -7.14555E-01
   31  T  1  6 3  -7.05297E-01 :WAS T 6 6 3
   32  T 11  4 1  -6.86082E-01
   33  T  7  6 1  -6.38725E-01
   34  T 14  4 1  -6.20668E-01
   35  T  7  5 3  -6.07340E-01
   36  T  2  6 3  -5.45435E-01
   37  T  3  7 1  -5.37300E-01
   38  T  1  8 1  -5.23460E-01
   39  T  3  6 3  -5.20970E-01
   40  T  1  7 3  -5.12937E-01
   41  T  4  6 3  -4.79603E-01
   42  T  6  7 1  -4.69142E-01
   43  T  5  6 3  -4.53665E-01
   44  T  6  6 3  -4.49837E-01
   45  T  8  6 1  -4.03330E-01
   46  T  1  9 1  -3.98602E-01
   47  T  1  8 3  -3.94798E-01
   48  T  8  5 3  -3.81190E-01
   49  T  2  7 3  -3.54895E-01
   50  T  3  8 1  -3.43600E-01
   51  T  3  7 3  -3.35155E-01
   52  T  1 10 1  -3.14327E-01
   53  T  1  9 3  -3.11575E-01
   54  T  7  7 1  -3.09565E-01
   55  T  7  6 3  -2.96852E-01
   56  T  4  7 3  -2.90428E-01
   57  T  6  8 1  -2.74730E-01
   58  T  5  7 3  -2.66430E-01
   59  T  6  7 3  -2.63760E-01
   60  T  1 11 1  -2.53960E-01
   61  T  1 10 3  -2.52265E-01
    3    4    1   57
    1  0.000000E+00
    1  T  1  4 1  -3.07080E+00
    2  T  3  4 1  -2.92868E+00
    3  T  5  4 1  -2.81167E+00
    4  T  7  4 1  -2.68335E+00
    5  T  1  5 1  -1.65286E+00
    6  T  1  4 3  -1.56938E+00
    7  T  3  5 1  -1.48801E+00
    8  T  2  4 3  -1.41180E+00
    9  T  3  4 3  -1.40555E+00
   10  T  5  5 1  -1.39944E+00
   11  T  4  4 3  -1.36163E+00
   12  T  5  4 3  -1.33712E+00
   13  T  6  4 3  -1.32907E+00
   14  T  7  5 1  -1.25336E+00
   15  T  7  4 3  -1.18174E+00
   16  T  1  6 1  -1.04025E+00
   17  T  1  5 3  -1.00779E+00
   18  T  9  4 1  -9.59560E-01
   19  T  8  4 3  -9.50947E-01
   20  T  3  6 1  -8.67152E-01
   21  T  2  5 3  -8.45877E-01
   22  T  3  5 3  -8.37685E-01
   23  T 10  4 1  -8.17967E-01
   24  T  4  5 3  -7.91282E-01
   25  T  5  6 1  -7.89152E-01
   26  T  6  5 3  -7.67628E-01
   27  T  5  5 3  -7.64030E-01
   28  T  1  7 1  -7.16385E-01
   29  T  1  6 3  -7.00602E-01
   30  T  7  6 1  -6.35105E-01
   31  T 14  4 1  -6.19680E-01
   32  T  7  5 3  -6.06975E-01
   33  T  3  7 1  -5.40003E-01
   34  T  2  6 3  -5.35545E-01
   35  T  3  6 3  -5.24765E-01
   36  T  1  8 1  -5.23212E-01
   37  T  1  7 3  -5.11170E-01
   38  T  4  6 3  -4.78775E-01
   39  T  5  7 1  -4.64890E-01
   40  T  5  6 3  -4.56165E-01
   41  T  6  6 3  -4.52060E-01
   42  T  1  9 1  -3.99373E-01
   43  T  1  8 3  -3.92892E-01
   44  T  8  5 3  -3.77697E-01
   45  T  2  7 3  -3.48930E-01
   46  T  3  8 1  -3.45428E-01
   47  T  3  7 3  -3.36940E-01
   48  T  1 10 1  -3.14687E-01
   49  T  1  9 3  -3.10295E-01
   50  T  7  7 1  -3.08217E-01
   51  T  7  6 3  -2.96658E-01
   52  T  4  7 3  -2.90262E-01
   53  T  5  8 1  -2.72037E-01
   54  T  5  7 3  -2.67500E-01
   55  T  6  7 3  -2.65377E-01
   56  T  1 11 1  -2.54325E-01
   57  T  1 10 3  -2.50973E-01
    3    5    1   35
    1  0.000000E+00
    1  T  3  4 1  -2.94587E+00
    2  T  5  4 1  -2.88290E+00
    3  T  1  4 3  -1.57628E+00
    4  T  3  5 1  -1.48903E+00
    5  T  5  5 1  -1.43022E+00
    6  T  3  4 3  -1.41426E+00 :WAS T 3 43 0
    7  T  6  4 3  -1.34440E+00
    8  T  5  4 3  -1.34044E+00
    9  T  7  4 3  -1.18351E+00
   10  T  1  5 3  -1.01045E+00
   11  T  8  4 3  -9.42310E-01
   12  T  3  6 1  -8.67352E-01
   13  T  3  5 3  -8.42062E-01
   14  T  5  6 1  -8.02182E-01
   15  T  6  5 3  -7.72457E-01
   16  T  5  5 3  -7.68477E-01
   17  T 14  4 1  -7.38513E-01
   18  T  1  6 3  -7.01187E-01 :WAS T 1 6 1
   19  T  7  5 3  -6.10157E-01
   20  T  3  7 1  -5.40007E-01
   21  T  3  6 3  -5.30085E-01
   22  T  1  7 3  -5.13582E-01
   23  T  5  7 1  -4.72527E-01
   24  T  6  6 3  -4.58775E-01
   25  T  5  6 3  -4.54970E-01
   26  T  1  8 3  -3.94350E-01
   27  T  8  5 3  -3.75810E-01
   28  T  3  8 1  -3.45410E-01
   29  T  3  7 3  -3.39407E-01
   30  T  1  9 3  -3.11320E-01
   31  T  7  6 3  -2.96392E-01
   32  T  5  8 1  -2.76750E-01
   33  T  5  7 3  -2.69488E-01
   34  T  6  7 3  -2.66662E-01
   35  T  1 10 3  -2.51782E-01
    5    1    0   18
    1  0.000000E+00
    1  T  2  4 0  -3.55877E+00
    2  T  1  4 2  -2.25877E+00
    3  T  2  4 2  -2.03859E+00
    4  T  2  5 0  -1.74920E+00
    5  T  1  5 2  -1.31885E+00
    6  T  2  5 2  -1.13443E+00
    7  T  2  6 0  -1.00385E+00
    8  T  1  6 2  -8.68897E-01
    9  T  2  6 2  -6.94972E-01
   10  T  2  7 0  -6.24278E-01
   11  T  1  7 2  -6.15485E-01
   12  T  1  8 2  -4.60082E-01
   13  T  2  7 2  -4.46300E-01
   14  T  2  8 0  -4.03230E-01
   15  T  1  9 2  -3.56430E-01
   16  T  2  8 2  -2.92060E-01
   17  T  1 10 2  -2.84350E-01
   18  T  2  9 0  -2.63985E-01
    5    2    0   13
    1  0.000000E+00
    1  C  1  0 0  -5.43983E+00
    2  T  1  4 2  -2.15383E+00
    3  T  2  4 2  -2.01262E+00
    4  T  1  5 2  -1.26661E+00
    5  T  2  5 2  -1.13148E+00
    6  T  1  6 2  -8.40562E-01
    7  T  2  6 2  -6.94770E-01
    8  T  1  7 2  -5.98792E-01
    9  T  1  8 2  -4.54000E-01
   10  T  2  7 2  -4.41482E-01
   11  T  1  9 2  -3.49302E-01
   12  T  2  8 2  -2.92580E-01
   13  T  1 10 2  -2.78458E-01
    5    3    0   20
    1  0.000000E+00
    1  T  1  4 0  -3.75315E+00
    2  T  1  4 2  -2.24985E+00
    3  T  2  4 2  -2.06061E+00
    4  T  1  5 0  -1.91239E+00
    5  T  1  5 2  -1.31487E+00
    6  T  1  6 0  -1.16804E+00
    7  T  2  5 2  -1.14379E+00
    8  T  1  6 2  -8.67010E-01
    9  T  1  7 0  -7.87980E-01
   10  T  2  6 2  -7.00140E-01
   11  T  1  7 2  -6.14980E-01
   12  T  1  8 0  -5.67765E-01
   13  T  1  8 2  -4.59682E-01
   14  T  2  7 2  -4.48780E-01
   15  T  1  9 0  -4.28577E-01
   16  T  1  9 2  -3.55962E-01
   17  T  1 10 0  -3.35040E-01
   18  T  2  8 2  -2.93932E-01
   19  T  1 10 2  -2.83877E-01
   20  T  1 11 0  -2.69082E-01
    5    4    0    7
    1  0.000000E+00
    1  T  1  4 2  -2.24192E+00
    2  T  1  5 2  -1.31238E+00
    3  T  1  6 2  -8.65987E-01
    4  T  1  7 2  -6.14510E-01
    5  T  1  8 2  -4.58827E-01
    6  T  1  9 2  -3.55705E-01
    7  T  1 10 2  -2.83852E-01
    5    5    0    7
    1  0.000000E+00
    1  T  1  4 2  -2.26365E+00
    2  T  1  5 2  -1.32113E+00
    3  T  1  6 2  -8.70290E-01
    4  T  1  7 2  -6.17010E-01
    5  T  1  8 2  -4.60420E-01
    6  T  1  9 2  -3.56785E-01
    7  T  1 10 2  -2.84617E-01
    5    0    1   13
    1  0.000000E+00
    1  T  2  4 1  -2.89337E+00
    2  T  1  4 3  -1.60404E+00
    3  T  2  5 1  -1.48420E+00
    4  T  1  5 3  -1.02912E+00
    5  T 12  4 1  -9.17890E-01
    6  T  2  6 1  -8.74780E-01
    7  T  1  6 3  -7.12890E-01
    8  T  2  7 1  -5.51482E-01
    9  T  1  7 3  -5.22485E-01
   10  T  1  8 3  -3.99300E-01
   11  T  2  8 1  -3.58620E-01
   12  T  1  9 3  -3.14835E-01
   13  T  1 10 3  -2.54633E-01
    5    1    1   13
    1  0.000000E+00
    1  T  2  4 1  -2.97400E+00
    2  T  1  4 3  -1.59071E+00
    3  T  2  5 1  -1.51377E+00
    4  T  1  5 3  -1.01953E+00
    5  T  2  6 1  -8.87535E-01
    6  T 12  4 1  -8.25657E-01
    7  T  1  6 3  -7.06912E-01
    8  T  2  7 1  -5.58452E-01
    9  T  1  7 3  -5.18647E-01
   10  T  1  8 3  -3.96575E-01
   11  T  2  8 1  -3.62945E-01
   12  T  1  9 3  -3.12915E-01
   13  T  1 10 3  -2.53197E-01
    5    2    1   26
    1  0.000000E+00
    1  T  1  4 1  -3.11037E+00
    2  T  2  4 1  -2.94763E+00
    3  T  1  5 1  -1.66791E+00
    4  T  1  4 3  -1.57990E+00
    5  T  2  5 1  -1.50495E+00
    6  T  2  4 3  -1.41755E+00
    7  T  1  6 1  -1.04735E+00
    8  T  9  4 1  -1.02085E+00
    9  T  1  5 3  -1.00919E+00
   10  T  2  6 1  -8.84480E-01
   11  T 12  4 1  -8.66830E-01
   12  T  2  5 3  -8.48545E-01
   13  T  1  7 1  -7.20327E-01
   14  T  1  6 3  -7.02445E-01
   15  T  2  7 1  -5.56950E-01
   16  T  2  6 3  -5.41652E-01
   17  T  1  8 1  -5.25817E-01
   18  T  1  7 3  -5.15630E-01
   19  T  1  9 1  -4.01010E-01
   20  T  1  8 3  -3.94507E-01
   21  T  2  8 1  -3.61965E-01
   22  T  2  7 3  -3.53702E-01
   23  T  1 10 1  -3.15762E-01
   24  T  1  9 3  -3.11435E-01
   25  T  1 11 1  -2.55180E-01
   26  T  1 10 3  -2.52110E-01
    5    3    1   20
    1  0.000000E+00
    1  T  1  4 1  -3.09915E+00
    2  T  1  5 1  -1.66394E+00
    3  T  1  4 3  -1.58135E+00
    4  T  2  4 3  -1.43708E+00
    5  T  9  4 1  -1.04836E+00
    6  T  1  6 1  -1.04471E+00
    7  T  1  5 3  -1.01270E+00
    8  T  2  5 3  -8.60000E-01
    9  T  1  7 1  -7.19645E-01
   10  T  1  6 3  -7.04090E-01
   11  T  2  6 3  -5.45570E-01
   12  T  1  8 1  -5.25558E-01
   13  T  1  7 3  -5.16700E-01
   14  T  1  9 1  -4.00678E-01
   15  T  1  8 3  -3.95360E-01
   16  T  2  7 3  -3.55857E-01
   17  T  1 10 1  -3.15587E-01
   18  T  1  9 3  -3.12020E-01
   19  T  1 11 1  -2.55002E-01
   20  T  1 10 3  -2.52580E-01
    5    4    1   20
    1  0.000000E+00
    1  T  1  4 1  -3.13538E+00
    2  T  1  5 1  -1.67577E+00
    3  T  1  4 3  -1.59377E+00
    4  T  2  4 3  -1.42778E+00
    5  T  1  6 1  -1.05138E+00
    6  T  9  4 1  -1.05052E+00
    7  T  1  5 3  -1.02090E+00
    8  T  2  5 3  -8.58632E-01
    9  T  1  7 1  -7.22547E-01
   10  T  1  6 3  -7.09820E-01
   11  T  2  6 3  -5.45977E-01
   12  T  1  8 1  -5.27250E-01
   13  T  1  7 3  -5.20372E-01
   14  T  1  9 1  -4.01860E-01
   15  T  1  8 3  -3.98080E-01
   16  T  2  7 3  -3.56190E-01
   17  T  1 10 1  -3.16385E-01
   18  T  1  9 3  -3.13935E-01
   19  T  1 11 1  -2.55597E-01
   20  T  1 10 3  -2.54017E-01
    5    5    1    7
    1  0.000000E+00
    1  T  1  4 3  -1.59515E+00
    2  T  1  5 3  -1.02423E+00
    3  T  1  6 3  -7.10590E-01
    4  T  1  7 3  -5.21122E-01
    5  T  1  8 3  -3.98250E-01
    6  T  1  9 3  -3.14140E-01
    7  T  1 10 3  -2.54082E-01
    0    0    0    0
