   26    7    E
    2    0    0   29
    2  1.471600E+00
    1  C  2  0 0  -1.05977E+02
    2  T  3  3 0  -4.79730E+01
    3  T  2  3 2  -4.41184E+01
    4  T  6  3 1  -4.04196E+01
    5  T  9  3 1  -3.80357E+01
    6  T 12  3 0  -3.35724E+01
    7  T 11  3 2  -3.14083E+01
    8  T  3  4 0  -2.54094E+01
    9  T  2  4 2  -2.41792E+01
   10  T  6  4 1  -1.96539E+01
   11  T  9  4 1  -1.71705E+01
   12  T  3  5 0  -1.54837E+01
   13  T  2  5 2  -1.47972E+01
   14  T 12  4 0  -1.19497E+01
   15  T 11  4 2  -1.13988E+01
   16  T  6  5 1  -1.03645E+01
   17  T  3  6 0  -1.02015E+01
   18  T  2  6 2  -9.78947E+00
   19  T  9  5 1  -7.76249E+00
   20  T  3  7 0  -7.04069E+00
   21  T  2  7 2  -6.78508E+00
   22  T  6  6 1  -5.32955E+00
   23  T  3  8 0  -5.01473E+00
   24  T  2  8 2  -4.84141E+00
   25  T  3  9 0  -3.63390E+00
   26  T  2  9 2  -3.51117E+00
   27  T  9  6 1  -2.73807E+00
   28  T  3 10 0  -2.64129E+00
   29  T  2 10 2  -2.56058E+00
    2    0    1   20
    1  0.000000E+00
    1  T  1  3 1  -4.85342E+01
    2  T  8  3 0  -4.11724E+01
    3  T  5  3 2  -4.00591E+01
    4  T  7  3 2  -3.67371E+01
    5  T 10  3 1  -3.43464E+01
    6  T  1  4 1  -2.65427E+01
    7  T  5  4 2  -1.97818E+01
    8  T  8  4 0  -1.85454E+01
    9  T  7  4 2  -1.68330E+01
   10  T  1  5 1  -1.67269E+01
   11  T 10  4 1  -1.27531E+01
   12  T  1  6 1  -1.15407E+01
   13  T  5  5 2  -1.03138E+01
   14  T  1  7 1  -8.47561E+00
   15  T  8  5 0  -8.30408E+00
   16  T  7  5 2  -7.52199E+00
   17  T  1  8 1  -6.42579E+00
   18  T  5  6 2  -5.28414E+00
   19  T  1  9 1  -5.06084E+00
   20  T  1 10 1  -4.09041E+00
    2    1    0   51
    1  0.000000E+00
    1  C  2  0 0  -1.05626E+02
    2  T  1  3 0  -4.96912E+01
    3  T  1  3 2  -4.58544E+01
    4  T  2  3 2  -4.42478E+01
    5  T  5  3 1  -4.25204E+01
    6  T  6  3 1  -4.11699E+01
    7  T  8  3 1  -3.97253E+01
    8  T  7  3 1  -3.85213E+01
    9  T  9  3 1  -3.81456E+01
   10  T 10  3 0  -3.60282E+01
   11  T 10  3 2  -3.22984E+01
   12  T 11  3 2  -3.09306E+01
   13  T  1  4 0  -2.70835E+01
   14  T  1  4 2  -2.55446E+01
   15  T  2  4 2  -2.42316E+01
   16  T  5  4 1  -2.06256E+01
   17  T  6  4 1  -1.99962E+01
   18  T  5  4 3  -1.94108E+01
   19  T  8  4 1: -1.78797E+01
   20  T  7  4 1  -1.75076E+01
   21  T  9  4 1  -1.71544E+01
   22  T  1  5 0  -1.69935E+01
   23  T  7  4 3  -1.65691E+01
   24  T  1  5 2  -1.62627E+01
   25  T  2  5 2  -1.48209E+01
   26  T 10  4 0  -1.34894E+01
   27  T 10  4 2  -1.19794E+01
   28  T  1  6 0  -1.17076E+01
   29  T 11  4 2  -1.12887E+01
   30  T  1  6 2  -1.12610E+01
   31  T  5  5 1  -1.07306E+01
   32  T  6  5 1  -1.05221E+01
   33  T  5  5 3  -1.00992E+01
   34  T  2  6 2  -9.80375E+00
   35  T  1  7 0  -8.53661E+00
   36  T  1  7 2  -8.26055E+00
   37  T  8  5 1: -8.02262E+00
   38  T  7  5 1  -7.85142E+00
   39  T  9  5 1  -7.76032E+00
   40  T  7  5 3  -7.35702E+00
   41  T  2  7 2  -6.79464E+00
   42  T  1  8 0  -6.49560E+00
   43  T  1  8 2  -6.31351E+00
   44  T  5  6 1  -5.52973E+00
   45  T  6  6 1  -5.42206E+00
   46  T  5  6 3  -5.17354E+00
   47  T  1  9 0  -5.10849E+00
   48  T  1  9 2  -4.98415E+00
   49  T  2  8 2  -4.84615E+00
   50  T  1 10 0  -4.12514E+00
   51  T  1 10 2  -4.03287E+00
    2    1    1   55
    1  0.000000E+00
    1  C  1  0 0  -1.13903E+02
    2  C  3  0 0  -9.96753E+01
    3  T  1  3 1  -4.76199E+01
    4  T  2  3 1  -4.63326E+01
    5  T  3  3 1  -4.58735E+01
    6  T  6  3 0  -4.27495E+01
    7  T  9  3 0  -4.03613E+01
    8  T  5  3 2  -3.97027E+01
    9  T  6  3 2  -3.80515E+01
   10  T  7  3 2  -3.68715E+01
   11  T  9  3 2  -3.60391E+01
   12  T 10  3 1: -3.45459E+01
   13  T 11  3 1  -3.27335E+01
   14  T 12  3 1  -3.16919E+01
   15  T  1  4 1  -2.61438E+01
   16  T  2  4 1  -2.50469E+01
   17  T  3  4 1  -2.45762E+01
   18  T  2  4 3  -2.38790E+01
   19  T  6  4 0  -2.06794E+01
   20  T  5  4 2  -1.96646E+01
   21  T  6  4 2  -1.87955E+01
   22  T  9  4 0  -1.80156E+01
   23  T  7  4 2  -1.68724E+01
   24  T  1  5 1  -1.65544E+01
   25  T  9  4 2  -1.62721E+01
   26  T  2  5 1  -1.52399E+01
   27  T  3  5 1  -1.50826E+01
   28  T  2  5 3  -1.46091E+01
   29  T 10  4 1  -1.27007E+01
   30  T 11  4 1  -1.20050E+01
   31  T  1  6 1  -1.14325E+01
   32  T 11  4 3  -1.11868E+01
   33  T 12  4 1  -1.11165E+01
   34  T  6  5 0  -1.08676E+01
   35  T  5  5 2  -1.02698E+01
   36  T  2  6 1  -1.00425E+01
   37  T  3  6 1  -9.97297E+00
   38  T  6  5 2  -9.96194E+00
   39  T  2  6 3  -9.69070E+00
   40  T  1  7 1  -8.36462E+00
   41  T  9  5 0  -8.17748E+00
   42  T  7  5 2  -7.53820E+00
   43  T  9  5 2  -7.35583E+00
   44  T  2  7 1  -6.94032E+00
   45  T  3  7 1  -6.89810E+00
   46  T  2  7 3  -6.72514E+00
   47  T  1  8 1  -6.38225E+00
   48  T  6  6 0  -5.62303E+00
   49  T  5  6 2  -5.26003E+00
   50  T  6  6 2  -5.10338E+00
   51  T  1  9 1  -5.03191E+00
   52  T  2  8 1  -4.94142E+00
   53  T  3  8 1  -4.91753E+00
   54  T  2  8 3  -4.80202E+00
   55  T  1 10 1  -4.06787E+00
    2    2    0   63
    1  0.000000E+00
    1  C  2  0 0  -1.07484E+02
    2  T  2  3 0  -4.89884E+01
    3  T  1  3 2  -4.49441E+01
    4  T  2  3 2  -4.45232E+01
    5  T  3  3 2  -4.35566E+01
    6  T  5  3 1  -4.15903E+01
    7  T  6  3 1  -4.10248E+01
    8  T  7  3 1  -3.91476E+01
    9  T  9  3 1  -3.84490E+01
   10  T 11  3 0  -3.54470E+01
   11  T 10  3 2  -3.21608E+01
   12  T 11  3 2  -3.10005E+01
   13  T 12  3 2  -2.96156E+01
   14  T  2  4 0  -2.59946E+01
   15  T  1  4 2  -2.52003E+01
   16  T  2  4 2  -2.43306E+01
   17  T  3  4 2  -2.36791E+01
   18  T  5  4 1  -2.03150E+01
   19  T  6  4 1  -1.99130E+01
   20  T  5  4 3  -1.94174E+01
   21  T  6  4 3  -1.85748E+01
   22  T  7  4 1  -1.77610E+01
   23  T  9  4 1  -1.72350E+01
   24  T  7  4 3  -1.65811E+01
   25  T  1  5 2  -1.61136E+01
   26  T  9  4 3  -1.57637E+01
   27  T  2  5 0  -1.56789E+01
   28  T  2  5 2  -1.48625E+01
   29  T  3  5 2  -1.46787E+01
   30  T  2  5 4  -1.46656E+01
   31  T 11  4 0  -1.30019E+01
   32  T 10  4 2  -1.18989E+01
   33  T 11  4 2  -1.13116E+01
   34  T  1  6 2  -1.11788E+01
   35  T  5  5 1  -1.06147E+01
   36  T  6  5 1  -1.04814E+01
   37  T  2  6 0  -1.03012E+01
   38  T 12  4 2  -1.01889E+01
   39  T  5  5 3  -1.01009E+01
   40  T  6  5 3  -9.88978E+00
   41  T  2  6 2  -9.82550E+00
   42  T  3  6 2  -9.73481E+00
   43  T  2  6 4  -9.71784E+00
   44  T  1  7 2  -8.20636E+00
   45  T  7  5 1  -7.97075E+00
   46  T  9  5 1  -7.79652E+00
   47  T  7  5 3  -7.36515E+00
   48  T  9  5 3  -7.15896E+00
   49  T  2  7 0  -7.09380E+00
   50  T  2  7 2  -6.80777E+00
   51  T  3  7 2  -6.75332E+00
   52  T  2  7 4  -6.72632E+00
   53  T  1  8 2  -6.27891E+00
   54  T  5  6 1  -5.45429E+00
   55  T  6  6 1  -5.39814E+00
   56  T  5  6 3  -5.17422E+00
   57  T  2  8 0  -5.05044E+00
   58  T  6  6 3  -5.04790E+00
   59  T  1  9 2  -4.95942E+00
   60  T  2  8 2  -4.85609E+00
   61  T  3  8 2  -4.81892E+00
   62  T  2  8 4  -4.80218E+00
   63  T  1 10 2  -4.01533E+00
    2    2    1   60
    1  0.000000E+00
    1  C  1  0 0  -1.14637E+02
    2  T  1  3 1  -4.78765E+01
    3  T  2  3 1  -4.66458E+01
    4  T  5  3 0  -4.36914E+01
    5  T  7  3 0  -4.13382E+01
    6  T  5  3 2  -3.95928E+01
    7  T  6  3 2  -3.86559E+01
    8  T  8  3 2: -3.74202E+01
    9  T  7  3 2  -3.65579E+01
   10  T  9  3 2  -3.59341E+01
   11  T 10  3 1  -3.45234E+01
   12  T 11  3 1  -3.34709E+01
   13  T  1  4 1  -2.62478E+01
   14  T  2  4 1  -2.51517E+01
   15  T  1  4 3  -2.50629E+01
   16  T  2  4 3  -2.39498E+01
   17  T  5  4 0  -2.12302E+01
   18  T  5  4 2  -1.95624E+01
   19  T  6  4 2  -1.90449E+01
   20  T  7  4 0  -1.85709E+01
   21  T  8  4 2: -1.70599E+01
   22  T  7  4 2  -1.67503E+01
   23  T  1  5 1  -1.65630E+01
   24  T  9  4 2  -1.62709E+01
   25  T  1  5 3  -1.60281E+01
   26  T  2  5 1  -1.52786E+01
   27  T  2  5 3  -1.46395E+01
   28  T 10  4 1  -1.28115E+01
   29  T 11  4 1  -1.21931E+01
   30  T 10  4 3  -1.18800E+01
   31  T  1  6 1  -1.14606E+01
   32  T  1  6 3  -1.11364E+01
   33  T 11  4 3  -1.11058E+01
   34  T  5  5 0  -1.10663E+01
   35  T  5  5 2  -1.02306E+01
   36  T  5  5 4  -1.01621E+01
   37  T  6  5 2  -1.00756E+01
   38  T  2  6 1  -1.00654E+01
   39  T  2  6 3  -9.70857E+00
   40  T  1  7 1  -8.40302E+00
   41  T  7  5 0  -8.35414E+00
   42  T  1  7 3  -8.18165E+00
   43  T  8  5 2: -7.61525E+00
   44  T  7  5 2  -7.46060E+00
   45  T  7  5 4  -7.39072E+00
   46  T  9  5 2  -7.35165E+00
   47  T  2  7 1  -6.95374E+00
   48  T  2  7 3  -6.73622E+00
   49  T  1  8 1  -6.39366E+00
   50  T  1  8 3  -6.26082E+00
   51  T  5  6 0  -5.71480E+00
   52  T  5  6 2  -5.23880E+00
   53  T  5  6 4  -5.19407E+00
   54  T  6  6 2  -5.16330E+00
   55  T  1  9 1  -5.03999E+00
   56  T  2  8 1  -4.95120E+00
   57  T  1  9 3  -4.94603E+00
   58  T  2  8 3  -4.80938E+00
   59  T  1 10 1  -4.07382E+00
   60  T  1 10 3  -4.00613E+00
    2    3    0   48
    1  0.000000E+00
    1  T  1  3 2  -4.56565E+01
    2  T  2  3 2  -4.44202E+01
    3  T  5  3 1  -4.22356E+01
    4  T  7  3 1  -3.95237E+01
    5  T 10  3 2  -3.24632E+01
    6  T 11  3 2  -3.14271E+01
    7  T  1  4 2  -2.53927E+01
    8  T  2  4 2  -2.43767E+01
    9  T  5  4 1  -2.05883E+01
   10  T  5  4 3  -1.94135E+01
   11  T  6  4 3  -1.86093E+01
   12  T  7  4 1  -1.78260E+01
   13  T  8  4 3  -1.66267E+01
   14  T  7  4 3  -1.65785E+01
   15  T  1  5 2  -1.61867E+01
   16  T  1  5 4  -1.59698E+01
   17  T  9  4 3  -1.57814E+01
   18  T  2  5 2  -1.48936E+01
   19  T  2  5 4  -1.46904E+01
   20  T 10  4 2  -1.20995E+01
   21  T 11  4 2  -1.14083E+01
   22  T  1  6 2  -1.12190E+01
   23  T  1  6 4  -1.11156E+01
   24  T  5  5 1  -1.07296E+01
   25  T  5  5 3  -1.00993E+01
   26  T  6  5 3  -9.91139E+00
   27  T  2  6 2  -9.84418E+00
   28  T  2  6 4  -9.72910E+00
   29  T  1  7 2  -8.23073E+00
   30  T  1  7 4  -8.16808E+00
   31  T  7  5 1  -8.00449E+00
   32  T  8  5 3: -7.37158E+00
   33  T  7  5 3  -7.35168E+00
   34  T  9  5 3  -7.17126E+00
   35  T  2  7 2  -6.82069E+00
   36  T  2  7 4  -6.73369E+00
   37  T  1  8 2  -6.29443E+00
   38  T  1  8 4  -6.25119E+00
   39  T  5  6 1  -5.52035E+00
   40  T  5  6 3  -5.17014E+00
   41  T  5  6 5  -5.13945E+00
   42  T  6  6 3  -5.06158E+00
   43  T  1  9 2  -4.97312E+00
   44  T  1  9 4  -4.93811E+00
   45  T  2  8 2  -4.86140E+00
   46  T  2  8 4  -4.80650E+00
   47  T  1 10 2  -4.02352E+00
   48  T  1 10 4  -4.00108E+00
    2    3    1   50
    1  0.000000E+00
    1  T  2  3 1  -4.70639E+01
    2  T  5  3 2  -3.92641E+01
    3  T  6  3 2  -3.86272E+01
    4  T  7  3 2  -3.72083E+01
    5  T  9  3 2  -3.62749E+01
    6  T 11  3 1  -3.38202E+01
    7  T  2  4 1  -2.52197E+01
    8  T  1  4 3  -2.49617E+01
    9  T  2  4 3  -2.40275E+01
   10  T  3  4 3  -2.31448E+01
   11  T  5  4 2  -1.94973E+01
   12  T  6  4 2  -1.89757E+01
   13  T  7  4 2  -1.69869E+01
   14  T  9  4 2  -1.63574E+01
   15  T  1  5 3  -1.59892E+01
   16  T  2  5 1  -1.52974E+01
   17  T  2  5 3  -1.46746E+01
   18  T  3  5 3  -1.44529E+01
   19  T 11  4 1  -1.22975E+01
   20  T 10  4 3  -1.19714E+01
   21  T  1  6 3  -1.11076E+01
   22  T 11  4 3  -1.10591E+01
   23  T  5  5 2  -1.01963E+01
   24  T  5  5 4  -1.01696E+01
   25  T  2  6 1  -1.00783E+01
   26  T  6  5 2  -1.00540E+01
   27  T  6  5 4  -9.81793E+00
   28  T  2  6 3  -9.72811E+00
   29  T  2  6 5  -9.67148E+00
   30  T  3  6 3  -9.59814E+00
   31  T 12  4 3  -9.50179E+00
   32  T  1  7 3  -8.16150E+00
   33  T  7  5 2  -7.58533E+00
   34  T  9  5 2  -7.40438E+00
   35  T  7  5 4  -7.38329E+00
   36  T  9  5 4  -7.03416E+00
   37  T  2  7 1  -6.95748E+00
   38  T  2  7 3  -6.74880E+00
   39  T  2  7 5  -6.71669E+00
   40  T  3  7 3  -6.66510E+00
   41  T  1  8 3  -6.24899E+00
   42  T  5  6 2  -5.21637E+00
   43  T  5  6 4  -5.19544E+00
   44  T  6  6 2  -5.15085E+00
   45  T  6  6 4  -5.01526E+00
   46  T  2  8 1  -4.95816E+00
   47  T  1  9 3  -4.93725E+00
   48  T  2  8 3  -4.81755E+00
   49  T  2  8 5  -4.80057E+00
   50  T  3  8 3  -4.76075E+00
    2    4    0   35
    1  0.000000E+00
    1  T  2  3 2  -4.48039E+01
    2  T 11  3 2  -3.18726E+01
    3  T  2  4 2  -2.44216E+01
    4  T  5  4 3  -1.94273E+01
    5  T  6  4 3  -1.86096E+01
    6  T  7  4 3  -1.66020E+01
    7  T  1  5 4  -1.59844E+01
    8  T  9  4 3  -1.57794E+01
    9  T  2  5 2  -1.49049E+01
   10  T  2  5 4  -1.47105E+01
   11  T  3  5 4  -1.43452E+01
   12  T 11  4 2  -1.15421E+01
   13  T  1  6 4  -1.11052E+01
   14  T  5  5 3  -1.01054E+01
   15  T  6  5 3  -9.90960E+00
   16  T  2  6 2  -9.84739E+00
   17  T  2  6 4  -9.73760E+00
   18  T  3  6 4  -9.54820E+00
   19  T  1  7 4  -8.15831E+00
   20  T  7  5 3  -7.37320E+00
   21  T  9  5 3  -7.17170E+00
   22  T  2  7 2  -6.82194E+00
   23  T  2  7 4  -6.74052E+00
   24  T  2  7 6  -6.69399E+00
   25  T  3  7 4  -6.64016E+00
   26  T  1  8 4  -6.24732E+00
   27  T  5  6 3  -5.17282E+00
   28  T  5  6 5  -5.13922E+00
   29  T  6  6 5  -5.07664E+00
   30  T  6  6 3  -5.06001E+00
   31  T  1  9 4  -4.93401E+00
   32  T  2  8 2  -4.86532E+00
   33  T  2  8 4  -4.81021E+00
   34  T  2  8 6  -4.78154E+00
   35  T  3  8 4  -4.74839E+00
    2    4    1   34
    1  0.000000E+00
    1  T  5  3 2  -3.99529E+01
    2  T  7  3 2  -3.73641E+01
    3  T  1  4 3  -2.50510E+01
    4  T  2  4 3  -2.40483E+01
    5  T  5  4 2  -1.97663E+01
    6  T  7  4 2  -1.70383E+01
    7  T  1  5 3  -1.60298E+01
    8  T  2  5 3  -1.46831E+01
    9  T 10  4 3  -1.19298E+01
   10  T  1  6 3  -1.11306E+01
   11  T  1  6 5  -1.11128E+01
   12  T 11  4 3  -1.10552E+01
   13  T  5  5 2  -1.03182E+01
   14  T  5  5 4  -1.01755E+01
   15  T  6  5 4  -9.81854E+00
   16  T  2  6 3  -9.73342E+00
   17  T  2  6 5  -9.67334E+00
   18  T  1  7 3  -8.17638E+00
   19  T  1  7 5  -8.16547E+00
   20  T  7  5 2  -7.61162E+00
   21  T  8  5 4  -7.39524E+00
   22  T  7  5 4  -7.38654E+00
   23  T  9  5 4  -7.04538E+00
   24  T  2  7 3  -6.75224E+00
   25  T  2  7 5  -6.71948E+00
   26  T  1  8 3  -6.25875E+00
   27  T  1  8 5  -6.25042E+00
   28  T  5  6 2  -5.28470E+00
   29  T  5  6 4  -5.19565E+00
   30  T  6  6 4  -5.01853E+00
   31  T  1  9 3  -4.94447E+00
   32  T  1  9 5  -4.93687E+00
   33  T  2  8 3  -4.81978E+00
   34  T  2  8 5  -4.80220E+00
    4    0    0    8
    4  6.004800E+00
    1  T  6  3 1  -4.16129E+01
    2  T  6  4 1  -2.01279E+01
    3  T  6  5 1  -1.05998E+01
    4  T  6  6 1  -5.45974E+00
    5  T  6  7 1  -2.38070E+00
    6  T  6  8 1  -3.93530E-01
    7  T  6  9 1   9.62728E-01
    8  T  6 10 1   1.92936E+00
    4    0    1   23
    1  0.000000E+00
    1  C  1  0 0  -1.16059E+02
    2  T  1  3 1  -4.78642E+01
    3  T  4  3 0  -4.62040E+01
    4  T  8  3 0  -4.15101E+01
    5  T  5  3 2  -3.95967E+01
    6  T 10  3 1  -3.43434E+01
    7  T  1  4 1  -2.62548E+01
    8  T  4  4 0  -2.42899E+01
    9  T  5  4 2  -1.96450E+01
   10  T  8  4 0  -1.86227E+01
   11  T  1  5 1  -1.66102E+01
   12  T  4  5 0  -1.43539E+01
   13  T 10  4 1  -1.27499E+01
   14  T  1  6 1  -1.14646E+01
   15  T  5  5 2  -1.02579E+01
   16  T  4  6 0  -9.05510E+00
   17  T  8  5 0  -8.42224E+00
   18  T  1  7 1  -8.35072E+00
   19  T  1  8 1  -6.39818E+00
   20  T  4  7 0  -5.89882E+00
   21  T  5  6 2  -5.25272E+00
   22  T  1  9 1  -5.03986E+00
   23  T  1 10 1  -4.07598E+00
    6    0    1    8
    3  2.610400E+00
    1  T  4  3 0  -4.74188E+01
    2  T  4  4 0  -2.46019E+01
    3  T  4  5 0  -1.44908E+01
    4  T  4  6 0  -9.12798E+00
    5  T  4  7 0  -5.94388E+00
    6  T  4  8 0  -3.89969E+00
    7  T  4  9 0  -2.50959E+00
    8  T  4 10 0  -1.52153E+00
    4    1    0   40
    1  0.000000E+00
    1  C  2  0 0  -1.09789E+02
    2  T  1  3 0  -5.01086E+01
    3  T  1  3 2  -4.55351E+01
    4  T  4  3 1  -4.48166E+01
    5  T  5  3 1  -4.17579E+01
    6  T  6  3 1  -4.11017E+01
    7  T  8  3 1  -3.96795E+01
    8  T 10  3 0  -3.65755E+01
    9  T 10  3 2  -3.24516E+01
   10  T  1  4 0  -2.72180E+01
   11  T  1  4 2  -2.54586E+01
   12  T  4  4 1  -2.35321E+01
   13  T  5  4 1  -2.04748E+01
   14  T  6  4 1  -1.99855E+01
   15  T  5  4 3  -1.94230E+01
   16  T  8  4 1  -1.78883E+01
   17  T  1  5 0  -1.70727E+01
   18  T  1  5 2  -1.62305E+01
   19  T  4  5 1  -1.39739E+01
   20  T 10  4 0  -1.36060E+01
   21  T 10  4 2  -1.21125E+01
   22  T  1  6 0  -1.17445E+01
   23  T  1  6 2  -1.12471E+01
   24  T  5  5 1  -1.06876E+01
   25  T  6  5 1  -1.05270E+01
   26  T  5  5 3  -1.01095E+01
   27  T  4  6 1  -8.82266E+00
   28  T  1  7 0  -8.55457E+00
   29  T  1  7 2  -8.25007E+00
   30  T  8  5 1  -8.01286E+00
   31  T  1  8 0  -6.51046E+00
   32  T  1  8 2  -6.30730E+00
   33  T  4  7 1  -5.76347E+00
   34  T  5  6 1  -5.49163E+00
   35  T  6  6 1  -5.42251E+00
   36  T  5  6 3  -5.17671E+00
   37  T  1  9 0  -5.11568E+00
   38  T  1  9 2  -4.97834E+00
   39  T  1 10 0  -4.13150E+00
   40  T  1 10 2  -4.02940E+00
    4    1    1   22
    1  0.000000E+00
    1  T  1  3 1  -4.81300E+01
    2  T  6  3 0  -4.33860E+01
    3  T  5  3 2  -3.98733E+01
    4  T  6  3 2  -3.92764E+01
    5  T 10  3 1  -3.50822E+01
    6  T  1  4 1  -2.64111E+01
    7  T  6  4 0  -2.08878E+01
    8  T  5  4 2  -1.97345E+01
    9  T  6  4 2  -1.92179E+01
   10  T  1  5 1  -1.66892E+01
   11  T 10  4 1  -1.29928E+01
   12  T  1  6 1  -1.15154E+01
   13  T  6  5 0  -1.09672E+01
   14  T  5  5 2  -1.02999E+01
   15  T  6  5 2  -1.01729E+01
   16  T  1  7 1  -8.40885E+00
   17  T  1  8 1  -6.41524E+00
   18  T  6  6 0  -5.67646E+00
   19  T  5  6 2  -5.27702E+00
   20  T  6  6 2  -5.21845E+00
   21  T  1  9 1  -5.05039E+00
   22  T  1 10 1  -4.08303E+00
    6    1    0    8
    3  2.610400E+00
    1  T  4  3 1  -4.54917E+01
    2  T  4  4 1  -2.38105E+01
    3  T  4  5 1  -1.40928E+01
    4  T  4  6 1  -8.90040E+00
    5  T  4  7 1  -5.80180E+00
    6  T  4  8 1  -3.80514E+00
    7  T  4  9 1  -2.44352E+00
    8  T  4 10 1  -1.47357E+00
    4    2    0   24
    1  0.000000E+00
    1  T  1  3 2  -4.58768E+01
    2  T  5  3 1  -4.25887E+01
    3  T  6  3 1  -4.14848E+01
    4  T 10  3 2  -3.30573E+01
    5  T  1  4 2  -2.55778E+01
    6  T  5  4 1  -2.07084E+01
    7  T  6  4 1  -2.00956E+01
    8  T  5  4 3  -1.94491E+01
    9  T  6  4 3  -1.86213E+01
   10  T  1  5 2  -1.62908E+01
   11  T 10  4 2  -1.23174E+01
   12  T  1  6 2  -1.12799E+01
   13  T  5  5 1  -1.07922E+01
   14  T  6  5 1  -1.05801E+01
   15  T  5  5 3  -1.01256E+01
   16  T  6  5 3  -9.92285E+00
   17  T  1  7 2  -8.26820E+00
   18  T  1  8 2  -6.32027E+00
   19  T  5  6 1  -5.55166E+00
   20  T  6  6 1  -5.45064E+00
   21  T  5  6 3  -5.18575E+00
   22  T  6  6 3  -5.06728E+00
   23  T  1  9 2  -4.98711E+00
   24  T  1 10 2  -4.03572E+00
    4    2    1   40
    1  0.000000E+00
    1  T  1  3 1  -4.82733E+01
    2  T  5  3 0  -4.43655E+01
    3  T  4  3 2  -4.23750E+01
    4  T  5  3 2  -4.00990E+01
    5  T  6  3 2  -3.90479E+01
    6  T  8  3 2  -3.75127E+01
    7  T 10  3 1  -3.47617E+01
    8  T  1  4 1  -2.64594E+01
    9  T  1  4 3  -2.50711E+01
   10  T  4  4 2  -2.26176E+01
   11  T  5  4 0  -2.14495E+01
   12  T  5  4 2  -1.98448E+01
   13  T  6  4 2  -1.91444E+01
   14  T  8  4 2  -1.71026E+01
   15  T  1  5 1  -1.66879E+01
   16  T  1  5 3  -1.60411E+01
   17  T  4  5 2  -1.35095E+01
   18  T 10  4 1  -1.28994E+01
   19  T 10  4 3  -1.19032E+01
   20  T  1  6 1  -1.15270E+01
   21  T  5  5 0  -1.11575E+01
   22  T  1  6 3  -1.11390E+01
   23  T  5  5 2  -1.03551E+01
   24  T  5  5 4  -1.01650E+01
   25  T  6  5 2  -1.01348E+01
   26  T  4  6 2  -8.57028E+00
   27  T  1  7 1  -8.41765E+00
   28  T  1  7 3  -8.18135E+00
   29  T  8  5 2  -7.62263E+00
   30  T  1  8 1  -6.41936E+00
   31  T  1  8 3  -6.26248E+00
   32  T  5  6 0  -5.76814E+00
   33  T  4  7 2  -5.60400E+00
   34  T  5  6 2  -5.30202E+00
   35  T  6  6 2  -5.20133E+00
   36  T  5  6 4  -5.19106E+00
   37  T  1  9 1  -5.05405E+00
   38  T  1  9 3  -4.94650E+00
   39  T  1 10 1  -4.08558E+00
   40  T  1 10 3  -4.00662E+00
    6    2    1    8
    3  2.610400E+00
    1  T  4  3 2  -4.34120E+01
    2  T  4  4 2  -2.30183E+01
    3  T  4  5 2  -1.37038E+01
    4  T  4  6 2  -8.68027E+00
    5  T  4  7 2  -5.66507E+00
    6  T  4  8 2  -3.71438E+00
    7  T  4  9 2  -2.38020E+00
    8  T  4 10 2  -1.42763E+00
    4    3    0   33
    1  0.000000E+00
    1  T  1  3 2  -4.60978E+01
    2  T  5  3 1  -4.24695E+01
    3  T 10  3 2  -3.27256E+01
    4  T  1  4 2  -2.56510E+01
    5  T  4  4 3  -2.23997E+01
    6  T  5  4 1  -2.06740E+01
    7  T  5  4 3  -1.94600E+01
    8  T  6  4 3  -1.86280E+01
    9  T  8  4 3  -1.66460E+01
   10  T  1  5 2  -1.63198E+01
   11  T  1  5 4  -1.59719E+01
   12  T  4  5 3  -1.33988E+01
   13  T 10  4 2  -1.21995E+01
   14  T  1  6 2  -1.12970E+01
   15  T  1  6 4  -1.11159E+01
   16  T  5  5 1  -1.07696E+01
   17  T  5  5 3  -1.01300E+01
   18  T  6  5 3  -9.92466E+00
   19  T  4  6 3  -8.50663E+00
   20  T  1  7 2  -8.27881E+00
   21  T  1  7 4  -8.16802E+00
   22  T  8  5 3  -7.37518E+00
   23  T  1  8 2  -6.32734E+00
   24  T  1  8 4  -6.25140E+00
   25  T  4  7 3  -5.55754E+00
   26  T  5  6 1  -5.54174E+00
   27  T  5  6 3  -5.18886E+00
   28  T  5  6 5  -5.13946E+00
   29  T  6  6 3  -5.06928E+00
   30  T  1  9 2  -4.99212E+00
   31  T  1  9 4  -4.93808E+00
   32  T  1 10 2  -4.03932E+00
   33  T  1 10 4  -4.00112E+00
    4    3    1   20
    1  0.000000E+00
    1  T  5  3 2  -4.05381E+01
    2  T  6  3 2  -3.93946E+01
    3  T  1  4 3  -2.49980E+01
    4  T  5  4 2  -1.99609E+01
    5  T  6  4 2  -1.92567E+01
    6  T  1  5 3  -1.60154E+01
    7  T 10  4 3  -1.20222E+01
    8  T  1  6 3  -1.11249E+01
    9  T  5  5 2  -1.04073E+01
   10  T  6  5 2  -1.01923E+01
   11  T  5  5 4  -1.01683E+01
   12  T  6  5 4  -9.81911E+00
   13  T  1  7 3  -8.17204E+00
   14  T  1  8 3  -6.25670E+00
   15  T  5  6 2  -5.33470E+00
   16  T  6  6 2  -5.22744E+00
   17  T  5  6 4  -5.19552E+00
   18  T  6  6 4  -5.01636E+00
   19  T  1  9 3  -4.94221E+00
   20  T  1 10 3  -4.00354E+00
    6    3    0    7
    3  2.610400E+00
    1  T  4  4 3  -2.24494E+01
    2  T  4  5 3  -1.34311E+01
    3  T  4  6 3  -8.52770E+00
    4  T  4  7 3  -5.57090E+00
    5  T  4  8 3  -3.65211E+00
    6  T  4  9 3  -2.33685E+00
    7  T  4 10 3  -1.39623E+00
    4    4    0   13
    1  0.000000E+00
    1  T  5  4 3  -1.94796E+01
    2  T  6  4 3  -1.86454E+01
    3  T  1  5 4  -1.59852E+01
    4  T  1  6 4  -1.11063E+01
    5  T  5  5 3  -1.01411E+01
    6  T  6  5 3  -9.93211E+00
    7  T  1  7 4  -8.15898E+00
    8  T  1  8 4  -6.24791E+00
    9  T  5  6 3  -5.19539E+00
   10  T  5  6 5  -5.13925E+00
   11  T  6  6 5  -5.07678E+00
   12  T  6  6 3  -5.07446E+00
   13  T  1  9 4  -4.93432E+00
    4    4    1   23
    1  0.000000E+00
    1  T  5  3 2  -4.03958E+01
    2  T  1  4 3  -2.50766E+01
    3  T  5  4 2  -1.99220E+01
    4  T  1  5 3  -1.60486E+01
    5  T  4  5 4  -1.33897E+01
    6  T 10  4 3  -1.19453E+01
    7  T  1  6 3  -1.11433E+01
    8  T  1  6 5  -1.11129E+01
    9  T  5  5 2  -1.03858E+01
   10  T  5  5 4  -1.01770E+01
   11  T  6  5 4  -9.81920E+00
   12  T  4  6 4  -8.50087E+00
   13  T  1  7 3  -8.18386E+00
   14  T  1  7 5  -8.16552E+00
   15  T  8  5 4  -7.39582E+00
   16  T  1  8 3  -6.26442E+00
   17  T  1  8 5  -6.25044E+00
   18  T  4  7 4  -5.55300E+00
   19  T  5  6 2  -5.32288E+00
   20  T  5  6 4  -5.19684E+00
   21  T  6  6 4  -5.01902E+00
   22  T  1  9 3  -4.94794E+00
   23  T  1  9 5  -4.93691E+00
    6    4    1    6
    3  2.610400E+00
    1  T  4  5 4  -1.33910E+01
    2  T  4  6 4  -8.50208E+00
    3  T  4  7 4  -5.55394E+00
    4  T  4  8 4  -3.64041E+00
    5  T  4  9 4  -2.32848E+00
    6  T  4 10 4  -1.39006E+00
    0    0    0    0
