   26   11    E
    2    0    0    8
    1  0.000000E+00
    1  T  1  3 0  -3.56756E+01
    2  T  1  4 0  -1.88281E+01
    3  T  1  5 0  -1.16365E+01
    4  T  1  6 0  -7.90079E+00
    5  T  1  7 0  -5.71411E+00
    6  T  1  8 0  -4.32440E+00
    7  T  1  9 0  -3.38645E+00
    8  T  1 10 0  -2.72367E+00
    2    1    1    8
    1  0.000000E+00
    1  T  1  3 1  -3.31795E+01
    2  T  1  4 1  -1.78361E+01
    3  T  1  5 1  -1.11467E+01
    4  T  1  6 1  -7.62432E+00
    5  T  1  7 1  -5.54305E+00
    6  T  1  8 1  -4.21130E+00
    7  T  1  9 1  -3.30782E+00
    8  T  1 10 1  -2.66681E+00
    2    2    0    8
    1  0.000000E+00
    1  T  1  3 2  -2.97949E+01
    2  T  1  4 2  -1.65843E+01
    3  T  1  5 2  -1.05358E+01
    4  T  1  6 2  -7.28288E+00
    5  T  1  7 2  -5.33298E+00
    6  T  1  8 2  -4.07281E+00
    7  T  1  9 2  -3.21168E+00
    8  T  1 10 2  -2.59733E+00
    2    3    1    7
    1  0.000000E+00
    1  T  1  4 3  -1.60418E+01
    2  T  1  5 3  -1.02688E+01
    3  T  1  6 3  -7.13013E+00
    4  T  1  7 3  -5.23735E+00
    5  T  1  8 3  -4.00898E+00
    6  T  1  9 3  -3.16698E+00
    7  T  1 10 3  -2.56482E+00
    0    0    0    0
