   26    8    E                               
    1    0    0   18                          
    3  2.672482E+00                           
    1  C  1  0 0  -1.04587E+02                
    2  C  3  0 0  -8.91793E+01                
    3  T  3  3 1  -3.97959E+01                
    4  T  6  3 0  -3.47769E+01                
    5  T  5  3 2  -3.18139E+01                
    6  T  8  3 1  -2.39607E+01                
    7  T  3  4 1  -2.08099E+01                
    8  T  6  4 0  -1.39354E+01                
    9  T  5  4 2  -1.35444E+01                
   10  T  3  5 1  -1.20814E+01                
   11  T  3  6 1  -7.48949E+00                
   12  T  8  4 1  -5.40186E+00                
   13  T  5  5 2  -5.16512E+00                
   14  T  3  7 1  -4.76390E+00                
   15  T  6  5 0  -4.58705E+00                
   16  T  3  8 1  -3.00593E+00                
   17  T  3  9 1  -1.80800E+00                
   18  T  3 10 1  -9.53527E-01                
    1    1    0   32                          
    2  1.347252E+00                           
    1  T  2  3 1  -4.29680E+01                
    2  T  3  3 1  -4.13273E+01                
    3  T  7  3 0  -3.44110E+01                
    4  T  5  3 2  -3.20553E+01                
    5  T  7  3 2  -2.97254E+01                
    6  T  8  3 1  -2.56122E+01                
    7  T  2  4 1  -2.27269E+01                
    8  T  3  4 1  -2.13560E+01                
    9  T  2  4 3  -2.12419E+01                
   10  T  2  5 1  -1.37719E+01                
   11  T  5  4 2  -1.35952E+01                
   12  T  7  4 0  -1.33069E+01                
   13  T  2  5 3  -1.31441E+01                
   14  T  3  5 1  -1.23471E+01                
   15  T  7  4 2  -1.15800E+01                
   16  T  2  6 1  -8.98096E+00                
   17  T  2  6 3  -8.70797E+00                
   18  T  3  6 1  -7.64829E+00                
   19  T  2  7 1  -6.19602E+00                
   20  T  2  7 3  -6.03740E+00                
   21  T  8  4 1  -5.96314E+00                
   22  T  5  5 2  -5.17851E+00                
   23  T  3  7 1  -4.86556E+00                
   24  T  2  8 1  -4.40882E+00                
   25  T  2  8 3  -4.30511E+00                
   26  T  7  5 0  -3.99891E+00                
   27  T  7  5 2  -3.23385E+00                
   28  T  2  9 1  -3.18316E+00                
   29  T  2  9 3  -3.10999E+00                
   30  T  3  8 1  -3.07097E+00                
   31  T  2 10 1  -2.31563E+00                
   32  T  2 10 3  -2.26731E+00                
    1    2    0   42                          
    2  1.347252E+00                           
    1  C  1  0 0  -1.05665E+02                
    2  T  2  3 1  -4.16857E+01                
    3  T  3  3 1  -4.07952E+01                
    4  T  5  3 0  -3.60500E+01                
    5  T  5  3 2  -3.19839E+01                
    6  T  6  3 2  -3.06168E+01                
    7  T  7  3 2  -2.96236E+01                
    8  T  8  3 1  -2.56444E+01                
    9  T  2  4 1  -2.22817E+01                
   10  T  2  4 3  -2.12505E+01                
   11  T  3  4 1  -2.11843E+01                
   12  T  3  4 3  -1.99229E+01                
   13  T  5  4 0  -1.52222E+01                
   14  T  5  4 2  -1.36007E+01                
   15  T  2  5 1  -1.34437E+01                
   16  T  2  5 3  -1.31368E+01                
   17  T  6  4 2  -1.23481E+01                
   18  T  3  5 1  -1.22305E+01                
   19  T  3  5 3  -1.18161E+01                
   20  T  7  4 2  -1.15163E+01                
   21  T  2  6 1  -8.85331E+00                
   22  T  2  6 3  -8.70356E+00                
   23  T  3  6 1  -7.60212E+00                
   24  T  3  6 3  -7.38187E+00                
   25  T  2  7 1  -6.12386E+00                
   26  T  8  4 1  -6.05397E+00                
   27  T  2  7 3  -6.03361E+00                
   28  T  5  5 0  -5.80705E+00                
   29  T  5  5 2  -5.17649E+00                
   30  T  3  7 1  -4.83487E+00                
   31  T  3  7 3  -4.71112E+00                
   32  T  8  4 3  -4.67733E+00                
   33  T  2  8 1  -4.34723E+00                
   34  T  2  8 3  -4.30200E+00                
   35  T  6  5 2  -3.89739E+00                
   36  T  7  5 2  -3.20759E+00                
   37  T  2  9 1  -3.14540E+00                
   38  T  2  9 3  -3.10898E+00                
   39  T  3  8 1  -3.04868E+00                
   40  T  3  8 3  -2.97655E+00                
   41  T  2 10 1  -2.28734E+00                
   42  T  2 10 3  -2.26618E+00                
    1    3    0   27                          
    2  1.347252E+00                           
    1  T  2  3 1  -4.26706E+01                
    2  T  5  3 2  -3.18570E+01                
    3  T  7  3 2  -3.04323E+01                
    4  T  2  4 1  -2.26593E+01                
    5  T  2  4 3  -2.12363E+01                
    6  T  3  4 3  -1.99563E+01                
    7  T  2  5 1  -1.37161E+01                
    8  T  5  4 2  -1.35298E+01                
    9  T  2  5 3  -1.31288E+01                
   10  T  3  5 3  -1.18573E+01                
   11  T  7  4 2  -1.17591E+01                
   12  T  2  6 1  -8.96377E+00                
   13  T  2  6 3  -8.70003E+00                
   14  T  3  6 3  -7.39404E+00                
   15  T  2  7 1  -6.18411E+00                
   16  T  2  7 3  -6.03119E+00                
   17  T  5  5 2  -5.18818E+00                
   18  T  3  7 3  -4.71896E+00                
   19  T  8  4 3  -4.66163E+00                
   20  T  2  8 1  -4.39676E+00                
   21  T  2  8 3  -4.30001E+00                
   22  T  7  5 2  -3.32236E+00                
   23  T  2  9 1  -3.17463E+00                
   24  T  2  9 3  -3.11252E+00                
   25  T  3  8 3  -2.98113E+00                
   26  T  2 10 1  -2.31197E+00                
   27  T  2 10 3  -2.26536E+00                
    1    4    0   16                          
    2  1.347252E+00                           
    1  T  5  3 2  -3.22221E+01                
    2  T  2  4 3  -2.12469E+01                
    3  T  3  4 3  -1.99514E+01                
    4  T  5  4 2  -1.36881E+01                
    5  T  2  5 3  -1.31307E+01                
    6  T  3  5 3  -1.18258E+01                
    7  T  2  6 3  -8.70191E+00                
    8  T  3  6 3  -7.38992E+00                
    9  T  2  7 3  -6.03213E+00                
   10  T  5  5 2  -5.24501E+00                
   11  T  8  4 3  -4.74318E+00                
   12  T  3  7 3  -4.71571E+00                
   13  T  2  8 3  -4.30041E+00                
   14  T  2  9 3  -3.11472E+00                
   15  T  3  8 3  -2.98046E+00                
   16  T  2 10 3  -2.26581E+00                
    1    5    0    7                          
    2  1.347252E+00                           
    1  T  2  4 3  -2.12782E+01                
    2  T  2  5 3  -1.31506E+01                
    3  T  2  6 3  -8.71461E+00                
    4  T  2  7 3  -6.04058E+00                
    5  T  2  8 3  -4.30637E+00                
    6  T  2  9 3  -3.11887E+00                
    7  T  2 10 3  -2.26890E+00                
    1    0    1   11                          
    2  1.347252E+00                           
    1  T  2  3 2  -4.04334E+01                
    2  T  7  3 1  -3.22177E+01                
    3  T  2  4 2  -2.18759E+01                
    4  T  2  5 2  -1.34095E+01                
    5  T  7  4 1  -1.24714E+01                
    6  T  2  6 2  -8.84851E+00                
    7  T  2  7 2  -6.12068E+00                
    8  T  2  8 2  -4.35857E+00                
    9  T  7  5 1  -3.54500E+00                
   10  T  2  9 2  -3.15332E+00                
   11  T  2 10 2  -2.29442E+00                
    1    1    1   36                          
    2  1.347252E+00                           
    1  C  2  0 0  -9.63902E+01                
    2  T  3  3 0  -4.32940E+01                
    3  T  2  3 2  -4.00486E+01                
    4  T  3  3 2  -3.80133E+01                
    5  T  5  3 1  -3.44988E+01                
    6  T  6  3 1  -3.29368E+01                
    7  T  7  3 1  -3.12488E+01                
    8  T  8  3 0  -2.74693E+01                
    9  T  8  3 2  -2.28601E+01                
   10  T  3  4 0  -2.21596E+01                
   11  T  2  4 2  -2.17203E+01                
   12  T  3  4 2  -2.01523E+01                
   13  T  5  4 1  -1.44306E+01                
   14  T  2  5 2  -1.33351E+01                
   15  T  5  4 3  -1.32167E+01                
   16  T  6  4 1  -1.31472E+01                
   17  T  3  5 0  -1.27949E+01                
   18  T  7  4 1  -1.21697E+01                
   19  T  3  5 2  -1.18744E+01                
   20  T  2  6 2  -8.80580E+00                
   21  T  3  6 0  -7.89474E+00                
   22  T  3  6 2  -7.41133E+00                
   23  T  8  4 0  -6.80355E+00                
   24  T  2  7 2  -6.09386E+00                
   25  T  5  5 1  -5.44200E+00                
   26  T  5  5 3  -5.10472E+00                
   27  T  3  7 0  -5.02180E+00                
   28  T  8  4 2  -4.84592E+00                
   29  T  3  7 2  -4.72531E+00                
   30  T  2  8 2  -4.33969E+00                
   31  T  6  5 1  -4.19453E+00                
   32  T  7  5 1  -3.41817E+00                
   33  T  3  8 0  -3.17267E+00                
   34  T  2  9 2  -3.14184E+00                
   35  T  3  8 2  -2.98518E+00                
   36  T  2 10 2  -2.28552E+00                
    1    2    1   35                          
    2  1.347252E+00                           
    1  T  2  3 0  -4.46275E+01                
    2  T  2  3 2  -3.97706E+01                
    3  T  3  3 2  -3.87616E+01                
    4  T  5  3 1  -3.40822E+01                
    5  T  7  3 1  -3.23707E+01                
    6  T  8  3 2  -2.39619E+01                
    7  T  2  4 0  -2.34829E+01                
    8  T  2  4 2  -2.15327E+01                
    9  T  3  4 2  -2.05056E+01                
   10  T  5  4 1  -1.44174E+01                
   11  T  2  5 0  -1.40961E+01                
   12  T  2  5 2  -1.32466E+01                
   13  T  5  4 3  -1.31836E+01                
   14  T  7  4 1  -1.25098E+01                
   15  T  3  5 2  -1.20548E+01                
   16  T  7  4 3  -1.11700E+01                
   17  T  2  6 0  -9.22063E+00                
   18  T  2  6 2  -8.74692E+00                
   19  T  3  6 2  -7.51320E+00                
   20  T  2  7 0  -6.34790E+00                
   21  T  2  7 2  -6.05711E+00                
   22  T  5  5 1  -5.49020E+00                
   23  T  8  4 2  -5.28868E+00                
   24  T  5  5 3  -5.01768E+00                
   25  T  3  7 2  -4.78895E+00                
   26  T  2  8 0  -4.50737E+00                
   27  T  2  8 2  -4.31529E+00                
   28  T  7  5 1  -3.55754E+00                
   29  T  2  9 0  -3.25230E+00                
   30  T  2  9 4  -3.13051E+00                
   31  T  2  9 2  -3.12600E+00                
   32  T  7  5 3  -3.05186E+00                
   33  T  3  8 2  -3.02569E+00                
   34  T  2 10 0  -2.36794E+00                
   35  T  2 10 2  -2.27313E+00                
    1    3    1   27 :MISSING T 2 N 4, N=6,7,8
    2  1.347252E+00                           
    1  T  2  3 2  -3.93187E+01                
    2  T  3  3 2  -3.85815E+01                
    3  T  5  3 1  -3.43701E+01                
    4  T  8  3 2  -2.40471E+01                
    5  T  2  4 2  -2.14545E+01                
    6  T  3  4 2  -2.03602E+01                
    7  T  5  4 1  -1.44898E+01                
    8  T  2  5 2  -1.32223E+01                
    9  T  5  4 3: -1.31670E+01                
   10  T  2  5 4: -1.30277E+01                
   11  T  3  5 2  -1.19928E+01                
   12  T  6  4 3: -1.19144E+01                
   13  T  7  4 3  -1.12428E+01                
   14  T  2  6 2  -8.72959E+00                
   15  T  3  6 2  -7.46830E+00                
   16  T  2  7 2  -6.04668E+00                
   17  T  5  5 1  -5.55684E+00                
   18  T  8  4 2  -5.26237E+00                
   19  T  5  5 3  -5.01126E+00                
   20  T  3  7 2  -4.76090E+00                
   21  T  2  8 2  -4.30868E+00                
   22  T  6  5 3  -3.73285E+00                
   23  T  2  9 4: -3.13628E+00                
   24  T  2  9 2: -3.12002E+00                
   25  T  7  5 3  -3.08128E+00                
   26  T  3  8 2  -3.00889E+00                
   27  T  2 10 2  -2.26962E+00                
    1    4    1   13                          
    2  1.347252E+00                           
    1  T  2  3 2  -4.01721E+01                
    2  T  2  4 2  -2.17895E+01                
    3  T  2  5 2  -1.33675E+01                
    4  T  5  4 3: -1.31974E+01                
    5  T  2  5 4: -1.30135E+01                
    6  T  7  4 3  -1.12084E+01                
    7  T  2  6 2  -8.82483E+00                
    8  T  2  7 2  -6.10581E+00                
    9  T  5  5 3  -5.01963E+00 :WAS T 5 4 3   
   10  T  2  8 2  -4.34832E+00                
   11  T  2  9 2  -3.14712E+00                
   12  T  7  5 3  -3.08568E+00 :WAS T 7 4 3   
   13  T  2 10 2  -2.28957E+00                
    1    5    1    2                          
    2  1.347252E+00                           
    1  T  5  4 3  -1.32604E+01                
    2  T  5  5 3  -5.05996E+00                
    3    0    0   16                          
    3  2.672482E+00                           
    1  T  3  3 1  -4.16222E+01                
    2  T  6  3 0  -3.52780E+01                
    3  T  5  3 2  -3.23233E+01                
    4  T  8  3 1  -2.62552E+01                
    5  T  3  4 1  -2.14182E+01                
    6  T  6  4 0  -1.41327E+01                
    7  T  5  4 2  -1.37189E+01                
    8  T  3  5 1  -1.23684E+01                
    9  T  3  6 1  -7.66479E+00                
   10  T  8  4 1  -6.15310E+00                
   11  T  5  5 2  -5.25995E+00                
   12  T  3  7 1  -4.89252E+00                
   13  T  6  5 0  -4.68758E+00                
   14  T  3  8 1  -3.08043E+00                
   15  T  3  9 1  -1.86141E+00                
   16  T  3 10 1  -9.93143E-01                
    3    1    0   41                          
    1  0.000000E+00                           
    1  C  1  0 0  -1.06592E+02                
    2  T  1  3 1  -4.37893E+01                
    3  T  2  3 1  -4.20298E+01                
    4  T  3  3 1  -4.11067E+01                
    5  T  4  3 0  -3.82234E+01                
    6  T  7  3 0  -3.45938E+01                
    7  T  4  3 2  -3.40359E+01                
    8  T  5  3 2  -3.21314E+01                
    9  T  7  3 2  -3.03034E+01                
   10  T  8  3 1  -2.55954E+01                
   11  T  1  4 1  -2.38589E+01                
   12  T  2  4 1  -2.24881E+01                
   13  T  3  4 1  -2.12692E+01                
   14  T  2  4 3  -2.12248E+01                
   15  T  4  4 0  -1.75132E+01                
   16  T  4  4 2  -1.57921E+01                
   17  T  1  5 1  -1.49252E+01                
   18  T  5  4 2  -1.37339E+01                
   19  T  2  5 1  -1.35923E+01                
   20  T  7  4 0  -1.33969E+01                
   21  T  2  5 3  -1.31321E+01                
   22  T  3  5 1  -1.23088E+01                
   23  T  7  4 2  -1.17354E+01                
   24  T  1  6 1  -1.02597E+01                
   25  T  2  6 1  -8.92818E+00                
   26  T  2  6 3  -8.70320E+00                
   27  T  4  5 0  -8.21593E+00                
   28  T  3  6 1  -7.62172E+00                
   29  T  1  7 1  -7.50710E+00                
   30  T  4  5 2  -7.42295E+00                
   31  T  2  7 1  -6.15938E+00                
   32  T  2  7 3  -6.03357E+00                
   33  T  8  4 1  -5.96329E+00                
   34  T  1  8 1  -5.71871E+00                
   35  T  5  5 2  -5.25320E+00                
   36  T  3  7 1  -4.84523E+00                
   37  T  1  9 1  -4.51434E+00                
   38  T  2  8 1  -4.37756E+00                
   39  T  2  8 3  -4.30189E+00                
   40  T  7  5 0  -4.02771E+00                
   41  T  1 10 1  -3.64740E+00                
    3    2    0   45                          
    2  1.347252E+00                           
    1  T  2  3 1  -4.29240E+01                
    2  T  3  3 1  -4.14558E+01                
    3  T  5  3 0  -3.65848E+01                
    4  T  4  3 2  -3.39665E+01                
    5  T  5  3 2  -3.21632E+01                
    6  T  6  3 2  -3.10274E+01                
    7  T  7  3 2  -3.07641E+01                
    8  T  8  3 1  -2.58622E+01                
    9  T  2  4 1  -2.27329E+01                
   10  T  3  4 1  -2.13809E+01                
   11  T  2  4 3  -2.12478E+01                
   12  T  3  4 3  -1.99499E+01                
   13  T  4  4 2  -1.57519E+01                
   14  T  5  4 0  -1.54146E+01                
   15  T  5  4 2  -1.37785E+01                
   16  T  2  5 1  -1.36198E+01                
   17  T  2  5 3  -1.31372E+01                
   18  T  6  4 2  -1.24924E+01                
   19  T  3  5 1  -1.23249E+01                
   20  T  7  4 2  -1.18940E+01                
   21  T  3  5 3  -1.18203E+01                
   22  T  2  6 1  -8.98605E+00                
   23  T  2  6 3  -8.70721E+00                
   24  T  3  6 1  -7.65367E+00                
   25  T  4  5 2  -7.42617E+00                
   26  T  3  6 3  -7.38801E+00                
   27  T  2  7 1  -6.21400E+00                
   28  T  8  4 1  -6.10617E+00                
   29  T  2  7 3  -6.03617E+00                
   30  T  5  5 0  -5.91867E+00                
   31  T  5  5 2  -5.25168E+00                
   32  T  3  7 1  -4.86693E+00                
   33  T  3  7 3  -4.72213E+00                
   34  T  8  4 3  -4.71386E+00                
   35  T  2  8 1  -4.40427E+00                
   36  T  2  8 3  -4.30312E+00                
   37  T  6  5 2  -3.97201E+00                
   38  T  7  5 2  -3.37206E+00                
   39  T  2  9 1  -3.18498E+00                
   40  T  2  9 3  -3.11595E+00                
   41  T  3  8 1  -3.07485E+00                
   42  T  3  8 3  -2.98387E+00                
   43  T  4  6 2  -2.93332E+00                
   44  T  2 10 1  -2.31723E+00                
   45  T  2 10 3  -2.26712E+00                
    3    3    0   31                          
    1  0.000000E+00                           
    1  T  2  3 1  -4.27745E+01                
    2  T  4  3 2  -3.43592E+01                
    3  T  5  3 2  -3.23109E+01                
    4  T  7  3 2  -3.05044E+01                
    5  T  2  4 1  -2.26964E+01                
    6  T  1  4 3  -2.25959E+01                
    7  T  2  4 3  -2.12609E+01                
    8  T  3  4 3  -1.99542E+01                
    9  T  4  4 2  -1.59324E+01                
   10  T  1  5 3  -1.44818E+01                
   11  T  5  4 2  -1.37962E+01                
   12  T  2  5 1  -1.36266E+01                
   13  T  2  5 3  -1.31421E+01                
   14  T  3  5 3  -1.18461E+01                
   15  T  7  4 2  -1.17973E+01 :WAS T 6 4 2   
   16  T  1  6 3  -1.00516E+01                
   17  T  2  6 1  -8.97478E+00                
   18  T  2  6 3  -8.71151E+00                
   19  T  4  5 2  -7.52129E+00                
   20  T  3  6 3  -7.39126E+00                
   21  T  1  7 3  -7.38180E+00                
   22  T  2  7 1  -6.19137E+00                
   23  T  2  7 3  -6.03939E+00                
   24  T  1  8 3  -5.64896E+00                
   25  T  5  5 2  -5.26461E+00                
   26  T  3  7 3  -4.71762E+00                
   27  T  8  4 3  -4.66185E+00                
   28  T  1  9 3  -4.46236E+00                
   29  T  2  8 1  -4.40131E+00                
   30  T  2  8 3  -4.30489E+00                
   31  T  1 10 3  -3.61397E+00                
    3    4    0   17                          
    2  1.347252E+00                           
    1  T  5  3 2  -3.27025E+01                
    2  T  2  4 3  -2.12767E+01                
    3  T  3  4 3  -1.99699E+01                
    4  T  5  4 2  -1.38498E+01                
    5  T  2  5 3  -1.31488E+01                
    6  T  3  5 3  -1.18386E+01                
    7  T  2  6 3  -8.71523E+00                
    8  T  3  6 3  -7.39859E+00                
    9  T  2  7 3  -6.04170E+00                
   10  T  5  5 2  -5.32359E+00                
   11  T  8  4 3  -4.75621E+00                
   12  T  3  7 3  -4.72123E+00                
   13  T  2  8 3  -4.30622E+00                
   14  T  6  5 4  -3.67743E+00                
   15  T  2  9 3  -3.11897E+00                
   16  T  3  8 3  -2.98443E+00                
   17  T  2 10 3  -2.26917E+00                
    3    5    0    5                          
    1  0.000000E+00                           
    1  T  2  4 3  -2.12807E+01                
    2  T  2  5 3  -1.31523E+01                
    3  T  2  6 3  -8.71569E+00                
    4  T  2  7 3  -6.04133E+00                
    5  T  2  8 3  -4.30684E+00                
    3    0    1   19                          
    1  0.000000E+00                           
    1  T  1  3 0  -4.58448E+01                
    2  T  2  3 2  -3.95847E+01                
    3  T  4  3 1  -3.63495E+01                
    4  T  7  3 1  -3.21423E+01                
    5  T  1  4 0  -2.47881E+01                
    6  T  2  4 2  -2.15762E+01                
    7  T  4  4 1  -1.67059E+01                
    8  T  1  5 0  -1.54172E+01                
    9  T  2  5 2  -1.32639E+01                
   10  T  7  4 1  -1.24467E+01                
   11  T  1  6 0  -1.05561E+01                
   12  T  2  6 2  -8.76699E+00                
   13  T  4  5 1  -7.80254E+00                
   14  T  1  7 0  -7.66201E+00                
   15  T  2  7 2  -6.07097E+00                
   16  T  1  8 0  -5.84611E+00                
   17  T  1  9 0  -4.60004E+00                
   18  T  2  8 2  -4.32489E+00                
   19  T  1 10 0  -3.71400E+00                
    3    1    1   40                          
    2  1.347252E+00                           
    1  C  2  0 0  -9.91273E+01                
    2  T  3  3 0  -4.35586E+01                
    3  T  2  3 2  -3.97909E+01                
    4  T  3  3 2  -3.91588E+01                
    5  T  4  3 1  -3.62357E+01                
    6  T  5  3 1  -3.39993E+01                
    7  T  6  3 1  -3.30959E+01                
    8  T  7  3 1  -3.25571E+01                
    9  T  8  3 0  -2.77687E+01                
   10  T  8  3 2  -2.44803E+01                
   11  T  3  4 0  -2.22452E+01                
   12  T  2  4 2  -2.16457E+01                
   13  T  3  4 2  -2.05462E+01                
   14  T  4  4 1  -1.65368E+01                
   15  T  5  4 1  -1.44219E+01                
   16  T  2  5 2  -1.33054E+01                
   17  T  5  4 3  -1.32630E+01 :WAS T 5 4 2   
   18  T  6  4 1  -1.32070E+01                
   19  T  3  5 0  -1.28305E+01                
   20  T  7  4 1  -1.25706E+01                
   21  T  3  5 2  -1.20667E+01                
   22  T  2  6 2  -8.78779E+00                
   23  T  3  6 0  -7.92214E+00                
   24  T  4  5 1  -7.70287E+00                
   25  T  3  6 2  -7.51855E+00                
   26  T  8  4 0  -6.83997E+00                
   27  T  2  7 2  -6.08314E+00                
   28  T  5  5 1  -5.50543E+00                
   29  T  8  4 2  -5.43825E+00                
   30  T  5  5 3  -5.07360E+00                
   31  T  3  7 0  -5.03519E+00                
   32  T  3  7 2  -4.79242E+00                
   33  T  2  8 2  -4.33341E+00                
   34  T  6  5 1  -4.23002E+00                
   35  T  7  5 1  -3.60616E+00                
   36  T  3  8 0  -3.18921E+00                
   37  T  2  9 2  -3.13605E+00                
   38  T  4  6 1  -3.04576E+00                
   39  T  3  8 2  -3.02983E+00                
   40  T  2 10 2  -2.28186E+00                
    3    2    1   40                          
    1  0.000000E+00                           
    1  T  2  3 0  -4.48896E+01                
    2  T  1  3 2  -4.11814E+01                
    3  T  2  3 2  -3.99309E+01                
    4  T  3  3 2  -3.88703E+01                
    5  T  4  3 1  -3.65079E+01                
    6  T  5  3 1  -3.42571E+01                
    7  T  7  3 1  -3.25200E+01                
    8  T  8  3 2  -2.39464E+01                
    9  T  2  4 0  -2.35690E+01                
   10  T  1  4 2  -2.29362E+01                
   11  T  2  4 2  -2.17455E+01                
   12  T  3  4 2  -2.04614E+01                
   13  T  4  4 1  -1.67389E+01                
   14  T  4  4 3  -1.54177E+01                
   15  T  1  5 2  -1.45994E+01                
   16  T  5  4 1  -1.45150E+01                
   17  T  2  5 0  -1.41077E+01                
   18  T  2  5 2  -1.33463E+01                
   19  T  5  4 3  -1.32184E+01                
   20  T  7  4 1  -1.25646E+01                
   21  T  3  5 2  -1.20292E+01                
   22  T  7  4 3  -1.11785E+01                
   23  T  1  6 2  -1.01086E+01                
   24  T  2  6 0  -9.24539E+00                
   25  T  2  6 2  -8.81854E+00                
   26  T  4  5 1  -7.80143E+00                
   27  T  3  6 2  -7.50429E+00                
   28  T  1  7 2  -7.40530E+00                
   29  T  4  5 3  -7.31812E+00                
   30  T  2  7 0  -6.36533E+00                
   31  T  2  7 2  -6.10368E+00                
   32  T  1  8 2  -5.66831E+00                
   33  T  5  5 1  -5.51955E+00                
   34  T  8  4 2  -5.26980E+00                
   35  T  5  5 3  -5.05028E+00                
   36  T  3  7 2  -4.77856E+00                
   37  T  2  8 0  -4.51672E+00                
   38  T  1  9 2  -4.47680E+00                
   39  T  2  8 2  -4.34413E+00                
   40  T  1 10 2  -3.62364E+00                
    3    3    1   28                          
    2  1.347252E+00                           
    1  T  2  3 2  -4.04320E+01                
    2  T  3  3 2  -3.92125E+01                
    3  T  5  3 1  -3.45696E+01                
    4  T  8  3 2  -2.43192E+01                
    5  T  2  4 2  -2.18605E+01                
    6  T  3  4 2  -2.05790E+01                
    7  T  4  4 3  -1.55008E+01                
    8  T  5  4 1  -1.45603E+01                
    9  T  2  5 2  -1.33928E+01                
   10  T  5  4 3  -1.32104E+01                
   11  T  3  5 2  -1.20902E+01                
   12  T  6  4 3  -1.19425E+01                
   13  T  7  4 3  -1.12675E+01                
   14  T  2  6 2  -8.84338E+00                
   15  T  3  6 2  -7.52909E+00                
   16  T  4  5 3  -7.35169E+00                
   17  T  2  7 2  -6.11761E+00                
   18  T  5  5 1  -5.59395E+00                
   19  T  8  4 2  -5.34442E+00                
   20  T  5  5 3  -5.03270E+00                
   21  T  3  7 2  -4.79801E+00                
   22  T  2  8 2  -4.35546E+00                
   23  T  6  5 3  -3.74758E+00                
   24  T  2  9 2  -3.15304E+00                
   25  T  7  5 3  -3.14454E+00                
   26  T  3  8 2  -3.03411E+00                
   27  T  4  6 3  -2.90981E+00                
   28  T  2 10 2  -2.29339E+00                
    3    4    1   12                          
    1  0.000000E+00                           
    1  T  2  3 2  -4.02555E+01                
    2  T  2  4 2  -2.18199E+01                
    3  T  4  4 3  -1.54703E+01                
    4  T  2  5 2  -1.33775E+01                
    5  T  5  4 3: -1.32179E+01                
    6  T  2  5 4: -1.30191E+01                
    7  T  7  4 3  -1.12123E+01                
    8  T  2  6 2  -8.83356E+00                
    9  T  4  5 3  -7.31895E+00                
   10  T  2  7 2  -6.11112E+00                
   11  T  5  5 3  -5.03252E+00                
   12  T  2  8 2  -4.35193E+00                
    3    5    1    2                          
    2  1.347252E+00                           
    1  T  5  4 3  -1.32812E+01                
    2  T  5  5 3  -5.07407E+00                
    5    1    0   14                          
    1  0.000000E+00                           
    1  T  1  3 1  -4.42658E+01                
    2  T  4  3 0  -3.90082E+01                
    3  T  4  3 2  -3.46726E+01                
    4  T  1  4 1  -2.40859E+01                
    5  T  4  4 0  -1.77627E+01                
    6  T  4  4 2  -1.60639E+01                
    7  T  1  5 1  -1.50410E+01                
    8  T  1  6 1  -1.03365E+01                
    9  T  4  5 0  -8.33997E+00                
   10  T  1  7 1  -7.60345E+00                
   11  T  4  5 2  -7.60345E+00                
   12  T  1  8 1  -5.75326E+00                
   13  T  1  9 1  -4.53398E+00                
   14  T  1 10 1  -3.66642E+00                
    5    2    0    8                          
    4  7.157547E+00                           
    1  T  4  3 2  -3.52404E+01                
    2  T  4  4 2  -1.62306E+01                
    3  T  4  5 2  -7.66475E+00                
    4  T  4  6 2  -3.07651E+00                
    5  T  4  7 2  -3.32949E-01                
    6  T  4  8 2   1.43736E+00                
    7  T  4  9 2   2.64619E+00                
    8  T  4 10 2   3.50839E+00                
    5    3    0   10                          
    1  0.000000E+00                           
    1  T  4  3 2  -3.48931E+01                
    2  T  1  4 3  -2.26233E+01                
    3  T  4  4 2  -1.61185E+01                
    4  T  1  5 3  -1.44988E+01                
    5  T  1  6 3  -1.00637E+01                
    6  T  4  5 2  -7.61287E+00                
    7  T  1  7 3  -7.38826E+00                
    8  T  1  8 3  -5.65441E+00                
    9  T  1  9 3  -4.46629E+00                
   10  T  1 10 3  -3.61693E+00                
    5    0    1   11                          
    1  0.000000E+00                           
    1  T  1  3 0  -4.63690E+01                
    2  T  4  3 1  -3.64570E+01                
    3  T  1  4 0  -2.49594E+01                
    4  T  4  4 1  -1.67646E+01                
    5  T  1  5 0  -1.54901E+01                
    6  T  1  6 0  -1.06081E+01                
    7  T  4  5 1  -7.84518E+00                
    8  T  1  7 0  -7.84518E+00                
    9  T  1  8 0  -5.86816E+00                
   10  T  1  9 0  -4.61517E+00                
   11  T  1 10 0  -3.72545E+00                
    5    1    1    8                          
    4  7.157547E+00                           
    1  T  4  3 1  -3.71039E+01                
    2  T  4  4 1  -1.69395E+01                
    3  T  4  5 1  -7.90189E+00                
    4  T  4  6 1  -3.18019E+00                
    5  T  4  7 1  -3.89053E-01                
    6  T  4  8 1   1.40286E+00                
    7  T  4  9 1   2.62320E+00                
    8  T  4 10 1   3.49220E+00                
    5    2    1   13                          
    1  0.000000E+00                           
    1  T  1  3 2  -4.17836E+01                
    2  T  4  3 1  -3.68440E+01                
    3  T  1  4 2  -2.32237E+01                
    4  T  4  4 1  -1.68591E+01                
    5  T  4  4 3  -1.54475E+01                
    6  T  1  5 2  -1.47489E+01                
    7  T  1  6 2  -1.01963E+01                
    8  T  4  5 1  -7.86298E+00                
    9  T  1  7 2  -7.46718E+00                
   10  T  4  5 3  -7.33783E+00                
   11  T  1  8 2  -5.70542E+00                
   12  T  1  9 2  -4.50120E+00                
   13  T  1 10 2  -3.64191E+00                
    5    3    1    7                          
    4  7.157547E+00                           
    1  T  4  4 3  -1.55443E+01                
    2  T  4  5 3  -7.36963E+00                
    3  T  4  6 3  -2.92313E+00                
    4  T  4  7 3  -2.43988E-01                
    5  T  4  8 3   1.49351E+00                
    6  T  4  9 3   2.68400E+00                
    7  T  4 10 3   3.53513E+00                
    5    4    1    3                          
    1  0.000000E+00                           
    1  T  4  4 3  -1.54876E+01                
    2  T  1  7 4: -7.39021E+00                
    3  T  4  5 3: -7.31704E+00 :WAS T 4 4 3   
    0    0    0    0                          
