   26   15    E
    2    0    1   22
    1  0.000000E+00
    1  T  5  3 2  -1.77073E+01
    2  T  7  3 2: -1.60322E+01
    3  C  4  0 0: -1.50439E+01
    4  T  1  4 1  -1.19031E+01
    5  C  7  0 0  -1.06346E+01
    6  C  7  0 0  -9.52143E+00
    7  C  9  0 0: -8.93812E+00
    8  T  8  4 0  -8.78044E+00
    9  T  5  4 2  -7.71495E+00
   10  C  9  0 0: -7.23902E+00
   11  T  1  5 1  -7.08201E+00
   12  T  7  4 2  -6.97555E+00
   13  C  9  0 0  -6.52900E+00
   14  T  1  6 1  -4.74388E+00
   15  T  5  5 2  -3.85263E+00
   16  T  8  5 0  -3.73869E+00
   17  T  1  7 1  -3.36878E+00
   18  T  7  5 2  -3.14804E+00
   19  T  1  8 1  -2.54248E+00
   20  T  1  9 1  -1.98305E+00
   21  T  5  6 2  -1.82622E+00
   22  T  1 10 1  -1.58891E+00
    2    0    0   29
    2  3.157920E-01
    1  C  2  0 0  -2.05302E+01
    2  T  2  3 2  -1.88441E+01
    3  C  5  0 0  -1.40177E+01
    4  C  6  0 0  -1.22726E+01
    5  T  3  4 0  -1.19489E+01
    6  C  6  0 0  -1.18736E+01
    7  C  6  0 0: -1.11972E+01
    8  C  6  0 0: -1.01659E+01
    9  T  2  4 2  -9.75849E+00
   10  T  6  4 1  -8.38286E+00
   11  T  9  4 1  -7.61325E+00
   12  C 10  0 0: -6.80082E+00
   13  T  3  5 0  -6.74420E+00
   14  T  2  5 2  -5.96135E+00
   15  C 10  0 0: -5.13730E+00
   16  C 10  0 0: -4.33090E+00
   17  T  3  6 0  -4.23730E+00
   18  C 10  0 0: -4.11162E+00
   19  T  2  6 2  -3.99756E+00
   20  T  6  5 1  -3.96035E+00
   21  T  9  5 1  -3.10449E+00
   22  T  2  7 2  -2.81327E+00
   23  T  3  7 0  -2.78201E+00
   24  T  2  8 2  -2.05979E+00
   25  T  3  8 0  -1.91398E+00
   26  T  6  6 1  -1.73203E+00
   27  T  2  9 2  -1.54986E+00
   28  T  3  9 0  -1.32673E+00
   29  T  2 10 2  -1.18822E+00
    2    1    1   61
    1  0.000000E+00
    1  C  1  0 0  -2.34411E+01
    2  C  3  0 0  -1.85218E+01
    3  T  5  3 2  -1.68171E+01
    4  T  6  3 2  -1.62597E+01
    5  T  7  3 2  -1.59527E+01
    6  T  9  3 2  -1.55477E+01
    7  C  4  0 0  -1.47650E+01
    8  C  4  0 0  -1.46358E+01
    9  C  4  0 0  -1.38961E+01
   10  T  1  4 1  -1.15047E+01
   11  T  2  4 1  -1.10753E+01
   12  T  3  4 1  -1.08868E+01
   13  C  7  0 0  -1.07205E+01
   14  C  7  0 0  -1.02257E+01
   15  C  7  0 0: -9.68747E+00
   16  T  6  4 0  -9.53733E+00
   17  C  7  0 0  -9.25176E+00
   18  C  7  0 0: -9.14499E+00
   19  T  2  4 3  -8.78079E+00
   20  T  9  4 0  -8.67638E+00
   21  C  7  0 0  -8.48808E+00
   22  C  7  0 0: -8.33693E+00
   23  C  9  0 0: -8.05733E+00
   24  C  9  0 0  -7.82347E+00
   25  T  5  4 2  -7.69258E+00
   26  C  9  0 0: -7.61378E+00
   27  C  9  0 0  -7.47418E+00
   28  T  6  4 2  -7.19311E+00
   29  C  9  0 0  -7.16125E+00
   30  T  7  4 2  -7.03926E+00
   31  T  1  5 1  -6.89337E+00
   32  T  2  5 1  -6.61726E+00
   33  T  9  4 2  -6.34742E+00
   34  T  3  5 1  -6.23555E+00
   35  C  9  0 0  -6.21576E+00
   36  C  9  0 0  -6.07311E+00
   37  T  2  5 3  -5.53050E+00
   38  T  1  6 1  -4.64193E+00
   39  T  6  5 0  -4.51386E+00
   40  T  2  6 1  -4.34470E+00
   41  T  3  6 1  -3.97515E+00
   42  T  5  5 2  -3.82730E+00
   43  T  2  6 3  -3.74420E+00
   44  T  9  5 0  -3.57271E+00
   45  T  6  5 2  -3.41550E+00
   46  T  1  7 1  -3.33116E+00
   47  T  7  5 2  -3.15748E+00
   48  T  2  7 1  -3.02426E+00
   49  T  2  7 3  -2.67116E+00
   50  T  3  7 1  -2.64631E+00
   51  T  1  8 1  -2.50915E+00
   52  T  9  5 2  -2.46409E+00
   53  T  2  8 1  -2.20266E+00
   54  T  6  6 0  -2.02319E+00
   55  T  2  8 3  -1.96273E+00
   56  T  1  9 1  -1.95795E+00
   57  T  3  8 1  -1.81536E+00
   58  T  5  6 2  -1.81106E+00
   59  T  2  9 1  -1.64859E+00
   60  T  1 10 1  -1.56987E+00
   61  T  2  9 3  -1.48245E+00
    2    1    0   61
    1  0.000000E+00
    1  C  2  0 0  -2.06227E+01
    2  T  1  3 2  -1.95283E+01
    3  T  2  3 2  -1.88311E+01
    4  C  5  0 0  -1.47782E+01
    5  C  5  0 0  -1.35475E+01
    6  C  6  0 0: -1.29642E+01
    7  C  6  0 0  -1.26167E+01
    8  T  1  4 0  -1.25252E+01
    9  C  6  0 0  -1.21929E+01
   10  C  6  0 0: -1.20766E+01
   11  C  6  0 0  -1.19110E+01
   12  C  6  0 0  -1.15189E+01
   13  C  6  0 0  -1.10638E+01
   14  C  6  0 0: -1.05167E+01
   15  T  1  4 2  -1.03294E+01
   16  C  8  0 0  -1.02643E+01
   17  T  2  4 2  -9.84901E+00
   18  T  5  4 1  -9.15195E+00
   19  T  6  4 1  -8.64337E+00
   20  T  7  4 1  -8.36681E+00
   21  T  8  4 1  -7.78790E+00
   22  T  9  4 1  -7.62582E+00
   23  T  1  5 0  -7.39977E+00
   24  C 10  0 0: -6.74289E+00
   25  T  5  4 3  -6.72099E+00
   26  T  1  5 2  -6.37427E+00
   27  C 10  0 0: -6.09628E+00
   28  T  7  4 3  -6.01876E+00
   29  T  2  5 2  -5.99406E+00
   30  C 10  0 0  -5.85004E+00
   31  C 10  0 0  -5.57620E+00
   32  C 10  0 0  -5.29756E+00
   33  T  1  6 0  -4.92248E+00
   34  C 10  0 0: -4.78379E+00
   35  C 10  0 0  -4.68993E+00
   36  C 10  0 0: -4.50328E+00
   37  T  5  5 1  -4.49384E+00
   38  T  1  6 2  -4.35306E+00
   39  T  6  5 1  -4.09597E+00
   40  T  2  6 2  -4.00217E+00
   41  T  7  5 1  -3.78740E+00
   42  T  1  7 0  -3.50910E+00
   43  T  5  5 3  -3.39424E+00
   44  T  8  5 1  -3.27920E+00
   45  C 10  0 0: -3.16681E+00
   46  T  1  7 2  -3.13467E+00
   47  T  9  5 1  -3.10438E+00
   48  T  2  7 2  -2.81314E+00
   49  T  7  5 3  -2.71015E+00
   50  T  1  8 0  -2.61882E+00
   51  T  1  8 2  -2.39158E+00
   52  T  5  6 1  -2.17447E+00
   53  T  2  8 2  -2.06500E+00
   54  T  1  9 0  -2.03320E+00
   55  T  1  9 2  -1.87781E+00
   56  T  6  6 1  -1.79413E+00
   57  T  1 10 0  -1.62505E+00
   58  T  5  6 3  -1.57968E+00
   59  T  2  9 2  -1.55374E+00
   60  T  1 10 2  -1.51391E+00
   61  T  7  6 1  -1.48901E+00
    2    2    1   74
    1  0.000000E+00
    1  C  1  0 0  -2.37113E+01
    2  T  6  3 2  -1.72391E+01
    3  T  7  3 2: -1.68836E+01
    4  T  5  3 2: -1.63477E+01
    5  T  9  3 2  -1.60611E+01
    6  C  4  0 0: -1.53885E+01
    7  T  8  3 2  -1.51773E+01
    8  C  4  0 0  -1.45686E+01
    9  C  4  0 0  -1.41420E+01
   10  T  1  4 1  -1.16230E+01
   11  T  2  4 1  -1.12516E+01
   12  C  7  0 0: -1.11472E+01
   13  C  7  0 0: -1.04675E+01
   14  C  7  0 0: -9.97995E+00
   15  T  5  4 0  -9.89123E+00
   16  C  7  0 0: -9.74315E+00
   17  C  7  0 0  -9.54411E+00
   18  C  7  0 0  -9.49768E+00
   19  T  7  4 0  -9.36082E+00
   20  T  1  4 3  -9.31410E+00
   21  C  7  0 0: -9.07451E+00
   22  C  7  0 0: -8.87756E+00
   23  T  2  4 3  -8.86389E+00
   24  C  9  0 0: -8.53170E+00
   25  C  9  0 0: -8.31537E+00
   26  C  9  0 0: -8.19857E+00
   27  C  9  0 0: -7.92221E+00
   28  T  5  4 2  -7.66403E+00
   29  C  9  0 0: -7.51618E+00
   30  C  9  0 0: -7.46442E+00
   31  T  6  4 2  -7.29114E+00
   32  C  9  0 0: -7.16079E+00
   33  T  7  4 2  -7.01559E+00
   34  T  1  5 1  -6.97989E+00
   35  C  9  0 0: -6.88169E+00
   36  T  2  5 1  -6.68223E+00
   37  C  9  0 0: -6.50517E+00
   38  T  8  4 2  -6.46584E+00
   39  T  9  4 2  -6.31716E+00
   40  C  9  0 0: -6.07239E+00
   41  T  1  5 3  -5.93299E+00
   42  T  2  5 3  -5.57071E+00
   43  T  5  5 0  -4.88297E+00
   44  T  1  6 1  -4.67193E+00
   45  T  2  6 1  -4.38378E+00
   46  T  7  5 0  -4.24816E+00
   47  T  1  6 3  -4.10250E+00
   48  T  5  5 2  -3.81750E+00
   49  T  2  6 3  -3.76528E+00
   50  T  6  5 2  -3.45958E+00
   51  T  1  7 1  -3.34848E+00
   52  T  5  5 4  -3.26354E+00
   53  T  7  5 2  -3.16515E+00
   54  T  2  7 1  -3.04247E+00
   55  T  1  7 3  -3.00374E+00
   56  T  2  7 3  -2.67729E+00
   57  T  8  5 2  -2.66340E+00
   58  T  7  5 4  -2.58930E+00
   59  T  1  8 1  -2.51424E+00
   60  T  9  5 2  -2.47342E+00
   61  T  5  6 0  -2.39624E+00
   62  T  1  8 3  -2.29384E+00
   63  T  2  8 1  -2.21231E+00
   64  T  2  8 3  -1.97083E+00
   65  T  1  9 1  -1.96508E+00
   66  T  5  6 2  -1.81278E+00
   67  T  1  9 3  -1.80813E+00
   68  T  7  6 0  -1.74848E+00
   69  T  2  9 1  -1.65462E+00
   70  T  1 10 1  -1.57505E+00
   71  T  5  6 4  -1.50487E+00
   72  T  2  9 3  -1.48854E+00
   73  T  1 10 3  -1.46187E+00
   74  T  6  6 2  -1.44289E+00
    2    2    0   82
    1  0.000000E+00
    1  C  2  0 0  -2.11491E+01
    2  T  3  3 2  -1.92710E+01
    3  T  2  3 2  -1.90534E+01
    4  T  1  3 2  -1.85964E+01
    5  C  5  0 0  -1.47488E+01
    6  C  6  0 0: -1.36884E+01
    7  C  5  0 0  -1.36804E+01
    8  C  5  0 0: -1.32794E+01
    9  C  6  0 0: -1.27133E+01
   10  C  6  0 0: -1.26447E+01
   11  T  2  4 0  -1.23346E+01
   12  C  6  0 0: -1.22252E+01
   13  C  6  0 0: -1.21629E+01
   14  C  6  0 0: -1.19768E+01
   15  C  6  0 0: -1.17222E+01
   16  C  6  0 0: -1.15800E+01
   17  C  6  0 0: -1.14700E+01
   18  C  6  0 0: -1.11397E+01
   19  C  6  0 0  -1.06612E+01
   20  C  8  0 0  -1.02148E+01
   21  T  1  4 2  -1.00748E+01
   22  T  2  4 2  -9.96362E+00
   23  C  8  0 0  -9.79550E+00
   24  T  3  4 2  -9.48987E+00
   25  T  5  4 1  -8.85778E+00
   26  T  6  4 1  -8.61175E+00
   27  T  7  4 1  -8.34173E+00
   28  T  9  4 1  -7.72280E+00
   29  T  2  5 0  -7.13435E+00
   30  C 10  0 0: -6.80422E+00
   31  T  5  4 3  -6.68305E+00
   32  T  1  5 2  -6.28989E+00
   33  C 10  0 0  -6.27294E+00
   34  T  6  4 3  -6.14569E+00
   35  T  7  4 3  -6.08100E+00
   36  T  2  5 2  -6.02218E+00
   37  C 10  0 0: -5.96211E+00
   38  C 10  0 0: -5.68324E+00
   39  T  3  5 2  -5.65337E+00
   40  C 10  0 0: -5.64625E+00
   41  T  9  4 3: -5.55210E+00
   42  C 10  0 0  -5.31972E+00
   43  T  2  5 4: -5.20556E+00
   44  C 10  0 0: -5.04553E+00
   45  C 10  0 0  -4.88335E+00
   46  C 10  0 0: -4.84628E+00
   47  T  2  6 0  -4.62731E+00
   48  C 10  0 0: -4.52147E+00
   49  T  5  5 1  -4.38799E+00
   50  T  1  6 2  -4.30256E+00
   51  C 10  0 0: -4.12891E+00
   52  T  6  5 1  -4.06841E+00
   53  T  2  6 2  -4.03089E+00
   54  C 10  0 0: -3.95185E+00
   55  T  7  5 1  -3.79360E+00
   56  T  2  6 4  -3.66647E+00
   57  T  3  6 2  -3.62177E+00
   58  T  5  5 3  -3.36776E+00
   59  T  2  7 0  -3.20873E+00
   60  C 10  0 0: -3.19698E+00
   61  T  1  7 2  -3.12721E+00
   62  T  9  5 1  -3.10693E+00
   63  T  6  5 3  -2.93919E+00
   64  T  2  7 2  -2.83186E+00
   65  T  7  5 3  -2.72093E+00
   66  T  2  7 4  -2.61730E+00
   67  T  3  7 2  -2.43488E+00
   68  T  1  8 2  -2.37468E+00
   69  T  2  8 0  -2.30975E+00
   70  T  5  6 1  -2.12797E+00
   71  T  2  8 2  -2.07413E+00
   72  T  9  5 3  -2.05476E+00
   73  T  2  8 4  -1.91602E+00
   74  T  1  9 2  -1.86535E+00
   75  T  6  6 1  -1.78022E+00
   76  T  2  9 0  -1.72334E+00
   77  T  3  8 2  -1.67410E+00
   78  T  5  6 3  -1.56434E+00
   79  T  2  9 2  -1.55939E+00
   80  T  1 10 2  -1.50497E+00
   81  T  7  6 1  -1.49519E+00
   82  T  2  9 4  -1.45682E+00
    2    3    1   62
    1  0.000000E+00
    1  T  5  3 2: -1.70394E+01
    2  T  6  3 2  -1.67130E+01
    3  T  7  3 2: -1.62575E+01
    4  T  9  3 2  -1.59948E+01
    5  C  4  0 0  -1.54917E+01
    6  C  4  0 0  -1.48159E+01
    7  C  4  0 0: -1.44204E+01
    8  T  2  4 1  -1.13355E+01
    9  C  7  0 0: -1.09270E+01
   10  C  7  0 0: -1.03680E+01
   11  C  7  0 0  -1.02706E+01
   12  C  7  0 0: -9.72413E+00
   13  C  7  0 0: -9.53426E+00
   14  C  7  0 0  -9.29765E+00
   15  C  7  0 0: -9.13241E+00
   16  T  2  4 3: -9.04710E+00
   17  T  1  4 3: -9.00092E+00
   18  C  7  0 0: -8.81632E+00
   19  T  3  4 3  -8.51940E+00
   20  C  9  0 0: -8.37684E+00
   21  C  9  0 0  -8.10036E+00
   22  C  9  0 0: -7.98507E+00
   23  C  9  0 0  -7.66763E+00
   24  T  5  4 2  -7.63439E+00
   25  C  9  0 0  -7.58303E+00
   26  T  6  4 2  -7.25360E+00
   27  C  9  0 0  -7.17589E+00
   28  T  7  4 2  -7.02946E+00
   29  C  9  0 0  -6.98261E+00
   30  T  2  5 1  -6.70045E+00
   31  C  9  0 0: -6.68936E+00
   32  C  9  0 0: -6.58234E+00
   33  T  9  4 2  -6.31450E+00
   34  T  1  5 3  -5.81046E+00
   35  T  2  5 3  -5.62561E+00
   36  T  3  5 3  -5.20237E+00
   37  T  2  6 1  -4.37542E+00
   38  T  1  6 3  -4.04069E+00
   39  T  5  5 2  -3.80860E+00
   40  T  2  6 3  -3.79022E+00
   41  T  6  5 2  -3.43943E+00
   42  T  3  6 3  -3.38468E+00
   43  T  5  5 4  -3.26479E+00
   44  T  7  5 2  -3.17057E+00
   45  T  2  7 1  -3.04381E+00
   46  T  1  7 3  -2.96776E+00
   47  T  6  5 4  -2.86890E+00
   48  T  2  7 3  -2.69037E+00
   49  T  7  5 4  -2.59294E+00
   50  T  9  5 2  -2.47733E+00
   51  T  3  7 3  -2.29119E+00
   52  T  1  8 3  -2.26908E+00
   53  T  2  8 1  -2.20921E+00
   54  T  2  8 3  -1.97942E+00
   55  T  9  5 4  -1.90049E+00
   56  T  5  6 2  -1.80604E+00
   57  T  1  9 3  -1.79303E+00
   58  T  2  9 1  -1.65474E+00
   59  T  3  8 3  -1.58120E+00
   60  T  5  6 4  -1.50179E+00
   61  T  2  9 3  -1.49303E+00
   62  T  1 10 3  -1.45111E+00
    2    3    0   67
    1  0.000000E+00
    1  T  2  3 2  -2.00547E+01
    2  T  1  3 2  -1.87990E+01
    3  C  5  0 0  -1.43831E+01
    4  C  5  0 0  -1.41408E+01
    5  C  6  0 0: -1.30283E+01
    6  C  6  0 0  -1.28939E+01
    7  C  6  0 0: -1.24854E+01
    8  C  6  0 0: -1.23273E+01
    9  C  6  0 0: -1.22625E+01
   10  C  6  0 0: -1.18427E+01
   11  C  6  0 0  -1.15457E+01
   12  C  6  0 0: -1.14984E+01
   13  C  6  0 0: -1.07986E+01
   14  T  1  4 2  -1.02249E+01
   15  C  8  0 0  -1.01593E+01
   16  T  2  4 2  -9.99601E+00
   17  T  5  4 1  -9.05831E+00
   18  T  7  4 1  -8.42085E+00
   19  C 10  0 0: -6.85879E+00
   20  T  5  4 3  -6.64234E+00
   21  T  1  5 2  -6.36246E+00
   22  T  6  4 3  -6.31457E+00
   23  C 10  0 0  -6.26793E+00
   24  T  2  5 2  -6.11803E+00
   25  C 10  0 0: -6.07829E+00
   26  T  7  4 3  -6.03187E+00
   27  C 10  0 0: -5.86529E+00
   28  T  1  5 4  -5.86303E+00
   29  C 10  0 0: -5.71822E+00
   30  C 10  0 0  -5.61859E+00
   31  T  2  5 4  -5.56236E+00
   32  T  8  4 3  -5.39770E+00
   33  T  9  4 3  -5.26629E+00
   34  C 10  0 0  -5.26302E+00
   35  C 10  0 0: -5.08675E+00
   36  C 10  0 0: -5.01869E+00
   37  C 10  0 0: -4.62480E+00
   38  T  5  5 1  -4.47564E+00
   39  C 10  0 0: -4.37244E+00
   40  T  1  6 2  -4.32885E+00
   41  C 10  0 0: -4.13163E+00
   42  T  2  6 2  -4.04436E+00
   43  T  1  6 4  -4.00748E+00
   44  T  7  5 1  -3.80600E+00
   45  T  2  6 4  -3.68698E+00
   46  T  5  5 3  -3.34348E+00
   47  T  1  7 2  -3.14496E+00
   48  T  6  5 3  -3.01684E+00
   49  T  1  7 4  -2.94973E+00
   50  T  2  7 2  -2.84452E+00
   51  T  7  5 3  -2.72951E+00
   52  T  2  7 4  -2.62563E+00
   53  T  1  8 2  -2.39046E+00
   54  T  1  8 4  -2.28423E+00
   55  T  8  5 3  -2.18376E+00
   56  T  5  6 1  -2.17052E+00
   57  T  2  8 2  -2.08067E+00
   58  T  9  5 3  -2.05006E+00
   59  T  2  8 4  -1.92921E+00
   60  T  1  9 2  -1.87092E+00
   61  T  1  9 4  -1.77970E+00
   62  T  2  9 2  -1.56636E+00
   63  T  5  6 3  -1.55060E+00
   64  T  1 10 2  -1.51110E+00
   65  T  7  6 1  -1.49817E+00
   66  T  2  9 4  -1.46362E+00
   67  T  1 10 4  -1.44298E+00
    2    4    1   40
    1  0.000000E+00
    1  T  5  3 2  -1.73675E+01
    2  T  7  3 2  -1.66827E+01
    3  C  4  0 0  -1.52461E+01
    4  C  4  0 0  -1.44270E+01
    5  C  7  0 0  -1.06469E+01
    6  C  7  0 0  -1.03145E+01
    7  C  7  0 0: -1.01566E+01
    8  C  7  0 0  -9.52063E+00
    9  C  7  0 0  -9.42436E+00
   10  T  1  4 3  -9.26532E+00
   11  T  2  4 3  -8.97591E+00
   12  C  9  0 0  -8.51591E+00
   13  C  9  0 0  -8.38869E+00
   14  C  9  0 0  -8.02771E+00
   15  C  9  0 0  -7.80480E+00
   16  T  5  4 2  -7.68209E+00
   17  C  9  0 0  -7.34971E+00
   18  C  9  0 0  -7.11592E+00
   19  T  7  4 2  -7.04378E+00
   20  C  9  0 0  -6.76663E+00
   21  T  1  5 3  -5.89749E+00
   22  T  2  5 3  -5.62991E+00
   23  T  1  6 3  -4.08251E+00
   24  T  5  5 2  -3.83264E+00
   25  T  2  6 3  -3.79669E+00
   26  T  5  5 4  -3.25665E+00
   27  T  7  5 2  -3.17293E+00
   28  T  1  7 3  -2.99215E+00
   29  T  6  5 4  -2.88809E+00
   30  T  2  7 3  -2.69547E+00
   31  T  7  5 4  -2.59459E+00
   32  T  1  8 3  -2.28605E+00
   33  T  8  5 4  -2.09998E+00
   34  T  2  8 3  -1.98350E+00
   35  T  9  5 4  -1.90091E+00
   36  T  5  6 2  -1.81978E+00
   37  T  1  9 3  -1.80310E+00
   38  T  2  9 3  -1.49936E+00
   39  T  5  6 4  -1.49431E+00
   40  T  1 10 3  -1.45807E+00
    2    4    0   49
    1  0.000000E+00
    1  T  2  3 2  -1.96086E+01
    2  C  5  0 0  -1.46412E+01
    3  C  6  0 0  -1.36524E+01
    4  C  6  0 0  -1.28533E+01
    5  C  6  0 0: -1.25015E+01
    6  C  6  0 0: -1.21391E+01
    7  C  6  0 0  -1.18844E+01
    8  C  6  0 0  -1.16522E+01
    9  C  6  0 0  -1.12065E+01
   10  C  8  0 0  -1.05259E+01
   11  T  2  4 2  -9.87982E+00
   12  C 10  0 0: -6.84872E+00
   13  T  5  4 3  -6.61038E+00
   14  C 10  0 0: -6.55213E+00
   15  T  6  4 3  -6.27199E+00
   16  C 10  0 0  -6.14378E+00
   17  T  7  4 3  -6.12417E+00
   18  T  2  5 2  -6.02442E+00
   19  C 10  0 0  -5.78555E+00
   20  T  1  5 4  -5.72675E+00
   21  C 10  0 0  -5.62025E+00
   22  T  2  5 4  -5.53463E+00
   23  C 10  0 0  -5.44850E+00
   24  T  9  4 3  -5.35351E+00
   25  C 10  0 0: -5.22546E+00
   26  T  3  5 4  -5.03349E+00
   27  C 10  0 0  -4.67555E+00
   28  C 10  0 0: -4.48341E+00
   29  T  2  6 2  -4.01374E+00
   30  T  1  6 4  -3.98806E+00
   31  C 10  0 0  -3.96345E+00
   32  T  2  6 4  -3.70496E+00
   33  T  5  5 3  -3.33846E+00
   34  T  3  6 4  -3.29840E+00
   35  T  6  5 3  -2.98540E+00
   36  T  1  7 4  -2.93082E+00
   37  T  2  7 2  -2.83142E+00
   38  T  7  5 3  -2.74784E+00
   39  T  2  7 4  -2.63146E+00
   40  T  1  8 4  -2.24699E+00
   41  T  3  7 4  -2.23885E+00
   42  T  2  8 2  -2.08698E+00
   43  T  9  5 3  -2.04099E+00
   44  T  2  8 4  -1.93990E+00
   45  T  1  9 4  -1.77538E+00
   46  T  2  9 2  -1.55669E+00
   47  T  5  6 3  -1.54923E+00
   48  T  3  8 4  -1.54390E+00
   49  T  2  9 4  -1.46813E+00
    4    0    1   24
    1  0.000000E+00
    1  C  1  0 0  -2.41307E+01
    2  T  5  3 2  -1.70684E+01
    3  C  4  0 0  -1.46505E+01
    4  T  1  4 1  -1.16146E+01
    5  T  4  4 0  -1.05211E+01
    6  C  7  0 0  -1.02123E+01
    7  C  7  0 0  -9.39711E+00
    8  T  8  4 0  -8.89592E+00
    9  C  9  0 0  -8.59682E+00
   10  C  9  0 0  -7.96586E+00
   11  T  5  4 2  -7.66725E+00
   12  C  9  0 0  -7.11215E+00
   13  T  1  5 1  -6.98609E+00
   14  T  4  5 0  -5.55646E+00
   15  T  1  6 1  -4.68693E+00
   16  T  5  5 2  -3.82947E+00
   17  T  8  5 0  -3.78165E+00
   18  T  1  7 1  -3.35306E+00
   19  T  4  6 0  -3.07913E+00
   20  T  1  8 1  -2.52531E+00
   21  T  1  9 1  -1.97170E+00
   22  T  5  6 2  -1.81796E+00
   23  T  4  7 0  -1.67497E+00
   24  T  1 10 1  -1.57761E+00
    4    0    0   11
    6  2.885039E+00
    1  C  6  0 0  -1.27354E+01
    2  C  6  0 0  -1.19879E+01
    3  T  6  4 1  -8.82178E+00
    4  C 10  0 0  -6.84673E+00
    5  C 10  0 0  -5.69594E+00
    6  T  6  5 1  -4.14135E+00
    7  T  6  6 1  -1.81546E+00
    8  T  6  7 1  -4.82860E-01
    9  T  6  8 1   3.52903E-01
   10  T  6  9 1   9.11789E-01
   11  T  6 10 1   1.30400E+00
    4    1    1   28
    1  0.000000E+00
    1  T  6  3 2  -1.72997E+01
    2  T  5  3 2  -1.70808E+01
    3  C  4  0 0  -1.54270E+01
    4  T  1  4 1  -1.16570E+01
    5  C  7  0 0  -1.12333E+01
    6  C  7  0 0  -1.04009E+01
    7  C  7  0 0  -1.00181E+01
    8  T  6  4 0  -9.75365E+00
    9  C  7  0 0  -9.56022E+00
   10  C  9  0 0  -9.18643E+00
   11  C  9  0 0  -8.76982E+00
   12  C  9  0 0  -8.30688E+00
   13  C  9  0 0  -8.03027E+00
   14  T  5  4 2  -7.73815E+00
   15  C  9  0 0  -7.46516E+00
   16  T  6  4 2  -7.31170E+00
   17  T  1  5 1  -6.99214E+00
   18  T  1  6 1  -4.70636E+00
   19  T  6  5 0  -4.57182E+00
   20  T  5  5 2  -3.84378E+00
   21  T  6  5 2  -3.46785E+00
   22  T  1  7 1  -3.35579E+00
   23  T  1  8 1  -2.52831E+00
   24  T  6  6 0  -2.06267E+00
   25  T  1  9 1  -1.96953E+00
   26  T  5  6 2  -1.82094E+00
   27  T  1 10 1  -1.57870E+00
   28  T  6  6 2  -1.44933E+00
    4    1    0   47
    1  0.000000E+00
    1  C  2  0 0  -2.17284E+01
    2  T  1  3 2  -1.94172E+01
    3  C  5  0 0  -1.47137E+01
    4  C  6  0 0: -1.38206E+01
    5  C  6  0 0  -1.33934E+01
    6  C  6  0 0  -1.30245E+01
    7  T  1  4 0  -1.26638E+01
    8  C  6  0 0  -1.26321E+01
    9  C  6  0 0: -1.21746E+01
   10  C  6  0 0  -1.20681E+01
   11  C  6  0 0  -1.17311E+01
   12  C  8  0 0  -1.04701E+01
   13  T  1  4 2  -1.03180E+01
   14  T  4  4 1  -9.67468E+00
   15  T  5  4 1  -8.96197E+00
   16  T  6  4 1  -8.68086E+00
   17  T  8  4 1  -7.97029E+00
   18  T  1  5 0  -7.46499E+00
   19  C 10  0 0  -6.82697E+00
   20  T  5  4 3  -6.71087E+00
   21  C 10  0 0  -6.52471E+00
   22  T  1  5 2  -6.37416E+00
   23  C 10  0 0: -5.91949E+00
   24  C 10  0 0: -5.66883E+00
   25  C 10  0 0  -5.47508E+00
   26  T  4  5 1  -5.12466E+00
   27  C 10  0 0  -5.01145E+00
   28  T  1  6 0  -4.95165E+00
   29  C 10  0 0  -4.70826E+00
   30  T  5  5 1  -4.44967E+00
   31  T  1  6 2  -4.35572E+00
   32  T  6  5 1  -4.09726E+00
   33  T  1  7 0  -3.52173E+00
   34  T  5  5 3  -3.39242E+00
   35  T  8  5 1  -3.34416E+00
   36  T  1  7 2  -3.13908E+00
   37  T  4  6 1  -2.84095E+00
   38  T  1  8 0  -2.62924E+00
   39  T  1  8 2  -2.39165E+00
   40  T  5  6 1  -2.16288E+00
   41  T  1  9 0  -2.03926E+00
   42  T  1  9 2  -1.87830E+00
   43  T  6  6 1  -1.79654E+00
   44  T  1 10 0  -1.62837E+00
   45  T  5  6 3  -1.57911E+00
   46  T  4  7 1  -1.52769E+00
   47  T  1 10 2  -1.51082E+00
    4    2    1   49
    1  0.000000E+00
    1  T  5  3 2  -1.81069E+01
    2  T  6  3 2  -1.72526E+01
    3  T  4  3 2  -1.68444E+01
    4  T  8  3 2  -1.64032E+01
    5  C  4  0 0  -1.55773E+01
    6  C  4  0 0  -1.50563E+01
    7  T  1  4 1  -1.17386E+01
    8  C  7  0 0  -1.11714E+01
    9  C  7  0 0  -1.04735E+01
   10  C  7  0 0  -1.01966E+01
   11  T  5  4 0  -1.01254E+01
   12  C  7  0 0: -1.01004E+01
   13  C  7  0 0: -9.70641E+00
   14  C  9  0 0  -9.35257E+00
   15  T  1  4 3  -9.31575E+00
   16  C  9  0 0  -8.89065E+00
   17  C  9  0 0: -8.68266E+00
   18  C  9  0 0  -8.45736E+00
   19  T  4  4 2  -8.33076E+00
   20  C  9  0 0  -8.25110E+00
   21  C  9  0 0: -8.17548E+00
   22  T  5  4 2  -7.72192E+00
   23  T  6  4 2  -7.32950E+00
   24  C  9  0 0  -7.29334E+00
   25  C  9  0 0  -7.25707E+00
   26  T  1  5 1  -7.03385E+00
   27  T  8  4 2  -6.54904E+00
   28  T  1  5 3  -5.93810E+00
   29  T  5  5 0  -4.96528E+00
   30  T  1  6 1  -4.70147E+00
   31  T  4  5 2  -4.50611E+00
   32  T  1  6 3  -4.10603E+00
   33  T  5  5 2  -3.84713E+00
   34  T  6  5 2  -3.47241E+00
   35  T  1  7 1  -3.36485E+00
   36  T  5  5 4  -3.26361E+00
   37  T  1  7 3  -3.00650E+00
   38  T  8  5 2  -2.69409E+00
   39  T  1  8 1  -2.53178E+00
   40  T  4  6 2  -2.50460E+00
   41  T  5  6 0  -2.42996E+00
   42  T  1  8 3  -2.29570E+00
   43  T  1  9 1  -1.97424E+00
   44  T  5  6 2  -1.82661E+00
   45  T  1  9 3  -1.81008E+00
   46  T  1 10 1  -1.58239E+00
   47  T  5  6 4  -1.50493E+00
   48  T  1 10 3  -1.46386E+00
   49  T  6  6 2  -1.44698E+00
    4    2    0   35
    1  0.000000E+00
    1  T  1  3 2  -2.00508E+01
    2  C  5  0 0  -1.50716E+01
    3  C  6  0 0  -1.37844E+01
    4  C  6  0 0  -1.34047E+01
    5  C  6  0 0  -1.28204E+01
    6  C  6  0 0  -1.26335E+01
    7  C  6  0 0  -1.25474E+01
    8  C  6  0 0  -1.20781E+01
    9  C  6  0 0  -1.18407E+01
   10  T  1  4 2  -1.02062E+01
   11  T  5  4 1  -9.21396E+00
   12  T  6  4 1  -8.76818E+00
   13  C 10  0 0  -7.18767E+00
   14  C 10  0 0: -6.89955E+00
   15  T  5  4 3  -6.80177E+00
   16  C 10  0 0  -6.51424E+00
   17  T  6  4 3  -6.40893E+00
   18  T  1  5 2  -6.31969E+00
   19  C 10  0 0  -6.00260E+00
   20  C 10  0 0: -5.75412E+00
   21  C 10  0 0: -5.71962E+00
   22  C 10  0 0  -5.08104E+00
   23  C 10  0 0: -4.84622E+00
   24  T  5  5 1  -4.52344E+00
   25  T  1  6 2  -4.33620E+00
   26  T  6  5 1  -4.12238E+00
   27  T  5  5 3  -3.42120E+00
   28  T  1  7 2  -3.14287E+00
   29  T  6  5 3  -3.04734E+00
   30  T  1  8 2  -2.38477E+00
   31  T  5  6 1  -2.19285E+00
   32  T  1  9 2  -1.87497E+00
   33  T  6  6 1  -1.80857E+00
   34  T  5  6 3  -1.59190E+00
   35  T  1 10 2  -1.50708E+00
    4    3    1   29
    1  0.000000E+00
    1  T  6  3 2  -1.79833E+01
    2  T  5  3 2  -1.72023E+01
    3  C  4  0 0  -1.54433E+01
    4  C  7  0 0  -1.12146E+01
    5  C  7  0 0  -1.06817E+01
    6  C  7  0 0  -1.02977E+01
    7  C  7  0 0  -9.60193E+00
    8  C  9  0 0  -9.40016E+00
    9  T  1  4 3  -9.27443E+00
   10  C  9  0 0  -8.92634E+00
   11  C  9  0 0  -8.69276E+00
   12  C  9  0 0  -8.49549E+00
   13  C  9  0 0  -8.28643E+00
   14  T  5  4 2  -7.75951E+00
   15  C  9  0 0  -7.72172E+00
   16  T  6  4 2  -7.34491E+00
   17  T  1  5 3  -5.92318E+00
   18  T  1  6 3  -4.09990E+00
   19  T  5  5 2  -3.85883E+00
   20  T  6  5 2  -3.47587E+00
   21  T  5  5 4  -3.27296E+00
   22  T  1  7 3  -3.00259E+00
   23  T  6  5 4  -2.88293E+00
   24  T  1  8 3  -2.29312E+00
   25  T  5  6 2  -1.83232E+00
   26  T  1  9 3  -1.80812E+00
   27  T  5  6 4  -1.50811E+00
   28  T  1 10 3  -1.46288E+00
   29  T  6  6 2  -1.45166E+00
    4    3    0   44
    1  0.000000E+00
    1  T  1  3 2  -2.01839E+01
    2  C  5  0 0  -1.47455E+01
    3  C  6  0 0  -1.41499E+01
    4  C  6  0 0: -1.35120E+01
    5  C  6  0 0: -1.32907E+01
    6  C  6  0 0: -1.28138E+01
    7  C  6  0 0  -1.26942E+01
    8  C  6  0 0: -1.24921E+01
    9  C  6  0 0: -1.19567E+01
   10  C  8  0 0  -1.08817E+01
   11  T  1  4 2  -1.03006E+01
   12  T  5  4 1  -9.15496E+00
   13  T  4  4 3  -7.31659E+00
   14  C 10  0 0: -7.07796E+00
   15  C 10  0 0: -6.84817E+00
   16  T  5  4 3  -6.80396E+00
   17  T  6  4 3  -6.42793E+00
   18  C 10  0 0  -6.38010E+00
   19  T  1  5 2  -6.35966E+00
   20  C 10  0 0  -6.14543E+00
   21  T  1  5 4  -5.90682E+00
   22  C 10  0 0  -5.90392E+00
   23  C 10  0 0  -5.63689E+00
   24  T  8  4 3  -5.54338E+00
   25  C 10  0 0: -5.33243E+00
   26  C 10  0 0: -4.88557E+00
   27  T  5  5 1  -4.52011E+00
   28  T  1  6 2  -4.33530E+00
   29  T  4  5 3  -4.04410E+00
   30  T  1  6 4  -4.00611E+00
   31  T  5  5 3  -3.43391E+00
   32  T  1  7 2  -3.15558E+00
   33  T  6  5 3  -3.04648E+00
   34  T  1  7 4  -2.94874E+00
   35  T  1  8 2  -2.39846E+00
   36  T  8  5 3  -2.30919E+00
   37  T  4  6 3  -2.24826E+00
   38  T  1  8 4  -2.22714E+00
   39  T  5  6 1  -2.18677E+00
   40  T  1  9 2  -1.87511E+00
   41  T  1  9 4  -1.78223E+00
   42  T  5  6 3  -1.60110E+00
   43  T  1 10 2  -1.51107E+00
   44  T  1 10 4  -1.44440E+00
    4    4    1   26
    1  0.000000E+00
    1  T  5  3 2  -1.76393E+01
    2  C  4  0 0  -1.60288E+01
    3  C  7  0 0  -1.12468E+01
    4  C  7  0 0  -1.05125E+01
    5  C  7  0 0  -9.93946E+00
    6  T  1  4 3  -9.38870E+00
    7  C  9  0 0  -9.38547E+00
    8  C  9  0 0  -8.99715E+00
    9  C  9  0 0  -8.69970E+00
   10  C  9  0 0  -8.57691E+00
   11  C  9  0 0  -7.86008E+00
   12  T  5  4 2  -7.74056E+00
   13  T  1  5 3  -5.96845E+00
   14  T  1  6 3  -4.12230E+00
   15  T  4  5 4  -3.95180E+00
   16  T  5  5 2  -3.85458E+00
   17  T  5  5 4  -3.26957E+00
   18  T  1  7 3  -3.01556E+00
   19  T  6  5 4  -2.89180E+00
   20  T  1  8 3  -2.30181E+00
   21  T  4  6 4  -2.19160E+00
   22  T  8  5 4  -2.11065E+00
   23  T  5  6 2  -1.83215E+00
   24  T  1  9 3  -1.81323E+00
   25  T  5  6 4  -1.50720E+00
   26  T  1 10 3  -1.46638E+00
    4    4    0   20
    1  0.000000E+00
    1  C  6  0 0: -1.37675E+01
    2  C  6  0 0  -1.32033E+01
    3  C  6  0 0: -1.29789E+01
    4  C  6  0 0  -1.25502E+01
    5  T  5  4 3  -6.89103E+00
    6  C 10  0 0  -6.88411E+00
    7  C 10  0 0  -6.58463E+00
    8  T  6  4 3  -6.45047E+00
    9  C 10  0 0  -6.20252E+00
   10  C 10  0 0  -5.98870E+00
   11  T  1  5 4  -5.73359E+00
   12  C 10  0 0  -5.61977E+00
   13  T  1  6 4  -4.00045E+00
   14  T  5  5 3  -3.45728E+00
   15  T  6  5 3  -3.07276E+00
   16  T  1  7 4  -2.93547E+00
   17  T  1  8 4  -2.25185E+00
   18  T  1  9 4  -1.77997E+00
   19  T  5  6 3  -1.61017E+00
   20  T  1 10 4  -1.44186E+00
    6    0    1    8
    4  1.813392E+00
    1  T  4  4 0  -1.08808E+01
    2  C  9  0 0  -9.86545E+00
    3  T  4  5 0  -5.67303E+00
    4  T  4  6 0  -3.13813E+00
    5  T  4  7 0  -1.70654E+00
    6  T  4  8 0  -8.17718E-01
    7  T  4  9 0  -2.27847E-01
    8  T  4 10 0   1.83664E-01
    6    1    0    9
    4  1.813392E+00
    1  C  6  0 0  -1.39784E+01
    2  T  4  4 1  -9.91163E+00
    3  C 10  0 0  -7.16420E+00
    4  T  4  5 1  -5.22135E+00
    5  T  4  6 1  -2.89103E+00
    6  T  4  7 1  -1.55680E+00
    7  T  4  8 1  -7.20221E-01
    8  T  4  9 1  -1.60867E-01
    9  T  4 10 1   2.31639E-01
    6    2    1   10
    4  1.813392E+00
    1  T  4  3 2  -1.86338E+01
    2  C  9  0 0  -1.00111E+01
    3  C  9  0 0  -9.51778E+00
    4  T  4  4 2  -8.44869E+00
    5  T  4  5 2  -4.55604E+00
    6  T  4  6 2  -2.52938E+00
    7  T  4  7 2  -1.33769E+00
    8  T  4  8 2  -5.77290E-01
    9  T  4  9 2  -6.24278E-02
   10  T  4 10 2   3.02330E-01
    6    3    0    9
    4  1.813392E+00
    1  C  6  0 0  -1.44439E+01
    2  T  4  4 3  -7.57383E+00
    3  C 10  0 0  -7.23666E+00
    4  T  4  5 3  -4.15604E+00
    5  T  4  6 3  -2.30903E+00
    6  T  4  7 3  -1.20271E+00
    7  T  4  8 3  -4.88478E-01
    8  T  4  9 3  -8.40518E-04
    9  T  4 10 3   3.46803E-01
    6    4    1    7
    4  1.813392E+00
    1  C  9  0 0  -1.03819E+01
    2  T  4  5 4  -3.96824E+00
    3  T  4  6 4  -2.20512E+00
    4  T  4  7 4  -1.13915E+00
    5  T  4  8 4  -4.46690E-01
    6  T  4  9 4   2.81363E-02
    7  T  4 10 4   3.67734E-01
    0    0    0    0
