   26   18    E
    1    0    1   25
    4  3.845880E+00
    1  C  3  0 0  -5.97132E+00
    2  C  5  0 0  -5.04202E+00
    3  C  5  0 0  -3.92767E+00
    4  T  5  4 1  -3.55171E+00
    5  C  5  0 0  -2.81840E+00
    6  T 13  4 1  -2.36562E+00
    7  T  8  4 3  -1.00161E+00
    8  T 10  4 3  -8.75149E-01
    9  T  5  5 1  -4.74825E-01
   10  T 13  5 1   7.31012E-01
   11  T  8  5 3   7.80256E-01
   12  T  5  6 1   9.95276E-01
   13  T 10  5 3   1.01470E+00
   14  C  7  0 0   1.43348E+00
   15  T  8  6 3   1.76382E+00
   16  T  5  7 1   1.82757E+00
   17  T 10  6 3   2.05082E+00
   18  T 13  6 1   2.24154E+00
   19  T  5  8 1   2.34058E+00
   20  T  8  7 3   2.36896E+00
   21  T 10  7 3   2.67542E+00
   22  T  5  9 1   2.68126E+00
   23  T  8  8 3   2.76015E+00
   24  T  5 10 1   2.91743E+00
   25  T  8  9 3   3.02881E+00
    1    0    0   18
    1  0.000000E+00
    1  C  1  0 0  -1.72533E+01
    2  C  2  0 0  -9.14347E+00
    3  C  2  0 0  -7.64888E+00
    4  T  1  4 1  -7.23155E+00
    5  C  2  0 0  -5.82448E+00
    6  T  2  4 0  -5.65930E+00
    7  T  1  5 1  -4.26165E+00
    8  T 12  4 0  -3.41254E+00
    9  T  1  6 1  -2.81525E+00
   10  C  4  0 0  -2.64313E+00
   11  T  7  4 2  -2.21730E+00
   12  T  2  5 0  -2.12807E+00
   13  T  1  7 1  -1.99564E+00
   14  C  6  0 0  -1.75884E+00
   15  T  1  8 1  -1.49429E+00
   16  T 11  4 2  -1.26146E+00
   17  T  1  9 1  -1.15935E+00
   18  T  1 10 1  -9.27047E-01
    1    1    1   37
    1  0.000000E+00
    1  T  1  3 2  -1.18803E+01
    2  T  1  4 0  -8.40253E+00
    3  T  1  4 2  -6.26078E+00
    4  C  3  0 0  -5.75689E+00
    5  T  2  4 1  -5.01370E+00
    6  C  3  0 0  -4.97483E+00
    7  T  1  5 0  -4.77449E+00
    8  C  3  0 0  -4.71689E+00
    9  C  5  0 0  -4.08385E+00
   10  C  5  0 0  -4.05636E+00
   11  T  1  5 2  -3.84273E+00
   12  T  7  4 1: -3.73318E+00
   13  T  5  4 1  -3.53882E+00
   14  C  5  0 0: -3.26721E+00
   15  C  5  0 0: -3.22767E+00
   16  T  1  6 0  -3.08125E+00
   17  C  5  0 0  -2.91928E+00
   18  T 11  4 1  -2.77091E+00
   19  T 12  4 1: -2.65874E+00
   20  T  1  6 2  -2.58229E+00
   21  C  5  0 0  -2.49924E+00
   22  C  5  0 0: -2.42328E+00
   23  T 13  4 1  -2.22301E+00
   24  T  1  7 0  -2.14383E+00
   25  T 14  4 1  -2.03134E+00
   26  T  1  7 2  -1.82205E+00
   27  T  2  5 1  -1.76697E+00
   28  T  1  8 0  -1.58755E+00
   29  T  1  8 2  -1.38996E+00
   30  T  7  4 3  -1.31072E+00
   31  T  1  9 0  -1.22228E+00
   32  T  9  4 3  -1.12944E+00
   33  T  1  9 2  -1.08883E+00
   34  C  5  0 0  -1.01796E+00
   35  T  1 10 0  -9.69322E-01
   36  T  8  4 3  -9.66317E-01
   37  T  1 10 2  -8.73587E-01
    1    1    0   22
    1  0.000000E+00
    1  C  2  0 0  -8.85255E+00
    2  T  1  4 1  -7.62983E+00
    3  C  2  0 0  -7.42086E+00
    4  T  5  4 0  -4.47997E+00
    5  T  1  5 1  -4.36471E+00
    6  T 13  4 0  -3.21203E+00
    7  T  1  6 1  -2.86530E+00
    8  T  7  4 2  -2.47969E+00
    9  T  5  4 2  -2.24860E+00
   10  T  8  4 2  -2.08370E+00
   11  T  1  7 1  -2.03313E+00
   12  T 10  4 2  -1.84498E+00
   13  T 11  4 2  -1.66199E+00
   14  C  6  0 0  -1.62816E+00
   15  T  1  8 1  -1.51482E+00
   16  C  6  0 0  -1.44174E+00
   17  T  1  9 1  -1.17378E+00
   18  T 13  4 2  -1.13494E+00
   19  C  6  0 0  -1.00566E+00
   20  T 14  4 2  -9.58685E-01
   21  T  1 10 1  -9.22567E-01
   22  T  5  5 0  -8.54708E-01
    1    2    1   31
    1  0.000000E+00
    1  T  1  3 2  -1.31139E+01
    2  T  1  4 2  -6.23686E+00
    3  C  3  0 0  -6.03114E+00
    4  C  3  0 0  -5.78154E+00
    5  C  3  0 0  -4.77587E+00
    6  C  5  0 0  -4.53130E+00
    7  C  5  0 0  -4.34192E+00
    8  C  5  0 0  -3.97984E+00
    9  T  1  5 2  -3.82467E+00
   10  C  5  0 0  -3.80315E+00
   11  T  5  4 1: -3.66605E+00
   12  C  5  0 0  -3.61424E+00
   13  T  7  4 1  -3.44646E+00
   14  T  8  4 1  -3.28385E+00
   15  C  5  0 0  -3.26305E+00
   16  T 10  4 1  -3.14220E+00
   17  T 11  4 1  -2.94890E+00
   18  C  5  0 0  -2.84882E+00
   19  C  5  0 0  -2.74395E+00
   20  T  1  6 2  -2.55683E+00
   21  T 13  4 1  -2.32740E+00
   22  T 14  4 1  -2.25196E+00
   23  C  5  0 0  -2.19189E+00
   24  T  1  7 2  -1.83981E+00
   25  T  7  4 3: -1.40831E+00
   26  T  1  8 2  -1.39029E+00
   27  T  5  4 3: -1.23118E+00
   28  T  9  4 3  -1.15572E+00
   29  T  1  9 2  -1.08773E+00
   30  T  8  4 3  -1.00920E+00
   31  T  1 10 2  -8.73843E-01
    1    2    0   40
    1  0.000000E+00
    1  T  2  3 2  -1.03871E+01
    2  C  2  0 0: -9.24805E+00
    3  C  2  0 0  -8.60619E+00
    4  C  2  0 0  -8.05815E+00
    5  C  2  0 0  -7.84515E+00
    6  T  1  4 1: -7.66861E+00
    7  C  2  0 0  -7.41356E+00
    8  C  2  0 0  -6.57932E+00
    9  T  1  4 3  -5.13662E+00
   10  T  7  4 0  -4.45638E+00
   11  T  1  5 1  -4.38074E+00
   12  T 11  4 0  -3.76621E+00
   13  T  2  4 2  -3.60695E+00
   14  T  1  5 3  -3.30571E+00
   15  C  4  0 0  -3.25997E+00
   16  T 14  4 0  -3.09691E+00
   17  T  1  6 1  -2.86630E+00
   18  T  5  4 2  -2.35687E+00
   19  T  1  6 3  -2.29467E+00
   20  T  7  4 2  -2.27444E+00
   21  T  9  4 2  -2.14217E+00
   22  T  8  4 2  -2.06262E+00
   23  T  1  7 1  -2.02729E+00
   24  C  6  0 0  -1.83183E+00
   25  T 10  4 2  -1.73911E+00
   26  T  1  7 3  -1.68426E+00
   27  C  6  0 0  -1.65466E+00
   28  T  1  8 1  -1.51736E+00
   29  T 11  4 2  -1.46100E+00
   30  T  1  8 3  -1.29153E+00
   31  T 12  4 2  -1.26738E+00
   32  C  6  0 0  -1.19786E+00
   33  T  2  5 2  -1.18916E+00
   34  T  1  9 1  -1.17339E+00
   35  T  1  9 3  -1.02623E+00
   36  T 13  4 2  -1.00144E+00
   37  T  1 10 1  -9.33257E-01
   38  T 14  4 2  -8.82907E-01
   39  T  7  5 0  -8.23412E-01
   40  T  1 10 3  -8.17187E-01
    1    3    1   40
    1  0.000000E+00
    1  T  1  3 2  -1.30642E+01
    2  T  1  4 2  -6.28866E+00
    3  C  3  0 0  -6.04217E+00
    4  C  3  0 0  -5.70734E+00
    5  C  3  0 0: -5.25881E+00
    6  C  5  0 0: -4.70001E+00
    7  C  5  0 0: -4.57445E+00
    8  C  5  0 0  -3.93809E+00
    9  T  1  5 2  -3.85044E+00
   10  C  5  0 0: -3.73122E+00
   11  T  8  4 1: -3.62630E+00
   12  T  7  4 1: -3.57300E+00
   13  C  5  0 0  -3.46282E+00
   14  C  5  0 0  -3.30473E+00
   15  T  1  5 4  -3.25803E+00
   16  T  9  4 1  -3.21672E+00
   17  C  5  0 0  -3.10831E+00
   18  T 10  4 1  -3.00659E+00
   19  T 11  4 1  -2.90484E+00
   20  C  5  0 0: -2.71315E+00
   21  T  2  4 3  -2.60050E+00
   22  C  5  0 0  -2.58479E+00
   23  T  1  6 2  -2.56043E+00
   24  C  5  0 0: -2.29230E+00
   25  T  1  6 4  -2.25301E+00
   26  T 14  4 1  -2.20916E+00
   27  C  5  0 0  -1.89531E+00
   28  T  1  7 2  -1.84455E+00
   29  T  1  7 4  -1.66146E+00
   30  T  1  8 2  -1.39467E+00
   31  T  5  4 3  -1.31038E+00
   32  T  1  8 4  -1.27401E+00
   33  T  7  4 3  -1.23354E+00
   34  T  9  4 3: -1.19284E+00
   35  T  1  9 2  -1.09025E+00
   36  T  8  4 3: -1.03791E+00
   37  T  1  9 4  -1.00598E+00
   38  T  1 10 2  -8.75772E-01
   39  T 10  4 3: -8.23365E-01
   40  T  1 10 4  -8.14631E-01
    1    3    0   25
    1  0.000000E+00
    1  C  2  0 0  -9.05304E+00
    2  C  2  0 0  -8.21764E+00
    3  C  2  0 0  -7.36559E+00
    4  T  1  4 3  -5.19720E+00
    5  T  8  4 0  -4.31525E+00
    6  T 10  4 0  -3.97789E+00
    7  T  1  5 3  -3.33732E+00
    8  T  5  4 2  -2.40355E+00
    9  T  1  6 3  -2.31716E+00
   10  T  8  4 2  -2.22330E+00
   11  T  7  4 2  -2.21827E+00
   12  T  9  4 2  -2.10445E+00
   13  C  6  0 0  -1.95440E+00
   14  T 10  4 2  -1.87751E+00
   15  T 11  4 2  -1.72405E+00
   16  T  1  7 3  -1.69395E+00
   17  C  6  0 0  -1.42328E+00
   18  C  6  0 0  -1.30749E+00
   19  T  1  8 3  -1.29514E+00
   20  C  6  0 0  -1.15398E+00
   21  T 13  4 2  -1.10421E+00
   22  T  1  9 3  -1.02094E+00
   23  T 14  4 2  -9.67067E-01
   24  T  8  5 0: -8.56260E-01
   25  T  1 10 3  -8.24637E-01
    1    4    1   23
    1  0.000000E+00
    1  C  3  0 0  -6.24572E+00
    2  C  3  0 0  -5.33383E+00
    3  C  5  0 0: -4.80391E+00
    4  C  5  0 0: -4.24603E+00
    5  C  5  0 0: -4.14037E+00
    6  C  5  0 0  -4.05691E+00
    7  C  5  0 0  -3.80467E+00
    8  T  8  4 1  -3.53483E+00
    9  T  9  4 1  -3.43233E+00
   10  C  5  0 0: -3.31972E+00
   11  T  1  5 4  -3.23759E+00
   12  T 10  4 1  -3.07277E+00
   13  C  5  0 0: -2.83454E+00
   14  C  5  0 0: -2.62511E+00
   15  T  1  6 4  -2.25379E+00
   16  T  1  7 4  -1.65800E+00
   17  T  5  4 3  -1.36052E+00
   18  T  1  8 4  -1.26990E+00
   19  T  8  4 3  -1.21543E+00
   20  T  7  4 3  -1.20227E+00
   21  T  9  4 3  -1.10302E+00
   22  T  1  9 4  -1.00325E+00
   23  T  1 10 4  -8.19044E-01
    1    4    0   23
    1  0.000000E+00
    1  C  2  0 0  -9.05306E+00
    2  C  2  0 0  -8.78084E+00
    3  C  2  0 0  -8.05230E+00
    4  C  2  0 0: -7.94434E+00
    5  T  1  4 3  -5.24215E+00
    6  T  9  4 0  -4.30137E+00
    7  T  1  5 3  -3.35371E+00
    8  C  4  0 0  -3.14950E+00
    9  T  7  4 2  -2.34458E+00
   10  T  1  6 3  -2.31752E+00
   11  T  8  4 2  -2.14873E+00
   12  T  9  4 2  -2.09083E+00
   13  C  6  0 0  -1.80205E+00
   14  T 10  4 2  -1.74651E+00
   15  T  1  7 3  -1.69865E+00
   16  T 11  4 2  -1.41904E+00
   17  C  6  0 0  -1.39636E+00
   18  T  1  8 3  -1.29789E+00
   19  C  6  0 0  -1.14596E+00
   20  C  6  0 0  -1.07469E+00
   21  T  1  9 3  -1.02863E+00
   22  T 14  4 2  -9.94515E-01
   23  T  1 10 3  -8.25822E-01
    3    0    1   41
    4  3.845880E+00
    1  C  3  0 0  -6.02319E+00
    2  C  3  0 0  -5.22196E+00
    3  C  5  0 0  -3.98703E+00
    4  C  5  0 0  -3.79217E+00
    5  T  5  4 1  -3.58563E+00
    6  T  6  4 1  -3.40819E+00
    7  C  5  0 0  -3.14513E+00
    8  C  5  0 0  -2.53816E+00
    9  T 13  4 1  -2.30041E+00
   10  T  4  4 3  -1.22032E+00
   11  T  8  4 3  -1.10628E+00
   12  T 10  4 3  -7.59924E-01
   13  T  5  5 1  -4.86983E-01
   14  T  6  5 1  -3.68778E-01
   15  T  4  5 3   5.73239E-01
   16  T  8  5 3   7.14487E-01
   17  T 13  5 1   7.54412E-01
   18  T  5  6 1   9.90343E-01
   19  T 10  5 3   1.07013E+00
   20  T  6  6 1   1.09659E+00
   21  C  7  0 0   1.55490E+00
   22  T  4  6 3   1.57167E+00
   23  T  8  6 3   1.73547E+00
   24  T  5  7 1   1.82434E+00
   25  T  6  7 1   1.92411E+00
   26  T 10  6 3   2.08040E+00
   27  T  4  7 3   2.17699E+00
   28  T 13  6 1   2.24597E+00
   29  T  5  8 1   2.33715E+00
   30  T  8  7 3   2.35262E+00
   31  T  6  8 1   2.43628E+00
   32  T  4  8 3   2.56762E+00
   33  T  5  9 1   2.67953E+00
   34  T 10  7 3   2.69464E+00
   35  T  8  8 3   2.74901E+00
   36  T  6  9 1   2.77506E+00
   37  T  4  9 3   2.83719E+00
   38  T  5 10 1   2.91648E+00
   39  T  6 10 1   3.01062E+00
   40  T  8  9 3   3.02011E+00
   41  T  4 10 3   3.02984E+00
    3    0    0   18
    1  0.000000E+00
    1  C  2  0 0  -7.94445E+00
    2  T  1  4 1  -7.75003E+00
    3  T  2  4 0  -5.81786E+00
    4  T  1  5 1  -4.47423E+00
    5  T 12  4 0  -3.49800E+00
    6  T  1  6 1  -2.91319E+00
    7  T  3  4 2  -2.75379E+00
    8  T  7  4 2  -2.37046E+00
    9  C  6  0 0  -2.22518E+00
   10  T  2  5 0  -2.18406E+00
   11  T  1  7 1  -2.04554E+00
   12  T 11  4 2  -1.58204E+00
   13  C  6  0 0  -1.54329E+00
   14  T  1  8 1  -1.52799E+00
   15  T  1  9 1  -1.18313E+00
   16  C  6  0 0: -1.16387E+00
   17  T 14  4 2  -1.03008E+00
   18  T  1 10 1  -9.36610E-01
    3    1    1   47
    1  0.000000E+00
    1  T  1  3 2  -1.35394E+01
    2  T  1  4 0  -8.49721E+00
    3  C  3  0 0  -6.67862E+00
    4  T  1  4 2  -6.36865E+00
    5  C  3  0 0  -6.01892E+00
    6  C  3  0 0  -5.78049E+00
    7  C  5  0 0  -5.27068E+00
    8  C  3  0 0: -5.12457E+00
    9  T  2  4 1: -4.94352E+00
   10  C  5  0 0: -4.83706E+00
   11  T  1  5 0  -4.77668E+00
   12  C  5  0 0: -4.63504E+00
   13  C  5  0 0: -4.35602E+00
   14  C  5  0 0: -4.02660E+00
   15  T  3  4 1  -3.95110E+00
   16  C  5  0 0: -3.92636E+00
   17  T  1  5 2  -3.84489E+00
   18  T  5  4 1: -3.63854E+00
   19  T  7  4 1: -3.59318E+00
   20  T  6  4 1  -3.53346E+00
   21  C  5  0 0  -3.42024E+00
   22  C  5  0 0  -3.33605E+00
   23  T  1  6 0  -3.09987E+00
   24  C  5  0 0: -3.09247E+00
   25  C  5  0 0: -2.99915E+00
   26  T 11  4 1  -2.83012E+00
   27  C  5  0 0: -2.79683E+00
   28  T 12  4 1  -2.63104E+00
   29  T  1  6 2  -2.55857E+00
   30  T 13  4 1  -2.50729E+00
   31  C  5  0 0  -2.39082E+00
   32  T 14  4 1  -2.22500E+00
   33  T  1  7 0  -2.13228E+00
   34  T  1  7 2  -1.86874E+00
   35  T  2  5 1  -1.77979E+00
   36  T  3  4 3  -1.63960E+00
   37  T  1  8 0  -1.59204E+00
   38  T  1  8 2  -1.39991E+00
   39  T  7  4 3  -1.31419E+00
   40  T  4  4 3  -1.24240E+00
   41  T  1  9 0  -1.22458E+00
   42  T  8  4 3  -1.14130E+00
   43  T  9  4 3  -1.12368E+00
   44  T  1  9 2  -1.09429E+00
   45  T  1 10 0  -9.71540E-01
   46  T  1 10 2  -8.80785E-01
   47  T  3  5 1  -8.13203E-01
    3    1    0   36
    1  0.000000E+00
    1  C  2  0 0  -9.48538E+00
    2  C  2  0 0  -9.01118E+00
    3  C  2  0 0  -8.50338E+00
    4  C  2  0 0  -8.13191E+00
    5  C  2  0 0  -7.86208E+00
    6  T  1  4 1  -7.59051E+00
    7  C  2  0 0  -7.38734E+00
    8  T  5  4 0  -4.53169E+00
    9  T  1  5 1  -4.39662E+00
   10  T  6  4 0  -4.32819E+00
   11  T 13  4 0  -3.29622E+00
   12  C  4  0 0  -3.26029E+00
   13  T  1  6 1  -2.87325E+00
   14  T  3  4 2  -2.61380E+00
   15  C  6  0 0  -2.49687E+00
   16  T  5  4 2: -2.37106E+00
   17  T  7  4 2  -2.31276E+00
   18  T  6  4 2  -2.28135E+00
   19  T  4  4 2: -2.15202E+00
   20  T  1  7 1  -2.03826E+00
   21  T  8  4 2  -2.01504E+00
   22  C  6  0 0: -1.91064E+00
   23  C  6  0 0: -1.84434E+00
   24  T 10  4 2  -1.77894E+00
   25  C  6  0 0: -1.64988E+00
   26  T  1  8 1  -1.51492E+00
   27  T 11  4 2: -1.44918E+00
   28  C  6  0 0: -1.39591E+00
   29  T  1  9 1  -1.17381E+00
   30  T 13  4 2  -1.12905E+00
   31  C  6  0 0: -1.06990E+00
   32  T  1 10 1  -9.51980E-01
   33  C  6  0 0: -9.30279E-01
   34  T 14  4 2  -9.09468E-01
   35  T  5  5 0  -8.86978E-01
   36  T  6  5 0  -8.53010E-01
    3    2    1   47
    1  0.000000E+00
    1  T  1  3 2  -1.30927E+01
    2  C  3  0 0  -6.68789E+00
    3  T  1  4 2  -6.23617E+00
    4  C  3  0 0  -6.21551E+00
    5  C  3  0 0: -6.09783E+00
    6  C  3  0 0  -5.44408E+00
    7  C  5  0 0: -5.03518E+00
    8  C  3  0 0: -4.94184E+00
    9  C  5  0 0: -4.68613E+00
   10  C  5  0 0  -4.51790E+00
   11  C  5  0 0: -4.35624E+00
   12  C  5  0 0: -4.24740E+00
   13  C  5  0 0: -4.06624E+00
   14  T  3  4 1  -3.97276E+00
   15  T  1  5 2  -3.83678E+00
   16  C  5  0 0: -3.78033E+00
   17  T  5  4 1  -3.69733E+00
   18  T  7  4 1  -3.66914E+00
   19  C  5  0 0: -3.64914E+00
   20  T  6  4 1: -3.51860E+00
   21  T  4  4 1  -3.50839E+00
   22  C  5  0 0: -3.48894E+00
   23  T  8  4 1  -3.41548E+00
   24  C  5  0 0: -3.35844E+00
   25  C  5  0 0: -3.31535E+00
   26  C  5  0 0: -3.17532E+00
   27  T 10  4 1  -3.05821E+00
   28  T 11  4 1  -2.92919E+00
   29  C  5  0 0: -2.87089E+00
   30  C  5  0 0: -2.61545E+00
   31  T  1  6 2  -2.55616E+00
   32  T 13  4 1  -2.40713E+00
   33  T 14  4 1  -2.23637E+00
   34  C  5  0 0: -2.19810E+00
   35  T  1  7 2  -1.83999E+00
   36  T  3  4 3  -1.60958E+00
   37  T  1  8 2  -1.39098E+00
   38  T  5  4 3: -1.35446E+00
   39  T  4  4 3: -1.29700E+00
   40  T  7  4 3  -1.26195E+00
   41  T  8  4 3: -1.18315E+00
   42  T  6  4 3: -1.15861E+00
   43  T  9  4 3  -1.11456E+00
   44  T  1  9 2  -1.08760E+00
   45  T  1 10 2  -8.76068E-01
   46  T  3  5 1  -8.56854E-01
   47  T 10  4 3  -8.11866E-01
    3    2    0   51
    1  0.000000E+00
    1  T  2  3 2  -1.06125E+01
    2  C  2  0 0  -9.16830E+00
    3  C  2  0 0  -9.05272E+00
    4  C  2  0 0  -8.59747E+00
    5  C  2  0 0  -7.91376E+00
    6  T  1  4 1  -7.63723E+00
    7  C  2  0 0  -7.47910E+00
    8  T  1  4 3  -5.32458E+00
    9  T  3  4 0  -4.80254E+00
   10  T  7  4 0  -4.50226E+00
   11  T  1  5 1  -4.41647E+00
   12  T 11  4 0  -3.80399E+00
   13  T  2  4 2  -3.64650E+00
   14  T  1  5 3  -3.39105E+00
   15  T 14  4 0  -3.18285E+00
   16  T  1  6 1  -2.88141E+00
   17  T  3  4 2  -2.73413E+00
   18  T  5  4 2  -2.45086E+00
   19  C  6  0 0  -2.42573E+00
   20  T  7  4 2: -2.36725E+00
   21  T  1  6 3  -2.33832E+00
   22  T  6  4 2  -2.31558E+00
   23  T  4  4 2: -2.25908E+00
   24  C  6  0 0  -2.20108E+00
   25  T  9  4 2  -2.16235E+00
   26  T  8  4 2  -2.10237E+00
   27  T  1  7 1  -2.04141E+00
   28  C  6  0 0  -2.02126E+00
   29  T 10  4 2: -1.87670E+00
   30  C  6  0 0  -1.83779E+00
   31  C  6  0 0  -1.74326E+00
   32  T  1  7 3  -1.71252E+00
   33  T 11  4 2  -1.69079E+00
   34  T  1  8 1  -1.52180E+00
   35  C  6  0 0  -1.47198E+00
   36  C  6  0 0  -1.44420E+00
   37  T 12  4 2  -1.34739E+00
   38  C  6  0 0  -1.31163E+00
   39  T  1  8 3  -1.30297E+00
   40  T  3  5 0  -1.22462E+00
   41  T  2  5 2  -1.21004E+00
   42  T  1  9 1  -1.17606E+00
   43  T 13  4 2  -1.13929E+00
   44  C  6  0 0  -1.10771E+00
   45  T  1  9 3  -1.02760E+00
   46  T 14  4 2  -9.73366E-01
   47  C  6  0 0  -9.49955E-01
   48  T  1 10 1  -9.26919E-01
   49  C  6  0 0  -8.63179E-01
   50  T  7  5 0  -8.40837E-01
   51  T  1 10 3  -8.29907E-01
    3    3    1   51
    1  0.000000E+00
    1  T  1  3 2  -1.33652E+01
    2  C  3  0 0  -6.72147E+00
    3  C  3  0 0  -6.43332E+00
    4  T  1  4 2  -6.29544E+00
    5  C  3  0 0  -5.96527E+00
    6  C  3  0 0: -5.48372E+00
    7  C  5  0 0  -5.19926E+00
    8  C  5  0 0: -4.86720E+00
    9  C  5  0 0: -4.69468E+00
   10  C  5  0 0: -4.48988E+00
   11  C  5  0 0: -4.26791E+00
   12  C  5  0 0: -4.24477E+00
   13  C  5  0 0: -4.09970E+00
   14  C  5  0 0: -4.06149E+00
   15  T  3  4 1  -3.96376E+00
   16  T  1  5 2  -3.85445E+00
   17  C  5  0 0: -3.80678E+00
   18  C  5  0 0: -3.77674E+00
   19  T  4  4 1: -3.75800E+00
   20  T  7  4 1  -3.65064E+00
   21  C  5  0 0: -3.61010E+00
   22  T  8  4 1  -3.54458E+00
   23  C  5  0 0: -3.42346E+00
   24  T  9  4 1  -3.35575E+00
   25  T  1  5 4  -3.26992E+00
   26  C  5  0 0: -3.17562E+00
   27  T 10  4 1  -3.13988E+00
   28  T 11  4 1  -2.90850E+00
   29  C  5  0 0: -2.85310E+00
   30  T  2  4 3  -2.64663E+00
   31  T  1  6 2  -2.57662E+00
   32  C  5  0 0: -2.32719E+00
   33  T 14  4 1  -2.28524E+00
   34  T  1  6 4  -2.26196E+00
   35  T  1  7 2  -1.85035E+00
   36  T  3  4 3  -1.68780E+00
   37  T  1  7 4  -1.66554E+00
   38  T  5  4 3  -1.40664E+00
   39  T  1  8 2  -1.39786E+00
   40  T  4  4 3  -1.35367E+00
   41  T  7  4 3  -1.29272E+00
   42  T  1  8 4  -1.27498E+00
   43  T  6  4 3  -1.25095E+00
   44  T  8  4 3  -1.17548E+00
   45  T  9  4 3  -1.12990E+00
   46  T  1  9 2  -1.09249E+00
   47  T  1  9 4  -1.00902E+00
   48  T  1 10 2  -8.79410E-01
   49  T  3  5 1  -8.34715E-01
   50  T  1 10 4: -8.22174E-01
   51  T  2  5 3  -8.16187E-01
    3    3    0   41
    1  0.000000E+00
    1  C  2  0 0: -9.37643E+00
    2  C  2  0 0  -9.18389E+00
    3  C  2  0 0: -8.85228E+00
    4  C  2  0 0: -8.46983E+00
    5  C  2  0 0  -8.09806E+00
    6  C  2  0 0  -7.60362E+00
    7  T  1  4 3  -5.19685E+00
    8  T  4  4 0  -4.50508E+00
    9  T  8  4 0  -4.40132E+00
   10  T 10  4 0  -4.03714E+00
   11  C  4  0 0  -3.48704E+00
   12  T  1  5 3  -3.33672E+00
   13  T  3  4 2  -2.71611E+00
   14  C  6  0 0: -2.52218E+00
   15  T  4  4 2  -2.42764E+00
   16  T  5  4 2  -2.38683E+00
   17  T  1  6 3  -2.31463E+00
   18  T  7  4 2  -2.29531E+00
   19  T  8  4 2  -2.25483E+00
   20  C  6  0 0: -2.20541E+00
   21  T  9  4 2  -2.14957E+00
   22  T  6  4 2  -2.09502E+00
   23  C  6  0 0  -2.00596E+00
   24  C  6  0 0: -1.78880E+00
   25  T 10  4 2  -1.76352E+00
   26  T  1  7 3  -1.69422E+00
   27  C  6  0 0  -1.64064E+00
   28  T 11  4 2  -1.59301E+00
   29  C  6  0 0: -1.53964E+00
   30  C  6  0 0  -1.41743E+00
   31  C  6  0 0: -1.31058E+00
   32  T  1  8 3  -1.29480E+00
   33  T 13  4 2  -1.13403E+00
   34  C  6  0 0: -1.07369E+00
   35  T  1  9 3  -1.02163E+00
   36  C  6  0 0: -1.01213E+00
   37  C  6  0 0  -9.76218E-01
   38  T 14  4 2: -9.61095E-01
   39  T  4  5 0  -9.10925E-01
   40  C  6  0 0: -9.05204E-01
   41  T  1 10 3  -8.24497E-01
    3    4    1   32
    1  0.000000E+00
    1  C  3  0 0  -6.45828E+00
    2  C  3  0 0  -6.10425E+00
    3  C  3  0 0  -5.88573E+00
    4  C  5  0 0  -5.14231E+00
    5  C  5  0 0: -4.81864E+00
    6  C  5  0 0: -4.47246E+00
    7  C  5  0 0  -4.25147E+00
    8  C  5  0 0  -4.14451E+00
    9  C  5  0 0  -4.05384E+00
   10  C  5  0 0: -4.01851E+00
   11  C  5  0 0  -3.80365E+00
   12  C  5  0 0: -3.64808E+00
   13  T  4  4 1: -3.62559E+00
   14  T  8  4 1  -3.54739E+00
   15  C  5  0 0: -3.48463E+00
   16  T  9  4 1: -3.37082E+00
   17  T  1  5 4  -3.23862E+00
   18  T 10  4 1  -3.16616E+00
   19  C  5  0 0: -3.07053E+00
   20  T  1  6 4  -2.25354E+00
   21  T  3  4 3  -1.69340E+00
   22  T  1  7 4  -1.65723E+00
   23  T  4  4 3  -1.42378E+00
   24  T  5  4 3  -1.38170E+00
   25  T  7  4 3  -1.33218E+00
   26  T  1  8 4  -1.27224E+00
   27  T  8  4 3  -1.24288E+00
   28  T  9  4 3  -1.13920E+00
   29  T  6  4 3  -1.12586E+00
   30  T  1  9 4  -1.00317E+00
   31  T 10  4 3  -8.24540E-01
   32  T  1 10 4  -8.12242E-01
    3    4    0   29
    1  0.000000E+00
    1  C  2  0 0  -9.33102E+00
    2  C  2  0 0  -8.98906E+00
    3  C  4  0 0: -8.26027E+00
    4  T  1  4 3  -5.28833E+00
    5  T  9  4 0  -4.35060E+00
    6  T  1  5 3  -3.37744E+00
    7  T  3  4 2  -2.67654E+00
    8  T  4  4 2  -2.48907E+00
    9  T  7  4 2  -2.39196E+00
   10  T  1  6 3  -2.33820E+00
   11  C  6  0 0: -2.32149E+00
   12  T  8  4 2  -2.22263E+00
   13  C  6  0 0  -2.16994E+00
   14  T  9  4 2  -2.12601E+00
   15  C  6  0 0: -1.91869E+00
   16  T 10  4 2: -1.87276E+00
   17  C  6  0 0: -1.79027E+00
   18  T  1  7 3  -1.70781E+00
   19  C  6  0 0  -1.68844E+00
   20  T 11  4 2  -1.64964E+00
   21  C  6  0 0: -1.53806E+00
   22  C  6  0 0  -1.31374E+00
   23  T  1  8 3  -1.30351E+00
   24  C  6  0 0  -1.13763E+00
   25  C  6  0 0: -1.10976E+00
   26  C  6  0 0  -1.09606E+00
   27  T 14  4 2  -1.04183E+00
   28  T  1  9 3  -1.01531E+00
   29  T  1 10 3  -8.28669E-01
    5    0    1   17
    4  3.845880E+00
    1  C  3  0 0  -6.24845E+00
    2  C  5  0 0  -4.57525E+00
    3  T  6  4 1  -3.54138E+00
    4  T  4  4 3  -1.32558E+00
    5  T  6  5 1  -4.10764E-01
    6  T  4  5 3   5.13059E-01
    7  C  7  0 0   6.73779E-01
    8  T  6  6 1   1.07595E+00
    9  T  4  6 3   1.53619E+00
   10  T  6  7 1   1.91247E+00
   11  T  4  7 3   2.15366E+00
   12  T  6  8 1   2.42900E+00
   13  T  4  8 3   2.55341E+00
   14  T  6  9 1   2.77015E+00
   15  T  4  9 3   2.82681E+00
   16  T  6 10 1   3.00704E+00
   17  T  4 10 3   3.02216E+00
    5    0    0   11
    3  3.499605E+00
    1  C  2  0 0  -9.82672E+00
    2  C  6  0 0  -2.96135E+00
    3  T  3  4 2  -2.65441E+00
    4  C  6  0 0  -1.82112E+00
    5  C  6  0 0  -7.53493E-01
    6  T  3  5 2  -2.71963E-01
    7  T  3  6 2   9.50185E-01
    8  T  3  7 2   1.66146E+00
    9  T  3  8 2   2.11164E+00
   10  T  3  9 2   2.41455E+00
   11  T  3 10 2   2.62809E+00
    5    1    1   31
    3  3.499605E+00
    1  C  3  0 0  -6.96591E+00
    2  C  5  0 0  -5.66239E+00
    3  C  5  0 0  -4.95292E+00
    4  C  5  0 0  -4.39193E+00
    5  C  5  0 0  -4.14671E+00
    6  T  3  4 1  -4.09448E+00
    7  T  6  4 1: -3.64268E+00
    8  C  5  0 0: -3.56657E+00
    9  T  3  4 3  -1.76239E+00
   10  T  4  4 3  -1.35448E+00
   11  T  3  5 1  -9.03731E-01
   12  T  6  5 1  -4.45746E-01
   13  T  3  5 3   1.33038E-01
   14  T  4  5 3   5.02070E-01
   15  T  3  6 1   6.15012E-01
   16  T  6  6 1   1.05867E+00
   17  T  3  6 3   1.17104E+00
   18  C  7  0 0   1.36386E+00
   19  T  3  7 1   1.46210E+00
   20  T  4  6 3   1.53044E+00
   21  T  3  7 3   1.79524E+00
   22  T  6  7 1   1.90258E+00
   23  T  3  8 1   1.98362E+00
   24  T  4  7 3   2.14996E+00
   25  T  3  8 3   2.19932E+00
   26  T  3  9 1   2.32680E+00
   27  T  6  8 1   2.42312E+00
   28  T  3  9 3   2.47470E+00
   29  T  4  8 3   2.55128E+00
   30  T  3 10 1   2.56568E+00
   31  T  3 10 3   2.67137E+00
    5    1    0   35
    3  3.499605E+00
    1  C  2  0 0  -9.13683E+00
    2  T  6  4 0  -4.49691E+00
    3  C  6  0 0  -3.14075E+00
    4  T  3  4 2  -2.85152E+00
    5  C  6  0 0  -2.73747E+00
    6  T  4  4 2  -2.38134E+00
    7  C  6  0 0: -2.31861E+00
    8  T  6  4 2  -2.18332E+00
    9  C  6  0 0  -1.89203E+00
   10  C  6  0 0  -1.66592E+00
   11  C  6  0 0  -1.21943E+00
   12  C  6  0 0  -1.14198E+00
   13  T  6  5 0  -8.20889E-01
   14  C  6  0 0: -6.60285E-01
   15  T  3  5 2  -3.35911E-01
   16  T  4  5 2   5.67485E-02
   17  T  6  5 2   1.72785E-01
   18  T  4  5 4   5.95739E-01
   19  T  6  6 0   8.57627E-01
   20  T  3  6 2   9.22339E-01
   21  T  4  6 2   1.29183E+00
   22  T  6  6 2   1.38845E+00
   23  T  4  6 4   1.59456E+00
   24  T  3  7 2   1.64469E+00
   25  T  6  7 0   1.78561E+00
   26  T  4  7 2   2.00627E+00
   27  T  6  7 2   2.09169E+00
   28  T  3  8 2   2.10858E+00
   29  T  4  7 4   2.19195E+00
   30  T  6  8 0   2.34757E+00
   31  T  3  9 2   2.40723E+00
   32  T  4  8 2   2.45794E+00
   33  T  6  8 2   2.54907E+00
   34  T  4  8 4   2.57946E+00
   35  T  3 10 2   2.62324E+00
    5    2    1   45
    3  3.499605E+00
    1  C  3  0 0  -7.28942E+00
    2  C  3  0 0  -6.45077E+00
    3  C  5  0 0  -5.54716E+00
    4  C  5  0 0  -4.88640E+00
    5  C  5  0 0  -4.82589E+00
    6  C  5  0 0: -4.64281E+00
    7  C  5  0 0: -4.15145E+00
    8  T  3  4 1: -4.10274E+00
    9  C  5  0 0  -3.94747E+00
   10  T  4  4 1  -3.74357E+00
   11  T  6  4 1  -3.54310E+00
   12  T  3  4 3  -1.78562E+00
   13  T  4  4 3  -1.39175E+00
   14  T  6  4 3  -1.24652E+00
   15  T  3  5 1  -8.78572E-01
   16  T  4  5 1  -5.57362E-01
   17  T  6  5 1  -4.28717E-01
   18  T  3  5 3   1.22140E-01
   19  T  4  5 3   4.85740E-01
   20  T  6  5 3   6.01383E-01
   21  T  3  6 1   6.26846E-01
   22  C  7  0 0   7.27995E-01
   23  T  4  6 1   9.67276E-01
   24  T  6  6 1   1.06470E+00
   25  T  3  6 3   1.16577E+00
   26  C  7  0 0   1.33007E+00
   27  T  3  7 1   1.46803E+00
   28  T  4  6 3   1.52223E+00
   29  T  6  6 3   1.62308E+00
   30  T  3  7 3   1.79232E+00
   31  T  4  7 1   1.81297E+00
   32  T  6  7 1   1.90577E+00
   33  T  3  8 1   1.98719E+00
   34  T  4  7 3   2.14517E+00
   35  T  3  8 3   2.19539E+00
   36  T  6  7 3   2.24296E+00
   37  T  3  9 1   2.32844E+00
   38  T  4  8 1   2.33373E+00
   39  T  6  8 1   2.42453E+00
   40  T  3  9 3   2.47324E+00
   41  T  4  8 3   2.54783E+00
   42  T  3 10 1   2.56755E+00
   43  T  6  8 3   2.64166E+00
   44  T  3 10 3   2.67084E+00
   45  T  4  9 1   2.67552E+00
    5    2    0   46
    3  3.499605E+00
    1  C  2  0 0  -9.75573E+00
    2  C  2  0 0  -9.16028E+00
    3  T  3  4 0  -4.95186E+00
    4  C  6  0 0: -3.09681E+00
    5  C  6  0 0  -2.90381E+00
    6  T  3  4 2  -2.68674E+00
    7  C  6  0 0  -2.59840E+00
    8  T  4  4 2  -2.44926E+00
    9  C  6  0 0: -2.30451E+00
   10  T  6  4 2  -2.19825E+00
   11  C  6  0 0  -2.14289E+00
   12  C  6  0 0  -1.92451E+00
   13  C  6  0 0: -1.56251E+00
   14  T  3  5 0  -1.28139E+00
   15  C  6  0 0: -1.26483E+00
   16  C  6  0 0  -1.05850E+00
   17  C  6  0 0  -8.74711E-01
   18  T  3  5 2  -2.77734E-01
   19  T  4  5 2   2.71625E-02
   20  T  6  5 2   1.66551E-01
   21  T  3  5 4   2.48216E-01
   22  T  3  6 0   4.18174E-01
   23  T  4  5 4   5.84411E-01
   24  T  3  6 2   9.47857E-01
   25  T  3  6 4   1.24073E+00
   26  T  4  6 2   1.27873E+00
   27  T  3  7 0   1.34345E+00
   28  T  6  6 2   1.38609E+00
   29  T  4  6 4   1.58876E+00
   30  T  3  7 2   1.66028E+00
   31  T  3  7 4   1.84007E+00
   32  T  3  8 0   1.90795E+00
   33  T  4  7 2   1.99984E+00
   34  T  6  7 2   2.09574E+00
   35  T  3  8 2   2.11099E+00
   36  T  4  7 4   2.18829E+00
   37  T  3  8 4   2.22927E+00
   38  T  3  9 0   2.27602E+00
   39  T  3  9 2   2.41399E+00
   40  T  4  8 2   2.45371E+00
   41  T  3  9 4   2.49603E+00
   42  T  3 10 0   2.52917E+00
   43  T  6  8 2   2.54710E+00
   44  T  4  8 4   2.57697E+00
   45  T  3 10 2   2.62777E+00
   46  T  3 10 4   2.68693E+00
    5    3    1   37
    3  3.499605E+00
    1  C  3  0 0  -6.83689E+00
    2  C  5  0 0  -5.56482E+00
    3  C  5  0 0  -5.11186E+00
    4  C  5  0 0  -4.63805E+00
    5  C  5  0 0: -4.39690E+00
    6  C  5  0 0: -4.13787E+00
    7  T  3  4 1  -4.10103E+00
    8  T  4  4 1  -3.81831E+00
    9  T  3  4 3  -1.70751E+00
   10  T  4  4 3  -1.51635E+00
   11  T  6  4 3  -1.26284E+00
   12  T  3  5 1  -9.02185E-01
   13  T  4  5 1  -6.05311E-01
   14  T  3  5 3   1.58883E-01
   15  T  4  5 3   4.37076E-01
   16  T  6  5 3   5.91393E-01
   17  T  3  6 1   6.19043E-01
   18  C  7  0 0   7.90733E-01
   19  T  4  6 1   9.43212E-01
   20  T  3  6 3   1.18485E+00
   21  T  3  7 1   1.46189E+00
   22  T  4  6 3   1.49894E+00
   23  T  6  6 3   1.61885E+00
   24  T  4  7 1   1.79768E+00
   25  T  3  7 3   1.80443E+00
   26  T  3  8 1   1.98328E+00
   27  T  4  7 3   2.13261E+00
   28  T  3  8 3   2.20444E+00
   29  T  6  7 3   2.23775E+00
   30  T  4  8 1   2.32257E+00
   31  T  3  9 1   2.32775E+00
   32  T  3  9 3   2.47854E+00
   33  T  4  8 3   2.54022E+00
   34  T  3 10 1   2.56564E+00
   35  T  6  8 3   2.63941E+00
   36  T  4  9 1   2.66888E+00
   37  T  3 10 3   2.67421E+00
    5    3    0   47
    3  3.499605E+00
    1  C  2  0 0  -9.66969E+00
    2  T  4  4 0  -4.65286E+00
    3  C  6  0 0  -3.04854E+00
    4  C  6  0 0  -2.81208E+00
    5  T  3  4 2  -2.75552E+00
    6  C  6  0 0: -2.71208E+00
    7  T  4  4 2  -2.48737E+00
    8  T  6  4 2  -2.33063E+00
    9  C  6  0 0  -2.22719E+00
   10  C  6  0 0  -2.10065E+00
   11  C  6  0 0: -1.74395E+00
   12  C  6  0 0: -1.55883E+00
   13  C  6  0 0  -1.50324E+00
   14  T  4  5 0  -9.63646E-01
   15  C  6  0 0  -9.39368E-01
   16  T  3  5 2  -2.95310E-01
   17  T  4  5 2  -4.55167E-03
   18  T  6  5 2   1.32746E-01
   19  T  3  5 4   2.53007E-01
   20  T  4  5 4   5.70576E-01
   21  T  6  5 4   7.15978E-01
   22  T  4  6 0   7.54306E-01
   23  T  3  6 2   9.40191E-01
   24  T  3  6 4   1.24352E+00
   25  T  4  6 2   1.25921E+00
   26  T  6  6 2   1.37092E+00
   27  T  4  6 4   1.58178E+00
   28  T  3  7 2   1.65548E+00
   29  T  4  7 0   1.68669E+00
   30  T  6  6 4   1.69044E+00
   31  T  3  7 4   1.84195E+00
   32  T  4  7 2   1.98683E+00
   33  T  6  7 2   2.08913E+00
   34  T  3  8 2   2.10852E+00
   35  T  4  7 4   2.18392E+00
   36  T  3  8 4   2.23019E+00
   37  T  4  8 0   2.25134E+00
   38  T  6  7 4   2.28508E+00
   39  T  3  9 2   2.41180E+00
   40  T  4  8 2   2.44552E+00
   41  T  3  9 4   2.49684E+00
   42  T  6  8 2   2.54315E+00
   43  T  4  8 4   2.57401E+00
   44  T  4  9 0   2.61991E+00
   45  T  3 10 2   2.62678E+00
   46  T  6  8 4   2.67152E+00
   47  T  3 10 4   2.68781E+00
    5    4    1   28
    3  3.499605E+00
    1  C  3  0 0  -6.89289E+00
    2  C  5  0 0  -5.48780E+00
    3  C  5  0 0  -5.09038E+00
    4  C  5  0 0  -4.42936E+00
    5  T  4  4 1  -3.76538E+00
    6  T  3  4 3  -1.74972E+00
    7  T  4  4 3  -1.50239E+00
    8  T  6  4 3  -1.34773E+00
    9  T  4  5 1  -5.71689E-01
   10  T  3  5 3   1.38095E-01
   11  T  4  5 3   4.36790E-01
   12  T  6  5 3   5.58273E-01
   13  C  7  0 0   9.14023E-01
   14  T  4  6 1   9.58891E-01
   15  T  3  6 3   1.17373E+00
   16  T  4  6 3   1.49609E+00
   17  T  6  6 3   1.60049E+00
   18  T  3  7 3   1.79710E+00
   19  T  4  7 1   1.80747E+00
   20  T  4  7 3   2.12959E+00
   21  T  3  8 3   2.20009E+00
   22  T  6  7 3   2.22805E+00
   23  T  4  8 1   2.32898E+00
   24  T  3  9 3   2.47542E+00
   25  T  4  8 3   2.53802E+00
   26  T  6  8 3   2.63326E+00
   27  T  3 10 3   2.67198E+00
   28  T  4  9 1   2.67294E+00
    5    4    0   33
    3  3.499605E+00
    1  C  2  0 0  -9.50646E+00
    2  C  6  0 0  -3.11424E+00
    3  C  6  0 0: -2.90381E+00
    4  T  3  4 2  -2.83953E+00
    5  C  6  0 0  -2.65254E+00
    6  T  4  4 2  -2.41374E+00
    7  C  6  0 0  -2.15438E+00
    8  C  6  0 0: -1.75341E+00
    9  C  6  0 0  -1.28985E+00
   10  T  3  5 2  -3.32937E-01
   11  T  4  5 2   2.42478E-02
   12  T  3  5 4   2.55040E-01
   13  T  4  5 4   5.58825E-01
   14  T  6  5 4   7.01385E-01
   15  T  3  6 2   9.21593E-01
   16  T  3  6 4   1.24477E+00
   17  T  4  6 2   1.27255E+00
   18  T  4  6 4   1.57593E+00
   19  T  3  7 2   1.64551E+00
   20  T  6  6 4   1.68305E+00
   21  T  3  7 4   1.84269E+00
   22  T  4  7 2   1.99410E+00
   23  T  3  8 2   2.10205E+00
   24  T  4  7 4   2.18032E+00
   25  T  3  8 4   2.23103E+00
   26  T  6  7 4   2.28026E+00
   27  T  3  9 2   2.40724E+00
   28  T  4  8 2   2.45023E+00
   29  T  3  9 4   2.49735E+00
   30  T  4  8 4   2.57157E+00
   31  T  3 10 2   2.62333E+00
   32  T  6  8 4   2.66869E+00
   33  T  3 10 4   2.68789E+00
    0    0    0    0
