    3    2    F
  1  0  0    1  1  1        90
    1    1   -.459E+00   -.457E+00
    1    2   -.111E+00   -.111E+00
    1    3   -.438E-01   -.439E-01
    1    4   -.217E-01   -.219E-01
    1    5   -.124E-01   -.124E-01
    1    6   -.770E-02   -.777E-02
    1    7   -.512E-02   -.517E-02
    1    8   -.358E-02   -.362E-02
    1    9   -.260E-02   -.263E-02
    2    1   -.205E+00    .000E+00
    2    2   -.262E+00   -.262E+00
    2    3   -.738E-01   -.739E-01
    2    4   -.319E-01   -.320E-01
    2    5   -.169E-01   -.170E-01
    2    6   -.101E-01   -.102E-01
    2    7   -.655E-02   -.659E-02
    2    8   -.450E-02   -.453E-02
    2    9   -.323E-02   -.325E-02
    3    1    .925E-01    .930E-01
    3    2   -.350E+00    .000E+00
    3    3   -.271E+00    .000E+00
    3    4   -.811E-01    .000E+00
    3    5   -.367E-01   -.375E-01
    3    6   -.202E-01   -.207E-01
    3    7   -.124E-01   -.128E-01
    3    8   -.825E-02   -.852E-02
    3    9   -.579E-02   -.598E-02
    4    1    .184E-01    .186E-01
    4    2    .201E+00    .000E+00
    4    3   -.485E+00    .000E+00
    4    4   -.291E+00    .000E+00
    4    5   -.887E-01    .000E+00
    4    6   -.409E-01    .000E+00
    4    7   -.229E-01    .000E+00
    4    8   -.143E-01    .000E+00
    4    9   -.967E-02    .000E+00
    5    1    .710E-02    .715E-02
    5    2    .407E-01    .000E+00
    5    3    .317E+00    .000E+00
    5    4   -.616E+00    .000E+00
    5    5   -.316E+00    .000E+00
    5    6   -.967E-01    .000E+00
    5    7   -.450E-01    .000E+00
    5    8   -.254E-01    .000E+00
    5    9   -.161E-01    .000E+00
    6    1    .356E-02    .359E-02
    6    2    .160E-01    .000E+00
    6    3    .645E-01    .000E+00
    6    4    .436E+00    .000E+00
    6    5   -.744E+00    .000E+00
    6    6   -.343E+00    .000E+00
    6    7   -.105E+00    .000E+00
    6    8   -.490E-01    .000E+00
    6    9   -.278E-01    .000E+00
    7    1    .206E-02    .208E-02
    7    2    .818E-02    .803E-02
    7    3    .256E-01    .000E+00
    7    4    .889E-01    .000E+00
    7    5    .556E+00    .000E+00
    7    6   -.872E+00    .000E+00
    7    7   -.371E+00    .000E+00
    7    8   -.113E+00    .000E+00
    7    9   -.529E-01    .000E+00
    8    1    .131E-02    .132E-02
    8    2    .483E-02    .476E-02
    8    3    .132E-01    .000E+00
    8    4    .354E-01    .000E+00
    8    5    .114E+00    .000E+00
    8    6    .678E+00    .000E+00
    8    7   -.999E+00    .000E+00
    8    8   -.400E+00    .000E+00
    8    9   -.122E+00    .000E+00
    9    1    .889E-03    .894E-03
    9    2    .312E-02    .308E-02
    9    3    .788E-02    .000E+00
    9    4    .184E-01    .000E+00
    9    5    .454E-01    .000E+00
    9    6    .138E+00    .000E+00
    9    7    .800E+00    .000E+00
    9    8   -.113E+01    .000E+00
    9    9   -.430E+00    .000E+00
   10    1    .631E-03    .635E-03
   10    2    .215E-02    .212E-02
   10    3    .514E-02    .000E+00
   10    4    .110E-01    .000E+00
   10    5    .236E-01    .000E+00
   10    6    .553E-01    .000E+00
   10    7    .163E+00    .000E+00
   10    8    .923E+00    .000E+00
   10    9   -.125E+01    .000E+00
  1  2  0    1  1  1        72
    1    1    .214E+01    .214E+01
    1    2   -.768E-01    .000E+00
    1    3   -.445E-01    .000E+00
    1    4   -.910E-02    .000E+00
    1    5   -.348E-02   -.366E-02
    1    6   -.174E-02   -.186E-02
    1    7   -.101E-02   -.109E-02
    1    8   -.647E-03   -.703E-03
    1    9   -.441E-03   -.482E-03
    2    1    .358E+00    .358E+00
    2    2    .196E+01    .000E+00
    2    3   -.141E+00    .000E+00
    2    4   -.115E+00    .000E+00
    2    5   -.246E-01    .000E+00
    2    6   -.964E-02    .000E+00
    2    7   -.491E-02    .000E+00
    2    8   -.289E-02    .000E+00
    2    9   -.187E-02    .000E+00
    3    1    .128E+00    .128E+00
    3    2    .425E+00    .000E+00
    3    3    .196E+01    .000E+00
    3    4   -.196E+00    .000E+00
    3    5   -.201E+00    .000E+00
    3    6   -.442E-01    .000E+00
    3    7   -.176E-01    .000E+00
    3    8   -.903E-02    .000E+00
    3    9   -.536E-02    .000E+00
    4    1    .619E-01    .619E-01
    4    2    .169E+00    .000E+00
    4    3    .460E+00    .000E+00
    4    4    .203E+01    .000E+00
    4    5   -.248E+00    .000E+00
    4    6   -.297E+00    .000E+00
    4    7   -.665E-01    .000E+00
    4    8   -.267E-01    .000E+00
    4    9   -.138E-01    .000E+00
    5    1    .351E-01    .351E-01
    5    2    .865E-01    .866E-01
    5    3    .191E+00    .000E+00
    5    4    .491E+00    .000E+00
    5    5    .213E+01    .000E+00
    5    6   -.299E+00    .000E+00
    5    7   -.399E+00    .000E+00
    5    8   -.906E-01    .000E+00
    5    9   -.366E-01    .000E+00
    6    1    .220E-01    .220E-01
    6    2    .511E-01    .512E-01
    6    3    .101E+00    .000E+00
    6    4    .209E+00    .000E+00
    6    5    .522E+00    .000E+00
    6    6    .224E+01    .000E+00
    6    7   -.348E+00    .000E+00
    6    8   -.506E+00    .000E+00
    6    9   -.116E+00    .000E+00
    7    1    .148E-01    .148E-01
    7    2    .330E-01    .331E-01
    7    3    .610E-01    .000E+00
    7    4    .112E+00    .000E+00
    7    5    .224E+00    .000E+00
    7    6    .554E+00    .000E+00
    7    7    .237E+01    .000E+00
    7    8   -.397E+00    .000E+00
    7    9   -.616E+00    .000E+00
    8    1    .104E-01    .104E-01
    8    2    .227E-01    .228E-01
    8    3    .401E-01    .000E+00
    8    4    .686E-01    .000E+00
    8    5    .122E+00    .000E+00
    8    6    .239E+00    .000E+00
    8    7    .587E+00    .000E+00
    8    8    .251E+01    .000E+00
    8    9   -.445E+00    .000E+00
  3  0  0    3  1  1        81
    1    1   -.926E+00    .000E+00
    1    2   -.560E+00   -.560E+00
    1    3   -.172E+00   -.172E+00
    1    4   -.766E-01   -.767E-01
    1    5   -.411E-01   -.412E-01
    1    6   -.248E-01   -.248E-01
    1    7   -.161E-01   -.161E-01
    1    8   -.111E-01   -.111E-01
    1    9   -.797E-02   -.798E-02
    2    1    .352E+00    .352E+00
    2    2   -.154E+01    .000E+00
    2    3   -.559E+00    .000E+00
    2    4   -.184E+00   -.186E+00
    2    5   -.860E-01   -.876E-01
    2    6   -.481E-01   -.491E-01
    2    7   -.299E-01   -.306E-01
    2    8   -.199E-01   -.204E-01
    2    9   -.140E-01   -.144E-01
    3    1    .646E-01    .647E-01
    3    2    .766E+00    .000E+00
    3    3   -.212E+01    .000E+00
    3    4   -.587E+00    .000E+00
    3    5   -.197E+00    .000E+00
    3    6   -.943E-01    .000E+00
    3    7   -.537E-01    .000E+00
    3    8   -.340E-01    .000E+00
    3    9   -.230E-01    .000E+00
    4    1    .242E-01    .243E-01
    4    2    .144E+00    .000E+00
    4    3    .120E+01    .000E+00
    4    4   -.267E+01    .000E+00
    4    5   -.627E+00    .000E+00
    4    6   -.212E+00    .000E+00
    4    7   -.102E+00    .000E+00
    4    8   -.589E-01    .000E+00
    4    9   -.377E-01    .000E+00
    5    1    .120E-01    .120E-01
    5    2    .554E-01    .549E-01
    5    3    .228E+00    .000E+00
    5    4    .165E+01    .000E+00
    5    5   -.323E+01    .000E+00
    5    6   -.672E+00    .000E+00
    5    7   -.227E+00    .000E+00
    5    8   -.110E+00    .000E+00
    5    9   -.638E-01    .000E+00
    6    1    .690E-02    .690E-02
    6    2    .280E-01    .279E-01
    6    3    .885E-01    .000E+00
    6    4    .313E+00    .000E+00
    6    5    .210E+01    .000E+00
    6    6   -.377E+01    .000E+00
    6    7   -.721E+00    .000E+00
    6    8   -.243E+00    .000E+00
    6    9   -.118E+00    .000E+00
    7    1    .436E-02    .436E-02
    7    2    .164E-01    .164E-01
    7    3    .453E-01    .000E+00
    7    4    .122E+00    .000E+00
    7    5    .399E+00    .000E+00
    7    6    .255E+01    .000E+00
    7    7   -.432E+01    .000E+00
    7    8   -.771E+00    .000E+00
    7    9   -.259E+00    .000E+00
    8    1    .294E-02    .294E-02
    8    2    .106E-01    .106E-01
    8    3    .268E-01    .000E+00
    8    4    .628E-01    .000E+00
    8    5    .156E+00    .000E+00
    8    6    .485E+00    .000E+00
    8    7    .301E+01    .000E+00
    8    8   -.486E+01    .000E+00
    8    9   -.823E+00    .000E+00
    9    1    .208E-02    .208E-02
    9    2    .725E-02    .727E-02
    9    3    .174E-01    .000E+00
    9    4    .374E-01    .000E+00
    9    5    .803E-01    .000E+00
    9    6    .189E+00    .000E+00
    9    7    .571E+00    .000E+00
    9    8    .346E+01    .000E+00
    9    9   -.541E+01    .000E+00
  3  2  0    3  1  1        72
    1    1    .563E+01    .563E+01
    1    2    .811E+00    .000E+00
    1    3   -.294E+00    .000E+00
    1    4   -.556E-01    .000E+00
    1    5   -.209E-01    .000E+00
    1    6   -.104E-01   -.110E-01
    1    7   -.602E-02   -.639E-02
    1    8   -.384E-02   -.409E-02
    1    9   -.262E-02   -.279E-02
    2    1    .111E+01    .111E+01
    2    2    .454E+01    .000E+00
    2    3    .144E+01    .000E+00
    2    4   -.706E+00    .000E+00
    2    5   -.139E+00    .000E+00
    2    6   -.531E-01    .000E+00
    2    7   -.268E-01    .000E+00
    2    8   -.157E-01    .000E+00
    2    9   -.101E-01    .000E+00
    3    1    .421E+00    .422E+00
    3    2    .115E+01    .000E+00
    3    3    .424E+01    .000E+00
    3    4    .199E+01    .000E+00
    3    5   -.118E+01    .000E+00
    3    6   -.237E+00    .000E+00
    3    7   -.918E-01    .000E+00
    3    8   -.467E-01    .000E+00
    3    9   -.276E-01    .000E+00
    4    1    .209E+00    .210E+00
    4    2    .485E+00    .484E+00
    4    3    .116E+01    .000E+00
    4    4    .421E+01    .000E+00
    4    5    .251E+01    .000E+00
    4    6   -.169E+01    .000E+00
    4    7   -.344E+00    .000E+00
    4    8   -.134E+00    .000E+00
    4    9   -.689E-01    .000E+00
    5    1    .121E+00    .121E+00
    5    2    .256E+00    .257E+00
    5    3    .513E+00    .000E+00
    5    4    .119E+01    .000E+00
    5    5    .429E+01    .000E+00
    5    6    .301E+01    .000E+00
    5    7   -.223E+01    .000E+00
    5    8   -.457E+00    .000E+00
    5    9   -.180E+00    .000E+00
    6    1    .765E-01    .766E-01
    6    2    .154E+00    .155E+00
    6    3    .280E+00    .000E+00
    6    4    .536E+00    .000E+00
    6    5    .123E+01    .000E+00
    6    6    .443E+01    .000E+00
    6    7    .350E+01    .000E+00
    6    8   -.278E+01    .000E+00
    6    9   -.574E+00    .000E+00
    7    1    .517E-01    .518E-01
    7    2    .101E+00    .101E+00
    7    3    .172E+00    .000E+00
    7    4    .297E+00    .000E+00
    7    5    .558E+00    .000E+00
    7    6    .127E+01    .000E+00
    7    7    .460E+01    .000E+00
    7    8    .399E+01    .000E+00
    7    9   -.334E+01    .000E+00
    8    1    .367E-01    .368E-01
    8    2    .698E-01    .702E-01
    8    3    .115E+00    .000E+00
    8    4    .185E+00    .000E+00
    8    5    .312E+00    .000E+00
    8    6    .581E+00    .000E+00
    8    7    .132E+01    .000E+00
    8    8    .480E+01    .000E+00
    8    9    .447E+01    .000E+00
  0  0  0    0  0  0         0
