    5    4    F
  1  0  0    1  1  1       100
    1    1   -.103E+01   -.110E+01
    1    2   -.991E-01   -.928E-01
    1    3   -.512E-01   -.485E-01
    1    4   -.240E-01   -.232E-01
    1    5   -.202E-02   -.216E-02
    1    6   -.250E-02   -.219E-02
    1    7   -.422E-02   -.385E-02
    1    8   -.358E-02   -.329E-02
    1    9   -.277E-02   -.255E-02
    1   10   -.213E-02   -.197E-02
    2    1    .675E+00    .696E+00
    2    2   -.327E+00   -.324E+00
    2    3   -.131E+00   -.141E+00
    2    4   -.246E+00   -.261E+00
    2    5   -.301E+00   -.317E+00
    2    6   -.757E-01   -.791E-01
    2    7   -.125E-01   -.129E-01
    2    8   -.268E-02   -.273E-02
    2    9   -.641E-03   -.634E-03
    2   10   -.139E-03   -.130E-03
    3    1    .397E-01    .349E-01
    3    2   -.174E+00   -.205E+00
    3    3   -.164E+00   -.158E+00
    3    4   -.762E-01   -.780E-01
    3    5   -.345E-01   -.398E-01
    3    6   -.243E-02   -.387E-02
    3    7   -.124E-04   -.161E-03
    3    8   -.204E-04   -.617E-05
    3    9   -.222E-04   -.911E-06
    3   10   -.110E-04   -.209E-05
    4    1    .105E-01    .110E-01
    4    2    .349E+00    .352E+00
    4    3   -.673E+00    .000E+00
    4    4   -.330E+00   -.317E+00
    4    5   -.779E-01   -.795E-01
    4    6   -.780E-04   -.127E-04
    4    7   -.646E-02   -.607E-02
    4    8   -.708E-02   -.697E-02
    4    9   -.587E-02   -.591E-02
    4   10   -.461E-02   -.471E-02
    5    1    .414E-02    .426E-02
    5    2    .676E-01    .691E-01
    5    3    .400E+00    .392E+00
    5    4   -.195E+00    .000E+00
    5    5   -.104E+01   -.102E+01
    5    6   -.228E-01   -.192E-01
    5    7   -.169E-02   -.231E-02
    5    8   -.450E-02   -.503E-02
    5    9   -.432E-02   -.462E-02
    5   10   -.354E-02   -.371E-02
    6    1    .198E-02    .200E-02
    6    2    .276E-01    .283E-01
    6    3    .724E-01    .697E-01
    6    4    .216E+00    .207E+00
    6    5    .103E+01    .000E+00
    6    6   -.217E+01    .000E+00
    6    7   -.178E-02   -.104E-02
    6    8   -.317E-02   -.375E-02
    6    9   -.428E-02   -.465E-02
    6   10   -.373E-02   -.393E-02
    7    1    .109E-02    .109E-02
    7    2    .149E-01    .153E-01
    7    3    .265E-01    .253E-01
    7    4    .450E-01    .426E-01
    7    5    .488E-02    .371E-02
    7    6    .168E+01    .000E+00
    7    7   -.263E+01    .000E+00
    7    8   -.798E-06   -.483E-04
    7    9   -.393E-02   -.433E-02
    7   10   -.417E-02   -.441E-02
    8    1    .658E-03    .647E-03
    8    2    .925E-02    .953E-02
    8    3    .126E-01    .120E-01
    8    4    .169E-01    .159E-01
    8    5    .136E-02    .965E-03
    8    6    .145E+00    .137E+00
    8    7    .188E+01    .000E+00
    8    8   -.294E+01    .000E+00
    8    9   -.333E-03    .000E+00
    8   10   -.421E-02   -.448E-02
    9    1    .425E-03    .413E-03
    9    2    .630E-02    .649E-02
    9    3    .686E-02    .647E-02
    9    4    .802E-02    .750E-02
    9    5    .846E-03    .614E-03
    9    6    .481E-01    .450E-01
    9    7    .215E+00    .209E+00
    9    8    .208E+01    .000E+00
    9    9   -.327E+01    .000E+00
    9   10   -.598E-03    .000E+00
   10    1    .289E-03    .278E-03
   10    2    .455E-02    .470E-02
   10    3    .407E-02    .382E-02
   10    4    .433E-02    .404E-02
   10    5    .666E-03    .503E-03
   10    6    .236E-01    .220E-01
   10    7    .740E-01    .715E-01
   10    8    .257E+00    .000E+00
   10    9    .232E+01    .000E+00
   10   10   -.360E+01    .000E+00
  1  1  0    1  1  1        80
    1    1    .131E+00    .122E+00
    1    2    .779E+00    .824E+00
    1    3    .816E-01    .828E-01
    1    4    .105E+00    .109E+00
    1    5    .761E-01    .000E+00
    1    6   -.101E-01    .000E+00
    1    7   -.159E-01   -.150E-01
    1    8   -.117E-01   -.113E-01
    1    9   -.859E-02   -.834E-02
    1   10   -.651E-02   -.635E-02
    2    1    .368E-01    .359E-01
    2    2    .215E-03    .197E-03
    2    3    .336E+00    .368E+00
    2    4    .509E-01    .522E-01
    2    5    .177E+00    .181E+00
    2    6    .106E+00    .108E+00
    2    7    .451E-01    .459E-01
    2    8    .245E-01    .250E-01
    2    9    .156E-01    .159E-01
    2   10    .109E-01    .111E-01
    3    1    .160E-01    .156E-01
    3    2    .598E-04    .581E-04
    3    3    .307E-03    .282E-03
    3    4    .195E+00    .216E+00
    3    5    .195E+00    .207E+00
    3    6    .544E-01    .572E-01
    3    7    .159E-01    .166E-01
    3    8    .694E-02    .726E-02
    3    9    .382E-02    .399E-02
    3   10    .240E-02    .250E-02
    4    1    .845E-02    .829E-02
    4    2    .203E-04    .209E-04
    4    3    .211E-03    .194E-03
    4    4    .234E-04    .577E-05
    4    5    .487E-01    .549E-01
    4    6    .339E+00    .366E+00
    4    7    .177E-01    .189E-01
    4    8    .524E-02    .557E-02
    4    9    .242E-02    .257E-02
    4   10    .137E-02    .146E-02
    5    1    .504E-02    .494E-02
    5    2    .881E-05    .948E-05
    5    3    .142E-03    .130E-03
    5    4    .285E-03    .244E-03
    5    5    .385E-03    .540E-03
    5    6    .135E-01    .151E-01
    5    7    .367E+00    .399E+00
    5    8    .882E-02    .950E-02
    5    9    .263E-02    .282E-02
    5   10    .124E-02    .133E-02
    6    1    .325E-02    .319E-02
    6    2    .452E-05    .506E-05
    6    3    .976E-04    .891E-04
    6    4    .289E-03    .261E-03
    6    5    .222E-04    .785E-05
    6    6    .763E-03    .906E-03
    6    7    .728E-02    .805E-02
    6    8    .369E+00    .401E+00
    6    9    .566E-02    .613E-02
    6   10    .166E-02    .180E-02
    7    1    .222E-02    .218E-02
    7    2    .261E-05    .301E-05
    7    3    .694E-04    .633E-04
    7    4    .238E-03    .219E-03
    7    5    .110E-03    .854E-04
    7    6    .804E-04    .107E-03
    7    7    .814E-03    .917E-03
    7    8    .530E-02    .581E-02
    7    9    .368E+00    .401E+00
    7   10    .419E-02    .455E-02
    8    1    .159E-02    .156E-02
    8    2    .164E-05    .194E-05
    8    3    .509E-04    .464E-04
    8    4    .187E-03    .174E-03
    8    5    .138E-03    .117E-03
    8    6    .586E-05    .112E-04
    8    7    .197E-03    .226E-03
    8    8    .780E-03    .863E-03
    8    9    .432E-02    .473E-02
    8   10    .368E+00    .401E+00
  1  1  0    1  2  1        64
    1    1   -.808E+00   -.777E+00
    1    2   -.545E+00   -.559E+00
    1    3   -.190E+00   -.195E+00
    1    4   -.903E-01   -.926E-01
    1    5   -.507E-01   -.520E-01
    1    6   -.316E-01   -.323E-01
    1    7   -.211E-01   -.216E-01
    1    8   -.148E-01   -.152E-01
    2    1    .183E+00    .187E+00
    2    2   -.128E+01   -.135E+01
    2    3   -.439E+00   -.413E+00
    2    4   -.165E+00   -.158E+00
    2    5   -.818E-01   -.799E-01
    2    6   -.474E-01   -.469E-01
    2    7   -.302E-01   -.302E-01
    2    8   -.206E-01   -.208E-01
    3    1    .281E-01    .301E-01
    3    2    .407E+00    .405E+00
    3    3   -.169E+01    .000E+00
    3    4   -.396E+00   -.399E+00
    3    5   -.153E+00   -.152E+00
    3    6   -.775E-01   -.767E-01
    3    7   -.458E-01   -.450E-01
    3    8   -.297E-01   -.291E-01
    4    1    .100E-01    .110E-01
    4    2    .661E-01    .649E-01
    4    3    .654E+00    .633E+00
    4    4   -.208E+01    .000E+00
    4    5   -.376E+00   -.377E+00
    4    6   -.147E+00   -.146E+00
    4    7   -.756E-01   -.744E-01
    4    8   -.452E-01   -.442E-01
    5    1    .488E-02    .538E-02
    5    2    .241E-01    .236E-01
    5    3    .108E+00    .103E+00
    5    4    .911E+00    .901E+00
    5    5   -.246E+01    .000E+00
    5    6   -.368E+00   -.365E+00
    5    7   -.145E+00   -.143E+00
    5    8   -.748E-01   -.735E-01
    6    1    .279E-02    .310E-02
    6    2    .119E-01    .116E-01
    6    3    .396E-01    .374E-01
    6    4    .152E+00    .150E+00
    6    5    .117E+01    .117E+01
    6    6   -.283E+01    .000E+00
    6    7   -.366E+00   -.362E+00
    6    8   -.144E+00   -.142E+00
    7    1    .176E-02    .196E-02
    7    2    .689E-02    .674E-02
    7    3    .197E-01    .185E-01
    7    4    .563E-01    .553E-01
    7    5    .197E+00    .197E+00
    7    6    .144E+01    .000E+00
    7    7   -.319E+01    .000E+00
    7    8   -.367E+00    .000E+00
    8    1    .119E-02    .133E-02
    8    2    .441E-02    .431E-02
    8    3    .115E-01    .108E-01
    8    4    .282E-01    .276E-01
    8    5    .735E-01    .735E-01
    8    6    .244E+00    .245E+00
    8    7    .171E+01    .000E+00
    8    8   -.356E+01    .000E+00
  1  1  1    1  2  0        90
    1    1   -.467E+00   -.507E+00
    1    2   -.159E+01   -.162E+01
    1    3   -.459E+00   -.462E+00
    1    4   -.213E+00   -.214E+00
    1    5   -.128E+00   -.129E+00
    1    6   -.952E-01   -.957E-01
    1    7   -.933E-01   -.939E-01
    1    8   -.141E+00   -.143E+00
    1    9   -.104E+00   -.106E+00
    2    1    .210E+00    .213E+00
    2    2   -.140E+01   -.138E+01
    2    3   -.398E+00   -.400E+00
    2    4   -.166E+00   -.166E+00
    2    5   -.770E-01   -.760E-01
    2    6   -.354E-01   -.340E-01
    2    7   -.105E-01   -.914E-02
    2    8   -.328E-02   -.522E-02
    2    9   -.742E-01   -.861E-01
    3    1    .996E-01    .108E+00
    3    2    .581E+00    .590E+00
    3    3   -.266E+01   -.273E+01
    3    4   -.135E+00   -.119E+00
    3    5   -.105E+00   -.979E-01
    3    6   -.861E-01   -.835E-01
    3    7   -.970E-01   -.976E-01
    3    8   -.188E+00   -.197E+00
    3    9   -.189E+00   -.205E+00
    4    1    .134E+00    .142E+00
    4    2    .747E-01    .795E-01
    4    3    .129E+01    .128E+01
    4    4   -.356E+01   -.347E+01
    4    5   -.446E-03   -.113E-03
    4    6   -.187E-01   -.203E-01
    4    7   -.592E-01   -.614E-01
    4    8   -.233E+00   -.238E+00
    4    9   -.387E+00   -.395E+00
    5    1    .145E+00    .149E+00
    5    2    .272E-02    .301E-02
    5    3    .104E-01    .967E-02
    5    4    .147E+01    .000E+00
    5    5   -.260E+01   -.256E+01
    5    6   -.229E+00   -.224E+00
    5    7   -.167E-01   -.158E-01
    5    8   -.761E-01   -.773E-01
    5    9   -.469E+00   -.470E+00
    6    1    .331E-01    .326E-01
    6    2    .679E-02    .735E-02
    6    3    .298E-01    .301E-01
    6    4    .273E+00    .269E+00
    6    5   -.409E+00    .000E+00
    6    6   -.138E+01   -.139E+01
    6    7   -.317E+00   -.318E+00
    6    8   -.399E-01   -.406E-01
    6    9   -.677E-01   -.660E-01
    7    1    .504E-02    .459E-02
    7    2    .875E-02    .959E-02
    7    3    .252E-01    .252E-01
    7    4    .111E+00    .106E+00
    7    5    .865E+00    .851E+00
    7    6   -.199E+01    .000E+00
    7    7   -.105E+01    .000E+00
    7    8   -.331E+00   -.335E+00
    7    9   -.637E-02   -.712E-02
    8    1    .102E-02    .821E-03
    8    2    .684E-02    .754E-02
    8    3    .153E-01    .152E-01
    8    4    .490E-01    .462E-01
    8    5    .184E+00    .179E+00
    8    6    .129E+01    .000E+00
    8    7   -.231E+01    .000E+00
    8    8   -.161E+01    .000E+00
    8    9   -.206E+00    .000E+00
    9    1    .242E-03    .156E-03
    9    2    .516E-02    .570E-02
    9    3    .961E-02    .958E-02
    9    4    .260E-01    .244E-01
    9    5    .724E-01    .700E-01
    9    6    .242E+00    .238E+00
    9    7    .141E+01    .000E+00
    9    8   -.128E+00    .000E+00
    9    9   -.431E+01    .000E+00
   10    1    .571E-04    .228E-04
   10    2    .397E-02    .439E-02
   10    3    .642E-02    .640E-02
   10    4    .157E-01    .147E-01
   10    5    .371E-01    .358E-01
   10    6    .924E-01    .908E-01
   10    7    .263E+00    .000E+00
   10    8    .589E+00    .000E+00
   10    9    .358E+01    .000E+00
  1  2  0    1  2  1        72
    1    1   -.114E+01   -.119E+01
    1    2   -.240E+00   -.236E+00
    1    3   -.931E-01   -.903E-01
    1    4   -.470E-01   -.453E-01
    1    5   -.273E-01   -.262E-01
    1    6   -.174E-01   -.166E-01
    1    7   -.118E-01   -.112E-01
    1    8   -.837E-02   -.798E-02
    2    1   -.371E+00   -.402E+00
    2    2   -.452E-01   -.456E-01
    2    3   -.115E-01   -.111E-01
    2    4   -.504E-02   -.477E-02
    2    5   -.273E-02   -.255E-02
    2    6   -.167E-02   -.154E-02
    2    7   -.110E-02   -.101E-02
    2    8   -.768E-03   -.705E-03
    3    1   -.205E-06   -.417E-04
    3    2   -.564E+00   -.617E+00
    3    3   -.176E-01   -.186E-01
    3    4   -.403E-02   -.417E-02
    3    5   -.174E-02   -.178E-02
    3    6   -.951E-03   -.961E-03
    3    7   -.589E-03   -.591E-03
    3    8   -.394E-03   -.394E-03
    4    1   -.881E-03   -.149E-02
    4    2   -.108E-01   -.116E-01
    4    3   -.596E+00   -.650E+00
    4    4   -.119E-01   -.129E-01
    4    5   -.244E-02   -.262E-02
    4    6   -.992E-03   -.106E-02
    4    7   -.525E-03   -.558E-03
    4    8   -.319E-03   -.338E-03
    5    1   -.156E-02   -.238E-02
    5    2   -.679E-02   -.695E-02
    5    3   -.104E-01   -.111E-01
    5    4   -.609E+00   -.663E+00
    5    5   -.883E-02   -.969E-02
    5    6   -.166E-02   -.184E-02
    5    7   -.636E-03   -.703E-03
    5    8   -.322E-03   -.357E-03
    6    1   -.224E-02   -.319E-02
    6    2   -.962E-02   -.949E-02
    6    3   -.561E-02   -.572E-02
    6    4   -.925E-02   -.975E-02
    6    5   -.617E+00   -.671E+00
    6    6   -.562E-02   -.627E-02
    6    7   -.944E-03   -.108E-02
    6    8   -.324E-03   -.376E-03
    7    1   -.361E-02    .000E+00
    7    2   -.232E-01   -.223E-01
    7    3   -.755E-02   -.732E-02
    7    4   -.498E-02   -.493E-02
    7    5   -.678E-02   -.695E-02
    7    6   -.620E+00   -.672E+00
    7    7   -.137E-02   -.163E-02
    7    8   -.114E-03   -.157E-03
    8    1   -.740E-02    .000E+00
    8    2   -.100E+00   -.953E-01
    8    3   -.224E-01   -.208E-01
    8    4   -.809E-02   -.732E-02
    8    5   -.309E-02   -.268E-02
    8    6   -.402E-03   -.255E-03
    8    7   -.535E+00   -.577E+00
    8    8   -.499E-02   -.495E-02
    9    1   -.428E-02    .000E+00
    9    2   -.187E+00   -.177E+00
    9    3   -.341E-01   -.308E-01
    9    4   -.851E-02   -.709E-02
    9    5   -.989E-03   -.562E-03
    9    6   -.155E-02   -.234E-02
    9    7   -.748E-01   -.849E-01
    9    8   -.211E+00   -.225E+00
  1  2  0    1  3  1        63
    1    1   -.209E+00   -.210E+00
    1    2   -.158E+00   -.158E+00
    1    3   -.124E+00   -.124E+00
    1    4   -.102E+00   -.101E+00
    1    5   -.856E-01   -.852E-01
    1    6   -.735E-01   -.731E-01
    1    7   -.638E-01   -.635E-01
    2    1   -.475E+01   -.470E+01
    2    2   -.401E+00   -.390E+00
    2    3   -.682E-01   -.635E-01
    2    4   -.113E-01   -.956E-02
    2    5   -.645E-03   -.306E-03
    2    6   -.479E-03   -.856E-03
    2    7   -.262E-02   -.337E-02
    3    1    .373E+00    .000E+00
    3    2   -.506E+01   -.493E+01
    3    3   -.802E+00   -.797E+00
    3    4   -.252E+00   -.256E+00
    3    5   -.104E+00   -.109E+00
    3    6   -.502E-01   -.534E-01
    3    7   -.264E-01   -.286E-01
    4    1    .248E-01    .250E-01
    4    2    .753E+00    .000E+00
    4    3   -.520E+01   -.518E+01
    4    4   -.965E+00   -.957E+00
    4    5   -.340E+00   -.336E+00
    4    6   -.156E+00   -.154E+00
    4    7   -.826E-01   -.810E-01
    5    1    .401E-02    .360E-02
    5    2    .689E-01    .649E-01
    5    3    .114E+01    .000E+00
    5    4   -.540E+01   -.536E+01
    5    5   -.107E+01   -.105E+01
    5    6   -.397E+00   -.389E+00
    5    7   -.191E+00   -.185E+00
    6    1    .917E-03    .718E-03
    6    2    .140E-01    .125E-01
    6    3    .135E+00    .136E+00
    6    4    .141E+01    .000E+00
    6    5   -.551E+01    .000E+00
    6    6   -.114E+01   -.112E+01
    6    7   -.438E+00   -.428E+00
    7    1    .552E-04    .171E-04
    7    2    .489E-02    .415E-02
    7    3    .349E-01    .355E-01
    7    4    .267E+00    .000E+00
    7    5    .112E+01    .000E+00
    7    6   -.508E+01    .000E+00
    7    7   -.113E+01    .000E+00
    8    1    .873E-03    .107E-02
    8    2    .136E-02    .106E-02
    8    3    .182E-01    .185E-01
    8    4    .105E+00    .109E+00
    8    5    .842E+00    .000E+00
    8    6   -.185E+01    .000E+00
    8    7   -.229E+01    .000E+00
    9    1    .473E-02    .494E-02
    9    2    .170E-03    .190E-03
    9    3    .334E-02    .335E-02
    9    4    .302E-01    .305E-01
    9    5    .192E+00    .000E+00
    9    6    .375E+01    .000E+00
    9    7   -.778E+01    .000E+00
  3  0  0    3  1  1        90
    1    1    .580E+00    .594E+00
    1    2   -.267E+01   -.270E+01
    1    3   -.859E-01   -.861E-01
    1    4   -.113E+01   -.124E+01
    1    5   -.207E-01   -.200E-01
    1    6   -.230E-01   -.229E-01
    1    7   -.147E-01   -.146E-01
    1    8   -.989E-02   -.983E-02
    1    9   -.697E-02   -.693E-02
    1   10   -.511E-02   -.508E-02
    2    1    .103E+00    .109E+00
    2    2    .146E+01    .150E+01
    2    3   -.395E+01   -.412E+01
    2    4   -.549E-03   -.108E-02
    2    5   -.485E-01   -.371E-01
    2    6   -.336E-01   -.285E-01
    2    7   -.203E-01   -.182E-01
    2    8   -.130E-01   -.120E-01
    2    9   -.871E-02   -.825E-02
    2   10   -.612E-02   -.588E-02
    3    1    .421E-01    .446E-01
    3    2    .237E+00    .249E+00
    3    3    .227E+01    .227E+01
    3    4   -.174E-01    .000E+00
    3    5   -.507E+01    .000E+00
    3    6   -.292E-01   -.316E-01
    3    7   -.252E-01   -.253E-01
    3    8   -.164E-01   -.158E-01
    3    9   -.109E-01   -.104E-01
    3   10   -.767E-02   -.712E-02
    4    1    .244E-01    .256E-01
    4    2    .106E+00    .112E+00
    4    3    .321E+00    .320E+00
    4    4    .280E-03    .386E-03
    4    5    .313E+01    .306E+01
    4    6   -.621E+01    .000E+00
    4    7   -.156E-01   -.159E-01
    4    8   -.182E-01   -.177E-01
    4    9   -.127E-01   -.120E-01
    4   10   -.878E-02   -.819E-02
    5    1    .207E-01    .213E-01
    5    2    .886E-01    .956E-01
    5    3    .105E+00    .105E+00
    5    4    .195E-01    .196E-01
    5    5    .425E+00    .413E+00
    5    6    .407E+01    .000E+00
    5    7   -.736E+01    .000E+00
    5    8   -.261E-03   -.188E-03
    5    9   -.550E-02   -.507E-02
    5   10   -.496E-02   -.455E-02
    6    1    .361E-01    .345E-01
    6    2    .208E+00    .230E+00
    6    3    .431E-02    .466E-02
    6    4    .415E+00    .429E+00
    6    5    .426E-01    .430E-01
    6    6    .143E+00    .144E+00
    6    7    .329E+01    .000E+00
    6    8   -.458E+01    .000E+00
    6    9   -.242E+00    .000E+00
    6   10   -.705E-01   -.706E-01
    7    1    .305E-02    .238E-02
    7    2    .359E-01    .410E-01
    7    3    .474E-01    .466E-01
    7    4    .279E+00    .291E+00
    7    5    .755E-01    .712E-01
    7    6    .271E+00    .266E+00
    7    7    .161E+01    .000E+00
    7    8   -.256E+01    .000E+00
    7    9   -.650E+00    .000E+00
    7   10   -.225E+00   -.221E+00
    8    1    .885E-03    .111E-02
    8    2    .411E-03    .348E-03
    8    3    .383E-01    .382E-01
    8    4    .334E-01    .352E-01
    8    5    .728E-01    .699E-01
    8    6    .188E+00    .186E+00
    8    7    .600E+00    .600E+00
    8    8    .442E+01    .000E+00
    8    9   -.754E+01    .000E+00
    8   10   -.173E+00    .000E+00
    9    1    .133E-02    .153E-02
    9    2    .189E-02    .190E-02
    9    3    .246E-01    .247E-01
    9    4    .116E-01    .123E-01
    9    5    .447E-01    .432E-01
    9    6    .981E-01    .971E-01
    9    7    .232E+00    .232E+00
    9    8    .730E+00    .000E+00
    9    9    .547E+01    .000E+00
    9   10   -.901E+01    .000E+00
  3  1  0    3  1  1        90
    1    1    .319E+01    .339E+01
    1    2   -.223E-03   -.366E-04
    1    3   -.133E-02   -.182E-02
    1    4   -.143E+01   -.148E+01
    1    5   -.189E-01   -.209E-01
    1    6   -.565E-02   -.642E-02
    1    7   -.549E-02   -.614E-02
    1    8   -.561E-02   -.619E-02
    1    9   -.576E-02   -.631E-02
    1   10   -.591E-02   -.642E-02
    2    1    .728E-01    .698E-01
    2    2    .124E+01    .134E+01
    2    3    .393E-02    .684E-02
    2    4    .337E+01    .341E+01
    2    5    .262E-01    .335E-01
    2    6    .194E-02    .437E-02
    2    7    .747E-03    .288E-02
    2    8    .204E-03    .000E+00
    2    9   -.149E-03    .000E+00
    2   10   -.410E-03    .000E+00
    3    1    .384E-01    .358E-01
    3    2    .894E-02    .106E-01
    3    3    .115E+01    .124E+01
    3    4    .347E-01    .330E-01
    3    5    .299E-02    .411E-02
    3    6    .516E-03    .872E-03
    3    7    .110E-03    .262E-03
    3    8    .198E-04    .888E-04
    3    9    .704E-06    .279E-04
    3   10    .244E-05    .609E-05
    4    1    .203E-01    .189E-01
    4    2    .243E-02    .304E-02
    4    3    .723E-02    .735E-02
    4    4    .741E-02    .656E-02
    4    5    .114E+01    .123E+01
    4    6    .565E-02    .669E-02
    4    7    .103E-02    .132E-02
    4    8    .353E-03    .494E-03
    4    9    .155E-03    .236E-03
    4   10    .771E-04    .129E-03
    5    1    .119E-01    .110E-01
    5    2    .111E-02    .143E-02
    5    3    .198E-02    .198E-02
    5    4    .115E-01    .111E-01
    5    5    .765E-02    .784E-02
    5    6    .112E+01    .121E+01
    5    7    .651E-02    .743E-02
    5    8    .134E-02    .159E-02
    5    9    .522E-03    .647E-03
    5   10    .264E-03    .338E-03
    6    1    .748E-02    .692E-02
    6    2    .624E-03    .812E-03
    6    3    .886E-03    .878E-03
    6    4    .785E-02    .762E-02
    6    5    .235E-02    .236E-02
    6    6    .623E-02    .652E-02
    6    7    .111E+01    .121E+01
    6    8    .717E-02    .804E-02
    6    9    .156E-02    .180E-02
    6   10    .647E-03    .763E-03
    7    1    .500E-02    .462E-02
    7    2    .392E-03    .514E-03
    7    3    .488E-03    .482E-03
    7    4    .538E-02    .524E-02
    7    5    .114E-02    .113E-02
    7    6    .176E-02    .181E-02
    7    7    .611E-02    .647E-02
    7    8    .111E+01    .120E+01
    7    9    .779E-02    .866E-02
    7   10    .176E-02    .199E-02
    8    1    .350E-02    .323E-02
    8    2    .264E-03    .348E-03
    8    3    .303E-03    .298E-03
    8    4    .381E-02    .371E-02
    8    5    .666E-03    .656E-03
    8    6    .821E-03    .834E-03
    8    7    .171E-02    .178E-02
    8    8    .619E-02    .661E-02
    8    9    .110E+01    .120E+01
    8   10    .844E-02    .932E-02
    9    1    .255E-02    .234E-02
    9    2    .187E-03    .247E-03
    9    3    .203E-03    .199E-03
    9    4    .278E-02    .271E-02
    9    5    .431E-03    .423E-03
    9    6    .469E-03    .473E-03
    9    7    .793E-03    .819E-03
    9    8    .172E-02    .181E-02
    9    9    .638E-02    .685E-02
    9   10    .110E+01    .120E+01
  3  1  0    3  2  1        72
    1    1   -.565E+01   -.570E+01
    1    2   -.153E+01   -.152E+01
    1    3   -.650E+00   -.640E+00
    1    4   -.342E+00   -.336E+00
    1    5   -.204E+00   -.200E+00
    1    6   -.132E+00   -.129E+00
    1    7   -.902E-01   -.882E-01
    1    8   -.646E-01   -.631E-01
    2    1   -.149E+01   -.146E+01
    2    2   -.242E+01   -.239E+01
    2    3   -.714E+00   -.699E+00
    2    4   -.317E+00   -.309E+00
    2    5   -.172E+00   -.167E+00
    2    6   -.105E+00   -.101E+00
    2    7   -.690E-01   -.666E-01
    2    8   -.481E-01   -.463E-01
    3    1    .405E+00    .390E+00
    3    2   -.261E+01    .000E+00
    3    3   -.206E+01   -.194E+01
    3    4   -.669E+00   -.636E+00
    3    5   -.314E+00   -.303E+00
    3    6   -.177E+00   -.173E+00
    3    7   -.111E+00   -.109E+00
    3    8   -.749E-01   -.743E-01
    4    1    .725E-01    .707E-01
    4    2    .919E+00    .909E+00
    4    3   -.360E+01    .000E+00
    4    4   -.190E+01   -.192E+01
    4    5   -.640E+00   -.642E+00
    4    6   -.308E+00   -.308E+00
    4    7   -.177E+00   -.176E+00
    4    8   -.113E+00   -.112E+00
    5    1    .274E-01    .269E-01
    5    2    .166E+00    .160E+00
    5    3    .150E+01    .144E+01
    5    4   -.453E+01    .000E+00
    5    5   -.185E+01   -.187E+01
    5    6   -.630E+00   -.633E+00
    5    7   -.307E+00   -.307E+00
    5    8   -.178E+00   -.178E+00
    6    1    .138E-01    .136E-01
    6    2    .625E-01    .595E-01
    6    3    .271E+00    .254E+00
    6    4    .211E+01    .207E+01
    6    5   -.541E+01    .000E+00
    6    6   -.184E+01   -.185E+01
    6    7   -.631E+00   -.632E+00
    6    8   -.309E+00   -.309E+00
    7    1    .804E-02    .792E-02
    7    2    .314E-01    .297E-01
    7    3    .102E+00    .944E-01
    7    4    .385E+00    .372E+00
    7    5    .274E+01    .272E+01
    7    6   -.628E+01    .000E+00
    7    7   -.186E+01    .000E+00
    7    8   -.638E+00   -.638E+00
    8    1    .516E-02    .508E-02
    8    2    .184E-01    .173E-01
    8    3    .516E-01    .471E-01
    8    4    .146E+00    .140E+00
    8    5    .503E+00    .495E+00
    8    6    .339E+01    .000E+00
    8    7   -.713E+01    .000E+00
    8    8   -.190E+01    .000E+00
    9    1    .353E-02    .348E-02
    9    2    .118E-01    .111E-01
    9    3    .303E-01    .275E-01
    9    4    .739E-01    .706E-01
    9    5    .192E+00    .188E+00
    9    6    .624E+00    .620E+00
    9    7    .405E+01    .000E+00
    9    8   -.797E+01    .000E+00
  3  1  1    3  2  0        90
    1    1   -.432E+01   -.432E+01
    1    2   -.113E+01   -.112E+01
    1    3   -.480E+00   -.475E+00
    1    4   -.276E+00   -.271E+00
    1    5   -.502E-01   -.432E-01
    1    6   -.129E+00   -.129E+00
    1    7   -.880E-01   -.873E-01
    1    8   -.609E-01   -.604E-01
    1    9   -.437E-01   -.434E-01
    2    1   -.236E+01   -.232E+01
    2    2   -.284E+01   -.286E+01
    2    3   -.974E+00   -.981E+00
    2    4   -.662E+00   -.675E+00
    2    5   -.162E+01   -.176E+01
    2    6   -.142E+00   -.140E+00
    2    7   -.111E+00   -.110E+00
    2    8   -.778E-01   -.771E-01
    2    9   -.557E-01   -.553E-01
    3    1    .716E+00    .716E+00
    3    2   -.430E+01    .000E+00
    3    3   -.223E+01   -.212E+01
    3    4   -.792E+00   -.764E+00
    3    5   -.827E-05   -.582E-04
    3    6   -.373E+00   -.365E+00
    3    7   -.216E+00   -.215E+00
    3    8   -.138E+00   -.138E+00
    3    9   -.935E-01   -.945E-01
    4    1    .519E-01    .491E-01
    4    2    .229E-02    .411E-02
    4    3   -.688E-01    .000E+00
    4    4   -.420E-01   -.469E-01
    4    5   -.316E+01   -.322E+01
    4    6   -.242E-01   -.227E-01
    4    7   -.523E-02   -.464E-02
    4    8   -.234E-02   -.201E-02
    4    9   -.132E-02   -.112E-02
    5    1    .152E+00    .156E+00
    5    2    .150E+01    .148E+01
    5    3   -.586E+01    .000E+00
    5    4   -.206E+01   -.209E+01
    5    5   -.379E-01   -.374E-01
    5    6   -.679E+00   -.685E+00
    5    7   -.347E+00   -.349E+00
    5    8   -.204E+00   -.204E+00
    5    9   -.132E+00   -.132E+00
    6    1    .624E-01    .650E-01
    6    2    .265E+00    .256E+00
    6    3    .239E+01    .230E+01
    6    4   -.710E+01    .000E+00
    6    5   -.498E+00    .000E+00
    6    6   -.173E+01   -.175E+01
    6    7   -.666E+00   -.669E+00
    6    8   -.338E+00   -.338E+00
    6    9   -.201E+00   -.200E+00
    7    1    .367E-01    .385E-01
    7    2    .100E+00    .957E-01
    7    3    .416E+00    .391E+00
    7    4    .322E+01    .316E+01
    7    5    .300E+00    .000E+00
    7    6   -.924E+01    .000E+00
    7    7   -.169E+01    .000E+00
    7    8   -.645E+00   -.644E+00
    7    9   -.330E+00   -.328E+00
    8    1    .255E-01    .268E-01
    8    2    .504E-01    .480E-01
    8    3    .157E+00    .146E+00
    8    4    .565E+00    .549E+00
    8    5    .221E-01    .206E-01
    8    6    .453E+01    .000E+00
    8    7   -.107E+02    .000E+00
    8    8   -.165E+01    .000E+00
    8    9   -.630E+00   -.628E+00
    9    1    .195E-01    .206E-01
    9    2    .296E-01    .281E-01
    9    3    .794E-01    .731E-01
    9    4    .213E+00    .206E+00
    9    5    .801E-02    .731E-02
    9    6    .782E+00    .773E+00
    9    7    .560E+01    .000E+00
    9    8   -.123E+02    .000E+00
    9    9   -.160E+01    .000E+00
   10    1    .159E-01    .168E-01
   10    2    .190E-01    .180E-01
   10    3    .469E-01    .430E-01
   10    4    .108E+00    .104E+00
   10    5    .461E-02    .416E-02
   10    6    .295E+00    .291E+00
   10    7    .969E+00    .000E+00
   10    8    .674E+01    .000E+00
   10    9   -.139E+02    .000E+00
  3  2  0    3  2  1        72
    1    1   -.228E+01   -.244E+01
    1    2   -.477E-02   -.500E-02
    1    3   -.739E-03   -.815E-03
    1    4   -.232E-03   -.266E-03
    1    5   -.102E-03   -.120E-03
    1    6   -.541E-04   -.647E-04
    1    7   -.324E-04   -.393E-04
    1    8   -.211E-04   -.258E-04
    2    1   -.133E-03   -.762E-05
    2    2   -.192E+01   -.209E+01
    2    3   -.383E-02   -.401E-02
    2    4   -.852E-03   -.891E-03
    2    5   -.325E-03   -.341E-03
    2    6   -.160E-03   -.168E-03
    2    7   -.911E-04   -.961E-04
    2    8   -.573E-04   -.606E-04
    3    1   -.160E-02   -.785E-03
    3    2   -.368E-02   -.436E-02
    3    3   -.185E+01   -.201E+01
    3    4   -.284E-02   -.304E-02
    3    5   -.622E-03   -.661E-03
    3    6   -.241E-03   -.256E-03
    3    7   -.121E-03   -.128E-03
    3    8   -.697E-04   -.738E-04
    4    1   -.196E-01   -.168E-01
    4    2   -.107E-01   -.116E-01
    4    3   -.137E-01   -.148E-01
    4    4   -.173E+01   -.189E+01
    4    5   -.127E-02   -.142E-02
    4    6   -.100E-03   -.117E-03
    4    7   -.944E-05   -.123E-04
    4    8   -.166E-06   -.466E-06
    5    1   -.928E+00   -.934E+00
    5    2   -.444E+00   -.454E+00
    5    3   -.201E+00   -.207E+00
    5    4   -.231E+00   -.243E+00
    5    5   -.180E-01   -.178E-01
    5    6   -.193E-01   -.195E-01
    5    7   -.146E-01   -.149E-01
    5    8   -.109E-01   -.111E-01
    6    1   -.378E-02   -.515E-02
    6    2   -.179E-02   -.162E-02
    6    3   -.709E-04   -.466E-04
    6    4   -.950E-03   -.112E-02
    6    5   -.190E+01   -.207E+01
    6    6   -.416E-02   -.444E-02
    6    7   -.136E-02   -.144E-02
    6    8   -.703E-03   -.740E-03
    7    1   -.432E-03   -.939E-03
    7    2   -.262E-03   -.204E-03
    7    3   -.219E-05   -.798E-05
    7    4   -.280E-03   -.333E-03
    7    5   -.241E-02   -.268E-02
    7    6   -.188E+01   -.205E+01
    7    7   -.334E-02   -.360E-02
    7    8   -.960E-03   -.103E-02
    8    1   -.119E-03   -.423E-03
    8    2   -.103E-03   -.717E-04
    8    3   -.386E-05   -.942E-05
    8    4   -.116E-03   -.142E-03
    8    5   -.509E-03   -.576E-03
    8    6   -.285E-02   -.314E-02
    8    7   -.187E+01   -.204E+01
    8    8   -.313E-02   -.338E-02
    9    1   -.442E-04    .000E+00
    9    2   -.556E-04   -.360E-04
    9    3   -.295E-05   -.700E-05
    9    4   -.605E-04   -.747E-04
    9    5   -.203E-03   -.233E-03
    9    6   -.620E-03   -.690E-03
    9    7   -.304E-02   -.334E-02
    9    8   -.187E+01   -.203E+01
  3  2  0    3  3  1        63
    1    1   -.126E+02   -.125E+02
    1    2   -.176E+01   -.171E+01
    1    3   -.364E+00   -.340E+00
    1    4   -.360E-01   -.280E-01
    1    5   -.230E-01   -.315E-01
    1    6   -.235E+00   -.265E+00
    1    7   -.546E+00   -.591E+00
    2    1   -.134E+01    .000E+00
    2    2   -.117E+02   -.114E+02
    2    3   -.262E+01   -.262E+01
    2    4   -.923E+00   -.949E+00
    2    5   -.339E+00   -.360E+00
    2    6   -.762E-01   -.865E-01
    2    7   -.104E-04   -.139E-03
    3    1    .353E+00    .342E+00
    3    2   -.155E+01    .000E+00
    3    3   -.119E+02   -.119E+02
    3    4   -.289E+01   -.286E+01
    3    5   -.103E+01   -.101E+01
    3    6   -.313E+00   -.306E+00
    3    7   -.284E-01   -.275E-01
    4    1    .798E-01    .733E-01
    4    2    .761E+00    .721E+00
    4    3   -.759E+00    .000E+00
    4    4   -.133E+02   -.132E+02
    4    5   -.323E+01   -.317E+01
    4    6   -.103E+01   -.100E+01
    4    7   -.203E+00   -.195E+00
    5    1    .877E-01    .833E-01
    5    2    .873E-01    .840E-01
    5    3    .479E+00    .000E+00
    5    4   -.447E+00    .000E+00
    5    5   -.702E-01   -.625E-01
    5    6   -.394E+00   -.369E+00
    5    7   -.688E+00   -.649E+00
    6    1    .146E-01    .127E-01
    6    2    .107E+00    .971E-01
    6    3    .805E+00    .808E+00
    6    4    .262E+01    .000E+00
    6    5   -.173E+02    .000E+00
    6    6   -.287E+01   -.283E+01
    6    7   -.373E+00   -.366E+00
    7    1    .822E-02    .710E-02
    7    2    .412E-01    .367E-01
    7    3    .161E+00    .162E+00
    7    4    .740E+00    .000E+00
    7    5    .779E+01    .000E+00
    7    6   -.239E+02    .000E+00
    7    7   -.211E+01    .000E+00
    8    1    .484E-02    .415E-02
    8    2    .204E-01    .179E-01
    8    3    .603E-01    .606E-01
    8    4    .156E+00    .162E+00
    8    5    .324E+00    .000E+00
    8    6    .153E+02    .000E+00
    8    7   -.325E+02    .000E+00
    9    1    .310E-02    .264E-02
    9    2    .118E-01    .103E-01
    9    3    .298E-01    .300E-01
    9    4    .595E-01    .623E-01
    9    5    .759E-01    .811E-01
    9    6    .501E-03    .000E+00
    9    7    .218E+02    .000E+00
  0  0  0    0  0  0         0
