    5    3    F
  2  0  0    2  1  1        81
    1    1   -.729E+00    .000E+00
    1    2   -.306E+00   -.304E+00
    1    3   -.994E-01   -.996E-01
    1    4   -.450E-01   -.454E-01
    1    5   -.244E-01   -.246E-01
    1    6   -.148E-01   -.149E-01
    1    7   -.964E-02   -.976E-02
    1    8   -.665E-02   -.674E-02
    1    9   -.479E-02   -.485E-02
    2    1    .279E+00    .272E+00
    2    2   -.122E+01    .000E+00
    2    3   -.291E+00   -.289E+00
    2    4   -.102E+00   -.999E-01
    2    5   -.488E-01   -.474E-01
    2    6   -.276E-01   -.267E-01
    2    7   -.173E-01   -.166E-01
    2    8   -.116E-01   -.111E-01
    2    9   -.817E-02   -.784E-02
    3    1    .494E-01    .481E-01
    3    2    .596E+00    .000E+00
    3    3   -.168E+01    .000E+00
    3    4   -.297E+00    .000E+00
    3    5   -.107E+00    .000E+00
    3    6   -.524E-01    .000E+00
    3    7   -.302E-01    .000E+00
    3    8   -.193E-01   -.188E-01
    3    9   -.131E-01   -.128E-01
    4    1    .184E-01    .179E-01
    4    2    .108E+00    .106E+00
    4    3    .927E+00    .000E+00
    4    4   -.212E+01    .000E+00
    4    5   -.311E+00    .000E+00
    4    6   -.113E+00    .000E+00
    4    7   -.560E-01    .000E+00
    4    8   -.327E-01    .000E+00
    4    9   -.210E-01    .000E+00
    5    1    .906E-02    .886E-02
    5    2    .409E-01    .402E-01
    5    3    .168E+00    .000E+00
    5    4    .126E+01    .000E+00
    5    5   -.256E+01    .000E+00
    5    6   -.329E+00    .000E+00
    5    7   -.120E+00    .000E+00
    5    8   -.596E-01    .000E+00
    5    9   -.350E-01    .000E+00
    6    1    .520E-02    .508E-02
    6    2    .206E-01    .203E-01
    6    3    .645E-01    .000E+00
    6    4    .230E+00    .000E+00
    6    5    .160E+01    .000E+00
    6    6   -.299E+01    .000E+00
    6    7   -.349E+00    .000E+00
    6    8   -.127E+00    .000E+00
    6    9   -.632E-01    .000E+00
    7    1    .328E-02    .321E-02
    7    2    .120E-01    .118E-01
    7    3    .328E-01    .000E+00
    7    4    .884E-01    .000E+00
    7    5    .291E+00    .000E+00
    7    6    .195E+01    .000E+00
    7    7   -.342E+01    .000E+00
    7    8   -.371E+00    .000E+00
    7    9   -.134E+00    .000E+00
    8    1    .221E-02    .216E-02
    8    2    .774E-02    .761E-02
    8    3    .194E-01    .000E+00
    8    4    .452E-01    .000E+00
    8    5    .112E+00    .000E+00
    8    6    .353E+00    .000E+00
    8    7    .229E+01    .000E+00
    8    8   -.385E+01    .000E+00
    8    9   -.393E+00    .000E+00
    9    1    .156E-02    .153E-02
    9    2    .530E-02    .521E-02
    9    3    .126E-01    .000E+00
    9    4    .269E-01    .000E+00
    9    5    .576E-01    .000E+00
    9    6    .136E+00    .000E+00
    9    7    .415E+00    .000E+00
    9    8    .264E+01    .000E+00
    9    9   -.428E+01    .000E+00
  2  1  1    2  2  0        72
    1    1   -.384E+01   -.384E+01
    1    2   -.736E+00   -.740E+00
    1    3   -.277E+00   -.279E+00
    1    4   -.137E+00   -.138E+00
    1    5   -.787E-01   -.796E-01
    1    6   -.498E-01   -.504E-01
    1    7   -.336E-01   -.340E-01
    1    8   -.238E-01   -.241E-01
    2    1   -.419E+00    .000E+00
    2    2   -.317E+01    .000E+00
    2    3   -.784E+00   -.765E+00
    2    4   -.327E+00   -.317E+00
    2    5   -.172E+00   -.166E+00
    2    6   -.103E+00   -.996E-01
    2    7   -.673E-01   -.649E-01
    2    8   -.466E-01   -.449E-01
    3    1    .175E+00    .000E+00
    3    2   -.746E+00    .000E+00
    3    3   -.300E+01    .000E+00
    3    4   -.803E+00    .000E+00
    3    5   -.350E+00    .000E+00
    3    6   -.190E+00    .000E+00
    3    7   -.117E+00    .000E+00
    3    8   -.775E-01    .000E+00
    4    1    .336E-01    .340E-01
    4    2    .425E+00    .000E+00
    4    3   -.104E+01    .000E+00
    4    4   -.300E+01    .000E+00
    4    5   -.826E+00    .000E+00
    4    6   -.368E+00    .000E+00
    4    7   -.203E+00    .000E+00
    4    8   -.126E+00    .000E+00
    5    1    .127E-01    .128E-01
    5    2    .847E-01    .000E+00
    5    3    .715E+00    .000E+00
    5    4   -.132E+01    .000E+00
    5    5   -.307E+01    .000E+00
    5    6   -.856E+00    .000E+00
    5    7   -.386E+00    .000E+00
    5    8   -.215E+00    .000E+00
    6    1    .631E-02    .639E-02
    6    2    .326E-01    .000E+00
    6    3    .146E+00    .000E+00
    6    4    .103E+01    .000E+00
    6    5   -.158E+01    .000E+00
    6    6   -.318E+01    .000E+00
    6    7   -.891E+00    .000E+00
    6    8   -.404E+00    .000E+00
    7    1    .366E-02    .371E-02
    7    2    .165E-01    .000E+00
    7    3    .567E-01    .000E+00
    7    4    .213E+00    .000E+00
    7    5    .136E+01    .000E+00
    7    6   -.184E+01    .000E+00
    7    7   -.332E+01    .000E+00
    7    8   -.929E+00    .000E+00
    8    1    .234E-02    .237E-02
    8    2    .967E-02    .000E+00
    8    3    .289E-01    .000E+00
    8    4    .835E-01    .000E+00
    8    5    .284E+00    .000E+00
    8    6    .170E+01    .000E+00
    8    7   -.210E+01    .000E+00
    8    8   -.347E+01    .000E+00
    9    1    .159E-02    .161E-02
    9    2    .624E-02    .000E+00
    9    3    .171E-01    .000E+00
    9    4    .429E-01    .000E+00
    9    5    .112E+00    .000E+00
    9    6    .357E+00    .000E+00
    9    7    .205E+01    .000E+00
    9    8   -.235E+01    .000E+00
  0  0  0    0  0  0         0
