    5    2    F
  1  0  0    1  1  1        90
    1    1   -.610E+00   -.609E+00
    1    2   -.135E+00   -.136E+00
    1    3   -.520E-01   -.522E-01
    1    4   -.255E-01   -.256E-01
    1    5   -.144E-01   -.145E-01
    1    6   -.894E-02   -.900E-02
    1    7   -.594E-02   -.598E-02
    1    8   -.415E-02   -.417E-02
    1    9   -.301E-02   -.303E-02
    2    1   -.112E+00    .000E+00
    2    2   -.336E+00   -.336E+00
    2    3   -.874E-01   -.876E-01
    2    4   -.368E-01   -.369E-01
    2    5   -.193E-01   -.193E-01
    2    6   -.114E-01   -.115E-01
    2    7   -.739E-02   -.742E-02
    2    8   -.506E-02   -.508E-02
    2    9   -.362E-02   -.364E-02
    3    1    .679E-01    .679E-01
    3    2   -.194E+00    .000E+00
    3    3   -.360E+00   -.361E+00
    3    4   -.991E-01   -.101E+00
    3    5   -.436E-01   -.443E-01
    3    6   -.236E-01   -.240E-01
    3    7   -.144E-01   -.147E-01
    3    8   -.954E-02   -.968E-02
    3    9   -.666E-02   -.676E-02
    4    1    .143E-01    .143E-01
    4    2    .151E+00    .000E+00
    4    3   -.270E+00    .000E+00
    4    4   -.395E+00    .000E+00
    4    5   -.111E+00    .000E+00
    4    6   -.496E-01    .000E+00
    4    7   -.273E-01   -.259E-01
    4    8   -.169E-01   -.161E-01
    4    9   -.113E-01   -.108E-01
    5    1    .562E-02    .561E-02
    5    2    .324E-01    .320E-01
    5    3    .240E+00    .000E+00
    5    4   -.343E+00    .000E+00
    5    5   -.434E+00    .000E+00
    5    6   -.122E+00    .000E+00
    5    7   -.552E-01    .000E+00
    5    8   -.307E-01    .000E+00
    5    9   -.192E-01    .000E+00
    6    1    .284E-02    .283E-02
    6    2    .129E-01    .129E-01
    6    3    .520E-01    .000E+00
    6    4    .333E+00    .000E+00
    6    5   -.415E+00    .000E+00
    6    6   -.476E+00    .000E+00
    6    7   -.134E+00    .000E+00
    6    8   -.606E-01    .000E+00
    6    9   -.339E-01    .000E+00
    7    1    .165E-02    .165E-02
    7    2    .667E-02    .670E-02
    7    3    .210E-01    .000E+00
    7    4    .725E-01    .000E+00
    7    5    .428E+00    .000E+00
    7    6   -.487E+00    .000E+00
    7    7   -.520E+00    .000E+00
    7    8   -.146E+00    .000E+00
    7    9   -.660E-01    .000E+00
    8    1    .105E-02    .105E-02
    8    2    .396E-02    .398E-02
    8    3    .109E-01    .000E+00
    8    4    .294E-01    .000E+00
    8    5    .932E-01    .000E+00
    8    6    .524E+00    .000E+00
    8    7   -.558E+00    .000E+00
    8    8   -.564E+00    .000E+00
    8    9   -.158E+00    .000E+00
    9    1    .715E-03    .714E-03
    9    2    .256E-02    .259E-02
    9    3    .656E-02    .649E-02
    9    4    .154E-01    .000E+00
    9    5    .379E-01    .000E+00
    9    6    .114E+00    .000E+00
    9    7    .620E+00    .000E+00
    9    8   -.629E+00    .000E+00
    9    9   -.609E+00    .000E+00
   10    1    .509E-03    .508E-03
   10    2    .177E-02    .179E-02
   10    3    .429E-02    .424E-02
   10    4    .929E-02    .000E+00
   10    5    .199E-01    .000E+00
   10    6    .465E-01    .000E+00
   10    7    .135E+00    .000E+00
   10    8    .717E+00    .000E+00
   10    9   -.700E+00    .000E+00
  1  2  0    1  1  1        72
    1    1    .212E+01    .212E+01
    1    2   -.556E-01    .000E+00
    1    3   -.476E-01    .000E+00
    1    4   -.969E-02   -.995E-02
    1    5   -.370E-02   -.382E-02
    1    6   -.185E-02   -.191E-02
    1    7   -.108E-02   -.111E-02
    1    8   -.689E-03   -.709E-03
    1    9   -.470E-03   -.483E-03
    2    1    .358E+00    .358E+00
    2    2    .193E+01    .000E+00
    2    3   -.983E-01    .000E+00
    2    4   -.123E+00    .000E+00
    2    5   -.261E-01    .000E+00
    2    6   -.102E-01    .000E+00
    2    7   -.519E-02    .000E+00
    2    8   -.305E-02   -.260E-02
    2    9   -.197E-02   -.169E-02
    3    1    .128E+00    .129E+00
    3    2    .422E+00    .423E+00
    3    3    .192E+01    .000E+00
    3    4   -.133E+00    .000E+00
    3    5   -.214E+00    .000E+00
    3    6   -.467E-01    .000E+00
    3    7   -.185E-01    .000E+00
    3    8   -.951E-02    .000E+00
    3    9   -.565E-02    .000E+00
    4    1    .622E-01    .622E-01
    4    2    .168E+00    .169E+00
    4    3    .456E+00    .000E+00
    4    4    .198E+01    .000E+00
    4    5   -.166E+00    .000E+00
    4    6   -.314E+00    .000E+00
    4    7   -.699E-01    .000E+00
    4    8   -.280E-01    .000E+00
    4    9   -.145E-01    .000E+00
    5    1    .353E-01    .353E-01
    5    2    .866E-01    .873E-01
    5    3    .190E+00    .000E+00
    5    4    .485E+00    .000E+00
    5    5    .207E+01    .000E+00
    5    6   -.199E+00    .000E+00
    5    7   -.422E+00    .000E+00
    5    8   -.950E-01    .000E+00
    5    9   -.383E-01    .000E+00
    6    1    .221E-01    .222E-01
    6    2    .512E-01    .516E-01
    6    3    .101E+00    .000E+00
    6    4    .207E+00    .000E+00
    6    5    .514E+00    .000E+00
    6    6    .218E+01    .000E+00
    6    7   -.231E+00    .000E+00
    6    8   -.534E+00    .000E+00
    6    9   -.121E+00    .000E+00
    7    1    .149E-01    .149E-01
    7    2    .331E-01    .334E-01
    7    3    .609E-01    .605E-01
    7    4    .111E+00    .000E+00
    7    5    .222E+00    .000E+00
    7    6    .544E+00    .000E+00
    7    7    .230E+01    .000E+00
    7    8   -.263E+00    .000E+00
    7    9   -.650E+00    .000E+00
    8    1    .105E-01    .105E-01
    8    2    .228E-01    .230E-01
    8    3    .401E-01    .399E-01
    8    4    .683E-01    .000E+00
    8    5    .121E+00    .000E+00
    8    6    .236E+00    .000E+00
    8    7    .576E+00    .000E+00
    8    8    .243E+01    .000E+00
    8    9   -.295E+00    .000E+00
  3  0  0    3  1  1        81
    1    1   -.489E+00    .000E+00
    1    2   -.873E+00   -.873E+00
    1    3   -.237E+00   -.237E+00
    1    4   -.101E+00   -.101E+00
    1    5   -.532E-01   -.533E-01
    1    6   -.317E-01   -.318E-01
    1    7   -.205E-01   -.205E-01
    1    8   -.141E-01   -.141E-01
    1    9   -.101E-01   -.101E-01
    2    1    .227E+00    .227E+00
    2    2   -.817E+00    .000E+00
    2    3   -.930E+00   -.931E+00
    2    4   -.267E+00   -.270E+00
    2    5   -.119E+00   -.120E+00
    2    6   -.649E-01   -.656E-01
    2    7   -.398E-01   -.401E-01
    2    8   -.264E-01   -.265E-01
    2    9   -.184E-01   -.186E-01
    3    1    .457E-01    .458E-01
    3    2    .511E+00    .000E+00
    3    3   -.112E+01    .000E+00
    3    4   -.102E+01    .000E+00
    3    5   -.297E+00    .000E+00
    3    6   -.135E+00    .000E+00
    3    7   -.748E-01   -.712E-01
    3    8   -.466E-01   -.445E-01
    3    9   -.313E-01   -.300E-01
    4    1    .177E-01    .177E-01
    4    2    .106E+00    .106E+00
    4    3    .816E+00    .000E+00
    4    4   -.142E+01    .000E+00
    4    5   -.111E+01    .000E+00
    4    6   -.327E+00    .000E+00
    4    7   -.150E+00    .000E+00
    4    8   -.838E-01    .000E+00
    4    9   -.527E-01    .000E+00
    5    1    .885E-02    .887E-02
    5    2    .419E-01    .423E-01
    5    3    .171E+00    .000E+00
    5    4    .113E+01    .000E+00
    5    5   -.172E+01    .000E+00
    5    6   -.122E+01    .000E+00
    5    7   -.357E+00    .000E+00
    5    8   -.164E+00    .000E+00
    5    9   -.923E-01    .000E+00
    6    1    .513E-02    .514E-02
    6    2    .215E-01    .218E-01
    6    3    .684E-01    .000E+00
    6    4    .238E+00    .000E+00
    6    5    .145E+01    .000E+00
    6    6   -.201E+01    .000E+00
    6    7   -.133E+01    .000E+00
    6    8   -.388E+00    .000E+00
    6    9   -.178E+00    .000E+00
    7    1    .326E-02    .326E-02
    7    2    .127E-01    .129E-01
    7    3    .354E-01    .000E+00
    7    4    .956E-01    .000E+00
    7    5    .306E+00    .000E+00
    7    6    .177E+01    .000E+00
    7    7   -.231E+01    .000E+00
    7    8   -.144E+01    .000E+00
    7    9   -.418E+00    .000E+00
    8    1    .220E-02    .221E-02
    8    2    .821E-02    .835E-02
    8    3    .212E-01    .209E-01
    8    4    .499E-01    .000E+00
    8    5    .123E+00    .000E+00
    8    6    .374E+00    .000E+00
    8    7    .210E+01    .000E+00
    8    8   -.260E+01    .000E+00
    8    9   -.155E+01    .000E+00
    9    1    .157E-02    .157E-02
    9    2    .564E-02    .575E-02
    9    3    .138E-01    .137E-01
    9    4    .300E-01    .000E+00
    9    5    .645E-01    .000E+00
    9    6    .151E+00    .000E+00
    9    7    .443E+00    .000E+00
    9    8    .243E+01    .000E+00
    9    9   -.289E+01    .000E+00
  3  2  0    3  1  1        72
    1    1    .585E+01    .585E+01
    1    2    .518E+00    .000E+00
    1    3   -.243E+00    .000E+00
    1    4   -.470E-01   -.480E-01
    1    5   -.177E-01   -.182E-01
    1    6   -.883E-02   -.904E-02
    1    7   -.513E-02   -.523E-02
    1    8   -.327E-02   -.333E-02
    1    9   -.223E-02   -.227E-02
    2    1    .111E+01    .111E+01
    2    2    .490E+01    .487E+01
    2    3    .910E+00    .000E+00
    2    4   -.592E+00    .000E+00
    2    5   -.119E+00    .000E+00
    2    6   -.459E-01    .000E+00
    2    7   -.232E-01    .000E+00
    2    8   -.136E-01   -.122E-01
    2    9   -.879E-02   -.792E-02
    3    1    .415E+00    .416E+00
    3    2    .119E+01    .119E+01
    3    3    .468E+01    .000E+00
    3    4    .126E+01    .000E+00
    3    5   -.998E+00    .000E+00
    3    6   -.206E+00    .000E+00
    3    7   -.802E-01    .000E+00
    3    8   -.410E-01    .000E+00
    3    9   -.243E-01    .000E+00
    4    1    .205E+00    .205E+00
    4    2    .494E+00    .497E+00
    4    3    .123E+01    .000E+00
    4    4    .470E+01    .000E+00
    4    5    .159E+01    .000E+00
    4    6   -.144E+01    .000E+00
    4    7   -.301E+00    .000E+00
    4    8   -.118E+00    .000E+00
    4    9   -.609E-01    .000E+00
    5    1    .118E+00    .118E+00
    5    2    .259E+00    .261E+00
    5    3    .533E+00    .000E+00
    5    4    .127E+01    .000E+00
    5    5    .484E+01    .000E+00
    5    6    .190E+01    .000E+00
    5    7   -.190E+01    .000E+00
    5    8   -.402E+00    .000E+00
    5    9   -.159E+00    .000E+00
    6    1    .745E-01    .746E-01
    6    2    .155E+00    .156E+00
    6    3    .288E+00    .000E+00
    6    4    .564E+00    .000E+00
    6    5    .133E+01    .000E+00
    6    6    .503E+01    .000E+00
    6    7    .221E+01    .000E+00
    6    8   -.238E+01    .000E+00
    6    9   -.507E+00    .000E+00
    7    1    .503E-01    .503E-01
    7    2    .101E+00    .102E+00
    7    3    .177E+00    .175E+00
    7    4    .310E+00    .000E+00
    7    5    .593E+00    .000E+00
    7    6    .138E+01    .000E+00
    7    7    .526E+01    .000E+00
    7    8    .252E+01    .000E+00
    7    9   -.287E+01    .000E+00
    8    1    .357E-01    .357E-01
    8    2    .699E-01    .705E-01
    8    3    .117E+00    .116E+00
    8    4    .192E+00    .000E+00
    8    5    .329E+00    .000E+00
    8    6    .623E+00    .000E+00
    8    7    .145E+01    .000E+00
    8    8    .551E+01    .000E+00
    8    9    .282E+01    .000E+00
  0  0  0    0  0  0         0
