    6    5    F
  2  1  0    2  0  1        80
    1    1   -.542E-01   -.683E-01
    1    2   -.187E-01   -.219E-01
    1    3   -.824E-02   -.947E-02
    1    4   -.439E-02   -.499E-02
    1    5   -.263E-02   -.298E-02
    1    6   -.170E-02   -.192E-02
    1    7   -.117E-02   -.131E-02
    1    8   -.835E-03   -.938E-03
    2    1   -.793E+00   -.818E+00
    2    2   -.604E-03   -.728E-03
    2    3   -.226E-03   -.279E-03
    2    4   -.109E-03   -.135E-03
    2    5   -.618E-04   -.766E-04
    2    6   -.387E-04   -.479E-04
    2    7   -.259E-04   -.321E-04
    2    8   -.182E-04   -.226E-04
    3    1   -.955E-02   -.951E-02
    3    2   -.590E+00   -.600E+00
    3    3   -.453E-04   -.498E-04
    3    4   -.249E-04   -.265E-04
    3    5   -.137E-04   -.144E-04
    3    6   -.830E-05   -.862E-05
    3    7   -.541E-05   -.557E-05
    3    8   -.373E-05   -.382E-05
    4    1   -.328E-02   -.293E-02
    4    2   -.194E-04   -.167E-04
    4    3   -.560E+00   -.569E+00
    4    4   -.858E-04   -.866E-04
    4    5   -.260E-04   -.261E-04
    4    6   -.120E-04   -.120E-04
    4    7   -.669E-05   -.669E-05
    4    8   -.417E-05   -.416E-05
    5    1   -.135E-02   -.145E-02
    5    2   -.367E-03   -.397E-03
    5    3   -.151E-02   -.157E-02
    5    4   -.462E+00   -.469E+00
    5    5   -.129E-02   -.129E-02
    5    6   -.341E-03   -.337E-03
    5    7   -.153E-03   -.150E-03
    5    8   -.850E-04   -.832E-04
    6    1   -.503E-01   -.465E-01
    6    2   -.189E-02   -.191E-02
    6    3   -.345E-02   -.358E-02
    6    4   -.991E-01   -.101E+00
    6    5   -.822E-02   -.825E-02
    6    6   -.160E-02   -.159E-02
    6    7   -.662E-03   -.651E-03
    6    8   -.357E-03   -.350E-03
    7    1   -.665E-02   -.567E-02
    7    2   -.140E-04   -.918E-05
    7    3   -.481E-07   -.290E-09
    7    4   -.456E-06   -.412E-06
    7    5   -.549E+00   -.558E+00
    7    6   -.596E-05   -.595E-05
    7    7   -.226E-05   -.222E-05
    7    8   -.134E-05   -.131E-05
    8    1   -.340E-02   -.277E-02
    8    2   -.168E-05   -.427E-05
    8    3   -.155E-04   -.182E-04
    8    4   -.263E-04   -.280E-04
    8    5   -.708E-04   -.730E-04
    8    6   -.557E+00   -.566E+00
    8    7   -.369E-04   -.372E-04
    8    8   -.749E-05   -.753E-05
    9    1   -.227E-02   -.179E-02
    9    2   -.920E-05   -.144E-04
    9    3   -.227E-04   -.261E-04
    9    4   -.300E-04   -.322E-04
    9    5   -.496E-04   -.516E-04
    9    6   -.153E-03   -.157E-03
    9    7   -.558E+00   -.567E+00
    9    8   -.997E-04   -.101E-03
   10    1   -.164E-02   -.127E-02
   10    2   -.142E-04   -.201E-04
   10    3   -.237E-04   -.271E-04
   10    4   -.274E-04   -.295E-04
   10    5   -.367E-04   -.385E-04
   10    6   -.657E-04   -.677E-04
   10    7   -.221E-03   -.226E-03
   10    8   -.559E+00   -.568E+00
  4  1  0    4  0  1        81
    1    1   -.212E+01   -.220E+01
    1    2   -.117E-01   -.120E-01
    1    3   -.726E-02   -.736E-02
    1    4   -.400E-02   -.406E-02
    1    5   -.236E-02   -.239E-02
    1    6   -.149E-02   -.151E-02
    1    7   -.100E-02   -.102E-02
    1    8   -.704E-03   -.712E-03
    1    9   -.512E-03   -.518E-03
    2    1    .860E-05    .650E-04
    2    2   -.118E+01   -.120E+01
    2    3   -.409E-02   -.403E-02
    2    4   -.923E-03   -.901E-03
    2    5   -.368E-03   -.357E-03
    2    6   -.189E-03   -.183E-03
    2    7   -.112E-03   -.108E-03
    2    8   -.723E-04   -.693E-04
    2    9   -.498E-04   -.476E-04
    3    1    .490E-04    .104E-03
    3    2   -.237E-02   -.244E-02
    3    3   -.114E+01   -.116E+01
    3    4   -.367E-02   -.373E-02
    3    5   -.970E-03   -.979E-03
    3    6   -.428E-03   -.429E-03
    3    7   -.235E-03   -.234E-03
    3    8   -.145E-03   -.144E-03
    3    9   -.972E-04   -.962E-04
    4    1    .554E-04    .795E-04
    4    2   -.343E-03   -.399E-03
    4    3   -.304E-02   -.310E-02
    4    4   -.113E+01   -.114E+01
    4    5   -.322E-02   -.327E-02
    4    6   -.866E-03   -.878E-03
    4    7   -.389E-03   -.394E-03
    4    8   -.216E-03   -.219E-03
    4    9   -.135E-03   -.137E-03
    5    1    .369E-04    .478E-04
    5    2   -.747E-04   -.106E-03
    5    3   -.579E-03   -.601E-03
    5    4   -.316E-02   -.323E-02
    5    5   -.112E+01   -.114E+01
    5    6   -.300E-02   -.305E-02
    5    7   -.807E-03   -.818E-03
    5    8   -.364E-03   -.369E-03
    5    9   -.204E-03   -.207E-03
    6    1    .212E-04    .264E-04
    6    2   -.154E-04   -.313E-04
    6    3   -.213E-03   -.225E-03
    6    4   -.685E-03   -.704E-03
    6    5   -.326E-02   -.332E-02
    6    6   -.112E+01   -.114E+01
    6    7   -.290E-02   -.295E-02
    6    8   -.775E-03   -.787E-03
    6    9   -.350E-03   -.355E-03
    7    1    .115E-04    .142E-04
    7    2   -.181E-05   -.873E-05
    7    3   -.104E-03   -.111E-03
    7    4   -.278E-03   -.288E-03
    7    5   -.736E-03   -.754E-03
    7    6   -.332E-02   -.338E-02
    7    7   -.112E+01   -.114E+01
    7    8   -.285E-02   -.290E-02
    7    9   -.758E-03   -.769E-03
    8    1    .614E-05    .754E-05
    8    2   -.216E-07   -.188E-05
    8    3   -.587E-04   -.643E-04
    8    4   -.146E-03   -.152E-03
    8    5   -.308E-03   -.317E-03
    8    6   -.764E-03   -.780E-03
    8    7   -.336E-02   -.342E-02
    8    8   -.112E+01   -.113E+01
    8    9   -.283E-02   -.287E-02
    9    1    .323E-05    .399E-05
    9    2   -.106E-05   -.149E-06
    9    3   -.368E-04   -.409E-04
    9    4   -.877E-04   -.924E-04
    9    5   -.165E-03   -.171E-03
    9    6   -.324E-03   -.332E-03
    9    7   -.780E-03   -.795E-03
    9    8   -.338E-02   -.344E-02
    9    9   -.112E+01   -.113E+01
  2  0  0    2  1  1        99
    1    1    .747E+00    .776E+00
    1    2   -.272E+00   -.266E+00
    1    3   -.972E-03   -.140E-02
    1    4   -.185E-02   -.322E-02
    1    5   -.541E-01   -.556E-01
    1    6   -.242E+00   -.251E+00
    1    7   -.888E-02   -.923E-02
    1    8   -.111E-02   -.114E-02
    1    9   -.252E-03   -.258E-03
    1   10   -.708E-04   -.716E-04
    1   11   -.214E-04   -.212E-04
    2    1    .781E-01    .782E-01
    2    2   -.138E+01   -.135E+01
    2    3   -.971E-01   -.959E-01
    2    4   -.130E-01   -.114E-01
    2    5   -.256E-01   -.251E-01
    2    6   -.102E-02   -.190E-02
    2    7   -.172E-01   -.186E-01
    2    8   -.117E-01   -.124E-01
    2    9   -.789E-02   -.838E-02
    2   10   -.555E-02   -.589E-02
    2   11   -.404E-02   -.428E-02
    3    1    .367E-01    .377E-01
    3    2    .875E+00    .837E+00
    3    3   -.224E+01   -.217E+01
    3    4   -.311E+00   -.290E+00
    3    5   -.495E-01   -.463E-01
    3    6   -.518E-01   -.452E-01
    3    7   -.540E-02   -.505E-02
    3    8   -.691E-02   -.614E-02
    3    9   -.529E-02   -.460E-02
    3   10   -.387E-02   -.333E-02
    3   11   -.287E-02   -.245E-02
    4    1    .140E-01    .145E-01
    4    2    .133E+00    .127E+00
    4    3    .118E+01    .116E+01
    4    4    .299E+00    .275E+00
    4    5   -.240E+01    .000E+00
    4    6   -.101E+01   -.974E+00
    4    7   -.134E-03   -.138E-03
    4    8   -.545E-02   -.511E-02
    4    9   -.530E-02   -.494E-02
    4   10   -.408E-02   -.379E-02
    4   11   -.306E-02   -.283E-02
    5    1    .672E-02    .693E-02
    5    2    .482E-01    .463E-01
    5    3    .176E+00    .174E+00
    5    4    .371E-02    .268E-02
    5    5    .141E+01    .142E+01
    5    6    .891E+00    .000E+00
    5    7   -.437E+01    .000E+00
    5    8   -.322E-04   -.255E-04
    5    9   -.443E-02   -.429E-02
    5   10   -.431E-02   -.416E-02
    5   11   -.339E-02   -.327E-02
    6    1    .362E-02    .372E-02
    6    2    .232E-01    .224E-01
    6    3    .618E-01    .613E-01
    6    4    .225E-02    .163E-02
    6    5    .211E+00    .213E+00
    6    6    .310E-01    .268E-01
    6    7    .293E+01    .291E+01
    6    8   -.513E+01    .000E+00
    6    9   -.174E-04   -.166E-04
    6   10   -.335E-02   -.332E-02
    6   11   -.348E-02   -.345E-02
    7    1    .207E-02    .212E-02
    7    2    .128E-01    .124E-01
    7    3    .288E-01    .287E-01
    7    4    .247E-02    .186E-02
    7    5    .769E-01    .781E-01
    7    6    .101E-01    .806E-02
    7    7    .353E+00    .348E+00
    7    8    .350E+01    .000E+00
    7    9   -.587E+01    .000E+00
    7   10   -.462E-03    .000E+00
    7   11   -.226E-02   -.230E-02
    8    1    .119E-02    .121E-02
    8    2    .748E-02    .721E-02
    8    3    .150E-01    .151E-01
    8    4    .333E-02    .258E-02
    8    5    .382E-01    .390E-01
    8    6    .585E-02    .425E-02
    8    7    .124E+00    .121E+00
    8    8    .433E+00    .429E+00
    8    9    .411E+01    .000E+00
    8   10   -.664E+01    .000E+00
    8   11   -.209E-02    .000E+00
    9    1    .640E-03    .632E-03
    9    2    .437E-02    .419E-02
    9    3    .790E-02    .809E-02
    9    4    .517E-02    .408E-02
    9    5    .221E-01    .228E-01
    9    6    .465E-02    .304E-02
    9    7    .619E-01    .594E-01
    9    8    .151E+00    .148E+00
    9    9    .505E+00    .000E+00
    9   10    .477E+01    .000E+00
    9   11   -.743E+01    .000E+00
  2  1  0    2  1  1       110
    1    1    .306E+01    .315E+01
    1    2   -.128E-02   -.224E-02
    1    3   -.374E-01   -.417E-01
    1    4   -.872E+00   -.940E+00
    1    5   -.113E+00   -.117E+00
    1    6   -.735E-01   -.718E-01
    1    7   -.177E-04   -.485E-04
    1    8   -.219E-03   -.271E-03
    1    9   -.173E-03   -.206E-03
    1   10   -.124E-03   -.145E-03
    1   11   -.892E-04   -.104E-03
    2    1    .109E+00    .122E+00
    2    2    .680E-01    .661E-01
    2    3    .114E+00    .979E-01
    2    4    .427E+00    .300E+00
    2    5    .401E-01    .417E-01
    2    6    .243E+00    .178E+00
    2    7   -.356E-02    .000E+00
    2    8   -.578E-02   -.753E-02
    2    9   -.394E-02   -.465E-02
    2   10   -.277E-02   -.314E-02
    2   11   -.202E-02   -.224E-02
    3    1    .532E-01    .569E-01
    3    2    .135E-01    .136E-01
    3    3    .454E-02    .494E-02
    3    4    .170E+00    .180E+00
    3    5    .607E-02    .527E-02
    3    6    .260E+00    .252E+00
    3    7    .382E-01    .373E-01
    3    8    .147E-01    .143E-01
    3    9    .848E-02    .823E-02
    3   10    .563E-02    .545E-02
    3   11    .402E-02    .387E-02
    4    1    .231E-01    .245E-01
    4    2    .204E-01    .207E-01
    4    3    .324E-02    .335E-02
    4    4    .825E-01    .851E-01
    4    5    .150E-02    .126E-02
    4    6    .778E-01    .744E-01
    4    7    .102E-01    .979E-02
    4    8    .335E-02    .322E-02
    4    9    .172E-02    .164E-02
    4   10    .104E-02    .983E-03
    4   11    .685E-03    .648E-03
    5    1    .239E-02    .290E-02
    5    2    .297E+00    .301E+00
    5    3    .833E-03    .823E-03
    5    4    .239E-01    .228E-01
    5    5    .115E-02    .125E-02
    5    6    .356E-01    .352E-01
    5    7    .444E-02    .421E-02
    5    8    .148E-02    .137E-02
    5    9    .769E-03    .700E-03
    5   10    .463E-03    .419E-03
    5   11    .309E-03    .277E-03
    6    1    .324E-01    .307E-01
    6    2    .130E+01    .131E+01
    6    3    .300E-02    .319E-02
    6    4    .415E-01    .488E-01
    6    5    .634E-03    .124E-02
    6    6    .499E-03    .175E-03
    6    7    .916E-04    .110E-03
    6    8    .481E-05    .144E-04
    6    9    .183E-06    .133E-05
    6   10    .232E-05    .378E-08
    6   11    .403E-05    .375E-06
    7    1    .135E-01    .138E-01
    7    2    .232E-01    .234E-01
    7    3    .235E-02    .241E-02
    7    4    .430E-01    .452E-01
    7    5    .858E-04    .320E-04
    7    6    .179E-01    .166E-01
    7    7    .227E-02    .220E-02
    7    8    .657E-03    .646E-03
    7    9    .302E-03    .298E-03
    7   10    .168E-03    .166E-03
    7   11    .104E-03    .103E-03
    8    1    .774E-02    .793E-02
    8    2    .414E-02    .415E-02
    8    3    .161E-02    .164E-02
    8    4    .284E-01    .296E-01
    8    5    .662E-04    .321E-04
    8    6    .119E-01    .111E-01
    8    7    .149E-02    .145E-02
    8    8    .433E-03    .423E-03
    8    9    .199E-03    .194E-03
    8   10    .111E-03    .108E-03
    8   11    .687E-04    .670E-04
    9    1    .513E-02    .526E-02
    9    2    .152E-02    .152E-02
    9    3    .120E-02    .122E-02
    9    4    .203E-01    .211E-01
    9    5    .433E-04    .214E-04
    9    6    .821E-02    .769E-02
    9    7    .102E-02    .991E-03
    9    8    .294E-03    .286E-03
    9    9    .135E-03    .131E-03
    9   10    .746E-04    .726E-04
    9   11    .462E-04    .448E-04
   10    1    .363E-02    .371E-02
   10    2    .748E-03    .744E-03
   10    3    .927E-03    .942E-03
   10    4    .152E-01    .157E-01
   10    5    .291E-04    .143E-04
   10    6    .590E-02    .553E-02
   10    7    .731E-03    .708E-03
   10    8    .209E-03    .203E-03
   10    9    .951E-04    .926E-04
   10   10    .526E-04    .511E-04
   10   11    .324E-04    .315E-04
  2  2  0    2  1  1       110
    1    1    .767E+00    .759E+00
    1    2   -.118E+00   -.134E+00
    1    3   -.185E+00   -.199E+00
    1    4   -.168E+01   -.175E+01
    1    5   -.773E-01   -.793E-01
    1    6   -.329E-01   -.351E-01
    1    7   -.287E-03   -.392E-03
    1    8   -.260E-03   -.334E-03
    1    9   -.276E-03   -.337E-03
    1   10   -.253E-03   -.303E-03
    1   11   -.219E-03   -.258E-03
    2    1    .201E+01    .198E+01
    2    2    .332E+01    .327E+01
    2    3   -.109E+01   -.106E+01
    2    4   -.221E-02   -.420E-02
    2    5   -.117E+00   -.109E+00
    2    6   -.660E-05   -.481E-03
    2    7   -.325E-01   -.351E-01
    2    8   -.182E-01   -.198E-01
    2    9   -.108E-01   -.119E-01
    2   10   -.704E-02   -.772E-02
    2   11   -.483E-02   -.533E-02
    3    1    .704E+00    .693E+00
    3    2    .590E+00    .569E+00
    3    3    .548E+01    .558E+01
    3    4   -.258E+00    .000E+00
    3    5   -.176E+01   -.169E+01
    3    6   -.321E-01   -.448E-01
    3    7   -.209E+00   -.207E+00
    3    8   -.804E-01   -.769E-01
    3    9   -.400E-01   -.375E-01
    3   10   -.232E-01   -.215E-01
    3   11   -.149E-01   -.137E-01
    4    1    .342E+00    .336E+00
    4    2    .305E+00    .295E+00
    4    3    .205E+00    .197E+00
    4    4    .604E+00    .598E+00
    4    5    .599E+01    .000E+00
    4    6   -.171E+00    .000E+00
    4    7   -.232E+01   -.231E+01
    4    8   -.362E+00   -.354E+00
    4    9   -.130E+00   -.125E+00
    4   10   -.637E-01   -.611E-01
    4   11   -.369E-01   -.351E-01
    5    1    .209E+00    .206E+00
    5    2    .183E+00    .178E+00
    5    3    .176E+00    .172E+00
    5    4    .476E-01    .456E-01
    5    5    .105E+00    .112E+00
    5    6    .951E+00    .899E+00
    5    7    .697E+01    .000E+00
    5    8   -.343E+01   -.340E+01
    5    9   -.497E+00   -.490E+00
    5   10   -.177E+00   -.173E+00
    5   11   -.869E-01   -.847E-01
    6    1    .179E+00    .176E+00
    6    2    .154E+00    .150E+00
    6    3    .193E+00    .190E+00
    6    4    .113E-01    .136E-01
    6    5    .143E+00    .148E+00
    6    6    .912E-01    .769E-01
    6    7    .546E+00    .538E+00
    6    8    .781E+01    .000E+00
    6    9   -.384E+01    .000E+00
    6   10   -.571E+00   -.568E+00
    6   11   -.205E+00   -.203E+00
    7    1    .217E+00    .213E+00
    7    2    .183E+00    .181E+00
    7    3    .454E+00    .461E+00
    7    4    .114E+01    .122E+01
    7    5    .257E+00    .261E+00
    7    6    .406E+00    .466E+00
    7    7    .178E+00    .159E+00
    7    8    .168E+01    .000E+00
    7    9   -.975E+00    .000E+00
    7   10   -.112E+00    .000E+00
    7   11   -.244E-01   -.271E-01
    8    1    .346E-03    .347E-03
    8    2    .312E-03    .241E-03
    8    3    .162E-01    .177E-01
    8    4    .480E+00    .507E+00
    8    5    .258E-02    .231E-02
    8    6    .433E+00    .451E+00
    8    7    .653E-01    .717E-01
    8    8    .347E-05    .139E-03
    8    9    .112E+02    .000E+00
    8   10   -.673E+01    .000E+00
    8   11   -.736E+00    .000E+00
    9    1    .204E-01    .201E-01
    9    2    .171E-01    .165E-01
    9    3    .511E-02    .462E-02
    9    4    .913E-01    .953E-01
    9    5    .847E-02    .907E-02
    9    6    .135E+00    .136E+00
    9    7    .910E-01    .936E-01
    9    8    .778E-01    .810E-01
    9    9    .448E-01    .000E+00
    9   10    .136E+02    .000E+00
    9   11   -.785E+01    .000E+00
   10    1    .200E-01    .197E-01
   10    2    .166E-01    .161E-01
   10    3    .804E-02    .758E-02
   10    4    .406E-01    .422E-01
   10    5    .976E-02    .103E-01
   10    6    .705E-01    .699E-01
   10    7    .642E-01    .655E-01
   10    8    .627E-01    .644E-01
   10    9    .701E-01    .724E-01
   10   10    .494E-01    .000E+00
   10   11    .149E+02    .000E+00
  4  0  0    4  1  1       128
    1    1    .114E+01    .739E+00
    1    2   -.283E+01   -.235E+01
    1    3   -.275E+00   -.240E+00
    1    4   -.292E+00   -.306E+00
    1    5   -.470E-01   -.438E-01
    1    6   -.155E+00   -.162E+00
    1    7   -.176E-01   -.167E-01
    1    8   -.855E-01   -.897E-01
    1    9   -.858E-02   -.821E-02
    1   10   -.517E-01   -.543E-01
    1   11   -.487E-02   -.467E-02
    1   12   -.336E-01   -.354E-01
    1   13   -.304E-02   -.292E-02
    1   14   -.231E-01   -.243E-01
    1   15   -.204E-02   -.196E-02
    1   16   -.166E-01   -.175E-01
    2    1    .165E-01    .265E-01
    2    2    .930E+00    .788E+00
    2    3    .128E+01    .105E+01
    2    4   -.460E+01   -.401E+01
    2    5   -.530E+00   -.473E+00
    2    6   -.166E+00   -.192E+00
    2    7   -.829E-01   -.689E-01
    2    8   -.105E+00   -.113E+00
    2    9   -.311E-01   -.249E-01
    2   10   -.627E-01   -.648E-01
    2   11   -.157E-01   -.122E-01
    2   12   -.398E-01   -.404E-01
    2   13   -.925E-02   -.709E-02
    2   14   -.268E-01   -.268E-01
    2   15   -.597E-02   -.453E-02
    2   16   -.189E-01   -.188E-01
    3    1    .103E-01    .141E-01
    3    2    .107E+00    .859E-01
    3    3    .114E-01    .196E-01
    3    4    .173E+01    .157E+01
    3    5    .167E+01    .142E+01
    3    6   -.597E+01   -.563E+01
    3    7   -.819E+00   -.753E+00
    3    8   -.111E+00   -.123E+00
    3    9   -.119E+00   -.105E+00
    3   10   -.796E-01   -.842E-01
    3   11   -.437E-01   -.380E-01
    3   12   -.496E-01   -.515E-01
    3   13   -.219E-01   -.188E-01
    3   14   -.325E-01   -.334E-01
    3   15   -.129E-01   -.110E-01
    3   16   -.224E-01   -.229E-01
    4    1    .591E-02    .775E-02
    4    2    .357E-01    .284E-01
    4    3    .868E-02    .126E-01
    4    4    .221E+00    .193E+00
    4    5    .809E-02    .156E-01
    4    6    .254E+01    .244E+01
    4    7    .204E+01    .183E+01
    4    8   -.721E+01   -.698E+01
    4    9   -.110E+01   -.104E+01
    4   10   -.790E-01   -.862E-01
    4   11   -.155E+00   -.142E+00
    4   12   -.638E-01   -.671E-01
    4   13   -.564E-01   -.511E-01
    4   14   -.414E-01   -.431E-01
    4   15   -.283E-01   -.254E-01
    4   16   -.278E-01   -.288E-01
    5    1    .363E-02    .467E-02
    5    2    .169E-01    .133E-01
    5    3    .534E-02    .745E-02
    5    4    .768E-01    .654E-01
    5    5    .761E-02    .119E-01
    5    6    .331E+00    .313E+00
    5    7    .596E-02    .111E-01
    5    8    .335E+01    .328E+01
    5    9    .240E+01    .222E+01
    5   10   -.843E+01   -.826E+01
    5   11   -.139E+01   -.133E+01
    5   12   -.591E-01   -.639E-01
    5   13   -.191E+00   -.179E+00
    5   14   -.533E-01   -.559E-01
    5   15   -.689E-01   -.641E-01
    5   16   -.357E-01   -.372E-01
    6    1    .238E-02    .302E-02
    6    2    .950E-02    .750E-02
    6    3    .343E-02    .468E-02
    6    4    .372E-01    .313E-01
    6    5    .497E-02    .739E-02
    6    6    .115E+00    .108E+00
    6    7    .683E-02    .101E-01
    6    8    .442E+00    .428E+00
    6    9    .433E-02    .784E-02
    6   10    .417E+01    .411E+01
    6   11    .275E+01    .260E+01
    6   12   -.965E+01   -.951E+01
    6   13   -.167E+01   -.162E+01
    6   14   -.456E-01   -.490E-01
    6   15   -.226E+00   -.216E+00
    6   16   -.459E-01   -.479E-01
    7    1    .164E-02    .207E-02
    7    2    .595E-02    .469E-02
    7    3    .232E-02    .313E-02
    7    4    .214E-01    .178E-01
    7    5    .330E-02    .482E-02
    7    6    .562E-01    .523E-01
    7    7    .470E-02    .666E-02
    7    8    .155E+00    .149E+00
    7    9    .608E-02    .860E-02
    7   10    .552E+00    .541E+00
    7   11    .312E-02    .555E-02
    7   12    .498E+01    .494E+01
    7   13    .310E+01    .297E+01
    7   14   -.109E+02   -.108E+02
    7   15   -.195E+01   -.191E+01
    7   16   -.360E-01   -.385E-01
    8    1    .118E-02    .148E-02
    8    2    .400E-02    .315E-02
    8    3    .164E-02    .220E-02
    8    4    .136E-01    .113E-01
    8    5    .229E-02    .331E-02
    8    6    .325E-01    .300E-01
    8    7    .322E-02    .449E-02
    8    8    .757E-01    .728E-01
    8    9    .437E-02    .594E-02
    8   10    .194E+00    .190E+00
    8   11    .544E-02    .741E-02
    8   12    .662E+00    .653E+00
    8   13    .224E-02    .395E-02
    8   14    .580E+01    .576E+01
    8   15    .344E+01    .332E+01
    8   16   -.121E+02   -.120E+02
  4  1  0    4  1  1       144
    1    1   -.162E+01   -.164E+01
    1    2   -.163E+01   -.168E+01
    1    3   -.236E+00   -.241E+00
    1    4   -.596E+00   -.611E+00
    1    5   -.777E-01   -.800E-01
    1    6   -.277E+00   -.284E+00
    1    7   -.373E-01   -.385E-01
    1    8   -.152E+00   -.156E+00
    1    9   -.212E-01   -.219E-01
    1   10   -.927E-01   -.949E-01
    1   11   -.133E-01   -.137E-01
    1   12   -.608E-01   -.622E-01
    1   13   -.887E-02   -.920E-02
    1   14   -.420E-01   -.430E-01
    1   15   -.624E-02   -.648E-02
    1   16   -.303E-01   -.310E-01
    2    1    .441E+01    .357E+01
    2    2   -.119E+01   -.728E+00
    2    3   -.280E+01   -.266E+01
    2    4   -.386E+00   -.448E+00
    2    5   -.332E+00   -.320E+00
    2    6   -.170E+00   -.192E+00
    2    7   -.114E+00   -.112E+00
    2    8   -.882E-01   -.986E-01
    2    9   -.551E-01   -.546E-01
    2   10   -.518E-01   -.576E-01
    2   11   -.315E-01   -.315E-01
    2   12   -.331E-01   -.367E-01
    2   13   -.200E-01   -.200E-01
    2   14   -.225E-01   -.250E-01
    2   15   -.136E-01   -.136E-01
    2   16   -.160E-01   -.177E-01
    3    1    .113E-01    .243E-01
    3    2    .153E+00    .105E+00
    3    3    .674E+01    .620E+01
    3    4   -.156E+01   -.115E+01
    3    5   -.427E+01   -.402E+01
    3    6   -.249E+00   -.295E+00
    3    7   -.510E+00   -.462E+00
    3    8   -.122E+00   -.138E+00
    3    9   -.175E+00   -.156E+00
    3   10   -.667E-01   -.740E-01
    3   11   -.849E-01   -.748E-01
    3   12   -.408E-01   -.447E-01
    3   13   -.488E-01   -.427E-01
    3   14   -.269E-01   -.292E-01
    3   15   -.310E-01   -.271E-01
    3   16   -.187E-01   -.203E-01
    4    1    .167E-01    .241E-01
    4    2    .193E-01    .113E-01
    4    3    .999E-04    .204E-02
    4    4    .406E+00    .337E+00
    4    5    .854E+01    .797E+01
    4    6   -.209E+01   -.177E+01
    4    7   -.569E+01   -.545E+01
    4    8   -.191E+00   -.220E+00
    4    9   -.683E+00   -.637E+00
    4   10   -.999E-01   -.111E+00
    4   11   -.236E+00   -.217E+00
    4   12   -.569E-01   -.626E-01
    4   13   -.115E+00   -.105E+00
    4   14   -.357E-01   -.390E-01
    4   15   -.663E-01   -.601E-01
    4   16   -.240E-01   -.261E-01
    5    1    .121E-01    .162E-01
    5    2    .625E-02    .340E-02
    5    3    .557E-02    .916E-02
    5    4    .547E-01    .424E-01
    5    5    .151E-02    .829E-05
    5    6    .719E+00    .656E+00
    5    7    .103E+02    .982E+01
    5    8   -.257E+01   -.232E+01
    5    9   -.714E+01   -.693E+01
    5   10   -.160E+00   -.180E+00
    5   11   -.853E+00   -.812E+00
    5   12   -.868E-01   -.958E-01
    5   13   -.294E+00   -.277E+00
    5   14   -.505E-01   -.552E-01
    5   15   -.143E+00   -.134E+00
    5   16   -.322E-01   -.351E-01
    6    1    .848E-02    .110E-01
    6    2    .285E-02    .148E-02
    6    3    .509E-02    .744E-02
    6    4    .188E-01    .142E-01
    6    5    .251E-02    .516E-02
    6    6    .100E+00    .881E-01
    6    7    .642E-02    .252E-02
    6    8    .106E+01    .100E+01
    6    9    .121E+02    .117E+02
    6   10   -.334E+01    .000E+00
    6   11   -.859E+01   -.841E+01
    6   12   -.140E+00   -.156E+00
    6   13   -.102E+01   -.985E+00
    6   14   -.783E-01   -.855E-01
    6   15   -.351E+00   -.336E+00
    6   16   -.461E-01   -.501E-01
    7    1    .609E-02    .778E-02
    7    2    .155E-02    .783E-03
    7    3    .383E-02    .537E-02
    7    4    .902E-02    .668E-02
    7    5    .316E-02    .511E-02
    7    6    .351E-01    .304E-01
    7    7    .876E-03    .236E-02
    7    8    .150E+00    .138E+00
    7    9    .130E-01    .808E-02
    7   10    .142E+01    .136E+01
    7   11    .137E+02    .000E+00
    7   12   -.384E+01    .000E+00
    7   13   -.101E+02   -.989E+01
    7   14   -.127E+00   -.140E+00
    7   15   -.119E+01   -.115E+01
    7   16   -.724E-01   -.784E-01
    8    1    .450E-02    .568E-02
    8    2    .947E-03    .466E-03
    8    3    .282E-02    .387E-02
    8    4    .513E-02    .376E-02
    8    5    .267E-02    .399E-02
    8    6    .171E-01    .146E-01
    8    7    .187E-02    .325E-02
    8    8    .531E-01    .484E-01
    8    9    .174E-03    .845E-03
    8   10    .201E+00    .190E+00
    8   11    .206E-01    .152E-01
    8   12    .178E+01    .173E+01
    8   13    .154E+02    .000E+00
    8   14   -.432E+01    .000E+00
    8   15   -.116E+02    .000E+00
    8   16   -.118E+00   -.129E+00
    9    1    .342E-02    .428E-02
    9    2    .623E-03    .301E-03
    9    3    .211E-02    .286E-02
    9    4    .324E-02    .236E-02
    9    5    .210E-02    .302E-02
    9    6    .985E-02    .838E-02
    9    7    .182E-02    .283E-02
    9    8    .260E-01    .235E-01
    9    9    .109E-02    .200E-02
    9   10    .717E-01    .671E-01
    9   11    .226E-06    .165E-03
    9   12    .254E+00    .243E+00
    9   13    .286E-01    .232E-01
    9   14    .208E+01    .000E+00
    9   15    .172E+02    .000E+00
    9   16   -.478E+01    .000E+00
  4  2  0    4  1  1       224
    1    1    .496E+01    .553E+01
    1    2   -.416E+00   -.296E+00
    1    3   -.226E+01   -.223E+01
    1    4   -.334E-04   -.108E-03
    1    5   -.387E+00   -.384E+00
    1    6   -.619E-03   -.683E-03
    1    7   -.149E+00   -.149E+00
    1    8   -.501E-03   -.533E-03
    1    9   -.764E-01   -.763E-01
    1   10   -.342E-03   -.360E-03
    1   11   -.452E-01   -.452E-01
    1   12   -.233E-03   -.244E-03
    1   13   -.292E-01   -.292E-01
    1   14   -.163E-03   -.170E-03
    1   15   -.201E-01   -.201E-01
    1   16   -.118E-03   -.122E-03
    2    1    .314E+00    .280E+00
    2    2    .298E+00    .266E+00
    2    3    .741E+01    .799E+01
    2    4   -.623E+00   -.484E+00
    2    5   -.379E+01   -.372E+01
    2    6   -.320E-04   -.383E-03
    2    7   -.599E+00   -.565E+00
    2    8   -.396E-03   -.974E-03
    2    9   -.223E+00   -.206E+00
    2   10   -.411E-03   -.696E-03
    2   11   -.112E+00   -.102E+00
    2   12   -.319E-03   -.466E-03
    2   13   -.659E-01   -.594E-01
    2   14   -.238E-03   -.319E-03
    2   15   -.425E-01   -.381E-01
    2   16   -.179E-03   -.227E-03
    3    1    .161E-01    .157E-01
    3    2    .109E+02    .101E+02
    3    3    .221E+00    .197E+00
    3    4    .128E+01    .000E+00
    3    5   -.368E-01   -.382E-01
    3    6   -.300E+00   -.315E+00
    3    7   -.100E-02   -.143E-02
    3    8   -.524E-01   -.506E-01
    3    9   -.295E-03   -.520E-03
    3   10   -.190E-01   -.169E-01
    3   11   -.137E-03   -.274E-03
    3   12   -.929E-02   -.771E-02
    3   13   -.781E-04   -.168E-03
    3   14   -.534E-02   -.421E-02
    3   15   -.496E-04   -.113E-03
    3   16   -.340E-02   -.257E-02
    4    1    .138E+00    .127E+00
    4    2    .232E-01    .205E-01
    4    3    .221E+00    .198E+00
    4    4    .605E+00    .567E+00
    4    5    .953E+01    .969E+01
    4    6   -.980E+00   -.881E+00
    4    7   -.539E+01   -.532E+01
    4    8   -.128E-02   -.314E-03
    4    9   -.827E+00   -.805E+00
    4   10   -.166E-04   -.223E-03
    4   11   -.305E+00   -.294E+00
    4   12   -.992E-04   -.309E-03
    4   13   -.154E+00   -.147E+00
    4   14   -.109E-03   -.264E-03
    4   15   -.903E-01   -.861E-01
    4   16   -.954E-04   -.207E-03
    5    1    .692E-02    .645E-02
    5    2    .191E+01    .174E+01
    5    3    .343E-02    .228E-02
    5    4    .850E+01    .818E+01
    5    5    .314E+00    .314E+00
    5    6    .232E+01    .000E+00
    5    7   -.120E+00   -.124E+00
    5    8   -.746E+00   -.741E+00
    5    9   -.298E-02   -.331E-02
    5   10   -.134E+00   -.131E+00
    5   11   -.820E-03   -.942E-03
    5   12   -.489E-01   -.473E-01
    5   13   -.370E-03   -.433E-03
    5   14   -.240E-01   -.230E-01
    5   15   -.207E-03   -.245E-03
    5   16   -.138E-01   -.131E-01
    6    1    .712E-01    .664E-01
    6    2    .553E-02    .482E-02
    6    3    .111E+00    .102E+00
    6    4    .555E-01    .489E-01
    6    5    .191E+00    .186E+00
    6    6    .864E+00    .826E+00
    6    7    .116E+02    .117E+02
    6    8   -.123E+01   -.115E+01
    6    9   -.699E+01   -.696E+01
    6   10   -.270E-02   -.139E-02
    6   11   -.106E+01   -.105E+01
    6   12   -.139E-04   -.302E-04
    6   13   -.389E+00   -.383E+00
    6   14   -.277E-04   -.142E-03
    6   15   -.196E+00   -.192E+00
    6   16   -.538E-04   -.156E-03
    7    1    .360E-02    .329E-02
    7    2    .683E+00    .618E+00
    7    3    .146E-03    .349E-04
    7    4    .210E+01    .200E+01
    7    5    .144E-01    .147E-01
    7    6    .752E+01    .743E+01
    7    7    .366E+00    .367E+00
    7    8    .325E+01    .000E+00
    7    9   -.219E+00   -.220E+00
    7   10   -.128E+01   -.128E+01
    7   11   -.508E-02   -.517E-02
    7   12   -.237E+00   -.235E+00
    7   13   -.135E-02   -.137E-02
    7   14   -.877E-01   -.868E-01
    7   15   -.596E-03   -.607E-03
    7   16   -.434E-01   -.429E-01
    8    1    .417E-01    .391E-01
    8    2    .202E-02    .174E-02
    8    3    .606E-01    .563E-01
    8    4    .166E-01    .140E-01
    8    5    .104E+00    .101E+00
    8    6    .843E-01    .781E-01
    8    7    .174E+00    .171E+00
    8    8    .108E+01    .104E+01
    8    9    .137E+02    .000E+00
    8   10   -.147E+01   -.140E+01
    8   11   -.859E+01   -.858E+01
    8   12   -.418E-02   -.278E-02
    8   13   -.129E+01   -.128E+01
    8   14   -.102E-03   -.539E-05
    8   15   -.473E+00   -.470E+00
    8   16   -.163E-05   -.491E-04
    9    1    .213E-02    .193E-02
    9    2    .329E+00    .296E+00
    9    3    .157E-06    .140E-04
    9    4    .867E+00    .822E+00
    9    5    .267E-02    .277E-02
    9    6    .206E+01    .202E+01
    9    7    .237E-01    .237E-01
    9    8    .704E+01    .700E+01
    9    9    .416E+00    .414E+00
    9   10    .414E+01    .000E+00
    9   11   -.267E+00    .000E+00
    9   12   -.188E+01   -.187E+01
    9   13   -.710E-02   -.703E-02
    9   14   -.353E+00   -.352E+00
    9   15   -.184E-02   -.181E-02
    9   16   -.132E+00   -.132E+00
   10    1    .265E-01    .250E-01
   10    2    .938E-03    .799E-03
   10    3    .368E-01    .343E-01
   10    4    .735E-02    .602E-02
   10    5    .585E-01    .572E-01
   10    6    .263E-01    .240E-01
   10    7    .998E-01    .982E-01
   10    8    .110E+00    .104E+00
   10    9    .164E+00    .160E+00
   10   10    .127E+01    .124E+01
   10   11    .157E+02    .000E+00
   10   12   -.165E+01    .000E+00
   10   13   -.102E+02   -.102E+02
   10   14   -.568E-02   -.428E-02
   10   15   -.152E+01   -.152E+01
   10   16   -.236E-03   -.773E-04
   11    1    .137E-02    .124E-02
   11    2    .186E+00    .167E+00
   11    3    .112E-04    .407E-04
   11    4    .453E+00    .429E+00
   11    5    .823E-03    .870E-03
   11    6    .904E+00    .882E+00
   11    7    .573E-02    .571E-02
   11    8    .203E+01    .201E+01
   11    9    .312E-01    .309E-01
   11   10    .681E+01    .679E+01
   11   11    .463E+00    .461E+00
   11   12    .500E+01    .000E+00
   11   13   -.337E+00    .000E+00
   11   14   -.252E+01   -.251E+01
   11   15   -.901E-02   -.886E-02
   11   16   -.479E+00   -.479E+00
   12    1    .180E-01    .170E-01
   12    2    .506E-03    .427E-03
   12    3    .241E-01    .226E-01
   12    4    .397E-02    .318E-02
   12    5    .364E-01    .356E-01
   12    6    .120E-01    .108E-01
   12    7    .578E-01    .568E-01
   12    8    .353E-01    .331E-01
   12    9    .978E-01    .961E-01
   12   10    .134E+00    .129E+00
   12   11    .157E+00    .154E+00
   12   12    .146E+01    .144E+01
   12   13    .178E+02    .000E+00
   12   14   -.188E+01    .000E+00
   12   15   -.118E+02   -.118E+02
   12   16   -.717E-02   -.582E-02
   13    1    .940E-03    .846E-03
   13    2    .117E+00    .105E+00
   13    3    .209E-04    .480E-04
   13    4    .271E+00    .256E+00
   13    5    .334E-03    .360E-03
   13    6    .491E+00    .478E+00
   13    7    .218E-02    .217E-02
   13    8    .917E+00    .905E+00
   13    9    .834E-02    .822E-02
   13   10    .201E+01    .200E+01
   13   11    .377E-01    .373E-01
   13   12    .672E+01    .671E+01
   13   13    .508E+00    .505E+00
   13   14    .582E+01    .000E+00
   13   15   -.405E+00    .000E+00
   13   16   -.318E+01   -.318E+01
   14    1    .128E-01    .121E-01
   14    2    .303E-03    .254E-03
   14    3    .168E-01    .157E-01
   14    4    .242E-02    .191E-02
   14    5    .244E-01    .238E-01
   14    6    .666E-02    .594E-02
   14    7    .365E-01    .359E-01
   14    8    .164E-01    .153E-01
   14    9    .575E-01    .565E-01
   14   10    .436E-01    .416E-01
   14   11    .968E-01    .952E-01
   14   12    .157E+00    .152E+00
   14   13    .152E+00    .149E+00
   14   14    .167E+01    .000E+00
   14   15    .198E+02    .000E+00
   14   16   -.210E+01    .000E+00
  2  1  0    2  2  1        90
    1    1   -.503E+00   -.488E+00
    1    2   -.962E+00   -.933E+00
    1    3   -.182E+00   -.175E+00
    1    4   -.474E-01   -.453E-01
    1    5   -.119E-01   -.112E-01
    1    6   -.161E-02   -.143E-02
    1    7   -.106E-03   -.140E-03
    1    8   -.266E-02   -.276E-02
    1    9   -.785E-02   -.793E-02
    2    1    .209E+00    .252E+00
    2    2   -.280E+01   -.275E+01
    2    3   -.246E+00   -.249E+00
    2    4   -.145E+00   -.146E+00
    2    5   -.800E-01   -.804E-01
    2    6   -.472E-01   -.472E-01
    2    7   -.294E-01   -.292E-01
    2    8   -.190E-01   -.187E-01
    2    9   -.126E-01   -.122E-01
    3    1    .286E-01    .344E-01
    3    2    .953E+00    .881E+00
    3    3   -.462E+01   -.446E+01
    3    4   -.732E-01   -.753E-01
    3    5   -.696E-01   -.681E-01
    3    6   -.466E-01   -.446E-01
    3    7   -.314E-01   -.296E-01
    3    8   -.220E-01   -.205E-01
    3    9   -.160E-01   -.146E-01
    4    1    .916E-02    .109E-01
    4    2    .103E+00    .891E-01
    4    3    .187E+01    .180E+01
    4    4   -.603E+01   -.597E+01
    4    5   -.205E-01   -.205E-01
    4    6   -.366E-01   -.356E-01
    4    7   -.287E-01   -.276E-01
    4    8   -.213E-01   -.203E-01
    4    9   -.160E-01   -.151E-01
    5    1    .318E-02    .280E-02
    5    2    .200E-01    .134E-01
    5    3    .148E+00    .133E+00
    5    4    .255E+01    .248E+01
    5    5   -.659E+01   -.650E+01
    5    6   -.798E-02   -.693E-02
    5    7   -.110E-02   -.135E-02
    5    8   -.205E-02   -.227E-02
    5    9   -.148E-02   -.162E-02
    6    1    .124E+00    .129E+00
    6    2    .192E-01    .276E-01
    6    3    .472E-01    .561E-01
    6    4    .261E+00    .289E+00
    6    5   -.567E+00    .000E+00
    6    6   -.357E+00   -.330E+00
    6    7   -.155E+00   -.142E+00
    6    8   -.102E+00   -.935E-01
    6    9   -.832E-01   -.763E-01
    7    1    .162E-01    .176E-01
    7    2    .208E-01    .196E-01
    7    3    .742E-01    .725E-01
    7    4    .319E+00    .319E+00
    7    5    .355E+01    .356E+01
    7    6   -.812E+01    .000E+00
    7    7   -.269E-01   -.250E-01
    7    8   -.479E-01   -.457E-01
    7    9   -.429E-01   -.410E-01
    8    1    .810E-02    .886E-02
    8    2    .112E-01    .105E-01
    8    3    .355E-01    .343E-01
    8    4    .110E+00    .109E+00
    8    5    .429E+00    .431E+00
    8    6    .457E+01    .458E+01
    8    7   -.946E+01    .000E+00
    8    8   -.143E-01   -.133E-01
    8    9   -.389E-01   -.375E-01
    9    1    .531E-02    .581E-02
    9    2    .717E-02    .651E-02
    9    3    .203E-01    .195E-01
    9    4    .532E-01    .527E-01
    9    5    .147E+00    .147E+00
    9    6    .539E+00    .541E+00
    9    7    .547E+01    .548E+01
    9    8   -.105E+02    .000E+00
    9    9   -.154E-01   -.145E-01
   10    1    .381E-02    .415E-02
   10    2    .485E-02    .438E-02
   10    3    .129E-01    .124E-01
   10    4    .306E-01    .302E-01
   10    5    .712E-01    .711E-01
   10    6    .184E+00    .185E+00
   10    7    .648E+00    .651E+00
   10    8    .618E+01    .000E+00
   10    9   -.114E+02    .000E+00
  2  2  0    2  2  1        90
    1    1   -.127E+01   -.129E+01
    1    2   -.141E+01   -.147E+01
    1    3   -.483E+00   -.501E+00
    1    4   -.230E+00   -.239E+00
    1    5   -.134E+00   -.139E+00
    1    6   -.884E-01   -.917E-01
    1    7   -.642E-01   -.666E-01
    1    8   -.501E-01   -.520E-01
    1    9   -.416E-01   -.432E-01
    2    1   -.545E-04   -.115E-03
    2    2   -.369E-02   -.320E-02
    2    3   -.107E-02   -.124E-02
    2    4   -.470E-02   -.498E-02
    2    5   -.857E-02   -.891E-02
    2    6   -.127E-01   -.132E-01
    2    7   -.175E-01   -.181E-01
    2    8   -.233E-01   -.239E-01
    2    9   -.305E-01   -.313E-01
    3    1    .270E-07    .228E-04
    3    2   -.434E-02   -.358E-02
    3    3   -.115E-03   -.172E-03
    3    4   -.357E-03   -.419E-03
    3    5   -.393E-03   -.442E-03
    3    6   -.367E-03   -.406E-03
    3    7   -.328E-03   -.361E-03
    3    8   -.293E-03   -.322E-03
    3    9   -.266E-03   -.291E-03
    4    1    .861E-04    .651E-04
    4    2   -.581E-02   -.448E-02
    4    3   -.425E-03   -.543E-03
    4    4   -.444E-03   -.516E-03
    4    5   -.341E-03   -.387E-03
    4    6   -.261E-03   -.292E-03
    4    7   -.204E-03   -.228E-03
    4    8   -.166E-03   -.185E-03
    4    9   -.140E-03   -.155E-03
    5    1    .531E-03    .587E-03
    5    2   -.109E-01   -.780E-02
    5    3   -.196E-02   -.231E-02
    5    4   -.118E-02   -.133E-02
    5    5   -.715E-03   -.798E-03
    5    6   -.475E-03   -.528E-03
    5    7   -.339E-03   -.376E-03
    5    8   -.257E-03   -.285E-03
    5    9   -.205E-03   -.227E-03
    6    1    .390E-02    .467E-02
    6    2   -.435E-01   -.286E-01
    6    3   -.144E-01   -.164E-01
    6    4   -.644E-02   -.714E-02
    6    5   -.345E-02   -.380E-02
    6    6   -.210E-02   -.231E-02
    6    7   -.141E-02   -.155E-02
    6    8   -.102E-02   -.112E-02
    6    9   -.779E-03   -.860E-03
    7    1    .545E-01    .668E-01
    7    2   -.452E+00   -.280E+00
    7    3   -.209E+00   -.232E+00
    7    4   -.824E-01   -.899E-01
    7    5   -.409E-01   -.447E-01
    7    6   -.239E-01   -.261E-01
    7    7   -.155E-01   -.170E-01
    7    8   -.109E-01   -.120E-01
    7    9   -.818E-02   -.902E-02
    8    1    .149E-01    .185E-01
    8    2   -.106E+00   -.631E-01
    8    3   -.585E-01   -.645E-01
    8    4   -.217E-01   -.235E-01
    8    5   -.104E-01   -.113E-01
    8    6   -.594E-02   -.647E-02
    8    7   -.380E-02   -.416E-02
    8    8   -.264E-02   -.290E-02
    8    9   -.195E-02   -.215E-02
    9    1    .183E-02    .230E-02
    9    2   -.100E-01   -.546E-02
    9    3   -.754E-02   -.819E-02
    9    4   -.251E-02   -.270E-02
    9    5   -.114E-02   -.123E-02
    9    6   -.630E-03   -.682E-03
    9    7   -.392E-03   -.427E-03
    9    8   -.266E-03   -.291E-03
    9    9   -.193E-03   -.212E-03
   10    1    .656E-03    .830E-03
   10    2   -.291E-02   -.144E-02
   10    3   -.283E-02   -.304E-02
   10    4   -.870E-03   -.929E-03
   10    5   -.380E-03   -.407E-03
   10    6   -.203E-03   -.219E-03
   10    7   -.124E-03   -.134E-03
   10    8   -.826E-04   -.902E-04
   10    9   -.589E-04   -.648E-04
  2  3  0    2  2  1        63
    1    1    .205E+00    .203E+00
    1    2    .826E+01    .810E+01
    1    3    .391E+00    .000E+00
    1    4   -.169E+00   -.172E+00
    1    5   -.306E-01   -.295E-01
    1    6   -.115E-01   -.104E-01
    1    7   -.590E-02   -.514E-02
    1    8   -.363E-02   -.307E-02
    1    9   -.252E-02   -.209E-02
    2    1    .113E+00    .112E+00
    2    2    .119E+01    .116E+01
    2    3    .714E+01    .704E+01
    2    4    .102E+01    .000E+00
    2    5   -.480E+00   -.481E+00
    2    6   -.922E-01   -.913E-01
    2    7   -.358E-01   -.350E-01
    2    8   -.188E-01   -.182E-01
    2    9   -.118E-01   -.113E-01
    3    1    .677E-01    .670E-01
    3    2    .389E+00    .379E+00
    3    3    .158E+01    .156E+01
    3    4    .637E+01    .634E+01
    3    5    .169E+01    .000E+00
    3    6   -.882E+00   -.885E+00
    3    7   -.175E+00   -.175E+00
    3    8   -.691E-01   -.691E-01
    3    9   -.368E-01   -.368E-01
    4    1    .435E-01    .431E-01
    4    2    .177E+00    .172E+00
    4    3    .621E+00    .615E+00
    4    4    .163E+01    .162E+01
    4    5    .592E+01    .590E+01
    4    6    .245E+01    .000E+00
    4    7   -.138E+01   -.138E+01
    4    8   -.278E+00   -.279E+00
    4    9   -.112E+00   -.112E+00
    5    1    .295E-01    .292E-01
    5    2    .950E-01    .934E-01
    5    3    .316E+00    .314E+00
    5    4    .692E+00    .687E+00
    5    5    .162E+01    .161E+01
    5    6    .561E+01    .559E+01
    5    7    .336E+01    .000E+00
    5    8   -.198E+01   -.199E+01
    5    9   -.403E+00   -.406E+00
    6    1    .209E-01    .207E-01
    6    2    .586E-01    .573E-01
    6    3    .186E+00    .185E+00
    6    4    .369E+00    .366E+00
    6    5    .715E+00    .711E+00
    6    6    .160E+01    .159E+01
    6    7    .533E+01    .531E+01
    6    8    .451E+01    .000E+00
    6    9   -.272E+01   -.273E+01
    7    1    .153E-01    .152E-01
    7    2    .386E-01    .377E-01
    7    3    .120E+00    .119E+00
    7    4    .224E+00    .223E+00
    7    5    .392E+00    .389E+00
    7    6    .722E+00    .718E+00
    7    7    .156E+01    .155E+01
    7    8    .502E+01    .501E+01
    7    9    .562E+01    .000E+00
  4  1  0    4  2  1        72
    1    1   -.534E+01   -.537E+01
    1    2   -.176E+01   -.177E+01
    1    3   -.794E+00   -.797E+00
    1    4   -.428E+00   -.429E+00
    1    5   -.258E+00   -.259E+00
    1    6   -.168E+00   -.169E+00
    1    7   -.116E+00   -.116E+00
    1    8   -.833E-01   -.836E-01
    2    1   -.384E+01   -.419E+01
    2    2   -.166E+01   -.162E+01
    2    3   -.641E+00   -.634E+00
    2    4   -.315E+00   -.314E+00
    2    5   -.180E+00   -.180E+00
    2    6   -.113E+00   -.114E+00
    2    7   -.763E-01   -.771E-01
    2    8   -.540E-01   -.547E-01
    3    1    .990E+00    .101E+01
    3    2   -.616E+01   -.612E+01
    3    3   -.119E+01   -.116E+01
    3    4   -.502E+00   -.487E+00
    3    5   -.260E+00   -.251E+00
    3    6   -.154E+00   -.148E+00
    3    7   -.998E-01   -.954E-01
    3    8   -.687E-01   -.656E-01
    4    1    .149E+00    .152E+00
    4    2    .214E+01    .213E+01
    4    3   -.816E+01   -.825E+01
    4    4   -.962E+00   -.940E+00
    4    5   -.431E+00   -.419E+00
    4    6   -.231E+00   -.224E+00
    4    7   -.141E+00   -.136E+00
    4    8   -.929E-01   -.893E-01
    5    1    .536E-01    .547E-01
    5    2    .320E+00    .318E+00
    5    3    .338E+01    .340E+01
    5    4   -.101E+02   -.102E+02
    5    5   -.845E+00   -.827E+00
    5    6   -.390E+00   -.381E+00
    5    7   -.213E+00   -.208E+00
    5    8   -.132E+00   -.128E+00
    6    1    .263E-01    .269E-01
    6    2    .115E+00    .114E+00
    6    3    .514E+00    .519E+00
    6    4    .467E+01    .470E+01
    6    5   -.123E+02    .000E+00
    6    6   -.776E+00   -.762E+00
    6    7   -.365E+00   -.358E+00
    6    8   -.202E+00   -.197E+00
    7    1    .152E-01    .156E-01
    7    2    .563E-01    .564E-01
    7    3    .186E+00    .188E+00
    7    4    .715E+00    .724E+00
    7    5    .598E+01    .603E+01
    7    6   -.141E+02    .000E+00
    7    7   -.734E+00   -.722E+00
    7    8   -.350E+00   -.344E+00
    8    1    .967E-02    .992E-02
    8    2    .326E-01    .327E-01
    8    3    .920E-01    .932E-01
    8    4    .260E+00    .263E+00
    8    5    .920E+00    .930E+00
    8    6    .732E+01    .736E+01
    8    7   -.160E+02    .000E+00
    8    8   -.707E+00   -.697E+00
    9    1    .658E-02    .675E-02
    9    2    .208E-01    .209E-01
    9    3    .536E-01    .543E-01
    9    4    .129E+00    .131E+00
    9    5    .335E+00    .339E+00
    9    6    .113E+01    .114E+01
    9    7    .867E+01    .871E+01
    9    8   -.177E+02    .000E+00
  4  2  0    4  2  1       112
    1    1   -.172E+01   -.110E+01
    1    2   -.269E+00   -.325E+00
    1    3   -.141E+00   -.160E+00
    1    4   -.783E-01   -.868E-01
    1    5   -.479E-01   -.525E-01
    1    6   -.314E-01   -.343E-01
    1    7   -.218E-01   -.237E-01
    1    8   -.157E-01   -.171E-01
    2    1    .506E+00    .396E+00
    2    2   -.297E+01   -.240E+01
    2    3   -.124E+00   -.155E+00
    2    4   -.782E-01   -.894E-01
    2    5   -.465E-01   -.514E-01
    2    6   -.296E-01   -.321E-01
    2    7   -.199E-01   -.214E-01
    2    8   -.141E-01   -.150E-01
    3    1    .192E+01    .161E+01
    3    2    .101E+00    .840E-01
    3    3   -.110E+00   -.107E+00
    3    4   -.172E-01   -.159E-01
    3    5   -.596E-02   -.527E-02
    3    6   -.285E-02   -.244E-02
    3    7   -.162E-02   -.135E-02
    3    8   -.102E-02   -.835E-03
    4    1    .651E-01    .478E-01
    4    2    .951E+00    .832E+00
    4    3   -.368E+01   -.328E+01
    4    4   -.756E-01   -.933E-01
    4    5   -.553E-01   -.631E-01
    4    6   -.349E-01   -.387E-01
    4    7   -.230E-01   -.252E-01
    4    8   -.159E-01   -.173E-01
    5    1    .398E+00    .316E+00
    5    2    .137E+01    .130E+01
    5    3    .793E+00    .000E+00
    5    4   -.251E+00   -.244E+00
    5    5   -.422E-01   -.408E-01
    5    6   -.152E-01   -.146E-01
    5    7   -.742E-02   -.708E-02
    5    8   -.427E-02   -.406E-02
    6    1    .238E-01    .173E-01
    6    2    .125E+00    .105E+00
    6    3    .142E+01    .133E+01
    6    4   -.442E+01   -.412E+01
    6    5   -.493E-01   -.603E-01
    6    6   -.418E-01   -.476E-01
    6    7   -.276E-01   -.308E-01
    6    8   -.188E-01   -.207E-01
    7    1    .152E+00    .117E+00
    7    2    .377E+00    .347E+00
    7    3    .117E+01    .115E+01
    7    4    .108E+01    .000E+00
    7    5   -.416E+00   -.409E+00
    7    6   -.727E-01   -.714E-01
    7    7   -.267E-01   -.261E-01
    7    8   -.132E-01   -.129E-01
    8    1    .119E-01    .872E-02
    8    2    .442E-01    .368E-01
    8    3    .188E+00    .171E+00
    8    4    .192E+01    .185E+01
    8    5   -.505E+01    .000E+00
    8    6   -.337E-01   -.411E-01
    8    7   -.333E-01   -.377E-01
    8    8   -.229E-01   -.255E-01
    9    1    .760E-01    .576E-01
    9    2    .163E+00    .148E+00
    9    3    .357E+00    .343E+00
    9    4    .109E+01    .108E+01
    9    5    .135E+01    .000E+00
    9    6   -.593E+00   -.586E+00
    9    7   -.106E+00   -.105E+00
    9    8   -.394E-01   -.389E-01
   10    1    .698E-02    .513E-02
   10    2    .218E-01    .180E-01
   10    3    .663E-01    .598E-01
   10    4    .252E+00    .238E+00
   10    5    .244E+01    .237E+01
   10    6   -.575E+01    .000E+00
   10    7   -.237E-01   -.289E-01
   10    8   -.274E-01   -.309E-01
   11    1    .441E-01    .330E-01
   11    2    .877E-01    .787E-01
   11    3    .163E+00    .155E+00
   11    4    .344E+00    .337E+00
   11    5    .105E+01    .105E+01
   11    6    .161E+01    .000E+00
   11    7   -.777E+00   -.771E+00
   11    8   -.141E+00   -.140E+00
   12    1    .449E-02    .331E-02
   12    2    .126E-01    .104E-01
   12    3    .327E-01    .293E-01
   12    4    .890E-01    .832E-01
   12    5    .318E+00    .305E+00
   12    6    .295E+01    .289E+01
   12    7   -.645E+01    .000E+00
   12    8   -.168E-01   -.205E-01
   13    1    .281E-01    .209E-01
   13    2    .534E-01    .476E-01
   13    3    .908E-01    .856E-01
   13    4    .161E+00    .157E+00
   13    5    .337E+00    .334E+00
   13    6    .104E+01    .104E+01
   13    7    .186E+01    .000E+00
   13    8   -.967E+00   -.962E+00
   14    1    .308E-02    .228E-02
   14    2    .811E-02    .669E-02
   14    3    .190E-01    .170E-01
   14    4    .438E-01    .407E-01
   14    5    .112E+00    .107E+00
   14    6    .384E+00    .372E+00
   14    7    .351E+01    .000E+00
   14    8   -.711E+01    .000E+00
  4  3  0    4  2  1        56
    1    1    .160E+02    .158E+02
    1    2    .181E+01    .000E+00
    1    3   -.442E+00   -.440E+00
    1    4   -.733E-01   -.684E-01
    1    5   -.257E-01   -.226E-01
    1    6   -.123E-01   -.103E-01
    1    7   -.698E-02   -.564E-02
    1    8   -.440E-02   -.346E-02
    2    1    .278E+01    .273E+01
    2    2    .130E+02    .128E+02
    2    3    .335E+01    .000E+00
    2    4   -.113E+01   -.112E+01
    2    5   -.200E+00   -.195E+00
    2    6   -.725E-01   -.697E-01
    2    7   -.355E-01   -.336E-01
    2    8   -.204E-01   -.192E-01
    3    1    .988E+00    .972E+00
    3    2    .315E+01    .312E+01
    3    3    .116E+02    .116E+02
    3    4    .460E+01    .000E+00
    3    5   -.191E+01   -.190E+01
    3    6   -.351E+00   -.348E+00
    3    7   -.130E+00   -.128E+00
    3    8   -.641E-01   -.632E-01
    4    1    .474E+00    .467E+00
    4    2    .129E+01    .128E+01
    4    3    .315E+01    .314E+01
    4    4    .110E+02    .110E+02
    4    5    .568E+01    .000E+00
    4    6   -.276E+01   -.276E+01
    4    7   -.520E+00   -.520E+00
    4    8   -.195E+00   -.195E+00
    5    1    .267E+00    .264E+00
    5    2    .672E+00    .671E+00
    5    3    .137E+01    .137E+01
    5    4    .313E+01    .312E+01
    5    5    .108E+02    .108E+02
    5    6    .668E+01    .000E+00
    5    7   -.366E+01   -.366E+01
    5    8   -.702E+00   -.704E+00
    6    1    .167E+00    .165E+00
    6    2    .401E+00    .401E+00
    6    3    .743E+00    .740E+00
    6    4    .140E+01    .140E+01
    6    5    .313E+01    .313E+01
    6    6    .108E+02    .108E+02
    6    7    .766E+01    .000E+00
    6    8   -.459E+01   -.460E+01
    7    1    .112E+00    .111E+00
    7    2    .261E+00    .262E+00
    7    3    .456E+00    .454E+00
    7    4    .777E+00    .774E+00
    7    5    .143E+01    .143E+01
    7    6    .316E+01    .316E+01
    7    7    .110E+02    .109E+02
    7    8    .753E+01    .000E+00
  2  2  0    2  3  1        70
    1    1   -.367E-01   -.370E-01
    1    2   -.245E-01   -.247E-01
    1    3   -.161E-01   -.162E-01
    1    4   -.110E-01   -.111E-01
    1    5   -.784E-02   -.789E-02
    1    6   -.577E-02   -.581E-02
    1    7   -.437E-02   -.440E-02
    2    1   -.905E+01   -.903E+01
    2    2   -.151E+01   -.152E+01
    2    3   -.524E+00   -.534E+00
    2    4   -.247E+00   -.254E+00
    2    5   -.138E+00   -.142E+00
    2    6   -.860E-01   -.886E-01
    2    7   -.575E-01   -.593E-01
    3    1   -.924E+00    .000E+00
    3    2   -.739E+01   -.726E+01
    3    3   -.176E+01   -.171E+01
    3    4   -.717E+00   -.692E+00
    3    5   -.372E+00   -.357E+00
    3    6   -.221E+00   -.212E+00
    3    7   -.144E+00   -.137E+00
    4    1    .241E+00    .245E+00
    4    2   -.180E+01    .000E+00
    4    3   -.652E+01   -.640E+01
    4    4   -.176E+01   -.172E+01
    4    5   -.766E+00   -.745E+00
    4    6   -.414E+00   -.401E+00
    4    7   -.254E+00   -.246E+00
    5    1    .434E-01    .444E-01
    5    2    .652E+00    .681E+00
    5    3   -.282E+01    .000E+00
    5    4   -.589E+01   -.581E+01
    5    5   -.170E+01   -.167E+01
    5    6   -.768E+00   -.752E+00
    5    7   -.427E+00   -.417E+00
    6    1    .180E-01    .183E-01
    6    2    .133E+00    .140E+00
    6    3    .132E+01    .136E+01
    6    4   -.474E+01    .000E+00
    6    5   -.461E+01    .000E+00
    6    6   -.145E+01   -.143E+01
    6    7   -.685E+00   -.674E+00
    7    1    .672E-02    .654E-02
    7    2    .339E-01    .336E-01
    7    3    .172E+00    .172E+00
    7    4    .248E+01    .000E+00
    7    5   -.659E+01    .000E+00
    7    6   -.325E-02    .000E+00
    7    7   -.474E-02   -.471E-02
    8    1    .164E-02    .179E-02
    8    2    .111E-01    .127E-01
    8    3    .575E-01    .624E-01
    8    4    .425E+00    .000E+00
    8    5    .205E+01    .000E+00
    8    6   -.863E+01    .000E+00
    8    7   -.198E+01    .000E+00
    9    1    .266E-02    .279E-02
    9    2    .137E-01    .150E-01
    9    3    .517E-01    .551E-01
    9    4    .210E+00    .218E+00
    9    5    .142E+01    .000E+00
    9    6   -.142E+01    .000E+00
    9    7   -.769E+01    .000E+00
   10    1    .192E-02    .201E-02
   10    2    .887E-02    .972E-02
   10    3    .287E-01    .306E-01
   10    4    .886E-01    .924E-01
   10    5    .321E+00    .000E+00
   10    6    .203E+01    .000E+00
   10    7   -.141E+01    .000E+00
  2  3  0    2  3  1        49
    1    1    .618E-05    .597E-05
    1    2    .995E-05    .926E-05
    1    3    .124E-04    .113E-04
    1    4    .138E-04    .123E-04
    1    5    .143E-04    .126E-04
    1    6    .141E-04    .124E-04
    1    7    .135E-04    .118E-04
    2    1    .295E-05    .287E-05
    2    2    .374E-05    .349E-05
    2    3    .396E-05    .359E-05
    2    4    .386E-05    .343E-05
    2    5    .367E-05    .319E-05
    2    6    .338E-05    .290E-05
    2    7    .306E-05    .260E-05
    3    1    .171E-05    .168E-05
    3    2    .190E-05    .178E-05
    3    3    .185E-05    .168E-05
    3    4    .171E-05    .151E-05
    3    5    .154E-05    .134E-05
    3    6    .137E-05    .117E-05
    3    7    .121E-05    .102E-05
    4    1    .111E-05    .109E-05
    4    2    .112E-05    .106E-05
    4    3    .104E-05    .945E-06
    4    4    .928E-06    .820E-06
    4    5    .816E-06    .705E-06
    4    6    .711E-06    .603E-06
    4    7    .618E-06    .517E-06
    5    1    .765E-06    .755E-06
    5    2    .727E-06    .687E-06
    5    3    .651E-06    .593E-06
    5    4    .568E-06    .502E-06
    5    5    .490E-06    .423E-06
    5    6    .421E-06    .357E-06
    5    7    .362E-06    .302E-06
    6    1    .553E-06    .547E-06
    6    2    .502E-06    .475E-06
    6    3    .438E-06    .399E-06
    6    4    .375E-06    .332E-06
    6    5    .320E-06    .276E-06
    6    6    .273E-06    .230E-06
    6    7    .233E-06    .193E-06
    7    1    .413E-06    .409E-06
    7    2    .362E-06    .343E-06
    7    3    .310E-06    .283E-06
    7    4    .263E-06    .232E-06
    7    5    .222E-06    .191E-06
    7    6    .188E-06    .158E-06
    7    7    .159E-06    .132E-06
  2  4  0    2  3  1        42
    1    1    .185E+02    .185E+02
    1    2    .359E+00    .000E+00
    1    3   -.172E+00   -.194E+00
    1    4   -.270E-01   -.330E-01
    1    5   -.894E-02   -.116E-01
    1    6   -.411E-02   -.559E-02
    1    7   -.226E-02   -.318E-02
    2    1    .261E+01    .260E+01
    2    2    .160E+02    .158E+02
    2    3    .681E+00    .000E+00
    2    4   -.449E+00   -.482E+00
    2    5   -.767E-01   -.858E-01
    2    6   -.265E-01   -.306E-01
    2    7   -.125E-01   -.148E-01
    3    1    .845E+00    .842E+00
    3    2    .322E+01    .317E+01
    3    3    .147E+02    .146E+02
    3    4    .991E+00    .000E+00
    3    5   -.796E+00    .000E+00
    3    6   -.144E+00   -.155E+00
    3    7   -.514E-01   -.561E-01
    4    1    .386E+00    .385E+00
    4    2    .121E+01    .119E+01
    4    3    .340E+01    .335E+01
    4    4    .141E+02    .000E+00
    4    5    .129E+01    .000E+00
    4    6   -.120E+01    .000E+00
    4    7   -.226E+00    .000E+00
    5    1    .212E+00    .212E+00
    5    2    .598E+00    .586E+00
    5    3    .137E+01    .135E+01
    5    4    .347E+01    .343E+01
    5    5    .138E+02    .000E+00
    5    6    .157E+01    .000E+00
    5    7   -.165E+01    .000E+00
    6    1    .131E+00    .131E+00
    6    2    .346E+00    .338E+00
    6    3    .711E+00    .697E+00
    6    4    .146E+01    .144E+01
    6    5    .352E+01    .000E+00
    6    6    .137E+02    .000E+00
    6    7    .402E+00    .000E+00
  4  2  0    4  3  1       182
    1    1   -.881E+01   -.947E+01
    1    2   -.204E+01   -.202E+01
    1    3   -.909E+00   -.925E+00
    1    4   -.412E-03   -.729E-03
    1    5   -.467E+00   -.481E+00
    1    6   -.120E-03   -.238E-03
    1    7   -.272E+00   -.282E+00
    1    8   -.494E-04   -.100E-03
    1    9   -.173E+00   -.180E+00
    1   10   -.269E-04   -.532E-04
    1   11   -.117E+00   -.122E+00
    1   12   -.173E-04   -.327E-04
    1   13   -.832E-01   -.868E-01
    2    1    .224E+01    .207E+01
    2    2   -.139E+02   -.142E+02
    2    3   -.135E+01   -.128E+01
    2    4   -.104E-02   -.661E-03
    2    5   -.673E+00   -.633E+00
    2    6   -.152E-03   -.822E-04
    2    7   -.369E+00   -.344E+00
    2    8   -.330E-04   -.167E-04
    2    9   -.225E+00   -.208E+00
    2   10   -.104E-04   -.554E-05
    2   11   -.148E+00   -.136E+00
    2   12   -.437E-05   -.268E-05
    2   13   -.103E+00   -.946E-01
    3    1    .708E-01    .504E-01
    3    2    .209E+00    .172E+00
    3    3   -.244E-01   -.221E-01
    3    4   -.270E+02   -.260E+02
    3    5   -.144E-02   -.838E-03
    3    6   -.359E+01   -.339E+01
    3    7   -.238E-03   -.523E-04
    3    8   -.114E+01   -.107E+01
    3    9   -.620E-04   -.613E-06
    3   10   -.515E+00   -.482E+00
    3   11   -.212E-04   -.231E-05
    3   12   -.281E+00   -.263E+00
    3   13   -.870E-05   -.563E-05
    4    1    .302E+00    .268E+00
    4    2    .466E+01    .460E+01
    4    3   -.183E+02   -.191E+02
    4    4   -.161E-02   -.168E-02
    4    5   -.104E+01   -.967E+00
    4    6   -.307E-02   -.305E-02
    4    7   -.554E+00   -.519E+00
    4    8   -.115E-02   -.113E-02
    4    9   -.316E+00   -.295E+00
    4   10   -.566E-03   -.553E-03
    4   11   -.198E+00   -.184E+00
    4   12   -.331E-03   -.321E-03
    4   13   -.133E+00   -.124E+00
    5    1    .236E-01    .172E-01
    5    2    .400E-01    .323E-01
    5    3    .769E-02    .167E-01
    5    4    .858E-01    .000E+00
    5    5   -.253E-01   -.210E-01
    5    6   -.239E+02   -.234E+02
    5    7   -.217E-02   -.147E-02
    5    8   -.458E+01   -.446E+01
    5    9   -.484E-03   -.262E-03
    5   10   -.169E+01   -.164E+01
    5   11   -.164E-03   -.688E-04
    5   12   -.829E+00   -.803E+00
    5   13   -.703E-04   -.225E-04
    6    1    .107E+00    .938E-01
    6    2    .644E+00    .632E+00
    6    3    .728E+01    .741E+01
    6    4    .234E-03    .873E-04
    6    5   -.224E+02   -.232E+02
    6    6   -.116E-02   -.894E-03
    6    7   -.862E+00   -.805E+00
    6    8   -.269E-02   -.246E-02
    6    9   -.482E+00   -.454E+00
    6   10   -.123E-02   -.112E-02
    6   11   -.281E+00   -.265E+00
    6   12   -.671E-03   -.609E-03
    6   13   -.179E+00   -.169E+00
    7    1    .117E-01    .870E-02
    7    2    .118E-01    .921E-02
    7    3    .248E-01    .273E-01
    7    4    .188E+00    .206E+00
    7    5    .300E-01    .000E+00
    7    6   -.232E-01    .000E+00
    7    7   -.203E-01   -.175E-01
    7    8   -.222E+02   -.219E+02
    7    9   -.212E-02   -.163E-02
    7   10   -.491E+01   -.484E+01
    7   11   -.547E-03   -.379E-03
    7   12   -.195E+01   -.192E+01
    7   13   -.206E-03   -.130E-03
    8    1    .525E-01    .458E-01
    8    2    .227E+00    .222E+00
    8    3    .102E+01    .105E+01
    8    4    .434E-04    .322E-05
    8    5    .998E+01    .102E+02
    8    6    .145E-02    .100E-02
    8    7   -.259E+02    .000E+00
    8    8   -.462E-03   -.273E-03
    8    9   -.750E+00   -.705E+00
    8   10   -.196E-02   -.174E-02
    8   11   -.435E+00   -.413E+00
    8   12   -.100E-02   -.895E-03
    8   13   -.258E+00   -.245E+00
    9    1    .684E-02    .517E-02
    9    2    .536E-02    .411E-02
    9    3    .783E-02    .851E-02
    9    4    .297E-01    .340E-01
    9    5    .201E-01    .220E-01
    9    6    .514E+00    .528E+00
    9    7    .324E-01    .000E+00
    9    8   -.156E+00    .000E+00
    9    9   -.174E-01   -.155E-01
    9   10   -.213E+02   -.212E+02
    9   11   -.206E-02   -.172E-02
    9   12   -.506E+01   -.501E+01
    9   13   -.584E-03   -.459E-03
   10    1    .303E-01    .264E-01
   10    2    .111E+00    .108E+00
   10    3    .364E+00    .372E+00
   10    4    .199E-04    .217E-06
   10    5    .142E+01    .145E+01
   10    6    .170E-03    .762E-04
   10    7    .127E+02    .129E+02
   10    8    .196E-02    .149E-02
   10    9   -.297E+02    .000E+00
   10   10   -.312E-05    .000E+00
   10   11   -.674E+00   -.638E+00
   10   12   -.139E-02   -.122E-02
   10   13   -.402E+00   -.384E+00
   11    1    .442E-02    .338E-02
   11    2    .298E-02    .226E-02
   11    3    .363E-02    .392E-02
   11    4    .980E-02    .115E-01
   11    5    .672E-02    .727E-02
   11    6    .888E-01    .924E-01
   11    7    .172E-01    .186E-01
   11    8    .936E+00    .947E+00
   11    9    .342E-01    .000E+00
   11   10   -.282E+00    .000E+00
   11   11   -.162E-01   -.149E-01
   11   12   -.210E+02   -.209E+02
   11   13   -.210E-02   -.184E-02
   12    1    .193E-01    .168E-01
   12    2    .638E-01    .623E-01
   12    3    .178E+00    .183E+00
   12    4    .116E-04    .744E-09
   12    5    .507E+00    .520E+00
   12    6    .642E-04    .213E-04
   12    7    .182E+01    .186E+01
   12    8    .209E-03    .120E-03
   12    9    .155E+02    .157E+02
   12   10    .188E-02    .149E-02
   12   11   -.335E+02    .000E+00
   12   12   -.422E-04    .000E+00
   12   13   -.619E+00   -.590E+00
   13    1    .305E-02    .234E-02
   13    2    .186E-02    .141E-02
   13    3    .204E-02    .219E-02
   13    4    .448E-02    .536E-02
   13    5    .323E-02    .345E-02
   13    6    .307E-01    .322E-01
   13    7    .600E-02    .640E-02
   13    8    .171E+00    .174E+00
   13    9    .153E-01    .163E-01
   13   10    .143E+01    .144E+01
   13   11    .360E-01    .000E+00
   13   12   -.401E+00    .000E+00
   13   13   -.160E-01   -.151E-01
   14    1    .132E-01    .115E-01
   14    2    .407E-01    .397E-01
   14    3    .103E+00    .106E+00
   14    4    .752E-05    .212E-07
   14    5    .250E+00    .257E+00
   14    6    .336E-04    .889E-05
   14    7    .652E+00    .667E+00
   14    8    .767E-04    .364E-04
   14    9    .223E+01    .227E+01
   14   10    .189E-03    .118E-03
   14   11    .183E+02    .185E+02
   14   12    .119E-02    .000E+00
   14   13   -.371E+02    .000E+00
  4  3  0    4  3  1        91
    1    1    .176E+01    .146E+01
    1    2    .156E+01    .146E+01
    1    3   -.560E-01   -.514E-01
    1    4   -.219E+01   -.197E+01
    1    5   -.102E-01   -.839E-02
    1    6   -.346E+00   -.297E+00
    1    7   -.383E-02   -.287E-02
    1    8   -.119E+00   -.993E-01
    1    9   -.191E-02   -.133E-02
    1   10   -.565E-01   -.463E-01
    1   11   -.111E-02   -.738E-03
    1   12   -.319E-01   -.258E-01
    1   13   -.712E-03   -.456E-03
    2    1    .309E+00    .238E+00
    2    2    .135E+01    .127E+01
    2    3    .723E+00    .000E+00
    2    4   -.132E+00    .000E+00
    2    5   -.164E+00   -.155E+00
    2    6   -.185E+01   -.175E+01
    2    7   -.287E-01   -.265E-01
    2    8   -.406E+00   -.373E+00
    2    9   -.106E-01   -.951E-02
    2   10   -.159E+00   -.143E+00
    2   11   -.524E-02   -.462E-02
    2   12   -.804E-01   -.717E-01
    2   13   -.304E-02   -.265E-02
    3    1    .107E+00    .786E-01
    3    2    .367E+00    .336E+00
    3    3    .114E+01    .112E+01
    3    4    .454E-01    .479E-01
    3    5    .999E+00    .000E+00
    3    6   -.254E+00    .000E+00
    3    7   -.293E+00   -.284E+00
    3    8   -.169E+01   -.164E+01
    3    9   -.515E-01   -.494E-01
    3   10   -.419E+00   -.400E+00
    3   11   -.190E-01   -.180E-01
    3   12   -.175E+00   -.165E+00
    3   13   -.940E-02   -.888E-02
    4    1    .495E-01    .353E-01
    4    2    .157E+00    .141E+00
    4    3    .349E+00    .336E+00
    4    4    .752E-02    .809E-02
    4    5    .103E+01    .103E+01
    4    6    .117E+00    .118E+00
    4    7    .125E+01    .000E+00
    4    8   -.369E+00    .000E+00
    4    9   -.434E+00   -.425E+00
    4   10   -.160E+01   -.157E+01
    4   11   -.771E-01   -.752E-01
    4   12   -.423E+00   -.410E+00
    4   13   -.286E-01   -.277E-01
    5    1    .270E-01    .188E-01
    5    2    .832E-01    .743E-01
    5    3    .160E+00    .151E+00
    5    4    .260E-02    .282E-02
    5    5    .331E+00    .326E+00
    5    6    .205E-01    .209E-01
    5    7    .974E+00    .976E+00
    5    8    .198E+00    .199E+00
    5    9    .148E+01    .000E+00
    5   10   -.478E+00    .000E+00
    5   11   -.581E+00   -.573E+00
    5   12   -.156E+01   -.154E+01
    5   13   -.105E+00   -.103E+00
    6    1    .165E-01    .113E-01
    6    2    .502E-01    .446E-01
    6    3    .886E-01    .834E-01
    6    4    .123E-02    .134E-02
    6    5    .156E+00    .153E+00
    6    6    .734E-02    .751E-02
    6    7    .320E+00    .318E+00
    6    8    .360E-01    .363E-01
    6    9    .944E+00    .948E+00
    6   10    .286E+00    .286E+00
    6   11    .171E+01    .000E+00
    6   12   -.582E+00    .000E+00
    6   13   -.734E+00   -.726E+00
    7    1    .108E-01    .728E-02
    7    2    .329E-01    .291E-01
    7    3    .552E-01    .517E-01
    7    4    .689E-03    .752E-03
    7    5    .889E-01    .862E-01
    7    6    .355E-02    .364E-02
    7    7    .154E+00    .152E+00
    7    8    .131E-01    .133E-01
    7    9    .313E+00    .313E+00
    7   10    .531E-01    .534E-01
    7   11    .930E+00    .935E+00
    7   12    .379E+00    .379E+00
    7   13    .186E+01    .000E+00
  4  4  0    4  3  1       143
    1    1    .206E+02    .211E+02
    1    2    .730E+01    .877E+01
    1    3   -.132E+01   -.137E+01
    1    4   -.282E-01   -.170E-01
    1    5   -.200E+00   -.197E+00
    1    6   -.413E-02   -.185E-02
    1    7   -.691E-01   -.644E-01
    1    8   -.148E-02   -.601E-03
    1    9   -.329E-01   -.295E-01
    1   10   -.744E-03   -.300E-03
    1   11   -.186E-01   -.162E-01
    1   12   -.443E-03   -.182E-03
    1   13   -.117E-01   -.996E-02
    2    1    .451E+01    .466E+01
    2    2    .136E+02    .135E+02
    2    3    .126E+02    .134E+02
    2    4   -.113E-04    .000E+00
    2    5   -.313E+01   -.318E+01
    2    6   -.227E-01   -.177E-01
    2    7   -.498E+00   -.504E+00
    2    8   -.456E-02   -.312E-02
    2    9   -.176E+00   -.177E+00
    2   10   -.179E-02   -.114E-02
    2   11   -.851E-01   -.853E-01
    2   12   -.931E-03   -.565E-03
    2   13   -.487E-01   -.486E-01
    3    1    .171E+01    .178E+01
    3    2    .390E+01    .390E+01
    3    3    .103E+02    .102E+02
    3    4    .209E+01    .205E+01
    3    5    .152E+02    .000E+00
    3    6   -.190E-01    .000E+00
    3    7   -.491E+01   -.498E+01
    3    8   -.245E-02   -.153E-02
    3    9   -.807E+00   -.822E+00
    3   10   -.102E-02   -.595E-03
    3   11   -.291E+00   -.296E+00
    3   12   -.547E-03   -.303E-03
    3   13   -.142E+00   -.145E+00
    4    1    .176E+00    .182E+00
    4    2    .420E+00    .416E+00
    4    3    .140E+01    .138E+01
    4    4    .416E+02    .414E+02
    4    5    .188E+01    .000E+00
    4    6   -.133E+00    .000E+00
    4    7   -.626E+00   -.632E+00
    4    8   -.196E+00   -.183E+00
    4    9   -.996E-01   -.100E+00
    4   10   -.298E-01   -.270E-01
    4   11   -.354E-01   -.356E-01
    4   12   -.951E-02   -.849E-02
    4   13   -.172E-01   -.173E-01
    5    1    .875E+00    .913E+00
    5    2    .174E+01    .175E+01
    5    3    .343E+01    .342E+01
    5    4    .245E+00    .235E+00
    5    5    .897E+01    .890E+01
    5    6    .196E+01    .193E+01
    5    7    .190E+02    .000E+00
    5    8   -.390E-01    .000E+00
    5    9   -.698E+01   -.707E+01
    5   10   -.573E-03   -.109E-02
    5   11   -.117E+01   -.119E+01
    5   12   -.623E-05   -.160E-04
    5   13   -.426E+00   -.435E+00
    6    1    .124E+00    .129E+00
    6    2    .260E+00    .258E+00
    6    3    .594E+00    .588E+00
    6    4    .475E+01    .471E+01
    6    5    .160E+01    .159E+01
    6    6    .355E+02    .354E+02
    6    7    .324E+01    .000E+00
    6    8   -.235E+00    .000E+00
    6    9   -.124E+01   -.125E+01
    6   10   -.529E+00   -.517E+00
    6   11   -.201E+00   -.203E+00
    6   12   -.869E-01   -.842E-01
    6   13   -.722E-01   -.728E-01
    7    1    .517E+00    .541E+00
    7    2    .956E+00    .964E+00
    7    3    .163E+01    .163E+01
    7    4    .657E-01    .621E-01
    7    5    .316E+01    .314E+01
    7    6    .314E+00    .306E+00
    7    7    .830E+01    .822E+01
    7    8    .171E+01    .169E+01
    7    9    .226E+02    .000E+00
    7   10   -.525E-01    .000E+00
    7   11   -.918E+01   -.928E+01
    7   12   -.601E-02   -.723E-02
    7   13   -.156E+01   -.159E+01
    8    1    .813E-01    .844E-01
    8    2    .159E+00    .158E+00
    8    3    .306E+00    .303E+00
    8    4    .138E+01    .137E+01
    8    5    .605E+00    .600E+00
    8    6    .614E+01    .611E+01
    8    7    .159E+01    .157E+01
    8    8    .326E+02    .326E+02
    8    9    .426E+01    .000E+00
    8   10   -.319E+00    .000E+00
    8   11   -.183E+01   -.184E+01
    8   12   -.949E+00   -.939E+00
    8   13   -.299E+00   -.301E+00
    9    1    .334E+00    .350E+00
    9    2    .590E+00    .596E+00
    9    3    .930E+00    .930E+00
    9    4    .259E-01    .242E-01
    9    5    .155E+01    .154E+01
    9    6    .101E+00    .970E-01
    9    7    .299E+01    .296E+01
    9    8    .323E+00    .316E+00
    9    9    .792E+01    .784E+01
    9   10    .152E+01    .151E+01
    9   11    .262E+02    .000E+00
    9   12   -.644E-01    .000E+00
    9   13   -.115E+02   -.116E+02
   10    1    .547E-01    .569E-01
   10    2    .102E+00    .102E+00
   10    3    .180E+00    .178E+00
   10    4    .591E+00    .585E+00
   10    5    .305E+00    .303E+00
   10    6    .212E+01    .211E+01
   10    7    .586E+00    .582E+00
   10    8    .669E+01    .667E+01
   10    9    .154E+01    .153E+01
   10   10    .312E+02    .312E+02
   10   11    .512E+01    .000E+00
   10   12   -.393E+00    .000E+00
   10   13   -.239E+01   -.240E+01
   11    1    .230E+00    .242E+00
   11    2    .394E+00    .398E+00
   11    3    .590E+00    .590E+00
   11    4    .127E-01    .118E-01
   11    5    .902E+00    .897E+00
   11    6    .444E-01    .424E-01
   11    7    .149E+01    .148E+01
   11    8    .115E+00    .111E+00
   11    9    .288E+01    .285E+01
   11   10    .317E+00    .311E+00
   11   11    .769E+01    .762E+01
   11   12    .139E+01    .138E+01
   11   13    .291E+02    .000E+00
  2  3  0    2  4  1        42
    1    1   -.171E+02   -.170E+02
    1    2   -.251E+01   -.251E+01
    1    3   -.828E+00   -.827E+00
    1    4   -.382E+00   -.383E+00
    1    5   -.212E+00   -.212E+00
    1    6   -.131E+00   -.131E+00
    2    1   -.606E+00    .000E+00
    2    2   -.145E+02   -.145E+02
    2    3   -.301E+01   -.301E+01
    2    4   -.114E+01   -.114E+01
    2    5   -.570E+00   -.570E+00
    2    6   -.331E+00   -.330E+00
    3    1    .185E+00    .179E+00
    3    2   -.105E+01    .000E+00
    3    3   -.133E+02   -.133E+02
    3    4   -.315E+01   -.315E+01
    3    5   -.129E+01   -.129E+01
    3    6   -.670E+00   -.670E+00
    4    1    .294E-01    .273E-01
    4    2    .478E+00    .475E+00
    4    3   -.148E+01    .000E+00
    4    4   -.127E+02   -.127E+02
    4    5   -.320E+01   -.321E+01
    4    6   -.136E+01   -.136E+01
    5    1    .993E-02    .890E-02
    5    2    .817E-01    .804E-01
    5    3    .851E+00    .849E+00
    5    4   -.191E+01    .000E+00
    5    5   -.124E+02   -.124E+02
    5    6   -.324E+01   -.323E+01
    6    1    .463E-02    .404E-02
    6    2    .284E-01    .278E-01
    6    3    .153E+00    .152E+00
    6    4    .128E+01    .128E+01
    6    5   -.232E+01    .000E+00
    6    6   -.122E+02   -.122E+02
    7    1    .258E-02    .220E-02
    7    2    .135E-01    .131E-01
    7    3    .545E-01    .541E-01
    7    4    .238E+00    .238E+00
    7    5    .176E+01    .176E+01
    7    6   -.176E+01    .000E+00
  2  4  0    2  4  1        36
    1    1   -.260E-09   -.287E-09
    1    2   -.221E-09   -.247E-09
    1    3   -.166E-09   -.186E-09
    1    4   -.123E-09   -.138E-09
    1    5   -.921E-10   -.104E-09
    1    6   -.701E-10   -.791E-10
    2    1   -.347E-09   -.378E-09
    2    2   -.278E-09   -.307E-09
    2    3   -.201E-09   -.223E-09
    2    4   -.146E-09   -.163E-09
    2    5   -.108E-09   -.120E-09
    2    6   -.812E-10   -.909E-10
    3    1   -.346E-09   -.371E-09
    3    2   -.266E-09   -.290E-09
    3    3   -.188E-09   -.207E-09
    3    4   -.134E-09   -.149E-09
    3    5   -.984E-10   -.109E-09
    3    6   -.736E-10   -.819E-10
    4    1   -.307E-09   -.329E-09
    4    2   -.231E-09   -.251E-09
    4    3   -.161E-09   -.177E-09
    4    4   -.114E-09   -.126E-09
    4    5   -.832E-10   -.918E-10
    4    6   -.619E-10   -.685E-10
    5    1   -.263E-09   -.280E-09
    5    2   -.194E-09   -.210E-09
    5    3   -.134E-09   -.146E-09
    5    4   -.943E-10   -.103E-09
    5    5   -.683E-10   -.751E-10
    5    6   -.507E-10   -.559E-10
    6    1   -.221E-09   -.234E-09
    6    2   -.161E-09   -.173E-09
    6    3   -.110E-09   -.119E-09
    6    4   -.771E-10   -.841E-10
    6    5   -.556E-10   -.610E-10
    6    6   -.412E-10   -.453E-10
  4  3  0    4  4  1        42
    1    1   -.341E+02   -.341E+02
    1    2   -.502E+01   -.500E+01
    1    3   -.165E+01   -.165E+01
    1    4   -.761E+00   -.762E+00
    1    5   -.421E+00   -.423E+00
    1    6   -.257E+00   -.257E+00
    2    1   -.115E+01    .000E+00
    2    2   -.291E+02   -.291E+02
    2    3   -.602E+01   -.602E+01
    2    4   -.228E+01   -.228E+01
    2    5   -.114E+01   -.114E+01
    2    6   -.657E+00   -.653E+00
    3    1    .363E+00    .351E+00
    3    2   -.198E+01    .000E+00
    3    3   -.268E+02   -.268E+02
    3    4   -.632E+01   -.632E+01
    3    5   -.257E+01   -.257E+01
    3    6   -.134E+01   -.133E+01
    4    1    .577E-01    .535E-01
    4    2    .937E+00    .930E+00
    4    3   -.277E+01    .000E+00
    4    4   -.255E+02   -.255E+02
    4    5   -.643E+01   -.643E+01
    4    6   -.273E+01   -.272E+01
    5    1    .195E-01    .174E-01
    5    2    .160E+00    .158E+00
    5    3    .167E+01    .166E+01
    5    4   -.358E+01    .000E+00
    5    5   -.249E+02   -.249E+02
    5    6   -.650E+01   -.648E+01
    6    1    .908E-02    .789E-02
    6    2    .558E-01    .545E-01
    6    3    .300E+00    .298E+00
    6    4    .252E+01    .252E+01
    6    5   -.436E+01    .000E+00
    6    6   -.247E+02   -.246E+02
    7    1    .506E-02    .429E-02
    7    2    .264E-01    .256E-01
    7    3    .107E+00    .106E+00
    7    4    .468E+00    .467E+00
    7    5    .345E+01    .345E+01
    7    6   -.303E+01    .000E+00
  4  4  0    4  4  1        66
    1    1   -.242E+01   -.218E+01
    1    2   -.307E+00   -.259E+00
    1    3   -.936E-01   -.760E-01
    1    4   -.411E-01   -.325E-01
    1    5   -.220E-01   -.171E-01
    1    6   -.130E-01   -.996E-02
    2    1    .193E-01    .000E+00
    2    2   -.214E+01   -.202E+01
    2    3   -.397E+00   -.361E+00
    2    4   -.143E+00   -.127E+00
    2    5   -.692E-01   -.606E-01
    2    6   -.392E-01   -.337E-01
    3    1    .174E+00    .169E+00
    3    2    .501E-01    .000E+00
    3    3   -.197E+01   -.190E+01
    3    4   -.423E+00   -.399E+00
    3    5   -.165E+00   -.154E+00
    3    6   -.836E-01   -.765E-01
    4    1    .194E+01    .183E+01
    4    2    .794E-02    .000E+00
    4    3   -.132E+00   -.127E+00
    4    4   -.298E-01   -.278E-01
    4    5   -.120E-01   -.109E-01
    4    6   -.616E-02   -.550E-02
    5    1    .220E-01    .211E-01
    5    2    .217E+00    .217E+00
    5    3    .754E-01    .000E+00
    5    4   -.195E+01   -.191E+01
    5    5   -.448E+00   -.432E+00
    5    6   -.182E+00   -.173E+00
    6    1    .231E+00    .209E+00
    6    2    .153E+01    .147E+01
    6    3    .141E-01    .000E+00
    6    4   -.137E+00   -.132E+00
    6    5   -.345E-01   -.325E-01
    6    6   -.148E-01   -.136E-01
    7    1    .622E-02    .590E-02
    7    2    .360E-01    .359E-01
    7    3    .257E+00    .258E+00
    7    4    .968E-01    .000E+00
    7    5   -.197E+01   -.194E+01
    7    6   -.468E+00   -.455E+00
    8    1    .687E-01    .605E-01
    8    2    .283E+00    .264E+00
    8    3    .131E+01    .127E+01
    8    4    .202E-01    .000E+00
    8    5   -.114E+00   -.110E+00
    8    6   -.313E-01   -.295E-01
    9    1    .255E-02    .239E-02
    9    2    .118E-01    .117E-01
    9    3    .484E-01    .487E-01
    9    4    .302E+00    .304E+00
    9    5    .116E+00    .000E+00
    9    6   -.200E+01   -.197E+01
   10    1    .298E-01    .259E-01
   10    2    .101E+00    .924E-01
   10    3    .290E+00    .276E+00
   10    4    .116E+01    .114E+01
   10    5    .263E-01    .000E+00
   10    6   -.879E-01   -.849E-01
   11    1    .129E-02    .120E-02
   11    2    .528E-02    .525E-02
   11    3    .171E-01    .172E-01
   11    4    .609E-01    .613E-01
   11    5    .353E+00    .354E+00
   11    6    .133E+00    .000E+00
  0  0  0    0  0  0         0
