    6    4    F
  1  0  0    1  1  1       121
    1    1   -.780E+00   -.849E+00
    1    2   -.232E+00   -.223E+00
    1    3   -.451E-01   -.445E-01
    1    4   -.284E-01   -.263E-01
    1    5   -.450E-01   -.425E-01
    1    6   -.325E-02   -.281E-02
    1    7   -.164E-01   -.157E-01
    1    8   -.113E-01   -.108E-01
    1    9   -.770E-02   -.742E-02
    1   10   -.540E-02   -.524E-02
    1   11   -.376E-02   -.370E-02
    2    1    .521E+00    .534E+00
    2    2   -.235E-01   -.220E-01
    2    3   -.141E+00   -.151E+00
    2    4   -.683E-01   -.676E-01
    2    5   -.712E-01   -.782E-01
    2    6   -.825E+00   -.866E+00
    2    7   -.127E-01   -.124E-01
    2    8   -.125E-02   -.112E-02
    2    9   -.218E-04   -.854E-05
    2   10   -.279E-03   -.334E-03
    2   11   -.151E-02   -.162E-02
    3    1    .544E-01    .613E-01
    3    2   -.326E+00   -.346E+00
    3    3   -.685E+00   -.719E+00
    3    4   -.257E-01   -.334E-01
    3    5   -.350E-02   -.248E-02
    3    6   -.549E-01   -.570E-01
    3    7   -.193E-01   -.184E-01
    3    8   -.109E-01   -.104E-01
    3    9   -.711E-02   -.684E-02
    3   10   -.503E-02   -.491E-02
    3   11   -.377E-02   -.376E-02
    4    1    .882E-02    .914E-02
    4    2    .289E+00    .293E+00
    4    3    .767E-01    .000E+00
    4    4   -.811E+00   -.811E+00
    4    5   -.103E+00   -.102E+00
    4    6   -.142E-01   -.133E-01
    4    7   -.741E-01   -.759E-01
    4    8   -.521E-01   -.550E-01
    4    9   -.443E-01   -.476E-01
    4   10   -.454E-01   -.492E-01
    4   11   -.569E-01   -.619E-01
    5    1    .103E-03    .984E-04
    5    2    .766E-01    .799E-01
    5    3    .105E-02    .555E-03
    5    4    .746E+00    .715E+00
    5    5   -.111E+01   -.101E+01
    5    6   -.819E-01   -.847E-01
    5    7   -.418E-01   -.441E-01
    5    8   -.338E-01   -.334E-01
    5    9   -.259E-01   -.248E-01
    5   10   -.221E-01   -.209E-01
    5   11   -.216E-01   -.203E-01
    6    1    .103E-01    .108E-01
    6    2    .501E-02    .609E-02
    6    3    .204E+00    .212E+00
    6    4    .159E-01    .139E-01
    6    5    .235E+00    .000E+00
    6    6   -.840E-01    .000E+00
    6    7   -.288E+00   -.283E+00
    6    8   -.343E-01   -.327E-01
    6    9   -.624E-02   -.569E-02
    6   10   -.402E-03   -.296E-03
    6   11   -.943E-03   -.109E-02
    7    1    .385E-02    .398E-02
    7    2    .111E-01    .109E-01
    7    3    .579E-01    .583E-01
    7    4    .326E-01    .313E-01
    7    5    .433E+00    .423E+00
    7    6    .105E+00    .961E-01
    7    7   -.101E+01    .000E+00
    7    8   -.234E+00   -.229E+00
    7    9   -.813E-01   -.781E-01
    7   10   -.396E-01   -.374E-01
    7   11   -.221E-01   -.206E-01
    8    1    .153E-02    .157E-02
    8    2    .793E-02    .797E-02
    8    3    .209E-01    .210E-01
    8    4    .162E-01    .154E-01
    8    5    .101E+00    .979E-01
    8    6    .591E-02    .517E-02
    8    7    .754E+00    .750E+00
    8    8   -.129E+01    .000E+00
    8    9   -.248E+00   -.243E+00
    8   10   -.960E-01   -.930E-01
    8   11   -.531E-01   -.510E-01
    9    1    .789E-03    .805E-03
    9    2    .512E-02    .516E-02
    9    3    .110E-01    .111E-01
    9    4    .886E-02    .851E-02
    9    5    .416E-01    .401E-01
    9    6    .103E-02    .891E-03
    9    7    .137E+00    .137E+00
    9    8    .893E+00    .897E+00
    9    9   -.138E+01    .000E+00
    9   10   -.320E+00    .000E+00
    9   11   -.131E+00   -.128E+00
   10    1    .458E-03    .466E-03
   10    2    .345E-02    .349E-02
   10    3    .680E-02    .690E-02
   10    4    .552E-02    .533E-02
   10    5    .219E-01    .211E-01
   10    6    .250E-03    .216E-03
   10    7    .523E-01    .519E-01
   10    8    .165E+00    .165E+00
   10    9    .983E+00    .000E+00
   10   10   -.130E+01    .000E+00
   10   11   -.490E+00    .000E+00
   11    1    .285E-03    .290E-03
   11    2    .244E-02    .246E-02
   11    3    .462E-02    .470E-02
   11    4    .376E-02    .365E-02
   11    5    .132E-01    .127E-01
   11    6    .633E-04    .553E-04
   11    7    .264E-01    .261E-01
   11    8    .632E-01    .634E-01
   11    9    .185E+00    .186E+00
   11   10    .991E+00    .000E+00
   11   11   -.866E+00    .000E+00
  1  1  0    1  1  1        88
    1    1    .215E+00    .206E+00
    1    2    .641E+00    .686E+00
    1    3    .174E+00    .181E+00
    1    4   -.349E-01    .000E+00
    1    5   -.126E+00   -.124E+00
    1    6   -.367E+00   -.360E+00
    1    7   -.531E-03   -.576E-03
    1    8   -.295E-02   -.303E-02
    1    9   -.461E-02   -.473E-02
    1   10   -.723E-02   -.741E-02
    1   11   -.129E-01   -.132E-01
    2    1    .551E-01    .546E-01
    2    2    .572E-04    .442E-04
    2    3    .402E-03    .138E-02
    2    4    .689E+00    .729E+00
    2    5    .980E-01    .101E+00
    2    6    .491E-01    .511E-01
    2    7    .184E-01    .186E-01
    2    8    .207E-01    .206E-01
    2    9    .240E-01    .233E-01
    2   10    .309E-01    .292E-01
    2   11    .453E-01    .414E-01
    3    1    .234E-01    .232E-01
    3    2    .122E-03    .107E-03
    3    3    .195E-01    .190E-01
    3    4    .131E-01    .128E-01
    3    5    .363E+00    .397E+00
    3    6    .635E-02    .701E-02
    3    7    .198E-02    .216E-02
    3    8    .126E-03    .152E-03
    3    9    .264E-03    .239E-03
    3   10    .243E-02    .238E-02
    3   11    .973E-02    .965E-02
    4    1    .122E-01    .121E-01
    4    2    .952E-04    .833E-04
    4    3    .104E-01    .103E-01
    4    4    .822E-02    .829E-02
    4    5    .184E-02    .199E-02
    4    6    .157E-01    .174E-01
    4    7    .290E+00    .320E+00
    4    8    .126E-03    .158E-03
    4    9    .179E-03    .159E-03
    4   10    .121E-02    .118E-02
    4   11    .410E-02    .406E-02
    5    1    .724E-02    .717E-02
    5    2    .673E-04    .585E-04
    5    3    .608E-02    .598E-02
    5    4    .477E-02    .484E-02
    5    5    .109E-02    .119E-02
    5    6    .462E-02    .513E-02
    5    7    .492E-03    .526E-03
    5    8    .283E+00    .312E+00
    5    9    .827E-04    .716E-04
    5   10    .818E-03    .808E-03
    5   11    .258E-02    .259E-02
    6    1    .466E-02    .461E-02
    6    2    .477E-04    .413E-04
    6    3    .385E-02    .378E-02
    6    4    .298E-02    .304E-02
    6    5    .651E-03    .718E-03
    6    6    .227E-02    .252E-02
    6    7    .102E-03    .106E-03
    6    8    .275E-03    .283E-03
    6    9    .276E+00    .305E+00
    6   10    .903E-03    .920E-03
    6   11    .231E-02    .237E-02
    7    1    .318E-02    .315E-02
    7    2    .346E-04    .299E-04
    7    3    .259E-02    .255E-02
    7    4    .199E-02    .203E-02
    7    5    .419E-03    .464E-03
    7    6    .134E-02    .149E-02
    7    7    .426E-04    .431E-04
    7    8    .863E-04    .857E-04
    7    9    .988E-04    .949E-04
    7   10    .267E+00    .295E+00
    7   11    .390E-02    .411E-02
    8    1    .227E-02    .225E-02
    8    2    .257E-04    .222E-04
    8    3    .184E-02    .181E-02
    8    4    .140E-02    .143E-02
    8    5    .287E-03    .318E-03
    8    6    .873E-03    .970E-03
    8    7    .232E-04    .231E-04
    8    8    .449E-04    .438E-04
    8    9    .573E-04    .544E-04
    8   10    .296E-06    .186E-05
    8   11    .250E+00    .276E+00
  1  1  0    1  2  1        64
    1    1   -.575E+00   -.557E+00
    1    2   -.747E+00   -.759E+00
    1    3   -.232E+00   -.235E+00
    1    4   -.105E+00   -.107E+00
    1    5   -.578E-01   -.586E-01
    1    6   -.355E-01   -.360E-01
    1    7   -.236E-01   -.239E-01
    1    8   -.165E-01   -.167E-01
    2    1    .132E+00    .138E+00
    2    2   -.925E+00   -.995E+00
    2    3   -.647E+00   -.626E+00
    2    4   -.214E+00   -.213E+00
    2    5   -.101E+00   -.102E+00
    2    6   -.570E-01   -.586E-01
    2    7   -.358E-01   -.371E-01
    2    8   -.242E-01   -.252E-01
    3    1    .219E-01    .239E-01
    3    2    .304E+00    .298E+00
    3    3   -.123E+01    .000E+00
    3    4   -.613E+00   -.604E+00
    3    5   -.207E+00   -.199E+00
    3    6   -.100E+00   -.945E-01
    3    7   -.575E-01   -.537E-01
    3    8   -.367E-01   -.340E-01
    4    1    .795E-02    .879E-02
    4    2    .531E-01    .516E-01
    4    3    .495E+00    .482E+00
    4    4   -.152E+01    .000E+00
    4    5   -.604E+00   -.586E+00
    4    6   -.206E+00   -.197E+00
    4    7   -.101E+00   -.952E-01
    4    8   -.585E-01   -.549E-01
    5    1    .388E-02    .432E-02
    5    2    .197E-01    .192E-01
    5    3    .882E-01    .857E-01
    5    4    .696E+00    .705E+00
    5    5   -.181E+01    .000E+00
    5    6   -.608E+00   -.590E+00
    5    7   -.208E+00   -.201E+00
    5    8   -.102E+00   -.977E-01
    6    1    .223E-02    .249E-02
    6    2    .977E-02    .963E-02
    6    3    .331E-01    .323E-01
    6    4    .126E+00    .128E+00
    6    5    .904E+00    .920E+00
    6    6   -.208E+01    .000E+00
    6    7   -.618E+00   -.604E+00
    6    8   -.212E+00   -.206E+00
    7    1    .141E-02    .158E-02
    7    2    .568E-02    .564E-02
    7    3    .166E-01    .163E-01
    7    4    .476E-01    .486E-01
    7    5    .165E+00    .169E+00
    7    6    .112E+01    .113E+01
    7    7   -.236E+01    .000E+00
    7    8   -.634E+00    .000E+00
    8    1    .956E-03    .107E-02
    8    2    .364E-02    .364E-02
    8    3    .975E-02    .959E-02
    8    4    .241E-01    .246E-01
    8    5    .627E-01    .644E-01
    8    6    .205E+00    .209E+00
    8    7    .133E+01    .000E+00
    8    8   -.263E+01    .000E+00
  1  1  1    1  2  0       110
    1    1   -.540E+00   -.587E+00
    1    2   -.157E+01   -.159E+01
    1    3   -.486E+00   -.485E+00
    1    4   -.335E+00   -.336E+00
    1    5   -.121E+00   -.120E+00
    1    6   -.721E-01   -.715E-01
    1    7   -.445E-01   -.441E-01
    1    8   -.295E-01   -.292E-01
    1    9   -.207E-01   -.205E-01
    1   10   -.152E-01   -.150E-01
    2    1    .136E+00    .139E+00
    2    2   -.104E+01   -.104E+01
    2    3   -.608E+00   -.604E+00
    2    4   -.910E-01   -.110E+00
    2    5   -.265E+00   -.268E+00
    2    6   -.125E+00   -.126E+00
    2    7   -.707E-01   -.709E-01
    2    8   -.442E-01   -.443E-01
    2    9   -.296E-01   -.297E-01
    2   10   -.209E-01   -.209E-01
    3    1    .275E+00    .291E+00
    3    2    .336E+00    .347E+00
    3    3   -.124E+01   -.126E+01
    3    4   -.151E+01   -.158E+01
    3    5   -.233E-03   -.665E-03
    3    6   -.355E-02   -.319E-02
    3    7   -.331E-02   -.326E-02
    3    8   -.233E-02   -.239E-02
    3    9   -.156E-02   -.163E-02
    3   10   -.102E-02   -.109E-02
    4    1    .682E-01    .661E-01
    4    2    .836E-01    .871E-01
    4    3   -.266E+00    .000E+00
    4    4   -.838E-01   -.724E-01
    4    5   -.102E+01   -.978E+00
    4    6   -.282E+00   -.277E+00
    4    7   -.124E+00   -.124E+00
    4    8   -.672E-01   -.681E-01
    4    9   -.410E-01   -.419E-01
    4   10   -.270E-01   -.278E-01
    5    1    .354E-02    .503E-02
    5    2    .149E+00    .163E+00
    5    3    .487E+00    .480E+00
    5    4    .104E+00    .128E+00
    5    5   -.210E+01    .000E+00
    5    6   -.407E+00   -.402E+00
    5    7   -.166E+00   -.160E+00
    5    8   -.864E-01   -.819E-01
    5    9   -.518E-01   -.486E-01
    5   10   -.340E-01   -.317E-01
    6    1    .215E-01    .241E-01
    6    2    .209E+00    .233E+00
    6    3    .744E-02    .722E-02
    6    4    .750E-01    .650E-01
    6    5    .906E-01    .000E+00
    6    6   -.365E+00   -.369E+00
    6    7   -.848E-01   -.855E-01
    6    8   -.367E-01   -.369E-01
    6    9   -.204E-01   -.205E-01
    6   10   -.131E-01   -.130E-01
    7    1    .381E-03    .633E-03
    7    2    .593E-02    .640E-02
    7    3    .825E-01    .804E-01
    7    4    .548E-01    .603E-01
    7    5    .920E+00    .898E+00
    7    6   -.268E+01    .000E+00
    7    7   -.523E+00   -.510E+00
    7    8   -.207E+00   -.199E+00
    7    9   -.108E+00   -.103E+00
    7   10   -.656E-01   -.620E-01
    8    1    .151E-02    .195E-02
    8    2    .543E-02    .596E-02
    8    3    .320E-01    .315E-01
    8    4    .372E-01    .407E-01
    8    5    .174E+00    .170E+00
    8    6    .138E+01    .138E+01
    8    7   -.356E+01    .000E+00
    8    8   -.398E+00   -.385E+00
    8    9   -.169E+00   -.163E+00
    8   10   -.911E-01   -.869E-01
    9    1    .242E-02    .291E-02
    9    2    .395E-02    .436E-02
    9    3    .157E-01    .157E-01
    9    4    .346E-01    .373E-01
    9    5    .711E-01    .701E-01
    9    6    .241E+00    .244E+00
    9    7    .190E+01    .000E+00
    9    8   -.445E+01    .000E+00
    9    9   -.290E+00   -.280E+00
    9   10   -.134E+00   -.129E+00
   10    1    .368E-02    .424E-02
   10    2    .303E-02    .337E-02
   10    3    .845E-02    .865E-02
   10    4    .398E-01    .421E-01
   10    5    .395E-01    .396E-01
   10    6    .946E-01    .964E-01
   10    7    .320E+00    .326E+00
   10    8    .256E+01    .000E+00
   10    9   -.550E+01    .000E+00
   10   10   -.169E+00    .000E+00
   11    1    .616E-02    .685E-02
   11    2    .251E-02    .281E-02
   11    3    .424E-02    .451E-02
   11    4    .562E-01    .584E-01
   11    5    .263E-01    .268E-01
   11    6    .503E-01    .516E-01
   11    7    .122E+00    .125E+00
   11    8    .404E+00    .412E+00
   11    9    .347E+01    .000E+00
   11   10   -.680E+01    .000E+00
  1  2  0    1  2  1        80
    1    1   -.110E+01   -.114E+01
    1    2   -.224E+00   -.216E+00
    1    3   -.859E-01   -.820E-01
    1    4   -.430E-01   -.408E-01
    1    5   -.249E-01   -.235E-01
    1    6   -.158E-01   -.149E-01
    1    7   -.107E-01   -.100E-01
    1    8   -.759E-02   -.712E-02
    2    1   -.351E+00   -.385E+00
    2    2   -.191E-01   -.181E-01
    2    3   -.512E-02   -.458E-02
    2    4   -.225E-02   -.195E-02
    2    5   -.122E-02   -.104E-02
    2    6   -.745E-03   -.627E-03
    2    7   -.491E-03   -.411E-03
    2    8   -.343E-03   -.285E-03
    3    1   -.786E-03   -.202E-02
    3    2   -.554E+00   -.607E+00
    3    3   -.192E-02   -.213E-02
    3    4   -.323E-03   -.345E-03
    3    5   -.124E-03   -.127E-03
    3    6   -.637E-04   -.641E-04
    3    7   -.382E-04   -.377E-04
    3    8   -.250E-04   -.245E-04
    4    1    .112E-01    .000E+00
    4    2   -.377E+00   -.354E+00
    4    3   -.158E+00   -.153E+00
    4    4   -.545E-01   -.514E-01
    4    5   -.271E-01   -.254E-01
    4    6   -.158E-01   -.148E-01
    4    7   -.102E-01   -.945E-02
    4    8   -.697E-02   -.646E-02
    5    1    .197E-02    .347E-02
    5    2   -.240E-03   -.885E-04
    5    3   -.421E+00   -.469E+00
    5    4   -.935E-02   -.968E-02
    5    5   -.263E-02   -.265E-02
    5    6   -.125E-02   -.124E-02
    5    7   -.724E-03   -.709E-03
    5    8   -.467E-03   -.455E-03
    6    1    .770E-03    .130E-02
    6    2   -.131E-03   -.633E-04
    6    3   -.195E-02   -.236E-02
    6    4   -.459E+00   -.508E+00
    6    5   -.589E-02   -.628E-02
    6    6   -.147E-02   -.153E-02
    6    7   -.665E-03   -.682E-03
    6    8   -.376E-03   -.383E-03
    7    1    .410E-03    .688E-03
    7    2   -.146E-03   -.894E-04
    7    3   -.517E-03   -.643E-03
    7    4   -.277E-02   -.319E-02
    7    5   -.469E+00   -.518E+00
    7    6   -.499E-02   -.538E-02
    7    7   -.118E-02   -.125E-02
    7    8   -.519E-03   -.544E-03
    8    1    .247E-03    .413E-03
    8    2   -.152E-03   -.103E-03
    8    3   -.292E-03   -.360E-03
    8    4   -.758E-03   -.885E-03
    8    5   -.299E-02   -.338E-02
    8    6   -.472E+00   -.521E+00
    8    7   -.457E-02   -.496E-02
    8    8   -.105E-02   -.113E-02
    9    1    .160E-03    .268E-03
    9    2   -.151E-03   -.108E-03
    9    3   -.228E-03   -.275E-03
    9    4   -.383E-03   -.448E-03
    9    5   -.825E-03   -.942E-03
    9    6   -.304E-02   -.341E-02
    9    7   -.474E+00   -.523E+00
    9    8   -.432E-02   -.472E-02
   10    1    .109E-03    .184E-03
   10    2   -.148E-03   -.110E-03
   10    3   -.209E-03   -.244E-03
   10    4   -.255E-03   -.296E-03
   10    5   -.403E-03   -.461E-03
   10    6   -.842E-03   -.950E-03
   10    7   -.303E-02   -.338E-02
   10    8   -.475E+00   -.524E+00
  1  2  0    1  3  1        80
    1    1   -.427E+00   -.427E+00
    1    2   -.201E+01   -.200E+01
    1    3   -.740E+00   -.734E+00
    1    4   -.314E-01   -.311E-01
    1    5   -.138E-02   -.136E-02
    1    6   -.115E-03   -.114E-03
    1    7   -.102E-02   -.100E-02
    1    8   -.179E-02   -.176E-02
    2    1   -.398E+01   -.390E+01
    2    2   -.343E+00   -.383E+00
    2    3   -.173E+01   -.178E+01
    2    4   -.504E+00   -.508E+00
    2    5   -.204E+00   -.204E+00
    2    6   -.104E+00   -.104E+00
    2    7   -.606E-01   -.603E-01
    2    8   -.384E-01   -.382E-01
    3    1    .347E+00    .000E+00
    3    2   -.264E+01   -.264E+01
    3    3   -.185E+01   -.181E+01
    3    4   -.899E+00   -.904E+00
    3    5   -.350E+00   -.358E+00
    3    6   -.167E+00   -.172E+00
    3    7   -.907E-01   -.942E-01
    3    8   -.538E-01   -.560E-01
    4    1    .232E-02    .252E-02
    4    2   -.806E+00   -.833E+00
    4    3   -.125E+00   -.133E+00
    4    4   -.711E-01   -.706E-01
    4    5   -.513E-01   -.499E-01
    4    6   -.397E-01   -.384E-01
    4    7   -.320E-01   -.310E-01
    4    8   -.266E-01   -.258E-01
    5    1    .263E-01    .243E-01
    5    2    .959E+00    .950E+00
    5    3   -.189E+01    .000E+00
    5    4   -.336E+01   -.331E+01
    5    5   -.897E+00   -.870E+00
    5    6   -.368E+00   -.352E+00
    5    7   -.188E+00   -.178E+00
    5    8   -.110E+00   -.104E+00
    6    1    .521E-02    .448E-02
    6    2    .972E-02    .926E-02
    6    3    .490E+00    .472E+00
    6    4   -.827E+00    .000E+00
    6    5   -.377E+01   -.369E+01
    6    6   -.982E+00   -.949E+00
    6    7   -.417E+00   -.400E+00
    6    8   -.221E+00   -.211E+00
    7    1    .188E-02    .159E-02
    7    2    .177E-02    .166E-02
    7    3    .717E-01    .681E-01
    7    4    .436E+00    .449E+00
    7    5   -.463E+00    .000E+00
    7    6   -.401E+01   -.394E+01
    7    7   -.104E+01   -.101E+01
    7    8   -.448E+00   -.434E+00
    8    1    .895E-03    .759E-03
    8    2    .537E-03    .498E-03
    8    3    .237E-01    .224E-01
    8    4    .809E-01    .843E-01
    8    5    .522E+00    .543E+00
    8    6   -.228E+00    .000E+00
    8    7   -.425E+01    .000E+00
    8    8   -.109E+01   -.107E+01
    9    1    .497E-03    .425E-03
    9    2    .191E-03    .175E-03
    9    3    .107E-01    .102E-01
    9    4    .294E-01    .308E-01
    9    5    .103E+00    .109E+00
    9    6    .636E+00    .000E+00
    9    7   -.138E-01    .000E+00
    9    8   -.450E+01    .000E+00
   10    1    .305E-03    .263E-03
   10    2    .681E-04    .617E-04
   10    3    .571E-02    .542E-02
   10    4    .142E-01    .149E-01
   10    5    .388E-01    .411E-01
   10    6    .131E+00    .136E+00
   10    7    .757E+00    .000E+00
   10    8    .203E+00    .000E+00
  1  2  1    1  3  0        56
    1    1   -.404E+01   -.399E+01
    1    2   -.757E+00   -.744E+00
    1    3   -.281E+00   -.275E+00
    1    4   -.138E+00   -.135E+00
    1    5   -.798E-01   -.778E-01
    1    6   -.507E-01   -.494E-01
    1    7   -.345E-01   -.336E-01
    2    1   -.529E+00    .000E+00
    2    2   -.318E+01   -.315E+01
    2    3   -.793E+00   -.805E+00
    2    4   -.329E+00   -.340E+00
    2    5   -.173E+00   -.180E+00
    2    6   -.104E+00   -.109E+00
    2    7   -.680E-01   -.712E-01
    3    1    .119E+00    .111E+00
    3    2   -.907E+00    .000E+00
    3    3   -.283E+01   -.278E+01
    3    4   -.779E+00   -.751E+00
    3    5   -.342E+00   -.326E+00
    3    6   -.186E+00   -.176E+00
    3    7   -.115E+00   -.108E+00
    4    1    .198E-01    .177E-01
    4    2    .289E+00    .281E+00
    4    3   -.123E+01    .000E+00
    4    4   -.268E+01   -.261E+01
    4    5   -.770E+00   -.744E+00
    4    6   -.348E+00   -.334E+00
    4    7   -.193E+00   -.185E+00
    5    1    .695E-02    .622E-02
    5    2    .508E-01    .490E-01
    5    3    .491E+00    .506E+00
    5    4   -.153E+01    .000E+00
    5    5   -.262E+01   -.257E+01
    5    6   -.768E+00   -.749E+00
    5    7   -.352E+00   -.342E+00
    6    1    .333E-02    .300E-02
    6    2    .184E-01    .177E-01
    6    3    .897E-01    .929E-01
    6    4    .714E+00    .734E+00
    6    5   -.182E+01    .000E+00
    6    6   -.261E+01   -.257E+01
    6    7   -.772E+00   -.759E+00
    7    1    .189E-02    .172E-02
    7    2    .897E-02    .868E-02
    7    3    .331E-01    .342E-01
    7    4    .134E+00    .138E+00
    7    5    .951E+00    .969E+00
    7    6   -.210E+01    .000E+00
    7    7   -.263E+01    .000E+00
    8    1    .119E-02    .109E-02
    8    2    .515E-02    .500E-02
    8    3    .163E-01    .169E-01
    8    4    .499E-01    .517E-01
    8    5    .181E+00    .186E+00
    8    6    .120E+01    .000E+00
    8    7   -.237E+01    .000E+00
  1  3  0    1  3  1        56
    1    1    .992E+00    .107E+01
    1    2    .170E+00    .153E+00
    1    3    .124E+00    .114E+00
    1    4    .200E-01    .185E-01
    1    5    .784E-02    .727E-02
    1    6    .441E-02    .409E-02
    1    7    .291E-02    .270E-02
    1    8    .209E-02    .193E-02
    2    1    .112E-01    .111E-01
    2    2    .531E+00    .559E+00
    2    3    .255E+00    .293E+00
    2    4    .518E-03    .706E-03
    2    5    .311E-03    .360E-03
    2    6    .439E-03    .463E-03
    2    7    .571E-03    .580E-03
    2    8    .674E-03    .671E-03
    3    1    .373E-02    .366E-02
    3    2    .545E-01    .551E-01
    3    3    .521E-01    .542E-01
    3    4    .626E+00    .691E+00
    3    5    .144E-02    .160E-02
    3    6    .531E-03    .562E-03
    3    7    .393E-03    .402E-03
    3    8    .348E-03    .348E-03
    4    1    .176E-02    .172E-02
    4    2    .212E-01    .212E-01
    4    3    .141E-01    .144E-01
    4    4    .423E-02    .453E-02
    4    5    .673E+00    .742E+00
    4    6    .108E-02    .116E-02
    4    7    .370E-03    .386E-03
    4    8    .236E-03    .240E-03
    5    1    .993E-03    .968E-03
    5    2    .110E-01    .109E-01
    5    3    .654E-02    .662E-02
    5    4    .105E-02    .111E-02
    5    5    .113E-02    .124E-02
    5    6    .683E+00    .752E+00
    5    7    .688E-03    .736E-03
    5    8    .228E-03    .236E-03
    6    1    .623E-03    .606E-03
    6    2    .659E-02    .653E-02
    6    3    .371E-02    .373E-02
    6    4    .465E-03    .488E-03
    6    5    .230E-03    .253E-03
    6    6    .461E-03    .517E-03
    6    7    .686E+00    .755E+00
    6    8    .411E-03    .437E-03
    7    1    .420E-03    .408E-03
    7    2    .432E-02    .427E-02
    7    3    .235E-02    .236E-02
    7    4    .257E-03    .269E-03
    7    5    .886E-04    .975E-04
    7    6    .775E-04    .886E-04
    7    7    .213E-03    .243E-03
    7    8    .686E+00    .755E+00
  1  3  1    1  4  0        48
    1    1   -.826E+01   -.828E+01
    1    2   -.128E+01   -.130E+01
    1    3   -.425E+00   -.432E+00
    1    4   -.195E+00   -.197E+00
    1    5   -.106E+00   -.107E+00
    1    6   -.640E-01   -.642E-01
    2    1   -.180E+01   -.184E+01
    2    2   -.147E+01   -.142E+01
    2    3   -.631E+00   -.606E+00
    2    4   -.345E+00   -.333E+00
    2    5   -.220E+00   -.213E+00
    2    6   -.154E+00   -.150E+00
    3    1    .938E+00    .000E+00
    3    2   -.753E+01   -.738E+01
    3    3   -.658E+00   -.631E+00
    3    4   -.144E+00   -.136E+00
    3    5   -.439E-01   -.410E-01
    3    6   -.153E-01   -.141E-01
    4    1    .229E-01    .251E-01
    4    2    .935E+00    .000E+00
    4    3   -.868E+01   -.854E+01
    4    4   -.160E+01   -.156E+01
    4    5   -.570E+00   -.558E+00
    4    6   -.270E+00   -.264E+00
    5    1    .564E-02    .609E-02
    5    2    .111E+00    .121E+00
    5    3    .804E+00    .000E+00
    5    4   -.828E+01   -.822E+01
    5    5   -.177E+01   -.176E+01
    5    6   -.695E+00   -.689E+00
    6    1    .213E-02    .225E-02
    6    2    .224E-01    .241E-01
    6    3    .245E+00    .252E+00
    6    4    .705E+00    .000E+00
    6    5   -.806E+01    .000E+00
    6    6   -.185E+01   -.185E+01
    7    1    .103E-02    .106E-02
    7    2    .826E-02    .861E-02
    7    3    .493E-01    .503E-01
    7    4    .412E+00    .000E+00
    7    5    .608E+00    .000E+00
    7    6   -.795E+01    .000E+00
    8    1    .579E-03    .586E-03
    8    2    .403E-02    .407E-02
    8    3    .184E-01    .185E-01
    8    4    .841E-01    .844E-01
    8    5    .605E+00    .000E+00
    8    6    .503E+00    .000E+00
  3  0  0    3  1  1        99
    1    1    .481E+00    .494E+00
    1    2   -.211E+01   -.215E+01
    1    3   -.888E+00   -.980E+00
    1    4   -.230E+00   -.228E+00
    1    5   -.485E-01   -.494E-01
    1    6   -.541E-01   -.531E-01
    1    7   -.497E-01   -.491E-01
    1    8   -.300E-01   -.296E-01
    1    9   -.195E-01   -.192E-01
    1   10   -.135E-01   -.133E-01
    1   11   -.101E-01   -.998E-02
    2    1    .117E+00    .123E+00
    2    2    .125E+01    .130E+01
    2    3    .154E-02    .000E+00
    2    4   -.313E+01   -.331E+01
    2    5   -.716E-01   -.675E-01
    2    6   -.133E+00   -.118E+00
    2    7   -.974E-01   -.930E-01
    2    8   -.564E-01   -.558E-01
    2    9   -.380E-01   -.384E-01
    2   10   -.309E-01   -.317E-01
    2   11   -.466E-01   -.490E-01
    3    1    .868E-01    .837E-01
    3    2    .216E+00    .243E+00
    3    3    .591E+00    .612E+00
    3    4    .192E+00    .191E+00
    3    5   -.143E+01   -.137E+01
    3    6   -.846E-02   -.696E-02
    3    7   -.302E-02   -.337E-02
    3    8   -.209E-03   -.328E-03
    3    9   -.188E-04   -.782E-06
    3   10   -.259E-03   -.171E-03
    3   11   -.122E-02   -.105E-02
    4    1    .174E-01    .195E-01
    4    2    .110E+00    .114E+00
    4    3    .377E-01    .404E-01
    4    4    .157E+01    .156E+01
    4    5   -.190E+00    .000E+00
    4    6   -.365E+01    .000E+00
    4    7   -.210E+00   -.205E+00
    4    8   -.949E-01   -.876E-01
    4    9   -.499E-01   -.444E-01
    4   10   -.294E-01   -.254E-01
    4   11   -.173E-01   -.144E-01
    5    1    .140E-01    .152E-01
    5    2    .529E-01    .556E-01
    5    3    .758E-02    .828E-02
    5    4    .299E+00    .298E+00
    5    5    .323E+00    .323E+00
    5    6    .210E+01    .206E+01
    5    7   -.497E+01    .000E+00
    5    8   -.204E+00   -.191E+00
    5    9   -.933E-01   -.855E-01
    5   10   -.503E-01   -.452E-01
    5   11   -.299E-01   -.263E-01
    6    1    .920E-02    .995E-02
    6    2    .276E-01    .291E-01
    6    3    .377E-02    .414E-02
    6    4    .119E+00    .121E+00
    6    5    .854E-01    .860E-01
    6    6    .298E+00    .292E+00
    6    7    .307E+01    .310E+01
    6    8   -.583E+01    .000E+00
    6    9   -.203E+00   -.192E+00
    6   10   -.941E-01   -.877E-01
    6   11   -.512E-01   -.471E-01
    7    1    .638E-02    .687E-02
    7    2    .163E-01    .172E-01
    7    3    .247E-02    .272E-02
    7    4    .643E-01    .656E-01
    7    5    .406E-01    .411E-01
    7    6    .103E+00    .102E+00
    7    7    .496E+00    .502E+00
    7    8    .373E+01    .377E+01
    7    9   -.670E+01    .000E+00
    7   10   -.206E+00   -.196E+00
    7   11   -.978E-01   -.924E-01
    8    1    .468E-02    .502E-02
    8    2    .105E-01    .111E-01
    8    3    .186E-02    .205E-02
    8    4    .407E-01    .419E-01
    8    5    .245E-01    .250E-01
    8    6    .489E-01    .487E-01
    8    7    .184E+00    .187E+00
    8    8    .601E+00    .610E+00
    8    9    .440E+01    .000E+00
    8   10   -.757E+01    .000E+00
    8   11   -.218E+00    .000E+00
    9    1    .361E-02    .386E-02
    9    2    .726E-02    .766E-02
    9    3    .154E-02    .168E-02
    9    4    .286E-01    .297E-01
    9    5    .170E-01    .174E-01
    9    6    .269E-01    .270E-01
    9    7    .922E-01    .939E-01
    9    8    .223E+00    .227E+00
    9    9    .706E+00    .715E+00
    9   10    .508E+01    .000E+00
    9   11   -.829E+01    .000E+00
  3  1  0    3  1  1        99
    1    1    .253E+01    .275E+01
    1    2   -.172E-02   -.954E-03
    1    3   -.120E+01   -.124E+01
    1    4   -.330E-01   -.357E-01
    1    5   -.153E+01   -.159E+01
    1    6   -.475E+00   -.485E+00
    1    7   -.776E-02   -.761E-02
    1    8   -.129E-02   -.122E-02
    1    9   -.372E-03   -.346E-03
    1   10   -.239E-03   -.226E-03
    1   11   -.142E-02   -.144E-02
    2    1    .217E+00    .207E+00
    2    2    .986E+00    .109E+01
    2    3    .271E+01    .278E+01
    2    4    .129E-01    .231E-01
    2    5   -.254E+00   -.206E+00
    2    6   -.110E+00   -.111E+00
    2    7   -.497E-02   -.654E-02
    2    8   -.166E-02   -.231E-02
    2    9   -.553E-03   -.831E-03
    2   10   -.694E-06   -.229E-04
    2   11   -.773E-02   -.731E-02
    3    1    .893E-01    .837E-01
    3    2    .376E-02    .518E-02
    3    3    .156E+00    .150E+00
    3    4    .952E+00    .103E+01
    3    5    .325E-02    .124E-02
    3    6    .686E-02    .654E-02
    3    7    .444E-03    .747E-03
    3    8    .118E-04    .967E-04
    3    9    .178E-03    .481E-04
    3   10    .187E-02    .133E-02
    3   11    .307E-01    .276E-01
    4    1    .437E-01    .409E-01
    4    2    .106E-02    .159E-02
    4    3    .776E-01    .759E-01
    4    4    .569E-02    .553E-02
    4    5    .280E+00    .295E+00
    4    6    .608E+00    .674E+00
    4    7    .179E-02    .220E-02
    4    8    .419E-03    .580E-03
    4    9    .214E-03    .312E-03
    4   10    .260E-03    .347E-03
    4   11    .174E-02    .188E-02
    5    1    .245E-01    .228E-01
    5    2    .522E-03    .798E-03
    5    3    .410E-01    .401E-01
    5    4    .168E-02    .159E-02
    5    5    .147E-01    .143E-01
    5    6    .441E-03    .409E-03
    5    7    .865E+00    .949E+00
    5    8    .202E-02    .238E-02
    5    9    .560E-03    .686E-03
    5   10    .401E-03    .481E-03
    5   11    .128E-02    .135E-02
    6    1    .151E-01    .140E-01
    6    2    .311E-03    .478E-03
    6    3    .243E-01    .237E-01
    6    4    .782E-03    .732E-03
    6    5    .541E-02    .509E-02
    6    6    .237E-03    .218E-03
    6    7    .141E-02    .146E-02
    6    8    .868E+00    .954E+00
    6    9    .228E-02    .261E-02
    6   10    .745E-03    .855E-03
    6   11    .118E-02    .125E-02
    7    1    .997E-02    .922E-02
    7    2    .204E-03    .313E-03
    7    3    .156E-01    .152E-01
    7    4    .443E-03    .412E-03
    7    5    .280E-02    .259E-02
    7    6    .144E-03    .132E-03
    7    7    .349E-03    .352E-03
    7    8    .165E-02    .175E-02
    7    9    .866E+00    .953E+00
    7   10    .265E-02    .297E-02
    7   11    .154E-02    .166E-02
    8    1    .692E-02    .639E-02
    8    2    .142E-03    .218E-03
    8    3    .106E-01    .104E-01
    8    4    .280E-03    .260E-03
    8    5    .169E-02    .155E-02
    8    6    .947E-04    .864E-04
    8    7    .150E-03    .148E-03
    8    8    .419E-03    .433E-03
    8    9    .171E-02    .184E-02
    8   10    .863E+00    .950E+00
    8   11    .406E-02    .442E-02
    9    1    .500E-02    .461E-02
    9    2    .103E-03    .158E-03
    9    3    .759E-02    .739E-02
    9    4    .191E-03    .177E-03
    9    5    .111E-02    .102E-02
    9    6    .661E-04    .601E-04
    9    7    .811E-04    .792E-04
    9    8    .183E-03    .186E-03
    9    9    .429E-03    .453E-03
    9   10    .172E-02    .186E-02
    9   11    .841E+00    .927E+00
  3  1  0    3  2  1        72
    1    1   -.660E+01   -.663E+01
    1    2   -.164E+01   -.162E+01
    1    3   -.676E+00   -.662E+00
    1    4   -.349E+00   -.341E+00
    1    5   -.206E+00   -.201E+00
    1    6   -.132E+00   -.128E+00
    1    7   -.899E-01   -.876E-01
    1    8   -.642E-01   -.625E-01
    2    1   -.111E+01   -.110E+01
    2    2   -.281E+01   -.276E+01
    2    3   -.773E+00   -.754E+00
    2    4   -.333E+00   -.324E+00
    2    5   -.178E+00   -.172E+00
    2    6   -.107E+00   -.103E+00
    2    7   -.700E-01   -.676E-01
    2    8   -.486E-01   -.468E-01
    3    1    .332E+00    .323E+00
    3    2   -.199E+01    .000E+00
    3    3   -.248E+01   -.241E+01
    3    4   -.753E+00   -.750E+00
    3    5   -.344E+00   -.350E+00
    3    6   -.191E+00   -.197E+00
    3    7   -.119E+00   -.124E+00
    3    8   -.795E-01   -.836E-01
    4    1    .626E-01    .612E-01
    4    2    .758E+00    .727E+00
    4    3   -.278E+01    .000E+00
    4    4   -.236E+01   -.236E+01
    4    5   -.740E+00   -.728E+00
    4    6   -.346E+00   -.337E+00
    4    7   -.196E+00   -.189E+00
    4    8   -.124E+00   -.119E+00
    5    1    .240E-01    .235E-01
    5    2    .142E+00    .133E+00
    5    3    .124E+01    .118E+01
    5    4   -.350E+01    .000E+00
    5    5   -.234E+01   -.231E+01
    5    6   -.742E+00   -.724E+00
    5    7   -.352E+00   -.340E+00
    5    8   -.201E+00   -.193E+00
    6    1    .121E-01    .118E-01
    6    2    .540E-01    .501E-01
    6    3    .234E+00    .220E+00
    6    4    .176E+01    .176E+01
    6    5   -.420E+01    .000E+00
    6    6   -.236E+01   -.232E+01
    6    7   -.753E+00   -.736E+00
    6    8   -.359E+00   -.349E+00
    7    1    .711E-02    .694E-02
    7    2    .272E-01    .252E-01
    7    3    .896E-01    .836E-01
    7    4    .335E+00    .334E+00
    7    5    .230E+01    .232E+01
    7    6   -.488E+01    .000E+00
    7    7   -.242E+01   -.238E+01
    7    8   -.771E+00   -.755E+00
    8    1    .458E-02    .446E-02
    8    2    .160E-01    .148E-01
    8    3    .454E-01    .424E-01
    8    4    .129E+00    .128E+00
    8    5    .441E+00    .446E+00
    8    6    .285E+01    .288E+01
    8    7   -.555E+01    .000E+00
    8    8   -.249E+01    .000E+00
    9    1    .314E-02    .305E-02
    9    2    .103E-01    .959E-02
    9    3    .268E-01    .250E-01
    9    4    .656E-01    .652E-01
    9    5    .170E+00    .172E+00
    9    6    .549E+00    .557E+00
    9    7    .341E+01    .000E+00
    9    8   -.622E+01    .000E+00
  3  1  1    3  2  0        99
    1    1   -.507E+01   -.507E+01
    1    2   -.141E+01   -.139E+01
    1    3   -.796E-03   -.162E-02
    1    4   -.464E+00   -.460E+00
    1    5   -.242E+00   -.239E+00
    1    6   -.143E+00   -.141E+00
    1    7   -.919E-01   -.907E-01
    1    8   -.629E-01   -.622E-01
    1    9   -.452E-01   -.446E-01
    2    1   -.162E+01   -.160E+01
    2    2   -.490E+01   -.501E+01
    2    3   -.115E+00   -.151E+00
    2    4   -.947E+00   -.942E+00
    2    5   -.427E+00   -.424E+00
    2    6   -.232E+00   -.231E+00
    2    7   -.142E+00   -.141E+00
    2    8   -.936E-01   -.929E-01
    2    9   -.653E-01   -.648E-01
    3    1    .424E-01    .403E-01
    3    2   -.583E+00   -.618E+00
    3    3   -.203E+01   -.206E+01
    3    4   -.299E-02   -.233E-02
    3    5   -.914E-03   -.714E-03
    3    6   -.466E-03   -.375E-03
    3    7   -.310E-03   -.258E-03
    3    8   -.247E-03   -.212E-03
    3    9   -.226E-03   -.200E-03
    4    1    .645E+00    .656E+00
    4    2   -.234E+01    .000E+00
    4    3   -.907E+00   -.947E+00
    4    4   -.286E+01   -.280E+01
    4    5   -.932E+00   -.936E+00
    4    6   -.440E+00   -.452E+00
    4    7   -.250E+00   -.260E+00
    4    8   -.159E+00   -.167E+00
    4    9   -.109E+00   -.115E+00
    5    1    .920E+00    .991E+00
    5    2    .261E+00    .242E+00
    5    3    .624E+00    .592E+00
    5    4   -.260E+01   -.244E+01
    5    5   -.157E+00   -.162E+00
    5    6   -.851E-01   -.835E-01
    5    7   -.497E-01   -.476E-01
    5    8   -.320E-01   -.302E-01
    5    9   -.221E-01   -.207E-01
    6    1    .459E-01    .532E-01
    6    2    .668E+00    .653E+00
    6    3    .157E-01    .165E-01
    6    4   -.176E+01    .000E+00
    6    5   -.301E+01   -.298E+01
    6    6   -.870E+00   -.849E+00
    6    7   -.395E+00   -.380E+00
    6    8   -.219E+00   -.209E+00
    6    9   -.136E+00   -.129E+00
    7    1    .126E-01    .126E-01
    7    2    .200E+00    .191E+00
    7    3    .212E-01    .201E-01
    7    4    .174E+01    .167E+01
    7    5   -.501E+01    .000E+00
    7    6   -.290E+01   -.285E+01
    7    7   -.942E+00   -.912E+00
    7    8   -.450E+00   -.432E+00
    7    9   -.259E+00   -.247E+00
    8    1    .898E-02    .911E-02
    8    2    .850E-01    .817E-01
    8    3    .669E-02    .625E-02
    8    4    .336E+00    .320E+00
    8    5    .252E+01    .253E+01
    8    6   -.625E+01    .000E+00
    8    7   -.284E+01   -.278E+01
    8    8   -.932E+00   -.906E+00
    8    9   -.450E+00   -.435E+00
    9    1    .601E-02    .610E-02
    9    2    .482E-01    .467E-01
    9    3    .224E-02    .205E-02
    9    4    .131E+00    .124E+00
    9    5    .478E+00    .480E+00
    9    6    .332E+01    .337E+01
    9    7   -.740E+01    .000E+00
    9    8   -.284E+01    .000E+00
    9    9   -.937E+00   -.915E+00
   10    1    .429E-02    .434E-02
   10    2    .328E-01    .320E-01
   10    3    .311E-03    .250E-03
   10    4    .666E-01    .636E-01
   10    5    .184E+00    .185E+00
   10    6    .629E+00    .639E+00
   10    7    .416E+01    .000E+00
   10    8   -.854E+01    .000E+00
   10    9   -.285E+01    .000E+00
   11    1    .373E-02    .371E-02
   11    2    .306E-01    .301E-01
   11    3    .363E-02    .402E-02
   11    4    .380E-01    .361E-01
   11    5    .931E-01    .931E-01
   11    6    .242E+00    .245E+00
   11    7    .788E+00    .799E+00
   11    8    .506E+01    .000E+00
   11    9   -.984E+01    .000E+00
  3  2  0    3  2  1        72
    1    1   -.185E+01   -.199E+01
    1    2   -.885E-03   -.110E-02
    1    3   -.219E-04   -.493E-04
    1    4   -.813E-07   -.396E-05
    1    5   -.615E-06   -.273E-06
    1    6   -.108E-05   -.348E-10
    1    7   -.111E-05   -.368E-07
    1    8   -.984E-06   -.708E-07
    2    1   -.129E+00   -.117E+00
    2    2   -.611E+00   -.689E+00
    2    3   -.212E-01   -.214E-01
    2    4   -.129E-01   -.131E-01
    2    5   -.792E-02   -.802E-02
    2    6   -.515E-02   -.522E-02
    2    7   -.354E-02   -.358E-02
    2    8   -.253E-02   -.257E-02
    3    1   -.537E+00   -.555E+00
    3    2   -.159E+01   -.167E+01
    3    3   -.177E+00   -.181E+00
    3    4   -.841E-01   -.862E-01
    3    5   -.473E-01   -.484E-01
    3    6   -.295E-01   -.302E-01
    3    7   -.197E-01   -.202E-01
    3    8   -.139E-01   -.142E-01
    4    1    .245E-03    .183E-04
    4    2   -.132E-04   -.356E-06
    4    3   -.150E+01   -.165E+01
    4    4   -.259E-02   -.277E-02
    4    5   -.725E-03   -.770E-03
    4    6   -.327E-03   -.347E-03
    4    7   -.181E-03   -.192E-03
    4    8   -.113E-03   -.120E-03
    5    1    .144E-03    .115E-04
    5    2   -.110E-03   -.533E-04
    5    3   -.105E-02   -.125E-02
    5    4   -.147E+01   -.162E+01
    5    5   -.189E-02   -.204E-02
    5    6   -.502E-03   -.539E-03
    5    7   -.224E-03   -.240E-03
    5    8   -.124E-03   -.133E-03
    6    1    .775E-04    .106E-04
    6    2   -.131E-03   -.757E-04
    6    3   -.177E-03   -.226E-03
    6    4   -.154E-02   -.175E-02
    6    5   -.146E+01   -.161E+01
    6    6   -.167E-02   -.182E-02
    6    7   -.432E-03   -.468E-03
    6    8   -.192E-03   -.207E-03
    7    1    .483E-04    .845E-05
    7    2   -.139E-03   -.866E-04
    7    3   -.718E-04   -.959E-04
    7    4   -.349E-03   -.404E-03
    7    5   -.171E-02   -.191E-02
    7    6   -.146E+01   -.160E+01
    7    7   -.157E-02   -.171E-02
    7    8   -.400E-03   -.435E-03
    8    1    .351E-04    .786E-05
    8    2   -.151E-03   -.996E-04
    8    3   -.487E-04   -.649E-04
    8    4   -.163E-03   -.190E-03
    8    5   -.420E-03   -.473E-03
    8    6   -.178E-02   -.198E-02
    8    7   -.145E+01   -.160E+01
    8    8   -.152E-02   -.166E-02
    9    1    .300E-04    .885E-05
    9    2   -.173E-03   -.121E-03
    9    3   -.465E-04   -.598E-04
    9    4   -.107E-03   -.125E-03
    9    5   -.201E-03   -.228E-03
    9    6   -.451E-03   -.503E-03
    9    7   -.181E-02   -.201E-02
    9    8   -.145E+01   -.160E+01
  3  2  0    3  3  1        72
    1    1   -.944E+01   -.917E+01
    1    2   -.373E+01   -.398E+01
    1    3   -.344E+01   -.347E+01
    1    4   -.122E+01   -.122E+01
    1    5   -.582E+00   -.580E+00
    1    6   -.329E+00   -.327E+00
    1    7   -.206E+00   -.204E+00
    1    8   -.138E+00   -.137E+00
    2    1   -.148E+00    .000E+00
    2    2   -.601E+01   -.609E+01
    2    3   -.537E+01   -.531E+01
    2    4   -.156E+01   -.158E+01
    2    5   -.604E+00   -.626E+00
    2    6   -.281E+00   -.294E+00
    2    7   -.144E+00   -.152E+00
    2    8   -.777E-01   -.823E-01
    3    1    .393E+00    .000E+00
    3    2   -.247E+00   -.197E+00
    3    3   -.377E+01   -.368E+01
    3    4   -.107E+01   -.106E+01
    3    5   -.486E+00   -.488E+00
    3    6   -.281E+00   -.283E+00
    3    7   -.186E+00   -.188E+00
    3    8   -.135E+00   -.136E+00
    4    1    .126E+00    .111E+00
    4    2    .111E+01    .113E+01
    4    3   -.475E+01    .000E+00
    4    4   -.879E+01   -.863E+01
    4    5   -.258E+01   -.248E+01
    4    6   -.115E+01   -.109E+01
    4    7   -.626E+00   -.592E+00
    4    8   -.385E+00   -.363E+00
    5    1    .217E-01    .178E-01
    5    2    .112E+00    .114E+00
    5    3    .136E+01    .133E+01
    5    4   -.515E+01    .000E+00
    5    5   -.863E+01   -.841E+01
    5    6   -.257E+01   -.248E+01
    5    7   -.118E+01   -.113E+01
    5    8   -.656E+00   -.626E+00
    6    1    .750E-02    .606E-02
    6    2    .376E-01    .390E-01
    6    3    .234E+00    .228E+00
    6    4    .191E+01    .197E+01
    6    5   -.579E+01    .000E+00
    6    6   -.867E+01   -.849E+01
    6    7   -.260E+01   -.253E+01
    6    8   -.120E+01   -.117E+01
    7    1    .352E-02    .286E-02
    7    2    .183E-01    .193E-01
    7    3    .856E-01    .839E-01
    7    4    .345E+00    .357E+00
    7    5    .258E+01    .266E+01
    7    6   -.640E+01    .000E+00
    7    7   -.885E+01    .000E+00
    7    8   -.265E+01   -.260E+01
    8    1    .195E-02    .160E-02
    8    2    .108E-01    .115E-01
    8    3    .426E-01    .419E-01
    8    4    .128E+00    .133E+00
    8    5    .481E+00    .498E+00
    8    6    .329E+01    .000E+00
    8    7   -.694E+01    .000E+00
    8    8   -.915E+01    .000E+00
    9    1    .120E-02    .989E-03
    9    2    .717E-02    .769E-02
    9    3    .250E-01    .247E-01
    9    4    .636E-01    .660E-01
    9    5    .180E+00    .187E+00
    9    6    .627E+00    .644E+00
    9    7    .401E+01    .000E+00
    9    8   -.739E+01    .000E+00
  3  2  1    3  3  0        56
    1    1   -.131E+02   -.129E+02
    1    2   -.201E+01   -.198E+01
    1    3   -.683E+00   -.668E+00
    1    4   -.320E+00   -.312E+00
    1    5   -.179E+00   -.174E+00
    1    6   -.111E+00   -.108E+00
    1    7   -.744E-01   -.721E-01
    2    1   -.282E+00    .000E+00
    2    2   -.114E+02   -.112E+02
    2    3   -.244E+01   -.248E+01
    2    4   -.954E+00   -.983E+00
    2    5   -.484E+00   -.504E+00
    2    6   -.285E+00   -.298E+00
    2    7   -.183E+00   -.192E+00
    3    1    .194E+00    .185E+00
    3    2   -.525E+00    .000E+00
    3    3   -.107E+02   -.105E+02
    3    4   -.256E+01   -.247E+01
    3    5   -.106E+01   -.102E+01
    3    6   -.562E+00   -.532E+00
    3    7   -.339E+00   -.320E+00
    4    1    .343E-01    .316E-01
    4    2    .504E+00    .494E+00
    4    3   -.746E+00    .000E+00
    4    4   -.104E+02   -.102E+02
    4    5   -.264E+01   -.254E+01
    4    6   -.113E+01   -.108E+01
    4    7   -.609E+00   -.581E+00
    5    1    .122E-01    .113E-01
    5    2    .945E-01    .924E-01
    5    3    .894E+00    .938E+00
    5    4   -.967E+00    .000E+00
    5    5   -.104E+02   -.102E+02
    5    6   -.270E+01   -.263E+01
    5    7   -.118E+01   -.114E+01
    6    1    .584E-02    .547E-02
    6    2    .347E-01    .340E-01
    6    3    .174E+00    .186E+00
    6    4    .134E+01    .140E+01
    6    5   -.118E+01    .000E+00
    6    6   -.106E+02   -.104E+02
    6    7   -.277E+01   -.272E+01
    7    1    .330E-02    .314E-02
    7    2    .170E-01    .167E-01
    7    3    .654E-01    .698E-01
    7    4    .268E+00    .283E+00
    7    5    .182E+01    .187E+01
    7    6   -.138E+01    .000E+00
    7    7   -.108E+02    .000E+00
    8    1    .208E-02    .200E-02
    8    2    .977E-02    .967E-02
    8    3    .324E-01    .347E-01
    8    4    .102E+00    .108E+00
    8    5    .372E+00    .387E+00
    8    6    .232E+01    .000E+00
    8    7   -.158E+01    .000E+00
  3  3  0    3  3  1        56
    1    1    .333E+01    .353E+01
    1    2    .291E+00    .237E+00
    1    3    .493E-01    .445E-01
    1    4    .149E-01    .135E-01
    1    5    .839E-02    .764E-02
    1    6    .598E-02    .543E-02
    1    7    .479E-02    .432E-02
    1    8    .409E-02    .367E-02
    2    1    .913E-01    .903E-01
    2    2    .711E+00    .717E+00
    2    3    .163E+01    .182E+01
    2    4    .348E-03    .513E-03
    2    5    .300E-03    .369E-03
    2    6    .566E-03    .619E-03
    2    7    .906E-03    .945E-03
    2    8    .128E-02    .130E-02
    3    1    .330E-01    .324E-01
    3    2    .200E+00    .197E+00
    3    3    .219E-01    .223E-01
    3    4    .198E+01    .218E+01
    3    5    .137E-02    .156E-02
    3    6    .630E-03    .684E-03
    3    7    .582E-03    .609E-03
    3    8    .627E-03    .639E-03
    4    1    .164E-01    .160E-01
    4    2    .934E-01    .918E-01
    4    3    .736E-02    .736E-02
    4    4    .328E-02    .345E-02
    4    5    .203E+01    .224E+01
    4    6    .125E-02    .137E-02
    4    7    .519E-03    .551E-03
    4    8    .403E-03    .417E-03
    5    1    .954E-02    .932E-02
    5    2    .530E-01    .519E-01
    5    3    .374E-02    .371E-02
    5    4    .925E-03    .951E-03
    5    5    .114E-02    .124E-02
    5    6    .205E+01    .226E+01
    5    7    .924E-03    .999E-03
    5    8    .366E-03    .383E-03
    6    1    .612E-02    .597E-02
    6    2    .336E-01    .328E-01
    6    3    .225E-02    .221E-02
    6    4    .441E-03    .447E-03
    6    5    .257E-03    .273E-03
    6    6    .526E-03    .581E-03
    6    7    .206E+01    .226E+01
    6    8    .612E-03    .656E-03
    7    1    .419E-02    .409E-02
    7    2    .228E-01    .222E-01
    7    3    .148E-02    .145E-02
    7    4    .257E-03    .259E-03
    7    5    .107E-03    .112E-03
    7    6    .931E-04    .103E-03
    7    7    .253E-03    .285E-03
    7    8    .206E+01    .227E+01
  3  3  1    3  4  0        48
    1    1   -.219E+02   -.219E+02
    1    2   -.368E+01   -.373E+01
    1    3   -.129E+01   -.131E+01
    1    4   -.619E+00   -.626E+00
    1    5   -.350E+00   -.352E+00
    1    6   -.220E+00   -.220E+00
    2    1   -.673E+01   -.677E+01
    2    2   -.868E-02   -.553E-02
    2    3   -.950E-01   -.871E-01
    2    4   -.113E+00   -.107E+00
    2    5   -.109E+00   -.105E+00
    2    6   -.999E-01   -.978E-01
    3    1    .116E+01    .000E+00
    3    2   -.256E+02   -.250E+02
    3    3   -.413E+01   -.398E+01
    3    4   -.136E+01   -.130E+01
    3    5   -.603E+00   -.578E+00
    3    6   -.317E+00   -.304E+00
    4    1    .143E+00    .152E+00
    4    2    .110E+01    .000E+00
    4    3   -.245E+02   -.241E+02
    4    4   -.502E+01   -.493E+01
    4    5   -.190E+01   -.186E+01
    4    6   -.937E+00   -.920E+00
    5    1    .249E-01    .264E-01
    5    2    .442E+00    .474E+00
    5    3    .108E+01    .000E+00
    5    4   -.237E+02   -.235E+02
    5    5   -.533E+01   -.529E+01
    5    6   -.214E+01   -.212E+01
    6    1    .843E-02    .882E-02
    6    2    .800E-01    .849E-01
    6    3    .852E+00    .873E+00
    6    4    .107E+01    .000E+00
    6    5   -.233E+02    .000E+00
    6    6   -.552E+01   -.550E+01
    7    1    .384E-02    .395E-02
    7    2    .280E-01    .290E-01
    7    3    .162E+00    .165E+00
    7    4    .135E+01    .000E+00
    7    5    .104E+01    .000E+00
    7    6   -.233E+02    .000E+00
    8    1    .206E-02    .208E-02
    8    2    .132E-01    .133E-01
    8    3    .587E-01    .590E-01
    8    4    .265E+00    .266E+00
    8    5    .190E+01    .000E+00
    8    6    .957E+00    .000E+00
  0  0  0    0  0  0         0
