    7    3    F
  2  0  0    2  1  1        81
    1    1   -.468E+00    .000E+00
    1    2   -.477E+00   -.477E+00
    1    3   -.137E+00   -.139E+00
    1    4   -.599E-01   -.605E-01
    1    5   -.318E-01   -.322E-01
    1    6   -.191E-01   -.193E-01
    1    7   -.124E-01   -.125E-01
    1    8   -.850E-02   -.861E-02
    1    9   -.610E-02   -.618E-02
    2    1    .194E+00    .190E+00
    2    2   -.788E+00    .000E+00
    2    3   -.491E+00   -.470E+00
    2    4   -.151E+00   -.141E+00
    2    5   -.687E-01   -.641E-01
    2    6   -.379E-01   -.352E-01
    2    7   -.234E-01   -.217E-01
    2    8   -.156E-01   -.144E-01
    2    9   -.109E-01   -.101E-01
    3    1    .375E-01    .371E-01
    3    2    .425E+00    .426E+00
    3    3   -.108E+01    .000E+00
    3    4   -.526E+00    .000E+00
    3    5   -.164E+00   -.160E+00
    3    6   -.765E-01   -.744E-01
    3    7   -.430E-01   -.418E-01
    3    8   -.270E-01   -.262E-01
    3    9   -.182E-01   -.177E-01
    4    1    .143E-01    .142E-01
    4    2    .841E-01    .844E-01
    4    3    .670E+00    .000E+00
    4    4   -.137E+01    .000E+00
    4    5   -.569E+00    .000E+00
    4    6   -.179E+00    .000E+00
    4    7   -.839E-01    .000E+00
    4    8   -.476E-01    .000E+00
    4    9   -.302E-01    .000E+00
    5    1    .713E-02    .713E-02
    5    2    .328E-01    .329E-01
    5    3    .134E+00    .000E+00
    5    4    .922E+00    .000E+00
    5    5   -.166E+01    .000E+00
    5    6   -.617E+00    .000E+00
    5    7   -.193E+00    .000E+00
    5    8   -.912E-01    .000E+00
    5    9   -.520E-01    .000E+00
    6    1    .412E-02    .413E-02
    6    2    .167E-01    .168E-01
    6    3    .527E-01    .531E-01
    6    4    .185E+00    .000E+00
    6    5    .118E+01    .000E+00
    6    6   -.194E+01    .000E+00
    6    7   -.667E+00    .000E+00
    6    8   -.209E+00    .000E+00
    6    9   -.984E-01    .000E+00
    7    1    .261E-02    .262E-02
    7    2    .985E-02    .988E-02
    7    3    .272E-01    .273E-01
    7    4    .731E-01    .000E+00
    7    5    .236E+00    .000E+00
    7    6    .143E+01    .000E+00
    7    7   -.222E+01    .000E+00
    7    8   -.719E+00    .000E+00
    7    9   -.224E+00    .000E+00
    8    1    .176E-02    .177E-02
    8    2    .635E-02    .637E-02
    8    3    .162E-01    .163E-01
    8    4    .379E-01    .000E+00
    8    5    .936E-01    .000E+00
    8    6    .288E+00    .000E+00
    8    7    .169E+01    .000E+00
    8    8   -.250E+01    .000E+00
    8    9   -.771E+00    .000E+00
    9    1    .125E-02    .126E-02
    9    2    .436E-02    .438E-02
    9    3    .105E-01    .106E-01
    9    4    .227E-01    .000E+00
    9    5    .487E-01    .000E+00
    9    6    .114E+00    .000E+00
    9    7    .340E+00    .000E+00
    9    8    .195E+01    .000E+00
    9    9   -.278E+01    .000E+00
  2  1  1    2  2  0        72
    1    1   -.391E+01   -.391E+01
    1    2   -.735E+00   -.738E+00
    1    3   -.274E+00   -.276E+00
    1    4   -.135E+00   -.136E+00
    1    5   -.777E-01   -.780E-01
    1    6   -.490E-01   -.493E-01
    1    7   -.331E-01   -.333E-01
    1    8   -.235E-01   -.236E-01
    2    1   -.320E+00    .000E+00
    2    2   -.329E+01   -.320E+01
    2    3   -.798E+00   -.769E+00
    2    4   -.330E+00   -.318E+00
    2    5   -.173E+00   -.166E+00
    2    6   -.103E+00   -.995E-01
    2    7   -.673E-01   -.648E-01
    2    8   -.466E-01   -.448E-01
    3    1    .159E+00    .162E+00
    3    2   -.570E+00    .000E+00
    3    3   -.315E+01    .000E+00
    3    4   -.824E+00    .000E+00
    3    5   -.357E+00   -.352E+00
    3    6   -.193E+00   -.190E+00
    3    7   -.118E+00   -.116E+00
    3    8   -.783E-01   -.772E-01
    4    1    .308E-01    .313E-01
    4    2    .388E+00    .000E+00
    4    3   -.793E+00    .000E+00
    4    4   -.317E+01    .000E+00
    4    5   -.854E+00    .000E+00
    4    6   -.378E+00    .000E+00
    4    7   -.207E+00    .000E+00
    4    8   -.129E+00    .000E+00
    5    1    .116E-01    .118E-01
    5    2    .782E-01    .000E+00
    5    3    .655E+00    .000E+00
    5    4   -.100E+01    .000E+00
    5    5   -.326E+01    .000E+00
    5    6   -.890E+00    .000E+00
    5    7   -.398E+00    .000E+00
    5    8   -.220E+00    .000E+00
    6    1    .580E-02    .584E-02
    6    2    .302E-01    .304E-01
    6    3    .135E+00    .000E+00
    6    4    .946E+00    .000E+00
    6    5   -.120E+01    .000E+00
    6    6   -.339E+01    .000E+00
    6    7   -.929E+00    .000E+00
    6    8   -.417E+00    .000E+00
    7    1    .337E-02    .338E-02
    7    2    .153E-01    .153E-01
    7    3    .528E-01    .000E+00
    7    4    .198E+00    .000E+00
    7    5    .125E+01    .000E+00
    7    6   -.140E+01    .000E+00
    7    7   -.355E+01    .000E+00
    7    8   -.972E+00    .000E+00
    8    1    .215E-02    .216E-02
    8    2    .897E-02    .898E-02
    8    3    .270E-01    .000E+00
    8    4    .781E-01    .000E+00
    8    5    .265E+00    .000E+00
    8    6    .157E+01    .000E+00
    8    7   -.160E+01    .000E+00
    8    8   -.371E+01    .000E+00
    9    1    .147E-02    .147E-02
    9    2    .579E-02    .578E-02
    9    3    .160E-01    .000E+00
    9    4    .402E-01    .000E+00
    9    5    .105E+00    .000E+00
    9    6    .335E+00    .000E+00
    9    7    .189E+01    .000E+00
    9    8   -.179E+01    .000E+00
  0  0  0    0  0  0         0
