    7    5    F
  2  1  0    2  0  1        88
    1    1   -.114E+00   -.131E+00
    1    2   -.316E-01   -.351E-01
    1    3   -.136E-01   -.150E-01
    1    4   -.724E-02   -.788E-02
    1    5   -.430E-02   -.467E-02
    1    6   -.277E-02   -.300E-02
    1    7   -.189E-02   -.204E-02
    1    8   -.135E-02   -.145E-02
    2    1   -.668E+00   -.697E+00
    2    2   -.292E-03   -.358E-03
    2    3   -.496E-04   -.679E-04
    2    4   -.160E-04   -.233E-04
    2    5   -.704E-05   -.107E-04
    2    6   -.370E-05   -.579E-05
    2    7   -.220E-05   -.351E-05
    2    8   -.142E-05   -.230E-05
    3    1   -.191E-02   -.110E-02
    3    2   -.395E+00   -.407E+00
    3    3   -.136E-03   -.112E-03
    3    4   -.127E-04   -.780E-05
    3    5   -.194E-05   -.676E-06
    3    6   -.331E-06   -.174E-07
    3    7   -.457E-07   -.208E-07
    3    8   -.161E-08   -.664E-07
    4    1   -.684E-01   -.609E-01
    4    2   -.375E-01   -.393E-01
    4    3   -.180E-02   -.175E-02
    4    4   -.754E-03   -.709E-03
    4    5   -.418E-03   -.387E-03
    4    6   -.261E-03   -.239E-03
    4    7   -.175E-03   -.159E-03
    4    8   -.123E-03   -.112E-03
    5    1   -.395E-01   -.143E-01
    5    2   -.338E-01   -.377E-01
    5    3   -.298E+00   -.306E+00
    5    4   -.414E-05   -.132E-04
    5    5   -.164E-03   -.198E-03
    5    6   -.173E-03   -.199E-03
    5    7   -.143E-03   -.162E-03
    5    8   -.113E-03   -.127E-03
    6    1   -.530E-01   -.518E-02
    6    2   -.196E+00   -.217E+00
    6    3   -.206E+00   -.220E+00
    6    4   -.170E-01   -.166E-01
    6    5   -.138E-04   -.395E-04
    6    6   -.341E-03   -.425E-03
    6    7   -.410E-03   -.485E-03
    6    8   -.372E-03   -.431E-03
    7    1    .106E-01    .528E-01
    7    2   -.483E-01   -.526E-01
    7    3   -.219E-01   -.235E-01
    7    4   -.470E+00   -.490E+00
    7    5   -.721E-03   -.692E-03
    7    6   -.447E-07   -.926E-06
    7    7   -.279E-04   -.354E-04
    7    8   -.411E-04   -.487E-04
    8    1    .909E-02    .145E-01
    8    2   -.131E-01   -.139E-01
    8    3   -.362E-02   -.383E-02
    8    4   -.317E-02   -.333E-02
    8    5   -.474E+00   -.492E+00
    8    6   -.181E-03   -.183E-03
    8    7   -.225E-05   -.192E-05
    8    8   -.143E-05   -.176E-05
    9    1    .831E-02    .974E-02
    9    2   -.699E-02   -.717E-02
    9    3   -.142E-02   -.147E-02
    9    4   -.747E-03   -.771E-03
    9    5   -.807E-03   -.835E-03
    9    6   -.468E+00   -.485E+00
    9    7   -.334E-04   -.351E-04
    9    8   -.111E-07   -.371E-08
   10    1    .102E-01    .993E-02
   10    2   -.519E-02   -.512E-02
   10    3   -.835E-03   -.823E-03
   10    4   -.320E-03   -.316E-03
   10    5   -.175E-03   -.173E-03
   10    6   -.135E-03   -.134E-03
   10    7   -.462E+00   -.479E+00
   10    8   -.123E-04   -.115E-04
   11    1    .182E-01    .156E-01
   11    2   -.540E-02   -.506E-02
   11    3   -.696E-03   -.639E-03
   11    4   -.192E-03   -.172E-03
   11    5   -.530E-04   -.448E-04
   11    6   -.325E-05   -.162E-05
   11    7   -.586E-04   -.682E-04
   11    8   -.452E+00   -.469E+00
  4  1  0    4  0  1        90
    1    1   -.177E+01   -.184E+01
    1    2   -.504E-01   -.494E-01
    1    3   -.235E-01   -.229E-01
    1    4   -.120E-01   -.117E-01
    1    5   -.689E-02   -.672E-02
    1    6   -.430E-02   -.419E-02
    1    7   -.286E-02   -.278E-02
    1    8   -.199E-02   -.194E-02
    1    9   -.144E-02   -.140E-02
    2    1    .699E-04    .460E-03
    2    2   -.982E+00   -.101E+01
    2    3   -.191E-02   -.166E-02
    2    4   -.378E-03   -.293E-03
    2    5   -.146E-03   -.105E-03
    2    6   -.741E-04   -.502E-04
    2    7   -.433E-04   -.283E-04
    2    8   -.278E-04   -.177E-04
    2    9   -.190E-04   -.119E-04
    3    1    .334E-03    .495E-03
    3    2   -.234E-03   -.668E-03
    3    3   -.937E+00   -.966E+00
    3    4   -.210E-02   -.196E-02
    3    5   -.498E-03   -.441E-03
    3    6   -.202E-03   -.174E-03
    3    7   -.104E-03   -.877E-04
    3    8   -.618E-04   -.512E-04
    3    9   -.400E-04   -.328E-04
    4    1    .834E+00    .871E+00
    4    2   -.143E+01   -.110E+01
    4    3   -.396E-01   -.541E-01
    4    4   -.511E-03   -.141E-02
    4    5   -.566E-02   -.735E-02
    4    6   -.406E-02   -.508E-02
    4    7   -.281E-02   -.346E-02
    4    8   -.199E-02   -.242E-02
    4    9   -.145E-02   -.176E-02
    5    1    .267E-01    .283E-01
    5    2   -.280E-01   -.250E-01
    5    3   -.906E-04   -.725E-04
    5    4   -.949E+00   -.986E+00
    5    5   -.298E-02   -.311E-02
    5    6   -.982E-03   -.102E-02
    5    7   -.492E-03   -.508E-03
    5    8   -.294E-03   -.302E-03
    5    9   -.193E-03   -.198E-03
    6    1    .683E-02    .718E-02
    6    2   -.172E-02   -.252E-02
    6    3   -.222E-04   -.466E-04
    6    4   -.130E-02   -.145E-02
    6    5   -.930E+00   -.963E+00
    6    6   -.210E-02   -.213E-02
    6    7   -.599E-03   -.597E-03
    6    8   -.280E-03   -.276E-03
    6    9   -.160E-03   -.157E-03
    7    1    .678E-02    .703E-02
    7    2   -.390E-03   -.165E-02
    7    3   -.693E-05   -.806E-08
    7    4   -.187E-03   -.239E-03
    7    5   -.159E-02   -.172E-02
    7    6   -.925E+00   -.958E+00
    7    7   -.200E-02   -.202E-02
    7    8   -.560E-03   -.559E-03
    7    9   -.262E-03   -.259E-03
    8    1    .784E-02    .806E-02
    8    2    .289E-03    .137E-03
    8    3   -.601E-04   -.240E-04
    8    4   -.356E-04   -.599E-04
    8    5   -.283E-03   -.331E-03
    8    6   -.176E-02   -.189E-02
    8    7   -.922E+00   -.955E+00
    8    8   -.199E-02   -.202E-02
    8    9   -.554E-03   -.555E-03
    9    1    .975E-02    .996E-02
    9    2    .952E-03    .119E-03
    9    3   -.150E-03   -.816E-04
    9    4   -.271E-05   -.123E-04
    9    5   -.835E-04   -.110E-03
    9    6   -.351E-03   -.398E-03
    9    7   -.194E-02   -.207E-02
    9    8   -.920E+00   -.953E+00
    9    9   -.205E-02   -.209E-02
   10    1    .129E-01    .131E-01
   10    2    .181E-02    .546E-03
   10    3   -.286E-03   -.176E-03
   10    4   -.244E-05   -.202E-06
   10    5   -.249E-04   -.410E-04
   10    6   -.122E-03   -.149E-03
   10    7   -.414E-03   -.461E-03
   10    8   -.215E-02   -.229E-02
   10    9   -.918E+00   -.951E+00
  2  0  0    2  1  1       140
    1    1    .500E+00    .518E+00
    1    2   -.228E+00   -.220E+00
    1    3   -.263E-01   -.242E-01
    1    4   -.162E+00   -.178E+00
    1    5   -.228E-01   -.239E-01
    1    6   -.103E-03   -.116E-03
    1    7   -.122E+01   -.121E+01
    1    8   -.851E-02   -.895E-02
    1    9   -.937E-01   -.965E-01
    1   10   -.133E-02   -.132E-02
    1   11   -.548E-05   -.930E-05
    1   12   -.144E-02   -.155E-02
    1   13   -.230E-01   -.243E-01
    1   14   -.151E-01   -.159E-01
    2    1    .189E+00    .191E+00
    2    2   -.226E-02   -.161E-02
    2    3   -.130E+01   -.126E+01
    2    4   -.118E+00   -.115E+00
    2    5   -.119E+00   -.123E+00
    2    6   -.102E+00   -.104E+00
    2    7   -.146E-01   -.171E-01
    2    8   -.288E+00   -.289E+00
    2    9   -.982E+00   -.977E+00
    2   10   -.952E-04   -.818E-04
    2   11   -.185E-02   -.184E-02
    2   12   -.210E-02   -.202E-02
    2   13   -.462E-03   -.333E-03
    2   14   -.942E-03   -.111E-02
    3    1    .367E-01    .378E-01
    3    2    .993E-03    .878E-03
    3    3    .725E+00    .707E+00
    3    4    .754E-01    .000E+00
    3    5   -.219E+01   -.221E+01
    3    6   -.104E+00   -.903E-01
    3    7   -.113E-01   -.118E-01
    3    8   -.617E-01   -.547E-01
    3    9   -.557E-03   -.245E-03
    3   10   -.270E-01   -.255E-01
    3   11   -.196E-01   -.188E-01
    3   12   -.163E-01   -.160E-01
    3   13   -.151E-01   -.152E-01
    3   14   -.369E-07   -.117E-05
    4    1    .408E-01    .429E-01
    4    2    .906E-01    .944E-01
    4    3    .507E-02    .624E-02
    4    4    .388E+00    .247E+00
    4    5    .268E+00    .192E+00
    4    6   -.211E+00   -.168E+00
    4    7   -.781E+00   -.616E+00
    4    8   -.248E-02   -.507E-02
    4    9   -.313E-01   -.352E-01
    4   10   -.242E-04   -.146E-03
    4   11   -.204E-02   -.239E-02
    4   12   -.109E-01   -.105E-01
    4   13   -.106E+00   -.933E-01
    4   14   -.599E-01   -.504E-01
    5    1    .326E-01    .341E-01
    5    2    .940E-02    .960E-02
    5    3    .156E+00    .156E+00
    5    4    .718E-01    .578E-01
    5    5    .105E+01    .106E+01
    5    6   -.261E+01   -.255E+01
    5    7   -.420E-01   -.288E-01
    5    8   -.142E+00   -.140E+00
    5    9   -.736E-02   -.330E-02
    5   10   -.426E-01   -.452E-01
    5   11   -.261E-01   -.270E-01
    5   12   -.167E-01   -.171E-01
    5   13   -.494E-02   -.520E-02
    5   14   -.315E-02   -.306E-02
    6    1    .114E-01    .120E-01
    6    2    .115E-02    .116E-02
    6    3    .622E-01    .618E-01
    6    4    .751E-02    .668E-02
    6    5    .183E+00    .179E+00
    6    6    .166E+01    .161E+01
    6    7    .765E-03    .226E-03
    6    8   -.274E+01    .000E+00
    6    9   -.728E+00   -.641E+00
    6   10   -.656E-01   -.725E-01
    6   11   -.476E-01   -.500E-01
    6   12   -.359E-01   -.367E-01
    6   13   -.339E-01   -.329E-01
    6   14   -.902E-04   -.294E-04
    7    1    .691E-02    .725E-02
    7    2    .651E-03    .662E-03
    7    3    .357E-01    .353E-01
    7    4    .234E-02    .212E-02
    7    5    .686E-01    .662E-01
    7    6    .261E+00    .248E+00
    7    7    .181E-08    .237E-04
    7    8    .167E+01    .167E+01
    7    9    .640E+00    .553E+00
    7   10   -.423E+01    .000E+00
    7   11   -.846E-01   -.890E-01
    7   12   -.674E-01   -.688E-01
    7   13   -.763E-01   -.747E-01
    7   14   -.221E-02   -.178E-02
    8    1    .485E-02    .510E-02
    8    2    .509E-03    .523E-03
    8    3    .244E-01    .241E-01
    8    4    .833E-03    .759E-03
    8    5    .347E-01    .333E-01
    8    6    .961E-01    .906E-01
    8    7    .149E-04    .722E-06
    8    8    .270E+00    .271E+00
    8    9    .490E-01    .348E-01
    8   10    .277E+01    .271E+01
    8   11   -.470E+01    .000E+00
    8   12   -.144E+00   -.147E+00
    8   13   -.197E+00   -.195E+00
    8   14   -.135E-01   -.124E-01
    9    1    .379E-02    .400E-02
    9    2    .476E-03    .493E-03
    9    3    .188E-01    .185E-01
    9    4    .255E-03    .231E-03
    9    5    .206E-01    .197E-01
    9    6    .478E-01    .450E-01
    9    7    .104E-03    .619E-04
    9    8    .978E-01    .993E-01
    9    9    .194E-01    .120E-01
    9   10    .416E+00    .402E+00
    9   11    .313E+01    .310E+01
    9   12   -.464E+01    .000E+00
    9   13   -.854E+00   -.850E+00
    9   14   -.104E+00   -.101E+00
   10    1    .325E-02    .344E-02
   10    2    .508E-03    .530E-03
   10    3    .159E-01    .156E-01
   10    4    .348E-04    .286E-04
   10    5    .136E-01    .130E-01
   10    6    .278E-01    .261E-01
   10    7    .322E-03    .252E-03
   10    8    .472E-01    .487E-01
   10    9    .122E-01    .688E-02
   10   10    .154E+00    .147E+00
   10   11    .479E+00    .470E+00
   10   12    .318E+01    .000E+00
   10   13    .892E-01    .000E+00
   10   14   -.586E+01    .000E+00
  2  1  0    2  1  1       154
    1    1    .244E+01    .250E+01
    1    2   -.110E+01   -.113E+01
    1    3   -.216E-02   -.148E-02
    1    4   -.522E-01   -.616E-01
    1    5   -.621E-02   -.706E-02
    1    6   -.258E-02   -.276E-02
    1    7   -.377E+00   -.364E+00
    1    8   -.359E-01   -.380E-01
    1    9   -.357E+00   -.374E+00
    1   10   -.113E-01   -.117E-01
    1   11   -.414E-02   -.429E-02
    1   12   -.366E-02   -.386E-02
    1   13   -.694E-02   -.769E-02
    1   14   -.821E-03   -.101E-02
    2    1    .312E+00    .330E+00
    2    2    .569E-02    .204E-02
    2    3    .703E-01    .713E-01
    2    4    .585E+00    .368E+00
    2    5   -.124E-01    .000E+00
    2    6   -.144E-01   -.155E-01
    2    7   -.813E+00   -.608E+00
    2    8   -.184E-02   -.129E-02
    2    9   -.177E-01   -.278E-01
    2   10   -.123E-01   -.138E-01
    2   11   -.162E-01   -.166E-01
    2   12   -.433E-01   -.420E-01
    2   13   -.316E+00   -.295E+00
    2   14   -.158E+00   -.145E+00
    3    1    .510E-01    .549E-01
    3    2    .390E-02    .444E-02
    3    3    .174E+00    .177E+00
    3    4    .563E+00    .584E+00
    3    5    .119E+00    .121E+00
    3    6    .370E-01    .349E-01
    3    7    .182E+00    .157E+00
    3    8    .729E-01    .584E-01
    3    9    .143E+00    .909E-01
    3   10    .684E-02    .794E-02
    3   11    .213E-01    .198E-01
    3   12    .661E-01    .537E-01
    3   13    .472E+00    .329E+00
    3   14    .229E+00    .140E+00
    4    1    .118E+00    .113E+00
    4    2    .101E+00    .119E+00
    4    3    .112E+01    .112E+01
    4    4    .103E+00    .105E+00
    4    5    .762E-02    .936E-02
    4    6    .665E-03    .142E-03
    4    7    .150E-02    .138E-02
    4    8    .967E-01    .692E-01
    4    9    .997E+00    .768E+00
    4   10    .350E-01    .303E-01
    4   11    .168E-01    .156E-01
    4   12    .270E-01    .252E-01
    4   13    .147E+00    .130E+00
    4   14    .641E-01    .537E-01
    5    1    .492E-01    .493E-01
    5    2    .125E+00    .134E+00
    5    3    .643E-03    .826E-03
    5    4    .602E+00    .613E+00
    5    5    .557E-01    .574E-01
    5    6    .401E-02    .412E-02
    5    7    .154E-01    .139E-01
    5    8    .243E-02    .224E-02
    5    9    .858E-02    .700E-02
    5   10    .731E-03    .621E-03
    5   11    .393E-02    .377E-02
    5   12    .286E-01    .283E-01
    5   13    .378E+00    .377E+00
    5   14    .251E+00    .251E+00
    6    1    .734E-03    .422E-03
    6    2    .356E+00    .370E+00
    6    3    .153E-01    .160E-01
    6    4    .855E+00    .854E+00
    6    5    .196E-01    .193E-01
    6    6    .471E-03    .458E-03
    6    7    .176E-05    .826E-04
    6    8    .109E-01    .107E-01
    6    9    .119E+00    .117E+00
    6   10    .537E-02    .515E-02
    6   11    .338E-02    .307E-02
    6   12    .614E-02    .516E-02
    6   13    .334E-01    .256E-01
    6   14    .140E-01    .999E-02
    7    1    .155E-01    .167E-01
    7    2    .375E-01    .378E-01
    7    3    .436E-02    .433E-02
    7    4    .403E-01    .387E-01
    7    5    .340E-02    .376E-02
    7    6    .396E-03    .432E-03
    7    7    .299E-02    .215E-02
    7    8    .251E-02    .257E-02
    7    9    .375E-01    .390E-01
    7   10    .110E-02    .113E-02
    7   11    .102E-04    .662E-05
    7   12    .140E-02    .162E-02
    7   13    .360E-01    .405E-01
    7   14    .286E-01    .320E-01
    8    1    .124E-01    .131E-01
    8    2    .156E-02    .145E-02
    8    3    .999E-03    .950E-03
    8    4    .143E-03    .802E-04
    8    5    .849E-02    .893E-02
    8    6    .411E-03    .439E-03
    8    7    .117E-02    .813E-03
    8    8    .699E-03    .740E-03
    8    9    .118E-01    .127E-01
    8   10    .238E-03    .265E-03
    8   11    .469E-04    .455E-04
    8   12    .179E-02    .188E-02
    8   13    .321E-01    .339E-01
    8   14    .231E-01    .244E-01
    9    1    .814E-02    .854E-02
    9    2    .140E-03    .182E-03
    9    3    .359E-03    .329E-03
    9    4    .292E-03    .360E-03
    9    5    .107E-01    .111E-01
    9    6    .294E-03    .310E-03
    9    7    .192E-03    .852E-04
    9    8    .407E-03    .441E-03
    9    9    .691E-02    .757E-02
    9   10    .123E-03    .141E-03
    9   11    .436E-04    .405E-04
    9   12    .124E-02    .126E-02
    9   13    .209E-01    .217E-01
    9   14    .148E-01    .154E-01
   10    1    .529E-02    .556E-02
   10    2    .237E-02    .253E-02
   10    3    .129E-03    .113E-03
   10    4    .318E-03    .353E-03
   10    5    .146E-01    .150E-01
   10    6    .208E-03    .215E-03
   10    7    .572E-04    .145E-03
   10    8    .343E-03    .378E-03
   10    9    .567E-02    .626E-02
   10   10    .106E-03    .122E-03
   10   11    .227E-04    .201E-04
   10   12    .792E-03    .800E-03
   10   13    .137E-01    .140E-01
   10   14    .974E-02    .100E-01
   11    1    .330E-02    .349E-02
   11    2    .100E-01    .104E-01
   11    3    .183E-04    .130E-04
   11    4    .492E-04    .466E-04
   11    5    .248E-01    .252E-01
   11    6    .144E-03    .146E-03
   11    7    .163E-02    .208E-02
   11    8    .396E-03    .444E-03
   11    9    .632E-02    .699E-02
   11   10    .143E-03    .161E-03
   11   11    .348E-05    .245E-05
   11   12    .455E-03    .453E-03
   11   13    .883E-02    .895E-02
   11   14    .648E-02    .660E-02
  2  2  0    2  1  1       140
    1    1    .737E+00    .717E+00
    1    2   -.127E+01   -.134E+01
    1    3   -.418E-01   -.502E-01
    1    4   -.415E+00   -.422E+00
    1    5   -.578E-02   -.465E-02
    1    6   -.531E-02   -.608E-02
    1    7   -.297E-01   -.275E-01
    1    8   -.432E-01   -.435E-01
    1    9   -.214E+00   -.204E+00
    1   10   -.354E-03   -.200E-03
    1   11   -.766E-03   -.968E-03
    1   12   -.509E-02   -.552E-02
    1   13   -.489E-01   -.501E-01
    1   14   -.269E-01   -.268E-01
    2    1    .264E+01    .261E+01
    2    2    .127E-01    .198E-01
    2    3    .232E+01    .231E+01
    2    4   -.262E+00   -.289E+00
    2    5   -.495E+00   -.485E+00
    2    6   -.102E+00   -.102E+00
    2    7   -.131E-03   -.377E-04
    2    8   -.295E-01   -.281E-01
    2    9   -.128E-01   -.163E-01
    2   10   -.252E-01   -.259E-01
    2   11   -.154E-01   -.156E-01
    2   12   -.106E-01   -.107E-01
    2   13   -.365E-02   -.381E-02
    2   14   -.184E-02   -.176E-02
    3    1    .116E+01    .115E+01
    3    2    .378E-01    .333E-01
    3    3    .143E+01    .142E+01
    3    4    .822E-01    .783E-01
    3    5    .274E+01    .263E+01
    3    6   -.917E+00   -.833E+00
    3    7   -.233E-01   -.129E-01
    3    8   -.108E+00   -.946E-01
    3    9   -.155E-01   -.154E-01
    3   10   -.413E-01   -.373E-01
    3   11   -.137E-01   -.126E-01
    3   12   -.887E-03   -.831E-03
    3   13   -.534E-01   -.501E-01
    3   14   -.781E-01   -.736E-01
    4    1    .957E-01    .940E-01
    4    2    .997E-01    .974E-01
    4    3    .189E-02    .248E-02
    4    4    .294E+01    .309E+01
    4    5    .405E+00    .359E+00
    4    6   -.515E+00   -.478E+00
    4    7   -.124E+00   -.680E-01
    4    8   -.135E+00   -.128E+00
    4    9   -.546E-02   -.747E-02
    4   10   -.514E-01   -.475E-01
    4   11   -.553E-01   -.531E-01
    4   12   -.109E+00   -.107E+00
    4   13   -.608E+00   -.609E+00
    4   14   -.261E+00   -.264E+00
    5    1    .289E+00    .287E+00
    5    2    .382E-03    .208E-03
    5    3    .415E+00    .413E+00
    5    4    .288E-01    .336E-01
    5    5    .107E+01    .108E+01
    5    6    .530E+01    .533E+01
    5    7   -.925E-03    .000E+00
    5    8   -.223E+01   -.224E+01
    5    9   -.348E-01   -.361E-01
    5   10   -.331E+00   -.332E+00
    5   11   -.131E+00   -.132E+00
    5   12   -.727E-01   -.732E-01
    5   13   -.327E-01   -.333E-01
    5   14   -.411E-02   -.397E-02
    6    1    .162E+00    .160E+00
    6    2    .371E-03    .245E-03
    6    3    .208E+00    .208E+00
    6    4    .330E-02    .460E-02
    6    5    .419E+00    .416E+00
    6    6    .732E+00    .705E+00
    6    7    .522E-02    .529E-02
    6    8    .663E+01    .000E+00
    6    9   -.243E+00    .000E+00
    6   10   -.280E+01   -.283E+01
    6   11   -.476E+00   -.482E+00
    6   12   -.183E+00   -.185E+00
    6   13   -.487E-01   -.486E-01
    6   14   -.200E-01   -.204E-01
    7    1    .993E-01    .984E-01
    7    2    .259E-03    .179E-03
    7    3    .120E+00    .120E+00
    7    4    .840E-03    .136E-02
    7    5    .212E+00    .210E+00
    7    6    .321E+00    .306E+00
    7    7    .162E-02    .159E-02
    7    8    .361E+00    .347E+00
    7    9    .749E+00    .734E+00
    7   10    .738E+01    .000E+00
    7   11   -.388E+01   -.391E+01
    7   12   -.627E+00   -.632E+00
    7   13   -.105E+00   -.105E+00
    7   14   -.630E-01   -.644E-01
    8    1    .659E-01    .653E-01
    8    2    .181E-03    .128E-03
    8    3    .768E-01    .769E-01
    8    4    .370E-03    .652E-03
    8    5    .125E+00    .123E+00
    8    6    .172E+00    .163E+00
    8    7    .984E-03    .943E-03
    8    8    .187E+00    .180E+00
    8    9    .168E+00    .164E+00
    8   10    .678E+00    .662E+00
    8   11    .917E+01    .000E+00
    8   12   -.516E+01   -.518E+01
    8   13   -.358E+00   -.356E+00
    8   14   -.219E+00   -.222E+00
    9    1    .468E-01    .463E-01
    9    2    .135E-03    .965E-04
    9    3    .538E-01    .539E-01
    9    4    .279E-03    .477E-03
    9    5    .812E-01    .800E-01
    9    6    .105E+00    .990E-01
    9    7    .777E-03    .734E-03
    9    8    .107E+00    .103E+00
    9    9    .714E-01    .691E-01
    9   10    .299E+00    .292E+00
    9   11    .505E+00    .497E+00
    9   12    .111E+02    .000E+00
    9   13   -.528E+01    .000E+00
    9   14   -.130E+01    .000E+00
   10    1    .357E-01    .354E-01
   10    2    .115E-03    .855E-04
   10    3    .430E-01    .431E-01
   10    4    .419E-03    .609E-03
   10    5    .572E-01    .563E-01
   10    6    .696E-01    .657E-01
   10    7    .763E-03    .717E-03
   10    8    .667E-01    .638E-01
   10    9    .420E-01    .408E-01
   10   10    .164E+00    .160E+00
   10   11    .244E+00    .240E+00
   10   12    .253E+00    .251E+00
   10   13    .839E+01    .000E+00
   10   14    .116E+01    .000E+00
  4  0  0    4  1  1       136
    1    1    .961E+00    .603E+00
    1    2   -.201E+01   -.166E+01
    1    3   -.213E+00   -.183E+00
    1    4   -.749E+00   -.761E+00
    1    5   -.255E-01   -.211E-01
    1    6   -.310E+00   -.311E+00
    1    7   -.455E-04   -.340E-03
    1    8   -.231E+00   -.232E+00
    1    9   -.739E+00   -.770E+00
    1   10   -.155E+00   -.154E+00
    1   11   -.568E-01   -.552E-01
    1   12   -.243E-01   -.230E-01
    1   13   -.424E-01   -.411E-01
    1   14   -.114E-01   -.106E-01
    1   15   -.298E-01   -.288E-01
    1   16   -.678E-02   -.625E-02
    1   17   -.215E-01   -.207E-01
    2    1    .646E-01    .823E-01
    2    2    .609E+00    .546E+00
    2    3    .120E+01    .896E+00
    2    4   -.314E+01   -.297E+01
    2    5   -.462E+00   -.388E+00
    2    6   -.582E+00   -.537E+00
    2    7   -.723E-01   -.603E-01
    2    8   -.242E+00   -.222E+00
    2    9   -.328E-02   -.344E-02
    2   10   -.277E-01   -.231E-01
    2   11   -.123E+00   -.114E+00
    2   12   -.143E-01   -.123E-01
    2   13   -.728E-01   -.685E-01
    2   14   -.828E-02   -.729E-02
    2   15   -.472E-01   -.447E-01
    2   16   -.529E-02   -.472E-02
    2   17   -.325E-01   -.310E-01
    3    1    .281E-01    .339E-01
    3    2    .858E-01    .777E-01
    3    3    .569E-01    .716E-01
    3    4    .118E+01    .113E+01
    3    5    .149E+01    .132E+01
    3    6   -.414E+01   -.389E+01
    3    7   -.681E+00   -.653E+00
    3    8   -.506E+00   -.529E+00
    3    9   -.631E-02   -.650E-02
    3   10   -.111E+00   -.105E+00
    3   11   -.211E+00   -.219E+00
    3   12   -.436E-01   -.407E-01
    3   13   -.113E+00   -.117E+00
    3   14   -.220E-01   -.204E-01
    3   15   -.686E-01   -.705E-01
    3   16   -.130E-01   -.120E-01
    3   17   -.452E-01   -.463E-01
    4    1    .144E-01    .170E-01
    4    2    .298E-01    .271E-01
    4    3    .263E-01    .310E-01
    4    4    .177E+00    .164E+00
    4    5    .543E-01    .619E-01
    4    6    .173E+01    .165E+01
    4    7    .177E+01    .164E+01
    4    8   -.519E+01   -.489E+01
    4    9   -.218E-01   -.222E-01
    4   10   -.871E+00   -.844E+00
    4   11   -.447E+00   -.472E+00
    4   12   -.153E+00   -.146E+00
    4   13   -.200E+00   -.209E+00
    4   14   -.573E-01   -.540E-01
    4   15   -.108E+00   -.112E+00
    4   16   -.290E-01   -.271E-01
    4   17   -.661E-01   -.684E-01
    5    1    .844E-02    .981E-02
    5    2    .144E-01    .131E-01
    5    3    .140E-01    .162E-01
    5    4    .635E-01    .580E-01
    5    5    .264E-01    .289E-01
    5    6    .271E+00    .250E+00
    5    7    .410E-01    .471E-01
    5    8    .238E+01    .229E+01
    5    9    .127E+00    .123E+00
    5   10    .178E+01    .167E+01
    5   11   -.603E+01   -.578E+01
    5   12   -.119E+01   -.116E+01
    5   13   -.433E+00   -.453E+00
    5   14   -.190E+00   -.182E+00
    5   15   -.193E+00   -.201E+00
    5   16   -.708E-01   -.672E-01
    5   17   -.105E+00   -.109E+00
    6    1    .540E-02    .622E-02
    6    2    .826E-02    .747E-02
    6    3    .843E-02    .962E-02
    6    4    .311E-01    .283E-01
    6    5    .144E-01    .156E-01
    6    6    .988E-01    .893E-01
    6    7    .220E-01    .246E-01
    6    8    .379E+00    .359E+00
    6    9    .536E-02    .492E-02
    6   10    .103E+00    .111E+00
    6   11    .282E+01    .275E+01
    6   12    .231E+01    .219E+01
    6   13   -.704E+01   -.683E+01
    6   14   -.144E+01   -.141E+01
    6   15   -.423E+00   -.439E+00
    6   16   -.227E+00   -.219E+00
    6   17   -.190E+00   -.196E+00
    7    1    .367E-02    .421E-02
    7    2    .523E-02    .473E-02
    7    3    .550E-02    .624E-02
    7    4    .180E-01    .163E-01
    7    5    .886E-02    .950E-02
    7    6    .491E-01    .438E-01
    7    7    .125E-01    .139E-01
    7    8    .140E+00    .130E+00
    7    9    .124E-02    .109E-02
    7   10    .433E-01    .466E-01
    7   11    .449E+00    .432E+00
    7   12    .694E-01    .766E-01
    7   13    .345E+01    .339E+01
    7   14    .260E+01    .249E+01
    7   15   -.802E+01   -.785E+01
    7   16   -.169E+01   -.165E+01
    7   17   -.419E+00   -.431E+00
    8    1    .261E-02    .298E-02
    8    2    .354E-02    .320E-02
    8    3    .381E-02    .430E-02
    8    4    .115E-01    .104E-01
    8    5    .588E-02    .627E-02
    8    6    .287E-01    .254E-01
    8    7    .785E-02    .871E-02
    8    8    .698E-01    .647E-01
    8    9    .482E-03    .408E-03
    8   10    .228E-01    .245E-01
    8   11    .165E+00    .158E+00
    8   12    .334E-01    .366E-01
    8   13    .552E+00    .538E+00
    8   14    .646E-01    .711E-01
    8   15    .406E+01    .401E+01
    8   16    .288E+01    .278E+01
    8   17   -.897E+01   -.882E+01
  4  1  0    4  1  1       170
    1    1   -.149E+01   -.151E+01
    1    2   -.233E+01   -.237E+01
    1    3   -.244E+00   -.254E+00
    1    4   -.713E+00   -.725E+00
    1    5   -.960E-01   -.101E+00
    1    6   -.320E+00   -.326E+00
    1    7   -.648E-01   -.691E-01
    1    8   -.195E+00   -.200E+00
    1    9   -.114E+00   -.129E+00
    1   10   -.886E-03   -.701E-03
    1   11   -.881E-01   -.891E-01
    1   12   -.816E-02   -.838E-02
    1   13   -.601E-01   -.609E-01
    1   14   -.672E-02   -.697E-02
    1   15   -.417E-01   -.423E-01
    1   16   -.510E-02   -.531E-02
    1   17   -.301E-01   -.305E-01
    2    1    .370E+01    .308E+01
    2    2   -.831E+00   -.400E+00
    2    3   -.228E+01   -.220E+01
    2    4   -.705E+00   -.780E+00
    2    5   -.357E+00   -.349E+00
    2    6   -.268E+00   -.290E+00
    2    7   -.187E+00   -.184E+00
    2    8   -.178E+00   -.189E+00
    2    9   -.487E+00   -.493E+00
    2   10   -.836E-04   -.214E-03
    2   11   -.513E-01   -.550E-01
    2   12   -.125E-01   -.118E-01
    2   13   -.362E-01   -.386E-01
    2   14   -.106E-01   -.101E-01
    2   15   -.250E-01   -.265E-01
    2   16   -.794E-02   -.756E-02
    2   17   -.178E-01   -.188E-01
    3    1    .169E+00    .198E+00
    3    2    .958E-01    .579E-01
    3    3    .551E+01    .489E+01
    3    4   -.129E+01   -.940E+00
    3    5   -.339E+01   -.315E+01
    3    6   -.533E+00   -.563E+00
    3    7   -.487E+00   -.456E+00
    3    8   -.197E+00   -.207E+00
    3    9   -.274E-03   -.518E-03
    3   10   -.167E+00   -.157E+00
    3   11   -.106E+00   -.111E+00
    3   12   -.910E-01   -.879E-01
    3   13   -.613E-01   -.645E-01
    3   14   -.533E-01   -.523E-01
    3   15   -.392E-01   -.415E-01
    3   16   -.343E-01   -.341E-01
    3   17   -.268E-01   -.285E-01
    4    1    .280E+01    .282E+01
    4    2    .129E-01    .220E-01
    4    3    .313E-02    .432E-03
    4    4    .512E-02    .111E-02
    4    5    .310E-01    .000E+00
    4    6   -.634E-01   -.415E-01
    4    7   -.246E-02   -.381E-03
    4    8   -.303E-01   -.157E-01
    4    9   -.222E+01   -.148E+01
    4   10   -.342E+00   -.262E+00
    4   11   -.717E-02   -.684E-02
    4   12   -.390E-01   -.345E-01
    4   13   -.170E-02   -.191E-02
    4   14   -.155E-01   -.146E-01
    4   15   -.796E-03   -.965E-03
    4   16   -.844E-02   -.815E-02
    4   17   -.465E-03   -.585E-03
    5    1    .473E-02    .760E-02
    5    2    .142E-01    .851E-02
    5    3    .102E+00    .121E+00
    5    4    .291E+00    .243E+00
    5    5    .700E+01    .667E+01
    5    6   -.159E+01   -.127E+01
    5    7   -.474E+01   -.462E+01
    5    8   -.497E+00   -.538E+00
    5    9   -.126E+00   -.992E-01
    5   10   -.457E+00   -.456E+00
    5   11   -.181E+00   -.198E+00
    5   12   -.214E+00   -.209E+00
    5   13   -.937E-01   -.102E+00
    5   14   -.109E+00   -.106E+00
    5   15   -.558E-01   -.605E-01
    5   16   -.642E-01   -.620E-01
    5   17   -.364E-01   -.394E-01
    6    1    .265E-01    .307E-01
    6    2    .274E-02    .113E-02
    6    3    .621E-01    .671E-01
    6    4    .456E-01    .344E-01
    6    5    .792E-01    .825E-01
    6    6    .540E+00    .470E+00
    6    7    .877E+01    .856E+01
    6    8   -.175E+01   -.146E+01
    6    9   -.191E+01   -.183E+01
    6   10   -.419E+01   -.416E+01
    6   11   -.428E+00   -.473E+00
    6   12   -.790E+00   -.775E+00
    6   13   -.173E+00   -.189E+00
    6   14   -.293E+00   -.285E+00
    6   15   -.901E-01   -.982E-01
    6   16   -.147E+00   -.142E+00
    6   17   -.542E-01   -.589E-01
    7    1    .181E-01    .206E-01
    7    2    .587E-03    .110E-03
    7    3    .363E-01    .381E-01
    7    4    .160E-01    .114E-01
    7    5    .519E-01    .518E-01
    7    6    .862E-01    .696E-01
    7    7    .496E-01    .542E-01
    7    8    .646E+00    .585E+00
    7    9    .217E+01    .208E+01
    7   10    .787E+01    .773E+01
    7   11   -.260E+01   -.230E+01
    7   12   -.630E+01   -.623E+01
    7   13   -.402E+00   -.438E+00
    7   14   -.962E+00   -.945E+00
    7   15   -.164E+00   -.178E+00
    7   16   -.353E+00   -.345E+00
    7   17   -.864E-01   -.934E-01
    8    1    .123E-01    .138E-01
    8    2    .414E-04    .195E-04
    8    3    .229E-01    .237E-01
    8    4    .769E-02    .526E-02
    8    5    .312E-01    .306E-01
    8    6    .310E-01    .239E-01
    8    7    .387E-01    .410E-01
    8    8    .104E+00    .896E-01
    8    9    .163E+00    .149E+00
    8   10    .219E+00    .224E+00
    8   11    .123E+01    .115E+01
    8   12    .110E+02    .108E+02
    8   13   -.317E+01    .000E+00
    8   14   -.748E+01   -.741E+01
    8   15   -.384E+00   -.413E+00
    8   16   -.112E+01   -.111E+01
    8   17   -.158E+00   -.170E+00
    9    1    .865E-02    .966E-02
    9    2    .565E-04    .275E-03
    9    3    .153E-01    .158E-01
    9    4    .434E-02    .288E-02
    9    5    .200E-01    .195E-01
    9    6    .151E-01    .113E-01
    9    7    .242E-01    .254E-01
    9    8    .370E-01    .311E-01
    9    9    .562E-01    .491E-01
    9   10    .110E+00    .111E+00
    9   11    .201E+00    .183E+00
    9   12    .128E+00    .136E+00
    9   13    .148E+01    .141E+01
    9   14    .123E+02    .000E+00
    9   15   -.359E+01    .000E+00
    9   16   -.857E+01   -.850E+01
    9   17   -.370E+00   -.393E+00
   10    1    .633E-02    .701E-02
   10    2    .423E-03    .813E-03
   10    3    .108E-01    .111E-01
   10    4    .270E-02    .175E-02
   10    5    .136E-01    .133E-01
   10    6    .867E-02    .635E-02
   10    7    .157E-01    .165E-01
   10    8    .177E-01    .146E-01
   10    9    .325E-01    .274E-01
   10   10    .650E-01    .650E-01
   10   11    .747E-01    .669E-01
   10   12    .781E-01    .813E-01
   10   13    .242E+00    .226E+00
   10   14    .123E+00    .129E+00
   10   15    .177E+01    .171E+01
   10   16    .137E+02    .000E+00
   10   17   -.401E+01    .000E+00
  4  2  0    4  1  1       255
    1    1    .411E+01    .443E+01
    1    2   -.339E+00   -.244E+00
    1    3   -.195E+01   -.192E+01
    1    4   -.115E-01   -.120E-01
    1    5   -.410E+00   -.400E+00
    1    6   -.310E-02   -.291E-02
    1    7   -.254E+00   -.248E+00
    1    8   -.292E-02   -.332E-02
    1    9   -.102E+01   -.104E+01
    1   10   -.503E-02   -.636E-02
    1   11   -.791E-02   -.752E-02
    1   12   -.124E-01   -.111E-01
    1   13   -.298E-02   -.274E-02
    1   14   -.120E-01   -.109E-01
    1   15   -.173E-02   -.155E-02
    1   16   -.944E-02   -.859E-02
    1   17   -.114E-02   -.102E-02
    2    1    .651E+00    .640E+00
    2    2    .215E+00    .198E+00
    2    3    .615E+01    .631E+01
    2    4   -.485E+00   -.404E+00
    2    5   -.319E+01   -.304E+01
    2    6   -.107E-01   -.940E-02
    2    7   -.540E+00   -.518E+00
    2    8   -.714E-02   -.600E-02
    2    9   -.266E-02   -.280E-02
    2   10   -.205E+00   -.201E+00
    2   11   -.252E-02   -.208E-02
    2   12   -.112E+00   -.112E+00
    2   13   -.167E-02   -.141E-02
    2   14   -.666E-01   -.674E-01
    2   15   -.112E-02   -.962E-03
    2   16   -.433E-01   -.444E-01
    2   17   -.788E-03   -.683E-03
    3    1    .300E-01    .289E-01
    3    2    .105E+02    .995E+01
    3    3    .172E+00    .160E+00
    3    4    .151E+01    .130E+01
    3    5   -.539E-01   -.551E-01
    3    6   -.319E+00   -.260E+00
    3    7   -.613E-02   -.648E-02
    3    8   -.595E-01   -.468E-01
    3    9   -.149E-01   -.194E-01
    3   10   -.232E-03   -.409E-03
    3   11   -.168E-01   -.127E-01
    3   12   -.918E-04   -.642E-04
    3   13   -.841E-02   -.661E-02
    3   14   -.885E-04   -.708E-04
    3   15   -.481E-02   -.394E-02
    3   16   -.661E-04   -.546E-04
    3   17   -.304E-02   -.257E-02
    4    1    .245E+00    .246E+00
    4    2    .160E-01    .145E-01
    4    3    .566E+00    .532E+00
    4    4    .485E+00    .456E+00
    4    5    .793E+01    .851E+01
    4    6   -.674E+00   -.588E+00
    4    7   -.451E+01   -.460E+01
    4    8   -.119E-01   -.157E-01
    4    9   -.448E-01   -.451E-01
    4   10   -.665E+00   -.680E+00
    4   11   -.513E-02   -.643E-02
    4   12   -.288E+00   -.293E+00
    4   13   -.308E-02   -.373E-02
    4   14   -.148E+00   -.150E+00
    4   15   -.195E-02   -.232E-02
    4   16   -.881E-01   -.891E-01
    4   17   -.132E-02   -.154E-02
    5    1    .127E-01    .123E-01
    5    2    .172E+01    .161E+01
    5    3    .132E-02    .175E-02
    5    4    .859E+01    .834E+01
    5    5    .317E+00    .302E+00
    5    6    .221E+01    .000E+00
    5    7   -.174E+00   -.165E+00
    5    8   -.733E+00   -.791E+00
    5    9   -.877E-02   -.120E-01
    5   10   -.192E-02   -.962E-03
    5   11   -.122E+00   -.133E+00
    5   12   -.162E-02   -.118E-02
    5   13   -.448E-01   -.490E-01
    5   14   -.799E-03   -.597E-03
    5   15   -.220E-01   -.239E-01
    5   16   -.452E-03   -.342E-03
    5   17   -.127E-01   -.136E-01
    6    1    .121E+00    .122E+00
    6    2    .137E-02    .107E-02
    6    3    .225E+00    .209E+00
    6    4    .605E-01    .555E-01
    6    5    .546E+00    .489E+00
    6    6    .707E+00    .677E+00
    6    7    .978E+01    .103E+02
    6    8   -.113E+01   -.104E+01
    6    9   -.125E+01   -.124E+01
    6   10   -.448E+01   -.457E+01
    6   11   -.751E-02   -.984E-02
    6   12   -.945E+00   -.961E+00
    6   13   -.487E-02   -.595E-02
    6   14   -.365E+00   -.370E+00
    6   15   -.289E-02   -.346E-02
    6   16   -.187E+00   -.189E+00
    6   17   -.184E-02   -.218E-02
    7    1    .636E-02    .623E-02
    7    2    .530E+00    .486E+00
    7    3    .279E-02    .300E-02
    7    4    .208E+01    .199E+01
    7    5    .174E-02    .128E-02
    7    6    .773E+01    .743E+01
    7    7    .509E+00    .497E+00
    7    8    .283E+01    .000E+00
    7    9   -.256E+00   -.288E+00
    7   10   -.127E+00   -.114E+00
    7   11   -.112E+01   -.117E+01
    7   12   -.134E-01   -.120E-01
    7   13   -.207E+00   -.218E+00
    7   14   -.411E-02   -.362E-02
    7   15   -.765E-01   -.807E-01
    7   16   -.187E-02   -.164E-02
    7   17   -.378E-01   -.397E-01
    8    1    .696E-01    .699E-01
    8    2    .744E-04    .156E-03
    8    3    .113E+00    .104E+00
    8    4    .215E-01    .195E-01
    8    5    .225E+00    .199E+00
    8    6    .107E+00    .100E+00
    8    7    .466E+00    .431E+00
    8    8    .125E+01    .121E+01
    8    9    .212E+01    .211E+01
    8   10    .835E+01    .876E+01
    8   11   -.116E+01   -.109E+01
    8   12   -.650E+01   -.657E+01
    8   13   -.584E-02   -.762E-02
    8   14   -.115E+01   -.116E+01
    8   15   -.419E-02   -.510E-02
    8   16   -.439E+00   -.443E+00
    8   17   -.256E-02   -.306E-02
    9    1    .368E-02    .369E-02
    9    2    .194E+00    .173E+00
    9    3    .265E-02    .273E-02
    9    4    .838E+00    .795E+00
    9    5    .411E-04    .942E-04
    9    6    .211E+01    .200E+01
    9    7    .626E-02    .578E-02
    9    8    .736E+01    .716E+01
    9    9    .466E+00    .483E+00
    9   10    .413E+00    .392E+00
    9   11    .277E+01    .000E+00
    9   12   -.359E+00   -.348E+00
    9   13   -.148E+01   -.152E+01
    9   14   -.260E-01   -.247E-01
    9   15   -.284E+00   -.292E+00
    9   16   -.787E-02   -.736E-02
    9   17   -.106E+00   -.109E+00
   10    1    .440E-01    .441E-01
   10    2    .215E-02    .252E-02
   10    3    .646E-01    .593E-01
   10    4    .111E-01    .101E-01
   10    5    .115E+00    .101E+00
   10    6    .440E-01    .404E-01
   10    7    .198E+00    .183E+00
   10    8    .211E+00    .201E+00
   10    9    .137E+00    .134E+00
   10   10    .111E+01    .106E+01
   10   11    .134E+01    .131E+01
   10   12    .115E+02    .000E+00
   10   13   -.171E+01   -.164E+01
   10   14   -.760E+01   -.766E+01
   10   15   -.371E-02   -.495E-02
   10   16   -.133E+01   -.134E+01
   10   17   -.331E-02   -.403E-02
   11    1    .242E-02    .250E-02
   11    2    .651E-01    .552E-01
   11    3    .259E-02    .262E-02
   11    4    .420E+00    .396E+00
   11    5    .475E-03    .560E-03
   11    6    .909E+00    .854E+00
   11    7    .947E-05    .359E-05
   11    8    .212E+01    .204E+01
   11    9    .202E-01    .228E-01
   11   10    .144E-01    .126E-01
   11   11    .794E+01    .782E+01
   11   12    .926E+00    .910E+00
   11   13    .235E+01    .000E+00
   11   14   -.644E+00   -.634E+00
   11   15   -.171E+01   -.173E+01
   11   16   -.482E-01   -.467E-01
   11   17   -.338E+00   -.343E+00
   12    1    .298E-01    .296E-01
   12    2    .787E-02    .865E-02
   12    3    .397E-01    .363E-01
   12    4    .707E-02    .638E-02
   12    5    .668E-01    .586E-01
   12    6    .264E-01    .240E-01
   12    7    .998E-01    .922E-01
   12    8    .969E-01    .915E-01
   12    9    .717E-01    .695E-01
   12   10    .442E+00    .424E+00
   12   11    .234E+00    .226E+00
   12   12    .918E+00    .892E+00
   12   13    .224E+01    .220E+01
   12   14    .125E+02    .000E+00
   12   15   -.248E+01    .000E+00
   12   16   -.837E+01   -.842E+01
   12   17   -.126E-02   -.191E-02
   13    1    .181E-02    .195E-02
   13    2    .120E-01    .845E-02
   13    3    .287E-02    .289E-02
   13    4    .232E+00    .219E+00
   13    5    .106E-02    .111E-02
   13    6    .474E+00    .443E+00
   13    7    .864E-03    .861E-03
   13    8    .951E+00    .913E+00
   13    9    .177E-02    .116E-02
   13   10    .743E-02    .653E-02
   13   11    .219E+01    .215E+01
   13   12    .233E-01    .222E-01
   13   13    .856E+01    .849E+01
   13   14    .158E+01    .157E+01
   13   15    .115E+01    .000E+00
   13   16   -.117E+01   -.116E+01
   13   17   -.171E+01   -.172E+01
   14    1    .210E-01    .206E-01
   14    2    .223E-01    .239E-01
   14    3    .247E-01    .224E-01
   14    4    .505E-02    .454E-02
   14    5    .409E-01    .358E-01
   14    6    .199E-01    .180E-01
   14    7    .542E-01    .500E-01
   14    8    .673E-01    .633E-01
   14    9    .791E-01    .762E-01
   14   10    .259E+00    .248E+00
   14   11    .111E+00    .107E+00
   14   12    .382E+00    .371E+00
   14   13    .429E+00    .419E+00
   14   14    .103E+01    .101E+01
   14   15    .393E+01    .388E+01
   14   16    .124E+02    .000E+00
   14   17   -.399E+01    .000E+00
   15    1    .164E-02    .184E-02
   15    2    .711E-03    .178E-02
   15    3    .378E-02    .377E-02
   15    4    .130E+00    .122E+00
   15    5    .212E-02    .208E-02
   15    6    .263E+00    .246E+00
   15    7    .324E-02    .310E-02
   15    8    .505E+00    .484E+00
   15    9    .293E-01    .265E-01
   15   10    .730E-02    .660E-02
   15   11    .916E+00    .896E+00
   15   12    .391E-02    .362E-02
   15   13    .227E+01    .224E+01
   15   14    .329E-01    .319E-01
   15   15    .948E+01    .944E+01
   15   16    .293E+01    .291E+01
   15   17   -.434E+00    .000E+00
  2  1  0    2  2  1       121
    1    1   -.679E+00   -.632E+00
    1    2   -.781E+00   -.760E+00
    1    3   -.608E-02   -.538E-02
    1    4   -.284E+01   -.281E+01
    1    5   -.335E+00   -.329E+00
    1    6   -.118E+00   -.116E+00
    1    7   -.440E+00   -.459E+00
    1    8   -.294E-01   -.282E-01
    1    9   -.208E-01   -.199E-01
    1   10   -.150E-01   -.143E-01
    1   11   -.137E-01   -.130E-01
    2    1    .124E+00    .147E+00
    2    2   -.208E+01   -.206E+01
    2    3   -.659E+00   -.645E+00
    2    4   -.167E-02   -.528E-02
    2    5   -.269E+00   -.273E+00
    2    6   -.125E+00   -.125E+00
    2    7   -.168E+00   -.164E+00
    2    8   -.951E-01   -.943E-01
    2    9   -.552E-01   -.544E-01
    2   10   -.351E-01   -.344E-01
    2   11   -.223E-01   -.217E-01
    3    1    .915E-02    .102E-01
    3    2    .576E+00    .544E+00
    3    3   -.323E+01   -.331E+01
    3    4   -.402E-01   -.372E-01
    3    5   -.298E+00   -.274E+00
    3    6   -.187E+00   -.174E+00
    3    7   -.761E-03   -.128E-02
    3    8   -.115E+00   -.109E+00
    3    9   -.832E-01   -.796E-01
    3   10   -.681E-01   -.658E-01
    3   11   -.673E-01   -.658E-01
    4    1    .173E+00    .187E+00
    4    2    .788E-01    .936E-01
    4    3   -.138E+00   -.180E+00
    4    4   -.168E+01   -.156E+01
    4    5   -.258E-03   -.659E-04
    4    6   -.873E-02   -.765E-02
    4    7   -.935E+00   -.935E+00
    4    8   -.192E-02   -.221E-02
    4    9   -.120E-02   -.131E-02
    4   10   -.239E-02   -.237E-02
    4   11   -.549E-02   -.522E-02
    5    1    .122E+00    .124E+00
    5    2    .846E-01    .832E-01
    5    3    .128E+01    .126E+01
    5    4    .268E+00    .293E+00
    5    5   -.495E+01   -.488E+01
    5    6   -.600E-01   -.625E-01
    5    7   -.363E+00   -.359E+00
    5    8   -.424E-01   -.433E-01
    5    9   -.422E-01   -.425E-01
    5   10   -.394E-01   -.395E-01
    5   11   -.444E-01   -.443E-01
    6    1    .316E+00    .309E+00
    6    2    .857E-03    .107E-02
    6    3    .901E-03    .296E-03
    6    4    .324E-02    .152E-01
    6    5    .118E+01    .121E+01
    6    6   -.206E+01   -.207E+01
    6    7   -.670E+00   -.657E+00
    6    8   -.296E+00   -.296E+00
    6    9   -.710E-01   -.709E-01
    6   10   -.173E-01   -.171E-01
    6   11   -.412E-03   -.367E-03
    7    1    .406E-01    .379E-01
    7    2    .360E-01    .366E-01
    7    3    .112E+00    .113E+00
    7    4    .357E-02    .805E-02
    7    5    .104E+01    .985E+00
    7    6   -.302E+01   -.289E+01
    7    7   -.508E-02   -.520E-02
    7    8   -.853E+00   -.868E+00
    7    9   -.306E+00   -.310E+00
    7   10   -.144E+00   -.145E+00
    7   11   -.737E-01   -.734E-01
    8    1    .636E-02    .573E-02
    8    2    .267E-01    .270E-01
    8    3    .576E-01    .567E-01
    8    4    .335E-02    .493E-02
    8    5    .223E+00    .207E+00
    8    6    .209E+01    .204E+01
    8    7    .824E-01    .795E-01
    8    8   -.537E+01   -.526E+01
    8    9   -.513E+00   -.521E+00
    8   10   -.231E+00   -.233E+00
    8   11   -.128E+00   -.128E+00
    9    1    .326E-02    .298E-02
    9    2    .219E-01    .221E-01
    9    3    .315E-01    .306E-01
    9    4    .381E-02    .466E-02
    9    5    .810E-01    .739E-01
    9    6    .340E+00    .327E+00
    9    7    .865E-02    .784E-02
    9    8    .299E+01    .295E+01
    9    9   -.687E+01    .000E+00
    9   10   -.419E+00   -.422E+00
    9   11   -.216E+00   -.215E+00
   10    1    .357E-02    .341E-02
   10    2    .228E-01    .230E-01
   10    3    .200E-01    .192E-01
   10    4    .528E-02    .578E-02
   10    5    .379E-01    .342E-01
   10    6    .122E+00    .117E+00
   10    7    .320E-02    .265E-02
   10    8    .463E+00    .454E+00
   10    9    .378E+01    .376E+01
   10   10   -.795E+01    .000E+00
   10   11   -.391E+00   -.388E+00
   11    1    .702E-02    .703E-02
   11    2    .335E-01    .336E-01
   11    3    .145E-01    .137E-01
   11    4    .948E-02    .958E-02
   11    5    .191E-01    .172E-01
   11    6    .579E-01    .553E-01
   11    7    .690E-03    .368E-03
   11    8    .163E+00    .159E+00
   11    9    .569E+00    .565E+00
   11   10    .464E+01    .464E+01
   11   11   -.888E+01    .000E+00
  2  2  0    2  2  1       110
    1    1   -.141E+01   -.144E+01
    1    2   -.152E+01   -.157E+01
    1    3   -.581E+00   -.598E+00
    1    4   -.299E+00   -.309E+00
    1    5   -.996E-01   -.102E+00
    1    6   -.753E-01   -.764E-01
    1    7   -.240E-01   -.308E-01
    1    8   -.604E-01   -.623E-01
    1    9   -.441E-01   -.453E-01
    1   10   -.367E-01   -.376E-01
    1   11   -.362E-01   -.370E-01
    2    1    .259E-03    .474E-03
    2    2   -.326E-03   -.142E-03
    2    3   -.815E-01   -.851E-01
    2    4   -.193E+01   -.198E+01
    2    5   -.716E-01   -.728E-01
    2    6   -.112E-01   -.113E-01
    2    7   -.135E-02   -.180E-02
    2    8   -.510E-02   -.519E-02
    2    9   -.289E-02   -.293E-02
    2   10   -.205E-02   -.209E-02
    2   11   -.183E-02   -.190E-02
    3    1    .601E-02    .738E-02
    3    2   -.762E-01   -.399E-01
    3    3   -.871E-01   -.952E-01
    3    4   -.771E-02   -.962E-02
    3    5   -.223E-01   -.233E-01
    3    6   -.893E-02   -.933E-02
    3    7   -.285E+00   -.297E+00
    3    8   -.185E-01   -.192E-01
    3    9   -.111E-01   -.115E-01
    3   10   -.822E-02   -.845E-02
    3   11   -.582E-02   -.594E-02
    4    1    .473E-01    .587E-01
    4    2   -.312E+00   -.137E+00
    4    3   -.429E+00   -.464E+00
    4    4   -.218E-01   -.270E-01
    4    5   -.810E-01   -.847E-01
    4    6   -.180E-01   -.188E-01
    4    7   -.120E+01   -.127E+01
    4    8   -.387E-01   -.406E-01
    4    9   -.136E-01   -.143E-01
    4   10   -.504E-02   -.531E-02
    4   11   -.672E-03   -.733E-03
    5    1    .533E-03    .651E-03
    5    2    .500E-03    .113E-02
    5    3   -.186E-02   -.188E-02
    5    4   -.145E-04   -.129E-04
    5    5   -.792E-04   -.760E-04
    5    6   -.733E-05   -.960E-05
    5    7   -.164E-02   -.193E-02
    5    8   -.452E-05   -.454E-05
    5    9   -.301E-04   -.310E-04
    5   10   -.497E-04   -.506E-04
    5   11   -.710E-04   -.706E-04
    6    1    .191E-03    .229E-03
    6    2    .345E-03    .455E-03
    6    3   -.874E-03   -.844E-03
    6    4   -.368E-04   -.334E-04
    6    5   -.108E-04   -.852E-05
    6    6   -.955E-05   -.121E-04
    6    7   -.276E-03   -.346E-03
    6    8   -.877E-05   -.943E-05
    6    9   -.175E-04   -.186E-04
    6   10   -.214E-04   -.222E-04
    6   11   -.253E-04   -.254E-04
    7    1    .872E-04    .103E-03
    7    2    .230E-03    .269E-03
    7    3   -.679E-03   -.638E-03
    7    4   -.547E-04   -.491E-04
    7    5   -.598E-06   -.136E-06
    7    6   -.126E-04   -.152E-04
    7    7   -.907E-04   -.120E-03
    7    8   -.112E-04   -.121E-04
    7    9   -.150E-04   -.160E-04
    7   10   -.159E-04   -.166E-04
    7   11   -.173E-04   -.175E-04
    8    1    .389E-04    .460E-04
    8    2    .179E-03    .197E-03
    8    3   -.629E-03   -.577E-03
    8    4   -.880E-04   -.783E-04
    8    5   -.122E-05   -.233E-05
    8    6   -.175E-04   -.202E-04
    8    7   -.348E-04   -.488E-04
    8    8   -.147E-04   -.158E-04
    8    9   -.158E-04   -.168E-04
    8   10   -.154E-04   -.162E-04
    8   11   -.163E-04   -.166E-04
    9    1    .123E-04    .148E-04
    9    2    .171E-03    .178E-03
    9    3   -.663E-03   -.601E-03
    9    4   -.171E-03   -.148E-03
    9    5   -.701E-05   -.967E-05
    9    6   -.241E-04   -.271E-04
    9    7   -.104E-04   -.169E-04
    9    8   -.200E-04   -.212E-04
    9    9   -.188E-04   -.199E-04
    9   10   -.178E-04   -.185E-04
    9   11   -.192E-04   -.196E-04
   10    1    .433E-08    .245E-08
   10    2    .232E-03    .233E-03
   10    3   -.869E-03   -.795E-03
   10    4   -.502E-03   -.412E-03
   10    5   -.145E-04   -.195E-04
   10    6   -.340E-04   -.376E-04
   10    7   -.194E-07   -.403E-06
   10    8   -.302E-04   -.317E-04
   10    9   -.266E-04   -.279E-04
   10   10   -.258E-04   -.266E-04
   10   11   -.308E-04   -.311E-04
  2  3  0    2  2  1        77
    1    1    .163E+00    .162E+00
    1    2    .787E+01    .780E+01
    1    3    .753E+00    .693E+00
    1    4   -.216E+00   -.224E+00
    1    5   -.119E+00   -.997E-01
    1    6   -.220E-01   -.173E-01
    1    7   -.192E-01   -.224E-01
    1    8   -.103E-01   -.872E-02
    1    9   -.460E-02   -.398E-02
    1   10   -.242E-02   -.216E-02
    1   11   -.126E-02   -.116E-02
    2    1    .138E+00    .138E+00
    2    2    .108E+01    .108E+01
    2    3    .646E+01    .638E+01
    2    4    .121E+01    .124E+01
    2    5    .127E+00    .000E+00
    2    6   -.342E+00   -.369E+00
    2    7   -.692E-02   -.924E-02
    2    8   -.695E-01   -.761E-01
    2    9   -.258E-01   -.280E-01
    2   10   -.128E-01   -.136E-01
    2   11   -.728E-02   -.753E-02
    3    1    .119E+00    .119E+00
    3    2    .275E+00    .276E+00
    3    3    .147E+01    .144E+01
    3    4    .949E-02    .108E-01
    3    5    .734E+01    .715E+01
    3    6    .271E+00    .000E+00
    3    7   -.341E-01   -.324E-01
    3    8   -.563E+00   -.595E+00
    3    9   -.117E+00   -.123E+00
    3   10   -.455E-01   -.479E-01
    3   11   -.238E-01   -.246E-01
    4    1    .108E+00    .108E+00
    4    2    .760E-01    .763E-01
    4    3    .558E+00    .547E+00
    4    4    .259E-03    .148E-03
    4    5    .165E+01    .160E+01
    4    6    .739E+01    .725E+01
    4    7    .254E+00    .267E+00
    4    8   -.228E+00    .000E+00
    4    9   -.757E+00   -.779E+00
    4   10   -.164E+00   -.169E+00
    4   11   -.681E-01   -.696E-01
    5    1    .104E+00    .104E+00
    5    2    .137E-01    .139E-01
    5    3    .261E+00    .256E+00
    5    4    .255E-02    .231E-02
    5    5    .628E+00    .606E+00
    5    6    .177E+01    .173E+01
    5    7    .584E-01    .679E-01
    5    8    .821E+01    .813E+01
    5    9   -.101E+01    .000E+00
    5   10   -.885E+00   -.898E+00
    5   11   -.210E+00   -.213E+00
    6    1    .105E+00    .105E+00
    6    2    .696E-04    .494E-04
    6    3    .132E+00    .130E+00
    6    4    .501E-02    .483E-02
    6    5    .287E+00    .278E+00
    6    6    .691E+00    .674E+00
    6    7    .722E-01    .865E-01
    6    8    .200E+01    .198E+01
    6    9    .927E+01    .923E+01
    6   10   -.242E+01    .000E+00
    6   11   -.936E+00   -.942E+00
    7    1    .110E+00    .110E+00
    7    2    .165E-01    .160E-01
    7    3    .632E-01    .632E-01
    7    4    .852E-02    .843E-02
    7    5    .132E+00    .128E+00
    7    6    .307E+00    .300E+00
    7    7    .117E+00    .140E+00
    7    8    .799E+00    .795E+00
    7    9    .217E+01    .216E+01
    7   10    .111E+02    .110E+02
    7   11   -.443E+01    .000E+00
  4  1  0    4  2  1        90
    1    1   -.735E+01   -.738E+01
    1    2   -.213E+01   -.213E+01
    1    3   -.945E+00   -.949E+00
    1    4   -.461E+00   -.474E+00
    1    5   -.149E+00   -.146E+00
    1    6   -.264E+00   -.264E+00
    1    7   -.176E+00   -.176E+00
    1    8   -.122E+00   -.122E+00
    1    9   -.878E-01   -.878E-01
    2    1   -.261E+01   -.267E+01
    2    2   -.267E+01   -.269E+01
    2    3   -.952E+00   -.972E+00
    2    4   -.143E+01   -.147E+01
    2    5   -.334E-04   -.926E-04
    2    6   -.167E+00   -.171E+00
    2    7   -.113E+00   -.115E+00
    2    8   -.774E-01   -.790E-01
    2    9   -.550E-01   -.561E-01
    3    1    .721E+00    .712E+00
    3    2   -.455E+01   -.471E+01
    3    3   -.207E+01   -.197E+01
    3    4   -.258E+00   -.253E+00
    3    5   -.470E+00   -.444E+00
    3    6   -.358E+00   -.345E+00
    3    7   -.207E+00   -.202E+00
    3    8   -.132E+00   -.130E+00
    3    9   -.900E-01   -.892E-01
    4    1    .414E-01    .642E-01
    4    2    .248E-01    .128E-01
    4    3   -.260E+00   -.224E+00
    4    4   -.281E+01   -.287E+01
    4    5   -.111E+01   -.117E+01
    4    6   -.193E-01   -.226E-01
    4    7   -.686E-02   -.826E-02
    4    8   -.361E-02   -.440E-02
    4    9   -.223E-02   -.273E-02
    5    1    .156E+00    .162E+00
    5    2    .152E+01    .152E+01
    5    3   -.580E+01   -.568E+01
    5    4   -.141E+01   -.145E+01
    5    5   -.752E+00   -.747E+00
    5    6   -.648E+00   -.652E+00
    5    7   -.330E+00   -.332E+00
    5    8   -.195E+00   -.196E+00
    5    9   -.126E+00   -.127E+00
    6    1    .611E-01    .629E-01
    6    2    .265E+00    .259E+00
    6    3    .246E+01    .237E+01
    6    4   -.890E+00    .000E+00
    6    5   -.676E+01   -.664E+01
    6    6   -.166E+01   -.169E+01
    6    7   -.642E+00   -.652E+00
    6    8   -.327E+00   -.332E+00
    6    9   -.195E+00   -.197E+00
    7    1    .363E-01    .375E-01
    7    2    .995E-01    .956E-01
    7    3    .422E+00    .395E+00
    7    4    .533E+00    .502E+00
    7    5    .304E+01    .300E+01
    7    6   -.923E+01   -.901E+01
    7    7   -.162E+01   -.165E+01
    7    8   -.626E+00   -.635E+00
    7    9   -.321E+00   -.325E+00
    8    1    .264E-01    .273E-01
    8    2    .501E-01    .476E-01
    8    3    .158E+00    .145E+00
    8    4    .112E+00    .102E+00
    8    5    .483E+00    .471E+00
    8    6    .462E+01    .455E+01
    8    7   -.109E+02    .000E+00
    8    8   -.159E+01   -.161E+01
    8    9   -.616E+00   -.623E+00
    9    1    .222E-01    .229E-01
    9    2    .294E-01    .277E-01
    9    3    .796E-01    .723E-01
    9    4    .458E-01    .404E-01
    9    5    .175E+00    .170E+00
    9    6    .788E+00    .770E+00
    9    7    .569E+01    .563E+01
    9    8   -.125E+02    .000E+00
    9    9   -.157E+01   -.158E+01
   10    1    .211E-01    .217E-01
   10    2    .189E-01    .177E-01
   10    3    .469E-01    .422E-01
   10    4    .247E-01    .210E-01
   10    5    .865E-01    .844E-01
   10    6    .295E+00    .287E+00
   10    7    .975E+00    .961E+00
   10    8    .681E+01    .677E+01
   10    9   -.140E+02    .000E+00
  4  2  0    4  2  1       135
    1    1   -.120E+01   -.740E+00
    1    2   -.645E+00   -.686E+00
    1    3   -.341E+00   -.350E+00
    1    4   -.318E+01   -.326E+01
    1    5   -.483E+00   -.497E+00
    1    6   -.242E-01   -.238E-01
    1    7   -.231E-01   -.227E-01
    1    8   -.176E-01   -.172E-01
    1    9   -.132E-01   -.129E-01
    2    1    .342E+00    .286E+00
    2    2   -.211E+01   -.179E+01
    2    3   -.397E+00   -.402E+00
    2    4   -.550E-01   -.500E-01
    2    5   -.115E+00   -.119E+00
    2    6   -.911E-01   -.913E-01
    2    7   -.550E-01   -.554E-01
    2    8   -.360E-01   -.364E-01
    2    9   -.250E-01   -.253E-01
    3    1    .195E+01    .168E+01
    3    2    .351E+00    .248E+00
    3    3   -.102E+00   -.865E-01
    3    4   -.211E-01   -.236E-01
    3    5   -.360E-02   -.150E-02
    3    6   -.519E-02   -.392E-02
    3    7   -.263E-02   -.204E-02
    3    8   -.153E-02   -.121E-02
    3    9   -.975E-03   -.789E-03
    4    1    .574E-01    .488E-01
    4    2    .626E+00    .572E+00
    4    3   -.278E+01   -.244E+01
    4    4   -.178E+00   -.178E+00
    4    5   -.152E+00   -.177E+00
    4    6   -.138E+00   -.149E+00
    4    7   -.761E-01   -.814E-01
    4    8   -.469E-01   -.498E-01
    4    9   -.312E-01   -.330E-01
    5    1    .368E+00    .302E+00
    5    2    .150E+01    .142E+01
    5    3    .411E+00    .401E+00
    5    4   -.153E+00   -.176E+00
    5    5   -.120E+00   -.110E+00
    5    6   -.419E-01   -.415E-01
    5    7   -.155E-01   -.153E-01
    5    8   -.767E-02   -.745E-02
    5    9   -.444E-02   -.427E-02
    6    1    .247E-01    .216E-01
    6    2    .961E-01    .849E-01
    6    3    .936E+00    .857E+00
    6    4   -.595E+00   -.576E+00
    6    5   -.275E+01   -.244E+01
    6    6   -.248E+00   -.277E+00
    6    7   -.122E+00   -.133E+00
    6    8   -.683E-01   -.738E-01
    6    9   -.426E-01   -.458E-01
    7    1    .123E+00    .969E-01
    7    2    .403E+00    .368E+00
    7    3    .136E+01    .130E+01
    7    4    .413E+00    .509E+00
    7    5    .361E+00    .000E+00
    7    6   -.392E+00   -.391E+00
    7    7   -.731E-01   -.727E-01
    7    8   -.274E-01   -.270E-01
    7    9   -.137E-01   -.134E-01
    8    1    .150E-01    .135E-01
    8    2    .336E-01    .293E-01
    8    3    .137E+00    .120E+00
    8    4    .170E+00    .177E+00
    8    5    .111E+01    .102E+01
    8    6   -.392E+01   -.363E+01
    8    7   -.221E+00   -.243E+00
    8    8   -.110E+00   -.119E+00
    8    9   -.623E-01   -.669E-01
    9    1    .495E-01    .372E-01
    9    2    .173E+00    .154E+00
    9    3    .403E+00    .375E+00
    9    4    .259E+00    .218E+00
    9    5    .113E+01    .116E+01
    9    6    .928E+00    .000E+00
    9    7   -.561E+00   -.558E+00
    9    8   -.108E+00   -.107E+00
    9    9   -.411E-01   -.405E-01
   10    1    .115E-01    .107E-01
   10    2    .155E-01    .135E-01
   10    3    .455E-01    .392E-01
   10    4    .160E-01    .195E-01
   10    5    .169E+00    .145E+00
   10    6    .152E+01    .145E+01
   10    7   -.434E+01   -.411E+01
   10    8   -.192E+00   -.208E+00
   10    9   -.987E-01   -.106E+00
   11    1    .199E-01    .137E-01
   11    2    .926E-01    .812E-01
   11    3    .186E+00    .170E+00
   11    4    .139E+00    .111E+00
   11    5    .276E+00    .288E+00
   11    6    .151E+01    .150E+01
   11    7    .958E+00    .000E+00
   11    8   -.734E+00   -.730E+00
   11    9   -.147E+00   -.146E+00
   12    1    .109E-01    .104E-01
   12    2    .803E-02    .704E-02
   12    3    .193E-01    .166E-01
   12    4    .514E-03    .176E-02
   12    5    .691E-01    .560E-01
   12    6    .207E+00    .193E+00
   12    7    .164E+01    .158E+01
   12    8   -.442E+01    .000E+00
   12    9   -.158E+00   -.170E+00
   13    1    .620E-02    .346E-02
   13    2    .560E-01    .484E-01
   13    3    .106E+00    .951E-01
   13    4    .111E+00    .837E-01
   13    5    .979E-01    .107E+00
   13    6    .460E+00    .453E+00
   13    7    .178E+01    .177E+01
   13    8    .779E+00    .000E+00
   13    9   -.908E+00   -.904E+00
   14    1    .129E-01    .127E-01
   14    2    .415E-02    .372E-02
   14    3    .839E-02    .727E-02
   14    4    .320E-02    .822E-03
   14    5    .436E-01    .331E-01
   14    6    .619E-01    .566E-01
   14    7    .197E+00    .188E+00
   14    8    .154E+01    .150E+01
   14    9   -.430E+01    .000E+00
   15    1    .538E-03    .376E-04
   15    2    .363E-01    .309E-01
   15    3    .681E-01    .600E-01
   15    4    .112E+00    .809E-01
   15    5    .353E-01    .424E-01
   15    6    .219E+00    .214E+00
   15    7    .552E+00    .546E+00
   15    8    .231E+01    .231E+01
   15    9    .169E+00    .000E+00
  4  3  0    4  2  1        63
    1    1    .157E+02    .157E+02
    1    2    .157E+01    .135E+01
    1    3   -.406E+00   -.352E+00
    1    4   -.148E+00   -.152E+00
    1    5   -.372E-02   -.876E-03
    1    6   -.186E-01   -.148E-01
    1    7   -.956E-02   -.797E-02
    1    8   -.555E-02   -.480E-02
    1    9   -.354E-02   -.316E-02
    2    1    .239E+01    .240E+01
    2    2    .138E+02    .137E+02
    2    3    .211E+01    .000E+00
    2    4   -.743E+00   -.788E+00
    2    5   -.314E+00   -.336E+00
    2    6   -.142E+00   -.152E+00
    2    7   -.527E-01   -.561E-01
    2    8   -.258E-01   -.272E-01
    2    9   -.148E-01   -.155E-01
    3    1    .628E+00    .636E+00
    3    2    .317E+01    .314E+01
    3    3    .134E+02    .131E+02
    3    4    .189E+01    .195E+01
    3    5   -.626E+00    .000E+00
    3    6   -.118E+01   -.124E+01
    3    7   -.231E+00   -.243E+00
    3    8   -.859E-01   -.900E-01
    3    9   -.425E-01   -.442E-01
    4    1    .146E+00    .149E+00
    4    2    .120E+01    .119E+01
    4    3    .343E+01    .333E+01
    4    4    .338E+01    .344E+01
    4    5    .113E+02    .110E+02
    4    6   -.777E+00    .000E+00
    4    7   -.132E+01   -.136E+01
    4    8   -.271E+00   -.279E+00
    4    9   -.103E+00   -.106E+00
    5    1    .139E-02    .165E-02
    5    2    .516E+00    .515E+00
    5    3    .136E+01    .133E+01
    5    4    .190E+01    .202E+01
    5    5    .189E+01    .177E+01
    5    6    .179E+02    .177E+02
    5    7   -.560E+01    .000E+00
    5    8   -.911E+00   -.927E+00
    5    9   -.202E+00   -.206E+00
    6    1    .147E+00    .145E+00
    6    2    .154E+00    .158E+00
    6    3    .499E+00    .499E+00
    6    4    .188E+01    .208E+01
    6    5    .163E+00    .124E+00
    6    6    .351E+01    .347E+01
    6    7    .248E+02    .248E+02
    6    8   -.150E+02    .000E+00
    6    9   -.729E-01   -.741E-01
    7    1    .668E+00    .666E+00
    7    2    .266E-05    .865E-04
    7    3    .357E-01    .405E-01
    7    4    .172E+01    .198E+01
    7    5    .197E+00    .249E+00
    7    6    .320E+00    .317E+00
    7    7    .200E+01    .201E+01
    7    8    .358E+02    .358E+02
    7    9   -.230E+02    .000E+00
  2  2  0    2  3  1        80
    1    1   -.526E-01   -.527E-01
    1    2   -.385E+01   -.380E+01
    1    3   -.168E-03   -.207E-03
    1    4   -.221E-01   -.222E-01
    1    5   -.198E-01   -.198E-01
    1    6   -.165E-01   -.165E-01
    1    7   -.136E-01   -.137E-01
    1    8   -.113E-01   -.113E-01
    2    1   -.870E+01   -.869E+01
    2    2   -.339E-02   -.400E-02
    2    3   -.138E+01   -.139E+01
    2    4   -.426E+00   -.426E+00
    2    5   -.177E+00   -.177E+00
    2    6   -.860E-01   -.855E-01
    2    7   -.465E-01   -.461E-01
    2    8   -.271E-01   -.268E-01
    3    1   -.101E+01    .000E+00
    3    2   -.310E+00   -.400E+00
    3    3   -.626E+01   -.613E+01
    3    4   -.149E+01   -.147E+01
    3    5   -.610E+00   -.613E+00
    3    6   -.314E+00   -.320E+00
    3    7   -.186E+00   -.191E+00
    3    8   -.120E+00   -.124E+00
    4    1    .105E+00    .000E+00
    4    2   -.340E+01   -.405E+01
    4    3   -.126E+01   -.117E+01
    4    4   -.259E+00   -.247E+00
    4    5   -.886E-01   -.853E-01
    4    6   -.403E-01   -.390E-01
    4    7   -.217E-01   -.211E-01
    4    8   -.131E-01   -.127E-01
    5    1    .227E+00    .227E+00
    5    2    .111E-01    .000E+00
    5    3   -.141E+01    .000E+00
    5    4   -.704E+01   -.704E+01
    5    5   -.183E+01   -.182E+01
    5    6   -.776E+00   -.774E+00
    5    7   -.413E+00   -.411E+00
    5    8   -.250E+00   -.248E+00
    6    1    .393E-01    .374E-01
    6    2    .446E-02    .413E-02
    6    3    .543E+00    .524E+00
    6    4   -.180E+01    .000E+00
    6    5   -.687E+01   -.687E+01
    6    6   -.187E+01   -.186E+01
    6    7   -.820E+00   -.814E+00
    6    8   -.447E+00   -.443E+00
    7    1    .140E-01    .129E-01
    7    2    .251E-02    .240E-02
    7    3    .971E-01    .903E-01
    7    4    .905E+00    .895E+00
    7    5   -.209E+01    .000E+00
    7    6   -.692E+01   -.689E+01
    7    7   -.191E+01   -.190E+01
    7    8   -.853E+00   -.845E+00
    8    1    .681E-02    .615E-02
    8    2    .192E-02    .188E-02
    8    3    .350E-01    .317E-01
    8    4    .171E+00    .168E+00
    8    5    .128E+01    .129E+01
    8    6   -.229E+01    .000E+00
    8    7   -.707E+01   -.704E+01
    8    8   -.196E+01   -.195E+01
    9    1    .395E-02    .352E-02
    9    2    .178E-02    .176E-02
    9    3    .170E-01    .151E-01
    9    4    .638E-01    .622E-01
    9    5    .250E+00    .251E+00
    9    6    .168E+01    .169E+01
    9    7   -.245E+01    .000E+00
    9    8   -.732E+01    .000E+00
   10    1    .263E-02    .234E-02
   10    2    .211E-02    .209E-02
   10    3    .974E-02    .855E-02
   10    4    .319E-01    .310E-01
   10    5    .950E-01    .952E-01
   10    6    .334E+00    .338E+00
   10    7    .209E+01    .000E+00
   10    8   -.225E+01    .000E+00
  2  3  0    2  3  1        56
    1    1    .141E-03    .130E-03
    1    2    .965E+00    .812E+00
    1    3    .791E-02    .657E-02
    1    4    .105E-03    .789E-04
    1    5    .238E-04    .157E-04
    1    6    .744E-05    .410E-05
    1    7    .240E-05    .944E-06
    1    8    .656E-06    .104E-06
    2    1    .378E-04    .347E-04
    2    2    .664E-01    .461E-01
    2    3    .420E-03    .268E-03
    2    4    .170E-08    .390E-06
    2    5    .114E-05    .220E-05
    2    6    .159E-05    .245E-05
    2    7    .137E-05    .201E-05
    2    8    .965E-06    .142E-05
    3    1    .282E-04    .266E-04
    3    2    .310E-02    .656E-03
    3    3    .264E-05    .161E-05
    3    4    .548E-05    .787E-05
    3    5    .501E-05    .636E-05
    3    6    .388E-05    .475E-05
    3    7    .282E-05    .341E-05
    3    8    .197E-05    .239E-05
    4    1    .492E-04    .480E-04
    4    2    .243E-02    .536E-02
    4    3    .810E-04    .128E-03
    4    4    .175E-04    .208E-04
    4    5    .114E-04    .131E-04
    4    6    .807E-05    .904E-05
    4    7    .584E-05    .649E-05
    4    8    .426E-05    .473E-05
    5    1    .131E-03    .131E-03
    5    2    .160E-01    .216E-01
    5    3    .322E-03    .399E-03
    5    4    .407E-04    .451E-04
    5    5    .243E-04    .264E-04
    5    6    .169E-04    .181E-04
    5    7    .124E-04    .132E-04
    5    8    .935E-05    .992E-05
    6    1    .389E-03    .393E-03
    6    2    .397E-01    .476E-01
    6    3    .763E-03    .872E-03
    6    4    .872E-04    .936E-04
    6    5    .511E-04    .539E-04
    6    6    .355E-04    .371E-04
    6    7    .265E-04    .275E-04
    6    8    .204E-04    .211E-04
    7    1    .115E-02    .116E-02
    7    2    .786E-01    .893E-01
    7    3    .157E-02    .173E-02
    7    4    .183E-03    .193E-03
    7    5    .107E-03    .111E-03
    7    6    .751E-04    .773E-04
    7    7    .566E-04    .580E-04
    7    8    .443E-04    .452E-04
  2  4  0    2  3  1        48
    1    1    .182E+02    .180E+02
    1    2    .335E-01    .000E+00
    1    3    .450E+00    .000E+00
    1    4   -.184E+00   -.202E+00
    1    5   -.302E-01   -.302E-01
    1    6   -.106E-01   -.940E-02
    1    7   -.510E-02   -.402E-02
    1    8   -.292E-02   -.208E-02
    2    1    .256E+01    .253E+01
    2    2    .876E-01    .857E-01
    2    3    .155E+02    .153E+02
    2    4    .109E+01    .000E+00
    2    5   -.513E+00   -.513E+00
    2    6   -.906E-01   -.884E-01
    2    7   -.325E-01   -.307E-01
    2    8   -.158E-01   -.146E-01
    3    1    .828E+00    .819E+00
    3    2    .256E-01    .251E-01
    3    3    .316E+01    .313E+01
    3    4    .141E+02    .141E+02
    3    5    .179E+01    .000E+00
    3    6   -.953E+00   -.949E+00
    3    7   -.175E+00   -.172E+00
    3    8   -.637E-01   -.623E-01
    4    1    .377E+00    .374E+00
    4    2    .114E-01    .111E-01
    4    3    .119E+01    .119E+01
    4    4    .335E+01    .334E+01
    4    5    .132E+02    .132E+02
    4    6    .257E+01    .000E+00
    4    7   -.148E+01   -.148E+01
    4    8   -.277E+00   -.276E+00
    5    1    .207E+00    .206E+00
    5    2    .620E-02    .608E-02
    5    3    .594E+00    .590E+00
    5    4    .137E+01    .137E+01
    5    5    .338E+01    .338E+01
    5    6    .126E+02    .126E+02
    5    7    .339E+01    .000E+00
    5    8   -.207E+01    .000E+00
    6    1    .127E+00    .127E+00
    6    2    .383E-02    .375E-02
    6    3    .344E+00    .343E+00
    6    4    .714E+00    .713E+00
    6    5    .144E+01    .144E+01
    6    6    .338E+01    .338E+01
    6    7    .123E+02    .000E+00
    6    8    .398E+01    .000E+00
  4  2  0    4  3  1       195
    1    1   -.608E+01   -.686E+01
    1    2   -.391E+01   -.388E+01
    1    3   -.138E+01   -.138E+01
    1    4   -.525E-04   -.381E-04
    1    5   -.653E+00   -.656E+00
    1    6   -.689E-04   -.696E-04
    1    7   -.366E+00   -.367E+00
    1    8   -.110E-03   -.106E-03
    1    9   -.228E+00   -.228E+00
    1   10   -.897E-04   -.849E-04
    1   11   -.152E+00   -.152E+00
    1   12   -.644E-04   -.605E-04
    1   13   -.107E+00   -.107E+00
    2    1    .152E+01    .151E+01
    2    2   -.990E+01   -.113E+02
    2    3   -.311E+01   -.281E+01
    2    4   -.720E-03   -.403E-03
    2    5   -.119E+01   -.109E+01
    2    6   -.611E-03   -.644E-03
    2    7   -.591E+00   -.554E+00
    2    8   -.413E-03   -.509E-03
    2    9   -.343E+00   -.327E+00
    2   10   -.257E-03   -.341E-03
    2   11   -.219E+00   -.211E+00
    2   12   -.164E-03   -.227E-03
    2   13   -.150E+00   -.145E+00
    3    1    .114E+00    .934E-01
    3    2    .185E-02    .402E-02
    3    3   -.166E-02   -.549E-03
    3    4   -.266E+02   -.259E+02
    3    5   -.326E-04   -.706E-06
    3    6   -.361E+01   -.355E+01
    3    7   -.975E-05   -.100E-05
    3    8   -.115E+01   -.114E+01
    3    9   -.255E-05   -.303E-06
    3   10   -.519E+00   -.519E+00
    3   11   -.464E-06   -.187E-07
    3   12   -.283E+00   -.285E+00
    3   13   -.212E-07   -.199E-07
    4    1    .269E+00    .270E+00
    4    2    .326E+01    .333E+01
    4    3   -.132E+02   -.136E+02
    4    4   -.106E-02   -.209E-02
    4    5   -.272E+01   -.268E+01
    4    6   -.905E-02   -.773E-02
    4    7   -.108E+01   -.106E+01
    4    8   -.406E-02   -.343E-02
    4    9   -.553E+00   -.544E+00
    4   10   -.208E-02   -.174E-02
    4   11   -.328E+00   -.322E+00
    4   12   -.120E-02   -.995E-03
    4   13   -.214E+00   -.210E+00
    5    1    .502E-01    .430E-01
    5    2    .298E-01    .255E-01
    5    3    .203E-02    .837E-03
    5    4   -.265E+00    .000E+00
    5    5   -.193E-03   -.902E-05
    5    6   -.230E+02   -.225E+02
    5    7   -.261E-04   -.138E-09
    5    8   -.456E+01   -.439E+01
    5    9   -.902E-05   -.158E-06
    5   10   -.170E+01   -.162E+01
    5   11   -.512E-05   -.820E-06
    5   12   -.838E+00   -.790E+00
    5   13   -.360E-05   -.146E-05
    6    1    .119E+00    .120E+00
    6    2    .526E+00    .528E+00
    6    3    .522E+01    .516E+01
    6    4    .165E-02    .102E-02
    6    5   -.166E+02   -.168E+02
    6    6   -.262E-01   -.281E-01
    6    7   -.249E+01   -.246E+01
    6    8   -.832E-02   -.787E-02
    6    9   -.101E+01   -.997E+00
    6   10   -.422E-02   -.402E-02
    6   11   -.525E+00   -.517E+00
    6   12   -.232E-02   -.221E-02
    6   13   -.316E+00   -.310E+00
    7    1    .409E-01    .365E-01
    7    2    .964E-02    .783E-02
    7    3    .240E-01    .201E-01
    7    4    .225E+00    .225E+00
    7    5    .489E-02    .325E-02
    7    6   -.846E+00    .000E+00
    7    7   -.618E-03   -.474E-03
    7    8   -.209E+02   -.204E+02
    7    9   -.157E-03   -.137E-03
    7   10   -.481E+01   -.465E+01
    7   11   -.759E-04   -.753E-04
    7   12   -.194E+01   -.186E+01
    7   13   -.463E-04   -.507E-04
    8    1    .770E-01    .775E-01
    8    2    .194E+00    .193E+00
    8    3    .856E+00    .829E+00
    8    4    .807E-05    .231E-06
    8    5    .735E+01    .732E+01
    8    6    .475E-02    .519E-02
    8    7   -.200E+02   -.203E+02
    8    8   -.871E-01   -.878E-01
    8    9   -.231E+01   -.228E+01
    8   10   -.103E-01   -.101E-01
    8   11   -.953E+00   -.938E+00
    8   12   -.600E-02   -.591E-02
    8   13   -.502E+00   -.493E+00
    9    1    .421E-01    .389E-01
    9    2    .439E-02    .346E-02
    9    3    .714E-02    .564E-02
    9    4    .407E-01    .404E-01
    9    5    .159E-01    .145E-01
    9    6    .666E+00    .707E+00
    9    7    .227E-03    .000E+00
    9    8   -.193E+01    .000E+00
    9    9   -.681E-02   -.697E-02
    9   10   -.192E+02   -.189E+02
    9   11   -.160E-02   -.169E-02
    9   12   -.483E+01   -.470E+01
    9   13   -.706E-03   -.763E-03
   10    1    .638E-01    .642E-01
   10    2    .975E-01    .961E-01
   10    3    .318E+00    .304E+00
   10    4    .551E-04    .759E-04
   10    5    .121E+01    .120E+01
   10    6    .207E-02    .220E-02
   10    7    .964E+01    .966E+01
   10    8    .406E-01    .412E-01
   10    9   -.231E+02    .000E+00
   10   10   -.238E+00   -.238E+00
   10   11   -.212E+01   -.209E+01
   10   12   -.134E-01   -.133E-01
   10   13   -.895E+00   -.879E+00
   11    1    .493E-01    .468E-01
   11    2    .212E-02    .160E-02
   11    3    .271E-02    .202E-02
   11    4    .163E-01    .160E-01
   11    5    .370E-02    .330E-02
   11    6    .131E+00    .142E+00
   11    7    .776E-02    .758E-02
   11    8    .136E+01    .143E+01
   11    9    .113E-01    .000E+00
   11   10   -.381E+01    .000E+00
   11   11   -.409E-01   -.418E-01
   11   12   -.174E+02   -.172E+02
   11   13   -.913E-02   -.944E-02
   12    1    .650E-01    .655E-01
   12    2    .571E-01    .560E-01
   12    3    .160E+00    .151E+00
   12    4    .215E-03    .223E-03
   12    5    .451E+00    .445E+00
   12    6    .208E-02    .217E-02
   12    7    .159E+01    .159E+01
   12    8    .125E-01    .128E-01
   12    9    .121E+02    .122E+02
   12   10    .163E+00    .164E+00
   12   11   -.268E+02    .000E+00
   12   12   -.647E+00   -.647E+00
   12   13   -.187E+01   -.184E+01
   13    1    .631E-01    .612E-01
   13    2    .860E-03    .578E-03
   13    3    .863E-03    .579E-03
   13    4    .948E-02    .922E-02
   13    5    .689E-03    .585E-03
   13    6    .540E-01    .593E-01
   13    7    .567E-03    .532E-03
   13    8    .282E+00    .301E+00
   13    9    .184E-03    .198E-03
   13   10    .240E+01    .248E+01
   13   11    .648E-01    .000E+00
   13   12   -.689E+01    .000E+00
   13   13   -.166E+00   -.168E+00
   14    1    .820E-01    .829E-01
   14    2    .364E-01    .353E-01
   14    3    .935E-01    .880E-01
   14    4    .531E-03    .515E-03
   14    5    .226E+00    .222E+00
   14    6    .290E-02    .301E-02
   14    7    .588E+00    .588E+00
   14    8    .112E-01    .115E-01
   14    9    .197E+01    .198E+01
   14   10    .500E-01    .507E-01
   14   11    .148E+02    .149E+02
   14   12    .584E+00    .587E+00
   14   13   -.307E+02    .000E+00
   15    1    .855E-01    .844E-01
   15    2    .124E-03    .404E-04
   15    3    .398E-04    .654E-05
   15    4    .696E-02    .671E-02
   15    5    .286E-04    .412E-04
   15    6    .316E-01    .347E-01
   15    7    .478E-03    .498E-03
   15    8    .120E+00    .129E+00
   15    9    .309E-02    .310E-02
   15   10    .511E+00    .534E+00
   15   11    .250E-01    .249E-01
   15   12    .395E+01    .404E+01
   15   13    .178E+00    .000E+00
  4  3  0    4  3  1        91
    1    1    .155E+01    .130E+01
    1    2    .464E+00    .323E+00
    1    3   -.602E-01   -.469E-01
    1    4   -.224E+01   -.203E+01
    1    5   -.993E-02   -.712E-02
    1    6   -.355E+00   -.312E+00
    1    7   -.338E-02   -.243E-02
    1    8   -.122E+00   -.105E+00
    1    9   -.159E-02   -.118E-02
    1   10   -.573E-01   -.489E-01
    1   11   -.898E-03   -.686E-03
    1   12   -.322E-01   -.272E-01
    1   13   -.565E-03   -.444E-03
    2    1    .162E+00    .116E+00
    2    2    .148E+01    .140E+01
    2    3    .871E+00    .834E+00
    2    4   -.174E+00    .000E+00
    2    5   -.133E+00   -.133E+00
    2    6   -.178E+01   -.169E+01
    2    7   -.223E-01   -.219E-01
    2    8   -.403E+00   -.368E+00
    2    9   -.788E-02   -.757E-02
    2   10   -.160E+00   -.142E+00
    2   11   -.379E-02   -.356E-02
    2   12   -.817E-01   -.717E-01
    2   13   -.216E-02   -.199E-02
    3    1    .673E-02    .142E-02
    3    2    .368E+00    .335E+00
    3    3    .140E+01    .134E+01
    3    4    .658E-01    .661E-01
    3    5    .554E+00    .000E+00
    3    6   -.402E+00    .000E+00
    3    7   -.190E+00   -.190E+00
    3    8   -.148E+01   -.142E+01
    3    9   -.341E-01   -.337E-01
    3   10   -.396E+00   -.371E+00
    3   11   -.124E-01   -.121E-01
    3   12   -.171E+00   -.157E+00
    3   13   -.605E-02   -.580E-02
    4    1    .218E-01    .339E-01
    4    2    .141E+00    .125E+00
    4    3    .391E+00    .365E+00
    4    4    .121E-01    .122E-01
    4    5    .150E+01    .146E+01
    4    6    .156E+00    .162E+00
    4    7    .376E+00    .000E+00
    4    8   -.763E+00    .000E+00
    4    9   -.212E+00   -.211E+00
    4   10   -.117E+01   -.114E+01
    4   11   -.404E-01   -.397E-01
    4   12   -.357E+00   -.340E+00
    4   13   -.150E-01   -.146E-01
    5    1    .167E+00    .195E+00
    5    2    .600E-01    .514E-01
    5    3    .159E+00    .146E+00
    5    4    .511E-02    .519E-02
    5    5    .425E+00    .408E+00
    5    6    .321E-01    .340E-01
    5    7    .184E+01    .181E+01
    5    8    .344E+00    .353E+00
    5    9   -.186E+00    .000E+00
    5   10   -.142E+01    .000E+00
    5   11   -.159E+00   -.157E+00
    5   12   -.755E+00   -.738E+00
    5   13   -.327E-01   -.322E-01
    6    1    .614E+00    .665E+00
    6    2    .171E-01    .137E-01
    6    3    .573E-01    .511E-01
    6    4    .304E-02    .308E-02
    6    5    .149E+00    .141E+00
    6    6    .143E-01    .151E-01
    6    7    .452E+00    .439E+00
    6    8    .712E-01    .732E-01
    6    9    .266E+01    .264E+01
    6   10    .781E+00    .789E+00
    6   11   -.139E+01    .000E+00
    6   12   -.259E+01    .000E+00
    6   13   -.267E-01   -.265E-01
    7    1    .125E+01    .131E+01
    7    2    .420E-04    .179E-03
    7    3    .320E-02    .242E-02
    7    4    .140E-02    .140E-02
    7    5    .177E-01    .156E-01
    7    6    .569E-02    .575E-02
    7    7    .672E-01    .630E-01
    7    8    .202E-01    .202E-01
    7    9    .308E+00    .298E+00
    7   10    .931E-01    .927E-01
    7   11    .417E+01    .412E+01
    7   12    .166E+01    .166E+01
    7   13   -.262E+01    .000E+00
  4  4  0    4  3  1       143
    1    1    .211E+02    .216E+02
    1    2    .598E+01    .649E+01
    1    3   -.118E+01   -.110E+01
    1    4   -.359E-01   -.256E-01
    1    5   -.181E+00   -.170E+00
    1    6   -.769E-02   -.588E-02
    1    7   -.628E-01   -.614E-01
    1    8   -.330E-02   -.270E-02
    1    9   -.300E-01   -.307E-01
    1   10   -.182E-02   -.155E-02
    1   11   -.170E-01   -.181E-01
    1   12   -.114E-02   -.993E-03
    1   13   -.107E-01   -.118E-01
    2    1    .450E+01    .467E+01
    2    2    .147E+02    .145E+02
    2    3    .102E+02    .121E+02
    2    4   -.859E-04    .000E+00
    2    5   -.274E+01   -.298E+01
    2    6   -.274E-01   -.219E-01
    2    7   -.447E+00   -.496E+00
    2    8   -.628E-02   -.451E-02
    2    9   -.159E+00   -.177E+00
    2   10   -.257E-02   -.173E-02
    2   11   -.772E-01   -.856E-01
    2   12   -.135E-02   -.871E-03
    2   13   -.442E-01   -.488E-01
    3    1    .176E+01    .183E+01
    3    2    .420E+01    .415E+01
    3    3    .121E+02    .116E+02
    3    4    .126E-01    .141E-01
    3    5    .142E+02    .160E+02
    3    6   -.849E-03    .000E+00
    3    7   -.452E+01   -.477E+01
    3    8   -.251E-01   -.240E-01
    3    9   -.763E+00   -.814E+00
    3   10   -.572E-02   -.539E-02
    3   11   -.276E+00   -.295E+00
    3   12   -.229E-02   -.214E-02
    3   13   -.135E+00   -.145E+00
    4    1    .216E-01    .223E-01
    4    2    .591E-01    .591E-01
    4    3    .222E+00    .224E+00
    4    4    .462E+02    .457E+02
    4    5    .144E+00    .142E+00
    4    6   -.870E-01    .000E+00
    4    7   -.626E-01   -.623E-01
    4    8   -.225E+00   -.270E+00
    4    9   -.101E-01   -.101E-01
    4   10   -.325E-01   -.457E-01
    4   11   -.356E-02   -.361E-02
    4   12   -.101E-01   -.161E-01
    4   13   -.171E-02   -.176E-02
    5    1    .894E+00    .933E+00
    5    2    .185E+01    .183E+01
    5    3    .385E+01    .369E+01
    5    4    .181E-06    .546E-05
    5    5    .109E+02    .105E+02
    5    6    .119E-01    .118E-01
    5    7    .171E+02    .000E+00
    5    8   -.128E-02    .000E+00
    5    9   -.644E+01   -.664E+01
    5   10   -.234E-01   -.231E-01
    5   11   -.111E+01   -.115E+01
    5   12   -.553E-02   -.535E-02
    5   13   -.407E+00   -.424E+00
    6    1    .706E-03    .709E-03
    6    2    .272E-02    .276E-02
    6    3    .855E-02    .974E-02
    6    4    .558E+01    .548E+01
    6    5    .327E-01    .350E-01
    6    6    .419E+02    .412E+02
    6    7    .335E-01    .000E+00
    6    8   -.684E-01    .000E+00
    6    9   -.869E-02   -.825E-02
    6   10   -.590E+00   -.662E+00
    6   11   -.138E-02   -.132E-02
    6   12   -.937E-01   -.114E+00
    6   13   -.478E-03   -.469E-03
    7    1    .525E+00    .548E+00
    7    2    .100E+01    .991E+00
    7    3    .179E+01    .172E+01
    7    4    .749E-03    .726E-03
    7    5    .362E+01    .350E+01
    7    6    .589E-04    .617E-04
    7    7    .102E+02    .100E+02
    7    8    .303E-03    .280E-03
    7    9    .203E+02    .000E+00
    7   10   -.568E-03    .000E+00
    7   11   -.844E+01   -.861E+01
    7   12   -.185E-01   -.182E-01
    7   13   -.148E+01   -.152E+01
    8    1    .122E-03    .135E-03
    8    2    .122E-04    .106E-04
    8    3    .782E-05    .785E-04
    8    4    .165E+01    .162E+01
    8    5    .367E-03    .583E-03
    8    6    .744E+01    .723E+01
    8    7    .387E-02    .441E-02
    8    8    .391E+02    .384E+02
    8    9    .601E-03    .000E+00
    8   10   -.376E-01    .000E+00
    8   11   -.984E-04   -.135E-03
    8   12   -.107E+01   -.115E+01
    8   13   -.263E-04   -.320E-04
    9    1    .338E+00    .353E+00
    9    2    .613E+00    .607E+00
    9    3    .101E+01    .963E+00
    9    4    .108E-02    .109E-02
    9    5    .173E+01    .167E+01
    9    6    .972E-03    .970E-03
    9    7    .347E+01    .339E+01
    9    8    .154E-02    .154E-02
    9    9    .989E+01    .972E+01
    9   10    .512E-02    .511E-02
    9   11    .233E+02    .000E+00
    9   12   -.488E-04    .000E+00
    9   13   -.105E+02   -.106E+02
   10    1    .426E-03    .455E-03
   10    2    .319E-03    .316E-03
   10    3    .360E-03    .190E-03
   10    4    .712E+00    .695E+00
   10    5    .198E-03    .107E-03
   10    6    .260E+01    .251E+01
   10    7    .670E-05    .128E-07
   10    8    .815E+01    .794E+01
   10    9    .150E-03    .211E-03
   10   10    .374E+02    .369E+02
   10   11    .286E-02    .000E+00
   10   12   -.154E-01    .000E+00
   10   13   -.443E-02   -.455E-02
   11    1    .232E+00    .242E+00
   11    2    .406E+00    .403E+00
   11    3    .632E+00    .605E+00
   11    4    .103E-02    .106E-02
   11    5    .993E+00    .960E+00
   11    6    .126E-02    .125E-02
   11    7    .169E+01    .165E+01
   11    8    .215E-02    .212E-02
   11    9    .339E+01    .332E+01
   11   10    .510E-02    .504E-02
   11   11    .972E+01    .959E+01
   11   12    .203E-01    .201E-01
   11   13    .260E+02    .000E+00
  2  3  0    2  4  1        42
    1    1   -.169E+02   -.169E+02
    1    2   -.246E+01   -.250E+01
    1    3   -.812E+00   -.834E+00
    1    4   -.375E+00   -.388E+00
    1    5   -.208E+00   -.216E+00
    1    6   -.129E+00   -.134E+00
    2    1   -.778E+00    .000E+00
    2    2   -.140E+02   -.138E+02
    2    3   -.299E+01   -.294E+01
    2    4   -.116E+01   -.113E+01
    2    5   -.583E+00   -.568E+00
    2    6   -.341E+00   -.331E+00
    3    1    .234E+00    .234E+00
    3    2   -.200E+01    .000E+00
    3    3   -.120E+02   -.118E+02
    3    4   -.304E+01   -.298E+01
    3    5   -.128E+01   -.125E+01
    3    6   -.680E+00   -.661E+00
    4    1    .423E-01    .427E-01
    4    2    .713E+00    .744E+00
    4    3   -.376E+01    .000E+00
    4    4   -.103E+02   -.102E+02
    4    5   -.291E+01   -.285E+01
    4    6   -.130E+01   -.127E+01
    5    1    .172E-01    .176E-01
    5    2    .138E+00    .146E+00
    5    3    .148E+01    .153E+01
    5    4   -.628E+01    .000E+00
    5    5   -.863E+01   -.852E+01
    5    6   -.265E+01   -.261E+01
    6    1    .102E-01    .105E-01
    6    2    .583E-01    .617E-01
    6    3    .298E+00    .311E+00
    6    4    .270E+01    .275E+01
    6    5   -.100E+02    .000E+00
    6    6   -.666E+01   -.659E+01
    7    1    .767E-02    .794E-02
    7    2    .350E-01    .369E-01
    7    3    .129E+00    .134E+00
    7    4    .547E+00    .562E+00
    7    5    .469E+01    .475E+01
    7    6   -.155E+02    .000E+00
  2  4  0    2  4  1        36
    1    1   -.504E-08   -.533E-08
    1    2   -.332E-08   -.358E-08
    1    3   -.225E-08   -.246E-08
    1    4   -.161E-08   -.176E-08
    1    5   -.119E-08   -.131E-08
    1    6   -.906E-09   -.997E-09
    2    1   -.965E-08   -.991E-08
    2    2   -.526E-08   -.552E-08
    2    3   -.320E-08   -.341E-08
    2    4   -.211E-08   -.227E-08
    2    5   -.148E-08   -.160E-08
    2    6   -.108E-08   -.117E-08
    3    1   -.133E-07   -.134E-07
    3    2   -.630E-08   -.647E-08
    3    3   -.356E-08   -.371E-08
    3    4   -.224E-08   -.236E-08
    3    5   -.152E-08   -.161E-08
    3    6   -.109E-08   -.116E-08
    4    1   -.160E-07   -.158E-07
    4    2   -.671E-08   -.678E-08
    4    3   -.358E-08   -.368E-08
    4    4   -.219E-08   -.226E-08
    4    5   -.145E-08   -.151E-08
    4    6   -.102E-08   -.107E-08
    5    1   -.176E-07   -.172E-07
    5    2   -.673E-08   -.671E-08
    5    3   -.344E-08   -.348E-08
    5    4   -.204E-08   -.209E-08
    5    5   -.133E-08   -.137E-08
    5    6   -.922E-09   -.953E-09
    6    1   -.184E-07   -.178E-07
    6    2   -.650E-08   -.642E-08
    6    3   -.319E-08   -.320E-08
    6    4   -.186E-08   -.188E-08
    6    5   -.120E-08   -.122E-08
    6    6   -.822E-09   -.839E-09
  4  3  0    4  4  1        42
    1    1   -.338E+02   -.338E+02
    1    2   -.491E+01   -.498E+01
    1    3   -.162E+01   -.166E+01
    1    4   -.746E+00   -.773E+00
    1    5   -.413E+00   -.430E+00
    1    6   -.255E+00   -.267E+00
    2    1   -.151E+01    .000E+00
    2    2   -.280E+02   -.277E+02
    2    3   -.598E+01   -.587E+01
    2    4   -.231E+01   -.226E+01
    2    5   -.116E+01   -.113E+01
    2    6   -.680E+00   -.661E+00
    3    1    .479E+00    .478E+00
    3    2   -.419E+01    .000E+00
    3    3   -.236E+02   -.232E+02
    3    4   -.603E+01   -.591E+01
    3    5   -.255E+01   -.248E+01
    3    6   -.135E+01   -.132E+01
    4    1    .945E-01    .951E-01
    4    2    .159E+01    .165E+01
    4    3   -.888E+01    .000E+00
    4    4   -.190E+02   -.187E+02
    4    5   -.555E+01   -.544E+01
    4    6   -.251E+01   -.245E+01
    5    1    .460E-01    .467E-01
    5    2    .353E+00    .369E+00
    5    3    .391E+01    .402E+01
    5    4   -.178E+02    .000E+00
    5    5   -.126E+02   -.124E+02
    5    6   -.433E+01   -.426E+01
    6    1    .348E-01    .356E-01
    6    2    .178E+00    .185E+00
    6    3    .895E+00    .920E+00
    6    4    .951E+01    .964E+01
    6    5   -.347E+02    .000E+00
    6    6   -.372E+01   -.366E+01
    7    1    .234E-01    .240E-01
    7    2    .877E-01    .885E-01
    7    3    .299E+00    .302E+00
    7    4    .133E+01    .134E+01
    7    5    .214E+02    .215E+02
    7    6   -.543E+02   -.544E+02
  4  4  0    4  4  1        66
    1    1   -.231E+01   -.208E+01
    1    2   -.282E+00   -.243E+00
    1    3   -.837E-01   -.704E-01
    1    4   -.358E-01   -.296E-01
    1    5   -.187E-01   -.152E-01
    1    6   -.111E-01   -.888E-02
    2    1    .215E-01    .000E+00
    2    2   -.210E+01   -.197E+01
    2    3   -.390E+00   -.351E+00
    2    4   -.141E+00   -.123E+00
    2    5   -.677E-01   -.580E-01
    2    6   -.384E-01   -.324E-01
    3    1    .335E-02    .394E-02
    3    2    .334E-01    .000E+00
    3    3   -.197E+01   -.188E+01
    3    4   -.426E+00   -.394E+00
    3    5   -.167E+00   -.151E+00
    3    6   -.848E-01   -.756E-01
    4    1    .229E+01    .214E+01
    4    2    .252E-01    .000E+00
    4    3   -.866E-03   -.221E-03
    4    4   -.524E-03   -.154E-03
    4    5   -.295E-03   -.818E-04
    4    6   -.180E-03   -.469E-04
    5    1    .929E-03    .109E-02
    5    2    .238E-01    .274E-01
    5    3    .413E-01    .000E+00
    5    4   -.191E+01   -.185E+01
    5    5   -.444E+00   -.420E+00
    5    6   -.182E+00   -.169E+00
    6    1    .301E+00    .271E+00
    6    2    .205E+01    .195E+01
    6    3    .635E-01    .000E+00
    6    4   -.281E-01   -.319E-01
    6    5   -.417E-02   -.519E-02
    6    6   -.130E-02   -.175E-02
    7    1    .535E-03    .604E-03
    7    2    .554E-02    .656E-02
    7    3    .631E-01    .686E-01
    7    4    .503E-01    .000E+00
    7    5   -.190E+01   -.185E+01
    7    6   -.458E+00   -.440E+00
    8    1    .935E-01    .820E-01
    8    2    .389E+00    .360E+00
    8    3    .192E+01    .185E+01
    8    4    .102E+00    .000E+00
    8    5   -.876E-01   -.927E-01
    8    6   -.153E-01   -.168E-01
    9    1    .350E-03    .383E-03
    9    2    .243E-02    .288E-02
    9    3    .136E-01    .152E-01
    9    4    .113E+00    .120E+00
    9    5    .602E-01    .000E+00
    9    6   -.192E+01   -.188E+01
   10    1    .415E-01    .357E-01
   10    2    .140E+00    .127E+00
   10    3    .423E+00    .400E+00
   10    4    .185E+01    .180E+01
   10    5    .137E+00    .000E+00
   10    6   -.149E+00   -.154E+00
   11    1    .243E-03    .259E-03
   11    2    .135E-02    .159E-02
   11    3    .551E-02    .624E-02
   11    4    .240E-01    .259E-01
   11    5    .170E+00    .177E+00
   11    6    .703E-01    .000E+00
  0  0  0    0  0  0         0
