    8    3    F
  2  0  0    2  1  1        81
    1    1   -.396E+00    .000E+00
    1    2   -.530E+00   -.530E+00
    1    3   -.148E+00   -.149E+00
    1    4   -.639E-01   -.646E-01
    1    5   -.338E-01   -.342E-01
    1    6   -.202E-01   -.205E-01
    1    7   -.131E-01   -.133E-01
    1    8   -.897E-02   -.910E-02
    1    9   -.643E-02   -.652E-02
    2    1    .173E+00    .170E+00
    2    2   -.667E+00    .000E+00
    2    3   -.554E+00   -.531E+00
    2    4   -.164E+00   -.155E+00
    2    5   -.742E-01   -.694E-01
    2    6   -.407E-01   -.379E-01
    2    7   -.250E-01   -.232E-01
    2    8   -.166E-01   -.154E-01
    2    9   -.116E-01   -.108E-01
    3    1    .343E-01    .339E-01
    3    2    .383E+00    .384E+00
    3    3   -.919E+00    .000E+00
    3    4   -.599E+00    .000E+00
    3    5   -.181E+00   -.177E+00
    3    6   -.832E-01   -.809E-01
    3    7   -.465E-01   -.451E-01
    3    8   -.291E-01   -.282E-01
    3    9   -.196E-01   -.190E-01
    4    1    .132E-01    .131E-01
    4    2    .777E-01    .780E-01
    4    3    .607E+00    .000E+00
    4    4   -.116E+01    .000E+00
    4    5   -.653E+00    .000E+00
    4    6   -.198E+00    .000E+00
    4    7   -.918E-01    .000E+00
    4    8   -.518E-01    .000E+00
    4    9   -.327E-01    .000E+00
    5    1    .659E-02    .658E-02
    5    2    .305E-01    .306E-01
    5    3    .124E+00    .126E+00
    5    4    .838E+00    .000E+00
    5    5   -.141E+01    .000E+00
    5    6   -.711E+00    .000E+00
    5    7   -.215E+00    .000E+00
    5    8   -.100E+00    .000E+00
    5    9   -.568E-01    .000E+00
    6    1    .381E-02    .381E-02
    6    2    .156E-01    .157E-01
    6    3    .493E-01    .498E-01
    6    4    .172E+00    .000E+00
    6    5    .107E+01    .000E+00
    6    6   -.165E+01    .000E+00
    6    7   -.771E+00    .000E+00
    6    8   -.233E+00    .000E+00
    6    9   -.108E+00    .000E+00
    7    1    .242E-02    .242E-02
    7    2    .921E-02    .924E-02
    7    3    .255E-01    .257E-01
    7    4    .686E-01    .000E+00
    7    5    .220E+00    .000E+00
    7    6    .131E+01    .000E+00
    7    7   -.189E+01    .000E+00
    7    8   -.833E+00    .000E+00
    7    9   -.251E+00    .000E+00
    8    1    .164E-02    .164E-02
    8    2    .595E-02    .597E-02
    8    3    .152E-01    .153E-01
    8    4    .357E-01    .000E+00
    8    5    .881E-01    .000E+00
    8    6    .269E+00    .000E+00
    8    7    .155E+01    .000E+00
    8    8   -.213E+01    .000E+00
    8    9   -.896E+00    .000E+00
    9    1    .116E-02    .117E-02
    9    2    .409E-02    .410E-02
    9    3    .991E-02    .999E-02
    9    4    .214E-01    .000E+00
    9    5    .460E-01    .000E+00
    9    6    .108E+00    .000E+00
    9    7    .318E+00    .000E+00
    9    8    .178E+01    .000E+00
    9    9   -.236E+01    .000E+00
  2  1  1    2  2  0        72
    1    1   -.394E+01   -.394E+01
    1    2   -.735E+00   -.738E+00
    1    3   -.274E+00   -.275E+00
    1    4   -.135E+00   -.136E+00
    1    5   -.773E-01   -.777E-01
    1    6   -.488E-01   -.490E-01
    1    7   -.329E-01   -.331E-01
    1    8   -.233E-01   -.234E-01
    2    1   -.284E+00    .000E+00
    2    2   -.334E+01   -.325E+01
    2    3   -.802E+00   -.774E+00
    2    4   -.331E+00   -.319E+00
    2    5   -.173E+00   -.167E+00
    2    6   -.104E+00   -.996E-01
    2    7   -.673E-01   -.648E-01
    2    8   -.466E-01   -.448E-01
    3    1    .153E+00    .156E+00
    3    2   -.505E+00    .000E+00
    3    3   -.320E+01    .000E+00
    3    4   -.832E+00   -.822E+00
    3    5   -.359E+00   -.354E+00
    3    6   -.194E+00   -.191E+00
    3    7   -.118E+00   -.117E+00
    3    8   -.785E-01   -.775E-01
    4    1    .297E-01    .302E-01
    4    2    .374E+00    .000E+00
    4    3   -.702E+00    .000E+00
    4    4   -.323E+01    .000E+00
    4    5   -.865E+00    .000E+00
    4    6   -.381E+00    .000E+00
    4    7   -.209E+00    .000E+00
    4    8   -.129E+00    .000E+00
    5    1    .113E-01    .114E-01
    5    2    .758E-01    .768E-01
    5    3    .634E+00    .000E+00
    5    4   -.888E+00    .000E+00
    5    5   -.333E+01    .000E+00
    5    6   -.902E+00    .000E+00
    5    7   -.402E+00    .000E+00
    5    8   -.222E+00    .000E+00
    6    1    .561E-02    .566E-02
    6    2    .293E-01    .296E-01
    6    3    .132E+00    .000E+00
    6    4    .916E+00    .000E+00
    6    5   -.107E+01    .000E+00
    6    6   -.347E+01    .000E+00
    6    7   -.943E+00    .000E+00
    6    8   -.422E+00    .000E+00
    7    1    .326E-02    .327E-02
    7    2    .148E-01    .149E-01
    7    3    .514E-01    .000E+00
    7    4    .193E+00    .000E+00
    7    5    .121E+01    .000E+00
    7    6   -.124E+01    .000E+00
    7    7   -.363E+01    .000E+00
    7    8   -.988E+00    .000E+00
    8    1    .208E-02    .209E-02
    8    2    .871E-02    .873E-02
    8    3    .263E-01    .000E+00
    8    4    .762E-01    .000E+00
    8    5    .258E+00    .000E+00
    8    6    .152E+01    .000E+00
    8    7   -.141E+01    .000E+00
    8    8   -.381E+01    .000E+00
    9    1    .142E-02    .142E-02
    9    2    .562E-02    .562E-02
    9    3    .156E-01    .000E+00
    9    4    .392E-01    .000E+00
    9    5    .103E+00    .000E+00
    9    6    .326E+00    .000E+00
    9    7    .184E+01    .000E+00
    9    8   -.159E+01    .000E+00
  0  0  0    0  0  0         0
