    9    3    F
  2  0  0    2  1  1        81
    1    1   -.343E+00    .000E+00
    1    2   -.570E+00   -.570E+00
    1    3   -.156E+00   -.157E+00
    1    4   -.667E-01   -.674E-01
    1    5   -.352E-01   -.356E-01
    1    6   -.210E-01   -.212E-01
    1    7   -.136E-01   -.137E-01
    1    8   -.931E-02   -.942E-02
    1    9   -.667E-02   -.675E-02
    2    1    .159E+00    .156E+00
    2    2   -.579E+00    .000E+00
    2    3   -.603E+00   -.576E+00
    2    4   -.175E+00   -.164E+00
    2    5   -.782E-01   -.729E-01
    2    6   -.427E-01   -.397E-01
    2    7   -.262E-01   -.243E-01
    2    8   -.174E-01   -.161E-01
    2    9   -.122E-01   -.113E-01
    3    1    .320E-01    .318E-01
    3    2    .354E+00    .356E+00
    3    3   -.797E+00    .000E+00
    3    4   -.656E+00    .000E+00
    3    5   -.193E+00   -.189E+00
    3    6   -.882E-01   -.861E-01
    3    7   -.490E-01   -.478E-01
    3    8   -.306E-01   -.298E-01
    3    9   -.206E-01   -.200E-01
    4    1    .123E-01    .123E-01
    4    2    .730E-01    .734E-01
    4    3    .563E+00    .000E+00
    4    4   -.101E+01    .000E+00
    4    5   -.718E+00    .000E+00
    4    6   -.212E+00    .000E+00
    4    7   -.976E-01    .000E+00
    4    8   -.548E-01    .000E+00
    4    9   -.345E-01   -.341E-01
    5    1    .619E-02    .621E-02
    5    2    .288E-01    .290E-01
    5    3    .117E+00    .118E+00
    5    4    .778E+00    .000E+00
    5    5   -.122E+01    .000E+00
    5    6   -.784E+00    .000E+00
    5    7   -.232E+00    .000E+00
    5    8   -.107E+00    .000E+00
    5    9   -.602E-01    .000E+00
    6    1    .359E-02    .361E-02
    6    2    .148E-01    .148E-01
    6    3    .468E-01    .470E-01
    6    4    .163E+00    .000E+00
    6    5    .998E+00    .000E+00
    6    6   -.143E+01    .000E+00
    6    7   -.853E+00    .000E+00
    6    8   -.251E+00    .000E+00
    6    9   -.116E+00    .000E+00
    7    1    .228E-02    .229E-02
    7    2    .874E-02    .876E-02
    7    3    .242E-01    .243E-01
    7    4    .653E-01    .000E+00
    7    5    .209E+00    .000E+00
    7    6    .122E+01    .000E+00
    7    7   -.164E+01    .000E+00
    7    8   -.923E+00    .000E+00
    7    9   -.271E+00    .000E+00
    8    1    .154E-02    .155E-02
    8    2    .564E-02    .566E-02
    8    3    .145E-01    .145E-01
    8    4    .340E-01    .000E+00
    8    5    .840E-01    .000E+00
    8    6    .256E+00    .000E+00
    8    7    .144E+01    .000E+00
    8    8   -.185E+01    .000E+00
    8    9   -.994E+00    .000E+00
    9    1    .109E-02    .111E-02
    9    2    .388E-02    .389E-02
    9    3    .945E-02    .945E-02
    9    4    .204E-01    .204E-01
    9    5    .439E-01    .000E+00
    9    6    .103E+00    .000E+00
    9    7    .302E+00    .000E+00
    9    8    .166E+01    .000E+00
    9    9   -.205E+01    .000E+00
  2  1  1    2  2  0        72
    1    1   -.396E+01   -.396E+01
    1    2   -.734E+00   -.737E+00
    1    3   -.273E+00   -.274E+00
    1    4   -.134E+00   -.135E+00
    1    5   -.769E-01   -.772E-01
    1    6   -.485E-01   -.487E-01
    1    7   -.327E-01   -.329E-01
    1    8   -.232E-01   -.233E-01
    2    1   -.255E+00    .000E+00
    2    2   -.338E+01   -.328E+01
    2    3   -.806E+00   -.779E+00
    2    4   -.332E+00   -.321E+00
    2    5   -.173E+00   -.168E+00
    2    6   -.104E+00   -.100E+00
    2    7   -.673E-01   -.652E-01
    2    8   -.465E-01   -.451E-01
    3    1    .148E+00    .151E+00
    3    2   -.452E+00    .000E+00
    3    3   -.325E+01    .000E+00
    3    4   -.839E+00   -.831E+00
    3    5   -.361E+00   -.358E+00
    3    6   -.194E+00   -.193E+00
    3    7   -.119E+00   -.118E+00
    3    8   -.787E-01   -.780E-01
    4    1    .289E-01    .292E-01
    4    2    .364E+00    .000E+00
    4    3   -.629E+00    .000E+00
    4    4   -.328E+01    .000E+00
    4    5   -.873E+00    .000E+00
    4    6   -.384E+00    .000E+00
    4    7   -.210E+00    .000E+00
    4    8   -.130E+00   -.130E+00
    5    1    .109E-01    .110E-01
    5    2    .740E-01    .740E-01
    5    3    .617E+00    .000E+00
    5    4   -.795E+00    .000E+00
    5    5   -.339E+01    .000E+00
    5    6   -.912E+00    .000E+00
    5    7   -.405E+00    .000E+00
    5    8   -.224E+00    .000E+00
    6    1    .546E-02    .544E-02
    6    2    .286E-01    .284E-01
    6    3    .128E+00    .000E+00
    6    4    .893E+00    .000E+00
    6    5   -.955E+00    .000E+00
    6    6   -.353E+01    .000E+00
    6    7   -.955E+00    .000E+00
    6    8   -.426E+00    .000E+00
    7    1    .317E-02    .314E-02
    7    2    .145E-01    .143E-01
    7    3    .503E-01    .000E+00
    7    4    .189E+00    .000E+00
    7    5    .118E+01    .000E+00
    7    6   -.111E+01    .000E+00
    7    7   -.370E+01    .000E+00
    7    8   -.100E+01    .000E+00
    8    1    .203E-02    .200E-02
    8    2    .851E-02    .837E-02
    8    3    .257E-01    .000E+00
    8    4    .746E-01    .000E+00
    8    5    .253E+00    .000E+00
    8    6    .148E+01    .000E+00
    8    7   -.127E+01    .000E+00
    8    8   -.388E+01    .000E+00
    9    1    .138E-02    .136E-02
    9    2    .549E-02    .539E-02
    9    3    .152E-01    .151E-01
    9    4    .384E-01    .000E+00
    9    5    .101E+00    .000E+00
    9    6    .320E+00    .000E+00
    9    7    .179E+01    .000E+00
    9    8   -.142E+01    .000E+00
  0  0  0    0  0  0         0
