   10    2    F
  1  0  0    1  1  1        90
    1    1   -.723E+00   -.723E+00
    1    2   -.149E+00   -.150E+00
    1    3   -.560E-01   -.561E-01
    1    4   -.271E-01   -.273E-01
    1    5   -.153E-01   -.153E-01
    1    6   -.946E-02   -.949E-02
    1    7   -.627E-02   -.629E-02
    1    8   -.437E-02   -.438E-02
    1    9   -.317E-02   -.318E-02
    2    1   -.526E-01    .000E+00
    2    2   -.386E+00   -.387E+00
    2    3   -.958E-01   -.958E-01
    2    4   -.396E-01   -.397E-01
    2    5   -.206E-01   -.206E-01
    2    6   -.122E-01   -.122E-01
    2    7   -.784E-02   -.785E-02
    2    8   -.536E-02   -.536E-02
    2    9   -.383E-02   -.384E-02
    3    1    .535E-01    .532E-01
    3    2   -.923E-01    .000E+00
    3    3   -.423E+00   -.424E+00
    3    4   -.111E+00   -.112E+00
    3    5   -.478E-01   -.481E-01
    3    6   -.257E-01   -.258E-01
    3    7   -.156E-01   -.157E-01
    3    8   -.103E-01   -.103E-01
    3    9   -.716E-02   -.717E-02
    4    1    .117E-01    .116E-01
    4    2    .121E+00    .120E+00
    4    3   -.129E+00    .000E+00
    4    4   -.470E+00    .000E+00
    4    5   -.125E+00   -.121E+00
    4    6   -.550E-01   -.540E-01
    4    7   -.300E-01   -.298E-01
    4    8   -.185E-01   -.185E-01
    4    9   -.124E-01   -.124E-01
    5    1    .460E-02    .459E-02
    5    2    .270E-01    .270E-01
    5    3    .196E+00    .000E+00
    5    4   -.163E+00    .000E+00
    5    5   -.522E+00    .000E+00
    5    6   -.139E+00    .000E+00
    5    7   -.617E-01    .000E+00
    5    8   -.340E-01    .000E+00
    5    9   -.211E-01    .000E+00
    6    1    .234E-02    .233E-02
    6    2    .109E-01    .110E-01
    6    3    .441E-01    .431E-01
    6    4    .273E+00    .000E+00
    6    5   -.198E+00    .000E+00
    6    6   -.575E+00    .000E+00
    6    7   -.154E+00    .000E+00
    6    8   -.682E-01    .000E+00
    6    9   -.377E-01    .000E+00
    7    1    .136E-02    .136E-02
    7    2    .566E-02    .572E-02
    7    3    .180E-01    .175E-01
    7    4    .619E-01    .000E+00
    7    5    .353E+00    .000E+00
    7    6   -.232E+00    .000E+00
    7    7   -.631E+00    .000E+00
    7    8   -.168E+00    .000E+00
    7    9   -.745E-01    .000E+00
    8    1    .872E-03    .868E-03
    8    2    .337E-02    .340E-02
    8    3    .943E-02    .913E-02
    8    4    .254E-01    .000E+00
    8    5    .800E-01    .000E+00
    8    6    .433E+00    .000E+00
    8    7   -.266E+00    .000E+00
    8    8   -.687E+00    .000E+00
    8    9   -.182E+00    .000E+00
    9    1    .593E-03    .590E-03
    9    2    .219E-02    .221E-02
    9    3    .567E-02    .548E-02
    9    4    .134E-01    .000E+00
    9    5    .330E-01    .000E+00
    9    6    .985E-01    .000E+00
    9    7    .514E+00    .000E+00
    9    8   -.300E+00    .000E+00
    9    9   -.743E+00    .000E+00
   10    1    .422E-03    .420E-03
   10    2    .151E-02    .153E-02
   10    3    .372E-02    .359E-02
   10    4    .810E-02    .000E+00
   10    5    .175E-01    .000E+00
   10    6    .406E-01    .000E+00
   10    7    .117E+00    .000E+00
   10    8    .596E+00    .000E+00
   10    9   -.334E+00    .000E+00
  1  2  0    1  1  1        72
    1    1    .210E+01    .210E+01
    1    2   -.294E-01    .000E+00
    1    3   -.511E-01   -.513E-01
    1    4   -.104E-01   -.105E-01
    1    5   -.395E-02   -.400E-02
    1    6   -.198E-02   -.199E-02
    1    7   -.115E-02   -.115E-02
    1    8   -.736E-03   -.735E-03
    1    9   -.502E-03   -.500E-03
    2    1    .360E+00    .360E+00
    2    2    .189E+01    .189E+01
    2    3   -.489E-01    .000E+00
    2    4   -.131E+00    .000E+00
    2    5   -.276E-01   -.255E-01
    2    6   -.108E-01   -.102E-01
    2    7   -.549E-02   -.536E-02
    2    8   -.323E-02   -.323E-02
    2    9   -.209E-02   -.212E-02
    3    1    .130E+00    .130E+00
    3    2    .420E+00    .422E+00
    3    3    .187E+01    .000E+00
    3    4   -.658E-01    .000E+00
    3    5   -.227E+00    .000E+00
    3    6   -.492E-01    .000E+00
    3    7   -.195E-01    .000E+00
    3    8   -.100E-01    .000E+00
    3    9   -.594E-02    .000E+00
    4    1    .631E-01    .632E-01
    4    2    .168E+00    .169E+00
    4    3    .451E+00    .445E+00
    4    4    .193E+01    .000E+00
    4    5   -.818E-01    .000E+00
    4    6   -.333E+00    .000E+00
    4    7   -.735E-01    .000E+00
    4    8   -.294E-01    .000E+00
    4    9   -.152E-01    .000E+00
    5    1    .359E-01    .359E-01
    5    2    .868E-01    .873E-01
    5    3    .189E+00    .186E+00
    5    4    .478E+00    .000E+00
    5    5    .201E+01    .000E+00
    5    6   -.977E-01    .000E+00
    5    7   -.446E+00    .000E+00
    5    8   -.997E-01    .000E+00
    5    9   -.401E-01    .000E+00
    6    1    .226E-01    .226E-01
    6    2    .514E-01    .517E-01
    6    3    .100E+00    .990E-01
    6    4    .205E+00    .000E+00
    6    5    .506E+00    .000E+00
    6    6    .211E+01    .000E+00
    6    7   -.113E+00    .000E+00
    6    8   -.563E+00    .000E+00
    6    9   -.127E+00    .000E+00
    7    1    .152E-01    .152E-01
    7    2    .333E-01    .334E-01
    7    3    .608E-01    .600E-01
    7    4    .110E+00    .000E+00
    7    5    .219E+00    .000E+00
    7    6    .535E+00    .000E+00
    7    7    .223E+01    .000E+00
    7    8   -.129E+00    .000E+00
    7    9   -.684E+00    .000E+00
    8    1    .107E-01    .107E-01
    8    2    .229E-01    .230E-01
    8    3    .401E-01    .396E-01
    8    4    .679E-01    .000E+00
    8    5    .119E+00    .000E+00
    8    6    .233E+00    .000E+00
    8    7    .564E+00    .000E+00
    8    8    .235E+01    .000E+00
    8    9   -.145E+00    .000E+00
  3  0  0    3  1  1        81
    1    1   -.223E+00    .000E+00
    1    2   -.109E+01   -.110E+01
    1    3   -.276E+00   -.276E+00
    1    4   -.115E+00   -.115E+00
    1    5   -.600E-01   -.600E-01
    1    6   -.355E-01   -.355E-01
    1    7   -.229E-01   -.229E-01
    1    8   -.157E-01   -.156E-01
    1    9   -.112E-01   -.112E-01
    2    1    .166E+00    .166E+00
    2    2   -.374E+00    .000E+00
    2    3   -.120E+01   -.120E+01
    2    4   -.319E+00   -.321E+00
    2    5   -.139E+00   -.139E+00
    2    6   -.746E-01   -.747E-01
    2    7   -.454E-01   -.454E-01
    2    8   -.299E-01   -.299E-01
    2    9   -.209E-01   -.208E-01
    3    1    .354E-01    .354E-01
    3    2    .383E+00    .380E+00
    3    3   -.515E+00    .000E+00
    3    4   -.133E+01    .000E+00
    3    5   -.360E+00   -.350E+00
    3    6   -.159E+00   -.157E+00
    3    7   -.871E-01   -.867E-01
    3    8   -.538E-01   -.540E-01
    3    9   -.359E-01   -.363E-01
    4    1    .139E-01    .139E-01
    4    2    .841E-01    .846E-01
    4    3    .620E+00    .000E+00
    4    4   -.649E+00    .000E+00
    4    5   -.148E+01    .000E+00
    4    6   -.401E+00    .000E+00
    4    7   -.178E+00    .000E+00
    4    8   -.985E-01    .000E+00
    4    9   -.614E-01    .000E+00
    5    1    .701E-02    .702E-02
    5    2    .338E-01    .342E-01
    5    3    .138E+00    .135E+00
    5    4    .866E+00    .000E+00
    5    5   -.786E+00    .000E+00
    5    6   -.163E+01    .000E+00
    5    7   -.442E+00    .000E+00
    5    8   -.197E+00    .000E+00
    5    9   -.109E+00    .000E+00
    6    1    .408E-02    .409E-02
    6    2    .175E-01    .177E-01
    6    3    .560E-01    .545E-01
    6    4    .193E+00    .000E+00
    6    5    .112E+01    .000E+00
    6    6   -.924E+00    .000E+00
    6    7   -.178E+01    .000E+00
    6    8   -.482E+00    .000E+00
    6    9   -.215E+00    .000E+00
    7    1    .260E-02    .260E-02
    7    2    .104E-01    .105E-01
    7    3    .293E-01    .284E-01
    7    4    .791E-01    .000E+00
    7    5    .250E+00    .000E+00
    7    6    .137E+01    .000E+00
    7    7   -.106E+01    .000E+00
    7    8   -.194E+01    .000E+00
    7    9   -.523E+00    .000E+00
    8    1    .177E-02    .177E-02
    8    2    .673E-02    .684E-02
    8    3    .176E-01    .170E-01
    8    4    .416E-01    .000E+00
    8    5    .103E+00    .000E+00
    8    6    .308E+00    .000E+00
    8    7    .163E+01    .000E+00
    8    8   -.119E+01    .000E+00
    8    9   -.210E+01    .000E+00
    9    1    .126E-02    .126E-02
    9    2    .464E-02    .471E-02
    9    3    .115E-01    .111E-01
    9    4    .251E-01    .000E+00
    9    5    .542E-01    .000E+00
    9    6    .127E+00    .000E+00
    9    7    .366E+00    .000E+00
    9    8    .189E+01    .000E+00
    9    9   -.133E+01    .000E+00
  3  2  0    3  1  1        72
    1    1    .605E+01    .605E+01
    1    2    .262E+00    .000E+00
    1    3   -.203E+00   -.203E+00
    1    4   -.399E-01   -.404E-01
    1    5   -.151E-01   -.153E-01
    1    6   -.756E-02   -.759E-02
    1    7   -.439E-02   -.439E-02
    1    8   -.280E-02   -.280E-02
    1    9   -.191E-02   -.190E-02
    2    1    .110E+01    .110E+01
    2    2    .522E+01    .521E+01
    2    3    .459E+00    .000E+00
    2    4   -.502E+00    .000E+00
    2    5   -.103E+00   -.964E-01
    2    6   -.399E-01   -.384E-01
    2    7   -.202E-01   -.200E-01
    2    8   -.119E-01   -.120E-01
    2    9   -.768E-02   -.790E-02
    3    1    .408E+00    .408E+00
    3    2    .122E+01    .123E+01
    3    3    .507E+01    .000E+00
    3    4    .629E+00    .000E+00
    3    5   -.855E+00    .000E+00
    3    6   -.180E+00    .000E+00
    3    7   -.707E-01    .000E+00
    3    8   -.362E-01    .000E+00
    3    9   -.214E-01    .000E+00
    4    1    .200E+00    .201E+00
    4    2    .501E+00    .503E+00
    4    3    .128E+01    .127E+01
    4    4    .515E+01    .000E+00
    4    5    .800E+00    .000E+00
    4    6   -.124E+01    .000E+00
    4    7   -.266E+00    .000E+00
    4    8   -.105E+00    .000E+00
    4    9   -.542E-01    .000E+00
    5    1    .115E+00    .115E+00
    5    2    .261E+00    .262E+00
    5    3    .549E+00    .541E+00
    5    4    .134E+01    .000E+00
    5    5    .533E+01    .000E+00
    5    6    .960E+00    .000E+00
    5    7   -.165E+01    .000E+00
    5    8   -.357E+00    .000E+00
    5    9   -.142E+00    .000E+00
    6    1    .724E-01    .724E-01
    6    2    .155E+00    .156E+00
    6    3    .295E+00    .291E+00
    6    4    .587E+00    .000E+00
    6    5    .141E+01    .000E+00
    6    6    .558E+01    .000E+00
    6    7    .111E+01    .000E+00
    6    8   -.207E+01    .000E+00
    6    9   -.452E+00    .000E+00
    7    1    .488E-01    .488E-01
    7    2    .101E+00    .101E+00
    7    3    .180E+00    .177E+00
    7    4    .320E+00    .000E+00
    7    5    .622E+00    .000E+00
    7    6    .148E+01    .000E+00
    7    7    .585E+01    .000E+00
    7    8    .127E+01    .000E+00
    7    9   -.250E+01    .000E+00
    8    1    .346E-01    .346E-01
    8    2    .698E-01    .701E-01
    8    3    .119E+00    .118E+00
    8    4    .198E+00    .000E+00
    8    5    .342E+00    .000E+00
    8    6    .656E+00    .000E+00
    8    7    .155E+01    .000E+00
    8    8    .615E+01    .000E+00
    8    9    .142E+01    .000E+00
  0  0  0    0  0  0         0
