   10   10    F
  1  0  0    1  1  1       153
    1    1   -.170E+00   -.150E+00
    1    2   -.348E-01   -.307E-01
    1    3   -.231E-01   -.194E-01
    1    4   -.127E-01   -.112E-01
    1    5   -.125E-01   -.105E-01
    1    6   -.607E-02   -.534E-02
    1    7   -.702E-02   -.590E-02
    1    8   -.337E-02   -.296E-02
    1    9   -.424E-02   -.356E-02
    1   10   -.206E-02   -.181E-02
    1   11   -.274E-02   -.230E-02
    1   12   -.135E-02   -.119E-02
    1   13   -.186E-02   -.157E-02
    1   14   -.937E-03   -.823E-03
    1   15   -.132E-02   -.111E-02
    1   16   -.675E-03   -.593E-03
    1   17   -.971E-03   -.815E-03
    2    1    .376E+00    .369E+00
    2    2   -.196E+00    .000E+00
    2    3   -.101E+01   -.988E+00
    2    4   -.126E-01   -.119E-01
    2    5   -.410E-01   -.392E-01
    2    6   -.394E-02   -.369E-02
    2    7   -.785E-02   -.733E-02
    2    8   -.182E-02   -.170E-02
    2    9   -.263E-02   -.242E-02
    2   10   -.101E-02   -.943E-03
    2   11   -.118E-02   -.107E-02
    2   12   -.626E-03   -.583E-03
    2   13   -.631E-03   -.566E-03
    2   14   -.417E-03   -.388E-03
    2   15   -.378E-03   -.337E-03
    2   16   -.292E-03   -.272E-03
    2   17   -.245E-03   -.217E-03
    3    1    .193E-01    .186E-01
    3    2    .476E+00    .000E+00
    3    3    .334E+00    .000E+00
    3    4   -.324E+00    .000E+00
    3    5   -.130E+01    .000E+00
    3    6   -.152E-01    .000E+00
    3    7   -.833E-01    .000E+00
    3    8   -.457E-02    .000E+00
    3    9   -.205E-01   -.200E-01
    3   10   -.211E-02   -.203E-02
    3   11   -.808E-02   -.783E-02
    3   12   -.118E-02   -.114E-02
    3   13   -.404E-02   -.390E-02
    3   14   -.740E-03   -.712E-03
    3   15   -.233E-02   -.225E-02
    3   16   -.498E-03   -.479E-03
    3   17   -.148E-02   -.142E-02
    4    1    .522E-02    .502E-02
    4    2    .316E-01    .309E-01
    4    3    .898E-02    .000E+00
    4    4    .585E+00    .000E+00
    4    5    .649E+00    .000E+00
    4    6   -.450E+00    .000E+00
    4    7   -.157E+01    .000E+00
    4    8   -.177E-01    .000E+00
    4    9   -.119E+00    .000E+00
    4   10   -.513E-02    .000E+00
    4   11   -.324E-01    .000E+00
    4   12   -.235E-02    .000E+00
    4   13   -.136E-01    .000E+00
    4   14   -.132E-02    .000E+00
    4   15   -.709E-02    .000E+00
    4   16   -.830E-03    .000E+00
    4   17   -.422E-02    .000E+00
    5    1    .223E-02    .214E-02
    5    2    .898E-02    .876E-02
    5    3    .254E-02    .230E-02
    5    4    .431E-01    .000E+00
    5    5    .168E-01    .000E+00
    5    6    .694E+00    .000E+00
    5    7    .952E+00    .000E+00
    5    8   -.575E+00    .000E+00
    5    9   -.183E+01    .000E+00
    5   10   -.201E-01    .000E+00
    5   11   -.151E+00    .000E+00
    5   12   -.567E-02    .000E+00
    5   13   -.433E-01    .000E+00
    5   14   -.257E-02    .000E+00
    5   15   -.188E-01    .000E+00
    5   16   -.144E-02    .000E+00
    5   17   -.100E-01    .000E+00
    6    1    .118E-02    .113E-02
    6    2    .394E-02    .384E-02
    6    3    .114E-02    .102E-02
    6    4    .127E-01    .000E+00
    6    5    .468E-02    .000E+00
    6    6    .540E-01    .000E+00
    6    7    .231E-01    .000E+00
    6    8    .803E+00    .000E+00
    6    9    .125E+01    .000E+00
    6   10   -.699E+00    .000E+00
    6   11   -.207E+01    .000E+00
    6   12   -.225E-01    .000E+00
    6   13   -.180E+00    .000E+00
    6   14   -.618E-02    .000E+00
    6   15   -.534E-01    .000E+00
    6   16   -.278E-02    .000E+00
    6   17   -.237E-01    .000E+00
    7    1    .706E-03    .676E-03
    7    2    .213E-02    .207E-02
    7    3    .627E-03    .562E-03
    7    4    .566E-02    .000E+00
    7    5    .211E-02    .000E+00
    7    6    .162E-01    .000E+00
    7    7    .634E-02    .000E+00
    7    8    .646E-01    .000E+00
    7    9    .285E-01    .000E+00
    7   10    .912E+00    .000E+00
    7   11    .154E+01    .000E+00
    7   12   -.823E+00    .000E+00
    7   13   -.232E+01    .000E+00
    7   14   -.249E-01    .000E+00
    7   15   -.208E+00    .000E+00
    7   16   -.669E-02    .000E+00
    7   17   -.630E-01    .000E+00
    8    1    .459E-03    .439E-03
    8    2    .130E-02    .126E-02
    8    3    .387E-03    .347E-03
    8    4    .310E-02    .000E+00
    8    5    .117E-02    .000E+00
    8    6    .731E-02    .000E+00
    8    7    .285E-02    .000E+00
    8    8    .196E-01    .000E+00
    8    9    .765E-02    .000E+00
    8   10    .749E-01    .000E+00
    8   11    .332E-01    .000E+00
    8   12    .102E+01    .000E+00
    8   13    .183E+01    .000E+00
    8   14   -.947E+00    .000E+00
    8   15   -.256E+01    .000E+00
    8   16   -.273E-01    .000E+00
    8   17   -.235E+00    .000E+00
    9    1    .316E-03    .303E-03
    9    2    .856E-03    .831E-03
    9    3    .258E-03    .231E-03
    9    4    .191E-02    .000E+00
    9    5    .733E-03    .000E+00
    9    6    .404E-02    .000E+00
    9    7    .159E-02    .000E+00
    9    8    .891E-02    .000E+00
    9    9    .343E-02    .000E+00
    9   10    .229E-01    .000E+00
    9   11    .873E-02    .000E+00
    9   12    .850E-01    .000E+00
    9   13    .375E-01    .000E+00
    9   14    .113E+01    .000E+00
    9   15    .211E+01    .000E+00
    9   16   -.107E+01    .000E+00
    9   17   -.280E+01    .000E+00
  1  1  0    1  1  1       136
    1    1    .984E+00    .925E+00
    1    2   -.539E+00   -.501E+00
    1    3   -.661E+00   -.647E+00
    1    4   -.461E-01   -.410E-01
    1    5   -.600E-01   -.579E-01
    1    6   -.146E-01   -.128E-01
    1    7   -.170E-01   -.163E-01
    1    8   -.676E-02   -.585E-02
    1    9   -.728E-02   -.694E-02
    1   10   -.374E-02   -.322E-02
    1   11   -.385E-02   -.366E-02
    1   12   -.231E-02   -.198E-02
    1   13   -.230E-02   -.219E-02
    1   14   -.154E-02   -.132E-02
    1   15   -.150E-02   -.142E-02
    1   16   -.108E-02   -.921E-03
    1   17   -.103E-02   -.980E-03
    2    1    .805E-02    .621E-02
    2    2    .149E+01    .145E+01
    2    3    .161E+00    .153E+00
    2    4   -.985E+00   -.959E+00
    2    5   -.756E+00   -.748E+00
    2    6   -.801E-01   -.764E-01
    2    7   -.934E-01   -.920E-01
    2    8   -.254E-01   -.240E-01
    2    9   -.301E-01   -.295E-01
    2   10   -.119E-01   -.112E-01
    2   11   -.138E-01   -.135E-01
    2   12   -.666E-02   -.625E-02
    2   13   -.763E-02   -.747E-02
    2   14   -.417E-02   -.391E-02
    2   15   -.472E-02   -.462E-02
    2   16   -.281E-02   -.263E-02
    2   17   -.315E-02   -.308E-02
    3    1    .841E-03    .511E-03
    3    2    .268E-01    .244E-01
    3    3    .665E-03    .505E-03
    3    4    .196E+01    .193E+01
    3    5    .316E+00    .309E+00
    3    6   -.142E+01   -.140E+01
    3    7   -.852E+00   -.847E+00
    3    8   -.111E+00   -.108E+00
    3    9   -.118E+00   -.116E+00
    3   10   -.351E-01   -.340E-01
    3   11   -.400E-01   -.396E-01
    3   12   -.165E-01   -.159E-01
    3   13   -.191E-01   -.188E-01
    3   14   -.931E-02   -.896E-02
    3   15   -.108E-01   -.107E-01
    3   16   -.587E-02   -.565E-02
    3   17   -.680E-02   -.671E-02
    4    1    .193E-03    .901E-04
    4    2    .450E-02    .388E-02
    4    3    .217E-03    .163E-03
    4    4    .462E-01    .441E-01
    4    5    .469E-03    .379E-03
    4    6    .241E+01    .239E+01
    4    7    .464E+00    .458E+00
    4    8   -.184E+01   -.183E+01
    4    9   -.950E+00   -.946E+00
    4   10   -.141E+00   -.138E+00
    4   11   -.138E+00   -.137E+00
    4   12   -.443E-01   -.433E-01
    4   13   -.484E-01   -.481E-01
    4   14   -.208E-01   -.203E-01
    4   15   -.235E-01   -.233E-01
    4   16   -.118E-01   -.115E-01
    4   17   -.135E-01   -.134E-01
    5    1    .658E-04    .235E-04
    5    2    .145E-02    .120E-02
    5    3    .108E-03    .811E-04
    5    4    .898E-02    .836E-02
    5    5    .145E-03    .114E-03
    5    6    .653E-01    .634E-01
    5    7    .182E-03    .142E-03
    5    8    .286E+01    .284E+01
    5    9    .606E+00    .601E+00
    5   10   -.227E+01   -.225E+01
    5   11   -.105E+01   -.105E+01
    5   12   -.170E+00   -.168E+00
    5   13   -.156E+00   -.156E+00
    5   14   -.530E-01   -.522E-01
    5   15   -.559E-01   -.556E-01
    5   16   -.248E-01   -.244E-01
    5   17   -.275E-01   -.273E-01
    6    1    .287E-04    .783E-05
    6    2    .641E-03    .516E-03
    6    3    .632E-04    .475E-04
    6    4    .317E-02    .290E-02
    6    5    .771E-04    .605E-04
    6    6    .136E-01    .131E-01
    6    7    .459E-04    .331E-04
    6    8    .838E-01    .822E-01
    6    9    .182E-04    .942E-05
    6   10    .330E+01    .328E+01
    6   11    .745E+00    .740E+00
    6   12   -.269E+01   -.267E+01
    6   13   -.115E+01   -.115E+01
    6   14   -.198E+00   -.196E+00
    6   15   -.174E+00   -.173E+00
    6   16   -.615E-01   -.608E-01
    6   17   -.628E-01   -.626E-01
    7    1    .147E-04    .309E-05
    7    2    .340E-03    .268E-03
    7    3    .406E-04    .306E-04
    7    4    .149E-02    .135E-02
    7    5    .479E-04    .377E-04
    7    6    .504E-02    .478E-02
    7    7    .275E-04    .201E-04
    7    8    .183E-01    .178E-01
    7    9    .599E-06    .314E-09
    7   10    .102E+00    .101E+00
    7   11    .257E-04    .363E-04
    7   12    .374E+01    .373E+01
    7   13    .882E+00    .878E+00
    7   14   -.310E+01   -.310E+01
    7   15   -.125E+01   -.124E+01
    7   16   -.226E+00   -.224E+00
    7   17   -.191E+00   -.190E+00
    8    1    .848E-05    .138E-05
    8    2    .204E-03    .157E-03
    8    3    .278E-04    .209E-04
    8    4    .826E-03    .739E-03
    8    5    .322E-04    .255E-04
    8    6    .244E-02    .230E-02
    8    7    .191E-04    .142E-04
    8    8    .696E-02    .672E-02
    8    9    .121E-05    .255E-06
    8   10    .230E-01    .225E-01
    8   11    .285E-04    .357E-04
    8   12    .120E+00    .119E+00
    8   13    .201E-03    .223E-03
    8   14    .418E+01    .417E+01
    8   15    .102E+01    .101E+01
    8   16   -.352E+01   -.351E+01
    8   17   -.135E+01   -.134E+01
  1  1  0    1  2  1        64
    1    1   -.205E+01   -.204E+01
    1    2   -.195E+00   -.194E+00
    1    3   -.565E-01   -.563E-01
    1    4   -.245E-01   -.245E-01
    1    5   -.130E-01   -.130E-01
    1    6   -.785E-02   -.784E-02
    1    7   -.513E-02   -.513E-02
    1    8   -.355E-02   -.355E-02
    2    1    .550E+00    .545E+00
    2    2   -.236E+01   -.236E+01
    2    3   -.302E+00   -.302E+00
    2    4   -.985E-01   -.986E-01
    2    5   -.456E-01   -.457E-01
    2    6   -.253E-01   -.254E-01
    2    7   -.157E-01   -.157E-01
    2    8   -.105E-01   -.105E-01
    3    1    .598E-03    .556E-03
    3    2    .106E+01    .106E+01
    3    3   -.268E+01   -.268E+01
    3    4   -.379E+00   -.379E+00
    3    5   -.131E+00   -.131E+00
    3    6   -.626E-01   -.627E-01
    3    7   -.356E-01   -.356E-01
    3    8   -.225E-01   -.225E-01
    4    1    .181E-03    .169E-03
    4    2    .185E-03    .183E-03
    4    3    .153E+01    .153E+01
    4    4   -.299E+01   -.299E+01
    4    5   -.445E+00   -.445E+00
    4    6   -.158E+00   -.158E+00
    4    7   -.771E-01   -.772E-01
    4    8   -.445E-01   -.445E-01
    5    1    .923E-04    .869E-04
    5    2    .425E-04    .423E-04
    5    3    .903E-05    .817E-05
    5    4    .199E+01    .200E+01
    5    5   -.331E+01   -.332E+01
    5    6   -.506E+00   -.506E+00
    5    7   -.182E+00   -.182E+00
    5    8   -.900E-01   -.901E-01
    6    1    .553E-04    .523E-04
    6    2    .268E-04    .268E-04
    6    3    .162E-04    .154E-04
    6    4    .442E-03    .434E-03
    6    5    .244E+01    .245E+01
    6    6   -.364E+01   -.364E+01
    6    7   -.563E+00   -.563E+00
    6    8   -.205E+00   -.205E+00
    7    1    .361E-04    .343E-04
    7    2    .190E-04    .191E-04
    7    3    .390E-05    .357E-05
    7    4    .243E-03    .238E-03
    7    5    .153E-02    .151E-02
    7    6    .289E+01    .289E+01
    7    7   -.396E+01   -.396E+01
    7    8   -.618E+00   -.619E+00
    8    1    .250E-04    .238E-04
    8    2    .140E-04    .141E-04
    8    3    .749E-06    .631E-06
    8    4    .991E-04    .970E-04
    8    5    .739E-03    .732E-03
    8    6    .320E-02    .318E-02
    8    7    .332E+01    .333E+01
    8    8   -.428E+01   -.428E+01
  1  1  1    1  2  0       255
    1    1   -.165E+01   -.166E+01
    1    2   -.102E-01   -.116E-01
    1    3   -.150E-04   -.166E-04
    1    4   -.840E-03   -.114E-02
    1    5   -.893E-05   -.100E-04
    1    6   -.149E-03   -.249E-03
    1    7   -.537E-05   -.606E-05
    1    8   -.394E-04   -.821E-04
    1    9   -.343E-05   -.389E-05
    1   10   -.133E-04   -.347E-04
    1   11   -.231E-05   -.263E-05
    1   12   -.534E-05   -.174E-04
    1   13   -.163E-05   -.186E-05
    1   14   -.243E-05   -.976E-05
    1   15   -.119E-05   -.136E-05
    2    1    .811E+00    .815E+00
    2    2   -.241E+01    .000E+00
    2    3   -.148E-02   -.148E-02
    2    4   -.364E-01   -.371E-01
    2    5   -.390E-03   -.393E-03
    2    6   -.555E-02   -.572E-02
    2    7   -.165E-03   -.167E-03
    2    8   -.167E-02   -.174E-02
    2    9   -.873E-04   -.881E-04
    2   10   -.699E-03   -.734E-03
    2   11   -.525E-04   -.530E-04
    2   12   -.356E-03   -.377E-03
    2   13   -.343E-04   -.346E-04
    2   14   -.207E-03   -.220E-03
    2   15   -.237E-04   -.240E-04
    3    1    .552E-01    .529E-01
    3    2   -.203E-01    .000E+00
    3    3   -.303E+01    .000E+00
    3    4   -.396E-04    .000E+00
    3    5   -.473E+00   -.470E+00
    3    6   -.125E-04   -.323E-05
    3    7   -.164E+00   -.162E+00
    3    8   -.627E-05   -.158E-05
    3    9   -.778E-01   -.772E-01
    3   10   -.371E-05   -.932E-06
    3   11   -.439E-01   -.436E-01
    3   12   -.240E-05   -.603E-06
    3   13   -.276E-01   -.273E-01
    3   14   -.165E-05   -.415E-06
    3   15   -.186E-01   -.184E-01
    4    1    .780E-01    .784E-01
    4    2    .149E+01    .000E+00
    4    3   -.603E-03    .000E+00
    4    4   -.314E+01    .000E+00
    4    5   -.763E-03    .000E+00
    4    6   -.646E-01    .000E+00
    4    7   -.282E-03    .000E+00
    4    8   -.117E-01    .000E+00
    4    9   -.137E-03    .000E+00
    4   10   -.395E-02    .000E+00
    4   11   -.779E-04    .000E+00
    4   12   -.180E-02    .000E+00
    4   13   -.491E-04    .000E+00
    4   14   -.974E-03    .000E+00
    4   15   -.332E-04   -.335E-04
    5    1    .583E-02    .536E-02
    5    2    .650E-01    .000E+00
    5    3   -.221E-01    .000E+00
    5    4   -.340E-01    .000E+00
    5    5   -.263E+01    .000E+00
    5    6   -.135E-04    .000E+00
    5    7   -.558E+00    .000E+00
    5    8   -.390E-05    .000E+00
    5    9   -.218E+00    .000E+00
    5   10   -.230E-05    .000E+00
    5   11   -.110E+00    .000E+00
    5   12   -.154E-05    .000E+00
    5   13   -.650E-01    .000E+00
    5   14   -.109E-05    .000E+00
    5   15   -.420E-01    .000E+00
    6    1    .255E-01    .256E-01
    6    2    .132E+00    .000E+00
    6    3    .427E-04    .000E+00
    6    4    .216E+01    .000E+00
    6    5   -.969E-03    .000E+00
    6    6   -.385E+01    .000E+00
    6    7   -.476E-03    .000E+00
    6    8   -.924E-01    .000E+00
    6    9   -.205E-03    .000E+00
    6   10   -.183E-01    .000E+00
    6   11   -.107E-03    .000E+00
    6   12   -.653E-02    .000E+00
    6   13   -.641E-04    .000E+00
    6   14   -.309E-02    .000E+00
    6   15   -.418E-04    .000E+00
    7    1    .177E-02    .159E-02
    7    2    .872E-02    .000E+00
    7    3    .406E-01    .000E+00
    7    4    .737E-01    .000E+00
    7    5   -.426E-01    .000E+00
    7    6   -.466E-01    .000E+00
    7    7   -.249E+01    .000E+00
    7    8   -.403E-07    .000E+00
    7    9   -.587E+00    .000E+00
    7   10   -.289E-07    .000E+00
    7   11   -.242E+00    .000E+00
    7   12   -.443E-08    .000E+00
    7   13   -.127E+00    .000E+00
    7   14   -.326E-07    .000E+00
    7   15   -.769E-01    .000E+00
    8    1    .119E-01    .120E-01
    8    2    .427E-01    .428E-01
    8    3    .390E-05    .000E+00
    8    4    .181E+00    .000E+00
    8    5    .121E-03    .000E+00
    8    6    .282E+01    .000E+00
    8    7   -.126E-02    .000E+00
    8    8   -.455E+01    .000E+00
    8    9   -.336E-03    .000E+00
    8   10   -.120E+00    .000E+00
    8   11   -.158E-03    .000E+00
    8   12   -.249E-01    .000E+00
    8   13   -.866E-04    .000E+00
    8   14   -.921E-02    .000E+00
    8   15   -.535E-04    .000E+00
    9    1    .785E-03    .695E-03
    9    2    .292E-02    .275E-02
    9    3    .726E-02    .000E+00
    9    4    .108E-01    .000E+00
    9    5    .106E+00    .000E+00
    9    6    .823E-01    .000E+00
    9    7   -.612E-01    .000E+00
    9    8   -.589E-01    .000E+00
    9    9   -.244E+01    .000E+00
    9   10   -.111E-04    .000E+00
    9   11   -.606E+00    .000E+00
    9   12   -.574E-05    .000E+00
    9   13   -.258E+00    .000E+00
    9   14   -.217E-05    .000E+00
    9   15   -.138E+00    .000E+00
   10    1    .666E-02    .669E-02
   10    2    .201E-01    .202E-01
   10    3    .101E-05    .000E+00
   10    4    .583E-01    .000E+00
   10    5    .134E-04    .000E+00
   10    6    .229E+00    .000E+00
   10    7    .221E-03    .000E+00
   10    8    .348E+01    .000E+00
   10    9   -.151E-02    .000E+00
   10   10   -.525E+01    .000E+00
   10   11   -.256E-03    .000E+00
   10   12   -.146E+00    .000E+00
   10   13   -.128E-03    .000E+00
   10   14   -.316E-01    .000E+00
   10   15   -.724E-04    .000E+00
   11    1    .424E-03    .372E-03
   11    2    .137E-02    .128E-02
   11    3    .260E-02    .000E+00
   11    4    .377E-02    .000E+00
   11    5    .201E-01    .000E+00
   11    6    .125E-01    .000E+00
   11    7    .187E+00    .000E+00
   11    8    .911E-01    .000E+00
   11    9   -.787E-01    .000E+00
   11   10   -.709E-01    .000E+00
   11   11   -.246E+01    .000E+00
   11   12   -.451E-04    .000E+00
   11   13   -.624E+00    .000E+00
   11   14   -.208E-04    .000E+00
   11   15   -.270E+00    .000E+00
   12    1    .413E-02    .415E-02
   12    2    .114E-01    .114E-01
   12    3    .395E-06    .000E+00
   12    4    .276E-01    .000E+00
   12    5    .397E-05    .000E+00
   12    6    .731E-01    .000E+00
   12    7    .267E-04    .000E+00
   12    8    .275E+00    .000E+00
   12    9    .335E-03    .000E+00
   12   10    .414E+01    .000E+00
   12   11   -.174E-02    .000E+00
   12   12   -.594E+01    .000E+00
   12   13   -.206E-03    .000E+00
   12   14   -.173E+00    .000E+00
   12   15   -.107E-03    .000E+00
   13    1    .257E-03    .225E-03
   13    2    .768E-03    .715E-03
   13    3    .125E-02    .000E+00
   13    4    .182E-02    .000E+00
   13    5    .739E-02    .000E+00
   13    6    .449E-02    .000E+00
   13    7    .369E-01    .000E+00
   13    8    .141E-01    .000E+00
   13    9    .278E+00    .000E+00
   13   10    .998E-01    .000E+00
   13   11   -.953E-01    .000E+00
   13   12   -.828E-01    .000E+00
   13   13   -.250E+01    .000E+00
   13   14   -.983E-04    .000E+00
   13   15   -.642E+00    .000E+00
   14    1    .275E-02    .277E-02
   14    2    .716E-02    .717E-02
   14    3    .194E-06    .000E+00
   14    4    .157E-01    .000E+00
   14    5    .171E-05    .000E+00
   14    6    .345E-01    .000E+00
   14    7    .840E-05    .000E+00
   14    8    .873E-01    .000E+00
   14    9    .424E-04    .000E+00
   14   10    .321E+00    .000E+00
   14   11    .458E-03    .000E+00
   14   12    .479E+01    .000E+00
   14   13   -.196E-02    .000E+00
   14   14   -.663E+01    .000E+00
   14   15   -.172E-03    .000E+00
   15    1    .169E-03    .147E-03
   15    2    .479E-03    .445E-03
   15    3    .712E-03    .000E+00
   15    4    .104E-02    .000E+00
   15    5    .363E-02    .000E+00
   15    6    .221E-02    .000E+00
   15    7    .139E-01    .000E+00
   15    8    .515E-02    .000E+00
   15    9    .566E-01    .000E+00
   15   10    .157E-01    .000E+00
   15   11    .378E+00    .000E+00
   15   12    .109E+00    .000E+00
   15   13   -.111E+00    .000E+00
   15   14   -.946E-01    .000E+00
   15   15   -.257E+01    .000E+00
   16    1    .193E-02    .194E-02
   16    2    .483E-02    .484E-02
   16    3    .110E-06    .000E+00
   16    4    .993E-02    .000E+00
   16    5    .902E-06    .000E+00
   16    6    .197E-01    .000E+00
   16    7    .378E-05    .000E+00
   16    8    .412E-01    .000E+00
   16    9    .138E-04    .000E+00
   16   10    .101E+00    .000E+00
   16   11    .597E-04    .000E+00
   16   12    .366E+00    .000E+00
   16   13    .586E-03    .000E+00
   16   14    .545E+01    .000E+00
   16   15   -.218E-02    .000E+00
   17    1    .118E-03    .102E-03
   17    2    .322E-03    .298E-03
   17    3    .449E-03    .000E+00
   17    4    .663E-03    .000E+00
   17    5    .209E-02    .000E+00
   17    6    .128E-02    .000E+00
   17    7    .688E-02    .000E+00
   17    8    .256E-02    .000E+00
   17    9    .216E-01    .000E+00
   17   10    .576E-02    .000E+00
   17   11    .784E-01    .000E+00
   17   12    .172E-01    .000E+00
   17   13    .483E+00    .000E+00
   17   14    .118E+00    .000E+00
   17   15   -.127E+00    .000E+00
  1  2  0    1  2  1       120
    1    1   -.674E+00   -.661E+00
    1    2   -.673E-01   -.652E-01
    1    3   -.198E-01   -.191E-01
    1    4   -.868E-02   -.835E-02
    1    5   -.465E-02   -.446E-02
    1    6   -.280E-02   -.269E-02
    1    7   -.184E-02   -.176E-02
    1    8   -.127E-02   -.122E-02
    2    1    .179E+00    .171E+00
    2    2   -.774E+00   -.768E+00
    2    3   -.102E+00   -.101E+00
    2    4   -.338E-01   -.333E-01
    2    5   -.158E-01   -.155E-01
    2    6   -.879E-02   -.864E-02
    2    7   -.547E-02   -.537E-02
    2    8   -.366E-02   -.360E-02
    3    1    .564E+00    .564E+00
    3    2   -.112E-02    .000E+00
    3    3   -.564E-02   -.567E-02
    3    4   -.976E-03   -.986E-03
    3    5   -.341E-03   -.346E-03
    3    6   -.162E-03   -.165E-03
    3    7   -.913E-04   -.930E-04
    3    8   -.572E-04   -.583E-04
    4    1    .748E-05    .172E-07
    4    2    .348E+00    .341E+00
    4    3   -.879E+00   -.875E+00
    4    4   -.128E+00   -.127E+00
    4    5   -.446E-01   -.443E-01
    4    6   -.215E-01   -.213E-01
    4    7   -.123E-01   -.121E-01
    4    8   -.776E-02   -.768E-02
    5    1    .863E-01    .863E-01
    5    2    .493E+00    .493E+00
    5    3   -.198E-02    .000E+00
    5    4   -.155E-01   -.156E-01
    5    5   -.289E-02   -.291E-02
    5    6   -.105E-02   -.106E-02
    5    7   -.510E-03   -.515E-03
    5    8   -.291E-03   -.294E-03
    6    1    .238E-05    .220E-07
    6    2    .290E-04    .521E-04
    6    3    .508E+00    .503E+00
    6    4   -.985E+00   -.982E+00
    6    5   -.150E+00   -.150E+00
    6    6   -.538E-01   -.535E-01
    6    7   -.264E-01   -.262E-01
    6    8   -.153E-01   -.152E-01
    7    1    .296E-01    .296E-01
    7    2    .103E+00    .103E+00
    7    3    .466E+00    .466E+00
    7    4   -.270E-02    .000E+00
    7    5   -.282E-01   -.283E-01
    7    6   -.552E-02   -.555E-02
    7    7   -.205E-02   -.206E-02
    7    8   -.101E-02   -.102E-02
    8    1    .189E-05    .386E-07
    8    2    .126E-04    .221E-04
    8    3    .261E-03    .305E-03
    8    4    .662E+00    .658E+00
    8    5   -.109E+01   -.109E+01
    8    6   -.171E+00   -.170E+00
    8    7   -.620E-01   -.618E-01
    8    8   -.308E-01   -.306E-01
    9    1    .140E-01    .140E-01
    9    2    .397E-01    .397E-01
    9    3    .108E+00    .108E+00
    9    4    .459E+00    .459E+00
    9    5   -.335E-02    .000E+00
    9    6   -.430E-01   -.431E-01
    9    7   -.868E-02   -.871E-02
    9    8   -.329E-02   -.330E-02
   10    1    .145E-05    .983E-07
   10    2    .393E-05    .789E-05
   10    3    .106E-03    .124E-03
   10    4    .762E-03    .817E-03
   10    5    .812E+00    .808E+00
   10    6   -.120E+01   -.120E+01
   10    7   -.190E+00   -.189E+00
   10    8   -.697E-01   -.695E-01
   11    1    .790E-02    .789E-02
   11    2    .201E-01    .201E-01
   11    3    .444E-01    .444E-01
   11    4    .112E+00    .112E+00
   11    5    .462E+00    .461E+00
   11    6   -.395E-02    .000E+00
   11    7   -.592E-01   -.593E-01
   11    8   -.122E-01   -.123E-01
   12    1    .109E-05    .115E-06
   12    2    .143E-05    .338E-05
   12    3    .434E-04    .519E-04
   12    4    .307E-03    .330E-03
   12    5    .152E-02    .158E-02
   12    6    .959E+00    .956E+00
   12    7   -.131E+01   -.131E+01
   12    8   -.209E+00   -.208E+00
   13    1    .494E-02    .494E-02
   13    2    .118E-01    .118E-01
   13    3    .233E-01    .233E-01
   13    4    .473E-01    .473E-01
   13    5    .115E+00    .115E+00
   13    6    .470E+00    .470E+00
   13    7   -.454E-02    .000E+00
   13    8   -.764E-01   -.765E-01
   14    1    .831E-06    .109E-06
   14    2    .603E-06    .168E-05
   14    3    .211E-04    .258E-04
   14    4    .134E-03    .145E-03
   14    5    .612E-03    .637E-03
   14    6    .250E-02    .256E-02
   14    7    .110E+01    .110E+01
   14    8   -.141E+01   -.141E+01
   15    1    .333E-02    .332E-02
   15    2    .760E-02    .759E-02
   15    3    .140E-01    .140E-01
   15    4    .253E-01    .253E-01
   15    5    .496E-01    .496E-01
   15    6    .119E+00    .119E+00
   15    7    .482E+00    .482E+00
   15    8   -.511E-02    .000E+00
  1  2  0    1  3  1       210
    1    1   -.381E+01   -.383E+01
    1    2   -.366E+00   -.373E+00
    1    3   -.106E+00   -.109E+00
    1    4   -.361E-04   -.371E-04
    1    5   -.458E-01   -.473E-01
    1    6   -.268E-04   -.278E-04
    1    7   -.243E-01   -.252E-01
    1    8   -.182E-04   -.189E-04
    1    9   -.146E-01   -.152E-01
    1   10   -.126E-04   -.131E-04
    1   11   -.954E-02   -.993E-02
    1   12   -.895E-05   -.934E-05
    1   13   -.660E-02   -.688E-02
    1   14   -.656E-05   -.687E-05
    2    1    .101E+01    .000E+00
    2    2   -.439E+01    .000E+00
    2    3   -.562E+00    .000E+00
    2    4   -.150E-03    .000E+00
    2    5   -.183E+00   -.186E+00
    2    6   -.870E-04   -.886E-04
    2    7   -.847E-01   -.862E-01
    2    8   -.523E-04   -.535E-04
    2    9   -.470E-01   -.479E-01
    2   10   -.337E-04   -.345E-04
    2   11   -.291E-01   -.297E-01
    2   12   -.229E-04   -.235E-04
    2   13   -.195E-01   -.199E-01
    2   14   -.163E-04   -.167E-04
    3    1    .169E-01    .000E+00
    3    2    .270E-03    .000E+00
    3    3   -.763E-02    .000E+00
    3    4   -.672E+01    .000E+00
    3    5   -.170E-02    .000E+00
    3    6   -.910E+00    .000E+00
    3    7   -.684E-03    .000E+00
    3    8   -.291E+00    .000E+00
    3    9   -.354E-03    .000E+00
    3   10   -.133E+00    .000E+00
    3   11   -.211E-03    .000E+00
    3   12   -.727E-01    .000E+00
    3   13   -.138E-03    .000E+00
    3   14   -.448E-01    .000E+00
    4    1    .103E-02    .000E+00
    4    2    .196E+01    .000E+00
    4    3   -.499E+01    .000E+00
    4    4   -.601E-02    .000E+00
    4    5   -.705E+00    .000E+00
    4    6   -.889E-03    .000E+00
    4    7   -.243E+00    .000E+00
    4    8   -.330E-03    .000E+00
    4    9   -.116E+00    .000E+00
    4   10   -.167E-03    .000E+00
    4   11   -.659E-01    .000E+00
    4   12   -.985E-04    .000E+00
    4   13   -.416E-01    .000E+00
    4   14   -.640E-04    .000E+00
    5    1    .270E-02    .269E-02
    5    2    .152E-01    .000E+00
    5    3    .831E-03    .000E+00
    5    4   -.224E-02    .000E+00
    5    5   -.131E-01    .000E+00
    5    6   -.591E+01    .000E+00
    5    7   -.303E-02    .000E+00
    5    8   -.114E+01    .000E+00
    5    9   -.125E-02    .000E+00
    5   10   -.422E+00    .000E+00
    5   11   -.660E-03    .000E+00
    5   12   -.207E+00    .000E+00
    5   13   -.399E-03    .000E+00
    5   14   -.119E+00    .000E+00
    6    1    .327E-03    .431E-03
    6    2    .397E-03    .000E+00
    6    3    .286E+01    .000E+00
    6    4    .239E-02    .000E+00
    6    5   -.559E+01    .000E+00
    6    6   -.108E-01    .000E+00
    6    7   -.827E+00    .000E+00
    6    8   -.162E-02    .000E+00
    6    9   -.293E+00    .000E+00
    6   10   -.587E-03    .000E+00
    6   11   -.143E+00    .000E+00
    6   12   -.292E-03    .000E+00
    6   13   -.823E-01    .000E+00
    6   14   -.171E-03    .000E+00
    7    1    .948E-03    .942E-03
    7    2    .328E-02    .000E+00
    7    3    .160E-01    .000E+00
    7    4    .465E-01    .000E+00
    7    5    .148E-02    .000E+00
    7    6   -.506E-02    .000E+00
    7    7   -.173E-01    .000E+00
    7    8   -.553E+01    .000E+00
    7    9   -.410E-02    .000E+00
    7   10   -.122E+01    .000E+00
    7   11   -.172E-02    .000E+00
    7   12   -.485E+00    .000E+00
    7   13   -.914E-03    .000E+00
    7   14   -.249E+00    .000E+00
    8    1    .171E-03    .226E-03
    8    2    .992E-04    .000E+00
    8    3    .379E-06    .000E+00
    8    4    .561E-07    .000E+00
    8    5    .372E+01    .000E+00
    8    6    .544E-02    .000E+00
    8    7   -.619E+01    .000E+00
    8    8   -.146E-01    .000E+00
    8    9   -.939E+00    .000E+00
    8   10   -.225E-02    .000E+00
    8   11   -.338E+00    .000E+00
    8   12   -.818E-03    .000E+00
    8   13   -.167E+00    .000E+00
    8   14   -.407E-03    .000E+00
    9    1    .455E-03    .452E-03
    9    2    .129E-02    .000E+00
    9    3    .375E-02    .000E+00
    9    4    .736E-02    .000E+00
    9    5    .175E-01    .000E+00
    9    6    .125E+00    .000E+00
    9    7    .215E-02    .000E+00
    9    8   -.796E-02    .000E+00
    9    9   -.211E-01    .000E+00
    9   10   -.535E+01    .000E+00
    9   11   -.503E-02    .000E+00
    9   12   -.126E+01    .000E+00
    9   13   -.212E-02    .000E+00
    9   14   -.522E+00    .000E+00
   10    1    .104E-03    .137E-03
   10    2    .621E-04    .000E+00
   10    3    .117E-04    .000E+00
   10    4    .877E-08    .000E+00
   10    5    .554E-03    .000E+00
   10    6    .372E-06    .000E+00
   10    7    .456E+01    .000E+00
   10    8    .862E-02    .000E+00
   10    9   -.679E+01    .000E+00
   10   10   -.179E-01    .000E+00
   10   11   -.105E+01    .000E+00
   10   12   -.280E-02    .000E+00
   10   13   -.380E+00    .000E+00
   10   14   -.102E-02    .000E+00
   11    1    .258E-03    .256E-03
   11    2    .658E-03    .000E+00
   11    3    .155E-02    .000E+00
   11    4    .243E-02    .000E+00
   11    5    .425E-02    .000E+00
   11    6    .217E-01    .000E+00
   11    7    .194E-01    .000E+00
   11    8    .228E+00    .000E+00
   11    9    .280E-02    .000E+00
   11   10   -.108E-01    .000E+00
   11   11   -.245E-01    .000E+00
   11   12   -.529E+01    .000E+00
   11   13   -.587E-02    .000E+00
   11   14   -.129E+01    .000E+00
   12    1    .684E-04    .903E-04
   12    2    .437E-04    .000E+00
   12    3    .150E-05    .000E+00
   12    4    .109E-07    .000E+00
   12    5    .337E-03    .000E+00
   12    6    .190E-06    .000E+00
   12    7    .219E-02    .000E+00
   12    8    .319E-05    .000E+00
   12    9    .539E+01    .000E+00
   12   10    .118E-01    .000E+00
   12   11   -.740E+01    .000E+00
   12   12   -.209E-01    .000E+00
   12   13   -.115E+01    .000E+00
   12   14   -.329E-02    .000E+00
   13    1    .163E-03    .161E-03
   13    2    .388E-03    .000E+00
   13    3    .813E-03    .000E+00
   13    4    .112E-02    .000E+00
   13    5    .179E-02    .000E+00
   13    6    .748E-02    .000E+00
   13    7    .477E-02    .000E+00
   13    8    .416E-01    .000E+00
   13    9    .215E-01    .000E+00
   13   10    .347E+00    .000E+00
   13   11    .343E-02    .000E+00
   13   12   -.136E-01    .000E+00
   13   13   -.278E-01    .000E+00
   13   14   -.529E+01    .000E+00
   14    1    .476E-04    .627E-04
   14    2    .320E-04    .000E+00
   14    3    .241E-08    .000E+00
   14    4    .110E-07    .000E+00
   14    5    .135E-03    .000E+00
   14    6    .560E-07    .000E+00
   14    7    .113E-02    .000E+00
   14    8    .136E-05    .000E+00
   14    9    .483E-02    .000E+00
   14   10    .956E-05    .000E+00
   14   11    .621E+01    .000E+00
   14   12    .149E-01    .000E+00
   14   13   -.801E+01    .000E+00
   14   14   -.236E-01    .000E+00
   15    1    .110E-03    .109E-03
   15    2    .251E-03    .000E+00
   15    3    .490E-03    .000E+00
   15    4    .612E-03    .000E+00
   15    5    .955E-03    .000E+00
   15    6    .351E-02    .000E+00
   15    7    .203E-02    .000E+00
   15    8    .148E-01    .000E+00
   15    9    .532E-02    .000E+00
   15   10    .660E-01    .000E+00
   15   11    .237E-01    .000E+00
   15   12    .480E+00    .000E+00
   15   13    .405E-02    .000E+00
   15   14   -.163E-01    .000E+00
  1  2  1    1  3  0        56
    1    1   -.453E+01   -.452E+01
    1    2   -.695E+00   -.692E+00
    1    3   -.239E+00   -.237E+00
    1    4   -.113E+00   -.113E+00
    1    5   -.638E-01   -.634E-01
    1    6   -.400E-01   -.397E-01
    1    7   -.269E-01   -.267E-01
    2    1    .680E-02    .000E+00
    2    2   -.397E+01   -.396E+01
    2    3   -.827E+00   -.825E+00
    2    4   -.321E+00   -.320E+00
    2    5   -.162E+00   -.162E+00
    2    6   -.953E-01   -.949E-01
    2    7   -.615E-01   -.612E-01
    3    1    .546E-01    .554E-01
    3    2    .924E-02    .000E+00
    3    3   -.376E+01   -.376E+01
    3    4   -.875E+00   -.873E+00
    3    5   -.359E+00   -.358E+00
    3    6   -.188E+00   -.188E+00
    3    7   -.113E+00   -.113E+00
    4    1    .976E-02    .998E-02
    4    2    .144E+00    .145E+00
    4    3    .100E-01    .000E+00
    4    4   -.371E+01   -.370E+01
    4    5   -.906E+00   -.905E+00
    4    6   -.383E+00   -.382E+00
    4    7   -.205E+00   -.205E+00
    5    1    .348E-02    .358E-02
    5    2    .274E-01    .278E-01
    5    3    .256E+00    .257E+00
    5    4    .103E-01    .000E+00
    5    5   -.374E+01   -.373E+01
    5    6   -.936E+00   -.934E+00
    5    7   -.402E+00   -.402E+00
    6    1    .168E-02    .173E-02
    6    2    .101E-01    .102E-01
    6    3    .508E-01    .512E-01
    6    4    .384E+00    .385E+00
    6    5    .104E-01    .000E+00
    6    6   -.381E+01   -.381E+01
    6    7   -.966E+00   -.964E+00
    7    1    .952E-03    .984E-03
    7    2    .494E-02    .503E-02
    7    3    .191E-01    .193E-01
    7    4    .784E-01    .789E-01
    7    5    .523E+00    .525E+00
    7    6    .104E-01    .000E+00
    7    7   -.391E+01   -.391E+01
    8    1    .600E-03    .621E-03
    8    2    .284E-02    .289E-02
    8    3    .948E-02    .958E-02
    8    4    .299E-01    .301E-01
    8    5    .109E+00    .110E+00
    8    6    .671E+00    .673E+00
    8    7    .104E-01    .000E+00
  1  3  0    1  3  1        98
    1    1    .560E+00    .559E+00
    1    2    .650E-02    .000E+00
    1    3   -.511E-02   -.515E-02
    1    4   -.591E+00   -.591E+00
    1    5   -.854E-03   -.865E-03
    1    6   -.802E-01   -.802E-01
    1    7   -.294E-03   -.299E-03
    1    8   -.257E-01   -.257E-01
    1    9   -.139E-03   -.141E-03
    1   10   -.117E-01   -.117E-01
    1   11   -.776E-04   -.792E-04
    1   12   -.642E-02   -.642E-02
    1   13   -.484E-04   -.495E-04
    1   14   -.396E-02   -.396E-02
    2    1    .877E-01    .877E-01
    2    2    .483E+00    .483E+00
    2    3    .131E-01    .000E+00
    2    4    .199E-03    .000E+00
    2    5   -.148E-01   -.149E-01
    2    6   -.524E+00   -.524E+00
    2    7   -.268E-02   -.270E-02
    2    8   -.101E+00   -.101E+00
    2    9   -.958E-03   -.966E-03
    2   10   -.374E-01   -.374E-01
    2   11   -.461E-03   -.466E-03
    2   12   -.184E-01   -.183E-01
    2   13   -.262E-03   -.265E-03
    2   14   -.106E-01   -.105E-01
    3    1    .304E-01    .304E-01
    3    2    .103E+00    .103E+00
    3    3    .452E+00    .452E+00
    3    4    .619E-02    .619E-02
    3    5    .192E-01    .000E+00
    3    6    .452E-03    .000E+00
    3    7   -.277E-01   -.278E-01
    3    8   -.493E+00   -.493E+00
    3    9   -.527E-02   -.529E-02
    3   10   -.109E+00   -.109E+00
    3   11   -.193E-02   -.194E-02
    3   12   -.432E-01   -.432E-01
    3   13   -.945E-03   -.952E-03
    3   14   -.222E-01   -.222E-01
    4    1    .145E-01    .145E-01
    4    2    .404E-01    .403E-01
    4    3    .108E+00    .108E+00
    4    4    .106E-02    .106E-02
    4    5    .441E+00    .440E+00
    4    6    .154E-01    .154E-01
    4    7    .250E-01    .000E+00
    4    8    .713E-03    .000E+00
    4    9   -.429E-01   -.430E-01
    4   10   -.481E+00   -.481E+00
    4   11   -.843E-02   -.846E-02
    4   12   -.113E+00   -.113E+00
    4   13   -.315E-02   -.316E-02
    4   14   -.468E-01   -.468E-01
    5    1    .820E-02    .818E-02
    5    2    .205E-01    .205E-01
    5    3    .446E-01    .446E-01
    5    4    .369E-03    .370E-03
    5    5    .110E+00    .110E+00
    5    6    .283E-02    .283E-02
    5    7    .439E+00    .439E+00
    5    8    .266E-01    .267E-01
    5    9    .306E-01    .000E+00
    5   10    .972E-03    .000E+00
    5   11   -.597E-01   -.598E-01
    5   12   -.478E+00   -.478E+00
    5   13   -.120E-01   -.120E-01
    5   14   -.117E+00   -.117E+00
    6    1    .514E-02    .513E-02
    6    2    .121E-01    .121E-01
    6    3    .235E-01    .235E-01
    6    4    .175E-03    .175E-03
    6    5    .471E-01    .471E-01
    6    6    .102E-02    .102E-02
    6    7    .113E+00    .113E+00
    6    8    .511E-02    .511E-02
    6    9    .444E+00    .444E+00
    6   10    .393E-01    .393E-01
    6   11    .360E-01    .000E+00
    6   12    .122E-02    .000E+00
    6   13   -.777E-01   -.778E-01
    6   14   -.481E+00   -.481E+00
    7    1    .347E-02    .346E-02
    7    2    .782E-02    .781E-02
    7    3    .142E-01    .142E-01
    7    4    .984E-04    .986E-04
    7    5    .254E-01    .254E-01
    7    6    .490E-03    .491E-03
    7    7    .490E-01    .490E-01
    7    8    .188E-02    .188E-02
    7    9    .115E+00    .115E+00
    7   10    .777E-02    .777E-02
    7   11    .453E+00    .453E+00
    7   12    .530E-01    .530E-01
    7   13    .412E-01    .000E+00
    7   14    .147E-02    .000E+00
  1  3  0    1  4  1        42
    1    1   -.883E+01   -.883E+01
    1    2   -.120E+01   -.120E+01
    1    3   -.383E+00   -.383E+00
    1    4   -.174E+00   -.174E+00
    1    5   -.955E-01   -.955E-01
    1    6   -.589E-01   -.588E-01
    2    1    .279E-02    .000E+00
    2    2   -.778E+01   -.778E+01
    2    3   -.150E+01   -.150E+01
    2    4   -.554E+00   -.554E+00
    2    5   -.272E+00   -.272E+00
    2    6   -.156E+00   -.156E+00
    3    1    .619E-01    .620E-01
    3    2    .627E-02    .000E+00
    3    3   -.729E+01   -.729E+01
    3    4   -.161E+01   -.161E+01
    3    5   -.638E+00   -.638E+00
    3    6   -.327E+00   -.327E+00
    4    1    .985E-02    .987E-02
    4    2    .166E+00    .166E+00
    4    3    .985E-02    .000E+00
    4    4   -.707E+01   -.706E+01
    4    5   -.167E+01   -.167E+01
    4    6   -.688E+00   -.688E+00
    5    1    .327E-02    .327E-02
    5    2    .288E-01    .289E-01
    5    3    .301E+00    .301E+00
    5    4    .133E-01    .000E+00
    5    5   -.699E+01   -.699E+01
    5    6   -.171E+01   -.171E+01
    6    1    .150E-02    .150E-02
    6    2    .998E-02    .999E-02
    6    3    .552E-01    .553E-01
    6    4    .459E+00    .459E+00
    6    5    .168E-01    .000E+00
    6    6   -.700E+01   -.700E+01
    7    1    .823E-03    .826E-03
    7    2    .469E-02    .470E-02
    7    3    .197E-01    .197E-01
    7    4    .875E-01    .875E-01
    7    5    .633E+00    .633E+00
    7    6    .201E-01    .000E+00
  1  3  1    1  4  0       168
    1    1   -.648E+01    .000E+00
    1    2   -.102E+01   -.101E+01
    1    3   -.352E+00   -.350E+00
    1    4   -.109E-03   -.109E-03
    1    5   -.168E+00   -.167E+00
    1    6   -.101E-03   -.100E-03
    1    7   -.946E-01   -.941E-01
    1    8   -.788E-04   -.783E-04
    1    9   -.594E-01   -.590E-01
    1   10   -.599E-04   -.596E-04
    1   11   -.400E-01   -.398E-01
    1   12   -.458E-04   -.455E-04
    2    1   -.724E-01    .000E+00
    2    2   -.560E+01    .000E+00
    2    3   -.119E+01    .000E+00
    2    4   -.365E-03    .000E+00
    2    5   -.467E+00    .000E+00
    2    6   -.277E-03    .000E+00
    2    7   -.237E+00    .000E+00
    2    8   -.195E-03    .000E+00
    2    9   -.140E+00    .000E+00
    2   10   -.139E-03    .000E+00
    2   11   -.903E-01    .000E+00
    2   12   -.102E-03    .000E+00
    3    1    .900E-01    .000E+00
    3    2   -.147E+00    .000E+00
    3    3   -.527E+01    .000E+00
    3    4   -.967E-03    .000E+00
    3    5   -.125E+01    .000E+00
    3    6   -.517E-05    .000E+00
    3    7   -.518E+00    .000E+00
    3    8   -.484E-04    .000E+00
    3    9   -.273E+00    .000E+00
    3   10   -.559E-04    .000E+00
    3   11   -.165E+00    .000E+00
    3   12   -.501E-04    .000E+00
    4    1    .823E-02    .000E+00
    4    2    .230E-07    .000E+00
    4    3   -.392E-03    .000E+00
    4    4   -.117E+02    .000E+00
    4    5   -.791E-04    .000E+00
    4    6   -.141E+01    .000E+00
    4    7   -.302E-04    .000E+00
    4    8   -.419E+00    .000E+00
    4    9   -.151E-04    .000E+00
    4   10   -.182E+00    .000E+00
    4   11   -.884E-05    .000E+00
    4   12   -.962E-01    .000E+00
    5    1    .161E-01    .000E+00
    5    2    .234E+00    .000E+00
    5    3   -.219E+00    .000E+00
    5    4   -.451E-08    .000E+00
    5    5   -.516E+01    .000E+00
    5    6   -.109E-02    .000E+00
    5    7   -.129E+01    .000E+00
    5    8   -.268E-04    .000E+00
    5    9   -.550E+00    .000E+00
    5   10   -.972E-06    .000E+00
    5   11   -.296E+00    .000E+00
    5   12   -.802E-05    .000E+00
    6    1    .104E-02    .000E+00
    6    2    .607E-02    .000E+00
    6    3    .560E-06    .000E+00
    6    4    .318E-04    .000E+00
    6    5   -.823E-03    .000E+00
    6    6   -.104E+02    .000E+00
    6    7   -.177E-03    .000E+00
    6    8   -.186E+01    .000E+00
    6    9   -.696E-04    .000E+00
    6   10   -.651E+00    .000E+00
    6   11   -.357E-04    .000E+00
    6   12   -.308E+00    .000E+00
    7    1    .575E-02    .000E+00
    7    2    .444E-01    .000E+00
    7    3    .414E+00    .000E+00
    7    4    .130E-04    .000E+00
    7    5   -.286E+00    .000E+00
    7    6   -.847E-09    .000E+00
    7    7   -.518E+01    .000E+00
    7    8   -.987E-03    .000E+00
    7    9   -.132E+01    .000E+00
    7   10   -.699E-04    .000E+00
    7   11   -.574E+00    .000E+00
    7   12   -.501E-05    .000E+00
    8    1    .320E-03    .000E+00
    8    2    .112E-02    .000E+00
    8    3    .526E-02    .000E+00
    8    4    .532E-01    .000E+00
    8    5    .180E-05    .000E+00
    8    6    .772E-04    .000E+00
    8    7   -.123E-02    .000E+00
    8    8   -.974E+01    .000E+00
    8    9   -.273E-03    .000E+00
    8   10   -.203E+01    .000E+00
    8   11   -.110E-03    .000E+00
    8   12   -.776E+00    .000E+00
    9    1    .277E-02    .000E+00
    9    2    .164E-01    .000E+00
    9    3    .816E-01    .000E+00
    9    4    .358E-05    .000E+00
    9    5    .618E+00    .000E+00
    9    6    .313E-04    .000E+00
    9    7   -.351E+00    .000E+00
    9    8   -.233E-07    .000E+00
    9    9   -.526E+01    .000E+00
    9   10   -.847E-03    .000E+00
    9   11   -.136E+01    .000E+00
    9   12   -.931E-04    .000E+00
   10    1    .142E-03    .000E+00
   10    2    .404E-03    .000E+00
   10    3    .113E-02    .000E+00
   10    4    .760E-02    .000E+00
   10    5    .495E-02    .000E+00
   10    6    .146E+00    .000E+00
   10    7    .350E-05    .000E+00
   10    8    .127E-03    .000E+00
   10    9   -.161E-02    .000E+00
   10   10   -.935E+01    .000E+00
   10   11   -.364E-03    .000E+00
   10   12   -.212E+01    .000E+00
   11    1    .158E-02    .000E+00
   11    2    .803E-02    .000E+00
   11    3    .306E-01    .000E+00
   11    4    .158E-05    .000E+00
   11    5    .125E+00    .000E+00
   11    6    .887E-05    .000E+00
   11    7    .839E+00    .000E+00
   11    8    .498E-04    .000E+00
   11    9   -.412E+00    .000E+00
   11   10   -.670E-07    .000E+00
   11   11   -.538E+01    .000E+00
   11   12   -.722E-03    .000E+00
   12    1    .763E-04    .000E+00
   12    2    .195E-03    .000E+00
   12    3    .437E-03    .000E+00
   12    4    .234E-02    .000E+00
   12    5    .114E-02    .000E+00
   12    6    .231E-01    .000E+00
   12    7    .488E-02    .000E+00
   12    8    .267E+00    .000E+00
   12    9    .545E-05    .000E+00
   12   10    .178E-03    .000E+00
   12   11   -.197E-02    .000E+00
   12   12   -.914E+01    .000E+00
   13    1    .996E-03    .000E+00
   13    2    .462E-02    .000E+00
   13    3    .152E-01    .000E+00
   13    4    .858E-06    .000E+00
   13    5    .476E-01    .000E+00
   13    6    .400E-05    .000E+00
   13    7    .173E+00    .000E+00
   13    8    .144E-04    .000E+00
   13    9    .107E+01    .000E+00
   13   10    .657E-04    .000E+00
   13   11   -.419E+00    .000E+00
   13   12   -.187E-06    .000E+00
   14    1    .464E-04    .000E+00
   14    2    .110E-03    .000E+00
   14    3    .221E-03    .000E+00
   14    4    .102E-02    .000E+00
   14    5    .460E-03    .000E+00
   14    6    .751E-02    .000E+00
   14    7    .116E-02    .000E+00
   14    8    .455E-01    .000E+00
   14    9    .493E-02    .000E+00
   14   10    .412E+00    .000E+00
   14   11    .759E-05    .000E+00
   14   12    .216E-03    .000E+00
  1  4  0    1  4  1        72
    1    1   -.589E+00   -.589E+00
    1    2   -.798E-01   -.798E-01
    1    3   -.256E-01   -.255E-01
    1    4   -.116E-01   -.116E-01
    1    5   -.638E-02   -.638E-02
    1    6   -.393E-02   -.393E-02
    2    1   -.961E-04    .000E+00
    2    2   -.518E+00   -.518E+00
    2    3   -.100E+00   -.100E+00
    2    4   -.370E-01   -.370E-01
    2    5   -.182E-01   -.182E-01
    2    6   -.105E-01   -.104E-01
    3    1    .257E-02    .257E-02
    3    2   -.215E-03    .000E+00
    3    3   -.484E+00   -.484E+00
    3    4   -.107E+00   -.107E+00
    3    5   -.425E-01   -.425E-01
    3    6   -.218E-01   -.218E-01
    4    1    .605E+00    .605E+00
    4    2   -.253E-05    .000E+00
    4    3   -.422E-02   -.422E-02
    4    4   -.662E-03   -.662E-03
    4    5   -.217E-03   -.217E-03
    4    6   -.985E-04   -.985E-04
    5    1    .363E-03    .364E-03
    5    2    .766E-02    .767E-02
    5    3   -.336E-03    .000E+00
    5    4   -.467E+00   -.467E+00
    5    5   -.110E+00   -.110E+00
    5    6   -.456E-01   -.456E-01
    6    1    .729E-01    .729E-01
    6    2    .541E+00    .541E+00
    6    3   -.642E-05    .000E+00
    6    4   -.108E-01   -.108E-01
    6    5   -.184E-02   -.184E-02
    6    6   -.628E-03   -.628E-03
    7    1    .111E-03    .112E-03
    7    2    .123E-02    .123E-02
    7    3    .148E-01    .148E-01
    7    4   -.455E-03    .000E+00
    7    5   -.460E+00   -.460E+00
    7    6   -.113E+00   -.113E+00
    8    1    .217E-01    .217E-01
    8    2    .964E-01    .964E-01
    8    3    .507E+00    .507E+00
    8    4   -.109E-04    .000E+00
    8    5   -.189E-01   -.189E-01
    8    6   -.341E-02   -.341E-02
    9    1    .482E-04    .484E-04
    9    2    .401E-03    .402E-03
    9    3    .255E-02    .255E-02
    9    4    .235E-01    .235E-01
    9    5   -.570E-03    .000E+00
    9    6   -.458E+00   -.458E+00
   10    1    .939E-02    .939E-02
   10    2    .338E-01    .338E-01
   10    3    .106E+00    .106E+00
   10    4    .488E+00    .489E+00
   10    5   -.156E-04    .000E+00
   10    6   -.282E-01   -.282E-01
   11    1    .254E-04    .256E-04
   11    2    .181E-03    .181E-03
   11    3    .871E-03    .873E-03
   11    4    .427E-02    .427E-02
   11    5    .333E-01    .333E-01
   11    6   -.625E-03    .000E+00
   12    1    .498E-02    .498E-02
   12    2    .160E-01    .160E-01
   12    3    .404E-01    .404E-01
   12    4    .111E+00    .111E+00
   12    5    .480E+00    .480E+00
   12    6   -.193E-04    .000E+00
  3  0  0    3  1  1       136
    1    1    .942E+00    .829E+00
    1    2   -.336E+00   -.295E+00
    1    3   -.257E+01   -.251E+01
    1    4   -.443E-01   -.371E-01
    1    5   -.326E+00   -.315E+00
    1    6   -.157E-01   -.130E-01
    1    7   -.105E+00   -.100E+00
    1    8   -.760E-02   -.625E-02
    1    9   -.478E-01   -.457E-01
    1   10   -.432E-02   -.354E-02
    1   11   -.262E-01   -.250E-01
    1   12   -.271E-02   -.221E-02
    1   13   -.161E-01   -.153E-01
    1   14   -.182E-02   -.148E-02
    1   15   -.106E-01   -.101E-01
    1   16   -.128E-02   -.105E-02
    1   17   -.743E-02   -.708E-02
    2    1    .416E-03    .962E-09
    2    2    .129E+01    .000E+00
    2    3    .573E+00    .000E+00
    2    4   -.636E+00    .000E+00
    2    5   -.282E+01    .000E+00
    2    6   -.715E-01    .000E+00
    2    7   -.451E+00   -.444E+00
    2    8   -.248E-01   -.229E-01
    2    9   -.160E+00   -.157E+00
    2   10   -.121E-01   -.111E-01
    2   11   -.773E-01   -.758E-01
    2   12   -.694E-02   -.636E-02
    2   13   -.440E-01   -.431E-01
    2   14   -.441E-02   -.403E-02
    2   15   -.278E-01   -.272E-01
    2   16   -.300E-02   -.274E-02
    2   17   -.188E-01   -.184E-01
    3    1    .137E-03    .552E-03
    3    2    .654E-02    .485E-02
    3    3    .562E-02    .000E+00
    3    4    .164E+01    .000E+00
    3    5    .113E+01    .000E+00
    3    6   -.942E+00    .000E+00
    3    7   -.314E+01    .000E+00
    3    8   -.982E-01    .000E+00
    3    9   -.543E+00    .000E+00
    3   10   -.336E-01    .000E+00
    3   11   -.201E+00    .000E+00
    3   12   -.163E-01    .000E+00
    3   13   -.100E+00    .000E+00
    3   14   -.943E-02    .000E+00
    3   15   -.583E-01    .000E+00
    3   16   -.603E-02    .000E+00
    3   17   -.374E-01    .000E+00
    4    1    .192E-03    .480E-03
    4    2    .313E-03    .115E-03
    4    3    .128E-02    .161E-02
    4    4    .147E-01    .000E+00
    4    5    .148E-01    .000E+00
    4    6    .198E+01    .000E+00
    4    7    .166E+01    .000E+00
    4    8   -.125E+01    .000E+00
    4    9   -.348E+01    .000E+00
    4   10   -.124E+00    .000E+00
    4   11   -.623E+00    .000E+00
    4   12   -.420E-01    .000E+00
    4   13   -.236E+00    .000E+00
    4   14   -.204E-01    .000E+00
    4   15   -.119E+00    .000E+00
    4   16   -.118E-01    .000E+00
    4   17   -.704E-01    .000E+00
    5    1    .155E-03    .339E-03
    5    2    .155E-04    .105E-05
    5    3    .486E-03    .628E-03
    5    4    .147E-02    .000E+00
    5    5    .380E-02    .000E+00
    5    6    .233E-01    .000E+00
    5    7    .279E-01    .000E+00
    5    8    .232E+01    .000E+00
    5    9    .217E+01    .000E+00
    5   10   -.156E+01    .000E+00
    5   11   -.383E+01    .000E+00
    5   12   -.150E+00    .000E+00
    5   13   -.697E+00    .000E+00
    5   14   -.502E-01    .000E+00
    5   15   -.267E+00    .000E+00
    5   16   -.243E-01    .000E+00
    5   17   -.137E+00    .000E+00
    6    1    .115E-03    .236E-03
    6    2    .110E-06    .170E-04
    6    3    .239E-03    .315E-03
    6    4    .288E-03    .000E+00
    6    5    .153E-02    .000E+00
    6    6    .301E-02    .000E+00
    6    7    .759E-02    .000E+00
    6    8    .320E-01    .000E+00
    6    9    .440E-01    .000E+00
    6   10    .267E+01    .000E+00
    6   11    .266E+01    .000E+00
    6   12   -.187E+01    .000E+00
    6   13   -.419E+01    .000E+00
    6   14   -.176E+00    .000E+00
    6   15   -.768E+00    .000E+00
    6   16   -.583E-01    .000E+00
    6   17   -.297E+00    .000E+00
    7    1    .845E-04    .168E-03
    7    2    .337E-05    .237E-04
    7    3    .137E-03    .183E-03
    7    4    .775E-04    .000E+00
    7    5    .778E-03    .000E+00
    7    6    .763E-03    .000E+00
    7    7    .316E-02    .000E+00
    7    8    .473E-02    .000E+00
    7    9    .124E-01    .000E+00
    7   10    .408E-01    .000E+00
    7   11    .627E-01    .000E+00
    7   12    .301E+01    .000E+00
    7   13    .314E+01    .000E+00
    7   14   -.218E+01    .000E+00
    7   15   -.455E+01    .000E+00
    7   16   -.202E+00    .000E+00
    7   17   -.837E+00    .000E+00
    8    1    .631E-04    .123E-03
    8    2    .552E-05    .236E-04
    8    3    .865E-04    .116E-03
    8    4    .251E-04    .784E-05
    8    5    .456E-03    .000E+00
    8    6    .270E-03    .000E+00
    8    7    .164E-02    .000E+00
    8    8    .135E-02    .000E+00
    8    9    .529E-02    .000E+00
    8   10    .653E-02    .000E+00
    8   11    .182E-01    .000E+00
    8   12    .495E-01    .000E+00
    8   13    .832E-01    .000E+00
    8   14    .335E+01    .000E+00
    8   15    .362E+01    .000E+00
    8   16   -.249E+01    .000E+00
    8   17   -.490E+01    .000E+00
  3  1  0    3  1  1       136
    1    1    .298E+01    .273E+01
    1    2   -.176E+01   -.160E+01
    1    3   -.194E+01   -.190E+01
    1    4   -.127E+00   -.108E+00
    1    5   -.164E+00   -.159E+00
    1    6   -.389E-01   -.321E-01
    1    7   -.448E-01   -.430E-01
    1    8   -.177E-01   -.144E-01
    1    9   -.187E-01   -.179E-01
    1   10   -.970E-02   -.784E-02
    1   11   -.971E-02   -.928E-02
    1   12   -.596E-02   -.479E-02
    1   13   -.575E-02   -.549E-02
    1   14   -.394E-02   -.316E-02
    1   15   -.371E-02   -.354E-02
    1   16   -.276E-02   -.221E-02
    1   17   -.255E-02   -.243E-02
    2    1    .476E-01    .357E-01
    2    2    .456E+01    .438E+01
    2    3    .445E+00    .423E+00
    2    4   -.321E+01   -.310E+01
    2    5   -.221E+01   -.219E+01
    2    6   -.220E+00   -.205E+00
    2    7   -.259E+00   -.255E+00
    2    8   -.672E-01   -.619E-01
    2    9   -.811E-01   -.799E-01
    2   10   -.309E-01   -.282E-01
    2   11   -.367E-01   -.360E-01
    2   12   -.172E-01   -.156E-01
    2   13   -.200E-01   -.197E-01
    2   14   -.107E-01   -.970E-02
    2   15   -.123E-01   -.121E-01
    2   16   -.718E-02   -.649E-02
    2   17   -.816E-02   -.799E-02
    3    1    .785E-02    .505E-02
    3    2    .129E+00    .115E+00
    3    3    .362E-02    .304E-02
    3    4    .600E+01    .587E+01
    3    5    .883E+00    .866E+00
    3    6   -.461E+01   -.452E+01
    3    7   -.249E+01   -.248E+01
    3    8   -.304E+00   -.292E+00
    3    9   -.327E+00   -.324E+00
    3   10   -.925E-01   -.881E-01
    3   11   -.109E+00   -.108E+00
    3   12   -.426E-01   -.404E-01
    3   13   -.512E-01   -.507E-01
    3   14   -.239E-01   -.225E-01
    3   15   -.287E-01   -.284E-01
    3   16   -.150E-01   -.141E-01
    3   17   -.180E-01   -.178E-01
    4    1    .256E-02    .148E-02
    4    2    .267E-01    .229E-01
    4    3    .119E-02    .990E-03
    4    4    .208E+00    .196E+00
    4    5    .372E-02    .334E-02
    4    6    .740E+01    .730E+01
    4    7    .130E+01    .129E+01
    4    8   -.598E+01   -.590E+01
    4    9   -.277E+01   -.277E+01
    4   10   -.383E+00   -.373E+00
    4   11   -.384E+00   -.382E+00
    4   12   -.116E+00   -.112E+00
    4   13   -.132E+00   -.132E+00
    4   14   -.534E-01   -.515E-01
    4   15   -.636E-01   -.631E-01
    4   16   -.300E-01   -.289E-01
    4   17   -.363E-01   -.360E-01
    5    1    .115E-02    .614E-03
    5    2    .988E-02    .823E-02
    5    3    .584E-03    .486E-03
    5    4    .472E-01    .437E-01
    5    5    .118E-02    .105E-02
    5    6    .284E+00    .274E+00
    5    7    .279E-02    .256E-02
    5    8    .877E+01    .869E+01
    5    9    .171E+01    .170E+01
    5   10   -.734E+01   -.727E+01
    5   11   -.306E+01   -.305E+01
    5   12   -.460E+00   -.452E+00
    5   13   -.436E+00   -.435E+00
    5   14   -.138E+00   -.135E+00
    5   15   -.153E+00   -.153E+00
    5   16   -.637E-01   -.620E-01
    5   17   -.746E-01   -.742E-01
    6    1    .618E-03    .313E-03
    6    2    .480E-02    .392E-02
    6    3    .338E-03    .281E-03
    6    4    .184E-01    .168E-01
    6    5    .601E-03    .531E-03
    6    6    .677E-01    .646E-01
    6    7    .817E-03    .736E-03
    6    8    .357E+00    .349E+00
    6    9    .174E-02    .161E-02
    6   10    .101E+02    .101E+02
    6   11    .211E+01    .210E+01
    6   12   -.868E+01   -.863E+01
    6   13   -.334E+01   -.334E+01
    6   14   -.535E+00   -.528E+00
    6   15   -.485E+00   -.484E+00
    6   16   -.160E+00   -.157E+00
    6   17   -.173E+00   -.172E+00
    7    1    .373E-03    .182E-03
    7    2    .273E-02    .219E-02
    7    3    .215E-03    .179E-03
    7    4    .923E-02    .832E-02
    7    5    .361E-03    .319E-03
    7    6    .271E-01    .256E-01
    7    7    .428E-03    .384E-03
    7    8    .879E-01    .851E-01
    7    9    .435E-03    .390E-03
    7   10    .429E+00    .422E+00
    7   11    .888E-03    .811E-03
    7   12    .115E+02    .114E+02
    7   13    .250E+01    .249E+01
    7   14   -.100E+02   -.998E+01
    7   15   -.363E+01   -.363E+01
    7   16   -.609E+00   -.603E+00
    7   17   -.533E+00   -.532E+00
    8    1    .244E-03    .115E-03
    8    2    .171E-02    .136E-02
    8    3    .146E-03    .122E-03
    8    4    .537E-02    .480E-02
    8    5    .237E-03    .210E-03
    8    6    .139E-01    .130E-01
    8    7    .266E-03    .239E-03
    8    8    .358E-01    .344E-01
    8    9    .235E-03    .210E-03
    8   10    .108E+00    .105E+00
    8   11    .158E-03    .136E-03
    8   12    .500E+00    .494E+00
    8   13    .317E-03    .279E-03
    8   14    .128E+02    .128E+02
    8   15    .289E+01    .289E+01
    8   16   -.114E+02   -.113E+02
    8   17   -.392E+01   -.391E+01
  3  1  0    3  2  1        64
    1    1   -.615E+01   -.612E+01
    1    2   -.583E+00   -.580E+00
    1    3   -.169E+00   -.168E+00
    1    4   -.730E-01   -.729E-01
    1    5   -.388E-01   -.388E-01
    1    6   -.234E-01   -.234E-01
    1    7   -.153E-01   -.153E-01
    1    8   -.106E-01   -.106E-01
    2    1    .166E+01    .164E+01
    2    2   -.710E+01   -.710E+01
    2    3   -.903E+00   -.903E+00
    2    4   -.294E+00   -.295E+00
    2    5   -.136E+00   -.136E+00
    2    6   -.756E-01   -.758E-01
    2    7   -.469E-01   -.470E-01
    2    8   -.314E-01   -.314E-01
    3    1    .197E-02    .186E-02
    3    2    .318E+01    .318E+01
    3    3   -.805E+01   -.805E+01
    3    4   -.114E+01   -.114E+01
    3    5   -.391E+00   -.392E+00
    3    6   -.187E+00   -.187E+00
    3    7   -.106E+00   -.107E+00
    3    8   -.672E-01   -.673E-01
    4    1    .590E-03    .559E-03
    4    2    .705E-03    .707E-03
    4    3    .462E+01    .463E+01
    4    4   -.901E+01   -.902E+01
    4    5   -.133E+01   -.134E+01
    4    6   -.473E+00   -.473E+00
    4    7   -.231E+00   -.231E+00
    4    8   -.133E+00   -.133E+00
    5    1    .300E-03    .285E-03
    5    2    .165E-03    .166E-03
    5    3    .198E-05    .106E-05
    5    4    .601E+01    .602E+01
    5    5   -.998E+01   -.998E+01
    5    6   -.152E+01   -.152E+01
    5    7   -.546E+00   -.547E+00
    5    8   -.270E+00   -.270E+00
    6    1    .179E-03    .171E-03
    6    2    .992E-04    .101E-03
    6    3    .255E-04    .229E-04
    6    4    .102E-02    .994E-03
    6    5    .737E+01    .737E+01
    6    6   -.109E+02   -.109E+02
    6    7   -.169E+01   -.169E+01
    6    8   -.614E+00   -.615E+00
    7    1    .116E-03    .112E-03
    7    2    .687E-04    .698E-04
    7    3    .467E-05    .381E-05
    7    4    .611E-03    .596E-03
    7    5    .392E-02    .387E-02
    7    6    .870E+01    .871E+01
    7    7   -.119E+02   -.119E+02
    7    8   -.186E+01   -.186E+01
    8    1    .805E-04    .775E-04
    8    2    .498E-04    .507E-04
    8    3    .331E-06    .164E-06
    8    4    .248E-03    .241E-03
    8    5    .198E-02    .196E-02
    8    6    .853E-02    .846E-02
    8    7    .100E+02    .100E+02
    8    8   -.129E+02   -.129E+02
  3  1  1    3  2  0       255
    1    1   -.494E+01   -.506E+01
    1    2   -.416E-01   -.493E-01
    1    3   -.124E-03   -.124E-03
    1    4   -.446E-02   -.625E-02
    1    5   -.770E-04   -.769E-04
    1    6   -.104E-02   -.171E-02
    1    7   -.473E-04   -.473E-04
    1    8   -.365E-03   -.678E-03
    1    9   -.306E-04   -.306E-04
    1   10   -.162E-03   -.334E-03
    1   11   -.208E-04   -.208E-04
    1   12   -.844E-04   -.189E-03
    1   13   -.147E-04   -.147E-04
    1   14   -.492E-04   -.118E-03
    1   15   -.108E-04   -.108E-04
    2    1    .244E+01    .247E+01
    2    2   -.721E+01    .000E+00
    2    3   -.109E-01   -.108E-01
    2    4   -.132E+00   -.136E+00
    2    5   -.313E-02   -.310E-02
    2    6   -.222E-01   -.232E-01
    2    7   -.137E-02   -.136E-02
    2    8   -.716E-02   -.761E-02
    2    9   -.742E-03   -.734E-03
    2   10   -.317E-02   -.340E-02
    2   11   -.452E-03   -.446E-03
    2   12   -.168E-02   -.182E-02
    2   13   -.298E-03   -.294E-03
    2   14   -.101E-02   -.110E-02
    2   15   -.208E-03   -.205E-03
    3    1    .178E+00    .174E+00
    3    2   -.766E-01    .000E+00
    3    3   -.898E+01    .000E+00
    3    4   -.331E-05    .000E+00
    3    5   -.143E+01   -.142E+01
    3    6   -.165E-05   -.946E-05
    3    7   -.499E+00   -.496E+00
    3    8   -.570E-06   -.417E-05
    3    9   -.239E+00   -.237E+00
    3   10   -.236E-06   -.218E-05
    3   11   -.135E+00   -.134E+00
    3   12   -.115E-06   -.129E-05
    3   13   -.850E-01   -.842E-01
    3   14   -.632E-07   -.834E-06
    3   15   -.574E-01   -.568E-01
    4    1    .226E+00    .230E+00
    4    2    .448E+01    .000E+00
    4    3   -.844E-02    .000E+00
    4    4   -.936E+01    .000E+00
    4    5   -.586E-02    .000E+00
    4    6   -.225E+00    .000E+00
    4    7   -.239E-02    .000E+00
    4    8   -.438E-01    .000E+00
    4    9   -.121E-02    .000E+00
    4   10   -.155E-01    .000E+00
    4   11   -.702E-03    .000E+00
    4   12   -.728E-02    .000E+00
    4   13   -.449E-03   -.445E-03
    4   14   -.404E-02   -.415E-02
    4   15   -.307E-03   -.304E-03
    5    1    .206E-01    .197E-01
    5    2    .219E+00    .000E+00
    5    3   -.196E+00    .000E+00
    5    4   -.131E+00    .000E+00
    5    5   -.767E+01    .000E+00
    5    6   -.795E-04    .000E+00
    5    7   -.166E+01    .000E+00
    5    8   -.319E-04    .000E+00
    5    9   -.656E+00    .000E+00
    5   10   -.137E-04    .000E+00
    5   11   -.335E+00    .000E+00
    5   12   -.699E-05    .000E+00
    5   13   -.198E+00    .000E+00
    5   14   -.406E-05    .000E+00
    5   15   -.128E+00    .000E+00
    6    1    .736E-01    .750E-01
    6    2    .378E+00    .000E+00
    6    3    .114E-02    .000E+00
    6    4    .649E+01    .000E+00
    6    5   -.148E-01    .000E+00
    6    6   -.115E+02    .000E+00
    6    7   -.361E-02    .000E+00
    6    8   -.317E+00    .000E+00
    6    9   -.175E-02    .000E+00
    6   10   -.664E-01    .000E+00
    6   11   -.956E-03    .000E+00
    6   12   -.245E-01    .000E+00
    6   13   -.586E-03    .000E+00
    6   14   -.119E-01    .000E+00
    6   15   -.388E-03    .000E+00
    7    1    .645E-02    .611E-02
    7    2    .313E-01    .000E+00
    7    3    .140E+00    .000E+00
    7    4    .255E+00    .000E+00
    7    5   -.396E+00    .000E+00
    7    6   -.181E+00    .000E+00
    7    7   -.714E+01    .000E+00
    7    8   -.272E-03    .000E+00
    7    9   -.173E+01    .000E+00
    7   10   -.108E-03    .000E+00
    7   11   -.723E+00    .000E+00
    7   12   -.485E-04    .000E+00
    7   13   -.383E+00    .000E+00
    7   14   -.258E-04    .000E+00
    7   15   -.232E+00    .000E+00
    8    1    .344E-01    .350E-01
    8    2    .122E+00    .123E+00
    8    3    .126E-03    .000E+00
    8    4    .518E+00    .000E+00
    8    5    .295E-02    .000E+00
    8    6    .848E+01    .000E+00
    8    7   -.201E-01    .000E+00
    8    8   -.135E+02    .000E+00
    8    9   -.246E-02    .000E+00
    8   10   -.406E+00    .000E+00
    8   11   -.133E-02    .000E+00
    8   12   -.890E-01    .000E+00
    8   13   -.768E-03    .000E+00
    8   14   -.339E-01    .000E+00
    8   15   -.487E-03    .000E+00
    9    1    .292E-02    .274E-02
    9    2    .107E-01    .104E-01
    9    3    .250E-01    .000E+00
    9    4    .391E-01    .000E+00
    9    5    .362E+00    .000E+00
    9    6    .290E+00    .000E+00
    9    7   -.582E+00    .000E+00
    9    8   -.229E+00    .000E+00
    9    9   -.696E+01    .000E+00
    9   10   -.569E-03    .000E+00
    9   11   -.177E+01    .000E+00
    9   12   -.226E-03    .000E+00
    9   13   -.762E+00    .000E+00
    9   14   -.104E-03    .000E+00
    9   15   -.412E+00    .000E+00
   10    1    .192E-01    .195E-01
   10    2    .574E-01    .579E-01
   10    3    .391E-04    .000E+00
   10    4    .166E+00    .000E+00
   10    5    .351E-03    .000E+00
   10    6    .653E+00    .000E+00
   10    7    .513E-02    .000E+00
   10    8    .104E+02    .000E+00
   10    9   -.248E-01    .000E+00
   10   10   -.156E+02    .000E+00
   10   11   -.179E-02    .000E+00
   10   12   -.494E+00    .000E+00
   10   13   -.105E-02    .000E+00
   10   14   -.112E+00    .000E+00
   10   15   -.633E-03    .000E+00
   11    1    .159E-02    .149E-02
   11    2    .511E-02    .494E-02
   11    3    .897E-02    .000E+00
   11    4    .140E-01    .000E+00
   11    5    .683E-01    .000E+00
   11    6    .459E-01    .000E+00
   11    7    .636E+00    .000E+00
   11    8    .325E+00    .000E+00
   11    9   -.756E+00    .000E+00
   11   10   -.275E+00    .000E+00
   11   11   -.695E+01    .000E+00
   11   12   -.950E-03    .000E+00
   11   13   -.181E+01    .000E+00
   11   14   -.379E-03    .000E+00
   11   15   -.793E+00    .000E+00
   12    1    .119E-01    .121E-01
   12    2    .324E-01    .327E-01
   12    3    .176E-04    .000E+00
   12    4    .782E-01    .000E+00
   12    5    .114E-03    .000E+00
   12    6    .207E+00    .000E+00
   12    7    .633E-03    .000E+00
   12    8    .785E+00    .000E+00
   12    9    .752E-02    .000E+00
   12   10    .124E+02    .000E+00
   12   11   -.292E-01    .000E+00
   12   12   -.176E+02    .000E+00
   12   13   -.136E-02    .000E+00
   12   14   -.581E+00    .000E+00
   12   15   -.863E-03    .000E+00
   13    1    .972E-03    .909E-03
   13    2    .289E-02    .279E-02
   13    3    .434E-02    .000E+00
   13    4    .683E-02    .000E+00
   13    5    .252E-01    .000E+00
   13    6    .168E-01    .000E+00
   13    7    .124E+00    .000E+00
   13    8    .523E-01    .000E+00
   13    9    .946E+00    .000E+00
   13   10    .360E+00    .000E+00
   13   11   -.922E+00    .000E+00
   13   12   -.322E+00    .000E+00
   13   13   -.704E+01    .000E+00
   13   14   -.140E-02    .000E+00
   13   15   -.186E+01    .000E+00
   14    1    .791E-02    .806E-02
   14    2    .204E-01    .205E-01
   14    3    .958E-05    .000E+00
   14    4    .444E-01    .000E+00
   14    5    .526E-04    .000E+00
   14    6    .975E-01    .000E+00
   14    7    .210E-03    .000E+00
   14    8    .247E+00    .000E+00
   14    9    .945E-03    .000E+00
   14   10    .914E+00    .000E+00
   14   11    .100E-01    .000E+00
   14   12    .144E+02    .000E+00
   14   13   -.334E-01    .000E+00
   14   14   -.197E+02    .000E+00
   14   15   -.108E-02    .000E+00
   15    1    .642E-03    .599E-03
   15    2    .181E-02    .175E-02
   15    3    .247E-02    .000E+00
   15    4    .394E-02    .000E+00
   15    5    .124E-01    .000E+00
   15    6    .831E-02    .000E+00
   15    7    .467E-01    .000E+00
   15    8    .193E-01    .000E+00
   15    9    .190E+00    .000E+00
   15   10    .583E-01    .000E+00
   15   11    .128E+01    .000E+00
   15   12    .395E+00    .000E+00
   15   13   -.108E+01    .000E+00
   15   14   -.368E+00    .000E+00
   15   15   -.719E+01    .000E+00
   16    1    .555E-02    .566E-02
   16    2    .137E-01    .138E-01
   16    3    .588E-05    .000E+00
   16    4    .281E-01    .000E+00
   16    5    .293E-04    .000E+00
   16    6    .555E-01    .000E+00
   16    7    .984E-04    .000E+00
   16    8    .116E+00    .000E+00
   16    9    .318E-03    .000E+00
   16   10    .285E+00    .000E+00
   16   11    .128E-02    .000E+00
   16   12    .104E+01    .000E+00
   16   13    .126E-01    .000E+00
   16   14    .164E+02    .000E+00
   16   15   -.374E-01    .000E+00
   17    1    .448E-03    .418E-03
   17    2    .122E-02    .118E-02
   17    3    .156E-02    .000E+00
   17    4    .251E-02    .000E+00
   17    5    .713E-02    .000E+00
   17    6    .485E-02    .000E+00
   17    7    .232E-01    .000E+00
   17    8    .965E-02    .000E+00
   17    9    .722E-01    .000E+00
   17   10    .217E-01    .000E+00
   17   11    .262E+00    .000E+00
   17   12    .643E-01    .000E+00
   17   13    .163E+01    .000E+00
   17   14    .430E+00    .000E+00
   17   15   -.123E+01    .000E+00
  3  2  0    3  2  1       120
    1    1   -.198E+01   -.193E+01
    1    2   -.214E+00   -.205E+00
    1    3   -.650E-01   -.619E-01
    1    4   -.289E-01   -.274E-01
    1    5   -.156E-01   -.148E-01
    1    6   -.949E-02   -.897E-02
    1    7   -.624E-02   -.589E-02
    1    8   -.434E-02   -.409E-02
    2    1    .497E+00    .463E+00
    2    2   -.223E+01   -.220E+01
    2    3   -.316E+00   -.310E+00
    2    4   -.107E+00   -.105E+00
    2    5   -.506E-01   -.495E-01
    2    6   -.285E-01   -.278E-01
    2    7   -.178E-01   -.174E-01
    2    8   -.120E-01   -.117E-01
    3    1    .169E+01    .169E+01
    3    2   -.350E-02    .000E+00
    3    3   -.161E-01   -.162E-01
    3    4   -.276E-02   -.280E-02
    3    5   -.961E-03   -.976E-03
    3    6   -.455E-03   -.463E-03
    3    7   -.255E-03   -.261E-03
    3    8   -.160E-03   -.163E-03
    4    1    .347E-03    .649E-03
    4    2    .967E+00    .938E+00
    4    3   -.251E+01   -.249E+01
    4    4   -.390E+00   -.386E+00
    4    5   -.139E+00   -.137E+00
    4    6   -.678E-01   -.669E-01
    4    7   -.390E-01   -.384E-01
    4    8   -.248E-01   -.244E-01
    5    1    .259E+00    .258E+00
    5    2    .148E+01    .148E+01
    5    3   -.632E-02    .000E+00
    5    4   -.448E-01   -.450E-01
    5    5   -.831E-02   -.837E-02
    5    6   -.301E-02   -.303E-02
    5    7   -.146E-02   -.147E-02
    5    8   -.830E-03   -.839E-03
    6    1    .823E-04    .173E-03
    6    2    .184E-02    .226E-02
    6    3    .141E+01    .139E+01
    6    4   -.280E+01   -.278E+01
    6    5   -.453E+00   -.450E+00
    6    6   -.166E+00   -.164E+00
    6    7   -.824E-01   -.816E-01
    6    8   -.480E-01   -.475E-01
    7    1    .887E-01    .886E-01
    7    2    .307E+00    .307E+00
    7    3    .140E+01    .140E+01
    7    4   -.872E-02    .000E+00
    7    5   -.821E-01   -.824E-01
    7    6   -.160E-01   -.161E-01
    7    7   -.593E-02   -.597E-02
    7    8   -.292E-02   -.294E-02
    8    1    .275E-04    .655E-04
    8    2    .532E-03    .676E-03
    8    3    .481E-02    .529E-02
    8    4    .184E+01    .182E+01
    8    5   -.309E+01   -.308E+01
    8    6   -.512E+00   -.509E+00
    8    7   -.190E+00   -.189E+00
    8    8   -.954E-01   -.947E-01
    9    1    .420E-01    .420E-01
    9    2    .119E+00    .119E+00
    9    3    .324E+00    .324E+00
    9    4    .137E+01    .137E+01
    9    5   -.109E-01    .000E+00
    9    6   -.126E+00   -.126E+00
    9    7   -.253E-01   -.254E-01
    9    8   -.954E-02   -.958E-02
   10    1    .120E-04    .316E-04
   10    2    .209E-03    .275E-03
   10    3    .150E-02    .168E-02
   10    4    .917E-02    .967E-02
   10    5    .225E+01    .223E+01
   10    6   -.339E+01   -.338E+01
   10    7   -.568E+00   -.565E+00
   10    8   -.213E+00   -.211E+00
   11    1    .237E-01    .236E-01
   11    2    .602E-01    .601E-01
   11    3    .133E+00    .133E+00
   11    4    .335E+00    .335E+00
   11    5    .138E+01    .138E+01
   11    6   -.129E-01    .000E+00
   11    7   -.173E+00   -.173E+00
   11    8   -.357E-01   -.358E-01
   12    1    .624E-05    .178E-04
   12    2    .103E-03    .139E-03
   12    3    .628E-03    .712E-03
   12    4    .298E-02    .317E-02
   12    5    .147E-01    .152E-01
   12    6    .266E+01    .264E+01
   12    7   -.368E+01   -.367E+01
   12    8   -.622E+00   -.620E+00
   13    1    .148E-01    .148E-01
   13    2    .353E-01    .352E-01
   13    3    .697E-01    .696E-01
   13    4    .142E+00    .141E+00
   13    5    .345E+00    .345E+00
   13    6    .140E+01    .140E+01
   13    7   -.149E-01    .000E+00
   13    8   -.224E+00   -.224E+00
   14    1    .365E-05    .111E-04
   14    2    .585E-04    .807E-04
   14    3    .323E-03    .370E-03
   14    4    .129E-02    .138E-02
   14    5    .488E-02    .508E-02
   14    6    .212E-01    .217E-01
   14    7    .306E+01    .305E+01
   14    8   -.398E+01   -.397E+01
   15    1    .996E-02    .994E-02
   15    2    .228E-01    .227E-01
   15    3    .419E-01    .418E-01
   15    4    .758E-01    .757E-01
   15    5    .148E+00    .148E+00
   15    6    .355E+00    .355E+00
   15    7    .144E+01    .144E+01
   15    8   -.168E-01    .000E+00
  3  2  0    3  3  1       210
    1    1   -.112E+02   -.112E+02
    1    2   -.116E+01   -.117E+01
    1    3   -.346E+00   -.350E+00
    1    4   -.810E-04   -.822E-04
    1    5   -.152E+00   -.154E+00
    1    6   -.609E-04   -.621E-04
    1    7   -.814E-01   -.829E-01
    1    8   -.416E-04   -.426E-04
    1    9   -.492E-01   -.502E-01
    1   10   -.289E-04   -.296E-04
    1   11   -.322E-01   -.329E-01
    1   12   -.206E-04   -.211E-04
    1   13   -.224E-01   -.229E-01
    1   14   -.151E-04   -.156E-04
    2    1    .282E+01    .000E+00
    2    2   -.127E+02    .000E+00
    2    3   -.173E+01    .000E+00
    2    4   -.292E-03    .000E+00
    2    5   -.579E+00   -.584E+00
    2    6   -.175E-03   -.177E-03
    2    7   -.271E+00   -.274E+00
    2    8   -.107E-03   -.109E-03
    2    9   -.152E+00   -.153E+00
    2   10   -.696E-04   -.706E-04
    2   11   -.945E-01   -.955E-01
    2   12   -.477E-04   -.484E-04
    2   13   -.633E-01   -.641E-01
    2   14   -.341E-04   -.346E-04
    3    1    .510E-01    .000E+00
    3    2    .109E-02    .000E+00
    3    3   -.212E-01    .000E+00
    3    4   -.202E+02    .000E+00
    3    5   -.471E-02    .000E+00
    3    6   -.273E+01    .000E+00
    3    7   -.189E-02    .000E+00
    3    8   -.875E+00    .000E+00
    3    9   -.980E-03    .000E+00
    3   10   -.398E+00    .000E+00
    3   11   -.584E-03    .000E+00
    3   12   -.218E+00    .000E+00
    3   13   -.380E-03    .000E+00
    3   14   -.135E+00    .000E+00
    4    1    .146E-03    .000E+00
    4    2    .548E+01    .000E+00
    4    3   -.143E+02    .000E+00
    4    4   -.179E-01    .000E+00
    4    5   -.215E+01    .000E+00
    4    6   -.250E-02    .000E+00
    4    7   -.755E+00    .000E+00
    4    8   -.899E-03    .000E+00
    4    9   -.365E+00    .000E+00
    4   10   -.447E-03    .000E+00
    4   11   -.209E+00    .000E+00
    4   12   -.262E-03    .000E+00
    4   13   -.132E+00    .000E+00
    4   14   -.169E-03    .000E+00
    5    1    .825E-02    .820E-02
    5    2    .464E-01    .000E+00
    5    3    .318E-02    .000E+00
    5    4   -.786E-02    .000E+00
    5    5   -.366E-01    .000E+00
    5    6   -.177E+02    .000E+00
    5    7   -.845E-02    .000E+00
    5    8   -.342E+01    .000E+00
    5    9   -.348E-02    .000E+00
    5   10   -.127E+01    .000E+00
    5   11   -.183E-02    .000E+00
    5   12   -.621E+00    .000E+00
    5   13   -.111E-02    .000E+00
    5   14   -.357E+00    .000E+00
    6    1    .946E-04    .139E-03
    6    2    .827E-03    .000E+00
    6    3    .799E+01    .000E+00
    6    4    .620E-02    .000E+00
    6    5   -.160E+02    .000E+00
    6    6   -.311E-01    .000E+00
    6    7   -.250E+01    .000E+00
    6    8   -.471E-02    .000E+00
    6    9   -.903E+00    .000E+00
    6   10   -.169E-02    .000E+00
    6   11   -.445E+00    .000E+00
    6   12   -.832E-03    .000E+00
    6   13   -.258E+00    .000E+00
    6   14   -.484E-03    .000E+00
    7    1    .290E-02    .288E-02
    7    2    .100E-01    .000E+00
    7    3    .485E-01    .000E+00
    7    4    .140E+00    .000E+00
    7    5    .600E-02    .000E+00
    7    6   -.178E-01    .000E+00
    7    7   -.490E-01    .000E+00
    7    8   -.166E+02    .000E+00
    7    9   -.115E-01    .000E+00
    7   10   -.367E+01    .000E+00
    7   11   -.479E-02    .000E+00
    7   12   -.146E+01    .000E+00
    7   13   -.255E-02    .000E+00
    7   14   -.747E+00    .000E+00
    8    1    .758E-04    .105E-03
    8    2    .209E-03    .000E+00
    8    3    .639E-02    .000E+00
    8    4    .232E-05    .000E+00
    8    5    .104E+02    .000E+00
    8    6    .141E-01    .000E+00
    8    7   -.176E+02    .000E+00
    8    8   -.415E-01    .000E+00
    8    9   -.282E+01    .000E+00
    8   10   -.656E-02    .000E+00
    8   11   -.103E+01    .000E+00
    8   12   -.239E-02    .000E+00
    8   13   -.516E+00    .000E+00
    8   14   -.118E-02    .000E+00
    9    1    .140E-02    .139E-02
    9    2    .396E-02    .000E+00
    9    3    .115E-01    .000E+00
    9    4    .222E-01    .000E+00
    9    5    .529E-01    .000E+00
    9    6    .377E+00    .000E+00
    9    7    .858E-02    .000E+00
    9    8   -.280E-01    .000E+00
    9    9   -.598E-01    .000E+00
    9   10   -.161E+02    .000E+00
    9   11   -.142E-01    .000E+00
    9   12   -.379E+01    .000E+00
    9   13   -.594E-02    .000E+00
    9   14   -.157E+01    .000E+00
   10    1    .566E-04    .762E-04
   10    2    .485E-04    .000E+00
   10    3    .208E-02    .000E+00
   10    4    .566E-06    .000E+00
   10    5    .177E-01    .000E+00
   10    6    .166E-04    .000E+00
   10    7    .128E+02    .000E+00
   10    8    .224E-01    .000E+00
   10    9   -.193E+02    .000E+00
   10   10   -.502E-01    .000E+00
   10   11   -.313E+01    .000E+00
   10   12   -.813E-02    .000E+00
   10   13   -.116E+01    .000E+00
   10   14   -.300E-02    .000E+00
   11    1    .794E-03    .786E-03
   11    2    .203E-02    .000E+00
   11    3    .474E-02    .000E+00
   11    4    .734E-02    .000E+00
   11    5    .129E-01    .000E+00
   11    6    .652E-01    .000E+00
   11    7    .583E-01    .000E+00
   11    8    .685E+00    .000E+00
   11    9    .109E-01    .000E+00
   11   10   -.380E-01    .000E+00
   11   11   -.698E-01    .000E+00
   11   12   -.159E+02    .000E+00
   11   13   -.166E-01    .000E+00
   11   14   -.388E+01    .000E+00
   12    1    .418E-04    .555E-04
   12    2    .129E-04    .000E+00
   12    3    .780E-03    .000E+00
   12    4    .163E-06    .000E+00
   12    5    .611E-02    .000E+00
   12    6    .471E-05    .000E+00
   12    7    .342E-01    .000E+00
   12    8    .489E-04    .000E+00
   12    9    .151E+02    .000E+00
   12   10    .306E-01    .000E+00
   12   11   -.210E+02    .000E+00
   12   12   -.579E-01    .000E+00
   12   13   -.343E+01    .000E+00
   12   14   -.953E-02    .000E+00
   13    1    .500E-03    .495E-03
   13    2    .120E-02    .000E+00
   13    3    .250E-02    .000E+00
   13    4    .336E-02    .000E+00
   13    5    .546E-02    .000E+00
   13    6    .225E-01    .000E+00
   13    7    .144E-01    .000E+00
   13    8    .125E+00    .000E+00
   13    9    .643E-01    .000E+00
   13   10    .104E+01    .000E+00
   13   11    .124E-01    .000E+00
   13   12   -.478E-01    .000E+00
   13   13   -.793E-01    .000E+00
   13   14   -.159E+02    .000E+00
   14    1    .312E-04    .411E-04
   14    2    .368E-05    .000E+00
   14    3    .359E-03    .000E+00
   14    4    .585E-07    .000E+00
   14    5    .253E-02    .000E+00
   14    6    .171E-05    .000E+00
   14    7    .122E-01    .000E+00
   14    8    .148E-04    .000E+00
   14    9    .552E-01    .000E+00
   14   10    .100E-03    .000E+00
   14   11    .173E+02    .000E+00
   14   12    .386E-01    .000E+00
   14   13   -.227E+02    .000E+00
   14   14   -.650E-01    .000E+00
   15    1    .338E-03    .335E-03
   15    2    .776E-03    .000E+00
   15    3    .151E-02    .000E+00
   15    4    .185E-02    .000E+00
   15    5    .292E-02    .000E+00
   15    6    .106E-01    .000E+00
   15    7    .616E-02    .000E+00
   15    8    .446E-01    .000E+00
   15    9    .160E-01    .000E+00
   15   10    .199E+00    .000E+00
   15   11    .706E-01    .000E+00
   15   12    .144E+01    .000E+00
   15   13    .124E-01    .000E+00
   15   14   -.573E-01    .000E+00
  3  2  1    3  3  0        56
    1    1   -.136E+02   -.136E+02
    1    2   -.208E+01   -.207E+01
    1    3   -.716E+00   -.712E+00
    1    4   -.340E+00   -.337E+00
    1    5   -.191E+00   -.190E+00
    1    6   -.120E+00   -.119E+00
    1    7   -.807E-01   -.800E-01
    2    1    .212E-01    .000E+00
    2    2   -.119E+02   -.119E+02
    2    3   -.248E+01   -.247E+01
    2    4   -.962E+00   -.959E+00
    2    5   -.487E+00   -.485E+00
    2    6   -.286E+00   -.285E+00
    2    7   -.184E+00   -.183E+00
    3    1    .164E+00    .166E+00
    3    2    .293E-01    .000E+00
    3    3   -.113E+02   -.113E+02
    3    4   -.263E+01   -.262E+01
    3    5   -.108E+01   -.107E+01
    3    6   -.565E+00   -.563E+00
    3    7   -.340E+00   -.339E+00
    4    1    .292E-01    .299E-01
    4    2    .431E+00    .435E+00
    4    3    .326E-01    .000E+00
    4    4   -.111E+02   -.111E+02
    4    5   -.272E+01   -.271E+01
    4    6   -.115E+01   -.115E+01
    4    7   -.616E+00   -.614E+00
    5    1    .104E-01    .107E-01
    5    2    .822E-01    .832E-01
    5    3    .767E+00    .771E+00
    5    4    .341E-01    .000E+00
    5    5   -.112E+02   -.112E+02
    5    6   -.281E+01   -.280E+01
    5    7   -.121E+01   -.120E+01
    6    1    .502E-02    .518E-02
    6    2    .302E-01    .307E-01
    6    3    .152E+00    .154E+00
    6    4    .115E+01    .115E+01
    6    5    .350E-01    .000E+00
    6    6   -.114E+02   -.114E+02
    6    7   -.290E+01   -.289E+01
    7    1    .285E-02    .295E-02
    7    2    .148E-01    .151E-01
    7    3    .573E-01    .578E-01
    7    4    .235E+00    .237E+00
    7    5    .157E+01    .157E+01
    7    6    .358E-01    .000E+00
    7    7   -.117E+02   -.117E+02
    8    1    .180E-02    .186E-02
    8    2    .852E-02    .868E-02
    8    3    .284E-01    .287E-01
    8    4    .897E-01    .903E-01
    8    5    .327E+00    .329E+00
    8    6    .201E+01    .202E+01
    8    7    .366E-01    .000E+00
  3  3  0    3  3  1        98
    1    1    .168E+01    .168E+01
    1    2    .239E-01    .000E+00
    1    3   -.168E-01   -.169E-01
    1    4   -.177E+01   -.177E+01
    1    5   -.284E-02   -.288E-02
    1    6   -.240E+00   -.240E+00
    1    7   -.988E-03   -.100E-02
    1    8   -.770E-01   -.770E-01
    1    9   -.468E-03   -.476E-03
    1   10   -.351E-01   -.350E-01
    1   11   -.263E-03   -.268E-03
    1   12   -.193E-01   -.192E-01
    1   13   -.165E-03   -.168E-03
    1   14   -.119E-01   -.119E-01
    2    1    .264E+00    .263E+00
    2    2    .144E+01    .144E+01
    2    3    .490E-01    .513E-01
    2    4    .592E-03    .000E+00
    2    5   -.477E-01   -.479E-01
    2    6   -.157E+01   -.157E+01
    2    7   -.869E-02   -.876E-02
    2    8   -.303E+00   -.303E+00
    2    9   -.313E-02   -.316E-02
    2   10   -.112E+00   -.112E+00
    2   11   -.151E-02   -.153E-02
    2   12   -.550E-01   -.549E-01
    2   13   -.861E-03   -.871E-03
    2   14   -.316E-01   -.316E-01
    3    1    .915E-01    .914E-01
    3    2    .309E+00    .309E+00
    3    3    .135E+01    .135E+01
    3    4    .176E-01    .176E-01
    3    5    .132E+00    .135E+00
    3    6    .135E-02    .000E+00
    3    7   -.884E-01   -.887E-01
    3    8   -.148E+01   -.148E+01
    3    9   -.169E-01   -.170E-01
    3   10   -.326E+00   -.326E+00
    3   11   -.622E-02   -.626E-02
    3   12   -.129E+00   -.129E+00
    3   13   -.305E-02   -.307E-02
    3   14   -.664E-01   -.663E-01
    4    1    .437E-01    .436E-01
    4    2    .121E+00    .121E+00
    4    3    .322E+00    .322E+00
    4    4    .300E-02    .300E-02
    4    5    .131E+01    .131E+01
    4    6    .443E-01    .443E-01
    4    7    .222E+00    .226E+00
    4    8    .213E-02    .000E+00
    4    9   -.136E+00   -.136E+00
    4   10   -.144E+01   -.144E+01
    4   11   -.268E-01   -.269E-01
    4   12   -.339E+00   -.339E+00
    4   13   -.100E-01   -.101E-01
    4   14   -.140E+00   -.140E+00
    5    1    .247E-01    .247E-01
    5    2    .618E-01    .617E-01
    5    3    .134E+00    .134E+00
    5    4    .104E-02    .104E-02
    5    5    .330E+00    .330E+00
    5    6    .807E-02    .808E-02
    5    7    .131E+01    .131E+01
    5    8    .770E-01    .770E-01
    5    9    .309E+00    .313E+00
    5   10    .290E-02    .000E+00
    5   11   -.188E+00   -.189E+00
    5   12   -.143E+01   -.143E+01
    5   13   -.380E-01   -.381E-01
    5   14   -.349E+00   -.349E+00
    6    1    .155E-01    .155E-01
    6    2    .364E-01    .363E-01
    6    3    .707E-01    .706E-01
    6    4    .489E-03    .490E-03
    6    5    .141E+00    .141E+00
    6    6    .289E-02    .289E-02
    6    7    .337E+00    .337E+00
    6    8    .147E-01    .147E-01
    6    9    .132E+01    .132E+01
    6   10    .114E+00    .114E+00
    6   11    .389E+00    .392E+00
    6   12    .365E-02    .000E+00
    6   13   -.244E+00   -.245E+00
    6   14   -.144E+01   -.144E+01
    7    1    .105E-01    .104E-01
    7    2    .235E-01    .235E-01
    7    3    .427E-01    .426E-01
    7    4    .275E-03    .275E-03
    7    5    .762E-01    .760E-01
    7    6    .139E-02    .139E-02
    7    7    .147E+00    .147E+00
    7    8    .537E-02    .537E-02
    7    9    .345E+00    .345E+00
    7   10    .224E-01    .224E-01
    7   11    .135E+01    .135E+01
    7   12    .154E+00    .154E+00
    7   13    .453E+00    .457E+00
    7   14    .437E-02    .000E+00
  3  3  0    3  4  1        42
    1    1   -.265E+02   -.265E+02
    1    2   -.359E+01   -.359E+01
    1    3   -.115E+01   -.115E+01
    1    4   -.522E+00   -.522E+00
    1    5   -.287E+00   -.286E+00
    1    6   -.177E+00   -.177E+00
    2    1    .838E-02    .000E+00
    2    2   -.234E+02   -.234E+02
    2    3   -.450E+01   -.450E+01
    2    4   -.166E+01   -.166E+01
    2    5   -.816E+00   -.816E+00
    2    6   -.469E+00   -.469E+00
    3    1    .186E+00    .186E+00
    3    2    .188E-01    .000E+00
    3    3   -.219E+02   -.219E+02
    3    4   -.483E+01   -.483E+01
    3    5   -.192E+01   -.191E+01
    3    6   -.982E+00   -.982E+00
    4    1    .296E-01    .296E-01
    4    2    .499E+00    .499E+00
    4    3    .296E-01    .000E+00
    4    4   -.212E+02   -.212E+02
    4    5   -.500E+01   -.500E+01
    4    6   -.206E+01   -.206E+01
    5    1    .980E-02    .982E-02
    5    2    .865E-01    .866E-01
    5    3    .903E+00    .904E+00
    5    4    .401E-01    .000E+00
    5    5   -.210E+02   -.210E+02
    5    6   -.512E+01   -.512E+01
    6    1    .450E-02    .451E-02
    6    2    .299E-01    .300E-01
    6    3    .166E+00    .166E+00
    6    4    .138E+01    .138E+01
    6    5    .504E-01    .000E+00
    6    6   -.210E+02   -.210E+02
    7    1    .247E-02    .248E-02
    7    2    .141E-01    .141E-01
    7    3    .590E-01    .591E-01
    7    4    .262E+00    .262E+00
    7    5    .190E+01    .190E+01
    7    6    .603E-01    .000E+00
  3  3  1    3  4  0       168
    1    1   -.194E+02    .000E+00
    1    2   -.305E+01   -.304E+01
    1    3   -.106E+01   -.105E+01
    1    4   -.289E-03   -.288E-03
    1    5   -.505E+00   -.502E+00
    1    6   -.267E-03   -.266E-03
    1    7   -.285E+00   -.284E+00
    1    8   -.209E-03   -.207E-03
    1    9   -.179E+00   -.178E+00
    1   10   -.159E-03   -.158E-03
    1   11   -.121E+00   -.120E+00
    1   12   -.121E-03   -.121E-03
    2    1   -.268E+00    .000E+00
    2    2   -.167E+02    .000E+00
    2    3   -.358E+01    .000E+00
    2    4   -.960E-03    .000E+00
    2    5   -.140E+01    .000E+00
    2    6   -.731E-03    .000E+00
    2    7   -.714E+00    .000E+00
    2    8   -.515E-03    .000E+00
    2    9   -.421E+00    .000E+00
    2   10   -.368E-03    .000E+00
    2   11   -.272E+00    .000E+00
    2   12   -.270E-03    .000E+00
    3    1    .276E+00    .000E+00
    3    2   -.547E+00    .000E+00
    3    3   -.157E+02    .000E+00
    3    4   -.165E-02    .000E+00
    3    5   -.375E+01    .000E+00
    3    6   -.496E-04    .000E+00
    3    7   -.155E+01    .000E+00
    3    8   -.172E-03    .000E+00
    3    9   -.820E+00    .000E+00
    3   10   -.178E-03    .000E+00
    3   11   -.495E+00    .000E+00
    3   12   -.153E-03    .000E+00
    4    1    .251E-01    .000E+00
    4    2    .297E-06    .000E+00
    4    3   -.159E-02    .000E+00
    4    4   -.352E+02    .000E+00
    4    5   -.327E-03    .000E+00
    4    6   -.424E+01    .000E+00
    4    7   -.126E-03    .000E+00
    4    8   -.126E+01    .000E+00
    4    9   -.636E-04    .000E+00
    4   10   -.544E+00    .000E+00
    4   11   -.373E-04    .000E+00
    4   12   -.289E+00    .000E+00
    5    1    .492E-01    .000E+00
    5    2    .719E+00    .000E+00
    5    3   -.811E+00    .000E+00
    5    4   -.124E-05    .000E+00
    5    5   -.153E+02    .000E+00
    5    6   -.171E-02    .000E+00
    5    7   -.385E+01    .000E+00
    5    8   -.109E-04    .000E+00
    5    9   -.165E+01    .000E+00
    5   10   -.213E-04    .000E+00
    5   11   -.887E+00    .000E+00
    5   12   -.444E-04    .000E+00
    6    1    .321E-02    .000E+00
    6    2    .191E-01    .000E+00
    6    3    .301E-05    .000E+00
    6    4    .721E-04    .000E+00
    6    5   -.325E-02    .000E+00
    6    6   -.313E+02    .000E+00
    6    7   -.708E-03    .000E+00
    6    8   -.558E+01    .000E+00
    6    9   -.281E-03    .000E+00
    6   10   -.195E+01    .000E+00
    6   11   -.145E-03    .000E+00
    6   12   -.924E+00    .000E+00
    7    1    .176E-01    .000E+00
    7    2    .136E+00    .000E+00
    7    3    .127E+01    .000E+00
    7    4    .489E-04    .000E+00
    7    5   -.106E+01    .000E+00
    7    6   -.388E-05    .000E+00
    7    7   -.154E+02    .000E+00
    7    8   -.142E-02    .000E+00
    7    9   -.395E+01    .000E+00
    7   10   -.562E-04    .000E+00
    7   11   -.172E+01    .000E+00
    7   12   -.122E-07    .000E+00
    8    1    .994E-03    .000E+00
    8    2    .355E-02    .000E+00
    8    3    .169E-01    .000E+00
    8    4    .160E+00    .000E+00
    8    5    .829E-05    .000E+00
    8    6    .174E-03    .000E+00
    8    7   -.478E-02    .000E+00
    8    8   -.292E+02    .000E+00
    8    9   -.107E-02    .000E+00
    8   10   -.610E+01    .000E+00
    8   11   -.434E-03    .000E+00
    8   12   -.233E+01    .000E+00
    9    1    .851E-02    .000E+00
    9    2    .501E-01    .000E+00
    9    3    .249E+00    .000E+00
    9    4    .125E-04    .000E+00
    9    5    .189E+01    .000E+00
    9    6    .123E-03    .000E+00
    9    7   -.130E+01    .000E+00
    9    8   -.766E-05    .000E+00
    9    9   -.156E+02    .000E+00
    9   10   -.110E-02    .000E+00
    9   11   -.406E+01    .000E+00
    9   12   -.810E-04    .000E+00
   10    1    .442E-03    .000E+00
   10    2    .128E-02    .000E+00
   10    3    .363E-02    .000E+00
   10    4    .228E-01    .000E+00
   10    5    .162E-01    .000E+00
   10    6    .437E+00    .000E+00
   10    7    .151E-04    .000E+00
   10    8    .285E-03    .000E+00
   10    9   -.619E-02    .000E+00
   10   10   -.281E+02    .000E+00
   10   11   -.142E-02    .000E+00
   10   12   -.636E+01    .000E+00
   11    1    .485E-02    .000E+00
   11    2    .246E-01    .000E+00
   11    3    .937E-01    .000E+00
   11    4    .534E-05    .000E+00
   11    5    .382E+00    .000E+00
   11    6    .321E-04    .000E+00
   11    7    .257E+01    .000E+00
   11    8    .203E-03    .000E+00
   11    9   -.107E+01    .000E+00
   11   10   -.117E-05    .000E+00
   11   11   -.159E+02    .000E+00
   11   12   -.848E-03    .000E+00
   12    1    .239E-03    .000E+00
   12    2    .620E-03    .000E+00
   12    3    .141E-02    .000E+00
   12    4    .703E-02    .000E+00
   12    5    .371E-02    .000E+00
   12    6    .693E-01    .000E+00
   12    7    .161E-01    .000E+00
   12    8    .803E+00    .000E+00
   12    9    .228E-04    .000E+00
   12   10    .397E-03    .000E+00
   12   11   -.751E-02    .000E+00
   12   12   -.274E+02    .000E+00
   13    1    .306E-02    .000E+00
   13    2    .142E-01    .000E+00
   13    3    .465E-01    .000E+00
   13    4    .286E-05    .000E+00
   13    5    .146E+00    .000E+00
   13    6    .140E-04    .000E+00
   13    7    .529E+00    .000E+00
   13    8    .540E-04    .000E+00
   13    9    .327E+01    .000E+00
   13   10    .280E-03    .000E+00
   13   11   -.109E+04    .000E+00
   13   12   -.498E+00    .000E+00
   14    1    .146E-03    .000E+00
   14    2    .353E-03    .000E+00
   14    3    .716E-03    .000E+00
   14    4    .306E-02    .000E+00
   14    5    .151E-02    .000E+00
   14    6    .225E-01    .000E+00
   14    7    .383E-02    .000E+00
   14    8    .136E+00    .000E+00
   14    9    .165E-01    .000E+00
   14   10    .124E+01    .000E+00
   14   11    .305E-04    .000E+00
   14   12    .481E-03    .000E+00
  3  4  0    3  4  1        72
    1    1   -.177E+01   -.177E+01
    1    2   -.239E+00   -.239E+00
    1    3   -.767E-01   -.766E-01
    1    4   -.349E-01   -.349E-01
    1    5   -.191E-01   -.191E-01
    1    6   -.118E-01   -.118E-01
    2    1   -.309E-03    .000E+00
    2    2   -.156E+01   -.156E+01
    2    3   -.300E+00   -.300E+00
    2    4   -.111E+00   -.111E+00
    2    5   -.545E-01   -.544E-01
    2    6   -.313E-01   -.313E-01
    3    1    .797E-02    .798E-02
    3    2   -.693E-03    .000E+00
    3    3   -.145E+01   -.145E+01
    3    4   -.321E+00   -.321E+00
    3    5   -.127E+00   -.127E+00
    3    6   -.654E-01   -.654E-01
    4    1    .181E+01    .181E+01
    4    2   -.756E-05    .000E+00
    4    3   -.124E-01   -.124E-01
    4    4   -.193E-02   -.193E-02
    4    5   -.631E-03   -.631E-03
    4    6   -.286E-03   -.286E-03
    5    1    .114E-02    .114E-02
    5    2    .236E-01    .236E-01
    5    3   -.109E-02    .000E+00
    5    4   -.140E+01   -.140E+01
    5    5   -.331E+00   -.331E+00
    5    6   -.137E+00   -.137E+00
    6    1    .219E+00    .219E+00
    6    2    .162E+01    .162E+01
    6    3   -.192E-04    .000E+00
    6    4   -.317E-01   -.317E-01
    6    5   -.539E-02   -.539E-02
    6    6   -.184E-02   -.184E-02
    7    1    .351E-03    .352E-03
    7    2    .379E-02    .380E-02
    7    3    .453E-01    .453E-01
    7    4   -.147E-02    .000E+00
    7    5   -.138E+01   -.138E+01
    7    6   -.338E+00   -.338E+00
    8    1    .650E-01    .650E-01
    8    2    .289E+00    .289E+00
    8    3    .152E+01    .152E+01
    8    4   -.326E-04    .000E+00
    8    5   -.558E-01   -.558E-01
    8    6   -.100E-01   -.100E-01
    9    1    .153E-03    .153E-03
    9    2    .125E-02    .125E-02
    9    3    .785E-02    .786E-02
    9    4    .717E-01    .717E-01
    9    5   -.184E-02    .000E+00
    9    6   -.138E+01   -.138E+01
   10    1    .281E-01    .281E-01
   10    2    .101E+00    .101E+00
   10    3    .317E+00    .317E+00
   10    4    .146E+01    .146E+01
   10    5   -.467E-04    .000E+00
   10    6   -.832E-01   -.832E-01
   11    1    .808E-04    .812E-04
   11    2    .565E-03    .566E-03
   11    3    .269E-02    .269E-02
   11    4    .131E-01    .131E-01
   11    5    .101E+00    .101E+00
   11    6   -.202E-02    .000E+00
   12    1    .149E-01    .149E-01
   12    2    .479E-01    .479E-01
   12    3    .121E+00    .121E+00
   12    4    .332E+00    .332E+00
   12    5    .144E+01    .144E+01
   12    6   -.576E-04    .000E+00
  0  0  0    0  0  0         0
