   10    3    F
  2  0  0    2  1  1        81
    1    1   -.302E+00    .000E+00
    1    2   -.602E+00   -.603E+00
    1    3   -.162E+00   -.163E+00
    1    4   -.689E-01   -.696E-01
    1    5   -.362E-01   -.366E-01
    1    6   -.216E-01   -.218E-01
    1    7   -.140E-01   -.141E-01
    1    8   -.956E-02   -.967E-02
    1    9   -.685E-02   -.693E-02
    2    1    .148E+00    .146E+00
    2    2   -.511E+00    .000E+00
    2    3   -.642E+00   -.612E+00
    2    4   -.183E+00   -.172E+00
    2    5   -.812E-01   -.758E-01
    2    6   -.442E-01   -.411E-01
    2    7   -.271E-01   -.252E-01
    2    8   -.179E-01   -.166E-01
    2    9   -.125E-01   -.116E-01
    3    1    .303E-01    .300E-01
    3    2    .332E+00    .335E+00
    3    3   -.703E+00    .000E+00
    3    4   -.702E+00    .000E+00
    3    5   -.203E+00   -.199E+00
    3    6   -.920E-01   -.899E-01
    3    7   -.510E-01   -.498E-01
    3    8   -.317E-01   -.309E-01
    3    9   -.213E-01   -.208E-01
    4    1    .117E-01    .117E-01
    4    2    .695E-01    .699E-01
    4    3    .530E+00    .000E+00
    4    4   -.891E+00    .000E+00
    4    5   -.770E+00    .000E+00
    4    6   -.224E+00    .000E+00
    4    7   -.102E+00    .000E+00
    4    8   -.571E-01   -.566E-01
    4    9   -.358E-01   -.355E-01
    5    1    .589E-02    .591E-02
    5    2    .276E-01    .277E-01
    5    3    .112E+00    .113E+00
    5    4    .735E+00    .000E+00
    5    5   -.108E+01    .000E+00
    5    6   -.843E+00    .000E+00
    5    7   -.244E+00    .000E+00
    5    8   -.112E+00    .000E+00
    5    9   -.629E-01    .000E+00
    6    1    .341E-02    .344E-02
    6    2    .142E-01    .142E-01
    6    3    .448E-01    .450E-01
    6    4    .156E+00    .000E+00
    6    5    .942E+00    .000E+00
    6    6   -.126E+01    .000E+00
    6    7   -.918E+00    .000E+00
    6    8   -.266E+00    .000E+00
    6    9   -.122E+00    .000E+00
    7    1    .217E-02    .219E-02
    7    2    .837E-02    .839E-02
    7    3    .233E-01    .233E-01
    7    4    .627E-01    .000E+00
    7    5    .200E+00    .000E+00
    7    6    .115E+01    .000E+00
    7    7   -.145E+01    .000E+00
    7    8   -.994E+00    .000E+00
    7    9   -.287E+00    .000E+00
    8    1    .147E-02    .148E-02
    8    2    .541E-02    .542E-02
    8    3    .139E-01    .139E-01
    8    4    .327E-01    .327E-01
    8    5    .809E-01    .000E+00
    8    6    .245E+00    .000E+00
    8    7    .136E+01    .000E+00
    8    8   -.163E+01    .000E+00
    8    9   -.107E+01    .000E+00
    9    1    .105E-02    .105E-02
    9    2    .372E-02    .373E-02
    9    3    .909E-02    .907E-02
    9    4    .197E-01    .197E-01
    9    5    .424E-01    .000E+00
    9    6    .991E-01    .000E+00
    9    7    .290E+00    .000E+00
    9    8    .158E+01    .000E+00
    9    9   -.181E+01    .000E+00
  2  1  1    2  2  0        72
    1    1   -.398E+01   -.398E+01
    1    2   -.734E+00   -.737E+00
    1    3   -.272E+00   -.273E+00
    1    4   -.134E+00   -.134E+00
    1    5   -.767E-01   -.769E-01
    1    6   -.484E-01   -.485E-01
    1    7   -.326E-01   -.327E-01
    1    8   -.231E-01   -.232E-01
    2    1   -.231E+00    .000E+00
    2    2   -.341E+01   -.331E+01
    2    3   -.809E+00   -.782E+00
    2    4   -.332E+00   -.322E+00
    2    5   -.174E+00   -.168E+00
    2    6   -.104E+00   -.100E+00
    2    7   -.673E-01   -.653E-01
    2    8   -.465E-01   -.452E-01
    3    1    .144E+00    .147E+00
    3    2   -.409E+00    .000E+00
    3    3   -.329E+01    .000E+00
    3    4   -.844E+00   -.837E+00
    3    5   -.363E+00   -.360E+00
    3    6   -.195E+00   -.193E+00
    3    7   -.119E+00   -.118E+00
    3    8   -.789E-01   -.783E-01
    4    1    .282E-01    .284E-01
    4    2    .355E+00    .000E+00
    4    3   -.569E+00    .000E+00
    4    4   -.332E+01    .000E+00
    4    5   -.880E+00    .000E+00
    4    6   -.386E+00    .000E+00
    4    7   -.211E+00   -.211E+00
    4    8   -.131E+00   -.131E+00
    5    1    .107E-01    .107E-01
    5    2    .724E-01    .721E-01
    5    3    .603E+00    .000E+00
    5    4   -.719E+00    .000E+00
    5    5   -.344E+01    .000E+00
    5    6   -.920E+00    .000E+00
    5    7   -.408E+00    .000E+00
    5    8   -.225E+00    .000E+00
    6    1    .534E-02    .529E-02
    6    2    .280E-01    .277E-01
    6    3    .126E+00    .000E+00
    6    4    .874E+00    .000E+00
    6    5   -.864E+00    .000E+00
    6    6   -.359E+01    .000E+00
    6    7   -.964E+00    .000E+00
    6    8   -.430E+00    .000E+00
    7    1    .310E-02    .306E-02
    7    2    .142E-01    .139E-01
    7    3    .494E-01    .000E+00
    7    4    .185E+00    .000E+00
    7    5    .116E+01    .000E+00
    7    6   -.101E+01    .000E+00
    7    7   -.376E+01    .000E+00
    7    8   -.101E+01    .000E+00
    8    1    .198E-02    .195E-02
    8    2    .834E-02    .816E-02
    8    3    .252E-01    .250E-01
    8    4    .733E-01    .000E+00
    8    5    .249E+00    .000E+00
    8    6    .145E+01    .000E+00
    8    7   -.115E+01    .000E+00
    8    8   -.394E+01    .000E+00
    9    1    .135E-02    .133E-02
    9    2    .539E-02    .525E-02
    9    3    .150E-01    .148E-01
    9    4    .377E-01    .000E+00
    9    5    .989E-01    .000E+00
    9    6    .314E+00    .000E+00
    9    7    .176E+01    .000E+00
    9    8   -.128E+01    .000E+00
  0  0  0    0  0  0         0
