   11    3    F
  2  0  0    2  1  1        81
    1    1   -.271E+00    .000E+00
    1    2   -.628E+00   -.628E+00
    1    3   -.167E+00   -.168E+00
    1    4   -.706E-01   -.714E-01
    1    5   -.371E-01   -.375E-01
    1    6   -.220E-01   -.223E-01
    1    7   -.142E-01   -.144E-01
    1    8   -.975E-02   -.987E-02
    1    9   -.698E-02   -.707E-02
    2    1    .140E+00    .138E+00
    2    2   -.457E+00    .000E+00
    2    3   -.673E+00   -.644E+00
    2    4   -.189E+00   -.178E+00
    2    5   -.836E-01   -.781E-01
    2    6   -.454E-01   -.423E-01
    2    7   -.278E-01   -.258E-01
    2    8   -.184E-01   -.171E-01
    2    9   -.128E-01   -.119E-01
    3    1    .289E-01    .286E-01
    3    2    .316E+00    .318E+00
    3    3   -.629E+00    .000E+00
    3    4   -.738E+00    .000E+00
    3    5   -.211E+00   -.206E+00
    3    6   -.949E-01   -.926E-01
    3    7   -.525E-01   -.511E-01
    3    8   -.326E-01   -.317E-01
    3    9   -.219E-01   -.213E-01
    4    1    .112E-01    .112E-01
    4    2    .667E-01    .671E-01
    4    3    .505E+00    .000E+00
    4    4   -.798E+00    .000E+00
    4    5   -.812E+00    .000E+00
    4    6   -.233E+00    .000E+00
    4    7   -.106E+00    .000E+00
    4    8   -.589E-01   -.582E-01
    4    9   -.369E-01   -.365E-01
    5    1    .565E-02    .566E-02
    5    2    .265E-01    .267E-01
    5    3    .108E+00    .109E+00
    5    4    .701E+00    .000E+00
    5    5   -.964E+00    .000E+00
    5    6   -.890E+00    .000E+00
    5    7   -.255E+00    .000E+00
    5    8   -.116E+00    .000E+00
    5    9   -.650E-01    .000E+00
    6    1    .328E-02    .329E-02
    6    2    .137E-01    .137E-01
    6    3    .433E-01    .436E-01
    6    4    .150E+00    .000E+00
    6    5    .900E+00    .000E+00
    6    6   -.113E+01    .000E+00
    6    7   -.971E+00    .000E+00
    6    8   -.277E+00    .000E+00
    6    9   -.126E+00    .000E+00
    7    1    .209E-02    .209E-02
    7    2    .808E-02    .811E-02
    7    3    .225E-01    .226E-01
    7    4    .607E-01    .000E+00
    7    5    .193E+00    .000E+00
    7    6    .110E+01    .000E+00
    7    7   -.129E+01    .000E+00
    7    8   -.105E+01    .000E+00
    7    9   -.299E+00    .000E+00
    8    1    .141E-02    .142E-02
    8    2    .523E-02    .524E-02
    8    3    .135E-01    .135E-01
    8    4    .317E-01    .318E-01
    8    5    .783E-01    .000E+00
    8    6    .237E+00    .000E+00
    8    7    .130E+01    .000E+00
    8    8   -.146E+01    .000E+00
    8    9   -.114E+01    .000E+00
    9    1    .100E-02    .101E-02
    9    2    .360E-02    .361E-02
    9    3    .881E-02    .883E-02
    9    4    .191E-01    .192E-01
    9    5    .411E-01    .000E+00
    9    6    .961E-01    .000E+00
    9    7    .281E+00    .000E+00
    9    8    .151E+01    .000E+00
    9    9   -.162E+01    .000E+00
  2  1  1    2  2  0        72
    1    1   -.400E+01   -.400E+01
    1    2   -.734E+00   -.737E+00
    1    3   -.272E+00   -.273E+00
    1    4   -.133E+00   -.134E+00
    1    5   -.764E-01   -.767E-01
    1    6   -.482E-01   -.484E-01
    1    7   -.325E-01   -.326E-01
    1    8   -.230E-01   -.231E-01
    2    1   -.211E+00    .000E+00
    2    2   -.343E+01   -.334E+01
    2    3   -.811E+00   -.784E+00
    2    4   -.333E+00   -.322E+00
    2    5   -.174E+00   -.168E+00
    2    6   -.104E+00   -.100E+00
    2    7   -.673E-01   -.652E-01
    2    8   -.465E-01   -.450E-01
    3    1    .141E+00    .144E+00
    3    2   -.373E+00    .000E+00
    3    3   -.332E+01    .000E+00
    3    4   -.848E+00   -.840E+00
    3    5   -.364E+00   -.360E+00
    3    6   -.196E+00   -.194E+00
    3    7   -.119E+00   -.118E+00
    3    8   -.790E-01   -.783E-01
    4    1    .277E-01    .280E-01
    4    2    .348E+00    .000E+00
    4    3   -.519E+00    .000E+00
    4    4   -.336E+01    .000E+00
    4    5   -.885E+00    .000E+00
    4    6   -.388E+00    .000E+00
    4    7   -.212E+00   -.211E+00
    4    8   -.131E+00   -.131E+00
    5    1    .105E-01    .105E-01
    5    2    .712E-01    .713E-01
    5    3    .592E+00    .000E+00
    5    4   -.656E+00    .000E+00
    5    5   -.348E+01    .000E+00
    5    6   -.926E+00    .000E+00
    5    7   -.410E+00    .000E+00
    5    8   -.226E+00    .000E+00
    6    1    .524E-02    .522E-02
    6    2    .276E-01    .274E-01
    6    3    .124E+00    .000E+00
    6    4    .858E+00    .000E+00
    6    5   -.789E+00    .000E+00
    6    6   -.363E+01    .000E+00
    6    7   -.971E+00    .000E+00
    6    8   -.432E+00    .000E+00
    7    1    .304E-02    .302E-02
    7    2    .140E-01    .138E-01
    7    3    .486E-01    .000E+00
    7    4    .183E+00    .000E+00
    7    5    .114E+01    .000E+00
    7    6   -.918E+00    .000E+00
    7    7   -.381E+01    .000E+00
    7    8   -.102E+01    .000E+00
    8    1    .194E-02    .192E-02
    8    2    .820E-02    .808E-02
    8    3    .249E-01    .247E-01
    8    4    .722E-01    .000E+00
    8    5    .245E+00    .000E+00
    8    6    .143E+01    .000E+00
    8    7   -.105E+01    .000E+00
    8    8   -.400E+01    .000E+00
    9    1    .133E-02    .131E-02
    9    2    .530E-02    .520E-02
    9    3    .147E-01    .146E-01
    9    4    .372E-01    .000E+00
    9    5    .976E-01    .000E+00
    9    6    .310E+00    .000E+00
    9    7    .173E+01    .000E+00
    9    8   -.117E+01    .000E+00
  0  0  0    0  0  0         0
