   11   10    F
  1  0  0    1  1  1       153
    1    1   -.227E+00   -.218E+00
    1    2   -.238E+00   -.213E+00
    1    3   -.836E-05   -.231E-04
    1    4   -.109E+00   -.970E-01
    1    5   -.122E-03   -.230E-03
    1    6   -.571E-01   -.507E-01
    1    7   -.135E-03   -.204E-03
    1    8   -.334E-01   -.296E-01
    1    9   -.104E-03   -.147E-03
    1   10   -.211E-01   -.187E-01
    1   11   -.760E-04   -.104E-03
    1   12   -.142E-01   -.126E-01
    1   13   -.555E-04   -.746E-04
    1   14   -.998E-02   -.886E-02
    1   15   -.412E-04   -.547E-04
    1   16   -.729E-02   -.646E-02
    1   17   -.313E-04   -.412E-04
    2    1    .416E+00    .414E+00
    2    2   -.393E+00   -.363E+00
    2    3   -.740E+00   -.716E+00
    2    4   -.411E-02   -.548E-02
    2    5   -.183E-01   -.173E-01
    2    6   -.561E-02   -.654E-02
    2    7   -.400E-02   -.377E-02
    2    8   -.396E-02   -.450E-02
    2    9   -.157E-02   -.149E-02
    2   10   -.268E-02   -.302E-02
    2   11   -.804E-03   -.765E-03
    2   12   -.186E-02   -.209E-02
    2   13   -.474E-03   -.453E-03
    2   14   -.134E-02   -.149E-02
    2   15   -.306E-03   -.293E-03
    2   16   -.986E-03   -.110E-02
    2   17   -.210E-03   -.202E-03
    3    1    .107E-01    .108E-01
    3    2    .169E-01    .126E-01
    3    3    .808E+00    .795E+00
    3    4   -.672E+00   -.648E+00
    3    5   -.974E+00   -.967E+00
    3    6   -.173E-03   -.377E-04
    3    7   -.357E-01   -.353E-01
    3    8   -.974E-03   -.129E-02
    3    9   -.855E-02   -.844E-02
    3   10   -.118E-02   -.143E-02
    3   11   -.347E-02   -.343E-02
    3   12   -.992E-03   -.117E-02
    3   13   -.180E-02   -.178E-02
    3   14   -.776E-03   -.905E-03
    3   15   -.107E-02   -.106E-02
    3   16   -.602E-03   -.696E-03
    3   17   -.698E-03   -.691E-03
    4    1    .238E-02    .245E-02
    4    2    .387E-02    .290E-02
    4    3    .349E-01    .339E-01
    4    4    .144E+00    .135E+00
    4    5    .110E+01    .109E+01
    4    6   -.891E+00    .000E+00
    4    7   -.122E+01    .000E+00
    4    8   -.382E-02   -.319E-02
    4    9   -.511E-01   -.509E-01
    4   10   -.551E-05   -.358E-04
    4   11   -.129E-01   -.128E-01
    4   12   -.219E-03   -.309E-03
    4   13   -.535E-02   -.533E-02
    4   14   -.296E-03   -.376E-03
    4   15   -.281E-02   -.280E-02
    4   16   -.285E-03   -.349E-03
    4   17   -.169E-02   -.169E-02
    5    1    .931E-03    .971E-03
    5    2    .154E-02    .114E-02
    5    3    .905E-02    .873E-02
    5    4    .160E-01    .145E-01
    5    5    .525E-01    .521E-01
    5    6    .294E+00    .000E+00
    5    7    .135E+01    .000E+00
    5    8   -.109E+01    .000E+00
    5    9   -.147E+01    .000E+00
    5   10   -.946E-02   -.866E-02
    5   11   -.654E-01   -.653E-01
    5   12   -.363E-03   -.260E-03
    5   13   -.169E-01   -.169E-01
    5   14   -.554E-13   -.504E-05
    5   15   -.714E-02   -.713E-02
    5   16   -.380E-04   -.637E-04
    5   17   -.379E-02   -.379E-02
    6    1    .470E-03    .494E-03
    6    2    .792E-03    .582E-03
    6    3    .381E-02    .368E-02
    6    4    .560E-02    .499E-02
    6    5    .140E-01    .138E-01
    6    6    .287E-01    .271E-01
    6    7    .687E-01    .685E-01
    6    8    .447E+00    .000E+00
    6    9    .161E+01    .000E+00
    6   10   -.127E+01    .000E+00
    6   11   -.173E+01    .000E+00
    6   12   -.157E-01    .000E+00
    6   13   -.790E-01    .000E+00
    6   14   -.130E-02   -.113E-02
    6   15   -.208E-01   -.208E-01
    6   16   -.141E-03   -.100E-03
    6   17   -.886E-02   -.885E-02
    7    1    .274E-03    .289E-03
    7    2    .467E-03    .341E-03
    7    3    .201E-02    .194E-02
    7    4    .275E-02    .243E-02
    7    5    .598E-02    .591E-02
    7    6    .976E-02    .913E-02
    7    7    .186E-01    .185E-01
    7    8    .410E-01    .395E-01
    7    9    .843E-01    .000E+00
    7   10    .600E+00    .000E+00
    7   11    .186E+01    .000E+00
    7   12   -.144E+01    .000E+00
    7   13   -.198E+01    .000E+00
    7   14   -.221E-01    .000E+00
    7   15   -.922E-01    .000E+00
    7   16   -.251E-02    .000E+00
    7   17   -.245E-01    .000E+00
    8    1    .175E-03    .186E-03
    8    2    .301E-03    .219E-03
    8    3    .121E-02    .117E-02
    8    4    .160E-02    .140E-02
    8    5    .319E-02    .316E-02
    8    6    .475E-02    .442E-02
    8    7    .804E-02    .801E-02
    8    8    .137E-01    .131E-01
    8    9    .231E-01    .231E-01
    8   10    .529E-01    .000E+00
    8   11    .996E-01    .000E+00
    8   12    .752E+00    .000E+00
    8   13    .212E+01    .000E+00
    8   14   -.161E+01    .000E+00
    8   15   -.224E+01    .000E+00
    8   16   -.285E-01    .000E+00
    8   17   -.105E+00    .000E+00
    9    1    .119E-03    .127E-03
    9    2    .207E-03    .150E-03
    9    3    .794E-03    .765E-03
    9    4    .102E-02    .895E-03
    9    5    .194E-02    .192E-02
    9    6    .275E-02    .255E-02
    9    7    .433E-02    .431E-02
    9    8    .666E-02    .633E-02
    9    9    .100E-01    .100E-01
    9   10    .175E-01    .000E+00
    9   11    .275E-01    .000E+00
    9   12    .644E-01    .000E+00
    9   13    .115E+00    .000E+00
    9   14    .903E+00    .000E+00
    9   15    .237E+01    .000E+00
    9   16   -.177E+01    .000E+00
    9   17   -.249E+01    .000E+00
  1  1  0    1  1  1       136
    1    1    .928E+00    .859E+00
    1    2   -.114E+01   -.109E+01
    1    3   -.380E-01   -.324E-01
    1    4   -.475E-01   -.442E-01
    1    5   -.241E-01   -.214E-01
    1    6   -.950E-02   -.876E-02
    1    7   -.109E-01   -.974E-02
    1    8   -.331E-02   -.304E-02
    1    9   -.583E-02   -.520E-02
    1   10   -.153E-02   -.140E-02
    1   11   -.349E-02   -.311E-02
    1   12   -.833E-03   -.763E-03
    1   13   -.226E-02   -.202E-02
    1   14   -.508E-03   -.464E-03
    1   15   -.155E-02   -.139E-02
    1   16   -.334E-03   -.305E-03
    1   17   -.111E-02   -.993E-03
    2    1    .204E-02    .283E-02
    2    2    .934E+00    .908E+00
    2    3    .681E+00    .670E+00
    2    4   -.156E+01   -.154E+01
    2    5   -.209E+00   -.205E+00
    2    6   -.986E-01   -.965E-01
    2    7   -.423E-01   -.414E-01
    2    8   -.249E-01   -.243E-01
    2    9   -.173E-01   -.169E-01
    2   10   -.100E-01   -.973E-02
    2   11   -.906E-02   -.885E-02
    2   12   -.510E-02   -.493E-02
    2   13   -.544E-02   -.531E-02
    2   14   -.298E-02   -.288E-02
    2   15   -.355E-02   -.347E-02
    2   16   -.191E-02   -.184E-02
    2   17   -.246E-02   -.240E-02
    3    1    .239E-02    .277E-02
    3    2    .911E-02    .828E-02
    3    3    .207E-02    .219E-02
    3    4    .128E+01    .126E+01
    3    5    .985E+00    .980E+00
    3    6   -.191E+01   -.190E+01
    3    7   -.398E+00   -.396E+00
    3    8   -.142E+00   -.140E+00
    3    9   -.618E-01   -.614E-01
    3   10   -.392E-01   -.386E-01
    3   11   -.238E-01   -.236E-01
    3   12   -.167E-01   -.164E-01
    3   13   -.123E-01   -.122E-01
    3   14   -.880E-02   -.863E-02
    3   15   -.734E-02   -.728E-02
    3   16   -.528E-02   -.518E-02
    3   17   -.481E-02   -.477E-02
    4    1    .152E-02    .170E-02
    4    2    .146E-02    .128E-02
    4    3    .262E-02    .267E-02
    4    4    .204E-01    .196E-01
    4    5    .309E-03    .330E-03
    4    6    .165E+01    .164E+01
    4    7    .124E+01    .124E+01
    4    8   -.226E+01   -.225E+01
    4    9   -.588E+00   -.587E+00
    4   10   -.181E+00   -.180E+00
    4   11   -.816E-01   -.814E-01
    4   12   -.524E-01   -.518E-01
    4   13   -.303E-01   -.303E-01
    4   14   -.229E-01   -.227E-01
    4   15   -.155E-01   -.154E-01
    4   16   -.124E-01   -.122E-01
    4   17   -.922E-02   -.918E-02
    5    1    .967E-03    .107E-02
    5    2    .473E-03    .404E-03
    5    3    .178E-02    .180E-02
    5    4    .425E-02    .403E-02
    5    5    .155E-02    .157E-02
    5    6    .300E-01    .293E-01
    5    7    .179E-04    .156E-04
    5    8    .203E+01    .202E+01
    5    9    .149E+01    .149E+01
    5   10   -.260E+01   -.259E+01
    5   11   -.778E+00   -.778E+00
    5   12   -.218E+00   -.216E+00
    5   13   -.101E+00   -.101E+00
    5   14   -.647E-01   -.642E-01
    5   15   -.369E-01   -.369E-01
    5   16   -.289E-01   -.286E-01
    5   17   -.186E-01   -.186E-01
    6    1    .642E-03    .704E-03
    6    2    .212E-03    .178E-03
    6    3    .119E-02    .119E-02
    6    4    .163E-02    .153E-02
    6    5    .129E-02    .130E-02
    6    6    .666E-02    .644E-02
    6    7    .852E-03    .859E-03
    6    8    .385E-01    .379E-01
    6    9    .478E-03    .471E-03
    6   10    .241E+01    .240E+01
    6   11    .173E+01    .172E+01
    6   12   -.294E+01   -.293E+01
    6   13   -.968E+00   -.967E+00
    6   14   -.253E+00   -.252E+00
    6   15   -.121E+00   -.121E+00
    6   16   -.765E-01   -.761E-01
    6   17   -.435E-01   -.434E-01
    7    1    .445E-03    .486E-03
    7    2    .114E-03    .949E-04
    7    3    .819E-03    .821E-03
    7    4    .816E-03    .762E-03
    7    5    .944E-03    .947E-03
    7    6    .265E-02    .255E-02
    7    7    .892E-03    .896E-03
    7    8    .873E-02    .853E-02
    7    9    .426E-03    .429E-03
    7   10    .463E-01    .457E-01
    7   11    .135E-02    .134E-02
    7   12    .279E+01    .278E+01
    7   13    .196E+01    .195E+01
    7   14   -.327E+01   -.327E+01
    7   15   -.116E+01   -.116E+01
    7   16   -.287E+00   -.286E+00
    7   17   -.141E+00   -.141E+00
    8    1    .320E-03    .348E-03
    8    2    .689E-04    .569E-04
    8    3    .585E-03    .586E-03
    8    4    .476E-03    .442E-03
    8    5    .690E-03    .690E-03
    8    6    .136E-02    .131E-02
    8    7    .717E-03    .719E-03
    8    8    .353E-02    .343E-02
    8    9    .607E-03    .609E-03
    8   10    .106E-01    .104E-01
    8   11    .178E-03    .179E-03
    8   12    .536E-01    .531E-01
    8   13    .246E-02    .245E-02
    8   14    .317E+01    .316E+01
    8   15    .218E+01    .218E+01
    8   16   -.360E+01   -.360E+01
    8   17   -.135E+01   -.135E+01
  1  1  0    1  2  1        64
    1    1   -.219E+01   -.222E+01
    1    2   -.604E-01   -.654E-01
    1    3   -.837E-02   -.990E-02
    1    4   -.213E-02   -.275E-02
    1    5   -.752E-03   -.106E-02
    1    6   -.329E-03   -.502E-03
    1    7   -.167E-03   -.273E-03
    1    8   -.943E-04   -.164E-03
    2    1    .691E+00    .707E+00
    2    2   -.288E+01   -.291E+01
    2    3   -.144E+00   -.148E+00
    2    4   -.309E-01   -.322E-01
    2    5   -.111E-01   -.116E-01
    2    6   -.514E-02   -.546E-02
    2    7   -.282E-02   -.301E-02
    2    8   -.172E-02   -.184E-02
    3    1    .236E-01    .249E-01
    3    2    .137E+01    .139E+01
    3    3   -.350E+01   -.352E+01
    3    4   -.217E+00   -.219E+00
    3    5   -.536E-01   -.546E-01
    3    6   -.211E-01   -.216E-01
    3    7   -.105E-01   -.108E-01
    3    8   -.608E-02   -.625E-02
    4    1    .673E-02    .718E-02
    4    2    .469E-01    .483E-01
    4    3    .203E+01    .205E+01
    4    4   -.409E+01   -.411E+01
    4    5   -.281E+00   -.284E+00
    4    6   -.748E-01   -.756E-01
    4    7   -.310E-01   -.314E-01
    4    8   -.160E-01   -.162E-01
    5    1    .301E-02    .324E-02
    5    2    .134E-01    .139E-01
    5    3    .673E-01    .685E-01
    5    4    .268E+01    .269E+01
    5    5   -.466E+01   -.468E+01
    5    6   -.342E+00   -.344E+00
    5    7   -.947E-01   -.954E-01
    5    8   -.403E-01   -.407E-01
    6    1    .166E-02    .178E-02
    6    2    .609E-02    .632E-02
    6    3    .191E-01    .195E-01
    6    4    .853E-01    .863E-01
    6    5    .332E+01    .333E+01
    6    6   -.523E+01   -.524E+01
    6    7   -.399E+00   -.400E+00
    6    8   -.114E+00   -.114E+00
    7    1    .102E-02    .110E-02
    7    2    .339E-02    .352E-02
    7    3    .868E-02    .888E-02
    7    4    .239E-01    .243E-01
    7    5    .102E+00    .103E+00
    7    6    .395E+01    .396E+01
    7    7   -.578E+01   -.579E+01
    7    8   -.454E+00   -.456E+00
    8    1    .680E-03    .735E-03
    8    2    .212E-02    .220E-02
    8    3    .485E-02    .497E-02
    8    4    .108E-01    .110E-01
    8    5    .281E-01    .284E-01
    8    6    .117E+00    .118E+00
    8    7    .458E+01    .459E+01
    8    8   -.634E+01   -.634E+01
  1  1  1    1  2  0       255
    1    1   -.155E+01   -.162E+01
    1    2   -.490E-02   -.295E-02
    1    3   -.691E-04   -.786E-04
    1    4   -.475E-02   -.347E-02
    1    5   -.379E-04   -.438E-04
    1    6   -.292E-02   -.221E-02
    1    7   -.220E-04   -.256E-04
    1    8   -.183E-02   -.141E-02
    1    9   -.137E-04   -.161E-04
    1   10   -.121E-02   -.934E-03
    1   11   -.915E-05   -.108E-04
    1   12   -.834E-03   -.648E-03
    1   13   -.639E-05   -.754E-05
    1   14   -.599E-03   -.466E-03
    1   15   -.464E-05   -.548E-05
    2    1    .352E-01    .415E-01
    2    2   -.345E+00   -.362E+00
    2    3   -.238E+01   -.235E+01
    2    4   -.320E-03   -.144E-03
    2    5   -.379E+00   -.373E+00
    2    6   -.791E-03   -.596E-03
    2    7   -.132E+00   -.130E+00
    2    8   -.593E-03   -.470E-03
    2    9   -.632E-01   -.618E-01
    2   10   -.411E-03   -.333E-03
    2   11   -.357E-01   -.349E-01
    2   12   -.290E-03   -.236E-03
    2   13   -.224E-01   -.219E-01
    2   14   -.210E-03   -.172E-03
    2   15   -.151E-01   -.148E-01
    3    1    .716E+00    .710E+00
    3    2   -.194E+01   -.192E+01
    3    3   -.643E+00   -.635E+00
    3    4   -.395E-05   -.234E-04
    3    5   -.963E-01   -.944E-01
    3    6   -.121E-02   -.134E-02
    3    7   -.327E-01   -.320E-01
    3    8   -.110E-02   -.119E-02
    3    9   -.155E-01   -.150E-01
    3   10   -.815E-03   -.872E-03
    3   11   -.867E-02   -.843E-02
    3   12   -.593E-03   -.631E-03
    3   13   -.542E-02   -.526E-02
    3   14   -.437E-03   -.464E-03
    3   15   -.364E-02   -.353E-02
    4    1    .596E-02    .728E-02
    4    2    .388E-01    .422E-01
    4    3   -.514E-01    .000E+00
    4    4   -.252E+00    .000E+00
    4    5   -.223E+01   -.221E+01
    4    6   -.214E-04   -.757E-06
    4    7   -.479E+00   -.474E+00
    4    8   -.354E-03   -.267E-03
    4    9   -.188E+00   -.186E+00
    4   10   -.319E-03   -.257E-03
    4   11   -.956E-01   -.946E-01
    4   12   -.241E-03   -.199E-03
    4   13   -.563E-01   -.557E-01
    4   14   -.179E-03   -.149E-03
    4   15   -.364E-01   -.360E-01
    5    1    .885E-01    .869E-01
    5    2    .129E+01    .128E+01
    5    3    .103E-01    .000E+00
    5    4   -.274E+01    .000E+00
    5    5   -.394E+00   -.391E+00
    5    6   -.133E-02   -.112E-02
    5    7   -.793E-01   -.784E-01
    5    8   -.356E-03   -.433E-03
    5    9   -.303E-01   -.299E-01
    5   10   -.601E-03   -.673E-03
    5   11   -.152E-01   -.150E-01
    5   12   -.540E-03   -.593E-03
    5   13   -.889E-02   -.876E-02
    5   14   -.434E-03   -.473E-03
    5   15   -.572E-02   -.562E-02
    6    1    .224E-02    .277E-02
    6    2    .641E-02    .713E-02
    6    3    .379E-01    .395E-01
    6    4    .487E-01    .511E-01
    6    5   -.896E-01    .000E+00
    6    6   -.232E+00    .000E+00
    6    7   -.215E+01   -.214E+01
    6    8   -.119E-04   -.380E-04
    6    9   -.513E+00   -.511E+00
    6   10   -.182E-03   -.136E-03
    6   11   -.213E+00   -.212E+00
    6   12   -.202E-03   -.165E-03
    6   13   -.112E+00   -.112E+00
    6   14   -.166E-03   -.139E-03
    6   15   -.678E-01   -.673E-01
    7    1    .305E-01    .298E-01
    7    2    .155E+00    .153E+00
    7    3    .407E-02    .433E-02
    7    4    .185E+01    .184E+01
    7    5    .176E-01    .000E+00
    7    6   -.344E+01    .000E+00
    7    7   -.325E+00   -.323E+00
    7    8   -.449E-02   -.416E-02
    7    9   -.724E-01   -.719E-01
    7   10   -.241E-04   -.432E-04
    7   11   -.292E-01   -.290E-01
    7   12   -.266E-03   -.308E-03
    7   13   -.152E-01   -.151E-01
    7   14   -.317E-03   -.353E-03
    7   15   -.910E-02   -.900E-02
    8    1    .112E-02    .139E-02
    8    2    .244E-02    .274E-02
    8    3    .674E-02    .714E-02
    8    4    .746E-02    .798E-02
    8    5    .982E-01    .100E+00
    8    6    .609E-01    .000E+00
    8    7   -.104E+00    .000E+00
    8    8   -.232E+00    .000E+00
    8    9   -.214E+01    .000E+00
    8   10   -.937E-04    .000E+00
    8   11   -.535E+00   -.532E+00
    8   12   -.921E-04   -.666E-04
    8   13   -.228E+00   -.227E+00
    8   14   -.134E-03   -.110E-03
    8   15   -.123E+00   -.122E+00
    9    1    .146E-01    .142E-01
    9    2    .535E-01    .524E-01
    9    3    .695E-03    .753E-03
    9    4    .219E+00    .216E+00
    9    5    .948E-02    .976E-02
    9    6    .241E+01    .000E+00
    9    7    .246E-01    .000E+00
    9    8   -.412E+01    .000E+00
    9    9   -.300E+00    .000E+00
    9   10   -.849E-02    .000E+00
    9   11   -.700E-01   -.696E-01
    9   12   -.467E-04   -.297E-04
    9   13   -.291E-01   -.289E-01
    9   14   -.843E-04   -.105E-03
    9   15   -.154E-01   -.153E-01
   10    1    .647E-03    .812E-03
   10    2    .124E-02    .140E-02
   10    3    .241E-02    .257E-02
   10    4    .283E-02    .305E-02
   10    5    .186E-01    .191E-01
   10    6    .871E-02    .912E-02
   10    7    .173E+00    .000E+00
   10    8    .745E-01    .000E+00
   10    9   -.128E+00    .000E+00
   10   10   -.240E+00    .000E+00
   10   11   -.216E+01    .000E+00
   10   12   -.223E-03    .000E+00
   10   13   -.553E+00    .000E+00
   10   14   -.411E-04    .000E+00
   10   15   -.240E+00   -.239E+00
   11    1    .827E-02    .806E-02
   11    2    .259E-01    .253E-01
   11    3    .240E-03    .263E-03
   11    4    .754E-01    .743E-01
   11    5    .178E-02    .185E-02
   11    6    .281E+00    .279E+00
   11    7    .158E-01    .000E+00
   11    8    .296E+01    .000E+00
   11    9    .314E-01    .000E+00
   11   10   -.479E+01    .000E+00
   11   11   -.291E+00    .000E+00
   11   12   -.129E-01    .000E+00
   11   13   -.696E-01    .000E+00
   11   14   -.285E-03    .000E+00
   11   15   -.294E-01   -.292E-01
   12    1    .412E-03    .518E-03
   12    2    .731E-03    .828E-03
   12    3    .116E-02    .125E-02
   12    4    .145E-02    .157E-02
   12    5    .685E-02    .706E-02
   12    6    .326E-02    .344E-02
   12    7    .341E-01    .346E-01
   12    8    .101E-01    .000E+00
   12    9    .259E+00    .000E+00
   12   10    .889E-01    .000E+00
   12   11   -.150E+00    .000E+00
   12   12   -.252E+00    .000E+00
   12   13   -.220E+01    .000E+00
   12   14   -.384E-03    .000E+00
   12   15   -.571E+00    .000E+00
   13    1    .519E-02    .505E-02
   13    2    .148E-01    .145E-01
   13    3    .113E-03    .125E-03
   13    4    .366E-01    .360E-01
   13    5    .642E-03    .673E-03
   13    6    .965E-01    .955E-01
   13    7    .314E-02    .322E-02
   13    8    .341E+00    .000E+00
   13    9    .227E-01    .000E+00
   13   10    .351E+01    .000E+00
   13   11    .378E-01    .000E+00
   13   12   -.545E+01    .000E+00
   13   13   -.291E+00    .000E+00
   13   14   -.175E-01    .000E+00
   13   15   -.704E-01    .000E+00
   14    1    .280E-03    .352E-03
   14    2    .472E-03    .537E-03
   14    3    .662E-03    .711E-03
   14    4    .860E-03    .935E-03
   14    5    .336E-02    .348E-02
   14    6    .167E-02    .177E-02
   14    7    .128E-01    .131E-01
   14    8    .372E-02    .387E-02
   14    9    .523E-01    .000E+00
   14   10    .115E-01    .000E+00
   14   11    .351E+00    .000E+00
   14   12    .104E+00    .000E+00
   14   13   -.173E+00    .000E+00
   14   14   -.266E+00    .000E+00
   14   15   -.226E+01    .000E+00
   15    1    .349E-02    .339E-02
   15    2    .942E-02    .917E-02
   15    3    .632E-04    .704E-04
   15    4    .211E-01    .208E-01
   15    5    .310E-03    .327E-03
   15    6    .469E-01    .464E-01
   15    7    .117E-02    .120E-02
   15    8    .117E+00    .116E+00
   15    9    .470E-02    .000E+00
   15   10    .401E+00    .000E+00
   15   11    .302E-01    .000E+00
   15   12    .406E+01    .000E+00
   15   13    .441E-01    .000E+00
   15   14   -.610E+01    .000E+00
   15   15   -.295E+00    .000E+00
   16    1    .199E-03    .251E-03
   16    2    .325E-03    .370E-03
   16    3    .418E-03    .450E-03
   16    4    .561E-03    .611E-03
   16    5    .193E-02    .200E-02
   16    6    .994E-03    .106E-02
   16    7    .636E-02    .649E-02
   16    8    .189E-02    .198E-02
   16    9    .199E-01    .202E-01
   16   10    .419E-02    .000E+00
   16   11    .724E-01    .000E+00
   16   12    .129E-01    .000E+00
   16   13    .449E+00    .000E+00
   16   14    .119E+00    .000E+00
   16   15   -.194E+00    .000E+00
   17    1    .246E-02    .240E-02
   17    2    .640E-02    .623E-02
   17    3    .394E-04    .441E-04
   17    4    .135E-01    .133E-01
   17    5    .176E-03    .187E-03
   17    6    .272E-01    .268E-01
   17    7    .574E-03    .593E-03
   17    8    .569E-01    .565E-01
   17    9    .179E-02    .182E-02
   17   10    .137E+00    .000E+00
   17   11    .642E-02    .000E+00
   17   12    .461E+00    .000E+00
   17   13    .380E-01    .000E+00
   17   14    .460E+01    .000E+00
   17   15    .501E-01    .000E+00
  1  2  0    1  2  1       120
    1    1   -.728E+00   -.711E+00
    1    2   -.218E-01   -.213E-01
    1    3   -.322E-02   -.320E-02
    1    4   -.865E-03   -.878E-03
    1    5   -.323E-03   -.334E-03
    1    6   -.148E-03   -.156E-03
    1    7   -.784E-04   -.843E-04
    1    8   -.460E-04   -.502E-04
    2    1    .235E+00    .229E+00
    2    2   -.963E+00   -.958E+00
    2    3   -.499E-01   -.495E-01
    2    4   -.109E-01   -.108E-01
    2    5   -.395E-02   -.390E-02
    2    6   -.186E-02   -.183E-02
    2    7   -.102E-02   -.101E-02
    2    8   -.627E-03   -.619E-03
    3    1    .554E+00    .548E+00
    3    2    .110E-01    .205E-01
    3    3   -.696E-02   -.767E-02
    3    4   -.121E-02   -.140E-02
    3    5   -.430E-03   -.515E-03
    3    6   -.207E-03   -.253E-03
    3    7   -.117E-03   -.146E-03
    3    8   -.738E-04   -.929E-04
    4    1    .680E-02    .651E-02
    4    2    .469E+00    .466E+00
    4    3   -.118E+01   -.117E+01
    4    4   -.745E-01   -.741E-01
    4    5   -.186E-01   -.185E-01
    4    6   -.741E-02   -.734E-02
    4    7   -.372E-02   -.368E-02
    4    8   -.215E-02   -.213E-02
    5    1    .870E-01    .854E-01
    5    2    .471E+00    .465E+00
    5    3    .241E-01    .356E-01
    5    4   -.193E-01   -.204E-01
    5    5   -.358E-02   -.388E-02
    5    6   -.131E-02   -.144E-02
    5    7   -.638E-03   -.713E-03
    5    8   -.366E-03   -.413E-03
    6    1    .188E-02    .180E-02
    6    2    .145E-01    .142E-01
    6    3    .697E+00    .694E+00
    6    4   -.138E+01   -.137E+01
    6    5   -.967E-01   -.963E-01
    6    6   -.259E-01   -.258E-01
    6    7   -.108E-01   -.107E-01
    6    8   -.559E-02   -.556E-02
    7    1    .302E-01    .294E-01
    7    2    .102E+00    .100E+00
    7    3    .436E+00    .431E+00
    7    4    .368E-01    .482E-01
    7    5   -.351E-01   -.364E-01
    7    6   -.678E-02   -.713E-02
    7    7   -.252E-02   -.268E-02
    7    8   -.125E-02   -.134E-02
    8    1    .832E-03    .797E-03
    8    2    .405E-02    .396E-02
    8    3    .214E-01    .211E-01
    8    4    .919E+00    .917E+00
    8    5   -.157E+01   -.157E+01
    8    6   -.117E+00   -.117E+00
    8    7   -.327E-01   -.326E-01
    8    8   -.140E-01   -.139E-01
    9    1    .144E-01    .140E-01
    9    2    .401E-01    .392E-01
    9    3    .106E+00    .104E+00
    9    4    .423E+00    .418E+00
    9    5    .490E-01    .595E-01
    9    6   -.533E-01   -.546E-01
    9    7   -.106E-01   -.109E-01
    9    8   -.399E-02   -.417E-02
   10    1    .454E-03    .435E-03
   10    2    .182E-02    .177E-02
   10    3    .593E-02    .585E-02
   10    4    .274E-01    .272E-01
   10    5    .114E+01    .114E+01
   10    6   -.176E+01   -.176E+01
   10    7   -.137E+00   -.137E+00
   10    8   -.393E-01   -.391E-01
   11    1    .811E-02    .787E-02
   11    2    .205E-01    .200E-01
   11    3    .442E-01    .434E-01
   11    4    .108E+00    .107E+00
   11    5    .420E+00    .416E+00
   11    6    .607E-01    .703E-01
   11    7   -.731E-01   -.744E-01
   11    8   -.148E-01   -.152E-01
   12    1    .279E-03    .268E-03
   12    2    .100E-02    .979E-03
   12    3    .267E-02    .263E-02
   12    4    .754E-02    .746E-02
   12    5    .329E-01    .327E-01
   12    6    .135E+01    .135E+01
   12    7   -.195E+01   -.195E+01
   12    8   -.156E+00   -.156E+00
   13    1    .509E-02    .493E-02
   13    2    .121E-01    .118E-01
   13    3    .234E-01    .229E-01
   13    4    .465E-01    .458E-01
   13    5    .110E+00    .109E+00
   13    6    .423E+00    .420E+00
   13    7    .719E-01    .808E-01
   13    8   -.941E-01   -.954E-01
   14    1    .185E-03    .178E-03
   14    2    .625E-03    .609E-03
   14    3    .148E-02    .146E-02
   14    4    .339E-02    .335E-02
   14    5    .894E-02    .887E-02
   14    6    .380E-01    .378E-01
   14    7    .157E+01    .157E+01
   14    8   -.214E+01   -.214E+01
   15    1    .343E-02    .332E-02
   15    2    .781E-02    .759E-02
   15    3    .142E-01    .138E-01
   15    4    .251E-01    .247E-01
   15    5    .482E-01    .476E-01
   15    6    .112E+00    .111E+00
   15    7    .431E+00    .428E+00
   15    8    .828E-01    .909E-01
  1  2  0    1  3  1       210
    1    1   -.406E+01   -.424E+01
    1    2   -.971E-01   -.117E+00
    1    3   -.117E-01   -.169E-01
    1    4   -.708E-06   -.194E-05
    1    5   -.256E-02   -.453E-02
    1    6   -.907E-08   -.188E-06
    1    7   -.782E-03   -.169E-02
    1    8   -.222E-06   -.657E-10
    1    9   -.295E-03   -.780E-03
    1   10   -.358E-06   -.399E-07
    1   11   -.129E-03   -.415E-03
    1   12   -.389E-06   -.776E-07
    1   13   -.634E-04   -.245E-03
    1   14   -.368E-06   -.934E-07
    2    1    .127E+01    .137E+01
    2    2   -.539E+01   -.553E+01
    2    3   -.244E+00   -.260E+00
    2    4   -.183E-04   -.221E-04
    2    5   -.495E-01   -.547E-01
    2    6   -.300E-05   -.442E-05
    2    7   -.170E-01   -.193E-01
    2    8   -.485E-06   -.101E-05
    2    9   -.771E-02   -.894E-02
    2   10   -.567E-07   -.249E-06
    2   11   -.412E-02   -.487E-02
    2   12   -.403E-09   -.584E-07
    2   13   -.247E-02   -.295E-02
    2   14   -.773E-08   -.107E-07
    3    1    .169E-01    .165E-01
    3    2    .116E-02    .000E+00
    3    3   -.114E-01   -.116E-01
    3    4   -.671E+01   -.670E+01
    3    5   -.221E-02   -.227E-02
    3    6   -.912E+00   -.910E+00
    3    7   -.825E-03   -.847E-03
    3    8   -.293E+00   -.291E+00
    3    9   -.407E-03   -.419E-03
    3   10   -.133E+00   -.133E+00
    3   11   -.234E-03   -.242E-03
    3   12   -.732E-01   -.728E-01
    3   13   -.149E-03   -.154E-03
    3   14   -.451E-01   -.448E-01
    4    1    .483E-01    .559E-01
    4    2    .254E+01    .000E+00
    4    3   -.657E+01   -.667E+01
    4    4   -.102E-01   -.103E-01
    4    5   -.373E+00   -.386E+00
    4    6   -.514E-03   -.529E-03
    4    7   -.889E-01   -.933E-01
    4    8   -.112E-03   -.117E-03
    4    9   -.342E-01   -.363E-01
    4   10   -.397E-04   -.425E-04
    4   11   -.168E-01   -.180E-01
    4   12   -.182E-04   -.198E-04
    4   13   -.954E-02   -.103E-01
    4   14   -.979E-05   -.108E-04
    5    1    .284E-02    .275E-02
    5    2    .142E-01    .140E-01
    5    3    .367E-02    .000E+00
    5    4   -.139E-01    .000E+00
    5    5   -.181E-01   -.184E-01
    5    6   -.588E+01   -.588E+01
    5    7   -.379E-02   -.385E-02
    5    8   -.114E+01   -.114E+01
    5    9   -.148E-02   -.151E-02
    5   10   -.423E+00   -.421E+00
    5   11   -.755E-03   -.770E-03
    5   12   -.208E+00   -.207E+00
    5   13   -.445E-03   -.455E-03
    5   14   -.120E+00   -.119E+00
    6    1    .140E-01    .166E-01
    6    2    .964E-01    .104E+00
    6    3    .377E+01    .000E+00
    6    4    .445E-02    .000E+00
    6    5   -.769E+01    .000E+00
    6    6   -.175E-01    .000E+00
    6    7   -.490E+00   -.500E+00
    6    8   -.112E-02   -.114E-02
    6    9   -.126E+00   -.130E+00
    6   10   -.278E-03   -.285E-03
    6   11   -.512E-01   -.531E-01
    6   12   -.109E-03   -.113E-03
    6   13   -.261E-01   -.272E-01
    6   14   -.543E-04   -.562E-04
    7    1    .101E-02    .969E-03
    7    2    .323E-02    .314E-02
    7    3    .144E-01    .142E-01
    7    4    .474E-01    .481E-01
    7    5    .641E-02    .000E+00
    7    6   -.299E-01    .000E+00
    7    7   -.231E-01    .000E+00
    7    8   -.549E+01    .000E+00
    7    9   -.502E-02   -.507E-02
    7   10   -.122E+01   -.122E+01
    7   11   -.201E-02   -.204E-02
    7   12   -.485E+00   -.484E+00
    7   13   -.104E-02   -.106E-02
    7   14   -.249E+00   -.248E+00
    8    1    .634E-02    .761E-02
    8    2    .280E-01    .307E-01
    8    3    .139E+00    .146E+00
    8    4    .127E-03    .132E-03
    8    5    .497E+01    .000E+00
    8    6    .932E-02    .000E+00
    8    7   -.877E+01    .000E+00
    8    8   -.232E-01    .000E+00
    8    9   -.598E+00    .000E+00
    8   10   -.168E-02    .000E+00
    8   11   -.161E+00   -.165E+00
    8   12   -.448E-03   -.454E-03
    8   13   -.676E-01   -.693E-01
    8   14   -.185E-03   -.188E-03
    9    1    .489E-03    .465E-03
    9    2    .130E-02    .126E-02
    9    3    .358E-02    .351E-02
    9    4    .750E-02    .768E-02
    9    5    .155E-01    .000E+00
    9    6    .128E+00    .000E+00
    9    7    .919E-02    .000E+00
    9    8   -.457E-01    .000E+00
    9    9   -.273E-01    .000E+00
    9   10   -.531E+01    .000E+00
    9   11   -.606E-02    .000E+00
    9   12   -.126E+01    .000E+00
    9   13   -.246E-02   -.249E-02
    9   14   -.522E+00   -.521E+00
   10    1    .350E-02    .423E-02
   10    2    .128E-01    .141E-01
   10    3    .400E-01    .424E-01
   10    4    .351E-04    .369E-04
   10    5    .177E+00    .000E+00
   10    6    .254E-03    .000E+00
   10    7    .617E+01    .000E+00
   10    8    .141E-01    .000E+00
   10    9   -.984E+01    .000E+00
   10   10   -.281E-01    .000E+00
   10   11   -.701E+00    .000E+00
   10   12   -.218E-02    .000E+00
   10   13   -.195E+00    .000E+00
   10   14   -.608E-03    .000E+00
   11    1    .278E-03    .264E-03
   11    2    .668E-03    .645E-03
   11    3    .151E-02    .147E-02
   11    4    .249E-02    .256E-02
   11    5    .396E-02    .390E-02
   11    6    .221E-01    .224E-01
   11    7    .168E-01    .000E+00
   11    8    .233E+00    .000E+00
   11    9    .120E-01    .000E+00
   11   10   -.610E-01    .000E+00
   11   11   -.313E-01    .000E+00
   11   12   -.524E+01    .000E+00
   11   13   -.700E-02    .000E+00
   11   14   -.129E+01    .000E+00
   12    1    .216E-02    .262E-02
   12    2    .711E-02    .789E-02
   12    3    .182E-01    .195E-01
   12    4    .157E-04    .166E-04
   12    5    .503E-01    .524E-01
   12    6    .695E-04    .720E-04
   12    7    .212E+00    .000E+00
   12    8    .365E-03    .000E+00
   12    9    .735E+01    .000E+00
   12   10    .187E-01    .000E+00
   12   11   -.109E+02    .000E+00
   12   12   -.325E-01    .000E+00
   12   13   -.801E+00    .000E+00
   12   14   -.265E-02    .000E+00
   13    1    .175E-03    .166E-03
   13    2    .397E-03    .382E-03
   13    3    .800E-03    .781E-03
   13    4    .114E-02    .118E-02
   13    5    .170E-02    .167E-02
   13    6    .764E-02    .777E-02
   13    7    .437E-02    .000E+00
   13    8    .424E-01    .000E+00
   13    9    .184E-01    .000E+00
   13   10    .355E+00    .000E+00
   13   11    .141E-01    .000E+00
   13   12   -.757E-01    .000E+00
   13   13   -.350E-01    .000E+00
   13   14   -.524E+01    .000E+00
   14    1    .144E-02    .176E-02
   14    2    .445E-02    .495E-02
   14    3    .102E-01    .109E-01
   14    4    .867E-05    .921E-05
   14    5    .229E-01    .240E-01
   14    6    .312E-04    .324E-04
   14    7    .595E-01    .000E+00
   14    8    .990E-04    .000E+00
   14    9    .244E+00    .000E+00
   14   10    .463E-03    .000E+00
   14   11    .852E+01    .000E+00
   14   12    .232E-01    .000E+00
   14   13   -.119E+02    .000E+00
   14   14   -.366E-01    .000E+00
   15    1    .119E-03    .112E-03
   15    2    .258E-03    .248E-03
   15    3    .486E-03    .473E-03
   15    4    .625E-03    .650E-03
   15    5    .918E-03    .902E-03
   15    6    .359E-02    .366E-02
   15    7    .189E-02    .187E-02
   15    8    .151E-01    .153E-01
   15    9    .479E-02    .000E+00
   15   10    .673E-01    .000E+00
   15   11    .201E-01    .000E+00
   15   12    .490E+00    .000E+00
   15   13    .165E-01    .000E+00
   15   14   -.899E-01    .000E+00
  1  2  1    1  3  0        56
    1    1   -.444E+01   -.440E+01
    1    2   -.705E+00   -.695E+00
    1    3   -.246E+00   -.242E+00
    1    4   -.118E+00   -.116E+00
    1    5   -.667E-01   -.655E-01
    1    6   -.420E-01   -.412E-01
    1    7   -.283E-01   -.278E-01
    2    1   -.109E+00   -.145E+00
    2    2   -.376E+01   -.374E+01
    2    3   -.821E+00   -.815E+00
    2    4   -.325E+00   -.322E+00
    2    5   -.166E+00   -.165E+00
    2    6   -.982E-01   -.973E-01
    2    7   -.637E-01   -.630E-01
    3    1    .704E-01    .729E-01
    3    2   -.247E+00   -.277E+00
    3    3   -.347E+01   -.346E+01
    3    4   -.850E+00   -.846E+00
    3    5   -.356E+00   -.354E+00
    3    6   -.189E+00   -.188E+00
    3    7   -.115E+00   -.114E+00
    4    1    .126E-01    .132E-01
    4    2    .186E+00    .188E+00
    4    3   -.382E+00   -.407E+00
    4    4   -.335E+01   -.335E+01
    4    5   -.865E+00   -.862E+00
    4    6   -.374E+00   -.373E+00
    4    7   -.203E+00   -.202E+00
    5    1    .454E-02    .479E-02
    5    2    .349E-01    .357E-01
    5    3    .329E+00    .332E+00
    5    4   -.512E+00   -.533E+00
    5    5   -.333E+01   -.332E+01
    5    6   -.880E+00   -.878E+00
    5    7   -.387E+00   -.386E+00
    6    1    .221E-02    .233E-02
    6    2    .129E-01    .132E-01
    6    3    .640E-01    .648E-01
    6    4    .492E+00    .494E+00
    6    5   -.636E+00   -.654E+00
    6    6   -.335E+01   -.335E+01
    6    7   -.899E+00   -.897E+00
    7    1    .126E-02    .133E-02
    7    2    .634E-02    .652E-02
    7    3    .240E-01    .244E-01
    7    4    .979E-01    .987E-01
    7    5    .667E+00    .670E+00
    7    6   -.755E+00   -.771E+00
    7    7   -.341E+01   -.341E+01
    8    1    .797E-03    .846E-03
    8    2    .366E-02    .377E-02
    8    3    .120E-01    .121E-01
    8    4    .372E-01    .375E-01
    8    5    .135E+00    .136E+00
    8    6    .853E+00    .855E+00
    8    7   -.871E+00   -.885E+00
  1  3  0    1  3  1        98
    1    1    .541E+00    .536E+00
    1    2    .282E-01    .374E-01
    1    3   -.681E-02   -.754E-02
    1    4   -.593E+00   -.592E+00
    1    5   -.118E-02   -.137E-02
    1    6   -.801E-01   -.798E-01
    1    7   -.421E-03   -.506E-03
    1    8   -.256E-01   -.255E-01
    1    9   -.204E-03   -.250E-03
    1   10   -.116E-01   -.116E-01
    1   11   -.116E-03   -.145E-03
    1   12   -.638E-02   -.634E-02
    1   13   -.737E-04   -.931E-04
    1   14   -.393E-02   -.390E-02
    2    1    .901E-01    .884E-01
    2    2    .447E+00    .441E+00
    2    3    .554E-01    .667E-01
    2    4    .121E-02    .000E+00
    2    5   -.199E-01   -.210E-01
    2    6   -.527E+00   -.526E+00
    2    7   -.359E-02   -.389E-02
    2    8   -.101E+00   -.101E+00
    2    9   -.130E-02   -.144E-02
    2   10   -.373E-01   -.372E-01
    2   11   -.637E-03   -.713E-03
    2   12   -.183E-01   -.182E-01
    2   13   -.366E-03   -.413E-03
    2   14   -.105E-01   -.105E-01
    3    1    .321E-01    .313E-01
    3    2    .102E+00    .100E+00
    3    3    .405E+00    .400E+00
    3    4    .661E-02    .669E-02
    3    5    .805E-01    .918E-01
    3    6    .264E-02    .000E+00
    3    7   -.370E-01   -.383E-01
    3    8   -.497E+00   -.496E+00
    3    9   -.692E-02   -.728E-02
    3   10   -.109E+00   -.109E+00
    3   11   -.255E-02   -.272E-02
    3   12   -.432E-01   -.431E-01
    3   13   -.126E-02   -.135E-02
    3   14   -.221E-01   -.221E-01
    4    1    .155E-01    .151E-01
    4    2    .410E-01    .400E-01
    4    3    .103E+00    .101E+00
    4    4    .115E-02    .117E-02
    4    5    .386E+00    .382E+00
    4    6    .159E-01    .160E-01
    4    7    .108E+00    .118E+00
    4    8    .407E-02    .000E+00
    4    9   -.569E-01   -.583E-01
    4   10   -.485E+00   -.484E+00
    4   11   -.109E-01   -.113E-01
    4   12   -.114E+00   -.113E+00
    4   13   -.408E-02   -.426E-02
    4   14   -.468E-01   -.467E-01
    5    1    .884E-02    .858E-02
    5    2    .212E-01    .206E-01
    5    3    .440E-01    .432E-01
    5    4    .404E-03    .414E-03
    5    5    .103E+00    .102E+00
    5    6    .295E-02    .299E-02
    5    7    .378E+00    .375E+00
    5    8    .270E-01    .272E-01
    5    9    .136E+00    .146E+00
    5   10    .545E-02    .000E+00
    5   11   -.788E-01   -.802E-01
    5   12   -.483E+00   -.482E+00
    5   13   -.154E-01   -.158E-01
    5   14   -.117E+00   -.117E+00
    6    1    .558E-02    .541E-02
    6    2    .126E-01    .122E-01
    6    3    .235E-01    .231E-01
    6    4    .192E-03    .198E-03
    6    5    .454E-01    .447E-01
    6    6    .106E-02    .108E-02
    6    7    .104E+00    .103E+00
    6    8    .522E-02    .527E-02
    6    9    .377E+00    .374E+00
    6   10    .395E-01    .397E-01
    6   11    .148E+00    .157E+00
    6   12    .678E-02    .000E+00
    6   13   -.102E+00   -.103E+00
    6   14   -.486E+00   -.486E+00
    7    1    .378E-02    .366E-02
    7    2    .818E-02    .795E-02
    7    3    .144E-01    .140E-01
    7    4    .108E-03    .112E-03
    7    5    .248E-01    .244E-01
    7    6    .515E-03    .524E-03
    7    7    .465E-01    .459E-01
    7    8    .192E-02    .194E-02
    7    9    .105E+00    .104E+00
    7   10    .785E-02    .790E-02
    7   11    .381E+00    .378E+00
    7   12    .530E-01    .531E-01
    7   13    .169E+00    .177E+00
    7   14    .806E-02    .000E+00
  1  3  0    1  4  1        42
    1    1   -.885E+01   -.884E+01
    1    2   -.119E+01   -.119E+01
    1    3   -.381E+00   -.380E+00
    1    4   -.173E+00   -.173E+00
    1    5   -.950E-01   -.945E-01
    1    6   -.585E-01   -.582E-01
    2    1    .162E-01    .000E+00
    2    2   -.781E+01   -.780E+01
    2    3   -.150E+01   -.150E+01
    2    4   -.553E+00   -.551E+00
    2    5   -.271E+00   -.270E+00
    2    6   -.156E+00   -.155E+00
    3    1    .606E-01    .613E-01
    3    2    .341E-01    .000E+00
    3    3   -.733E+01   -.732E+01
    3    4   -.161E+01   -.161E+01
    3    5   -.638E+00   -.637E+00
    3    6   -.327E+00   -.326E+00
    4    1    .963E-02    .982E-02
    4    2    .163E+00    .164E+00
    4    3    .514E-01    .000E+00
    4    4   -.711E+01   -.710E+01
    4    5   -.167E+01   -.167E+01
    4    6   -.688E+00   -.687E+00
    5    1    .319E-02    .327E-02
    5    2    .283E-01    .286E-01
    5    3    .295E+00    .297E+00
    5    4    .679E-01    .000E+00
    5    5   -.704E+01   -.703E+01
    5    6   -.171E+01   -.171E+01
    6    1    .146E-02    .151E-02
    6    2    .977E-02    .992E-02
    6    3    .542E-01    .546E-01
    6    4    .450E+00    .451E+00
    6    5    .837E-01    .000E+00
    6    6   -.706E+01   -.705E+01
    7    1    .802E-03    .829E-03
    7    2    .459E-02    .467E-02
    7    3    .193E-01    .195E-01
    7    4    .859E-01    .864E-01
    7    5    .621E+00    .623E+00
    7    6    .990E-01    .000E+00
  1  3  1    1  4  0       168
    1    1   -.629E+01   -.626E+01
    1    2   -.104E+01   -.103E+01
    1    3   -.368E+00   -.365E+00
    1    4   -.725E-03   -.720E-03
    1    5   -.177E+00   -.176E+00
    1    6   -.665E-03   -.660E-03
    1    7   -.101E+00   -.999E-01
    1    8   -.517E-03   -.513E-03
    1    9   -.634E-01   -.629E-01
    1   10   -.391E-03   -.388E-03
    1   11   -.428E-01   -.425E-01
    1   12   -.298E-03   -.296E-03
    2    1   -.305E+00    .000E+00
    2    2   -.522E+01   -.521E+01
    2    3   -.118E+01   -.118E+01
    2    4   -.226E-02   -.225E-02
    2    5   -.471E+00   -.470E+00
    2    6   -.173E-02   -.172E-02
    2    7   -.243E+00   -.242E+00
    2    8   -.122E-02   -.122E-02
    2    9   -.144E+00   -.143E+00
    2   10   -.871E-03   -.869E-03
    2   11   -.934E-01   -.931E-01
    2   12   -.638E-03   -.637E-03
    3    1    .121E+00    .123E+00
    3    2   -.605E+00    .000E+00
    3    3   -.478E+01   -.477E+01
    3    4   -.129E-03   -.128E-03
    3    5   -.120E+01   -.120E+01
    3    6   -.129E-02   -.129E-02
    3    7   -.511E+00   -.510E+00
    3    8   -.114E-02   -.114E-02
    3    9   -.272E+00   -.272E+00
    3   10   -.863E-03   -.861E-03
    3   11   -.166E+00   -.166E+00
    3   12   -.646E-03   -.645E-03
    4    1    .800E-02    .798E-02
    4    2    .841E-07    .000E+00
    4    3   -.105E-01   -.105E-01
    4    4   -.117E+02   -.117E+02
    4    5   -.231E-02   -.231E-02
    4    6   -.141E+01   -.141E+01
    4    7   -.915E-03   -.917E-03
    4    8   -.419E+00   -.419E+00
    4    9   -.469E-03   -.470E-03
    4   10   -.181E+00   -.181E+00
    4   11   -.277E-03   -.278E-03
    4   12   -.960E-01   -.960E-01
    5    1    .213E-01    .217E-01
    5    2    .310E+00    .312E+00
    5    3   -.884E+00    .000E+00
    5    4   -.534E-03    .000E+00
    5    5   -.459E+01    .000E+00
    5    6   -.103E-02    .000E+00
    5    7   -.122E+01   -.122E+01
    5    8   -.124E-02   -.123E-02
    5    9   -.532E+00   -.531E+00
    5   10   -.948E-03   -.947E-03
    5   11   -.290E+00   -.290E+00
    5   12   -.702E-03   -.701E-03
    6    1    .101E-02    .101E-02
    6    2    .574E-02    .573E-02
    6    3    .187E-04    .000E+00
    6    4   -.400E-03    .000E+00
    6    5   -.195E-01    .000E+00
    6    6   -.104E+02    .000E+00
    6    7   -.457E-02   -.458E-02
    6    8   -.185E+01   -.185E+01
    6    9   -.189E-02   -.189E-02
    6   10   -.649E+00   -.649E+00
    6   11   -.992E-03   -.994E-03
    6   12   -.307E+00   -.307E+00
    7    1    .763E-02    .778E-02
    7    2    .575E-01    .578E-01
    7    3    .541E+00    .000E+00
    7    4    .527E-03    .000E+00
    7    5   -.115E+01    .000E+00
    7    6   -.140E-02    .000E+00
    7    7   -.453E+01    .000E+00
    7    8   -.237E-02    .000E+00
    7    9   -.123E+01    .000E+00
    7   10   -.141E-02    .000E+00
    7   11   -.547E+00   -.547E+00
    7   12   -.929E-03   -.928E-03
    8    1    .314E-03    .312E-03
    8    2    .107E-02    .107E-02
    8    3    .579E-02    .000E+00
    8    4    .523E-01    .000E+00
    8    5    .788E-04    .000E+00
    8    6   -.108E-02    .000E+00
    8    7   -.264E-01    .000E+00
    8    8   -.971E+01    .000E+00
    8    9   -.641E-02    .000E+00
    8   10   -.203E+01    .000E+00
    8   11   -.270E-02   -.271E-02
    8   12   -.774E+00   -.774E+00
    9    1    .369E-02    .376E-02
    9    2    .211E-01    .213E-01
    9    3    .104E+00    .104E+00
    9    4    .110E-03    .110E-03
    9    5    .799E+00    .000E+00
    9    6    .145E-02    .000E+00
    9    7   -.140E+01    .000E+00
    9    8   -.243E-02    .000E+00
    9    9   -.455E+01    .000E+00
    9   10   -.382E-02    .000E+00
    9   11   -.125E+01    .000E+00
    9   12   -.166E-02    .000E+00
   10    1    .140E-03    .139E-03
   10    2    .390E-03    .388E-03
   10    3    .122E-02    .122E-02
   10    4    .745E-02    .745E-02
   10    5    .666E-02    .000E+00
   10    6    .143E+00    .000E+00
   10    7    .166E-03    .000E+00
   10    8   -.189E-02    .000E+00
   10    9   -.319E-01    .000E+00
   10   10   -.931E+01    .000E+00
   10   11   -.788E-02    .000E+00
   10   12   -.211E+01    .000E+00
   11    1    .211E-02    .215E-02
   11    2    .104E-01    .105E-01
   11    3    .388E-01    .389E-01
   11    4    .430E-04    .431E-04
   11    5    .157E+00    .000E+00
   11    6    .307E-03    .000E+00
   11    7    .108E+01    .000E+00
   11    8    .263E-02    .000E+00
   11    9   -.161E+01    .000E+00
   11   10   -.342E-02    .000E+00
   11   11   -.461E+01    .000E+00
   11   12   -.523E-02    .000E+00
   12    1    .757E-04    .751E-04
   12    2    .189E-03    .188E-03
   12    3    .472E-03    .470E-03
   12    4    .229E-02    .229E-02
   12    5    .146E-02    .000E+00
   12    6    .227E-01    .000E+00
   12    7    .795E-02    .000E+00
   12    8    .264E+00    .000E+00
   12    9    .268E-03    .000E+00
   12   10   -.276E-02    .000E+00
   12   11   -.364E-01    .000E+00
   12   12   -.910E+01    .000E+00
   13    1    .133E-02    .136E-02
   13    2    .598E-02    .602E-02
   13    3    .192E-01    .193E-01
   13    4    .220E-04    .220E-04
   13    5    .593E-01    .594E-01
   13    6    .121E-03    .121E-03
   13    7    .215E+00    .000E+00
   13    8    .560E-03    .000E+00
   13    9    .137E+01    .000E+00
   13   10    .394E-02    .000E+00
   13   11   -.786E+00    .000E+00
   13   12   -.714E-02    .000E+00
   14    1    .462E-04    .458E-04
   14    2    .108E-03    .107E-03
   14    3    .238E-03    .237E-03
   14    4    .994E-03    .997E-03
   14    5    .579E-03    .578E-03
   14    6    .737E-02    .738E-02
   14    7    .177E-02    .000E+00
   14    8    .448E-01    .000E+00
   14    9    .950E-02    .000E+00
   14   10    .408E+00    .000E+00
   14   11    .369E-03    .000E+00
   14   12   -.350E-02    .000E+00
  1  4  0    1  4  1        72
    1    1   -.588E+00   -.587E+00
    1    2   -.799E-01   -.796E-01
    1    3   -.256E-01   -.255E-01
    1    4   -.117E-01   -.116E-01
    1    5   -.641E-02   -.636E-02
    1    6   -.395E-02   -.392E-02
    2    1   -.769E-03    .000E+00
    2    2   -.517E+00   -.516E+00
    2    3   -.100E+00   -.998E-01
    2    4   -.371E-01   -.369E-01
    2    5   -.182E-01   -.181E-01
    2    6   -.105E-01   -.104E-01
    3    1    .887E-03    .924E-03
    3    2   -.163E-02    .000E+00
    3    3   -.479E+00   -.478E+00
    3    4   -.106E+00   -.106E+00
    3    5   -.423E-01   -.422E-01
    3    6   -.217E-01   -.216E-01
    4    1    .607E+00    .607E+00
    4    2   -.550E-04    .000E+00
    4    3   -.706E-02   -.706E-02
    4    4   -.120E-02   -.120E-02
    4    5   -.415E-03   -.414E-03
    4    6   -.195E-03   -.195E-03
    5    1    .829E-04    .902E-04
    5    2    .367E-02    .375E-02
    5    3   -.247E-02    .000E+00
    5    4   -.458E+00   -.457E+00
    5    5   -.109E+00   -.109E+00
    5    6   -.451E-01   -.450E-01
    6    1    .732E-01    .732E-01
    6    2    .545E+00    .545E+00
    6    3   -.137E-03    .000E+00
    6    4   -.168E-01   -.168E-01
    6    5   -.307E-02   -.306E-02
    6    6   -.109E-02   -.109E-02
    7    1    .179E-04    .205E-04
    7    2    .472E-03    .490E-03
    7    3    .833E-02    .844E-02
    7    4   -.327E-02    .000E+00
    7    5   -.448E+00   -.447E+00
    7    6   -.110E+00   -.110E+00
    8    1    .218E-01    .218E-01
    8    2    .971E-01    .972E-01
    8    3    .513E+00    .513E+00
    8    4   -.230E-03    .000E+00
    8    5   -.279E-01   -.279E-01
    8    6   -.533E-02   -.533E-02
    9    1    .578E-05    .696E-05
    9    2    .131E-03    .138E-03
    9    3    .125E-02    .127E-02
    9    4    .146E-01    .147E-01
    9    5   -.403E-02    .000E+00
    9    6   -.443E+00   -.443E+00
   10    1    .942E-02    .943E-02
   10    2    .340E-01    .340E-01
   10    3    .107E+00    .107E+00
   10    4    .498E+00    .498E+00
   10    5   -.326E-03    .000E+00
   10    6   -.400E-01   -.400E-01
   11    1    .237E-05    .300E-05
   11    2    .517E-04    .553E-04
   11    3    .383E-03    .395E-03
   11    4    .239E-02    .243E-02
   11    5    .221E-01    .222E-01
   11    6   -.448E-02    .000E+00
   12    1    .500E-02    .500E-02
   12    2    .161E-01    .161E-01
   12    3    .409E-01    .409E-01
   12    4    .113E+00    .113E+00
   12    5    .492E+00    .492E+00
   12    6   -.406E-03    .000E+00
  3  0  0    3  1  1       136
    1    1    .829E+00    .681E+00
    1    2   -.135E+01   -.134E+01
    1    3   -.180E+01   -.167E+01
    1    4   -.459E-01   -.453E-01
    1    5   -.130E+00   -.115E+00
    1    6   -.613E-02   -.607E-02
    1    7   -.373E-01   -.326E-01
    1    8   -.141E-02   -.141E-02
    1    9   -.165E-01   -.143E-01
    1   10   -.445E-03   -.451E-03
    1   11   -.894E-02   -.773E-02
    1   12   -.172E-03   -.177E-03
    1   13   -.546E-02   -.471E-02
    1   14   -.770E-04   -.801E-04
    1   15   -.360E-02   -.310E-02
    1   16   -.385E-04   -.406E-04
    1   17   -.252E-02   -.216E-02
    2    1    .187E-01    .248E-01
    2    2    .658E-01    .615E-01
    2    3    .201E+01    .190E+01
    2    4   -.221E+01   -.218E+01
    2    5   -.207E+01   -.202E+01
    2    6   -.123E+00   -.119E+00
    2    7   -.213E+00   -.204E+00
    2    8   -.268E-01   -.258E-01
    2    9   -.671E-01   -.639E-01
    2   10   -.960E-02   -.913E-02
    2   11   -.309E-01   -.293E-01
    2   12   -.446E-02   -.421E-02
    2   13   -.172E-01   -.162E-01
    2   14   -.243E-02   -.228E-02
    2   15   -.107E-01   -.101E-01
    2   16   -.147E-02   -.137E-02
    2   17   -.716E-02   -.674E-02
    3    1    .100E-01    .123E-01
    3    2    .236E-01    .224E-01
    3    3    .481E-03    .117E-02
    3    4    .576E+00    .000E+00
    3    5    .275E+01    .000E+00
    3    6   -.281E+01   -.278E+01
    3    7   -.253E+01   -.249E+01
    3    8   -.189E+00   -.186E+00
    3    9   -.288E+00   -.281E+00
    3   10   -.477E-01   -.464E-01
    3   11   -.948E-01   -.922E-01
    3   12   -.189E-01   -.183E-01
    3   13   -.447E-01   -.433E-01
    3   14   -.947E-02   -.911E-02
    3   15   -.252E-01   -.244E-01
    3   16   -.546E-02   -.523E-02
    3   17   -.159E-01   -.154E-01
    4    1    .543E-02    .652E-02
    4    2    .954E-02    .907E-02
    4    3    .152E-02    .214E-02
    4    4    .389E-01    .370E-01
    4    5    .815E-06    .771E-04
    4    6    .113E+01    .000E+00
    4    7    .343E+01    .000E+00
    4    8   -.332E+01    .000E+00
    4    9   -.302E+01    .000E+00
    4   10   -.248E+00   -.244E+00
    4   11   -.359E+00   -.354E+00
    4   12   -.670E-01   -.657E-01
    4   13   -.121E+00   -.119E+00
    4   14   -.279E-01   -.273E-01
    4   15   -.577E-01   -.565E-01
    4   16   -.145E-01   -.141E-01
    4   17   -.329E-01   -.322E-01
    5    1    .323E-02    .384E-02
    5    2    .492E-02    .467E-02
    5    3    .113E-02    .149E-02
    5    4    .137E-01    .129E-01
    5    5    .109E-02    .144E-02
    5    6    .529E-01    .510E-01
    5    7    .296E-03    .133E-03
    5    8    .167E+01    .000E+00
    5    9    .409E+01    .000E+00
    5   10   -.380E+01    .000E+00
    5   11   -.354E+01    .000E+00
    5   12   -.301E+00    .000E+00
    5   13   -.429E+00    .000E+00
    5   14   -.850E-01   -.838E-01
    5   15   -.146E+00   -.144E+00
    5   16   -.365E-01   -.358E-01
    5   17   -.701E-01   -.691E-01
    6    1    .207E-02    .244E-02
    6    2    .291E-02    .276E-02
    6    3    .776E-03    .100E-02
    6    4    .681E-02    .640E-02
    6    5    .998E-03    .124E-02
    6    6    .175E-01    .167E-01
    6    7    .687E-03    .898E-03
    6    8    .649E-01    .000E+00
    6    9    .101E-02    .000E+00
    6   10    .219E+01    .000E+00
    6   11    .475E+01    .000E+00
    6   12   -.425E+01    .000E+00
    6   13   -.406E+01    .000E+00
    6   14   -.351E+00    .000E+00
    6   15   -.497E+00    .000E+00
    6   16   -.102E+00    .000E+00
    6   17   -.170E+00    .000E+00
    7    1    .140E-02    .165E-02
    7    2    .187E-02    .178E-02
    7    3    .542E-03    .692E-03
    7    4    .399E-02    .374E-02
    7    5    .749E-03    .913E-03
    7    6    .855E-02    .814E-02
    7    7    .794E-03    .959E-03
    7    8    .205E-01    .198E-01
    7    9    .426E-03    .556E-03
    7   10    .753E-01    .000E+00
    7   11    .192E-02    .000E+00
    7   12    .271E+01    .000E+00
    7   13    .541E+01    .000E+00
    7   14   -.469E+01    .000E+00
    7   15   -.459E+01    .000E+00
    7   16   -.400E+00    .000E+00
    7   17   -.564E+00    .000E+00
    8    1    .996E-03    .117E-02
    8    2    .129E-02    .122E-02
    8    3    .390E-03    .494E-03
    8    4    .258E-02    .241E-02
    8    5    .552E-03    .666E-03
    8    6    .500E-02    .475E-02
    8    7    .648E-03    .766E-03
    8    8    .994E-02    .956E-02
    8    9    .637E-03    .755E-03
    8   10    .231E-01    .000E+00
    8   11    .259E-03    .000E+00
    8   12    .847E-01    .000E+00
    8   13    .292E-02    .000E+00
    8   14    .322E+01    .000E+00
    8   15    .607E+01    .000E+00
    8   16   -.513E+01    .000E+00
    8   17   -.512E+01    .000E+00
  3  1  0    3  1  1       136
    1    1    .291E+01    .256E+01
    1    2   -.350E+01   -.331E+01
    1    3   -.888E-01   -.639E-01
    1    4   -.894E-01   -.809E-01
    1    5   -.827E-01   -.685E-01
    1    6   -.120E-01   -.105E-01
    1    7   -.371E-01   -.309E-01
    1    8   -.298E-02   -.256E-02
    1    9   -.196E-01   -.163E-01
    1   10   -.104E-02   -.876E-03
    1   11   -.116E-01   -.966E-02
    1   12   -.450E-03   -.373E-03
    1   13   -.748E-02   -.622E-02
    1   14   -.226E-03   -.185E-03
    1   15   -.511E-02   -.425E-02
    1   16   -.127E-03   -.102E-03
    1   17   -.365E-02   -.304E-02
    2    1    .258E-04    .127E-02
    2    2    .302E+01    .291E+01
    2    3    .194E+01    .186E+01
    2    4   -.478E+01   -.471E+01
    2    5   -.719E+00   -.684E+00
    2    6   -.208E+00   -.202E+00
    2    7   -.142E+00   -.134E+00
    2    8   -.432E-01   -.415E-01
    2    9   -.571E-01   -.536E-01
    2   10   -.152E-01   -.145E-01
    2   11   -.297E-01   -.278E-01
    2   12   -.705E-02   -.667E-02
    2   13   -.178E-01   -.166E-01
    2   14   -.384E-02   -.362E-02
    2   15   -.116E-01   -.108E-01
    2   16   -.233E-02   -.219E-02
    2   17   -.800E-02   -.747E-02
    3    1    .191E-02    .366E-02
    3    2    .520E-01    .468E-01
    3    3    .797E-03    .151E-02
    3    4    .381E+01    .375E+01
    3    5    .313E+01    .307E+01
    3    6   -.590E+01   -.586E+01
    3    7   -.139E+01   -.136E+01
    3    8   -.313E+00   -.307E+00
    3    9   -.204E+00   -.198E+00
    3   10   -.748E-01   -.731E-01
    3   11   -.773E-01   -.747E-01
    3   12   -.291E-01   -.283E-01
    3   13   -.396E-01   -.382E-01
    3   14   -.144E-01   -.140E-01
    3   15   -.236E-01   -.227E-01
    3   16   -.826E-02   -.799E-02
    3   17   -.154E-01   -.148E-01
    4    1    .161E-02    .263E-02
    4    2    .102E-01    .882E-02
    4    3    .343E-02    .420E-02
    4    4    .108E+00    .104E+00
    4    5    .137E-02    .877E-03
    4    6    .483E+01    .478E+01
    4    7    .404E+01    .399E+01
    4    8   -.698E+01   -.695E+01
    4    9   -.205E+01   -.203E+01
    4   10   -.408E+00   -.404E+00
    4   11   -.266E+00   -.261E+00
    4   12   -.105E+00   -.103E+00
    4   13   -.974E-01   -.953E-01
    4   14   -.426E-01   -.419E-01
    4   15   -.493E-01   -.482E-01
    4   16   -.219E-01   -.214E-01
    4   17   -.293E-01   -.286E-01
    5    1    .113E-02    .176E-02
    5    2    .369E-02    .314E-02
    5    3    .272E-02    .319E-02
    5    4    .260E-01    .247E-01
    5    5    .868E-03    .116E-02
    5    6    .157E+00    .153E+00
    5    7    .694E-02    .607E-02
    5    8    .591E+01    .587E+01
    5    9    .486E+01    .482E+01
    5   10   -.805E+01   -.802E+01
    5   11   -.271E+01   -.269E+01
    5   12   -.498E+00   -.495E+00
    5   13   -.328E+00   -.324E+00
    5   14   -.133E+00   -.132E+00
    5   15   -.117E+00   -.116E+00
    5   16   -.558E-01   -.551E-01
    5   17   -.589E-01   -.579E-01
    6    1    .793E-03    .120E-02
    6    2    .178E-02    .149E-02
    6    3    .193E-02    .223E-02
    6    4    .107E-01    .101E-01
    6    5    .127E-02    .151E-02
    6    6    .400E-01    .388E-01
    6    7    .480E-04    .109E-03
    6    8    .202E+00    .199E+00
    6    9    .144E-01    .134E-01
    6   10    .701E+01    .698E+01
    6   11    .565E+01    .561E+01
    6   12   -.911E+01   -.908E+01
    6   13   -.335E+01   -.334E+01
    6   14   -.585E+00   -.582E+00
    6   15   -.390E+00   -.386E+00
    6   16   -.160E+00   -.159E+00
    6   17   -.137E+00   -.136E+00
    7    1    .567E-03    .840E-03
    7    2    .101E-02    .838E-03
    7    3    .137E-02    .157E-02
    7    4    .559E-02    .524E-02
    7    5    .110E-02    .128E-02
    7    6    .170E-01    .164E-01
    7    7    .475E-03    .594E-03
    7    8    .526E-01    .515E-01
    7    9    .130E-03    .742E-04
    7   10    .245E+00    .242E+00
    7   11    .227E-01    .217E-01
    7   12    .812E+01    .809E+01
    7   13    .641E+01    .638E+01
    7   14   -.102E+02   -.101E+02
    7   15   -.400E+01   -.398E+01
    7   16   -.670E+00   -.667E+00
    7   17   -.451E+00   -.448E+00
    8    1    .416E-03    .611E-03
    8    2    .634E-03    .523E-03
    8    3    .100E-02    .114E-02
    8    4    .335E-02    .313E-02
    8    5    .878E-03    .101E-02
    8    6    .906E-02    .872E-02
    8    7    .568E-03    .670E-03
    8    8    .226E-01    .220E-01
    8    9    .106E-03    .153E-03
    8   10    .642E-01    .632E-01
    8   11    .724E-03    .607E-03
    8   12    .286E+00    .284E+00
    8   13    .315E-01    .305E-01
    8   14    .923E+01    .921E+01
    8   15    .717E+01    .714E+01
    8   16   -.112E+02   -.112E+02
    8   17   -.464E+01   -.462E+01
  3  1  0    3  2  1        64
    1    1   -.657E+01   -.665E+01
    1    2   -.179E+00   -.195E+00
    1    3   -.246E-01   -.293E-01
    1    4   -.620E-02   -.810E-02
    1    5   -.218E-02   -.311E-02
    1    6   -.945E-03   -.147E-02
    1    7   -.476E-03   -.796E-03
    1    8   -.267E-03   -.477E-03
    2    1    .207E+01    .213E+01
    2    2   -.865E+01   -.874E+01
    2    3   -.429E+00   -.441E+00
    2    4   -.917E-01   -.956E-01
    2    5   -.327E-01   -.345E-01
    2    6   -.152E-01   -.162E-01
    2    7   -.830E-02   -.891E-02
    2    8   -.505E-02   -.545E-02
    3    1    .713E-01    .755E-01
    3    2    .411E+01    .417E+01
    3    3   -.105E+02   -.106E+02
    3    4   -.646E+00   -.655E+00
    3    5   -.159E+00   -.163E+00
    3    6   -.627E-01   -.642E-01
    3    7   -.313E-01   -.321E-01
    3    8   -.180E-01   -.186E-01
    4    1    .204E-01    .218E-01
    4    2    .142E+00    .146E+00
    4    3    .609E+01    .614E+01
    4    4   -.123E+02   -.123E+02
    4    5   -.840E+00   -.847E+00
    4    6   -.223E+00   -.225E+00
    4    7   -.921E-01   -.933E-01
    4    8   -.476E-01   -.483E-01
    5    1    .913E-02    .984E-02
    5    2    .407E-01    .422E-01
    5    3    .204E+00    .207E+00
    5    4    .804E+01    .808E+01
    5    5   -.140E+02   -.141E+02
    5    6   -.102E+01   -.103E+01
    5    7   -.282E+00   -.285E+00
    5    8   -.120E+00   -.121E+00
    6    1    .501E-02    .542E-02
    6    2    .184E-01    .192E-01
    6    3    .579E-01    .592E-01
    6    4    .258E+00    .262E+00
    6    5    .996E+01    .999E+01
    6    6   -.157E+02   -.157E+02
    6    7   -.119E+01   -.120E+01
    6    8   -.339E+00   -.341E+00
    7    1    .309E-02    .335E-02
    7    2    .102E-01    .107E-01
    7    3    .263E-01    .270E-01
    7    4    .725E-01    .737E-01
    7    5    .308E+00    .311E+00
    7    6    .119E+02    .119E+02
    7    7   -.174E+02   -.174E+02
    7    8   -.136E+01   -.136E+01
    8    1    .206E-02    .224E-02
    8    2    .640E-02    .668E-02
    8    3    .147E-01    .151E-01
    8    4    .329E-01    .335E-01
    8    5    .852E-01    .862E-01
    8    6    .354E+00    .356E+00
    8    7    .138E+02    .138E+02
    8    8   -.190E+02   -.191E+02
  3  1  1    3  2  0       255
    1    1   -.465E+01   -.493E+01
    1    2   -.115E-01   -.544E-02
    1    3   -.487E-03   -.457E-03
    1    4   -.127E-01   -.841E-02
    1    5   -.273E-03   -.254E-03
    1    6   -.801E-02   -.560E-02
    1    7   -.160E-03   -.148E-03
    1    8   -.508E-02   -.362E-02
    1    9   -.101E-03   -.928E-04
    1   10   -.337E-02   -.243E-02
    1   11   -.674E-04   -.619E-04
    1   12   -.233E-02   -.169E-02
    1   13   -.472E-04   -.433E-04
    1   14   -.168E-02   -.122E-02
    1   15   -.344E-04   -.315E-04
    2    1    .168E+00    .184E+00
    2    2   -.131E+01   -.135E+01
    2    3   -.635E+01   -.627E+01
    2    4   -.313E-04   -.265E-06
    2    5   -.113E+01   -.111E+01
    2    6   -.142E-02   -.114E-02
    2    7   -.413E+00   -.403E+00
    2    8   -.127E-02   -.108E-02
    2    9   -.202E+00   -.197E+00
    2   10   -.945E-03   -.818E-03
    2   11   -.116E+00   -.113E+00
    2   12   -.688E-03   -.600E-03
    2   13   -.738E-01   -.716E-01
    2   14   -.508E-03   -.445E-03
    2   15   -.501E-01   -.486E-01
    3    1    .210E+01    .210E+01
    3    2   -.557E+01   -.555E+01
    3    3   -.220E+01   -.218E+01
    3    4   -.191E-04   -.960E-05
    3    5   -.356E+00   -.349E+00
    3    6   -.296E-02   -.304E-02
    3    7   -.125E+00   -.122E+00
    3    8   -.281E-02   -.286E-02
    3    9   -.600E-01   -.585E-01
    3   10   -.211E-02   -.214E-02
    3   11   -.341E-01   -.332E-01
    3   12   -.154E-02   -.156E-02
    3   13   -.214E-01   -.209E-01
    3   14   -.114E-02   -.116E-02
    3   15   -.145E-01   -.141E-01
    4    1    .205E-01    .227E-01
    4    2    .125E+00    .129E+00
    4    3   -.732E+00    .000E+00
    4    4   -.780E+00    .000E+00
    4    5   -.575E+01   -.570E+01
    4    6   -.372E-03   -.489E-03
    4    7   -.139E+01   -.138E+01
    4    8   -.293E-03   -.233E-03
    4    9   -.574E+00   -.566E+00
    4   10   -.419E-03   -.365E-03
    4   11   -.300E+00   -.296E+00
    4   12   -.366E-03   -.326E-03
    4   13   -.180E+00   -.177E+00
    4   14   -.292E-03   -.262E-03
    4   15   -.118E+00   -.116E+00
    5    1    .266E+00    .265E+00
    5    2    .388E+01    .386E+01
    5    3   -.181E-01    .000E+00
    5    4   -.821E+01    .000E+00
    5    5   -.109E+01   -.108E+01
    5    6   -.530E-02   -.494E-02
    5    7   -.234E+00   -.231E+00
    5    8   -.731E-03   -.821E-03
    5    9   -.920E-01   -.909E-01
    5   10   -.149E-02   -.158E-02
    5   11   -.469E-01   -.463E-01
    5   12   -.139E-02   -.146E-02
    5   13   -.277E-01   -.273E-01
    5   14   -.114E-02   -.119E-02
    5   15   -.179E-01   -.177E-01
    6    1    .732E-02    .812E-02
    6    2    .189E-01    .197E-01
    6    3    .201E+00    .210E+00
    6    4    .137E+00    .139E+00
    6    5   -.143E+01    .000E+00
    6    6   -.662E+00    .000E+00
    6    7   -.527E+01   -.523E+01
    6    8   -.108E-02   -.120E-02
    6    9   -.143E+01   -.141E+01
    6   10   -.492E-04   -.342E-04
    6   11   -.621E+00   -.615E+00
    6   12   -.174E-03   -.152E-03
    6   13   -.337E+00   -.333E+00
    6   14   -.187E-03   -.168E-03
    6   15   -.207E+00   -.205E+00
    7    1    .922E-01    .919E-01
    7    2    .465E+00    .461E+00
    7    3    .164E-01    .172E-01
    7    4    .559E+01    .557E+01
    7    5   -.190E-01    .000E+00
    7    6   -.104E+02    .000E+00
    7    7   -.827E+00   -.822E+00
    7    8   -.162E-01   -.156E-01
    7    9   -.197E+00   -.195E+00
    7   10   -.467E-05   -.137E-04
    7   11   -.815E-01   -.809E-01
    7   12   -.573E-03   -.629E-03
    7   13   -.430E-01   -.426E-01
    7   14   -.764E-03   -.814E-03
    7   15   -.260E-01   -.257E-01
    8    1    .361E-02    .399E-02
    8    2    .708E-02    .739E-02
    8    3    .348E-01    .368E-01
    8    4    .203E-01    .208E-01
    8    5    .511E+00    .521E+00
    8    6    .161E+00    .000E+00
    8    7   -.208E+01    .000E+00
    8    8   -.635E+00    .000E+00
    8    9   -.502E+01    .000E+00
    8   10   -.187E-02    .000E+00
    8   11   -.143E+01   -.142E+01
    8   12   -.359E-08   -.804E-06
    8   13   -.640E+00   -.636E+00
    8   14   -.670E-04   -.569E-04
    8   15   -.355E+00   -.352E+00
    9    1    .443E-01    .441E-01
    9    2    .160E+00    .159E+00
    9    3    .270E-02    .287E-02
    9    4    .656E+00    .652E+00
    9    5    .362E-01    .370E-01
    9    6    .727E+01    .000E+00
    9    7   -.186E-01    .000E+00
    9    8   -.124E+02    .000E+00
    9    9   -.734E+00    .000E+00
    9   10   -.296E-01    .000E+00
    9   11   -.182E+00   -.181E+00
    9   12   -.355E-03   -.306E-03
    9   13   -.776E-01   -.772E-01
    9   14   -.125E-03   -.148E-03
    9   15   -.417E-01   -.415E-01
   10    1    .208E-02    .230E-02
   10    2    .358E-02    .374E-02
   10    3    .125E-01    .133E-01
   10    4    .769E-02    .789E-02
   10    5    .923E-01    .949E-01
   10    6    .226E-01    .229E-01
   10    7    .885E+00    .000E+00
   10    8    .192E+00    .000E+00
   10    9   -.266E+01    .000E+00
   10   10   -.639E+00    .000E+00
   10   11   -.491E+01    .000E+00
   10   12   -.271E-02    .000E+00
   10   13   -.143E+01    .000E+00
   10   14   -.331E-04    .000E+00
   10   15   -.653E+00   -.649E+00
   11    1    .252E-01    .250E-01
   11    2    .777E-01    .766E-01
   11    3    .924E-03    .988E-03
   11    4    .226E+00    .224E+00
   11    5    .657E-02    .677E-02
   11    6    .842E+00    .838E+00
   11    7    .582E-01    .000E+00
   11    8    .894E+01    .000E+00
   11    9   -.183E-01    .000E+00
   11   10   -.145E+02    .000E+00
   11   11   -.698E+00    .000E+00
   11   12   -.442E-01    .000E+00
   11   13   -.177E+00    .000E+00
   11   14   -.136E-02    .000E+00
   11   15   -.765E-01   -.761E-01
   12    1    .132E-02    .146E-02
   12    2    .210E-02    .220E-02
   12    3    .605E-02    .648E-02
   12    4    .393E-02    .403E-02
   12    5    .338E-01    .349E-01
   12    6    .848E-02    .863E-02
   12    7    .164E+00    .167E+00
   12    8    .252E-01    .000E+00
   12    9    .130E+01    .000E+00
   12   10    .226E+00    .000E+00
   12   11   -.325E+01    .000E+00
   12   12   -.660E+00    .000E+00
   12   13   -.490E+01    .000E+00
   12   14   -.360E-02    .000E+00
   12   15   -.144E+01    .000E+00
   13    1    .158E-01    .157E-01
   13    2    .445E-01    .438E-01
   13    3    .434E-03    .466E-03
   13    4    .110E+00    .109E+00
   13    5    .236E-02    .244E-02
   13    6    .289E+00    .287E+00
   13    7    .112E-01    .114E-01
   13    8    .102E+01    .000E+00
   13    9    .819E-01    .000E+00
   13   10    .106E+02    .000E+00
   13   11   -.182E-01    .000E+00
   13   12   -.165E+02    .000E+00
   13   13   -.687E+00    .000E+00
   13   14   -.594E-01    .000E+00
   13   15   -.176E+00    .000E+00
   14    1    .893E-03    .985E-03
   14    2    .136E-02    .142E-02
   14    3    .346E-02    .372E-02
   14    4    .234E-02    .240E-02
   14    5    .166E-01    .172E-01
   14    6    .434E-02    .442E-02
   14    7    .611E-01    .624E-01
   14    8    .935E-02    .947E-02
   14    9    .247E+00    .000E+00
   14   10    .281E-01    .000E+00
   14   11    .174E+01    .000E+00
   14   12    .261E+00    .000E+00
   14   13   -.377E+01    .000E+00
   14   14   -.688E+00    .000E+00
   14   15   -.493E+01    .000E+00
   15    1    .106E-01    .106E-01
   15    2    .283E-01    .278E-01
   15    3    .243E-03    .262E-03
   15    4    .633E-01    .626E-01
   15    5    .114E-02    .118E-02
   15    6    .141E+00    .140E+00
   15    7    .415E-02    .423E-02
   15    8    .350E+00    .349E+00
   15    9    .164E-01    .000E+00
   15   10    .120E+01    .000E+00
   15   11    .107E+00    .000E+00
   15   12    .123E+02    .000E+00
   15   13   -.184E-01    .000E+00
   15   14   -.184E+02    .000E+00
   15   15   -.690E+00    .000E+00
   16    1    .635E-03    .700E-03
   16    2    .934E-03    .974E-03
   16    3    .219E-02    .236E-02
   16    4    .152E-02    .157E-02
   16    5    .959E-02    .996E-02
   16    6    .259E-02    .264E-02
   16    7    .303E-01    .310E-01
   16    8    .477E-02    .484E-02
   16    9    .927E-01    .940E-01
   16   10    .103E-01    .000E+00
   16   11    .336E+00    .000E+00
   16   12    .311E-01    .000E+00
   16   13    .221E+01    .000E+00
   16   14    .298E+00    .000E+00
   16   15   -.435E+01    .000E+00
   17    1    .751E-02    .746E-02
   17    2    .192E-01    .189E-01
   17    3    .151E-03    .163E-03
   17    4    .404E-01    .400E-01
   17    5    .645E-03    .672E-03
   17    6    .813E-01    .807E-01
   17    7    .203E-02    .208E-02
   17    8    .170E+00    .170E+00
   17    9    .619E-02    .628E-02
   17   10    .411E+00    .000E+00
   17   11    .220E-01    .000E+00
   17   12    .138E+01    .000E+00
   17   13    .133E+00    .000E+00
   17   14    .139E+02    .000E+00
   17   15   -.187E-01    .000E+00
  3  2  0    3  2  1       120
    1    1   -.217E+01   -.209E+01
    1    2   -.808E-01   -.754E-01
    1    3   -.139E-01   -.128E-01
    1    4   -.428E-02   -.389E-02
    1    5   -.178E-02   -.161E-02
    1    6   -.900E-03   -.808E-03
    1    7   -.515E-03   -.461E-03
    1    8   -.323E-03   -.288E-03
    2    1    .702E+00    .664E+00
    2    2   -.285E+01   -.281E+01
    2    3   -.173E+00   -.167E+00
    2    4   -.407E-01   -.391E-01
    2    5   -.155E-01   -.148E-01
    2    6   -.758E-02   -.717E-02
    2    7   -.430E-02   -.405E-02
    2    8   -.269E-02   -.252E-02
    3    1    .166E+01    .164E+01
    3    2    .314E-01    .603E-01
    3    3   -.196E-01   -.217E-01
    3    4   -.338E-02   -.395E-02
    3    5   -.119E-02   -.144E-02
    3    6   -.571E-03   -.706E-03
    3    7   -.323E-03   -.406E-03
    3    8   -.203E-03   -.259E-03
    4    1    .161E-01    .141E-01
    4    2    .141E+01    .137E+01
    4    3   -.346E+01   -.343E+01
    4    4   -.251E+00   -.246E+00
    4    5   -.665E-01   -.648E-01
    4    6   -.274E-01   -.265E-01
    4    7   -.141E-01   -.136E-01
    4    8   -.829E-02   -.799E-02
    5    1    .260E+00    .255E+00
    5    2    .141E+01    .140E+01
    5    3    .679E-01    .103E+00
    5    4   -.550E-01   -.582E-01
    5    5   -.101E-01   -.110E-01
    5    6   -.369E-02   -.409E-02
    5    7   -.180E-02   -.202E-02
    5    8   -.103E-02   -.117E-02
    6    1    .436E-02    .374E-02
    6    2    .347E-01    .326E-01
    6    3    .209E+01    .206E+01
    6    4   -.405E+01   -.402E+01
    6    5   -.321E+00   -.317E+00
    6    6   -.903E-01   -.887E-01
    6    7   -.386E-01   -.378E-01
    6    8   -.204E-01   -.200E-01
    7    1    .901E-01    .879E-01
    7    2    .305E+00    .300E+00
    7    3    .131E+01    .129E+01
    7    4    .104E+00    .138E+00
    7    5   -.101E+00   -.104E+00
    7    6   -.194E-01   -.204E-01
    7    7   -.719E-02   -.767E-02
    7    8   -.355E-02   -.382E-02
    8    1    .192E-02    .163E-02
    8    2    .945E-02    .872E-02
    8    3    .509E-01    .489E-01
    8    4    .275E+01    .273E+01
    8    5   -.461E+01   -.459E+01
    8    6   -.386E+00   -.382E+00
    8    7   -.112E+00   -.111E+00
    8    8   -.493E-01   -.485E-01
    9    1    .429E-01    .417E-01
    9    2    .120E+00    .117E+00
    9    3    .317E+00    .312E+00
    9    4    .127E+01    .126E+01
    9    5    .137E+00    .169E+00
    9    6   -.153E+00   -.157E+00
    9    7   -.303E-01   -.314E-01
    9    8   -.114E-01   -.120E-01
   10    1    .104E-02    .885E-03
   10    2    .420E-02    .385E-02
   10    3    .137E-01    .130E-01
   10    4    .649E-01    .631E-01
   10    5    .341E+01    .339E+01
   10    6   -.517E+01   -.515E+01
   10    7   -.448E+00   -.445E+00
   10    8   -.133E+00   -.132E+00
   11    1    .242E-01    .235E-01
   11    2    .612E-01    .596E-01
   11    3    .132E+00    .130E+00
   11    4    .323E+00    .319E+00
   11    5    .126E+01    .125E+01
   11    6    .170E+00    .199E+00
   11    7   -.211E+00   -.215E+00
   11    8   -.426E-01   -.437E-01
   12    1    .640E-03    .542E-03
   12    2    .232E-02    .211E-02
   12    3    .613E-02    .578E-02
   12    4    .173E-01    .166E-01
   12    5    .774E-01    .757E-01
   12    6    .406E+01    .403E+01
   12    7   -.572E+01   -.570E+01
   12    8   -.507E+00   -.504E+00
   13    1    .152E-01    .147E-01
   13    2    .361E-01    .351E-01
   13    3    .699E-01    .685E-01
   13    4    .139E+00    .137E+00
   13    5    .329E+00    .326E+00
   13    6    .127E+01    .126E+01
   13    7    .201E+00    .228E+00
   13    8   -.272E+00   -.276E+00
   14    1    .425E-03    .359E-03
   14    2    .144E-02    .130E-02
   14    3    .340E-02    .319E-02
   14    4    .769E-02    .737E-02
   14    5    .203E-01    .197E-01
   14    6    .887E-01    .872E-01
   14    7    .470E+01    .468E+01
   14    8   -.627E+01   -.625E+01
   15    1    .102E-01    .988E-02
   15    2    .233E-01    .227E-01
   15    3    .423E-01    .414E-01
   15    4    .751E-01    .739E-01
   15    5    .144E+00    .142E+00
   15    6    .336E+00    .333E+00
   15    7    .129E+01    .128E+01
   15    8    .232E+00    .256E+00
  3  2  0    3  3  1       210
    1    1   -.121E+02   -.125E+02
    1    2   -.336E+00   -.383E+00
    1    3   -.453E-01   -.583E-01
    1    4   -.103E-05   -.280E-05
    1    5   -.111E-01   -.162E-01
    1    6   -.149E-06   -.641E-07
    1    7   -.381E-02   -.626E-02
    1    8   -.868E-06   -.135E-06
    1    9   -.162E-02   -.296E-02
    1   10   -.122E-05   -.375E-06
    1   11   -.797E-03   -.161E-02
    1   12   -.125E-05   -.481E-06
    1   13   -.438E-03   -.966E-03
    1   14   -.115E-05   -.493E-06
    2    1    .378E+01    .396E+01
    2    2   -.160E+02   -.163E+02
    2    3   -.802E+00   -.834E+00
    2    4   -.114E-04   -.147E-04
    2    5   -.171E+00   -.181E+00
    2    6   -.508E-06   -.125E-05
    2    7   -.608E-01   -.654E-01
    2    8   -.873E-07   -.207E-08
    2    9   -.282E-01   -.307E-01
    2   10   -.454E-06   -.149E-06
    2   11   -.154E-01   -.169E-01
    2   12   -.642E-06   -.308E-06
    2   13   -.933E-02   -.104E-01
    2   14   -.678E-06   -.373E-06
    3    1    .507E-01    .494E-01
    3    2    .488E-02    .000E+00
    3    3   -.338E-01   -.346E-01
    3    4   -.201E+02   -.201E+02
    3    5   -.648E-02   -.670E-02
    3    6   -.274E+01   -.273E+01
    3    7   -.241E-02   -.251E-02
    3    8   -.879E+00   -.876E+00
    3    9   -.119E-02   -.124E-02
    3   10   -.400E+00   -.399E+00
    3   11   -.686E-03   -.718E-03
    3   12   -.220E+00   -.219E+00
    3   13   -.437E-03   -.458E-03
    3   14   -.136E+00   -.135E+00
    4    1    .129E+00    .142E+00
    4    2    .756E+01    .000E+00
    4    3   -.195E+02   -.196E+02
    4    4   -.314E-01   -.316E-01
    4    5   -.120E+01   -.123E+01
    4    6   -.153E-02   -.156E-02
    4    7   -.297E+00   -.305E+00
    4    8   -.322E-03   -.332E-03
    4    9   -.117E+00   -.121E+00
    4   10   -.112E-03   -.116E-03
    4   11   -.581E-01   -.603E-01
    4   12   -.505E-04   -.531E-04
    4   13   -.334E-01   -.348E-01
    4   14   -.267E-04   -.284E-04
    5    1    .876E-02    .835E-02
    5    2    .425E-01    .414E-01
    5    3    .146E-01    .000E+00
    5    4   -.523E-01    .000E+00
    5    5   -.548E-01   -.558E-01
    5    6   -.176E+02   -.176E+02
    5    7   -.113E-01   -.116E-01
    5    8   -.342E+01   -.342E+01
    5    9   -.441E-02   -.453E-02
    5   10   -.127E+01   -.127E+01
    5   11   -.224E-02   -.231E-02
    5   12   -.624E+00   -.622E+00
    5   13   -.132E-02   -.136E-02
    5   14   -.359E+00   -.358E+00
    6    1    .374E-01    .417E-01
    6    2    .260E+00    .272E+00
    6    3    .112E+02    .000E+00
    6    4    .128E-01    .000E+00
    6    5   -.228E+02    .000E+00
    6    6   -.536E-01    .000E+00
    6    7   -.156E+01   -.158E+01
    6    8   -.358E-02   -.361E-02
    6    9   -.414E+00   -.421E+00
    6   10   -.889E-03   -.901E-03
    6   11   -.171E+00   -.174E+00
    6   12   -.348E-03   -.354E-03
    6   13   -.883E-01   -.902E-01
    6   14   -.172E-03   -.176E-03
    7    1    .315E-02    .296E-02
    7    2    .987E-02    .951E-02
    7    3    .426E-01    .417E-01
    7    4    .144E+00    .146E+00
    7    5    .249E-01    .000E+00
    7    6   -.114E+00    .000E+00
    7    7   -.709E-01    .000E+00
    7    8   -.164E+02    .000E+00
    7    9   -.151E-01   -.154E-01
    7   10   -.366E+01   -.365E+01
    7   11   -.604E-02   -.616E-02
    7   12   -.146E+01   -.145E+01
    7   13   -.313E-02   -.320E-02
    7   14   -.748E+00   -.746E+00
    8    1    .169E-01    .190E-01
    8    2    .749E-01    .790E-01
    8    3    .374E+00    .385E+00
    8    4    .303E-03    .310E-03
    8    5    .148E+02    .000E+00
    8    6    .272E-01    .000E+00
    8    7   -.259E+02    .000E+00
    8    8   -.711E-01    .000E+00
    8    9   -.190E+01    .000E+00
    8   10   -.546E-02    .000E+00
    8   11   -.524E+00   -.530E+00
    8   12   -.147E-02   -.149E-02
    8   13   -.223E+00   -.226E+00
    8   14   -.610E-03   -.616E-03
    9    1    .153E-02    .143E-02
    9    2    .400E-02    .383E-02
    9    3    .108E-01    .105E-01
    9    4    .228E-01    .233E-01
    9    5    .452E-01    .000E+00
    9    6    .388E+00    .000E+00
    9    7    .351E-01    .000E+00
    9    8   -.175E+00    .000E+00
    9    9   -.848E-01    .000E+00
    9   10   -.159E+02    .000E+00
    9   11   -.185E-01    .000E+00
    9   12   -.378E+01    .000E+00
    9   13   -.746E-02   -.758E-02
    9   14   -.156E+01   -.156E+01
   10    1    .932E-02    .105E-01
   10    2    .341E-01    .361E-01
   10    3    .107E+00    .110E+00
   10    4    .823E-04    .849E-04
   10    5    .476E+00    .000E+00
   10    6    .608E-03    .000E+00
   10    7    .184E+02    .000E+00
   10    8    .415E-01    .000E+00
   10    9   -.291E+02    .000E+00
   10   10   -.859E-01    .000E+00
   10   11   -.221E+01    .000E+00
   10   12   -.716E-02    .000E+00
   10   13   -.629E+00    .000E+00
   10   14   -.203E-02    .000E+00
   11    1    .874E-03    .809E-03
   11    2    .207E-02    .197E-02
   11    3    .459E-02    .444E-02
   11    4    .755E-02    .778E-02
   11    5    .118E-01    .116E-01
   11    6    .670E-01    .680E-01
   11    7    .488E-01    .000E+00
   11    8    .704E+00    .000E+00
   11    9    .452E-01    .000E+00
   11   10   -.235E+00    .000E+00
   11   11   -.978E-01    .000E+00
   11   12   -.157E+02    .000E+00
   11   13   -.215E-01    .000E+00
   11   14   -.386E+01    .000E+00
   12    1    .577E-02    .651E-02
   12    2    .190E-01    .202E-01
   12    3    .486E-01    .504E-01
   12    4    .367E-04    .379E-04
   12    5    .134E+00    .137E+00
   12    6    .164E-03    .167E-03
   12    7    .568E+00    .000E+00
   12    8    .873E-03    .000E+00
   12    9    .219E+02    .000E+00
   12   10    .554E-01    .000E+00
   12   11   -.322E+02    .000E+00
   12   12   -.993E-01    .000E+00
   12   13   -.252E+01    .000E+00
   12   14   -.872E-02    .000E+00
   13    1    .552E-03    .509E-03
   13    2    .124E-02    .117E-02
   13    3    .245E-02    .237E-02
   13    4    .347E-02    .359E-02
   13    5    .513E-02    .501E-02
   13    6    .232E-01    .236E-01
   13    7    .129E-01    .000E+00
   13    8    .129E+00    .000E+00
   13    9    .531E-01    .000E+00
   13   10    .107E+01    .000E+00
   13   11    .549E-01    .000E+00
   13   12   -.293E+00    .000E+00
   13   13   -.110E+00    .000E+00
   13   14   -.157E+02    .000E+00
   14    1    .385E-02    .435E-02
   14    2    .119E-01    .126E-01
   14    3    .272E-01    .283E-01
   14    4    .203E-04    .210E-04
   14    5    .608E-01    .624E-01
   14    6    .732E-04    .749E-04
   14    7    .158E+00    .000E+00
   14    8    .232E-03    .000E+00
   14    9    .654E+00    .000E+00
   14   10    .110E-02    .000E+00
   14   11    .254E+02    .000E+00
   14   12    .690E-01    .000E+00
   14   13   -.353E+02    .000E+00
   14   14   -.112E+00    .000E+00
   15    1    .374E-03    .343E-03
   15    2    .804E-03    .761E-03
   15    3    .149E-02    .144E-02
   15    4    .190E-02    .198E-02
   15    5    .278E-02    .271E-02
   15    6    .109E-01    .111E-01
   15    7    .567E-02    .556E-02
   15    8    .458E-01    .463E-01
   15    9    .141E-01    .000E+00
   15   10    .204E+00    .000E+00
   15   11    .576E-01    .000E+00
   15   12    .148E+01    .000E+00
   15   13    .640E-01    .000E+00
   15   14   -.348E+00    .000E+00
  3  2  1    3  3  0        56
    1    1   -.133E+02   -.132E+02
    1    2   -.211E+01   -.208E+01
    1    3   -.738E+00   -.726E+00
    1    4   -.353E+00   -.347E+00
    1    5   -.200E+00   -.197E+00
    1    6   -.126E+00   -.123E+00
    1    7   -.849E-01   -.833E-01
    2    1   -.323E+00   -.430E+00
    2    2   -.113E+02   -.112E+02
    2    3   -.246E+01   -.245E+01
    2    4   -.974E+00   -.966E+00
    2    5   -.498E+00   -.494E+00
    2    6   -.295E+00   -.292E+00
    2    7   -.191E+00   -.189E+00
    3    1    .211E+00    .218E+00
    3    2   -.730E+00   -.822E+00
    3    3   -.104E+02   -.104E+02
    3    4   -.255E+01   -.254E+01
    3    5   -.107E+01   -.106E+01
    3    6   -.567E+00   -.564E+00
    3    7   -.344E+00   -.342E+00
    4    1    .377E-01    .395E-01
    4    2    .555E+00    .564E+00
    4    3   -.113E+01   -.121E+01
    4    4   -.101E+02   -.101E+02
    4    5   -.260E+01   -.259E+01
    4    6   -.112E+01   -.112E+01
    4    7   -.608E+00   -.606E+00
    5    1    .136E-01    .143E-01
    5    2    .104E+00    .107E+00
    5    3    .984E+00    .993E+00
    5    4   -.152E+01   -.158E+01
    5    5   -.100E+02   -.998E+01
    5    6   -.264E+01   -.264E+01
    5    7   -.116E+01   -.116E+01
    6    1    .660E-02    .697E-02
    6    2    .386E-01    .395E-01
    6    3    .192E+00    .194E+00
    6    4    .147E+01    .148E+01
    6    5   -.188E+01   -.194E+01
    6    6   -.101E+02   -.101E+02
    6    7   -.270E+01   -.269E+01
    7    1    .377E-02    .399E-02
    7    2    .190E-01    .195E-01
    7    3    .719E-01    .730E-01
    7    4    .293E+00    .295E+00
    7    5    .200E+01    .200E+01
    7    6   -.224E+01   -.228E+01
    7    7   -.103E+02   -.102E+02
    8    1    .238E-02    .253E-02
    8    2    .109E-01    .113E-01
    8    3    .358E-01    .363E-01
    8    4    .111E+00    .112E+00
    8    5    .405E+00    .407E+00
    8    6    .255E+01    .256E+01
    8    7   -.258E+01   -.262E+01
  3  3  0    3  3  1        98
    1    1    .161E+01    .159E+01
    1    2    .107E+00    .135E+00
    1    3   -.242E-01   -.267E-01
    1    4   -.178E+01   -.177E+01
    1    5   -.420E-02   -.485E-02
    1    6   -.240E+00   -.239E+00
    1    7   -.150E-02   -.179E-02
    1    8   -.768E-01   -.764E-01
    1    9   -.730E-03   -.887E-03
    1   10   -.349E-01   -.347E-01
    1   11   -.417E-03   -.515E-03
    1   12   -.191E-01   -.190E-01
    1   13   -.265E-03   -.330E-03
    1   14   -.118E-01   -.117E-01
    2    1    .272E+00    .267E+00
    2    2    .131E+01    .129E+01
    2    3    .209E+00    .244E+00
    2    4    .363E-02    .000E+00
    2    5   -.686E-01   -.724E-01
    2    6   -.158E+01   -.158E+01
    2    7   -.124E-01   -.134E-01
    2    8   -.303E+00   -.302E+00
    2    9   -.450E-02   -.496E-02
    2   10   -.112E+00   -.111E+00
    2   11   -.220E-02   -.246E-02
    2   12   -.548E-01   -.546E-01
    2   13   -.127E-02   -.142E-02
    2   14   -.315E-01   -.314E-01
    3    1    .975E-01    .951E-01
    3    2    .304E+00    .298E+00
    3    3    .117E+01    .116E+01
    3    4    .188E-01    .191E-01
    3    5    .303E+00    .337E+00
    3    6    .791E-02    .000E+00
    3    7   -.126E+00   -.130E+00
    3    8   -.149E+01   -.149E+01
    3    9   -.234E-01   -.246E-01
    3   10   -.327E+00   -.326E+00
    3   11   -.865E-02   -.920E-02
    3   12   -.129E+00   -.129E+00
    3   13   -.427E-02   -.457E-02
    3   14   -.663E-01   -.661E-01
    4    1    .474E-01    .460E-01
    4    2    .123E+00    .120E+00
    4    3    .305E+00    .300E+00
    4    4    .326E-02    .332E-02
    4    5    .111E+01    .109E+01
    4    6    .459E-01    .463E-01
    4    7    .391E+00    .424E+00
    4    8    .122E-01    .000E+00
    4    9   -.192E+00   -.197E+00
    4   10   -.145E+01   -.145E+01
    4   11   -.365E-01   -.378E-01
    4   12   -.341E+00   -.340E+00
    4   13   -.137E-01   -.142E-01
    4   14   -.140E+00   -.140E+00
    5    1    .271E-01    .263E-01
    5    2    .639E-01    .622E-01
    5    3    .131E+00    .128E+00
    5    4    .114E-02    .117E-02
    5    5    .303E+00    .299E+00
    5    6    .846E-02    .857E-02
    5    7    .108E+01    .107E+01
    5    8    .785E-01    .790E-01
    5    9    .484E+00    .514E+00
    5   10    .163E-01    .000E+00
    5   11   -.264E+00   -.268E+00
    5   12   -.144E+01   -.144E+01
    5   13   -.511E-01   -.524E-01
    5   14   -.351E+00   -.350E+00
    6    1    .171E-01    .166E-01
    6    2    .381E-01    .370E-01
    6    3    .705E-01    .690E-01
    6    4    .540E-03    .555E-03
    6    5    .134E+00    .132E+00
    6    6    .304E-02    .309E-02
    6    7    .303E+00    .300E+00
    6    8    .151E-01    .152E-01
    6    9    .107E+01    .106E+01
    6   10    .115E+00    .116E+00
    6   11    .575E+00    .602E+00
    6   12    .203E-01    .000E+00
    6   13   -.340E+00   -.345E+00
    6   14   -.145E+01   -.145E+01
    7    1    .116E-01    .112E-01
    7    2    .248E-01    .241E-01
    7    3    .431E-01    .421E-01
    7    4    .304E-03    .314E-03
    7    5    .739E-01    .726E-01
    7    6    .147E-02    .150E-02
    7    7    .137E+00    .135E+00
    7    8    .555E-02    .561E-02
    7    9    .305E+00    .302E+00
    7   10    .228E-01    .230E-01
    7   11    .108E+01    .107E+01
    7   12    .155E+00    .156E+00
    7   13    .657E+00    .683E+00
    7   14    .241E-01    .000E+00
  3  3  0    3  4  1        42
    1    1   -.265E+02   -.265E+02
    1    2   -.358E+01   -.357E+01
    1    3   -.114E+01   -.114E+01
    1    4   -.520E+00   -.517E+00
    1    5   -.285E+00   -.284E+00
    1    6   -.175E+00   -.174E+00
    2    1    .488E-01    .000E+00
    2    2   -.234E+02   -.234E+02
    2    3   -.450E+01   -.449E+01
    2    4   -.166E+01   -.165E+01
    2    5   -.813E+00   -.811E+00
    2    6   -.467E+00   -.466E+00
    3    1    .182E+00    .184E+00
    3    2    .103E+00    .000E+00
    3    3   -.220E+02   -.219E+02
    3    4   -.483E+01   -.482E+01
    3    5   -.191E+01   -.191E+01
    3    6   -.980E+00   -.977E+00
    4    1    .289E-01    .295E-01
    4    2    .488E+00    .492E+00
    4    3    .155E+00    .000E+00
    4    4   -.213E+02   -.213E+02
    4    5   -.501E+01   -.500E+01
    4    6   -.206E+01   -.206E+01
    5    1    .957E-02    .981E-02
    5    2    .847E-01    .857E-01
    5    3    .885E+00    .890E+00
    5    4    .205E+00    .000E+00
    5    5   -.211E+02   -.211E+02
    5    6   -.514E+01   -.513E+01
    6    1    .438E-02    .451E-02
    6    2    .293E-01    .297E-01
    6    3    .163E+00    .164E+00
    6    4    .135E+01    .135E+01
    6    5    .253E+00    .000E+00
    6    6   -.212E+02   -.212E+02
    7    1    .241E-02    .249E-02
    7    2    .138E-01    .140E-01
    7    3    .579E-01    .585E-01
    7    4    .258E+00    .259E+00
    7    5    .186E+01    .187E+01
    7    6    .299E+00    .000E+00
  3  3  1    3  4  0       168
    1    1   -.187E+02   -.186E+02
    1    2   -.314E+01   -.312E+01
    1    3   -.112E+01   -.111E+01
    1    4   -.182E-02   -.180E-02
    1    5   -.541E+00   -.537E+00
    1    6   -.167E-02   -.166E-02
    1    7   -.308E+00   -.306E+00
    1    8   -.130E-02   -.129E-02
    1    9   -.195E+00   -.193E+00
    1   10   -.984E-03   -.976E-03
    1   11   -.132E+00   -.131E+00
    1   12   -.750E-03   -.744E-03
    2    1   -.116E+01    .000E+00
    2    2   -.153E+02   -.152E+02
    2    3   -.352E+01   -.351E+01
    2    4   -.550E-02   -.549E-02
    2    5   -.142E+01   -.141E+01
    2    6   -.425E-02   -.424E-02
    2    7   -.734E+00   -.732E+00
    2    8   -.301E-02   -.300E-02
    2    9   -.436E+00   -.435E+00
    2   10   -.215E-02   -.215E-02
    2   11   -.284E+00   -.283E+00
    2   12   -.158E-02   -.157E-02
    3    1    .399E+00    .404E+00
    3    2   -.231E+01    .000E+00
    3    3   -.138E+02   -.138E+02
    3    4   -.392E-03   -.389E-03
    3    5   -.356E+01   -.356E+01
    3    6   -.321E-02   -.320E-02
    3    7   -.152E+01   -.152E+01
    3    8   -.281E-02   -.281E-02
    3    9   -.816E+00   -.815E+00
    3   10   -.213E-02   -.213E-02
    3   11   -.498E+00   -.498E+00
    3   12   -.160E-02   -.159E-02
    4    1    .245E-01    .244E-01
    4    2    .571E-07    .000E+00
    4    3   -.274E-01   -.274E-01
    4    4   -.352E+02   -.352E+02
    4    5   -.600E-02   -.601E-02
    4    6   -.423E+01   -.423E+01
    4    7   -.237E-02   -.238E-02
    4    8   -.126E+01   -.126E+01
    4    9   -.121E-02   -.121E-02
    4   10   -.543E+00   -.543E+00
    4   11   -.717E-03   -.718E-03
    4   12   -.288E+00   -.288E+00
    5    1    .698E-01    .709E-01
    5    2    .102E+01    .102E+01
    5    3   -.338E+01    .000E+00
    5    4   -.175E-02    .000E+00
    5    5   -.132E+02    .000E+00
    5    6   -.261E-02    .000E+00
    5    7   -.357E+01   -.356E+01
    5    8   -.305E-02   -.305E-02
    5    9   -.157E+01   -.157E+01
    5   10   -.234E-02   -.233E-02
    5   11   -.862E+00   -.861E+00
    5   12   -.173E-02   -.173E-02
    6    1    .313E-02    .311E-02
    6    2    .180E-01    .179E-01
    6    3    .679E-04    .000E+00
    6    4   -.130E-02    .000E+00
    6    5   -.506E-01    .000E+00
    6    6   -.313E+02    .000E+00
    6    7   -.118E-01   -.118E-01
    6    8   -.557E+01   -.557E+01
    6    9   -.485E-02   -.486E-02
    6   10   -.195E+01   -.195E+01
    6   11   -.255E-02   -.255E-02
    6   12   -.921E+00   -.921E+00
    7    1    .250E-01    .255E-01
    7    2    .187E+00    .188E+00
    7    3    .177E+01    .000E+00
    7    4    .145E-02    .000E+00
    7    5   -.438E+01    .000E+00
    7    6   -.454E-02    .000E+00
    7    7   -.129E+02    .000E+00
    7    8   -.580E-02    .000E+00
    7    9   -.359E+01    .000E+00
    7   10   -.344E-02    .000E+00
    7   11   -.161E+01   -.161E+01
    7   12   -.227E-02   -.227E-02
    8    1    .971E-03    .966E-03
    8    2    .338E-02    .337E-02
    8    3    .180E-01    .000E+00
    8    4    .157E+00    .000E+00
    8    5    .258E-03    .000E+00
    8    6   -.345E-02    .000E+00
    8    7   -.683E-01    .000E+00
    8    8   -.291E+02    .000E+00
    8    9   -.165E-01    .000E+00
    8   10   -.609E+01    .000E+00
    8   11   -.694E-02   -.695E-02
    8   12   -.232E+01   -.232E+01
    9    1    .121E-01    .123E-01
    9    2    .687E-01    .691E-01
    9    3    .336E+00    .337E+00
    9    4    .297E-03    .298E-03
    9    5    .261E+01    .000E+00
    9    6    .397E-02    .000E+00
    9    7   -.533E+01    .000E+00
    9    8   -.780E-02    .000E+00
    9    9   -.129E+02    .000E+00
    9   10   -.916E-02    .000E+00
    9   11   -.363E+01    .000E+00
    9   12   -.401E-02    .000E+00
   10    1    .434E-03    .431E-03
   10    2    .123E-02    .122E-02
   10    3    .382E-02    .381E-02
   10    4    .224E-01    .224E-01
   10    5    .204E-01    .000E+00
   10    6    .431E+00    .000E+00
   10    7    .525E-03    .000E+00
   10    8   -.601E-02    .000E+00
   10    9   -.823E-01    .000E+00
   10   10   -.280E+02    .000E+00
   10   11   -.203E-01    .000E+00
   10   12   -.634E+01    .000E+00
   11    1    .692E-02    .704E-02
   11    2    .338E-01    .340E-01
   11    3    .125E+00    .126E+00
   11    4    .116E-03    .116E-03
   11    5    .507E+00    .000E+00
   11    6    .825E-03    .000E+00
   11    7    .351E+01    .000E+00
   11    8    .714E-02    .000E+00
   11    9   -.619E+01    .000E+00
   11   10   -.111E-01    .000E+00
   11   11   -.130E+02    .000E+00
   11   12   -.124E-01    .000E+00
   12    1    .235E-03    .234E-03
   12    2    .596E-03    .593E-03
   12    3    .148E-02    .148E-02
   12    4    .688E-02    .689E-02
   12    5    .451E-02    .000E+00
   12    6    .683E-01    .000E+00
   12    7    .239E-01    .000E+00
   12    8    .794E+00    .000E+00
   12    9    .832E-03    .000E+00
   12   10   -.871E-02    .000E+00
   12   11   -.940E-01    .000E+00
   12   12   -.273E+02    .000E+00
   13    1    .438E-02    .446E-02
   13    2    .195E-01    .196E-01
   13    3    .622E-01    .624E-01
   13    4    .590E-04    .591E-04
   13    5    .191E+00    .192E+00
   13    6    .324E-03    .325E-03
   13    7    .692E+00    .000E+00
   13    8    .150E-02    .000E+00
   13    9    .445E+01    .000E+00
   13   10    .107E-01    .000E+00
   13   11   -.155E-04    .000E+00
   13   12   -.202E-02    .000E+00
   14    1    .144E-03    .143E-03
   14    2    .341E-03    .339E-03
   14    3    .748E-03    .745E-03
   14    4    .299E-02    .300E-02
   14    5    .179E-02    .179E-02
   14    6    .222E-01    .222E-01
   14    7    .537E-02    .000E+00
   14    8    .135E+00    .000E+00
   14    9    .281E-01    .000E+00
   14   10    .123E+01    .000E+00
   14   11    .113E-02    .000E+00
   14   12   -.111E-01    .000E+00
  3  4  0    3  4  1        72
    1    1   -.176E+01   -.176E+01
    1    2   -.240E+00   -.239E+00
    1    3   -.769E-01   -.765E-01
    1    4   -.350E-01   -.348E-01
    1    5   -.192E-01   -.191E-01
    1    6   -.119E-01   -.118E-01
    2    1   -.255E-02    .000E+00
    2    2   -.155E+01   -.155E+01
    2    3   -.300E+00   -.299E+00
    2    4   -.111E+00   -.111E+00
    2    5   -.546E-01   -.543E-01
    2    6   -.315E-01   -.313E-01
    3    1    .327E-02    .339E-02
    3    2   -.544E-02    .000E+00
    3    3   -.144E+01   -.144E+01
    3    4   -.320E+00   -.319E+00
    3    5   -.127E+00   -.127E+00
    3    6   -.653E-01   -.650E-01
    4    1    .182E+01    .182E+01
    4    2   -.164E-03    .000E+00
    4    3   -.198E-01   -.198E-01
    4    4   -.334E-02   -.334E-02
    4    5   -.115E-02   -.114E-02
    4    6   -.537E-03   -.536E-03
    5    1    .341E-03    .366E-03
    5    2    .126E-01    .129E-01
    5    3   -.828E-02    .000E+00
    5    4   -.138E+01   -.138E+01
    5    5   -.327E+00   -.327E+00
    5    6   -.136E+00   -.135E+00
    6    1    .220E+00    .220E+00
    6    2    .163E+01    .163E+01
    6    3   -.408E-03    .000E+00
    6    4   -.474E-01   -.474E-01
    6    5   -.859E-02   -.858E-02
    6    6   -.305E-02   -.305E-02
    7    1    .820E-04    .914E-04
    7    2    .170E-02    .176E-02
    7    3    .278E-01    .281E-01
    7    4   -.110E-01    .000E+00
    7    5   -.135E+01   -.135E+01
    7    6   -.332E+00   -.331E+00
    8    1    .653E-01    .653E-01
    8    2    .291E+00    .291E+00
    8    3    .154E+01    .154E+01
    8    4   -.685E-03    .000E+00
    8    5   -.794E-01   -.793E-01
    8    6   -.151E-01   -.150E-01
    9    1    .293E-04    .339E-04
    9    2    .491E-03    .516E-03
    9    3    .428E-02    .437E-02
    9    4    .477E-01    .481E-01
    9    5   -.136E-01    .000E+00
    9    6   -.134E+01   -.133E+01
   10    1    .283E-01    .283E-01
   10    2    .102E+00    .102E+00
   10    3    .321E+00    .321E+00
   10    4    .149E+01    .149E+01
   10    5   -.970E-03    .000E+00
   10    6   -.114E+00   -.114E+00
   11    1    .132E-04    .158E-04
   11    2    .201E-03    .214E-03
   11    3    .135E-02    .138E-02
   11    4    .798E-02    .809E-02
   11    5    .714E-01    .718E-01
   11    6   -.151E-01    .000E+00
   12    1    .150E-01    .150E-01
   12    2    .483E-01    .483E-01
   12    3    .123E+00    .123E+00
   12    4    .337E+00    .337E+00
   12    5    .147E+01    .147E+01
   12    6   -.121E-02    .000E+00
  0  0  0    0  0  0         0
