   11   11    F
  2  0  0    2  1  1        72
    1    1   -.195E+01    .000E+00
    1    2   -.264E-01   -.250E-01
    1    3   -.390E-02   -.353E-02
    1    4   -.118E-02   -.103E-02
    1    5   -.501E-03   -.428E-03
    1    6   -.260E-03   -.218E-03
    1    7   -.153E-03   -.126E-03
    1    8   -.979E-04   -.801E-04
    2    1    .103E+01    .000E+00
    2    2   -.291E+01    .000E+00
    2    3   -.765E-01    .000E+00
    2    4   -.153E-01    .000E+00
    2    5   -.552E-02    .000E+00
    2    6   -.263E-02    .000E+00
    2    7   -.148E-02    .000E+00
    2    8   -.920E-03    .000E+00
    3    1    .854E-01    .000E+00
    3    2    .189E+01    .000E+00
    3    3   -.378E+01    .000E+00
    3    4   -.124E+00    .000E+00
    3    5   -.275E-01    .000E+00
    3    6   -.105E-01    .000E+00
    3    7   -.522E-02    .000E+00
    3    8   -.301E-02    .000E+00
    4    1    .271E-01    .000E+00
    4    2    .141E+00    .000E+00
    4    3    .273E+01    .000E+00
    4    4   -.463E+01    .000E+00
    4    5   -.170E+00    .000E+00
    4    6   -.397E-01    .000E+00
    4    7   -.157E-01    .000E+00
    4    8   -.794E-02    .000E+00
    5    1    .125E-01    .000E+00
    5    2    .442E-01    .000E+00
    5    3    .192E+00    .000E+00
    5    4    .356E+01    .000E+00
    5    5   -.547E+01    .000E+00
    5    6   -.214E+00    .000E+00
    5    7   -.516E-01    .000E+00
    5    8   -.208E-01    .000E+00
    6    1    .694E-02    .000E+00
    6    2    .206E-01    .000E+00
    6    3    .597E-01    .000E+00
    6    4    .240E+00    .000E+00
    6    5    .439E+01    .000E+00
    6    6   -.630E+01    .000E+00
    6    7   -.257E+00    .000E+00
    6    8   -.634E-01    .000E+00
    7    1    .428E-02    .000E+00
    7    2    .116E-01    .000E+00
    7    3    .278E-01    .000E+00
    7    4    .741E-01    .000E+00
    7    5    .288E+00    .000E+00
    7    6    .521E+01    .000E+00
    7    7   -.713E+01    .000E+00
    7    8   -.300E+00    .000E+00
    8    1    .285E-02    .000E+00
    8    2    .724E-02    .000E+00
    8    3    .157E-01    .000E+00
    8    4    .345E-01    .000E+00
    8    5    .879E-01    .000E+00
    8    6    .334E+00    .000E+00
    8    7    .603E+01    .000E+00
    8    8   -.796E+01    .000E+00
    9    1    .199E-02    .000E+00
    9    2    .487E-02    .000E+00
    9    3    .991E-02    .000E+00
    9    4    .195E-01    .000E+00
    9    5    .409E-01    .000E+00
    9    6    .101E+00    .000E+00
    9    7    .380E+00    .000E+00
    9    8    .685E+01    .000E+00
  2  1  1    2  2  0        64
    1    1   -.522E+01    .000E+00
    1    2   -.579E+00    .000E+00
    1    3   -.176E+00    .000E+00
    1    4   -.780E-01    .000E+00
    1    5   -.420E-01    .000E+00
    1    6   -.255E-01    .000E+00
    1    7   -.168E-01    .000E+00
    1    8   -.116E-01    .000E+00
    2    1    .124E+01    .000E+00
    2    2   -.584E+01    .000E+00
    2    3   -.841E+00    .000E+00
    2    4   -.286E+00    .000E+00
    2    5   -.135E+00    .000E+00
    2    6   -.760E-01    .000E+00
    2    7   -.475E-01    .000E+00
    2    8   -.319E-01    .000E+00
    3    1    .510E-03    .000E+00
    3    2    .243E+01    .000E+00
    3    3   -.655E+01    .000E+00
    3    4   -.103E+01    .000E+00
    3    5   -.369E+00    .000E+00
    3    6   -.180E+00    .000E+00
    3    7   -.104E+00    .000E+00
    3    8   -.661E-01    .000E+00
    4    1    .681E-04    .000E+00
    4    2    .393E-02    .000E+00
    4    3    .355E+01    .000E+00
    4    4   -.727E+01    .000E+00
    4    5   -.119E+01    .000E+00
    4    6   -.439E+00    .000E+00
    4    7   -.218E+00    .000E+00
    4    8   -.127E+00    .000E+00
    5    1    .123E-04    .000E+00
    5    2    .976E-03    .000E+00
    5    3    .115E-01    .000E+00
    5    4    .463E+01    .000E+00
    5    5   -.801E+01    .000E+00
    5    6   -.134E+01    .000E+00
    5    7   -.501E+00    .000E+00
    5    8   -.252E+00    .000E+00
    6    1    .273E-05    .000E+00
    6    2    .344E-03    .000E+00
    6    3    .331E-02    .000E+00
    6    4    .232E-01    .000E+00
    6    5    .568E+01    .000E+00
    6    6   -.875E+01    .000E+00
    6    7   -.148E+01    .000E+00
    6    8   -.559E+00    .000E+00
    7    1    .653E-06    .000E+00
    7    2    .156E-03    .000E+00
    7    3    .131E-02    .000E+00
    7    4    .708E-02    .000E+00
    7    5    .382E-01    .000E+00
    7    6    .672E+01    .000E+00
    7    7   -.950E+01    .000E+00
    7    8   -.162E+01    .000E+00
    8    1    .147E-06    .000E+00
    8    2    .828E-04    .000E+00
    8    3    .649E-03    .000E+00
    8    4    .295E-02    .000E+00
    8    5    .121E-01    .000E+00
    8    6    .560E-01    .000E+00
    8    7    .773E+01    .000E+00
    8    8   -.103E+02    .000E+00
  2  2  0    2  3  1        56
    1    1   -.101E+02    .000E+00
    1    2   -.157E+01    .000E+00
    1    3   -.546E+00    .000E+00
    1    4   -.260E+00    .000E+00
    1    5   -.147E+00    .000E+00
    1    6   -.923E-01    .000E+00
    1    7   -.622E-01    .000E+00
    2    1   -.149E+00    .000E+00
    2    2   -.865E+01    .000E+00
    2    3   -.185E+01    .000E+00
    2    4   -.727E+00    .000E+00
    2    5   -.371E+00    .000E+00
    2    6   -.218E+00    .000E+00
    2    7   -.141E+00    .000E+00
    3    1    .144E+00    .000E+00
    3    2   -.321E+00    .000E+00
    3    3   -.809E+01    .000E+00
    3    4   -.194E+01    .000E+00
    3    5   -.805E+00    .000E+00
    3    6   -.425E+00    .000E+00
    3    7   -.257E+00    .000E+00
    4    1    .257E-01    .000E+00
    4    2    .375E+00    .000E+00
    4    3   -.475E+00    .000E+00
    4    4   -.790E+01    .000E+00
    4    5   -.199E+01    .000E+00
    4    6   -.852E+00    .000E+00
    4    7   -.459E+00    .000E+00
    5    1    .922E-02    .000E+00
    5    2    .709E-01    .000E+00
    5    3    .663E+00    .000E+00
    5    4   -.619E+00    .000E+00
    5    5   -.791E+01    .000E+00
    5    6   -.204E+01    .000E+00
    5    7   -.888E+00    .000E+00
    6    1    .446E-02    .000E+00
    6    2    .261E-01    .000E+00
    6    3    .130E+00    .000E+00
    6    4    .990E+00    .000E+00
    6    5   -.756E+00    .000E+00
    6    6   -.802E+01    .000E+00
    6    7   -.209E+01    .000E+00
    7    1    .254E-02    .000E+00
    7    2    .128E-01    .000E+00
    7    3    .488E-01    .000E+00
    7    4    .199E+00    .000E+00
    7    5    .134E+01    .000E+00
    7    6   -.886E+00    .000E+00
    7    7   -.820E+01    .000E+00
    8    1    .160E-02    .000E+00
    8    2    .739E-02    .000E+00
    8    3    .243E-01    .000E+00
    8    4    .759E-01    .000E+00
    8    5    .276E+00    .000E+00
    8    6    .172E+01    .000E+00
    8    7   -.101E+01    .000E+00
  0  0  0    0  0  0         0
