   11    2    F
  1  0  0    1  1  1        90
    1    1   -.733E+00   -.733E+00
    1    2   -.150E+00   -.150E+00
    1    3   -.562E-01   -.564E-01
    1    4   -.272E-01   -.274E-01
    1    5   -.153E-01   -.154E-01
    1    6   -.949E-02   -.952E-02
    1    7   -.629E-02   -.630E-02
    1    8   -.439E-02   -.439E-02
    1    9   -.318E-02   -.319E-02
    2    1   -.477E-01    .000E+00
    2    2   -.391E+00   -.392E+00
    2    3   -.964E-01   -.965E-01
    2    4   -.398E-01   -.399E-01
    2    5   -.207E-01   -.207E-01
    2    6   -.122E-01   -.122E-01
    2    7   -.787E-02   -.788E-02
    2    8   -.538E-02   -.539E-02
    2    9   -.385E-02   -.385E-02
    3    1    .520E-01    .519E-01
    3    2   -.832E-01    .000E+00
    3    3   -.429E+00   -.430E+00
    3    4   -.112E+00   -.113E+00
    3    5   -.482E-01   -.484E-01
    3    6   -.259E-01   -.259E-01
    3    7   -.157E-01   -.157E-01
    3    8   -.103E-01   -.103E-01
    3    9   -.721E-02   -.720E-02
    4    1    .114E-01    .114E-01
    4    2    .119E+00    .118E+00
    4    3   -.116E+00    .000E+00
    4    4   -.477E+00    .000E+00
    4    5   -.126E+00   -.124E+00
    4    6   -.554E-01   -.552E-01
    4    7   -.302E-01   -.305E-01
    4    8   -.186E-01   -.190E-01
    4    9   -.124E-01   -.127E-01
    5    1    .451E-02    .450E-02
    5    2    .265E-01    .266E-01
    5    3    .192E+00    .000E+00
    5    4   -.146E+00    .000E+00
    5    5   -.530E+00    .000E+00
    5    6   -.141E+00    .000E+00
    5    7   -.622E-01    .000E+00
    5    8   -.342E-01    .000E+00
    5    9   -.213E-01    .000E+00
    6    1    .229E-02    .229E-02
    6    2    .107E-01    .108E-01
    6    3    .434E-01    .421E-01
    6    4    .268E+00    .000E+00
    6    5   -.179E+00    .000E+00
    6    6   -.585E+00    .000E+00
    6    7   -.155E+00    .000E+00
    6    8   -.688E-01    .000E+00
    6    9   -.380E-01    .000E+00
    7    1    .134E-02    .133E-02
    7    2    .557E-02    .562E-02
    7    3    .177E-01    .171E-01
    7    4    .610E-01    .000E+00
    7    5    .346E+00    .000E+00
    7    6   -.210E+00    .000E+00
    7    7   -.641E+00    .000E+00
    7    8   -.170E+00    .000E+00
    7    9   -.753E-01    .000E+00
    8    1    .854E-03    .852E-03
    8    2    .332E-02    .335E-02
    8    3    .930E-02    .896E-02
    8    4    .251E-01    .000E+00
    8    5    .789E-01    .000E+00
    8    6    .426E+00    .000E+00
    8    7   -.241E+00    .000E+00
    8    8   -.698E+00    .000E+00
    8    9   -.184E+00    .000E+00
    9    1    .581E-03    .579E-03
    9    2    .215E-02    .217E-02
    9    3    .559E-02    .538E-02
    9    4    .132E-01    .000E+00
    9    5    .325E-01    .000E+00
    9    6    .971E-01    .000E+00
    9    7    .505E+00    .000E+00
    9    8   -.271E+00    .000E+00
    9    9   -.756E+00    .000E+00
   10    1    .414E-03    .413E-03
   10    2    .149E-02    .150E-02
   10    3    .367E-02    .353E-02
   10    4    .800E-02    .000E+00
   10    5    .172E-01    .000E+00
   10    6    .401E-01    .000E+00
   10    7    .115E+00    .000E+00
   10    8    .586E+00    .000E+00
   10    9   -.302E+00    .000E+00
  1  2  0    1  1  1        72
    1    1    .210E+01    .210E+01
    1    2   -.264E-01    .000E+00
    1    3   -.515E-01   -.516E-01
    1    4   -.104E-01   -.105E-01
    1    5   -.398E-02   -.400E-02
    1    6   -.199E-02   -.199E-02
    1    7   -.116E-02   -.115E-02
    1    8   -.741E-03   -.736E-03
    1    9   -.506E-03   -.501E-03
    2    1    .361E+00    .361E+00
    2    2    .189E+01    .189E+01
    2    3   -.440E-01    .000E+00
    2    4   -.132E+00    .000E+00
    2    5   -.278E-01   -.264E-01
    2    6   -.109E-01   -.107E-01
    2    7   -.552E-02   -.563E-02
    2    8   -.325E-02   -.340E-02
    2    9   -.210E-02   -.224E-02
    3    1    .130E+00    .130E+00
    3    2    .420E+00    .421E+00
    3    3    .187E+01    .000E+00
    3    4   -.592E-01    .000E+00
    3    5   -.228E+00    .000E+00
    3    6   -.494E-01    .000E+00
    3    7   -.196E-01    .000E+00
    3    8   -.100E-01    .000E+00
    3    9   -.596E-02    .000E+00
    4    1    .633E-01    .633E-01
    4    2    .168E+00    .169E+00
    4    3    .450E+00    .444E+00
    4    4    .192E+01    .000E+00
    4    5   -.737E-01    .000E+00
    4    6   -.335E+00    .000E+00
    4    7   -.738E-01    .000E+00
    4    8   -.295E-01    .000E+00
    4    9   -.153E-01    .000E+00
    5    1    .360E-01    .360E-01
    5    2    .868E-01    .872E-01
    5    3    .189E+00    .186E+00
    5    4    .477E+00    .000E+00
    5    5    .201E+01    .000E+00
    5    6   -.882E-01    .000E+00
    5    7   -.448E+00    .000E+00
    5    8   -.100E+00    .000E+00
    5    9   -.403E-01    .000E+00
    6    1    .226E-01    .226E-01
    6    2    .514E-01    .516E-01
    6    3    .100E+00    .990E-01
    6    4    .205E+00    .000E+00
    6    5    .505E+00    .000E+00
    6    6    .211E+01    .000E+00
    6    7   -.103E+00    .000E+00
    6    8   -.566E+00    .000E+00
    6    9   -.128E+00    .000E+00
    7    1    .152E-01    .152E-01
    7    2    .333E-01    .334E-01
    7    3    .608E-01    .601E-01
    7    4    .110E+00    .000E+00
    7    5    .219E+00    .000E+00
    7    6    .534E+00    .000E+00
    7    7    .222E+01    .000E+00
    7    8   -.117E+00    .000E+00
    7    9   -.688E+00    .000E+00
    8    1    .107E-01    .108E-01
    8    2    .229E-01    .230E-01
    8    3    .401E-01    .397E-01
    8    4    .678E-01    .000E+00
    8    5    .119E+00    .000E+00
    8    6    .233E+00    .000E+00
    8    7    .563E+00    .000E+00
    8    8    .235E+01    .000E+00
    8    9   -.130E+00    .000E+00
  3  0  0    3  1  1        81
    1    1   -.201E+00    .000E+00
    1    2   -.112E+01   -.112E+01
    1    3   -.279E+00   -.279E+00
    1    4   -.116E+00   -.116E+00
    1    5   -.604E-01   -.605E-01
    1    6   -.358E-01   -.358E-01
    1    7   -.230E-01   -.230E-01
    1    8   -.158E-01   -.158E-01
    1    9   -.113E-01   -.113E-01
    2    1    .161E+00    .161E+00
    2    2   -.336E+00    .000E+00
    2    3   -.122E+01   -.123E+01
    2    4   -.324E+00   -.325E+00
    2    5   -.140E+00   -.140E+00
    2    6   -.754E-01   -.754E-01
    2    7   -.459E-01   -.458E-01
    2    8   -.302E-01   -.301E-01
    2    9   -.210E-01   -.210E-01
    3    1    .345E-01    .346E-01
    3    2    .373E+00    .371E+00
    3    3   -.464E+00    .000E+00
    3    4   -.136E+01    .000E+00
    3    5   -.366E+00   -.359E+00
    3    6   -.161E+00   -.161E+00
    3    7   -.881E-01   -.891E-01
    3    8   -.544E-01   -.555E-01
    3    9   -.363E-01   -.373E-01
    4    1    .136E-01    .136E-01
    4    2    .823E-01    .829E-01
    4    3    .605E+00    .000E+00
    4    4   -.583E+00    .000E+00
    4    5   -.151E+01    .000E+00
    4    6   -.407E+00    .000E+00
    4    7   -.181E+00    .000E+00
    4    8   -.997E-01    .000E+00
    4    9   -.621E-01    .000E+00
    5    1    .686E-02    .688E-02
    5    2    .331E-01    .335E-01
    5    3    .135E+00    .131E+00
    5    4    .845E+00    .000E+00
    5    5   -.716E+00    .000E+00
    5    6   -.166E+01    .000E+00
    5    7   -.449E+00    .000E+00
    5    8   -.200E+00    .000E+00
    5    9   -.111E+00    .000E+00
    6    1    .400E-02    .400E-02
    6    2    .171E-01    .174E-01
    6    3    .550E-01    .532E-01
    6    4    .190E+00    .000E+00
    6    5    .109E+01    .000E+00
    6    6   -.834E+00    .000E+00
    6    7   -.182E+01    .000E+00
    6    8   -.490E+00    .000E+00
    6    9   -.219E+00    .000E+00
    7    1    .255E-02    .255E-02
    7    2    .102E-01    .103E-01
    7    3    .288E-01    .278E-01
    7    4    .778E-01    .000E+00
    7    5    .246E+00    .000E+00
    7    6    .134E+01    .000E+00
    7    7   -.955E+00    .000E+00
    7    8   -.199E+01    .000E+00
    7    9   -.532E+00    .000E+00
    8    1    .173E-02    .173E-02
    8    2    .661E-02    .669E-02
    8    3    .173E-01    .167E-01
    8    4    .409E-01    .000E+00
    8    5    .101E+00    .000E+00
    8    6    .302E+00    .000E+00
    8    7    .159E+01    .000E+00
    8    8   -.108E+01    .000E+00
    8    9   -.215E+01    .000E+00
    9    1    .123E-02    .123E-02
    9    2    .456E-02    .462E-02
    9    3    .113E-01    .109E-01
    9    4    .247E-01    .000E+00
    9    5    .534E-01    .000E+00
    9    6    .124E+00    .000E+00
    9    7    .359E+00    .000E+00
    9    8    .185E+01    .000E+00
    9    9   -.120E+01    .000E+00
  3  2  0    3  1  1        72
    1    1    .606E+01    .607E+01
    1    2    .239E+00    .000E+00
    1    3   -.199E+00   -.200E+00
    1    4   -.393E-01   -.396E-01
    1    5   -.149E-01   -.150E-01
    1    6   -.745E-02   -.744E-02
    1    7   -.433E-02   -.431E-02
    1    8   -.276E-02   -.274E-02
    1    9   -.189E-02   -.187E-02
    2    1    .110E+01    .110E+01
    2    2    .525E+01    .524E+01
    2    3    .419E+00    .000E+00
    2    4   -.494E+00    .000E+00
    2    5   -.102E+00   -.976E-01
    2    6   -.394E-01   -.392E-01
    2    7   -.200E-01   -.205E-01
    2    8   -.118E-01   -.123E-01
    2    9   -.758E-02   -.811E-02
    3    1    .408E+00    .408E+00
    3    2    .123E+01    .123E+01
    3    3    .510E+01    .000E+00
    3    4    .584E+00    .000E+00
    3    5   -.843E+00    .000E+00
    3    6   -.178E+00    .000E+00
    3    7   -.698E-01    .000E+00
    3    8   -.357E-01    .000E+00
    3    9   -.212E-01    .000E+00
    4    1    .200E+00    .200E+00
    4    2    .501E+00    .503E+00
    4    3    .129E+01    .127E+01
    4    4    .519E+01    .000E+00
    4    5    .728E+00    .000E+00
    4    6   -.122E+01    .000E+00
    4    7   -.262E+00    .000E+00
    4    8   -.104E+00    .000E+00
    4    9   -.536E-01    .000E+00
    5    1    .114E+00    .114E+00
    5    2    .261E+00    .262E+00
    5    3    .550E+00    .543E+00
    5    4    .135E+01    .000E+00
    5    5    .538E+01    .000E+00
    5    6    .872E+00    .000E+00
    5    7   -.163E+01    .000E+00
    5    8   -.353E+00    .000E+00
    5    9   -.141E+00    .000E+00
    6    1    .722E-01    .722E-01
    6    2    .155E+00    .156E+00
    6    3    .295E+00    .291E+00
    6    4    .589E+00    .000E+00
    6    5    .142E+01    .000E+00
    6    6    .563E+01    .000E+00
    6    7    .101E+01    .000E+00
    6    8   -.204E+01    .000E+00
    6    9   -.447E+00    .000E+00
    7    1    .487E-01    .487E-01
    7    2    .101E+00    .101E+00
    7    3    .180E+00    .178E+00
    7    4    .321E+00    .000E+00
    7    5    .624E+00    .000E+00
    7    6    .149E+01    .000E+00
    7    7    .591E+01    .000E+00
    7    8    .115E+01    .000E+00
    7    9   -.247E+01    .000E+00
    8    1    .345E-01    .345E-01
    8    2    .697E-01    .699E-01
    8    3    .119E+00    .118E+00
    8    4    .198E+00    .000E+00
    8    5    .344E+00    .000E+00
    8    6    .659E+00    .000E+00
    8    7    .156E+01    .000E+00
    8    8    .621E+01    .000E+00
    8    9    .129E+01    .000E+00
  0  0  0    0  0  0         0
