   12    4    F
  1  0  0    1  1  1       208
    1    1   -.314E+00   -.356E+00
    1    2   -.541E+00   -.530E+00
    1    3   -.135E-01   -.125E-01
    1    4   -.341E-01   -.337E-01
    1    5   -.143E+00   -.140E+00
    1    6   -.761E-03   -.908E-03
    1    7   -.228E-01   -.229E-01
    1    8   -.486E-01   -.470E-01
    1    9   -.331E-01   -.322E-01
    1   10   -.779E-04   -.114E-03
    1   11   -.107E-01   -.107E-01
    1   12   -.129E-01   -.124E-01
    1   13   -.122E-01   -.118E-01
    1   14   -.881E-02   -.858E-02
    1   15   -.141E-03   -.175E-03
    1   16   -.713E-02   -.691E-02
    2    1    .225E+00    .244E+00
    2    2   -.274E-02   -.262E-02
    2    3   -.947E-01   -.979E-01
    2    4   -.118E+01   -.119E+01
    2    5   -.146E-01   -.138E-01
    2    6   -.206E-01   -.207E-01
    2    7   -.221E+00   -.214E+00
    2    8   -.325E-01   -.309E-01
    2    9   -.159E-02   -.142E-02
    2   10   -.847E-02   -.848E-02
    2   11   -.801E-01   -.768E-01
    2   12   -.169E-01   -.160E-01
    2   13   -.171E-02   -.158E-02
    2   14   -.262E-03   -.228E-03
    2   15   -.409E-02   -.408E-02
    2   16   -.291E-04   -.294E-04
    3    1    .365E-01    .395E-01
    3    2   -.124E+00   -.135E+00
    3    3   -.292E+00   -.325E+00
    3    4   -.301E-02   -.321E-02
    3    5   -.296E+00   -.292E+00
    3    6   -.496E-02   -.551E-02
    3    7   -.132E-01   -.134E-01
    3    8   -.694E-01   -.679E-01
    3    9   -.377E-01   -.372E-01
    3   10   -.727E-03   -.860E-03
    3   11   -.546E-02   -.554E-02
    3   12   -.146E-01   -.142E-01
    3   13   -.119E-01   -.116E-01
    3   14   -.838E-02   -.826E-02
    3   15   -.536E-03   -.617E-03
    3   16   -.547E-02   -.534E-02
    4    1    .714E-01    .694E-01
    4    2    .298E-01    .334E-01
    4    3    .263E+00    .276E+00
    4    4   -.383E-01    .000E+00
    4    5   -.173E-01   -.156E-01
    4    6   -.149E+00   -.152E+00
    4    7   -.492E+00   -.482E+00
    4    8   -.489E-01   -.470E-01
    4    9   -.134E-03   -.848E-04
    4   10   -.280E-01   -.285E-01
    4   11   -.109E+00   -.106E+00
    4   12   -.178E-01   -.171E-01
    4   13   -.802E-03   -.720E-03
    4   14   -.485E-06   -.335E-05
    4   15   -.106E-01   -.107E-01
    4   16   -.909E-04   -.912E-04
    5    1    .134E-01    .135E-01
    5    2    .139E+00    .140E+00
    5    3    .782E-02    .744E-02
    5    4    .275E-04    .388E-04
    5    5   -.287E+00    .000E+00
    5    6   -.230E+00   -.255E+00
    5    7   -.192E-03   -.113E-03
    5    8   -.304E+00   -.300E+00
    5    9   -.972E-01   -.998E-01
    5   10   -.273E-03   -.292E-03
    5   11   -.178E-02   -.206E-02
    5   12   -.404E-01   -.416E-01
    5   13   -.245E-01   -.255E-01
    5   14   -.153E-01   -.159E-01
    5   15   -.213E-03   -.220E-03
    5   16   -.921E-02   -.959E-02
    6    1    .118E-01    .113E-01
    6    2    .225E-01    .229E-01
    6    3    .411E-01    .409E-01
    6    4    .256E-01    .246E-01
    6    5    .156E+00    .159E+00
    6    6    .280E+00    .264E+00
    6    7   -.122E+00    .000E+00
    6    8   -.112E+00   -.104E+00
    6    9   -.661E-01   -.641E-01
    6   10   -.285E+00   -.293E+00
    6   11   -.379E+00   -.377E+00
    6   12   -.143E-01   -.156E-01
    6   13   -.242E-02   -.210E-02
    6   14   -.608E-02   -.581E-02
    6   15   -.379E-01   -.395E-01
    6   16   -.391E-02   -.372E-02
    7    1    .147E-01    .145E-01
    7    2    .163E-01    .165E-01
    7    3    .148E-01    .145E-01
    7    4    .390E-02    .384E-02
    7    5    .143E+00    .134E+00
    7    6    .650E-02    .613E-02
    7    7    .213E-03    .000E+00
    7    8   -.258E+00    .000E+00
    7    9   -.383E+00   -.359E+00
    7   10   -.243E-01   -.317E-01
    7   11   -.739E-01   -.764E-01
    7   12   -.138E+00   -.124E+00
    7   13   -.446E-01   -.390E-01
    7   14   -.200E-01   -.174E-01
    7   15   -.442E-02   -.453E-02
    7   16   -.107E-01   -.937E-02
    8    1    .206E-02    .207E-02
    8    2    .134E-01    .136E-01
    8    3    .238E-03    .218E-03
    8    4    .162E-04    .119E-04
    8    5    .528E-01    .512E-01
    8    6    .504E-02    .499E-02
    8    7    .195E-01    .188E-01
    8    8    .361E+00    .363E+00
    8    9   -.491E+00    .000E+00
    8   10   -.553E-01   -.551E-01
    8   11   -.144E-01   -.146E-01
    8   12   -.384E+00   -.375E+00
    8   13   -.137E+00   -.134E+00
    8   14   -.844E-01   -.842E-01
    8   15   -.150E+00   -.168E+00
    8   16   -.960E-02   -.825E-02
    9    1    .538E-02    .511E-02
    9    2    .673E-02    .684E-02
    9    3    .128E-01    .127E-01
    9    4    .514E-02    .493E-02
    9    5    .677E-02    .651E-02
    9    6    .697E-01    .687E-01
    9    7    .676E-01    .645E-01
    9    8    .407E-01    .455E-01
    9    9    .114E+00    .110E+00
    9   10    .364E+00    .000E+00
    9   11   -.200E+00    .000E+00
    9   12   -.234E+00    .000E+00
    9   13   -.317E-01   -.330E-01
    9   14   -.375E-01   -.375E-01
    9   15   -.168E+00   -.154E+00
    9   16   -.176E-01   -.183E-01
   10    1    .592E-02    .578E-02
   10    2    .238E-02    .240E-02
   10    3    .505E-02    .493E-02
   10    4    .119E-02    .117E-02
   10    5    .141E-01    .141E-01
   10    6    .877E-02    .868E-02
   10    7    .298E-02    .287E-02
   10    8    .371E-01    .349E-01
   10    9    .343E+00    .345E+00
   10   10    .929E-03    .742E-03
   10   11    .677E-02    .000E+00
   10   12   -.307E+00    .000E+00
   10   13   -.458E+00   -.456E+00
   10   14   -.971E-01   -.977E-01
   10   15   -.300E-01   -.269E-01
   10   16   -.373E-01   -.372E-01
   11    1    .119E-02    .118E-02
   11    2    .370E-02    .374E-02
   11    3    .283E-03    .267E-03
   11    4    .116E-04    .132E-04
   11    5    .110E-01    .111E-01
   11    6    .657E-04    .604E-04
   11    7    .865E-03    .811E-03
   11    8    .258E-01    .255E-01
   11    9    .109E+00    .107E+00
   11   10    .116E-02    .111E-02
   11   11    .335E-01    .324E-01
   11   12    .528E+00    .522E+00
   11   13   -.676E+00    .000E+00
   11   14   -.516E+00   -.522E+00
   11   15   -.307E-02   -.326E-02
   11   16   -.121E+00   -.123E+00
   12    1    .429E-03    .434E-03
   12    2    .283E-02    .286E-02
   12    3    .137E-04    .113E-04
   12    4    .759E-05    .610E-05
   12    5    .690E-02    .699E-02
   12    6    .531E-03    .512E-03
   12    7    .118E-02    .111E-02
   12    8    .133E-01    .132E-01
   12    9    .515E-01    .503E-01
   12   10    .218E-02    .213E-02
   12   11    .167E-01    .161E-01
   12   12    .103E+00    .100E+00
   12   13    .681E+00    .671E+00
   12   14   -.747E+00    .000E+00
   12   15   -.166E+00    .000E+00
   12   16   -.416E+00   -.422E+00
   13    1    .159E-03    .139E-03
   13    2    .300E-02    .304E-02
   13    3    .106E-02    .105E-02
   13    4    .482E-03    .457E-03
   13    5    .441E-02    .443E-02
   13    6    .594E-02    .584E-02
   13    7    .441E-02    .419E-02
   13    8    .476E-02    .470E-02
   13    9    .543E-01    .551E-01
   13   10    .163E-01    .162E-01
   13   11    .347E-01    .338E-01
   13   12    .169E-01    .156E-01
   13   13    .112E+00    .108E+00
   13   14    .703E+00    .692E+00
   13   15    .403E+00    .000E+00
   13   16   -.137E+01    .000E+00
  1  1  0    1  1  1       128
    1    1    .353E+00    .346E+00
    1    2    .292E+00    .322E+00
    1    3    .411E-01    .000E+00
    1    4   -.218E+00   -.219E+00
    1    5   -.799E-03   -.876E-03
    1    6   -.112E+00   -.114E+00
    1    7   -.278E+00   -.280E+00
    1    8   -.419E-02   -.428E-02
    1    9   -.155E-03   -.169E-03
    1   10   -.254E-01   -.261E-01
    1   11   -.849E-01   -.856E-01
    1   12   -.338E-02   -.342E-02
    1   13   -.420E-04   -.449E-04
    1   14   -.834E-04   -.893E-04
    1   15   -.100E-01   -.103E-01
    1   16   -.338E-02   -.340E-02
    2    1    .853E-01    .853E-01
    2    2    .123E-01    .120E-01
    2    3    .342E+00    .344E+00
    2    4    .675E-01    .708E-01
    2    5    .217E+00    .243E+00
    2    6    .173E+00    .000E+00
    2    7   -.337E+00   -.341E+00
    2    8   -.369E-03   -.135E-03
    2    9   -.271E-02   -.297E-02
    2   10   -.179E+00   -.176E+00
    2   11   -.248E+00   -.246E+00
    2   12   -.790E-02   -.823E-02
    2   13   -.189E-03   -.232E-03
    2   14   -.538E-03   -.604E-03
    2   15   -.381E-01   -.392E-01
    2   16   -.816E-02   -.818E-02
    3    1    .353E-01    .352E-01
    3    2    .457E-02    .443E-02
    3    3    .898E-01    .903E-01
    3    4    .115E-01    .122E-01
    3    5    .490E-04    .269E-04
    3    6    .329E+00    .319E+00
    3    7    .205E+00    .204E+00
    3    8    .166E+00    .188E+00
    3    9    .178E-01    .183E-01
    3   10    .241E+00    .000E+00
    3   11   -.428E+00    .000E+00
    3   12   -.612E-02   -.572E-02
    3   13   -.118E-02   -.120E-02
    3   14   -.461E-02   -.431E-02
    3   15   -.244E+00   -.220E+00
    3   16   -.337E-01   -.305E-01
    4    1    .183E-01    .182E-01
    4    2    .223E-02    .215E-02
    4    3    .386E-01    .388E-01
    4    4    .421E-02    .449E-02
    4    5    .671E-04    .469E-04
    4    6    .978E-01    .968E-01
    4    7    .298E-01    .297E-01
    4    8    .170E-03    .188E-03
    4    9    .105E+00    .122E+00
    4   10    .476E+00    .483E+00
    4   11    .213E+00    .213E+00
    4   12    .483E-03    .594E-03
    4   13    .579E-02    .603E-02
    4   14    .179E-01    .179E-01
    4   15    .305E+00    .000E+00
    4   16   -.518E-01    .000E+00
    5    1    .108E-01    .107E-01
    5    2    .128E-02    .123E-02
    5    3    .207E-01    .208E-01
    5    4    .208E-02    .222E-02
    5    5    .483E-04    .355E-04
    5    6    .440E-01    .442E-01
    5    7    .111E-01    .114E-01
    5    8    .744E-04    .867E-04
    5    9    .480E-03    .453E-03
    5   10    .851E-01    .839E-01
    5   11    .879E-01    .917E-01
    5   12    .116E+00    .133E+00
    5   13    .264E-03    .312E-03
    5   14    .167E-02    .159E-02
    5   15    .447E+00    .448E+00
    5   16    .733E-01    .738E-01
    6    1    .696E-02    .689E-02
    6    2    .804E-03    .772E-03
    6    3    .126E-01    .126E-01
    6    4    .120E-02    .129E-02
    6    5    .333E-04    .252E-04
    6    6    .243E-01    .246E-01
    6    7    .558E-02    .580E-02
    6    8    .376E-04    .451E-04
    6    9    .251E-03    .232E-03
    6   10    .450E-01    .449E-01
    6   11    .192E-01    .195E-01
    6   12    .112E-03    .112E-03
    6   13    .125E+00    .143E+00
    6   14    .610E-03    .558E-03
    6   15    .133E+00    .132E+00
    6   16    .169E-01    .168E-01
    7    1    .476E-02    .471E-02
    7    2    .542E-03    .520E-03
    7    3    .829E-02    .832E-02
    7    4    .767E-03    .820E-03
    7    5    .235E-04    .180E-04
    7    6    .151E-01    .153E-01
    7    7    .327E-02    .343E-02
    7    8    .219E-04    .267E-04
    7    9    .154E-03    .142E-03
    7   10    .257E-01    .257E-01
    7   11    .941E-02    .950E-02
    7   12    .193E-04    .170E-04
    7   13    .269E-04    .251E-04
    7   14    .108E+00    .124E+00
    7   15    .783E-01    .784E-01
    7   16    .790E-02    .787E-02
    8    1    .340E-02    .337E-02
    8    2    .383E-03    .368E-03
    8    3    .578E-02    .579E-02
    8    4    .523E-03    .559E-03
    8    5    .171E-04    .132E-04
    8    6    .101E-01    .103E-01
    8    7    .211E-02    .223E-02
    8    8    .140E-04    .172E-04
    8    9    .103E-03    .947E-04
    8   10    .162E-01    .163E-01
    8   11    .549E-02    .554E-02
    8   12    .661E-05    .518E-05
    8   13    .606E-05    .462E-05
    8   14    .330E-03    .311E-03
    8   15    .108E-01    .923E-02
    8   16    .157E+00    .175E+00
  1  1  0    1  2  1        64
    1    1   -.215E+00   -.216E+00
    1    2   -.112E+01   -.113E+01
    1    3   -.289E+00   -.289E+00
    1    4   -.122E+00   -.122E+00
    1    5   -.648E-01   -.648E-01
    1    6   -.391E-01   -.391E-01
    1    7   -.256E-01   -.256E-01
    1    8   -.178E-01   -.178E-01
    2    1    .697E-01    .733E-01
    2    2   -.358E+00    .000E+00
    2    3   -.106E+01   -.105E+01
    2    4   -.290E+00   -.294E+00
    2    5   -.128E+00   -.130E+00
    2    6   -.697E-01   -.706E-01
    2    7   -.429E-01   -.433E-01
    2    8   -.286E-01   -.287E-01
    3    1    .130E-01    .139E-01
    3    2    .170E+00    .165E+00
    3    3   -.484E+00    .000E+00
    3    4   -.106E+01   -.987E+00
    3    5   -.298E+00   -.274E+00
    3    6   -.134E+00   -.124E+00
    3    7   -.743E-01   -.692E-01
    3    8   -.464E-01   -.436E-01
    4    1    .481E-02    .520E-02
    4    2    .331E-01    .333E-01
    4    3    .285E+00    .290E+00
    4    4   -.604E+00    .000E+00
    4    5   -.108E+01   -.106E+01
    4    6   -.308E+00   -.301E+00
    4    7   -.140E+00   -.137E+00
    4    8   -.783E-01   -.767E-01
    5    1    .238E-02    .258E-02
    5    2    .126E-01    .131E-01
    5    3    .572E-01    .579E-01
    5    4    .410E+00    .410E+00
    5    5   -.719E+00    .000E+00
    5    6   -.112E+01   -.112E+01
    5    7   -.320E+00   -.320E+00
    5    8   -.146E+00   -.146E+00
    6    1    .137E-02    .149E-02
    6    2    .637E-02    .673E-02
    6    3    .222E-01    .223E-01
    6    4    .835E-01    .813E-01
    6    5    .541E+00    .533E+00
    6    6   -.833E+00    .000E+00
    6    7   -.117E+01   -.117E+01
    6    8   -.334E+00   -.335E+00
    7    1    .876E-03    .950E-03
    7    2    .373E-02    .400E-02
    7    3    .113E-01    .113E-01
    7    4    .327E-01    .311E-01
    7    5    .111E+00    .108E+00
    7    6    .675E+00    .666E+00
    7    7   -.945E+00    .000E+00
    7    8   -.122E+01   -.123E+01
    8    1    .596E-03    .647E-03
    8    2    .240E-02    .260E-02
    8    3    .667E-02    .668E-02
    8    4    .167E-01    .157E-01
    8    5    .437E-01    .418E-01
    8    6    .140E+00    .137E+00
    8    7    .813E+00    .805E+00
    8    8   -.106E+01    .000E+00
  1  1  1    1  2  0       240
    1    1   -.328E+00   -.364E+00
    1    2   -.160E+01   -.160E+01
    1    3   -.713E+00   -.704E+00
    1    4   -.347E+00   -.344E+00
    1    5   -.160E+00   -.157E+00
    1    6   -.291E-02   -.264E-02
    1    7   -.144E+00   -.142E+00
    1    8   -.642E-01   -.634E-01
    1    9   -.657E-01   -.641E-01
    1   10   -.240E-02   -.219E-02
    1   11   -.441E-01   -.435E-01
    1   12   -.250E-01   -.247E-01
    1   13   -.159E-01   -.157E-01
    1   14   -.267E-01   -.259E-01
    1   15   -.205E-01   -.202E-01
    2    1    .508E-01    .521E-01
    2    2   -.384E+00   -.386E+00
    2    3   -.350E-01   -.443E-01
    2    4   -.124E+01   -.124E+01
    2    5   -.215E-01   -.218E-01
    2    6   -.931E-02   -.931E-02
    2    7   -.338E+00   -.337E+00
    2    8   -.149E+00   -.149E+00
    2    9   -.101E-01   -.102E-01
    2   10   -.285E-02   -.286E-02
    2   11   -.765E-01   -.763E-01
    2   12   -.478E-01   -.476E-01
    2   13   -.318E-01   -.317E-01
    2   14   -.929E-02   -.932E-02
    2   15   -.166E-01   -.165E-01
    3    1    .201E+00    .205E+00
    3    2    .185E-01    .189E-01
    3    3   -.630E+00   -.666E+00
    3    4   -.183E+00   -.183E+00
    3    5   -.472E+00   -.469E+00
    3    6   -.715E-02   -.676E-02
    3    7   -.374E-01   -.373E-01
    3    8   -.869E-02   -.863E-02
    3    9   -.136E+00   -.135E+00
    3   10   -.303E-02   -.286E-02
    3   11   -.782E-02   -.775E-02
    3   12   -.294E-02   -.291E-02
    3   13   -.140E-02   -.139E-02
    3   14   -.558E-01   -.550E-01
    3   15   -.677E-02   -.670E-02
    4    1    .560E-01    .581E-01
    4    2    .186E+00    .206E+00
    4    3    .101E-01    .836E-02
    4    4   -.377E-01   -.385E-01
    4    5   -.606E-01   -.600E-01
    4    6   -.305E+01   -.301E+01
    4    7   -.164E-02   -.172E-02
    4    8   -.708E-03   -.740E-03
    4    9   -.117E-01   -.115E-01
    4   10   -.438E+00   -.428E+00
    4   11   -.568E-03   -.585E-03
    4   12   -.288E-03   -.296E-03
    4   13   -.200E-03   -.205E-03
    4   14   -.380E-02   -.373E-02
    4   15   -.196E-02   -.194E-02
    5    1    .573E-03    .102E-02
    5    2    .116E+00    .121E+00
    5    3    .116E-01    .150E-01
    5    4   -.590E+00    .000E+00
    5    5   -.946E-01   -.106E+00
    5    6   -.318E-01   -.323E-01
    5    7   -.128E+01   -.127E+01
    5    8   -.369E+00   -.375E+00
    5    9   -.120E-03   -.373E-04
    5   10   -.269E-03   -.289E-03
    5   11   -.165E+00   -.168E+00
    5   12   -.906E-01   -.923E-01
    5   13   -.559E-01   -.568E-01
    5   14   -.188E-02   -.163E-02
    5   15   -.349E-01   -.356E-01
    6    1    .500E-01    .531E-01
    6    2    .438E-02    .524E-02
    6    3    .318E+00    .329E+00
    6    4    .386E-01    .436E-01
    6    5   -.870E+00   -.979E+00
    6    6   -.867E-02   -.921E-02
    6    7   -.111E+00   -.119E+00
    6    8   -.272E-04   -.234E-04
    6    9   -.555E+00   -.547E+00
    6   10   -.106E-02   -.105E-02
    6   11   -.103E-02   -.152E-02
    6   12   -.815E-05   -.464E-05
    6   13   -.158E-03   -.784E-04
    6   14   -.153E+00   -.154E+00
    6   15   -.564E-02   -.613E-02
    7    1    .103E-01    .964E-02
    7    2    .536E-02    .490E-02
    7    3    .149E-01    .146E-01
    7    4    .258E+00    .276E+00
    7    5    .123E-01    .000E+00
    7    6    .386E-01    .000E+00
    7    7   -.115E+00   -.111E+00
    7    8   -.128E-01   -.120E-01
    7    9   -.950E-01   -.967E-01
    7   10   -.253E+01   -.252E+01
    7   11   -.327E-02   -.292E-02
    7   12   -.198E-02   -.182E-02
    7   13   -.109E-02   -.102E-02
    7   14   -.128E-01   -.128E-01
    7   15   -.112E-02   -.117E-02
    8    1    .118E-02    .842E-03
    8    2    .166E-01    .177E-01
    8    3    .335E-02    .261E-02
    8    4    .169E+00    .158E+00
    8    5    .188E-01    .221E-01
    8    6    .182E-01    .166E-01
    8    7   -.595E+00    .000E+00
    8    8   -.137E+01   -.129E+01
    8    9   -.456E-01   -.569E-01
    8   10   -.171E+00   -.174E+00
    8   11   -.367E+00   -.336E+00
    8   12   -.170E+00   -.156E+00
    8   13   -.940E-01   -.872E-01
    8   14   -.153E-02   -.195E-02
    8   15   -.692E-01   -.657E-01
    9    1    .443E-03    .648E-03
    9    2    .873E-02    .937E-02
    9    3    .136E-02    .181E-02
    9    4    .495E-01    .492E-01
    9    5    .316E-01    .338E-01
    9    6    .514E-03    .451E-03
    9    7    .455E+00    .462E+00
    9    8   -.107E+01    .000E+00
    9    9   -.200E-01   -.234E-01
    9   10   -.835E-02   -.818E-02
    9   11   -.129E+01   -.126E+01
    9   12   -.387E+00   -.378E+00
    9   13   -.185E+00   -.181E+00
    9   14   -.272E+00   -.295E+00
    9   15   -.459E-01   -.426E-01
   10    1    .193E-01    .205E-01
   10    2    .703E-03    .890E-03
   10    3    .614E-01    .640E-01
   10    4    .107E-02    .151E-02
   10    5    .505E+00    .499E+00
   10    6    .594E-02    .575E-02
   10    7    .136E-02    .198E-02
   10    8    .117E+00    .119E+00
   10    9   -.105E+01    .000E+00
   10   10   -.151E-01   -.146E-01
   10   11   -.192E+00   -.193E+00
   10   12   -.609E-02   -.634E-02
   10   13   -.436E-03   -.529E-03
   10   14   -.408E+00   -.360E+00
   10   15   -.229E-01   -.209E-01
   11    1    .354E-02    .326E-02
   11    2    .177E-02    .159E-02
   11    3    .322E-02    .311E-02
   11    4    .463E-02    .445E-02
   11    5    .151E-01    .153E-01
   11    6    .255E-01    .239E-01
   11    7    .192E+00    .211E+00
   11    8    .933E-01    .893E-01
   11    9    .225E-01    .000E+00
   11   10    .336E-01    .000E+00
   11   11   -.273E+00    .000E+00
   11   12   -.195E-01   -.206E-01
   11   13   -.778E-02   -.826E-02
   11   14   -.453E-01   -.413E-01
   11   15   -.323E-02   -.260E-02
   12    1    .845E-03    .659E-03
   12    2    .259E-02    .285E-02
   12    3    .152E-02    .126E-02
   12    4    .136E-01    .139E-01
   12    5    .488E-02    .424E-02
   12    6    .300E-03    .285E-03
   12    7    .309E-01    .291E-01
   12    8    .491E+00    .494E+00
   12    9    .860E-02    .000E+00
   12   10    .342E-01    .000E+00
   12   11   -.716E+00    .000E+00
   12   12   -.147E+01   -.147E+01
   12   13   -.410E+00   -.409E+00
   12   14   -.247E-01   -.237E-01
   12   15   -.248E+00   -.246E+00
   13    1    .136E-05    .145E-04
   13    2    .231E-02    .249E-02
   13    3    .368E-05    .252E-04
   13    4    .918E-02    .957E-02
   13    5    .370E-03    .517E-03
   13    6    .479E-04    .429E-04
   13    7    .280E-01    .278E-01
   13    8    .128E+00    .126E+00
   13    9    .181E-01    .194E-01
   13   10    .231E-02    .213E-02
   13   11    .768E+00    .758E+00
   13   12   -.130E+01    .000E+00
   13   13   -.146E+01   -.146E+01
   13   14   -.171E-03   -.242E-03
   13   15   -.454E+00   -.456E+00
   14    1    .231E-03    .311E-03
   14    2    .170E-02    .184E-02
   14    3    .519E-03    .659E-03
   14    4    .582E-02    .620E-02
   14    5    .337E-02    .372E-02
   14    6    .168E-04    .148E-04
   14    7    .152E-01    .152E-01
   14    8    .584E-01    .567E-01
   14    9    .361E-01    .377E-01
   14   10    .602E-03    .555E-03
   14   11    .159E+00    .154E+00
   14   12    .102E+01    .101E+01
   14   13   -.172E+01    .000E+00
   14   14   -.401E-02   -.313E-02
   14   15   -.141E+01   -.143E+01
   15    1    .952E-02    .101E-01
   15    2    .340E-03    .426E-03
   15    3    .232E-01    .242E-01
   15    4    .492E-03    .676E-03
   15    5    .986E-01    .999E-01
   15    6    .104E-02    .101E-02
   15    7    .197E-03    .290E-03
   15    8    .593E-02    .637E-02
   15    9    .684E+00    .695E+00
   15   10    .106E-01    .107E-01
   15   11    .433E-03    .472E-03
   15   12    .160E-01    .164E-01
   15   13    .361E+00    .000E+00
   15   14   -.149E+01    .000E+00
   15   15   -.293E+00    .000E+00
   16    1    .766E-04    .636E-04
   16    2    .101E-02    .103E-02
   16    3    .386E-03    .342E-03
   16    4    .335E-02    .345E-02
   16    5    .125E-02    .113E-02
   16    6    .615E-03    .598E-03
   16    7    .905E-02    .885E-02
   16    8    .455E-01    .452E-01
   16    9    .697E-02    .676E-02
   16   10    .923E-02    .923E-02
   16   11    .601E-01    .572E-01
   16   12    .181E+00    .176E+00
   16   13    .103E+01    .102E+01
   16   14    .273E-01    .000E+00
   16   15   -.139E+01    .000E+00
  1  2  0    1  2  1       120
    1    1   -.106E+01   -.107E+01
    1    2   -.197E+00   -.192E+00
    1    3   -.738E-01   -.711E-01
    1    4   -.364E-01   -.349E-01
    1    5   -.209E-01   -.200E-01
    1    6   -.132E-01   -.126E-01
    1    7   -.892E-02   -.853E-02
    1    8   -.632E-02   -.605E-02
    2    1   -.191E+00   -.217E+00
    2    2   -.770E-02   -.673E-02
    2    3   -.222E-02   -.186E-02
    2    4   -.977E-03   -.802E-03
    2    5   -.526E-03   -.427E-03
    2    6   -.318E-03   -.257E-03
    2    7   -.209E-03   -.168E-03
    2    8   -.145E-03   -.117E-03
    3    1    .119E-01    .000E+00
    3    2   -.474E+00   -.465E+00
    3    3   -.106E+00   -.103E+00
    3    4   -.424E-01   -.411E-01
    3    5   -.219E-01   -.212E-01
    3    6   -.130E-01   -.125E-01
    3    7   -.840E-02   -.811E-02
    3    8   -.579E-02   -.558E-02
    4    1    .230E-03    .469E-03
    4    2   -.216E+00   -.248E+00
    4    3   -.116E-02   -.111E-02
    4    4   -.442E-03   -.411E-03
    4    5   -.226E-03   -.207E-03
    4    6   -.133E-03   -.121E-03
    4    7   -.858E-04   -.779E-04
    4    8   -.589E-04   -.534E-04
    5    1    .126E-02    .105E-02
    5    2    .405E-02    .000E+00
    5    3   -.422E+00   -.422E+00
    5    4   -.107E+00   -.109E+00
    5    5   -.455E-01   -.464E-01
    5    6   -.243E-01   -.248E-01
    5    7   -.148E-01   -.150E-01
    5    8   -.978E-02   -.987E-02
    6    1    .581E+00    .569E+00
    6    2    .688E-01    .000E+00
    6    3   -.364E-01   -.362E-01
    6    4   -.711E-02   -.744E-02
    6    5   -.268E-02   -.284E-02
    6    6   -.134E-02   -.142E-02
    6    7   -.786E-03   -.823E-03
    6    8   -.506E-03   -.525E-03
    7    1    .624E-03    .813E-03
    7    2    .402E-03    .573E-03
    7    3   -.235E+00   -.268E+00
    7    4   -.440E-04   -.384E-04
    7    5   -.148E-04   -.108E-04
    7    6   -.900E-05   -.642E-05
    7    7   -.615E-05   -.444E-05
    7    8   -.443E-05   -.325E-05
    8    1    .123E-03    .187E-03
    8    2    .459E-04    .638E-04
    8    3   -.113E-02   -.137E-02
    8    4   -.195E+00   -.225E+00
    8    5   -.491E-03   -.484E-03
    8    6   -.179E-03   -.170E-03
    8    7   -.964E-04   -.907E-04
    8    8   -.602E-04   -.565E-04
    9    1    .200E-03    .156E-03
    9    2    .782E-02    .678E-02
    9    3   -.515E-02    .000E+00
    9    4   -.443E+00   -.423E+00
    9    5   -.935E-01   -.862E-01
    9    6   -.449E-01   -.420E-01
    9    7   -.248E-01   -.234E-01
    9    8   -.154E-01   -.147E-01
   10    1    .113E+00    .110E+00
   10    2    .447E+00    .436E+00
   10    3    .123E+00    .000E+00
   10    4   -.828E-01   -.732E-01
   10    5   -.157E-01   -.130E-01
   10    6   -.613E-02   -.507E-02
   10    7   -.310E-02   -.261E-02
   10    8   -.182E-02   -.157E-02
   11    1    .105E-03    .146E-03
   11    2    .234E-04    .132E-04
   11    3    .956E-03    .116E-02
   11    4   -.325E-02   -.338E-02
   11    5   -.221E+00   -.252E+00
   11    6   -.101E-04   -.157E-04
   11    7   -.270E-06   -.517E-07
   11    8   -.103E-05   -.780E-06
   12    1    .418E-04    .639E-04
   12    2    .533E-06    .202E-05
   12    3    .229E-03    .271E-03
   12    4   -.714E-03   -.793E-03
   12    5   -.195E-03   -.235E-03
   12    6   -.206E+00   -.235E+00
   12    7   -.175E-03   -.190E-03
   12    8   -.464E-04   -.488E-04
   13    1    .167E-04    .290E-04
   13    2    .891E-05    .120E-04
   13    3    .234E-03    .261E-03
   13    4   -.727E-03   -.835E-03
   13    5   -.549E-05   -.170E-05
   13    6   -.355E-04   -.517E-04
   13    7   -.202E+00   -.231E+00
   13    8   -.255E-03   -.274E-03
   14    1    .774E-04    .569E-04
   14    2    .145E-02    .131E-02
   14    3    .204E-01    .202E-01
   14    4   -.141E-01    .000E+00
   14    5   -.414E+00   -.406E+00
   14    6   -.109E+00   -.107E+00
   14    7   -.500E-01   -.492E-01
   14    8   -.452E-02   -.353E-02
   15    1    .212E-04    .131E-04
   15    2    .102E-03    .116E-03
   15    3    .115E-03    .129E-03
   15    4    .106E-02    .000E+00
   15    5   -.163E-01   -.161E-01
   15    6   -.464E-02   -.464E-02
   15    7   -.287E-02   -.294E-02
   15    8   -.224E+00   -.254E+00
  1  2  0    1  3  1       165
    1    1   -.467E+01   -.464E+01
    1    2   -.109E-01   -.107E-01
    1    3   -.100E+01   -.992E+00
    1    4   -.374E-01   -.368E-01
    1    5   -.309E-03   -.295E-03
    1    6   -.174E-03   -.170E-03
    1    7   -.394E+00   -.390E+00
    1    8   -.146E-01   -.144E-01
    1    9   -.608E-03   -.587E-03
    1   10   -.816E-06   -.129E-05
    1   11   -.154E-01   -.153E-01
    2    1   -.771E-01   -.957E-01
    2    2   -.506E+01   -.503E+01
    2    3   -.289E-04   -.410E-04
    2    4   -.803E+00   -.797E+00
    2    5   -.271E+00   -.269E+00
    2    6   -.524E-04   -.608E-04
    2    7   -.209E-02   -.201E-02
    2    8   -.137E+00   -.136E+00
    2    9   -.739E-01   -.731E-01
    2   10   -.449E-01   -.444E-01
    2   11   -.214E-01   -.212E-01
    3    1   -.440E+00   -.469E+00
    3    2   -.111E+00   -.110E+00
    3    3   -.201E+01   -.200E+01
    3    4   -.114E-01   -.116E-01
    3    5   -.350E-02   -.334E-02
    3    6   -.943E-03   -.935E-03
    3    7   -.492E+00   -.488E+00
    3    8   -.657E-02   -.666E-02
    3    9   -.135E-03   -.119E-03
    3   10   -.893E-03   -.854E-03
    3   11   -.217E-01   -.214E-01
    4    1    .951E-02    .932E-02
    4    2   -.913E-01    .000E+00
    4    3   -.743E-03   -.401E-02
    4    4   -.446E+01   -.450E+01
    4    5   -.956E+00   -.973E+00
    4    6   -.318E-04   -.280E-04
    4    7   -.210E-02   -.201E-02
    4    8   -.371E+00   -.378E+00
    4    9   -.191E+00   -.193E+00
    4   10   -.111E+00   -.112E+00
    4   11   -.600E-01   -.599E-01
    5    1    .159E+00    .159E+00
    5    2    .270E-01    .268E-01
    5    3   -.658E+00    .000E+00
    5    4   -.142E+00   -.142E+00
    5    5   -.182E-01   -.183E-01
    5    6   -.911E-01   -.913E-01
    5    7   -.189E+01   -.190E+01
    5    8   -.288E-01   -.289E-01
    5    9   -.415E-04   -.410E-04
    5   10   -.146E-02   -.148E-02
    5   11   -.534E-01   -.548E-01
    6    1    .344E-02    .249E-02
    6    2    .184E+00    .211E+00
    6    3   -.333E-05    .000E+00
    6    4   -.183E-02   -.206E-02
    6    5   -.399E-04   -.283E-04
    6    6   -.672E+01   -.670E+01
    6    7   -.451E-01   -.448E-01
    6    8   -.163E-02   -.158E-02
    6    9   -.215E-03   -.204E-03
    6   10   -.132E-03   -.126E-03
    6   11   -.831E-03   -.816E-03
    7    1    .323E-03    .305E-03
    7    2    .743E-01    .703E-01
    7    3    .858E-01    .808E-01
    7    4   -.250E+00    .000E+00
    7    5   -.397E+01   -.378E+01
    7    6   -.879E-03   -.892E-03
    7    7   -.808E-01   -.103E+00
    7    8   -.109E+01   -.105E+01
    7    9   -.425E+00   -.414E+00
    7   10   -.222E+00   -.220E+00
    7   11   -.122E+00   -.123E+00
    8    1    .374E-03    .371E-03
    8    2    .134E-01    .132E-01
    8    3    .221E-02    .210E-02
    8    4    .207E+00    .210E+00
    8    5   -.251E+00    .000E+00
    8    6   -.109E-03   -.122E-03
    8    7   -.335E+00   -.336E+00
    8    8   -.364E+01   -.361E+01
    8    9   -.959E+00   -.952E+00
    8   10   -.391E+00   -.387E+00
    8   11   -.842E-01   -.782E-01
    9    1    .304E-01    .305E-01
    9    2    .864E-03    .777E-03
    9    3    .327E+00    .310E+00
    9    4    .513E-01    .511E-01
    9    5    .447E-01    .420E-01
    9    6   -.109E-01    .000E+00
    9    7   -.891E+00    .000E+00
    9    8   -.215E+00   -.210E+00
    9    9   -.120E-01   -.112E-01
    9   10   -.125E-01   -.118E-01
    9   11   -.207E+00   -.195E+00
   10    1    .200E-03    .887E-04
   10    2    .124E-07    .206E-10
   10    3    .475E-03    .837E-03
   10    4    .188E+00    .215E+00
   10    5    .560E-03    .572E-03
   10    6    .560E-01    .000E+00
   10    7    .209E-03    .000E+00
   10    8   -.663E-03    .000E+00
   10    9   -.175E-05   -.106E-05
   10   10   -.341E-04   -.323E-04
   10   11   -.351E-02   -.349E-02
   11    1    .281E-05    .268E-05
   11    2    .452E-02    .471E-02
   11    3    .158E-03    .130E-03
   11    4    .342E-01    .337E-01
   11    5    .319E+00    .311E+00
   11    6    .878E-04    .000E+00
   11    7    .173E+00    .000E+00
   11    8   -.450E+00    .000E+00
   11    9   -.394E+01   -.395E+01
   11   10   -.103E+01   -.103E+01
   11   11   -.452E+00   -.450E+00
   12    1    .443E-04    .443E-04
   12    2    .226E-02    .242E-02
   12    3    .367E-04    .471E-04
   12    4    .136E-01    .130E-01
   12    5    .634E-01    .584E-01
   12    6    .126E-04    .145E-04
   12    7    .247E-02    .255E-02
   12    8    .527E+00    .513E+00
   12    9   -.413E+00    .000E+00
   12   10   -.402E+01   -.403E+01
   12   11   -.102E+01   -.102E+01
   13    1    .556E-04    .559E-04
   13    2    .131E-02    .143E-02
   13    3    .973E-04    .111E-03
   13    4    .691E-02    .651E-02
   13    5    .236E-01    .207E-01
   13    6    .524E-05    .605E-05
   13    7    .174E-02    .179E-02
   13    8    .108E+00    .103E+00
   13    9    .684E+00    .674E+00
   13   10   -.423E+00    .000E+00
   13   11   -.413E+01   -.413E+01
   14    1    .112E-01    .113E-01
   14    2    .432E-03    .403E-03
   14    3    .631E-01    .613E-01
   14    4    .530E-02    .496E-02
   14    5    .119E-01    .122E-01
   14    6    .322E-02    .310E-02
   14    7    .539E+00    .542E+00
   14    8    .535E-01    .523E-01
   14    9    .389E-01    .380E-01
   14   10    .146E+00    .143E+00
   14   11   -.345E-01    .000E+00
   15    1    .313E-03    .309E-03
   15    2    .613E-03    .698E-03
   15    3    .235E-02    .219E-02
   15    4    .233E-02    .216E-02
   15    5    .415E-02    .291E-02
   15    6    .441E-03    .421E-03
   15    7    .184E-01    .184E-01
   15    8    .243E-01    .223E-01
   15    9    .115E+00    .113E+00
   15   10    .743E+00    .741E+00
   15   11    .285E+00    .000E+00
  1  2  1    1  3  0        56
    1    1   -.433E+01   -.430E+01
    1    2   -.726E+00   -.720E+00
    1    3   -.258E+00   -.255E+00
    1    4   -.124E+00   -.123E+00
    1    5   -.709E-01   -.702E-01
    1    6   -.447E-01   -.443E-01
    1    7   -.303E-01   -.299E-01
    2    1   -.205E+00    .000E+00
    2    2   -.364E+01   -.366E+01
    2    3   -.818E+00   -.830E+00
    2    4   -.327E+00   -.331E+00
    2    5   -.168E+00   -.169E+00
    2    6   -.996E-01   -.998E-01
    2    7   -.646E-01   -.645E-01
    3    1    .775E-01    .727E-01
    3    2   -.348E+00    .000E+00
    3    3   -.338E+01   -.323E+01
    3    4   -.843E+00   -.807E+00
    3    5   -.356E+00   -.346E+00
    3    6   -.189E+00   -.188E+00
    3    7   -.115E+00   -.116E+00
    4    1    .134E-01    .131E-01
    4    2    .195E+00    .197E+00
    4    3   -.475E+00    .000E+00
    4    4   -.329E+01   -.327E+01
    4    5   -.857E+00   -.854E+00
    4    6   -.372E+00   -.372E+00
    4    7   -.202E+00   -.202E+00
    5    1    .475E-02    .485E-02
    5    2    .361E-01    .352E-01
    5    3    .339E+00    .328E+00
    5    4   -.590E+00    .000E+00
    5    5   -.328E+01   -.329E+01
    5    6   -.874E+00   -.874E+00
    5    7   -.385E+00   -.385E+00
    6    1    .228E-02    .240E-02
    6    2    .132E-01    .125E-01
    6    3    .652E-01    .599E-01
    6    4    .501E+00    .486E+00
    6    5   -.699E+00    .000E+00
    6    6   -.332E+01   -.332E+01
    6    7   -.893E+00   -.892E+00
    7    1    .130E-02    .139E-02
    7    2    .648E-02    .602E-02
    7    3    .243E-01    .214E-01
    7    4    .988E-01    .939E-01
    7    5    .674E+00    .665E+00
    7    6   -.804E+00    .000E+00
    7    7   -.339E+01   -.338E+01
    8    1    .819E-03    .882E-03
    8    2    .372E-02    .341E-02
    8    3    .121E-01    .103E-01
    8    4    .374E-01    .349E-01
    8    5    .136E+00    .133E+00
    8    6    .857E+00    .854E+00
    8    7   -.908E+00    .000E+00
  1  3  0    1  3  1        77
    1    1    .692E+00    .686E+00
    1    2    .217E+00    .253E+00
    1    3   -.217E-01    .000E+00
    1    4   -.324E-02   -.305E-02
    1    5   -.438E-03   -.423E-03
    1    6   -.597E+00   -.587E+00
    1    7   -.638E-02   -.669E-02
    1    8   -.681E-06   -.193E-05
    1    9   -.255E-04   -.236E-04
    1   10   -.156E-04   -.154E-04
    1   11   -.851E-05   -.424E-05
    2    1    .979E-01    .962E-01
    2    2    .576E-03    .587E-03
    2    3    .674E+00    .668E+00
    2    4    .148E+00    .180E+00
    2    5    .203E-02    .184E-02
    2    6   -.122E-01    .000E+00
    2    7   -.385E-01    .000E+00
    2    8   -.415E-02    .000E+00
    2    9   -.423E-03   -.375E-03
    2   10   -.173E-03   -.145E-03
    2   11   -.526E-04   -.138E-04
    3    1    .327E-01    .320E-01
    3    2    .134E-03    .135E-03
    3    3    .117E+00    .116E+00
    3    4    .472E-02    .473E-02
    3    5    .296E+00    .338E+00
    3    6    .365E-02    .351E-02
    3    7    .477E+00    .471E+00
    3    8    .159E-01    .156E-01
    3    9    .172E-02    .167E-02
    3   10    .143E-02    .140E-02
    3   11    .182E-02    .000E+00
    4    1    .153E-01    .149E-01
    4    2    .534E-04    .532E-04
    4    3    .439E-01    .437E-01
    4    4    .158E-02    .159E-02
    4    5    .553E-05    .799E-05
    4    6    .464E-03    .384E-03
    4    7    .179E+00    .182E+00
    4    8    .223E+00    .260E+00
    4    9    .181E-05    .396E-05
    4   10    .316E-03    .319E-03
    4   11    .377E-01    .368E-01
    5    1    .857E-02    .834E-02
    5    2    .272E-04    .269E-04
    5    3    .220E-01    .218E-01
    5    4    .760E-03    .761E-03
    5    5    .557E-07    .666E-11
    5    6    .149E-03    .112E-03
    5    7    .528E-01    .524E-01
    5    8    .221E-02    .225E-02
    5    9    .285E+00    .326E+00
    5   10    .277E-03    .287E-03
    5   11    .950E-02    .913E-02
    6    1    .535E-02    .519E-02
    6    2    .159E-04    .157E-04
    6    3    .128E-01    .127E-01
    6    4    .434E-03    .434E-03
    6    5    .414E-06    .235E-06
    6    6    .640E-04    .450E-04
    6    7    .266E-01    .263E-01
    6    8    .946E-03    .952E-03
    6    9    .101E-03    .113E-03
    6   10    .295E+00    .337E+00
    6   11    .399E-02    .380E-02
    7    1    .359E-02    .348E-02
    7    2    .102E-04    .101E-04
    7    3    .821E-02    .816E-02
    7    4    .275E-03    .274E-03
    7    5    .479E-06    .330E-06
    7    6    .333E-04    .224E-04
    7    7    .158E-01    .155E-01
    7    8    .527E-03    .527E-03
    7    9    .270E-04    .299E-04
    7   10    .419E-05    .708E-05
    7   11    .313E+00    .352E+00
  1  3  1    1  4  0        88
    1    1   -.606E+01   -.602E+01
    1    2   -.673E-01   -.662E-01
    1    3   -.658E-02   -.667E-02
    1    4   -.813E+00   -.805E+00
    1    5   -.804E-02   -.780E-02
    1    6   -.483E-03   -.512E-03
    1    7   -.187E-02   -.191E-02
    1    8   -.459E-01   -.455E-01
    2    1   -.328E-01   -.484E-01
    2    2   -.990E+01   -.997E+01
    2    3   -.132E+01   -.133E+01
    2    4   -.649E-03   -.667E-03
    2    5   -.418E+00   -.419E+00
    2    6   -.190E+00   -.189E+00
    2    7   -.103E+00   -.102E+00
    2    8   -.484E-01   -.478E-01
    3    1    .166E+00    .000E+00
    3    2   -.630E-02   -.618E-02
    3    3   -.288E+00   -.285E+00
    3    4   -.522E+01   -.522E+01
    3    5   -.735E-02   -.716E-02
    3    6   -.162E-01   -.168E-01
    3    7   -.208E-01   -.216E-01
    3    8   -.223E+00   -.228E+00
    4    1    .222E-02    .217E-02
    4    2    .334E-02    .000E+00
    4    3   -.788E+01   -.771E+01
    4    4   -.813E+00   -.882E+00
    4    5   -.192E+01   -.194E+01
    4    6   -.608E+00   -.625E+00
    4    7   -.283E+00   -.297E+00
    4    8   -.896E-01   -.968E-01
    5    1    .144E-02    .130E-02
    5    2    .648E-01    .634E-01
    5    3    .389E-01    .000E+00
    5    4   -.211E+00   -.209E+00
    5    5   -.753E+01   -.753E+01
    5    6   -.170E+01   -.169E+01
    5    7   -.642E+00   -.635E+00
    5    8   -.102E+00   -.907E-01
    6    1    .232E-04    .147E-04
    6    2    .282E+00    .321E+00
    6    3    .482E-05    .678E-05
    6    4    .219E-03    .000E+00
    6    5   -.247E-04    .000E+00
    6    6   -.727E-04   -.680E-04
    6    7   -.132E-04   -.114E-04
    6    8   -.390E-03   -.426E-03
    7    1    .642E-01    .610E-01
    7    2    .303E-03    .320E-03
    7    3    .730E-02    .687E-02
    7    4    .250E+00    .000E+00
    7    5   -.669E-01    .000E+00
    7    6   -.142E+00   -.140E+00
    7    7   -.109E+00   -.107E+00
    7    8   -.112E+01   -.107E+01
    8    1    .472E-03    .504E-03
    8    2    .112E-01    .986E-02
    8    3    .165E+00    .153E+00
    8    4    .232E-01    .000E+00
    8    5    .344E-01    .000E+00
    8    6   -.739E+01   -.734E+01
    8    7   -.166E+01   -.164E+01
    8    8   -.356E+00   -.350E+00
    9    1    .578E-04    .400E-04
    9    2    .346E-02    .280E-02
    9    3    .296E-01    .257E-01
    9    4    .156E-02    .164E-02
    9    5    .318E+00    .318E+00
    9    6    .431E-01    .000E+00
    9    7   -.747E+01   -.739E+01
    9    8   -.146E+01   -.144E+01
   10    1    .124E-03    .101E-03
   10    2    .152E-02    .116E-02
   10    3    .989E-02    .809E-02
   10    4    .189E-02    .199E-02
   10    5    .558E-01    .557E-01
   10    6    .487E+00    .501E+00
   10    7    .472E-01    .000E+00
   10    8   -.670E+01   -.662E+01
   11    1    .151E-02    .145E-02
   11    2    .499E-03    .341E-03
   11    3    .193E-02    .124E-02
   11    4    .223E-01    .230E-01
   11    5    .129E-01    .128E-01
   11    6    .850E-01    .884E-01
   11    7    .666E+00    .687E+00
   11    8    .201E+00    .000E+00
  3  0  0    3  1  1       204
    1    1    .305E+00    .311E+00
    1    2   -.888E+00   -.932E+00
    1    3   -.357E+00   -.406E+00
    1    4   -.120E-01   -.128E-01
    1    5   -.834E+00   -.830E+00
    1    6   -.439E-03   -.469E-03
    1    7   -.417E-01   -.408E-01
    1    8   -.225E+00   -.224E+00
    1    9   -.116E+00   -.115E+00
    1   10   -.179E-03   -.188E-03
    1   11   -.156E-01   -.153E-01
    1   12   -.523E-01   -.518E-01
    1   13   -.381E-01   -.377E-01
    1   14   -.264E-01   -.261E-01
    1   15   -.158E-03   -.165E-03
    1   16   -.214E-01   -.212E-01
    1   17   -.553E-04   -.509E-04
    2    1    .241E+00    .237E+00
    2    2    .192E+00    .213E+00
    2    3    .292E+00    .307E+00
    2    4   -.447E+00   -.442E+00
    2    5   -.184E-01   -.195E-01
    2    6   -.993E-01   -.103E+00
    2    7   -.142E+01   -.143E+01
    2    8   -.589E-01   -.603E-01
    2    9   -.393E-03   -.433E-03
    2   10   -.247E-01   -.256E-01
    2   11   -.361E+00   -.364E+00
    2   12   -.236E-01   -.241E-01
    2   13   -.132E-02   -.137E-02
    2   14   -.304E-04   -.349E-04
    2   15   -.108E-01   -.113E-01
    2   16   -.176E-01   -.176E-01
    2   17   -.145E+00   -.146E+00
    3    1    .470E-01    .501E-01
    3    2    .513E+00    .533E+00
    3    3    .364E-02    .413E-02
    3    4    .511E-02    .528E-02
    3    5   -.130E+01   -.142E+01
    3    6   -.363E+00   -.407E+00
    3    7   -.226E-01   -.225E-01
    3    8   -.860E+00   -.844E+00
    3    9   -.275E+00   -.277E+00
    3   10   -.149E-04   -.381E-05
    3   11   -.780E-02   -.766E-02
    3   12   -.118E+00   -.119E+00
    3   13   -.706E-01   -.715E-01
    3   14   -.446E-01   -.450E-01
    3   15   -.148E-04   -.634E-05
    3   16   -.283E-01   -.283E-01
    3   17   -.167E-02   -.177E-02
    4    1    .842E-01    .839E-01
    4    2    .156E-01    .155E-01
    4    3    .242E+00    .246E+00
    4    4    .173E+00    .182E+00
    4    5    .343E+00    .371E+00
    4    6    .331E+00    .281E+00
    4    7   -.674E+00    .000E+00
    4    8   -.821E-01   -.837E-01
    4    9   -.313E-01   -.280E-01
    4   10   -.273E+00   -.276E+00
    4   11   -.133E+01   -.132E+01
    4   12   -.271E-01   -.295E-01
    4   13   -.668E-03   -.419E-03
    4   14   -.348E-02   -.306E-02
    4   15   -.451E-01   -.465E-01
    4   16   -.622E-01   -.618E-01
    4   17   -.315E+00   -.322E+00
    5    1    .640E-02    .718E-02
    5    2    .923E-01    .974E-01
    5    3    .598E-02    .578E-02
    5    4    .977E-02    .104E-01
    5    5    .699E+00    .680E+00
    5    6    .183E-01    .188E-01
    5    7    .630E-02    .451E-02
    5    8   -.155E+01    .000E+00
    5    9   -.101E+01   -.922E+00
    5   10   -.231E+00   -.270E+00
    5   11   -.197E-01   -.211E-01
    5   12   -.316E+00   -.277E+00
    5   13   -.137E+00   -.119E+00
    5   14   -.734E-01   -.638E-01
    5   15   -.170E-02   -.183E-02
    5   16   -.256E-01   -.217E-01
    5   17   -.355E-01   -.339E-01
    6    1    .109E-01    .116E-01
    6    2    .418E-01    .440E-01
    6    3    .467E-03    .534E-03
    6    4    .136E-04    .160E-04
    6    5    .173E+00    .174E+00
    6    6    .948E-02    .993E-02
    6    7    .343E-01    .351E-01
    6    8    .125E+01    .127E+01
    6    9   -.207E+01    .000E+00
    6   10   -.167E-02   -.124E-02
    6   11   -.394E-01   -.370E-01
    6   12   -.102E+01   -.990E+00
    6   13   -.338E+00   -.326E+00
    6   14   -.176E+00   -.170E+00
    6   15   -.386E+00   -.435E+00
    6   16   -.793E-01   -.753E-01
    6   17   -.880E-04   -.488E-04
    7    1    .346E-01    .343E-01
    7    2    .373E-02    .369E-02
    7    3    .696E-01    .705E-01
    7    4    .319E-01    .343E-01
    7    5    .559E-02    .591E-02
    7    6    .270E+00    .268E+00
    7    7    .381E+00    .373E+00
    7    8    .104E+00    .122E+00
    7    9    .174E+00    .173E+00
    7   10    .421E+00    .000E+00
    7   11   -.910E+00    .000E+00
    7   12   -.188E+00   -.183E+00
    7   13   -.733E-02   -.743E-02
    7   14   -.176E-01   -.170E-01
    7   15   -.196E+00   -.170E+00
    7   16   -.225E+00   -.213E+00
    7   17   -.109E+01   -.102E+01
    8    1    .987E-03    .117E-02
    8    2    .177E-01    .187E-01
    8    3    .295E-02    .287E-02
    8    4    .241E-02    .260E-02
    8    5    .615E-01    .633E-01
    8    6    .646E-02    .611E-02
    8    7    .349E-02    .316E-02
    8    8    .181E+00    .179E+00
    8    9    .143E+01    .144E+01
    8   10    .906E-02    .930E-02
    8   11    .484E-01    .000E+00
    8   12   -.213E+01    .000E+00
    8   13   -.120E+01   -.119E+01
    8   14   -.332E+00   -.331E+00
    8   15   -.177E-01   -.165E-01
    8   16   -.682E-01   -.692E-01
    8   17   -.185E+00   -.179E+00
    9    1    .294E-02    .317E-02
    9    2    .122E-01    .129E-01
    9    3    .438E-05    .162E-05
    9    4    .114E-03    .124E-03
    9    5    .353E-01    .369E-01
    9    6    .110E-03    .141E-03
    9    7    .115E-02    .123E-02
    9    8    .891E-01    .899E-01
    9    9    .344E+00    .341E+00
    9   10    .515E-02    .541E-02
    9   11    .425E-01    .425E-01
    9   12    .187E+01    .185E+01
    9   13   -.273E+01    .000E+00
    9   14   -.127E+01   -.128E+01
    9   15   -.753E-03   -.805E-03
    9   16   -.299E+00   -.301E+00
    9   17   -.824E-01   -.825E-01
   10    1    .306E-02    .325E-02
   10    2    .824E-02    .869E-02
   10    3    .179E-03    .199E-03
   10    4    .157E-05    .157E-05
   10    5    .215E-01    .227E-01
   10    6    .102E-02    .109E-02
   10    7    .234E-02    .241E-02
   10    8    .461E-01    .467E-01
   10    9    .157E+00    .155E+00
   10   10    .725E-02    .751E-02
   10   11    .302E-01    .301E-01
   10   12    .368E+00    .360E+00
   10   13    .230E+01    .228E+01
   10   14   -.318E+01    .000E+00
   10   15   -.159E-01    .000E+00
   10   16   -.117E+01   -.118E+01
   10   17   -.133E+00   -.135E+00
   11    1    .162E-01    .162E-01
   11    2    .383E-02    .393E-02
   11    3    .217E-01    .219E-01
   11    4    .791E-02    .855E-02
   11    5    .655E-02    .703E-02
   11    6    .563E-01    .566E-01
   11    7    .507E-01    .505E-01
   11    8    .431E-02    .454E-02
   11    9    .216E+00    .232E+00
   11   10    .205E+00    .207E+00
   11   11    .353E+00    .352E+00
   11   12    .918E-02    .838E-02
   11   13    .161E+00    .157E+00
   11   14    .138E+01    .138E+01
   11   15    .430E+00    .000E+00
   11   16   -.291E+01    .000E+00
   11   17   -.134E-02    .000E+00
   12    1    .191E-02    .175E-02
   12    2    .200E-02    .219E-02
   12    3    .109E-01    .109E-01
   12    4    .489E-02    .529E-02
   12    5    .699E-02    .738E-02
   12    6    .249E-01    .247E-01
   12    7    .173E-01    .171E-01
   12    8    .246E-01    .246E-01
   12    9    .249E-03    .109E-02
   12   10    .802E-01    .806E-01
   12   11    .102E+00    .102E+00
   12   12    .163E+00    .160E+00
   12   13    .296E+00    .291E+00
   12   14    .131E+01    .130E+01
   12   15    .914E-01    .000E+00
   12   16    .499E-01    .000E+00
   12   17   -.151E+01    .000E+00
  3  1  0    3  1  1       153
    1    1    .108E+01    .124E+01
    1    2   -.119E-01   -.103E-01
    1    3   -.752E+00   -.775E+00
    1    4   -.257E+01   -.259E+01
    1    5   -.133E-02   -.117E-02
    1    6   -.125E+00   -.129E+00
    1    7   -.528E+00   -.513E+00
    1    8   -.146E-01   -.137E-01
    1    9   -.606E-04   -.438E-04
    1   10   -.442E-01   -.458E-01
    1   11   -.201E+00   -.195E+00
    1   12   -.873E-02   -.821E-02
    1   13   -.322E-03   -.283E-03
    1   14   -.152E-04   -.113E-04
    1   15   -.210E-01   -.218E-01
    1   16   -.151E-01   -.147E-01
    1   17   -.900E-01   -.865E-01
    2    1    .748E+00    .724E+00
    2    2    .425E+00    .489E+00
    2    3    .115E+01    .123E+01
    2    4   -.147E+00   -.140E+00
    2    5   -.235E-02   -.362E-02
    2    6   -.804E+00   -.819E+00
    2    7   -.105E+01   -.103E+01
    2    8   -.153E-01   -.133E-01
    2    9   -.157E-04   -.634E-04
    2   10   -.152E+00   -.156E+00
    2   11   -.265E+00   -.258E+00
    2   12   -.802E-02   -.718E-02
    2   13   -.111E-03   -.612E-04
    2   14   -.283E-07   -.277E-05
    2   15   -.573E-01   -.589E-01
    2   16   -.189E-01   -.188E-01
    2   17   -.960E-01   -.923E-01
    3    1    .220E+00    .212E+00
    3    2    .517E-04    .119E-05
    3    3    .815E+00    .807E+00
    3    4    .228E-01    .208E-01
    3    5    .389E+00    .433E+00
    3    6    .155E+01    .151E+01
    3    7   -.239E+00    .000E+00
    3    8   -.114E-01   -.131E-01
    3    9   -.149E-02   -.182E-02
    3   10   -.115E+01   -.115E+01
    3   11   -.968E+00   -.976E+00
    3   12   -.201E-01   -.196E-01
    3   13   -.635E-04   -.378E-04
    3   14   -.682E-05   -.156E-04
    3   15   -.227E+00   -.238E+00
    3   16   -.490E-01   -.508E-01
    3   17   -.224E+00   -.229E+00
    4    1    .962E-01    .924E-01
    4    2    .369E-05    .104E-04
    4    3    .247E+00    .244E+00
    4    4    .393E-02    .348E-02
    4    5    .154E-05    .135E-05
    4    6    .877E+00    .844E+00
    4    7    .142E+00    .136E+00
    4    8    .338E+00    .385E+00
    4    9    .956E-04    .153E-04
    4   10    .194E+01    .000E+00
    4   11   -.326E+00    .000E+00
    4   12   -.197E-01   -.212E-01
    4   13   -.135E-02   -.156E-02
    4   14   -.303E-03   -.399E-03
    4   15   -.150E+01   -.139E+01
    4   16   -.199E+00   -.190E+00
    4   17   -.783E+00   -.743E+00
    5    1    .511E-01    .487E-01
    5    2    .348E-06    .184E-04
    5    3    .112E+00    .110E+00
    5    4    .148E-02    .129E-02
    5    5    .338E-05    .120E-04
    5    6    .271E+00    .265E+00
    5    7    .192E-01    .180E-01
    5    8    .165E-05    .462E-05
    5    9    .353E+00    .401E+00
    5   10    .104E+01    .104E+01
    5   11    .139E+00    .134E+00
    5   12    .273E-02    .290E-02
    5   13    .340E-04    .718E-04
    5   14    .768E-03    .562E-03
    5   15    .232E+01    .000E+00
    5   16   -.377E-01    .000E+00
    5   17   -.396E+00    .000E+00
    6    1    .306E-01    .291E-01
    6    2    .266E-05    .199E-04
    6    3    .617E-01    .607E-01
    6    4    .749E-03    .649E-03
    6    5    .309E-05    .883E-05
    6    6    .125E+00    .124E+00
    6    7    .694E-02    .665E-02
    6    8    .283E-05    .667E-05
    6    9    .794E-06    .540E-07
    6   10    .280E+00    .278E+00
    6   11    .896E-01    .924E-01
    6   12    .335E+00    .383E+00
    6   13    .161E-03    .210E-03
    6   14    .539E-03    .616E-03
    6   15    .110E+01    .109E+01
    6   16    .557E-01    .542E-01
    6   17    .205E+00    .201E+00
    7    1    .198E-01    .189E-01
    7    2    .411E-05    .183E-04
    7    3    .381E-01    .374E-01
    7    4    .445E-03    .383E-03
    7    5    .209E-05    .581E-05
    7    6    .701E-01    .700E-01
    7    7    .342E-02    .334E-02
    7    8    .189E-05    .473E-05
    7    9    .507E-05    .869E-05
    7   10    .135E+00    .134E+00
    7   11    .184E-01    .180E-01
    7   12    .509E-04    .530E-04
    7   13    .367E+00    .419E+00
    7   14    .520E-03    .591E-03
    7   15    .339E+00    .332E+00
    7   16    .107E-01    .986E-02
    7   17    .371E-01    .347E-01
    8    1    .136E-01    .130E-01
    8    2    .452E-05    .158E-04
    8    3    .253E-01    .249E-01
    8    4    .290E-03    .249E-03
    8    5    .139E-05    .390E-05
    8    6    .439E-01    .441E-01
    8    7    .198E-02    .195E-02
    8    8    .123E-05    .324E-05
    8    9    .656E-05    .101E-04
    8   10    .768E-01    .760E-01
    8   11    .858E-02    .830E-02
    8   12    .314E-04    .332E-04
    8   13    .465E-04    .465E-04
    8   14    .359E+00    .410E+00
    8   15    .173E+00    .169E+00
    8   16    .261E-02    .216E-02
    8   17    .106E-01    .923E-02
    9    1    .977E-02    .931E-02
    9    2    .438E-05    .133E-04
    9    3    .178E-01    .175E-01
    9    4    .201E-03    .173E-03
    9    5    .945E-06    .271E-05
    9    6    .296E-01    .298E-01
    9    7    .127E-02    .126E-02
    9    8    .822E-06    .227E-05
    9    9    .583E-05    .867E-05
    9   10    .487E-01    .482E-01
    9   11    .489E-02    .469E-02
    9   12    .189E-04    .201E-04
    9   13    .780E-05    .680E-05
    9   14    .124E-04    .145E-04
    9   15    .714E-01    .669E-01
    9   16    .376E+00    .421E+00
    9   17    .212E-01    .278E-01
  3  1  0    3  2  1        72
    1    1   -.827E+01   -.827E+01
    1    2   -.170E+01   -.168E+01
    1    3   -.655E+00   -.645E+00
    1    4   -.326E+00   -.321E+00
    1    5   -.189E+00   -.185E+00
    1    6   -.120E+00   -.118E+00
    1    7   -.810E-01   -.796E-01
    1    8   -.575E-01   -.565E-01
    2    1   -.470E+00   -.483E+00
    2    2   -.354E+01   -.351E+01
    2    3   -.866E+00   -.855E+00
    2    4   -.357E+00   -.351E+00
    2    5   -.186E+00   -.183E+00
    2    6   -.111E+00   -.109E+00
    2    7   -.718E-01   -.706E-01
    2    8   -.495E-01   -.487E-01
    3    1    .207E+00    .203E+00
    3    2   -.863E+00    .000E+00
    3    3   -.336E+01   -.338E+01
    3    4   -.899E+00   -.924E+00
    3    5   -.392E+00   -.405E+00
    3    6   -.212E+00   -.219E+00
    3    7   -.130E+00   -.134E+00
    3    8   -.865E-01   -.886E-01
    4    1    .412E-01    .405E-01
    4    2    .486E+00    .458E+00
    4    3   -.120E+01    .000E+00
    4    4   -.335E+01   -.316E+01
    4    5   -.926E+00   -.859E+00
    4    6   -.413E+00   -.384E+00
    4    7   -.228E+00   -.214E+00
    4    8   -.142E+00   -.135E+00
    5    1    .159E-01    .156E-01
    5    2    .970E-01    .934E-01
    5    3    .811E+00    .811E+00
    5    4   -.152E+01    .000E+00
    5    5   -.342E+01   -.336E+01
    5    6   -.959E+00   -.940E+00
    5    7   -.433E+00   -.425E+00
    5    8   -.241E+00   -.237E+00
    6    1    .807E-02    .792E-02
    6    2    .374E-01    .371E-01
    6    3    .165E+00    .164E+00
    6    4    .117E+01    .116E+01
    6    5   -.183E+01    .000E+00
    6    6   -.355E+01   -.355E+01
    6    7   -.997E+00   -.999E+00
    6    8   -.452E+00   -.453E+00
    7    1    .475E-02    .465E-02
    7    2    .190E-01    .192E-01
    7    3    .646E-01    .637E-01
    7    4    .241E+00    .233E+00
    7    5    .154E+01    .151E+01
    7    6   -.213E+01    .000E+00
    7    7   -.370E+01   -.372E+01
    7    8   -.104E+01   -.105E+01
    8    1    .307E-02    .300E-02
    8    2    .112E-01    .114E-01
    8    3    .330E-01    .324E-01
    8    4    .947E-01    .893E-01
    8    5    .321E+00    .309E+00
    8    6    .192E+01    .189E+01
    8    7   -.243E+01    .000E+00
    8    8   -.387E+01   -.389E+01
    9    1    .211E-02    .206E-02
    9    2    .722E-02    .743E-02
    9    3    .196E-01    .192E-01
    9    4    .487E-01    .450E-01
    9    5    .127E+00    .120E+00
    9    6    .404E+00    .392E+00
    9    7    .232E+01    .229E+01
    9    8   -.272E+01    .000E+00
  3  1  1    3  2  0       238
    1    1   -.635E+01   -.633E+01
    1    2   -.723E+00   -.701E+00
    1    3   -.119E+01   -.118E+01
    1    4   -.300E+00   -.295E+00
    1    5   -.140E-02   -.133E-02
    1    6   -.427E+00   -.423E+00
    1    7   -.231E+00   -.229E+00
    1    8   -.132E+00   -.129E+00
    1    9   -.894E-03   -.847E-03
    1   10   -.117E+00   -.116E+00
    1   11   -.804E-01   -.796E-01
    1   12   -.573E-01   -.567E-01
    1   13   -.754E-01   -.736E-01
    1   14   -.306E-01   -.304E-01
    2    1   -.592E+00   -.596E+00
    2    2   -.704E+00   -.785E+00
    2    3   -.457E+01   -.456E+01
    2    4   -.117E-02   -.120E-02
    2    5   -.718E-01   -.729E-01
    2    6   -.113E+01   -.112E+01
    2    7   -.483E+00   -.480E+00
    2    8   -.508E-03   -.524E-03
    2    9   -.233E-01   -.238E-01
    2   10   -.243E+00   -.241E+00
    2   11   -.151E+00   -.150E+00
    2   12   -.996E-01   -.989E-01
    2   13   -.903E-03   -.922E-03
    2   14   -.707E-01   -.703E-01
    3    1    .247E-01    .246E-01
    3    2   -.114E+01   -.121E+01
    3    3   -.155E-02   -.172E-02
    3    4   -.156E+01   -.156E+01
    3    5   -.124E+00   -.125E+00
    3    6   -.305E-02   -.313E-02
    3    7   -.996E-04   -.105E-03
    3    8   -.434E+00   -.433E+00
    3    9   -.327E-01   -.334E-01
    3   10   -.113E-02   -.113E-02
    3   11   -.288E-03   -.289E-03
    3   12   -.268E-04   -.277E-04
    3   13   -.190E+00   -.189E+00
    3   14   -.321E-02   -.322E-02
    4    1    .537E+00    .590E+00
    4    2    .149E+00    .147E+00
    4    3   -.929E-01   -.891E-01
    4    4   -.154E+00   -.157E+00
    4    5   -.878E+01   -.866E+01
    4    6   -.476E-01   -.457E-01
    4    7   -.230E-02   -.205E-02
    4    8   -.342E-01   -.347E-01
    4    9   -.142E+01   -.139E+01
    4   10   -.187E-01   -.179E-01
    4   11   -.213E-02   -.197E-02
    4   12   -.589E-03   -.525E-03
    4   13   -.141E-01   -.142E-01
    4   14   -.526E-03   -.547E-03
    5    1    .245E+00    .248E+00
    5    2    .444E-04    .226E-04
    5    3   -.119E+01    .000E+00
    5    4   -.678E+00   -.779E+00
    5    5   -.846E-02   -.830E-02
    5    6   -.432E+01   -.432E+01
    5    7   -.118E+01   -.121E+01
    5    8   -.684E-04   -.114E-03
    5    9   -.707E-02   -.729E-02
    5   10   -.512E+00   -.525E+00
    5   11   -.282E+00   -.289E+00
    5   12   -.174E+00   -.177E+00
    5   13   -.550E-03   -.639E-03
    5   14   -.116E+00   -.118E+00
    6    1    .788E-02    .659E-02
    6    2    .696E+00    .724E+00
    6    3    .382E-02    .675E-02
    6    4   -.165E+01    .000E+00
    6    5   -.385E-01   -.408E-01
    6    6   -.271E-02   -.134E-02
    6    7   -.250E-02   -.314E-02
    6    8   -.173E+01   -.172E+01
    6    9   -.625E-01   -.617E-01
    6   10   -.642E-03   -.446E-03
    6   11   -.649E-05   -.334E-04
    6   12   -.290E-03   -.391E-03
    6   13   -.488E+00   -.496E+00
    6   14   -.435E-02   -.413E-02
    7    1    .138E-01    .139E-01
    7    2    .783E-01    .802E-01
    7    3    .677E+00    .732E+00
    7    4    .125E+00    .000E+00
    7    5   -.312E+00    .000E+00
    7    6   -.205E+00   -.200E+00
    7    7   -.481E-01   -.454E-01
    7    8   -.279E+00   -.287E+00
    7    9   -.720E+01   -.719E+01
    7   10   -.101E-01   -.112E-01
    7   11   -.227E-02   -.199E-02
    7   12   -.359E-02   -.339E-02
    7   13   -.464E-01   -.481E-01
    7   14   -.156E-01   -.154E-01
    8    1    .398E-01    .407E-01
    8    2    .313E-02    .335E-02
    8    3    .478E+00    .447E+00
    8    4    .152E-02    .100E-02
    8    5    .717E-02    .709E-02
    8    6   -.148E+01    .000E+00
    8    7   -.446E+01   -.420E+01
    8    8   -.427E+00   -.503E+00
    8    9   -.202E+00   -.206E+00
    8   10   -.122E+01   -.113E+01
    8   11   -.538E+00   -.498E+00
    8   12   -.294E+00   -.275E+00
    8   13   -.116E-02   -.114E-02
    8   14   -.174E+00   -.165E+00
    9    1    .184E-01    .187E-01
    9    2    .265E-03    .259E-03
    9    3    .122E+00    .118E+00
    9    4    .886E-02    .831E-02
    9    5    .585E-02    .571E-02
    9    6    .116E+01    .117E+01
    9    7   -.219E+01    .000E+00
    9    8   -.802E-02   -.846E-02
    9    9   -.301E-02   -.285E-02
    9   10   -.445E+01   -.437E+01
    9   11   -.128E+01   -.126E+01
    9   12   -.604E+00   -.596E+00
    9   13   -.726E+00   -.818E+00
    9   14   -.248E+00   -.239E+00
   10    1    .258E-02    .214E-02
   10    2    .151E+00    .158E+00
   10    3    .668E-03    .361E-03
   10    4    .119E+01    .116E+01
   10    5    .907E-02    .923E-02
   10    6    .920E-02    .113E-01
   10    7    .887E-02    .628E-02
   10    8   -.213E+01    .000E+00
   10    9   -.602E-01   -.643E-01
   10   10   -.197E-01   -.164E-01
   10   11   -.775E-06   -.434E-04
   10   12   -.117E-02   -.136E-02
   10   13   -.177E+01   -.161E+01
   10   14   -.140E-01   -.120E-01
   11    1    .406E-02    .410E-02
   11    2    .192E-01    .196E-01
   11    3    .790E-02    .776E-02
   11    4    .878E-01    .860E-01
   11    5    .157E+00    .148E+00
   11    6    .475E+00    .531E+00
   11    7    .178E+00    .171E+00
   11    8    .153E+00    .000E+00
   11    9   -.590E+00    .000E+00
   11   10   -.453E+00    .000E+00
   11   11   -.309E-01   -.326E-01
   11   12   -.255E-01   -.261E-01
   11   13   -.164E+00   -.149E+00
   11   14   -.763E-01   -.755E-01
   12    1    .647E-02    .666E-02
   12    2    .147E-02    .154E-02
   12    3    .400E-01    .405E-01
   12    4    .406E-02    .415E-02
   12    5    .156E-02    .142E-02
   12    6    .118E+00    .113E+00
   12    7    .145E+01    .145E+01
   12    8    .207E-03    .405E-03
   12    9    .103E-02    .000E+00
   12   10   -.205E+01    .000E+00
   12   11   -.471E+01   -.471E+01
   12   12   -.129E+01   -.129E+01
   12   13   -.113E-01   -.974E-02
   12   14   -.533E+00   -.534E+00
   13    1    .491E-02    .502E-02
   13    2    .691E-05    .824E-05
   13    3    .232E-01    .239E-01
   13    4    .588E-04    .436E-04
   13    5    .178E-03    .180E-03
   13    6    .746E-01    .735E-01
   13    7    .342E+00    .333E+00
   13    8    .387E-02    .364E-02
   13    9    .147E-01    .142E-01
   13   10    .205E+01    .202E+01
   13   11   -.293E+01    .000E+00
   13   12   -.486E+01   -.489E+01
   13   13   -.969E-03   -.116E-02
   13   14   -.134E+01   -.135E+01
   14    1    .345E-02    .352E-02
   14    2    .128E-03    .130E-03
   14    3    .141E-01    .147E-01
   14    4    .996E-03    .937E-03
   14    5    .293E-03    .288E-03
   14    6    .399E-01    .391E-01
   14    7    .151E+00    .145E+00
   14    8    .963E-02    .943E-02
   14    9    .840E-02    .814E-02
   14   10    .427E+00    .413E+00
   14   11    .263E+01    .259E+01
   14   12   -.351E+01    .000E+00
   14   13   -.437E-01   -.442E-01
   14   14   -.488E+01   -.491E+01
   15    1    .130E-02    .109E-02
   15    2    .607E-01    .639E-01
   15    3    .322E-03    .184E-03
   15    4    .253E+00    .253E+00
   15    5    .124E-02    .133E-02
   15    6    .838E-05    .457E-04
   15    7    .127E-03    .372E-03
   15    8    .170E+01    .171E+01
   15    9    .213E-01    .218E-01
   15   10    .218E-02    .277E-02
   15   11    .183E-03    .526E-04
   15   12    .506E-01    .000E+00
   15   13   -.263E+01    .000E+00
   15   14   -.230E-01    .000E+00
   16    1    .296E-02    .303E-02
   16    2    .620E-03    .616E-03
   16    3    .961E-02    .100E-01
   16    4    .191E-02    .182E-02
   16    5    .527E-02    .518E-02
   16    6    .231E-01    .227E-01
   16    7    .238E+00    .245E+00
   16    8    .643E-02    .621E-02
   16    9    .777E-01    .776E-01
   16   10    .142E+00    .135E+00
   16   11    .507E+00    .493E+00
   16   12    .305E+01    .301E+01
   16   13    .135E+00    .000E+00
   16   14   -.485E+01    .000E+00
   17    1    .225E-03    .224E-03
   17    2    .812E-02    .828E-02
   17    3    .281E-04    .468E-04
   17    4    .217E-01    .215E-01
   17    5    .208E-01    .204E-01
   17    6    .106E-02    .106E-02
   17    7    .256E+00    .297E+00
   17    8    .738E-01    .738E-01
   17    9    .268E+00    .271E+00
   17   10    .288E-01    .289E-01
   17   11    .399E-01    .399E-01
   17   12    .157E+00    .157E+00
   17   13    .751E-01    .000E+00
   17   14    .101E+01    .000E+00
  3  2  0    3  2  1       112
    1    1   -.847E+00   -.936E+00
    1    2   -.551E-02   -.503E-02
    1    3   -.185E-02   -.168E-02
    1    4   -.805E-03   -.730E-03
    1    5   -.420E-03   -.380E-03
    1    6   -.247E-03   -.223E-03
    1    7   -.158E-03   -.143E-03
    1    8   -.107E-03   -.969E-04
    2    1   -.231E+00   -.237E+00
    2    2   -.105E+01   -.106E+01
    2    3   -.288E+00   -.290E+00
    2    4   -.125E+00   -.126E+00
    2    5   -.673E-01   -.678E-01
    2    6   -.410E-01   -.413E-01
    2    7   -.270E-01   -.272E-01
    2    8   -.189E-01   -.190E-01
    3    1    .340E-03    .178E-03
    3    2   -.713E+00   -.806E+00
    3    3   -.462E-05   -.889E-05
    3    4   -.981E-05   -.753E-05
    3    5   -.101E-04   -.854E-05
    3    6   -.742E-05   -.644E-05
    3    7   -.528E-05   -.461E-05
    3    8   -.381E-05   -.334E-05
    4    1    .749E-01    .791E-01
    4    2   -.433E+00    .000E+00
    4    3   -.941E+00   -.942E+00
    4    4   -.277E+00   -.282E+00
    4    5   -.125E+00   -.127E+00
    4    6   -.687E-01   -.701E-01
    4    7   -.426E-01   -.432E-01
    4    8   -.285E-01   -.288E-01
    5    1    .174E+01    .170E+01
    5    2    .786E-01    .000E+00
    5    3   -.533E-01   -.555E-01
    5    4   -.838E-02   -.925E-02
    5    5   -.304E-02   -.344E-02
    5    6   -.149E-02   -.169E-02
    5    7   -.863E-03   -.970E-03
    5    8   -.551E-03   -.614E-03
    6    1    .266E-02    .233E-02
    6    2    .894E-04    .486E-04
    6    3   -.690E+00   -.781E+00
    6    4   -.693E-03   -.726E-03
    6    5   -.189E-03   -.197E-03
    6    6   -.810E-04   -.843E-04
    6    7   -.433E-04   -.449E-04
    6    8   -.264E-04   -.272E-04
    7    1    .664E-04    .434E-04
    7    2    .108E-05    .947E-10
    7    3   -.847E-03   -.730E-03
    7    4   -.600E+00   -.687E+00
    7    5   -.370E-05   -.799E-05
    7    6   -.336E-05   -.188E-05
    7    7   -.553E-05   -.426E-05
    7    8   -.529E-05   -.445E-05
    8    1    .124E-01    .135E-01
    8    2    .161E+00    .152E+00
    8    3   -.578E+00    .000E+00
    8    4   -.102E+01   -.965E+00
    8    5   -.248E+00   -.226E+00
    8    6   -.122E+00   -.113E+00
    8    7   -.693E-01   -.645E-01
    8    8   -.437E-01   -.411E-01
    9    1    .295E+00    .287E+00
    9    2    .142E+01    .138E+01
    9    3    .135E+00    .000E+00
    9    4   -.945E-01   -.794E-01
    9    5   -.388E-01   -.339E-01
    9    6   -.955E-02   -.769E-02
    9    7   -.454E-02   -.370E-02
    9    8   -.260E-02   -.217E-02
   10    1    .177E-02    .160E-02
   10    2    .518E-02    .500E-02
   10    3    .112E-03    .000E+00
   10    4   -.608E-03   -.574E-03
   10    5   -.640E+00   -.729E+00
   10    6   -.372E-03   -.397E-03
   10    7   -.142E-03   -.149E-03
   10    8   -.765E-04   -.793E-04
   11    1    .124E-03    .101E-03
   11    2    .174E-03    .159E-03
   11    3    .349E-04    .248E-04
   11    4   -.389E-03   -.350E-03
   11    5   -.440E-04   -.588E-04
   11    6   -.621E+00   -.709E+00
   11    7   -.121E-03   -.134E-03
   11    8   -.308E-04   -.334E-04
   12    1    .392E-04    .303E-04
   12    2    .461E-04    .403E-04
   12    3    .358E-04    .288E-04
   12    4   -.874E-03   -.828E-03
   12    5   -.253E-03   -.270E-03
   12    6   -.339E-03   -.371E-03
   12    7   -.610E+00   -.697E+00
   12    8   -.375E-04   -.460E-04
   13    1    .429E-02    .472E-02
   13    2    .290E-01    .281E-01
   13    3    .259E+00    .258E+00
   13    4   -.703E+00    .000E+00
   13    5   -.979E+00   -.962E+00
   13    6   -.295E+00   -.290E+00
   13    7   -.148E+00   -.146E+00
   13    8   -.438E-01   -.411E-01
   14    1    .690E-03    .720E-03
   14    2    .303E-02    .300E-02
   14    3    .175E-01    .176E-01
   14    4   -.229E-02    .000E+00
   14    5   -.145E-01   -.143E-01
   14    6   -.324E-02   -.315E-02
   14    7   -.936E-03   -.876E-03
   14    8   -.658E+00   -.748E+00
  3  2  0    3  3  1       168
    1    1   -.225E+00   -.290E+00
    1    2   -.146E+02   -.145E+02
    1    3   -.689E-02   -.747E-02
    1    4   -.248E+01   -.247E+01
    1    5   -.880E+00   -.874E+00
    1    6   -.910E-02   -.950E-02
    1    7   -.806E-05   -.280E-05
    1    8   -.428E+00   -.425E+00
    1    9   -.243E+00   -.241E+00
    1   10   -.152E+00   -.151E+00
    1   11   -.494E-03   -.572E-03
    1   12   -.109E+00   -.109E+00
    2    1   -.965E+00   -.952E+00
    2    2   -.275E+00   -.268E+00
    2    3   -.651E+01   -.652E+01
    2    4   -.498E-02   -.455E-02
    2    5   -.896E-02   -.856E-02
    2    6   -.160E+01   -.160E+01
    2    7   -.127E-02   -.120E-02
    2    8   -.939E-03   -.850E-03
    2    9   -.188E-02   -.179E-02
    2   10   -.209E-02   -.201E-02
    2   11   -.651E+00   -.649E+00
    2   12   -.142E-01   -.143E-01
    3    1    .235E-01    .278E-01
    3    2   -.766E+00    .000E+00
    3    3   -.312E+00   -.371E+00
    3    4   -.124E+02   -.125E+02
    3    5   -.280E+01   -.285E+01
    3    6   -.274E-03   -.492E-03
    3    7   -.400E-02   -.397E-02
    3    8   -.112E+01   -.113E+01
    3    9   -.576E+00   -.580E+00
    3   10   -.341E+00   -.342E+00
    3   11   -.427E-02   -.464E-02
    3   12   -.216E+00   -.216E+00
    4    1    .329E+00    .350E+00
    4    2    .115E-01    .140E-01
    4    3   -.163E+01    .000E+00
    4    4   -.118E+00   -.127E+00
    4    5   -.503E-02   -.590E-02
    4    6   -.630E+01   -.627E+01
    4    7   -.167E-03   -.187E-03
    4    8   -.134E-02   -.109E-02
    4    9   -.437E-04   -.781E-04
    4   10   -.493E-03   -.565E-03
    4   11   -.161E+01   -.163E+01
    4   12   -.524E-01   -.527E-01
    5    1    .363E-01    .323E-01
    5    2    .681E+00    .767E+00
    5    3    .121E-02    .000E+00
    5    4   -.226E-01   -.221E-01
    5    5   -.521E-02   -.498E-02
    5    6   -.338E-01   -.339E-01
    5    7   -.203E+02   -.202E+02
    5    8   -.110E-06   -.975E-06
    5    9   -.323E-03   -.318E-03
    5   10   -.141E-03   -.146E-03
    5   11   -.705E-02   -.694E-02
    5   12   -.110E-04   -.958E-05
    6    1    .941E-03    .147E-02
    6    2    .245E+00    .229E+00
    6    3    .503E-01    .543E-01
    6    4   -.126E+01    .000E+00
    6    5   -.113E+02   -.108E+02
    6    6   -.518E+00   -.605E+00
    6    7   -.462E-01   -.474E-01
    6    8   -.292E+01   -.280E+01
    6    9   -.122E+01   -.119E+01
    6   10   -.650E+00   -.643E+00
    6   11   -.267E-01   -.286E-01
    6   12   -.370E+00   -.370E+00
    7    1    .136E-02    .180E-02
    7    2    .466E-01    .462E-01
    7    3    .719E-02    .811E-02
    7    4    .718E+00    .729E+00
    7    5   -.174E+01    .000E+00
    7    6   -.908E-01   -.962E-01
    7    7   -.274E-03   -.294E-03
    7    8   -.109E+02   -.109E+02
    7    9   -.286E+01   -.284E+01
    7   10   -.122E+01   -.122E+01
    7   11   -.641E+00   -.735E+00
    7   12   -.970E+00   -.991E+00
    8    1    .616E-01    .669E-01
    8    2    .679E-03    .939E-03
    8    3    .858E+00    .844E+00
    8    4    .128E-01    .140E-01
    8    5    .533E-01    .534E-01
    8    6   -.224E+01    .000E+00
    8    7   -.125E-02    .000E+00
    8    8   -.172E+00   -.174E+00
    8    9   -.553E-02   -.563E-02
    8   10   -.425E-02   -.422E-02
    8   11   -.586E+01   -.545E+01
    8   12   -.180E+00   -.166E+00
    9    1    .674E-02    .584E-02
    9    2    .943E-03    .888E-03
    9    3    .153E-01    .143E-01
    9    4    .669E+00    .757E+00
    9    5    .221E-01    .205E-01
    9    6    .316E-02    .000E+00
    9    7    .217E-01    .000E+00
    9    8   -.105E+00    .000E+00
    9    9   -.897E-02   -.936E-02
    9   10   -.310E-02   -.322E-02
    9   11   -.330E-01   -.307E-01
    9   12   -.109E-06   -.301E-06
   10    1    .202E-04    .713E-04
   10    2    .157E-01    .163E-01
   10    3    .253E-03    .122E-03
   10    4    .876E-01    .835E-01
   10    5    .114E+01    .111E+01
   10    6    .538E-01    .566E-01
   10    7    .314E-02    .000E+00
   10    8   -.195E+01    .000E+00
   10    9   -.110E+02   -.111E+02
   10   10   -.295E+01   -.295E+01
   10   11   -.142E+00   -.141E+00
   10   12   -.119E+01   -.119E+01
   11    1    .179E-03    .273E-03
   11    2    .788E-02    .843E-02
   11    3    .175E-03    .280E-03
   11    4    .425E-01    .404E-01
   11    5    .228E+00    .211E+00
   11    6    .738E-02    .805E-02
   11    7    .922E-03    .869E-03
   11    8    .172E+01    .168E+01
   11    9   -.245E+01    .000E+00
   11   10   -.111E+02   -.112E+02
   11   11   -.191E+00   -.192E+00
   11   12   -.283E+01   -.283E+01
   12    1    .222E-03    .309E-03
   12    2    .455E-02    .496E-02
   12    3    .433E-03    .562E-03
   12    4    .216E-01    .202E-01
   12    5    .895E-01    .799E-01
   12    6    .634E-02    .683E-02
   12    7    .444E-03    .422E-03
   12    8    .344E+00    .328E+00
   12    9    .232E+01    .229E+01
   12   10   -.286E+01    .000E+00
   12   11   -.745E+00   -.750E+00
   12   12   -.106E+02   -.106E+02
   13    1    .230E-01    .251E-01
   13    2    .293E-03    .408E-03
   13    3    .169E+00    .172E+00
   13    4    .160E-02    .175E-02
   13    5    .544E-02    .584E-02
   13    6    .148E+01    .152E+01
   13    7    .112E-02    .114E-02
   13    8    .126E-01    .128E-01
   13    9    .218E-01    .222E-01
   13   10    .138E+00    .000E+00
   13   11   -.246E+01    .000E+00
   13   12   -.735E+00    .000E+00
   14    1    .125E-05    .564E-05
   14    2    .280E-02    .305E-02
   14    3    .347E-03    .280E-03
   14    4    .121E-01    .111E-01
   14    5    .697E-01    .640E-01
   14    6    .253E-02    .245E-02
   14    7    .214E-02    .207E-02
   14    8    .124E+00    .116E+00
   14    9    .452E+00    .442E+00
   14   10    .285E+01    .284E+01
   14   11    .281E+00    .000E+00
   14   12   -.327E+01    .000E+00
  3  2  1    3  3  0        56
    1    1   -.133E+02   -.132E+02
    1    2   -.202E+01   -.200E+01
    1    3   -.684E+00   -.676E+00
    1    4   -.321E+00   -.317E+00
    1    5   -.179E+00   -.177E+00
    1    6   -.112E+00   -.110E+00
    1    7   -.747E-01   -.737E-01
    2    1   -.136E+00    .000E+00
    2    2   -.116E+02   -.116E+02
    2    3   -.246E+01   -.249E+01
    2    4   -.956E+00   -.969E+00
    2    5   -.485E+00   -.489E+00
    2    6   -.285E+00   -.285E+00
    2    7   -.184E+00   -.183E+00
    3    1    .180E+00    .171E+00
    3    2   -.270E+00    .000E+00
    3    3   -.109E+02   -.105E+02
    3    4   -.260E+01   -.248E+01
    3    5   -.107E+01   -.104E+01
    3    6   -.565E+00   -.558E+00
    3    7   -.340E+00   -.342E+00
    4    1    .319E-01    .320E-01
    4    2    .472E+00    .481E+00
    4    3   -.409E+00    .000E+00
    4    4   -.107E+02   -.107E+02
    4    5   -.268E+01   -.266E+01
    4    6   -.114E+01   -.114E+01
    4    7   -.613E+00   -.613E+00
    5    1    .114E-01    .120E-01
    5    2    .896E-01    .882E-01
    5    3    .839E+00    .816E+00
    5    4   -.529E+00    .000E+00
    5    5   -.108E+02   -.108E+02
    5    6   -.275E+01   -.275E+01
    5    7   -.119E+01   -.119E+01
    6    1    .547E-02    .595E-02
    6    2    .330E-01    .315E-01
    6    3    .165E+00    .152E+00
    6    4    .126E+01    .122E+01
    6    5   -.641E+00    .000E+00
    6    6   -.109E+02   -.110E+02
    6    7   -.283E+01   -.282E+01
    7    1    .310E-02    .345E-02
    7    2    .162E-01    .152E-01
    7    3    .621E-01    .545E-01
    7    4    .254E+00    .241E+00
    7    5    .170E+01    .168E+01
    7    6   -.749E+00    .000E+00
    7    7   -.112E+02   -.112E+02
    8    1    .196E-02    .221E-02
    8    2    .932E-02    .860E-02
    8    3    .308E-01    .262E-01
    8    4    .966E-01    .901E-01
    8    5    .352E+00    .344E+00
    8    6    .218E+01    .218E+01
    8    7   -.855E+00    .000E+00
  3  3  0    3  3  1        84
    1    1    .186E+01    .184E+01
    1    2    .768E+00    .889E+00
    1    3    .800E-01    .000E+00
    1    4   -.726E-03   -.624E-03
    1    5   -.223E-03   -.199E-03
    1    6   -.140E-01   -.136E-01
    1    7   -.181E+01   -.178E+01
    1    8   -.102E-03   -.108E-03
    1    9   -.120E-06   -.662E-08
    1   10   -.341E-06   -.169E-06
    1   11   -.165E-02   -.179E-02
    1   12   -.275E-03   -.288E-03
    2    1    .331E+00    .326E+00
    2    2    .184E-02    .175E-02
    2    3    .151E+01    .149E+01
    2    4    .735E+00    .852E+00
    2    5    .660E-03    .541E-03
    2    6    .133E+00    .000E+00
    2    7   -.394E-01    .000E+00
    2    8   -.370E-03    .000E+00
    2    9   -.476E-04   -.338E-04
    2   10   -.182E-04   -.108E-04
    2   11   -.357E-01   -.269E-01
    2   12   -.317E-02   -.269E-02
    3    1    .123E+00    .120E+00
    3    2    .646E-03    .604E-03
    3    3    .335E+00    .333E+00
    3    4    .184E-02    .180E-02
    3    5    .860E+00    .984E+00
    3    6    .124E+01    .124E+01
    3    7    .305E-01    .299E-01
    3    8    .143E-02    .135E-02
    3    9    .362E-03    .330E-03
    3   10    .424E-03    .388E-03
    3   11    .174E+00    .000E+00
    3   12    .251E-02    .000E+00
    4    1    .609E-01    .596E-01
    4    2    .312E-03    .289E-03
    4    3    .135E+00    .135E+00
    4    4    .752E-03    .729E-03
    4    5    .650E-04    .633E-04
    4    6    .349E+00    .348E+00
    4    7    .687E-02    .647E-02
    4    8    .830E+00    .952E+00
    4    9    .653E-07    .849E-06
    4   10    .834E-04    .900E-04
    4   11    .115E+01    .112E+01
    4   12    .437E-01    .425E-01
    5    1    .354E-01    .346E-01
    5    2    .178E-03    .164E-03
    5    3    .701E-01    .701E-01
    5    4    .402E-03    .388E-03
    5    5    .244E-04    .228E-04
    5    6    .142E+00    .141E+00
    5    7    .208E-02    .185E-02
    5    8    .315E-03    .314E-03
    5    9    .862E+00    .986E+00
    5   10    .776E-04    .852E-04
    5   11    .300E+00    .289E+00
    5   12    .107E-01    .102E-01
    6    1    .227E-01    .222E-01
    6    2    .112E-03    .103E-03
    6    3    .418E-01    .418E-01
    6    4    .245E-03    .236E-03
    6    5    .137E-04    .126E-04
    6    6    .760E-01    .750E-01
    6    7    .974E-03    .847E-03
    6    8    .139E-03    .136E-03
    6    9    .426E-04    .444E-04
    6   10    .872E+00    .996E+00
    6   11    .125E+00    .118E+00
    6   12    .401E-02    .374E-02
    7    1    .155E-01    .152E-01
    7    2    .761E-04    .696E-04
    7    3    .272E-01    .272E-01
    7    4    .162E-03    .156E-03
    7    5    .889E-05    .805E-05
    7    6    .463E-01    .457E-01
    7    7    .546E-03    .469E-03
    7    8    .802E-04    .778E-04
    7    9    .142E-04    .142E-04
    7   10    .484E-05    .592E-05
    7   11    .192E+00    .197E+00
    7   12    .746E+00    .862E+00
  3  3  1    3  4  0       108
    1    1   -.175E+02   -.174E+02
    1    2   -.285E+00   -.282E+00
    1    3   -.397E-02   -.408E-02
    1    4   -.301E+01   -.299E+01
    1    5   -.466E-01   -.460E-01
    1    6   -.123E-03   -.108E-03
    1    7   -.149E-02   -.152E-02
    1    8   -.221E+00   -.220E+00
    1    9   -.827E+00   -.820E+00
    2    1   -.264E-01   -.536E-01
    2    2   -.292E+02   -.294E+02
    2    3   -.399E+01   -.403E+01
    2    4   -.255E-04   -.210E-04
    2    5   -.130E+01   -.130E+01
    2    6   -.588E+00   -.586E+00
    2    7   -.319E+00   -.316E+00
    2    8   -.128E+00   -.126E+00
    2    9   -.717E-01   -.709E-01
    3    1   -.107E+01    .000E+00
    3    2   -.837E-01   -.815E-01
    3    3   -.246E+00   -.243E+00
    3    4   -.146E+02   -.147E+02
    3    5   -.977E-01   -.990E-01
    3    6   -.424E-02   -.423E-02
    3    7   -.169E-01   -.171E-01
    3    8   -.758E+00   -.772E+00
    3    9   -.251E+01   -.256E+01
    4    1    .839E-01    .788E-01
    4    2   -.397E+00    .000E+00
    4    3   -.239E+02   -.234E+02
    4    4   -.107E+01   -.121E+01
    4    5   -.550E+01   -.555E+01
    4    6   -.189E+01   -.194E+01
    4    7   -.908E+00   -.952E+00
    4    8   -.336E+00   -.361E+00
    4    9   -.202E+00   -.209E+00
    5    1    .321E-04    .503E-04
    5    2    .232E+00    .226E+00
    5    3   -.325E+00    .000E+00
    5    4   -.811E+00   -.808E+00
    5    5   -.220E+02   -.220E+02
    5    6   -.504E+01   -.502E+01
    5    7   -.193E+01   -.190E+01
    5    8   -.187E+00   -.157E+00
    5    9   -.194E+01   -.211E+01
    6    1    .352E+00    .328E+00
    6    2    .282E-01    .276E-01
    6    3    .105E-01    .953E-02
    6    4   -.187E+01    .000E+00
    6    5   -.656E-01   -.681E-01
    6    6   -.727E-01   -.710E-01
    6    7   -.942E-01   -.911E-01
    6    8   -.318E+01   -.304E+01
    6    9   -.107E+02   -.103E+02
    7    1    .104E-03    .563E-03
    7    2    .841E+00    .960E+00
    7    3    .965E-04    .760E-04
    7    4    .296E-03    .000E+00
    7    5   -.216E-02    .000E+00
    7    6   -.751E-03   -.762E-03
    7    7   -.946E-03   -.945E-03
    7    8   -.185E-01   -.183E-01
    7    9   -.160E+01   -.160E+01
    8    1    .302E-03    .364E-03
    8    2    .349E-01    .303E-01
    8    3    .573E+00    .532E+00
    8    4    .267E+00    .000E+00
    8    5   -.977E+00    .000E+00
    8    6   -.218E+02   -.217E+02
    8    7   -.522E+01   -.514E+01
    8    8   -.158E+01   -.155E+01
    8    9   -.529E+00   -.518E+00
    9    1    .143E-04    .307E-04
    9    2    .120E-01    .975E-02
    9    3    .978E-01    .849E-01
    9    4    .999E-03    .829E-03
    9    5    .109E+01    .109E+01
    9    6   -.775E+00    .000E+00
    9    7   -.217E+02   -.215E+02
    9    8   -.435E+01   -.427E+01
    9    9   -.921E+00   -.906E+00
   10    1    .784E-06    .388E-06
   10    2    .548E-02    .424E-02
   10    3    .330E-01    .272E-01
   10    4    .162E-06    .296E-05
   10    5    .193E+00    .193E+00
   10    6    .160E+01    .164E+01
   10    7   -.730E+00    .000E+00
   10    8   -.190E+02   -.188E+02
   10    9   -.267E+01   -.264E+01
   11    1    .590E-01    .571E-01
   11    2    .161E-02    .161E-02
   11    3    .156E-02    .202E-02
   11    4    .874E+00    .883E+00
   11    5    .203E-01    .203E-01
   11    6    .347E-04    .770E-04
   11    7    .487E-01    .515E-01
   11    8   -.961E+00    .000E+00
   11    9   -.120E+01    .000E+00
   12    1    .211E-02    .216E-02
   12    2    .406E-02    .317E-02
   12    3    .139E-01    .109E-01
   12    4    .313E-01    .310E-01
   12    5    .861E-01    .859E-01
   12    6    .311E+00    .322E+00
   12    7    .212E+01    .218E+01
   12    8    .207E+01    .000E+00
   12    9   -.363E+01    .000E+00
  0  0  0    0  0  0         0
