   12   11    F
  2  0  0    2  1  1        72
    1    1   -.186E+01   -.184E+01
    1    2   -.110E-02   -.131E-02
    1    3   -.277E-02   -.317E-02
    1    4   -.197E-02   -.225E-02
    1    5   -.131E-02   -.149E-02
    1    6   -.888E-03   -.101E-02
    1    7   -.623E-03   -.712E-03
    1    8   -.452E-03   -.516E-03
    2    1    .906E+00    .875E+00
    2    2   -.281E+01    .000E+00
    2    3   -.269E-02   -.419E-02
    2    4   -.176E-03   -.653E-06
    2    5   -.452E-03   -.118E-03
    2    6   -.434E-03   -.149E-03
    2    7   -.354E-03   -.135E-03
    2    8   -.279E-03   -.112E-03
    3    1    .109E+00    .109E+00
    3    2    .163E+01    .000E+00
    3    3   -.367E+01    .000E+00
    3    4   -.111E-01    .000E+00
    3    5   -.176E-03    .000E+00
    3    6   -.243E-04    .000E+00
    3    7   -.923E-04   -.732E-04
    3    8   -.112E-03   -.940E-04
    4    1    .376E-01    .378E-01
    4    2    .185E+00    .185E+00
    4    3    .234E+01    .000E+00
    4    4   -.450E+01    .000E+00
    4    5   -.214E-01    .000E+00
    4    6   -.114E-02    .000E+00
    4    7   -.630E-04    .000E+00
    4    8   -.345E-06    .000E+00
    5    1    .180E-01    .182E-01
    5    2    .633E-01    .636E-01
    5    3    .258E+00    .000E+00
    5    4    .305E+01    .000E+00
    5    5   -.533E+01    .000E+00
    5    6   -.323E-01    .000E+00
    5    7   -.255E-02    .000E+00
    5    8   -.347E-03    .000E+00
    6    1    .102E-01    .104E-01
    6    2    .305E-01    .307E-01
    6    3    .880E-01    .000E+00
    6    4    .330E+00    .000E+00
    6    5    .376E+01    .000E+00
    6    6   -.615E+01    .000E+00
    6    7   -.434E-01    .000E+00
    6    8   -.421E-02    .000E+00
    7    1    .638E-02    .650E-02
    7    2    .175E-01    .176E-01
    7    3    .426E-01    .000E+00
    7    4    .112E+00    .000E+00
    7    5    .400E+00    .000E+00
    7    6    .446E+01    .000E+00
    7    7   -.696E+01    .000E+00
    7    8   -.547E-01    .000E+00
    8    1    .429E-02    .437E-02
    8    2    .111E-01    .112E-01
    8    3    .245E-01    .000E+00
    8    4    .541E-01    .000E+00
    8    5    .135E+00    .000E+00
    8    6    .469E+00    .000E+00
    8    7    .516E+01    .000E+00
    8    8   -.778E+01    .000E+00
    9    1    .303E-02    .309E-02
    9    2    .754E-02    .760E-02
    9    3    .157E-01    .000E+00
    9    4    .313E-01    .000E+00
    9    5    .653E-01    .000E+00
    9    6    .158E+00    .000E+00
    9    7    .538E+00    .000E+00
    9    8    .587E+01    .000E+00
  2  1  1    2  2  0        64
    1    1   -.567E+01   -.577E+01
    1    2   -.183E+00   -.199E+00
    1    3   -.281E-01   -.316E-01
    1    4   -.790E-02   -.906E-02
    1    5   -.308E-02   -.356E-02
    1    6   -.147E-02   -.171E-02
    1    7   -.804E-03   -.944E-03
    1    8   -.486E-03   -.572E-03
    2    1    .179E+01    .000E+00
    2    2   -.751E+01    .000E+00
    2    3   -.430E+00   -.421E+00
    2    4   -.990E-01   -.983E-01
    2    5   -.371E-01   -.375E-01
    2    6   -.179E-01   -.184E-01
    2    7   -.101E-01   -.105E-01
    2    8   -.626E-02   -.659E-02
    3    1    .532E-01    .506E-01
    3    2    .359E+01    .000E+00
    3    3   -.912E+01    .000E+00
    3    4   -.643E+00    .000E+00
    3    5   -.169E+00    .000E+00
    3    6   -.691E-01    .000E+00
    3    7   -.354E-01    .000E+00
    3    8   -.208E-01    .000E+00
    4    1    .155E-01    .146E-01
    4    2    .104E+00    .000E+00
    4    3    .533E+01    .000E+00
    4    4   -.106E+02    .000E+00
    4    5   -.829E+00    .000E+00
    4    6   -.232E+00    .000E+00
    4    7   -.990E-01    .000E+00
    4    8   -.523E-01    .000E+00
    5    1    .702E-02    .667E-02
    5    2    .297E-01    .000E+00
    5    3    .146E+00    .000E+00
    5    4    .704E+01    .000E+00
    5    5   -.121E+02    .000E+00
    5    6   -.999E+00    .000E+00
    5    7   -.290E+00    .000E+00
    5    8   -.127E+00    .000E+00
    6    1    .389E-02    .370E-02
    6    2    .135E-01    .000E+00
    6    3    .408E-01    .000E+00
    6    4    .181E+00    .000E+00
    6    5    .872E+01    .000E+00
    6    6   -.135E+02    .000E+00
    6    7   -.116E+01    .000E+00
    6    8   -.345E+00    .000E+00
    7    1    .241E-02    .230E-02
    7    2    .753E-02    .729E-02
    7    3    .185E-01    .000E+00
    7    4    .497E-01    .000E+00
    7    5    .212E+00    .000E+00
    7    6    .104E+02    .000E+00
    7    7   -.149E+02    .000E+00
    7    8   -.131E+01    .000E+00
    8    1    .161E-02    .154E-02
    8    2    .472E-02    .458E-02
    8    3    .104E-01    .000E+00
    8    4    .225E-01    .000E+00
    8    5    .571E-01    .000E+00
    8    6    .240E+00    .000E+00
    8    7    .120E+02    .000E+00
    8    8   -.163E+02    .000E+00
  2  2  0    2  3  1        56
    1    1   -.959E+01   -.956E+01
    1    2   -.163E+01   -.164E+01
    1    3   -.584E+00   -.594E+00
    1    4   -.283E+00   -.289E+00
    1    5   -.162E+00   -.166E+00
    1    6   -.102E+00   -.105E+00
    1    7   -.692E-01   -.713E-01
    2    1   -.683E+00    .000E+00
    2    2   -.782E+01    .000E+00
    2    3   -.183E+01    .000E+00
    2    4   -.740E+00    .000E+00
    2    5   -.384E+00    .000E+00
    2    6   -.229E+00   -.222E+00
    2    7   -.149E+00   -.144E+00
    3    1    .212E+00    .000E+00
    3    2   -.129E+01    .000E+00
    3    3   -.707E+01    .000E+00
    3    4   -.184E+01    .000E+00
    3    5   -.790E+00    .000E+00
    3    6   -.425E+00    .000E+00
    3    7   -.260E+00    .000E+00
    4    1    .368E-01    .000E+00
    4    2    .534E+00    .000E+00
    4    3   -.184E+01    .000E+00
    4    4   -.675E+01    .000E+00
    4    5   -.184E+01    .000E+00
    4    6   -.814E+00    .000E+00
    4    7   -.447E+00    .000E+00
    5    1    .132E-01    .000E+00
    5    2    .975E-01    .000E+00
    5    3    .925E+00    .000E+00
    5    4   -.234E+01    .000E+00
    5    5   -.664E+01    .000E+00
    5    6   -.185E+01    .000E+00
    5    7   -.833E+00    .000E+00
    6    1    .637E-02    .000E+00
    6    2    .356E-01    .000E+00
    6    3    .174E+00    .000E+00
    6    4    .136E+01    .000E+00
    6    5   -.282E+01    .000E+00
    6    6   -.665E+01    .000E+00
    6    7   -.188E+01    .000E+00
    7    1    .363E-02    .347E-02
    7    2    .175E-01    .000E+00
    7    3    .649E-01    .000E+00
    7    4    .263E+00    .000E+00
    7    5    .183E+01    .000E+00
    7    6   -.329E+01    .000E+00
    7    7   -.673E+01    .000E+00
    8    1    .230E-02    .219E-02
    8    2    .101E-01    .000E+00
    8    3    .322E-01    .000E+00
    8    4    .990E-01    .000E+00
    8    5    .359E+00    .000E+00
    8    6    .231E+01    .000E+00
    8    7   -.374E+01    .000E+00
  0  0  0    0  0  0         0
