   13    4    F
  1  0  0    1  1  1       238
    1    1   -.286E+00   -.325E+00
    1    2   -.563E+00   -.552E+00
    1    3   -.170E-01   -.159E-01
    1    4   -.337E-01   -.333E-01
    1    5   -.148E+00   -.145E+00
    1    6   -.219E-03   -.300E-03
    1    7   -.168E-01   -.170E-01
    1    8   -.568E-01   -.553E-01
    1    9   -.340E-01   -.332E-01
    1   10   -.289E-03   -.224E-03
    1   11   -.573E-02   -.585E-02
    1   12   -.180E-01   -.174E-01
    1   13   -.128E-01   -.125E-01
    1   14   -.168E-02   -.175E-02
    1   15   -.790E-02   -.760E-02
    1   16   -.212E-02   -.220E-02
    1   17   -.570E-02   -.552E-02
    2    1    .206E+00    .224E+00
    2    2   -.244E-02   -.235E-02
    2    3   -.901E-01   -.930E-01
    2    4   -.120E+01   -.121E+01
    2    5   -.125E-01   -.118E-01
    2    6   -.202E-01   -.203E-01
    2    7   -.235E+00   -.228E+00
    2    8   -.171E-01   -.162E-01
    2    9   -.595E-03   -.511E-03
    2   10   -.842E-02   -.840E-02
    2   11   -.921E-01   -.885E-01
    2   12   -.498E-02   -.469E-02
    2   13   -.102E-02   -.932E-03
    2   14   -.302E-02   -.304E-02
    2   15   -.730E-03   -.702E-03
    2   16   -.471E-01   -.450E-01
    2   17   -.165E-02   -.155E-02
    3    1    .345E-01    .371E-01
    3    2   -.113E+00   -.122E+00
    3    3   -.266E+00   -.297E+00
    3    4   -.280E-02   -.296E-02
    3    5   -.312E+00   -.309E+00
    3    6   -.292E-02   -.333E-02
    3    7   -.929E-02   -.951E-02
    3    8   -.787E-01   -.774E-01
    3    9   -.393E-01   -.388E-01
    3   10   -.137E-06   -.407E-05
    3   11   -.240E-02   -.249E-02
    3   12   -.188E-01   -.184E-01
    3   13   -.126E-01   -.124E-01
    3   14   -.249E-02   -.262E-02
    3   15   -.625E-02   -.605E-02
    3   16   -.658E-03   -.704E-03
    3   17   -.525E-02   -.514E-02
    4    1    .794E-01    .773E-01
    4    2    .249E-01    .281E-01
    4    3    .240E+00    .253E+00
    4    4   -.344E-01    .000E+00
    4    5   -.141E-01   -.128E-01
    4    6   -.136E+00   -.138E+00
    4    7   -.526E+00   -.516E+00
    4    8   -.217E-01   -.208E-01
    4    9   -.601E-04   -.968E-04
    4   10   -.256E-01   -.259E-01
    4   11   -.124E+00   -.121E+00
    4   12   -.403E-02   -.380E-02
    4   13   -.331E-03   -.286E-03
    4   14   -.878E-02   -.895E-02
    4   15   -.950E-03   -.934E-03
    4   16   -.514E-01   -.497E-01
    4   17   -.114E-02   -.108E-02
    5    1    .123E-01    .124E-01
    5    2    .137E+00    .138E+00
    5    3    .801E-02    .769E-02
    5    4    .523E-04    .680E-04
    5    5   -.264E+00    .000E+00
    5    6   -.201E+00   -.223E+00
    5    7   -.218E-02   -.188E-02
    5    8   -.331E+00   -.329E+00
    5    9   -.100E+00   -.103E+00
    5   10   -.462E-03   -.465E-03
    5   11   -.465E-04   -.836E-04
    5   12   -.445E-01   -.461E-01
    5   13   -.253E-01   -.263E-01
    5   14   -.293E-02   -.304E-02
    5   15   -.124E-01   -.128E-01
    5   16   -.636E-05   -.122E-05
    5   17   -.103E-01   -.106E-01
    6    1    .181E-01    .174E-01
    6    2    .155E-01    .158E-01
    6    3    .545E-01    .542E-01
    6    4    .266E-01    .256E-01
    6    5    .947E-01    .978E-01
    6    6    .265E+00    .249E+00
    6    7   -.878E-01    .000E+00
    6    8   -.501E-01   -.459E-01
    6    9   -.410E-01   -.407E-01
    6   10   -.209E+00   -.212E+00
    6   11   -.471E+00   -.471E+00
    6   12   -.115E-02   -.130E-02
    6   13   -.107E-02   -.100E-02
    6   14   -.393E-01   -.406E-01
    6   15   -.371E-03   -.441E-03
    6   16   -.124E+00   -.127E+00
    6   17   -.253E-03   -.285E-03
    7    1    .100E-01    .993E-02
    7    2    .226E-01    .229E-01
    7    3    .787E-02    .771E-02
    7    4    .126E-02    .126E-02
    7    5    .191E+00    .181E+00
    7    6    .102E-04    .819E-05
    7    7    .344E-03    .208E-03
    7    8   -.313E+00    .000E+00
    7    9   -.451E+00   -.425E+00
    7   10   -.285E-01   -.375E-01
    7   11   -.508E-01   -.509E-01
    7   12   -.111E+00   -.985E-01
    7   13   -.478E-01   -.421E-01
    7   14   -.569E-03   -.419E-03
    7   15   -.239E-01   -.213E-01
    7   16   -.101E-01   -.993E-02
    7   17   -.191E-01   -.172E-01
    8    1    .155E-02    .157E-02
    8    2    .136E-01    .138E-01
    8    3    .966E-04    .862E-04
    8    4    .366E-04    .296E-04
    8    5    .525E-01    .510E-01
    8    6    .384E-02    .378E-02
    8    7    .853E-02    .801E-02
    8    8    .367E+00    .368E+00
    8    9   -.425E+00    .000E+00
    8   10   -.672E-01   -.676E-01
    8   11   -.187E-03   -.267E-03
    8   12   -.425E+00   -.416E+00
    8   13   -.147E+00   -.144E+00
    8   14   -.199E+00   -.216E+00
    8   15   -.537E-02   -.382E-02
    8   16   -.374E-03   -.310E-03
    8   17   -.242E-01   -.231E-01
    9    1    .948E-02    .910E-02
    9    2    .354E-02    .361E-02
    9    3    .182E-01    .180E-01
    9    4    .580E-02    .560E-02
    9    5    .120E-02    .110E-02
    9    6    .808E-01    .794E-01
    9    7    .594E-01    .562E-01
    9    8    .184E-01    .217E-01
    9    9    .160E-01    .142E-01
    9   10    .330E+00    .000E+00
    9   11   -.111E+00    .000E+00
    9   12   -.827E-01   -.783E-01
    9   13   -.945E-03   -.108E-02
    9   14   -.172E+00   -.157E+00
    9   15   -.493E-02   -.385E-02
    9   16   -.497E+00   -.471E+00
    9   17   -.269E-02   -.228E-02
   10    1    .285E-02    .282E-02
   10    2    .489E-02    .495E-02
   10    3    .146E-02    .142E-02
   10    4    .187E-03    .191E-03
   10    5    .191E-01    .190E-01
   10    6    .795E-03    .790E-03
   10    7    .147E-04    .170E-04
   10    8    .595E-01    .584E-01
   10    9    .410E+00    .410E+00
   10   10    .179E-01    .182E-01
   10   11    .132E-02    .158E-02
   10   12   -.484E+00    .000E+00
   10   13   -.498E+00   -.499E+00
   10   14   -.711E-02   -.778E-02
   10   15   -.120E+00   -.119E+00
   10   16   -.347E-01   -.328E-01
   10   17   -.730E-01   -.730E-01
   11    1    .887E-03    .888E-03
   11    2    .387E-02    .392E-02
   11    3    .149E-03    .140E-03
   11    4    .142E-05    .213E-05
   11    5    .110E-01    .111E-01
   11    6    .114E-03    .108E-03
   11    7    .438E-03    .401E-03
   11    8    .271E-01    .269E-01
   11    9    .107E+00    .105E+00
   11   10    .380E-03    .380E-03
   11   11    .332E-02    .310E-02
   11   12    .546E+00    .539E+00
   11   13   -.627E+00    .000E+00
   11   14   -.161E+00   -.163E+00
   11   15   -.367E+00   -.371E+00
   11   16   -.103E-01   -.983E-02
   11   17   -.151E+00   -.153E+00
   12    1    .142E-04    .182E-04
   12    2    .350E-02    .354E-02
   12    3    .250E-03    .254E-03
   12    4    .154E-03    .144E-03
   12    5    .693E-02    .698E-02
   12    6    .262E-02    .257E-02
   12    7    .199E-02    .187E-02
   12    8    .126E-01    .124E-01
   12    9    .697E-01    .694E-01
   12   10    .338E-02    .337E-02
   12   11    .132E-01    .128E-01
   12   12    .998E-01    .964E-01
   12   13    .635E+00    .624E+00
   12   14    .219E+00    .000E+00
   12   15   -.103E+01    .000E+00
   12   16   -.365E-02    .000E+00
   12   17   -.421E+00   -.428E+00
   13    1    .563E-02    .538E-02
   13    2    .881E-03    .899E-03
   13    3    .825E-02    .811E-02
   13    4    .227E-02    .220E-02
   13    5    .690E-05    .234E-05
   13    6    .229E-01    .226E-01
   13    7    .996E-02    .954E-02
   13    8    .123E-02    .125E-02
   13    9    .386E-01    .428E-01
   13   10    .558E-01    .553E-01
   13   11    .713E-01    .706E-01
   13   12    .147E-01    .154E-01
   13   13    .134E-01    .140E-01
   13   14    .999E-01    .000E+00
   13   15    .388E+00    .000E+00
   13   16   -.128E+00    .000E+00
   13   17   -.227E+00    .000E+00
   14    1    .942E-03    .928E-03
   14    2    .127E-02    .129E-02
   14    3    .426E-03    .410E-03
   14    4    .590E-04    .600E-04
   14    5    .395E-02    .406E-02
   14    6    .232E-03    .236E-03
   14    7    .403E-05    .522E-05
   14    8    .903E-02    .896E-02
   14    9    .124E-01    .113E-01
   14   10    .148E-02    .145E-02
   14   11    .140E-03    .159E-03
   14   12    .525E-01    .509E-01
   14   13    .139E+00    .136E+00
   14   14    .678E-01    .657E-01
   14   15    .621E+00    .614E+00
   14   16    .195E-01    .000E+00
   14   17   -.705E+00    .000E+00
  1  1  0    1  1  1       136
    1    1    .360E+00    .355E+00
    1    2    .268E+00    .295E+00
    1    3    .361E-01    .000E+00
    1    4   -.198E+00   -.199E+00
    1    5   -.680E-03   -.749E-03
    1    6   -.110E+00   -.112E+00
    1    7   -.297E+00   -.299E+00
    1    8   -.896E-03   -.928E-03
    1    9   -.326E-03   -.350E-03
    1   10   -.257E-01   -.263E-01
    1   11   -.896E-01   -.902E-01
    1   12   -.213E-03   -.220E-03
    1   13   -.326E-04   -.355E-04
    1   14   -.788E-02   -.809E-02
    1   15   -.381E-02   -.386E-02
    1   16   -.397E-01   -.399E-01
    1   17   -.632E-04   -.647E-04
    2    1    .870E-01    .870E-01
    2    2    .143E-01    .140E-01
    2    3    .353E+00    .354E+00
    2    4    .612E-01    .641E-01
    2    5    .198E+00    .222E+00
    2    6    .154E+00    .000E+00
    2    7   -.304E+00   -.307E+00
    2    8   -.386E-03   -.647E-03
    2    9   -.503E-02   -.530E-02
    2   10   -.177E+00   -.174E+00
    2   11   -.268E+00   -.266E+00
    2   12   -.527E-03   -.608E-03
    2   13   -.217E-03   -.260E-03
    2   14   -.313E-01   -.324E-01
    2   15   -.113E-01   -.114E-01
    2   16   -.821E-01   -.834E-01
    2   17   -.130E-03   -.148E-03
    3    1    .360E-01    .359E-01
    3    2    .511E-02    .498E-02
    3    3    .918E-01    .924E-01
    3    4    .107E-01    .113E-01
    3    5    .142E-03    .102E-03
    3    6    .361E+00    .351E+00
    3    7    .158E+00    .155E+00
    3    8    .170E+00    .191E+00
    3    9    .290E-01    .295E-01
    3   10    .197E+00    .000E+00
    3   11   -.386E+00    .000E+00
    3   12   -.419E-03   -.476E-03
    3   13   -.181E-02   -.176E-02
    3   14   -.206E+00   -.186E+00
    3   15   -.584E-01   -.525E-01
    3   16   -.257E+00   -.239E+00
    3   17   -.240E-03   -.257E-03
    4    1    .186E-01    .185E-01
    4    2    .247E-02    .238E-02
    4    3    .394E-01    .396E-01
    4    4    .394E-02    .419E-02
    4    5    .123E-03    .957E-04
    4    6    .103E+00    .102E+00
    4    7    .264E-01    .263E-01
    4    8    .307E-03    .335E-03
    4    9    .676E-01    .804E-01
    4   10    .534E+00    .543E+00
    4   11    .176E+00    .175E+00
    4   12    .500E-02    .528E-02
    4   13    .842E-02    .865E-02
    4   14    .283E+00    .000E+00
    4   15   -.196E-01    .000E+00
    4   16   -.455E+00    .000E+00
    4   17   -.287E-03   -.348E-03
    5    1    .110E-01    .109E-01
    5    2    .140E-02    .135E-02
    5    3    .211E-01    .212E-01
    5    4    .195E-02    .208E-02
    5    5    .797E-04    .638E-04
    5    6    .459E-01    .461E-01
    5    7    .994E-02    .102E-01
    5    8    .105E-03    .121E-03
    5    9    .200E-02    .194E-02
    5   10    .101E+00    .101E+00
    5   11    .486E-01    .494E-01
    5   12    .125E+00    .142E+00
    5   13    .198E-05    .194E-07
    5   14    .386E+00    .386E+00
    5   15    .133E+00    .133E+00
    5   16    .242E+00    .240E+00
    5   17    .230E-02    .242E-02
    6    1    .708E-02    .702E-02
    6    2    .879E-03    .848E-03
    6    3    .128E-01    .129E-01
    6    4    .113E-02    .120E-02
    6    5    .526E-04    .427E-04
    6    6    .252E-01    .256E-01
    6    7    .500E-02    .519E-02
    6    8    .481E-04    .576E-04
    6    9    .101E-02    .973E-03
    6   10    .483E-01    .483E-01
    6   11    .163E-01    .164E-01
    6   12    .113E-04    .132E-04
    6   13    .107E+00    .124E+00
    6   14    .120E+00    .119E+00
    6   15    .358E-01    .358E-01
    6   16    .432E-01    .416E-01
    6   17    .384E-03    .421E-03
    7    1    .484E-02    .480E-02
    7    2    .591E-03    .570E-03
    7    3    .844E-02    .847E-02
    7    4    .722E-03    .768E-03
    7    5    .362E-04    .297E-04
    7    6    .156E-01    .159E-01
    7    7    .294E-02    .308E-02
    7    8    .265E-04    .324E-04
    7    9    .600E-03    .576E-03
    7   10    .272E-01    .272E-01
    7   11    .809E-02    .812E-02
    7   12    .142E-04    .174E-04
    7   13    .104E-03    .971E-04
    7   14    .775E-02    .579E-02
    7   15    .179E+00    .196E+00
    7   16    .903E-02    .793E-02
    7   17    .278E-03    .313E-03
    8    1    .346E-02    .343E-02
    8    2    .418E-03    .403E-03
    8    3    .588E-02    .590E-02
    8    4    .492E-03    .524E-03
    8    5    .259E-04    .214E-04
    8    6    .105E-01    .107E-01
    8    7    .190E-02    .200E-02
    8    8    .163E-04    .203E-04
    8    9    .391E-03    .375E-03
    8   10    .171E-01    .171E-01
    8   11    .474E-02    .475E-02
    8   12    .999E-05    .126E-04
    8   13    .484E-04    .427E-04
    8   14    .213E-01    .202E-01
    8   15    .525E-02    .496E-02
    8   16    .143E-01    .139E-01
    8   17    .116E+00    .132E+00
  1  1  0    1  2  1        64
    1    1   -.195E+00   -.196E+00
    1    2   -.115E+01   -.115E+01
    1    3   -.291E+00   -.292E+00
    1    4   -.123E+00   -.123E+00
    1    5   -.650E-01   -.650E-01
    1    6   -.391E-01   -.391E-01
    1    7   -.256E-01   -.256E-01
    1    8   -.178E-01   -.178E-01
    2    1    .668E-01    .701E-01
    2    2   -.326E+00    .000E+00
    2    3   -.109E+01   -.108E+01
    2    4   -.294E+00   -.299E+00
    2    5   -.129E+00   -.131E+00
    2    6   -.703E-01   -.713E-01
    2    7   -.432E-01   -.436E-01
    2    8   -.287E-01   -.289E-01
    3    1    .125E-01    .134E-01
    3    2    .164E+00    .159E+00
    3    3   -.440E+00    .000E+00
    3    4   -.109E+01   -.102E+01
    3    5   -.303E+00   -.279E+00
    3    6   -.136E+00   -.126E+00
    3    7   -.751E-01   -.702E-01
    3    8   -.468E-01   -.442E-01
    4    1    .465E-02    .500E-02
    4    2    .321E-01    .321E-01
    4    3    .275E+00    .279E+00
    4    4   -.549E+00    .000E+00
    4    5   -.111E+01   -.109E+01
    4    6   -.314E+00   -.307E+00
    4    7   -.142E+00   -.139E+00
    4    8   -.794E-01   -.779E-01
    5    1    .230E-02    .248E-02
    5    2    .122E-01    .127E-01
    5    3    .555E-01    .560E-01
    5    4    .396E+00    .395E+00
    5    5   -.655E+00    .000E+00
    5    6   -.116E+01   -.115E+01
    5    7   -.327E+00   -.327E+00
    5    8   -.149E+00   -.148E+00
    6    1    .133E-02    .144E-02
    6    2    .618E-02    .652E-02
    6    3    .215E-01    .217E-01
    6    4    .811E-01    .788E-01
    6    5    .522E+00    .514E+00
    6    6   -.758E+00    .000E+00
    6    7   -.121E+01   -.121E+01
    6    8   -.341E+00   -.342E+00
    7    1    .847E-03    .915E-03
    7    2    .362E-02    .387E-02
    7    3    .110E-01    .110E-01
    7    4    .318E-01    .301E-01
    7    5    .108E+00    .105E+00
    7    6    .653E+00    .644E+00
    7    7   -.860E+00    .000E+00
    7    8   -.126E+01   -.127E+01
    8    1    .577E-03    .623E-03
    8    2    .233E-02    .252E-02
    8    3    .649E-02    .648E-02
    8    4    .163E-01    .152E-01
    8    5    .426E-01    .407E-01
    8    6    .136E+00    .133E+00
    8    7    .786E+00    .778E+00
    8    8   -.962E+00    .000E+00
  1  1  1    1  2  0       272
    1    1   -.304E+00   -.337E+00
    1    2   -.160E+01   -.160E+01
    1    3   -.745E+00   -.737E+00
    1    4   -.346E+00   -.343E+00
    1    5   -.166E+00   -.163E+00
    1    6   -.327E-02   -.300E-02
    1    7   -.141E+00   -.140E+00
    1    8   -.614E-01   -.606E-01
    1    9   -.718E-01   -.703E-01
    1   10   -.251E-02   -.230E-02
    1   11   -.412E-01   -.406E-01
    1   12   -.242E-01   -.239E-01
    1   13   -.745E-02   -.741E-02
    1   14   -.444E-01   -.434E-01
    1   15   -.189E-02   -.175E-02
    1   16   -.126E-01   -.124E-01
    2    1    .475E-01    .486E-01
    2    2   -.347E+00   -.348E+00
    2    3   -.330E-01   -.417E-01
    2    4   -.128E+01   -.128E+01
    2    5   -.231E-01   -.234E-01
    2    6   -.109E-01   -.109E-01
    2    7   -.342E+00   -.342E+00
    2    8   -.151E+00   -.151E+00
    2    9   -.829E-02   -.836E-02
    2   10   -.307E-02   -.308E-02
    2   11   -.779E-01   -.777E-01
    2   12   -.480E-01   -.479E-01
    2   13   -.351E-01   -.350E-01
    2   14   -.127E-02   -.129E-02
    2   15   -.160E-02   -.161E-02
    2   16   -.216E-01   -.215E-01
    3    1    .193E+00    .196E+00
    3    2    .153E-01    .156E-01
    3    3   -.576E+00   -.610E+00
    3    4   -.174E+00   -.175E+00
    3    5   -.494E+00   -.492E+00
    3    6   -.758E-02   -.721E-02
    3    7   -.358E-01   -.357E-01
    3    8   -.776E-02   -.771E-02
    3    9   -.143E+00   -.141E+00
    3   10   -.314E-02   -.298E-02
    3   11   -.654E-02   -.649E-02
    3   12   -.281E-02   -.279E-02
    3   13   -.104E-03   -.101E-03
    3   14   -.642E-01   -.634E-01
    3   15   -.172E-02   -.164E-02
    3   16   -.160E-02   -.159E-02
    4    1    .572E-01    .591E-01
    4    2    .170E+00    .188E+00
    4    3    .954E-02    .805E-02
    4    4   -.344E-01   -.351E-01
    4    5   -.591E-01   -.585E-01
    4    6   -.305E+01   -.301E+01
    4    7   -.268E-02   -.276E-02
    4    8   -.835E-03   -.864E-03
    4    9   -.118E-01   -.116E-01
    4   10   -.440E+00   -.430E+00
    4   11   -.645E-03   -.660E-03
    4   12   -.375E-03   -.383E-03
    4   13   -.131E-03   -.134E-03
    4   14   -.521E-02   -.512E-02
    4   15   -.146E+00   -.142E+00
    4   16   -.850E-04   -.880E-04
    5    1    .681E-03    .113E-02
    5    2    .111E+00    .116E+00
    5    3    .926E-02    .119E-01
    5    4   -.539E+00    .000E+00
    5    5   -.849E-01   -.950E-01
    5    6   -.250E-01   -.255E-01
    5    7   -.133E+01   -.132E+01
    5    8   -.376E+00   -.382E+00
    5    9   -.674E-05   -.555E-04
    5   10   -.646E-03   -.676E-03
    5   11   -.167E+00   -.170E+00
    5   12   -.914E-01   -.932E-01
    5   13   -.548E-01   -.553E-01
    5   14   -.133E-02   -.159E-02
    5   15   -.766E-03   -.809E-03
    5   16   -.376E-01   -.381E-01
    6    1    .483E-01    .510E-01
    6    2    .344E-02    .415E-02
    6    3    .302E+00    .311E+00
    6    4    .283E-01    .326E-01
    6    5   -.784E+00   -.885E+00
    6    6   -.825E-02   -.873E-02
    6    7   -.822E-01   -.880E-01
    6    8   -.410E-05   -.109E-03
    6    9   -.574E+00   -.566E+00
    6   10   -.136E-02   -.134E-02
    6   11   -.870E-03   -.124E-02
    6   12   -.200E-04   -.738E-04
    6   13   -.648E-02   -.607E-02
    6   14   -.159E+00   -.161E+00
    6   15   -.715E-03   -.757E-03
    6   16   -.870E-04   -.139E-03
    7    1    .112E-01    .104E-01
    7    2    .346E-02    .307E-02
    7    3    .176E-01    .171E-01
    7    4    .204E+00    .220E+00
    7    5    .142E-01    .000E+00
    7    6    .413E-01    .000E+00
    7    7   -.575E-01   -.549E-01
    7    8   -.689E-03   -.638E-03
    7    9   -.831E-01   -.835E-01
    7   10   -.262E+01   -.262E+01
    7   11   -.766E-04   -.609E-04
    7   12   -.589E-04   -.517E-04
    7   13   -.143E-03   -.139E-03
    7   14   -.155E-01   -.156E-01
    7   15   -.538E+00   -.543E+00
    7   16   -.152E-03   -.154E-03
    8    1    .307E-03    .161E-03
    8    2    .181E-01    .192E-01
    8    3    .103E-02    .666E-03
    8    4    .202E+00    .192E+00
    8    5    .130E-01    .154E-01
    8    6    .801E-02    .736E-02
    8    7   -.615E+00    .000E+00
    8    8   -.143E+01   -.134E+01
    8    9   -.438E-01   -.548E-01
    8   10   -.704E-01   -.722E-01
    8   11   -.386E+00   -.354E+00
    8   12   -.175E+00   -.161E+00
    8   13   -.868E-01   -.802E-01
    8   14   -.154E-01   -.157E-01
    8   15   -.314E-02   -.323E-02
    8   16   -.612E-01   -.576E-01
    9    1    .109E-02    .139E-02
    9    2    .872E-02    .936E-02
    9    3    .310E-02    .373E-02
    9    4    .487E-01    .486E-01
    9    5    .453E-01    .472E-01
    9    6    .329E-03    .287E-03
    9    7    .443E+00    .451E+00
    9    8   -.102E+01    .000E+00
    9    9   -.461E-01   -.518E-01
    9   10   -.674E-02   -.668E-02
    9   11   -.127E+01   -.125E+01
    9   12   -.385E+00   -.376E+00
    9   13   -.263E+00   -.263E+00
    9   14   -.173E+00   -.189E+00
    9   15   -.883E-05   -.705E-04
    9   16   -.918E-01   -.896E-01
   10    1    .180E-01    .190E-01
   10    2    .212E-03    .303E-03
   10    3    .575E-01    .597E-01
   10    4    .262E-04    .116E-03
   10    5    .459E+00    .452E+00
   10    6    .634E-02    .611E-02
   10    7    .975E-03    .607E-03
   10    8    .111E+00    .000E+00
   10    9   -.897E+00    .000E+00
   10   10   -.177E-01   -.173E-01
   10   11   -.191E+00   -.191E+00
   10   12   -.220E-01   -.223E-01
   10   13   -.236E-02   -.155E-02
   10   14   -.436E+00   -.385E+00
   10   15   -.187E-02   -.153E-02
   10   16   -.539E-02   -.540E-02
   11    1    .431E-02    .394E-02
   11    2    .847E-03    .708E-03
   11    3    .450E-02    .431E-02
   11    4    .151E-02    .140E-02
   11    5    .203E-01    .201E-01
   11    6    .262E-01    .246E-01
   11    7    .138E+00    .154E+00
   11    8    .359E-01    .329E-01
   11    9    .280E-01    .000E+00
   11   10    .556E-01    .000E+00
   11   11   -.873E-01   -.829E-01
   11   12   -.308E-02   -.269E-02
   11   13   -.235E-03   -.208E-03
   11   14   -.737E-01   -.672E-01
   11   15   -.250E+01   -.238E+01
   11   16   -.457E-05   -.383E-06
   12    1    .914E-04    .441E-04
   12    2    .343E-02    .369E-02
   12    3    .215E-03    .129E-03
   12    4    .165E-01    .168E-01
   12    5    .205E-03    .103E-03
   12    6    .361E-04    .321E-04
   12    7    .633E-01    .627E-01
   12    8    .554E+00    .555E+00
   12    9    .380E-02    .459E-02
   12   10    .800E-02    .724E-02
   12   11   -.904E+00    .000E+00
   12   12   -.150E+01   -.150E+01
   12   13   -.373E+00   -.372E+00
   12   14   -.910E-01   -.911E-01
   12   15   -.217E-01   -.204E-01
   12   16   -.198E+00   -.198E+00
   13    1    .453E-04    .852E-04
   13    2    .234E-02    .252E-02
   13    3    .879E-04    .151E-03
   13    4    .917E-02    .958E-02
   13    5    .106E-02    .127E-02
   13    6    .500E-04    .453E-04
   13    7    .288E-01    .288E-01
   13    8    .129E+00    .127E+00
   13    9    .144E-01    .154E-01
   13   10    .137E-02    .127E-02
   13   11    .757E+00    .747E+00
   13   12   -.125E+01    .000E+00
   13   13   -.136E+01   -.136E+01
   13   14   -.143E+00   -.147E+00
   13   15   -.480E-02   -.441E-02
   13   16   -.433E+00   -.435E+00
   14    1    .854E-02    .914E-02
   14    2    .883E-03    .103E-02
   14    3    .205E-01    .216E-01
   14    4    .192E-02    .228E-02
   14    5    .885E-01    .899E-01
   14    6    .693E-03    .675E-03
   14    7    .301E-02    .330E-02
   14    8    .273E-01    .278E-01
   14    9    .609E+00    .619E+00
   14   10    .637E-02    .641E-02
   14   11    .335E-01    .331E-01
   14   12    .351E+00    .351E+00
   14   13   -.117E+01    .000E+00
   14   14   -.635E+00    .000E+00
   14   15   -.283E-02    .000E+00
   14   16   -.551E-01   -.550E-01
   15    1    .983E-03    .952E-03
   15    2    .930E-03    .945E-03
   15    3    .281E-02    .274E-02
   15    4    .379E-02    .384E-02
   15    5    .104E-01    .100E-01
   15    6    .707E-03    .684E-03
   15    7    .121E-01    .118E-01
   15    8    .438E-01    .424E-01
   15    9    .670E-01    .668E-01
   15   10    .919E-02    .911E-02
   15   11    .121E+00    .117E+00
   15   12    .664E+00    .652E+00
   15   13   -.474E+00    .000E+00
   15   14   -.312E+00    .000E+00
   15   15   -.620E-01    .000E+00
   15   16   -.154E+01   -.155E+01
   16    1    .221E-02    .202E-02
   16    2    .288E-03    .231E-03
   16    3    .200E-02    .191E-02
   16    4    .249E-03    .215E-03
   16    5    .549E-02    .550E-02
   16    6    .448E-02    .449E-02
   16    7    .305E-03    .275E-03
   16    8    .121E+00    .136E+00
   16    9    .182E-01    .183E-01
   16   10    .754E-01    .773E-01
   16   11    .537E-05    .305E-06
   16   12    .577E-03    .442E-03
   16   13    .104E+00    .000E+00
   16   14    .735E-01    .000E+00
   16   15    .713E-01    .000E+00
   16   16   -.170E+00    .000E+00
   17    1    .372E-04    .199E-04
   17    2    .869E-03    .937E-03
   17    3    .729E-04    .457E-04
   17    4    .316E-02    .336E-02
   17    5    .843E-04    .533E-04
   17    6    .709E-05    .577E-05
   17    7    .847E-02    .839E-02
   17    8    .163E-01    .148E-01
   17    9    .225E-03    .170E-03
   17   10    .394E-04    .288E-04
   17   11    .607E-01    .581E-01
   17   12    .186E+00    .182E+00
   17   13    .103E+01    .102E+01
   17   14    .224E-01    .219E-01
   17   15    .198E-01    .000E+00
   17   16   -.132E+01    .000E+00
  1  2  0    1  2  1       128
    1    1   -.105E+01   -.106E+01
    1    2   -.196E+00   -.191E+00
    1    3   -.731E-01   -.706E-01
    1    4   -.360E-01   -.346E-01
    1    5   -.207E-01   -.199E-01
    1    6   -.131E-01   -.125E-01
    1    7   -.882E-02   -.846E-02
    1    8   -.625E-02   -.600E-02
    2    1   -.177E+00   -.201E+00
    2    2   -.780E-02   -.685E-02
    2    3   -.222E-02   -.189E-02
    2    4   -.976E-03   -.810E-03
    2    5   -.524E-03   -.431E-03
    2    6   -.317E-03   -.259E-03
    2    7   -.207E-03   -.169E-03
    2    8   -.144E-03   -.117E-03
    3    1    .109E-01    .000E+00
    3    2   -.472E+00   -.463E+00
    3    3   -.105E+00   -.103E+00
    3    4   -.422E-01   -.410E-01
    3    5   -.218E-01   -.211E-01
    3    6   -.129E-01   -.125E-01
    3    7   -.836E-02   -.810E-02
    3    8   -.576E-02   -.558E-02
    4    1    .182E-03    .372E-03
    4    2   -.199E+00   -.230E+00
    4    3   -.108E-02   -.103E-02
    4    4   -.417E-03   -.388E-03
    4    5   -.213E-03   -.196E-03
    4    6   -.125E-03   -.114E-03
    4    7   -.808E-04   -.736E-04
    4    8   -.554E-04   -.504E-04
    5    1    .123E-02    .104E-02
    5    2    .351E-02    .000E+00
    5    3   -.426E+00   -.427E+00
    5    4   -.107E+00   -.109E+00
    5    5   -.453E-01   -.463E-01
    5    6   -.242E-01   -.247E-01
    5    7   -.147E-01   -.149E-01
    5    8   -.974E-02   -.984E-02
    6    1    .584E+00    .572E+00
    6    2    .627E-01    .000E+00
    6    3   -.366E-01   -.365E-01
    6    4   -.704E-02   -.737E-02
    6    5   -.266E-02   -.282E-02
    6    6   -.133E-02   -.141E-02
    6    7   -.780E-03   -.816E-03
    6    8   -.502E-03   -.521E-03
    7    1    .363E-03    .496E-03
    7    2    .251E-03    .356E-03
    7    3   -.211E+00   -.241E+00
    7    4   -.594E-04   -.519E-04
    7    5   -.241E-04   -.189E-04
    7    6   -.148E-04   -.114E-04
    7    7   -.995E-05   -.778E-05
    7    8   -.706E-05   -.558E-05
    8    1    .855E-04    .135E-03
    8    2    .783E-04    .960E-04
    8    3   -.150E-02   -.180E-02
    8    4   -.168E+00   -.195E+00
    8    5   -.674E-03   -.650E-03
    8    6   -.266E-03   -.250E-03
    8    7   -.146E-03   -.137E-03
    8    8   -.917E-04   -.860E-04
    9    1    .207E-03    .168E-03
    9    2    .773E-02    .671E-02
    9    3   -.434E-02    .000E+00
    9    4   -.453E+00   -.434E+00
    9    5   -.100E+00   -.934E-01
    9    6   -.453E-01   -.424E-01
    9    7   -.249E-01   -.235E-01
    9    8   -.154E-01   -.147E-01
   10    1    .112E+00    .109E+00
   10    2    .455E+00    .444E+00
   10    3    .112E+00    .000E+00
   10    4   -.805E-01   -.711E-01
   10    5   -.156E-01   -.130E-01
   10    6   -.603E-02   -.501E-02
   10    7   -.305E-02   -.259E-02
   10    8   -.179E-02   -.156E-02
   11    1    .670E-04    .977E-04
   11    2    .699E-06    .163E-07
   11    3    .511E-03    .609E-03
   11    4   -.165E-02   -.176E-02
   11    5   -.195E+00   -.223E+00
   11    6   -.477E-04   -.546E-04
   11    7   -.778E-05   -.848E-05
   11    8   -.297E-05   -.304E-05
   12    1    .266E-04    .429E-04
   12    2    .545E-05    .865E-05
   12    3    .255E-03    .290E-03
   12    4   -.817E-03   -.914E-03
   12    5   -.599E-04   -.815E-04
   12    6   -.185E+00   -.212E+00
   12    7   -.176E-03   -.188E-03
   12    8   -.545E-04   -.562E-04
   13    1    .758E-05    .188E-05
   13    2    .307E-03    .307E-03
   13    3    .300E-02    .307E-02
   13    4   -.479E-02    .000E+00
   13    5   -.175E-01   -.169E-01
   13    6   -.397E-02   -.377E-02
   13    7   -.141E+00   -.165E+00
   13    8   -.199E-02   -.200E-02
   14    1    .552E-04    .453E-04
   14    2    .106E-02    .939E-03
   14    3    .168E-01    .167E-01
   14    4   -.802E-02    .000E+00
   14    5   -.414E+00   -.406E+00
   14    6   -.111E+00   -.110E+00
   14    7   -.927E-01   -.953E-01
   14    8   -.222E-01   -.217E-01
   15    1    .428E-01    .417E-01
   15    2    .111E+00    .109E+00
   15    3    .416E+00    .414E+00
   15    4    .154E+00    .000E+00
   15    5   -.125E+00   -.126E+00
   15    6   -.259E-01   -.262E-01
   15    7   -.125E-01   -.127E-01
   15    8   -.427E-02   -.425E-02
   16    1    .430E-04    .557E-04
   16    2    .141E-04    .109E-04
   16    3    .136E-04    .967E-05
   16    4    .596E-03    .646E-03
   16    5   -.872E-03   -.912E-03
   16    6   -.204E-03   -.222E-03
   16    7   -.238E-03   -.267E-03
   16    8   -.191E+00   -.218E+00
  1  2  0    1  3  1       208
    1    1   -.477E+01   -.475E+01
    1    2   -.747E-02   -.727E-02
    1    3   -.103E+01   -.102E+01
    1    4   -.154E-01   -.151E-01
    1    5   -.133E-07   -.328E-07
    1    6   -.753E-04   -.728E-04
    1    7   -.406E+00   -.401E+00
    1    8   -.270E-02   -.264E-02
    1    9   -.127E-03   -.120E-03
    1   10   -.330E-02   -.328E-02
    1   11   -.473E-05   -.445E-05
    1   12   -.201E+00   -.198E+00
    1   13   -.112E-02   -.109E-02
    2    1   -.791E-01   -.971E-01
    2    2   -.503E+01   -.501E+01
    2    3   -.460E-02   -.444E-02
    2    4   -.799E+00   -.792E+00
    2    5   -.267E+00   -.264E+00
    2    6   -.345E-04   -.412E-04
    2    7   -.100E-01   -.979E-02
    2    8   -.132E+00   -.131E+00
    2    9   -.724E-01   -.716E-01
    2   10   -.399E-01   -.395E-01
    2   11   -.795E-05   -.557E-05
    2   12   -.957E-02   -.936E-02
    2   13   -.319E-01   -.316E-01
    3    1   -.410E+00   -.438E+00
    3    2   -.111E+00   -.110E+00
    3    3   -.206E+01   -.205E+01
    3    4   -.275E-03   -.315E-03
    3    5   -.602E-02   -.580E-02
    3    6   -.600E-03   -.595E-03
    3    7   -.503E+00   -.499E+00
    3    8   -.303E-04   -.402E-04
    3    9   -.633E-03   -.597E-03
    3   10   -.749E-02   -.735E-02
    3   11   -.744E-04   -.771E-04
    3   12   -.201E+00   -.199E+00
    3   13   -.108E-03   -.116E-03
    4    1    .713E-02    .694E-02
    4    2   -.810E-01    .000E+00
    4    3   -.237E-01   -.357E-01
    4    4   -.444E+01   -.446E+01
    4    5   -.945E+00   -.961E+00
    4    6   -.570E-04   -.521E-04
    4    7   -.197E-02   -.211E-02
    4    8   -.372E+00   -.378E+00
    4    9   -.188E+00   -.190E+00
    4   10   -.105E+00   -.105E+00
    4   11   -.220E-03   -.220E-03
    4   12   -.593E-02   -.613E-02
    4   13   -.727E-01   -.727E-01
    5    1    .153E+00    .153E+00
    5    2    .242E-01    .240E-01
    5    3   -.644E+00    .000E+00
    5    4   -.894E-01   -.888E-01
    5    5   -.249E-01   -.250E-01
    5    6   -.879E-01   -.881E-01
    5    7   -.195E+01   -.197E+01
    5    8   -.706E-03   -.717E-03
    5    9   -.848E-03   -.850E-03
    5   10   -.172E-01   -.176E-01
    5   11   -.115E-01   -.116E-01
    5   12   -.517E+00   -.532E+00
    5   13   -.700E-03   -.744E-03
    6    1    .429E-02    .334E-02
    6    2    .169E+00    .194E+00
    6    3   -.120E-03    .000E+00
    6    4   -.982E-03   -.108E-02
    6    5   -.285E-04   -.355E-04
    6    6   -.672E+01   -.671E+01
    6    7   -.386E-01   -.383E-01
    6    8   -.327E-03   -.312E-03
    6    9   -.120E-03   -.114E-03
    6   10   -.396E-03   -.387E-03
    6   11   -.896E+00   -.896E+00
    6   12   -.590E-02   -.595E-02
    6   13   -.499E-05   -.447E-05
    7    1    .309E-03    .292E-03
    7    2    .724E-01    .684E-01
    7    3    .440E-01    .419E-01
    7    4   -.195E+00    .000E+00
    7    5   -.397E+01   -.378E+01
    7    6   -.236E-03   -.235E-03
    7    7   -.176E+00   -.205E+00
    7    8   -.102E+01   -.983E+00
    7    9   -.417E+00   -.407E+00
    7   10   -.214E+00   -.212E+00
    7   11   -.889E-03   -.852E-03
    7   12   -.303E-02   -.276E-02
    7   13   -.132E+00   -.133E+00
    8    1    .427E-03    .423E-03
    8    2    .132E-01    .130E-01
    8    3    .451E-02    .436E-02
    8    4    .201E+00    .203E+00
    8    5   -.225E+00    .000E+00
    8    6   -.474E-04   -.575E-04
    8    7   -.156E+00   -.158E+00
    8    8   -.383E+01   -.380E+01
    8    9   -.952E+00   -.946E+00
    8   10   -.308E+00   -.302E+00
    8   11   -.897E-03   -.853E-03
    8   12   -.380E+00   -.420E+00
    8   13   -.257E+00   -.259E+00
    9    1    .291E-01    .292E-01
    9    2    .505E-03    .440E-03
    9    3    .329E+00    .312E+00
    9    4    .295E-01    .297E-01
    9    5    .505E-01    .471E-01
    9    6   -.882E-02    .000E+00
    9    7   -.888E+00    .000E+00
    9    8   -.112E+00   -.109E+00
    9    9   -.247E-01   -.236E-01
    9   10   -.889E-01   -.841E-01
    9   11   -.943E-01   -.929E-01
    9   12   -.178E+01   -.167E+01
    9   13   -.363E-03   -.311E-03
   10    1    .278E-03    .154E-03
   10    2    .318E-06    .299E-06
   10    3    .801E-04    .178E-04
   10    4    .172E+00    .198E+00
   10    5    .572E-03    .576E-03
   10    6    .511E-01    .000E+00
   10    7   -.200E-03    .000E+00
   10    8   -.187E-03   -.199E-03
   10    9   -.723E-05   -.634E-05
   10   10   -.125E-02   -.124E-02
   10   11   -.592E+01   -.579E+01
   10   12   -.352E-01   -.335E-01
   10   13   -.622E-04   -.641E-04
   11    1    .250E-04    .245E-04
   11    2    .454E-02    .473E-02
   11    3    .520E-04    .622E-04
   11    4    .351E-01    .344E-01
   11    5    .317E+00    .308E+00
   11    6    .201E-04    .239E-04
   11    7    .606E-01    .605E-01
   11    8   -.332E+00    .000E+00
   11    9   -.397E+01   -.398E+01
   11   10   -.103E+01   -.103E+01
   11   11   -.495E-03   -.491E-03
   11   12   -.812E-04   -.918E-04
   11   13   -.429E+00   -.428E+00
   12    1    .486E-04    .485E-04
   12    2    .223E-02    .239E-02
   12    3    .166E-03    .180E-03
   12    4    .133E-01    .127E-01
   12    5    .621E-01    .569E-01
   12    6    .652E-05    .765E-05
   12    7    .789E-02    .784E-02
   12    8    .503E+00    .489E+00
   12    9   -.358E+00    .000E+00
   12   10   -.407E+01   -.408E+01
   12   11   -.970E-03   -.971E-03
   12   12   -.193E-02   -.200E-02
   12   13   -.103E+01   -.102E+01
   13    1    .694E-03    .700E-03
   13    2    .142E-02    .152E-02
   13    3    .365E-02    .363E-02
   13    4    .776E-02    .725E-02
   13    5    .237E-01    .208E-01
   13    6    .485E-04    .482E-04
   13    7    .399E-01    .400E-01
   13    8    .113E+00    .108E+00
   13    9    .691E+00    .682E+00
   13   10   -.307E+00    .000E+00
   13   11   -.731E-02    .000E+00
   13   12   -.669E+00    .000E+00
   13   13   -.366E+01   -.366E+01
   14    1    .104E-01    .105E-01
   14    2    .392E-04    .249E-04
   14    3    .619E-01    .600E-01
   14    4    .711E-03    .659E-03
   14    5    .246E-02    .299E-02
   14    6    .283E-02    .270E-02
   14    7    .527E+00    .530E+00
   14    8    .330E-02    .333E-02
   14    9    .140E-03    .165E-03
   14   10    .197E+00    .000E+00
   14   11   -.108E-01    .000E+00
   14   12   -.882E+00    .000E+00
   14   13   -.425E+00   -.426E+00
   15    1    .427E-04    .118E-04
   15    2    .544E-06    .634E-06
   15    3    .659E-04    .350E-04
   15    4    .133E-04    .120E-04
   15    5    .181E+00    .206E+00
   15    6    .420E-01    .409E-01
   15    7    .180E-02    .175E-02
   15    8    .186E-04    .245E-04
   15    9    .272E-04    .315E-04
   15   10    .701E-02    .000E+00
   15   11    .967E-01    .000E+00
   15   12   -.270E-03    .000E+00
   15   13   -.122E-01    .000E+00
   16    1    .603E-05    .575E-05
   16    2    .787E-03    .871E-03
   16    3    .526E-05    .780E-05
   16    4    .369E-02    .340E-02
   16    5    .124E-01    .106E-01
   16    6    .758E-05    .821E-05
   16    7    .404E-03    .389E-03
   16    8    .372E-01    .347E-01
   16    9    .135E+00    .132E+00
   16   10    .765E+00    .762E+00
   16   11    .197E-02    .000E+00
   16   12    .170E+00    .000E+00
   16   13   -.573E+00    .000E+00
  1  2  1    1  3  0        56
    1    1   -.435E+01   -.432E+01
    1    2   -.724E+00   -.718E+00
    1    3   -.256E+00   -.254E+00
    1    4   -.124E+00   -.122E+00
    1    5   -.703E-01   -.696E-01
    1    6   -.443E-01   -.439E-01
    1    7   -.300E-01   -.297E-01
    2    1   -.186E+00    .000E+00
    2    2   -.367E+01   -.368E+01
    2    3   -.819E+00   -.831E+00
    2    4   -.326E+00   -.330E+00
    2    5   -.168E+00   -.169E+00
    2    6   -.993E-01   -.994E-01
    2    7   -.644E-01   -.642E-01
    3    1    .753E-01    .706E-01
    3    2   -.316E+00    .000E+00
    3    3   -.341E+01   -.326E+01
    3    4   -.846E+00   -.811E+00
    3    5   -.356E+00   -.347E+00
    3    6   -.189E+00   -.188E+00
    3    7   -.115E+00   -.116E+00
    4    1    .131E-01    .128E-01
    4    2    .190E+00    .192E+00
    4    3   -.431E+00    .000E+00
    4    4   -.332E+01   -.331E+01
    4    5   -.862E+00   -.859E+00
    4    6   -.373E+00   -.373E+00
    4    7   -.203E+00   -.203E+00
    5    1    .463E-02    .474E-02
    5    2    .353E-01    .343E-01
    5    3    .331E+00    .320E+00
    5    4   -.535E+00    .000E+00
    5    5   -.332E+01   -.333E+01
    5    6   -.879E+00   -.880E+00
    5    7   -.387E+00   -.386E+00
    6    1    .223E-02    .234E-02
    6    2    .129E-01    .122E-01
    6    3    .639E-01    .584E-01
    6    4    .489E+00    .475E+00
    6    5   -.634E+00    .000E+00
    6    6   -.336E+01   -.336E+01
    6    7   -.900E+00   -.898E+00
    7    1    .127E-02    .135E-02
    7    2    .633E-02    .586E-02
    7    3    .239E-01    .209E-01
    7    4    .969E-01    .921E-01
    7    5    .660E+00    .651E+00
    7    6   -.730E+00    .000E+00
    7    7   -.343E+01   -.343E+01
    8    1    .798E-03    .862E-03
    8    2    .364E-02    .332E-02
    8    3    .118E-01    .100E-01
    8    4    .367E-01    .343E-01
    8    5    .133E+00    .131E+00
    8    6    .839E+00    .837E+00
    8    7   -.824E+00    .000E+00
  1  3  0    1  3  1        91
    1    1    .676E+00    .669E+00
    1    2    .204E+00    .238E+00
    1    3   -.219E-01    .000E+00
    1    4   -.155E-02   -.146E-02
    1    5   -.346E-03   -.337E-03
    1    6   -.598E+00   -.589E+00
    1    7   -.559E-02   -.589E-02
    1    8   -.165E-04   -.140E-04
    1    9   -.161E-04   -.153E-04
    1   10   -.582E-07   -.147E-07
    1   11   -.885E-01   -.869E-01
    1   12   -.628E-03   -.769E-03
    1   13   -.155E-04   -.135E-04
    2    1    .965E-01    .949E-01
    2    2    .368E-03    .376E-03
    2    3    .622E+00    .613E+00
    2    4    .173E+00    .205E+00
    2    5    .179E-02    .161E-02
    2    6   -.114E-01    .000E+00
    2    7   -.390E-01    .000E+00
    2    8   -.971E-03   -.875E-03
    2    9   -.190E-03   -.162E-03
    2   10   -.467E-04   -.219E-04
    2   11   -.505E+00   -.491E+00
    2   12   -.114E-01   -.901E-02
    2   13   -.355E-04   -.372E-04
    3    1    .323E-01    .316E-01
    3    2    .831E-04    .838E-04
    3    3    .116E+00    .115E+00
    3    4    .188E-02    .189E-02
    3    5    .284E+00    .323E+00
    3    6    .416E-02    .400E-02
    3    7    .478E+00    .471E+00
    3    8    .301E-02    .290E-02
    3    9    .121E-02    .118E-02
    3   10    .222E-02    .000E+00
    3   11   -.214E-01    .000E+00
    3   12   -.525E-01    .000E+00
    3   13   -.914E-03   -.851E-03
    4    1    .151E-01    .148E-01
    4    2    .325E-04    .324E-04
    4    3    .440E-01    .437E-01
    4    4    .608E-03    .611E-03
    4    5    .340E-04    .292E-04
    4    6    .612E-03    .520E-03
    4    7    .137E+00    .137E+00
    4    8    .241E+00    .277E+00
    4    9    .935E-04    .102E-03
    4   10    .927E-02    .907E-02
    4   11    .161E-01    .152E-01
    4   12    .490E+00    .476E+00
    4   13    .267E-02    .259E-02
    5    1    .848E-02    .826E-02
    5    2    .163E-04    .162E-04
    5    3    .220E-01    .219E-01
    5    4    .288E-03    .289E-03
    5    5    .282E-04    .257E-04
    5    6    .192E-03    .149E-03
    5    7    .513E-01    .508E-01
    5    8    .403E-03    .419E-03
    5    9    .266E+00    .304E+00
    5   10    .282E-02    .275E-02
    5   11    .307E-02    .278E-02
    5   12    .105E+00    .100E+00
    5   13    .260E-03    .237E-03
    6    1    .529E-02    .515E-02
    6    2    .952E-05    .937E-05
    6    3    .128E-01    .128E-01
    6    4    .163E-03    .164E-03
    6    5    .183E-04    .170E-04
    6    6    .839E-04    .618E-04
    6    7    .263E-01    .260E-01
    6    8    .149E-03    .153E-03
    6    9    .186E-04    .233E-04
    6   10    .291E+00    .329E+00
    6   11    .203E-02    .192E-02
    6   12    .193E-01    .164E-01
    6   13    .146E-04    .868E-05
    7    1    .355E-02    .345E-02
    7    2    .609E-05    .597E-05
    7    3    .825E-02    .820E-02
    7    4    .103E-03    .103E-03
    7    5    .123E-04    .114E-04
    7    6    .445E-04    .317E-04
    7    7    .157E-01    .154E-01
    7    8    .778E-04    .792E-04
    7    9    .171E-05    .247E-05
    7   10    .428E-03    .395E-03
    7   11    .309E-03    .241E-03
    7   12    .361E-01    .353E-01
    7   13    .254E+00    .291E+00
  1  3  1    1  4  0       130
    1    1   -.615E+01   -.612E+01
    1    2   -.171E-01   -.167E-01
    1    3   -.922E-02   -.930E-02
    1    4   -.831E+00   -.823E+00
    1    5   -.116E-03   -.982E-04
    1    6   -.100E-02   -.104E-02
    1    7   -.123E-01   -.123E-01
    1    8   -.462E-01   -.456E-01
    1    9   -.208E+00   -.206E+00
    1   10   -.143E-04   -.103E-04
    2    1   -.115E+00   -.142E+00
    2    2   -.977E+01   -.981E+01
    2    3   -.130E+01   -.131E+01
    2    4   -.297E-02   -.296E-02
    2    5   -.417E+00   -.418E+00
    2    6   -.188E+00   -.187E+00
    2    7   -.973E-01   -.963E-01
    2    8   -.989E-03   -.984E-03
    2    9   -.444E-02   -.440E-02
    2   10   -.640E-01   -.632E-01
    3    1    .148E+00    .000E+00
    3    2   -.276E-02   -.266E-02
    3    3   -.162E+00   -.162E+00
    3    4   -.545E+01   -.546E+01
    3    5   -.924E-03   -.973E-03
    3    6   -.100E-01   -.103E-01
    3    7   -.614E-01   -.630E-01
    3    8   -.196E+00   -.200E+00
    3    9   -.855E+00   -.872E+00
    3   10   -.463E-04   -.593E-04
    4    1    .882E-03    .885E-03
    4    2    .497E-02    .000E+00
    4    3   -.795E+01   -.777E+01
    4    4   -.824E+00   -.891E+00
    4    5   -.171E+01   -.171E+01
    4    6   -.602E+00   -.620E+00
    4    7   -.262E+00   -.276E+00
    4    8   -.108E-01   -.109E-01
    4    9   -.326E-01   -.331E-01
    4   10   -.173E+00   -.184E+00
    5    1    .937E-03    .841E-03
    5    2    .654E-01    .637E-01
    5    3    .336E-01    .000E+00
    5    4   -.425E-01   -.413E-01
    5    5   -.769E+01   -.768E+01
    5    6   -.168E+01   -.167E+01
    5    7   -.525E+00   -.510E+00
    5    8   -.823E-01   -.929E-01
    5    9   -.323E+00   -.368E+00
    5   10   -.383E+00   -.382E+00
    6    1    .164E-02    .119E-02
    6    2    .256E+00    .293E+00
    6    3    .351E-07    .419E-06
    6    4    .827E-04    .000E+00
    6    5   -.645E-04   -.600E-04
    6    6   -.351E-04   -.328E-04
    6    7   -.542E-05   -.735E-05
    6    8   -.970E+01   -.969E+01
    6    9   -.209E+01   -.209E+01
    6   10   -.147E-03   -.148E-03
    7    1    .665E-01    .632E-01
    7    2    .445E-03    .456E-03
    7    3    .177E-02    .180E-02
    7    4    .211E+00    .000E+00
    7    5   -.382E-01   -.377E-01
    7    6   -.155E-01   -.151E-01
    7    7   -.233E+00   -.224E+00
    7    8   -.955E+00   -.915E+00
    7    9   -.457E+01   -.439E+01
    7   10   -.323E-02   -.305E-02
    8    1    .363E-05    .756E-05
    8    2    .106E-01    .924E-02
    8    3    .171E+00    .158E+00
    8    4    .722E-02    .715E-02
    8    5    .239E-01    .000E+00
    8    6   -.751E+01   -.745E+01
    8    7   -.162E+01   -.160E+01
    8    8   -.290E-01   -.284E-01
    8    9   -.116E+00   -.114E+00
    8   10   -.733E+00   -.717E+00
    9    1    .554E-04    .431E-04
    9    2    .346E-02    .277E-02
    9    3    .295E-01    .255E-01
    9    4    .627E-04    .853E-04
    9    5    .319E+00    .320E+00
    9    6    .324E-01    .000E+00
    9    7   -.730E+01   -.721E+01
    9    8   -.293E-01   -.290E-01
    9    9   -.117E+00   -.115E+00
    9   10   -.182E+01   -.179E+01
   10    1    .513E-03    .480E-03
   10    2    .142E-02    .106E-02
   10    3    .810E-02    .640E-02
   10    4    .553E-02    .579E-02
   10    5    .546E-01    .548E-01
   10    6    .486E+00    .500E+00
   10    7    .472E-01    .000E+00
   10    8   -.180E-01    .000E+00
   10    9   -.145E+00    .000E+00
   10   10   -.711E+01   -.702E+01
   11    1    .409E-03    .348E-03
   11    2    .183E-04    .145E-04
   11    3    .253E+00    .289E+00
   11    4    .135E-01    .137E-01
   11    5    .241E-05    .294E-05
   11    6    .384E-04    .368E-04
   11    7    .639E-02    .000E+00
   11    8    .232E-01    .000E+00
   11    9    .198E-02    .000E+00
   11   10   -.127E-01    .000E+00
   12    1    .119E-01    .120E-01
   12    2    .253E-03    .245E-03
   12    3    .779E-05    .138E-04
   12    4    .178E+00    .182E+00
   12    5    .331E-02    .338E-02
   12    6    .252E-02    .265E-02
   12    7    .707E-01    .000E+00
   12    8    .702E-01    .000E+00
   12    9    .227E+00    .000E+00
   12   10   -.361E+00    .000E+00
   13    1    .358E-05    .620E-05
   13    2    .910E-03    .682E-03
   13    3    .537E-02    .440E-02
   13    4    .353E-03    .337E-03
   13    5    .208E-01    .209E-01
   13    6    .919E-01    .959E-01
   13    7    .617E+00    .637E+00
   13    8    .711E-02    .000E+00
   13    9    .533E-01    .000E+00
   13   10    .673E-01    .000E+00
  3  0  0    3  1  1       204
    1    1    .295E+00    .300E+00
    1    2   -.809E+00   -.849E+00
    1    3   -.325E+00   -.370E+00
    1    4   -.103E-01   -.110E-01
    1    5   -.884E+00   -.881E+00
    1    6   -.249E-03   -.271E-03
    1    7   -.303E-01   -.297E-01
    1    8   -.247E+00   -.246E+00
    1    9   -.121E+00   -.120E+00
    1   10   -.365E-06   -.421E-07
    1   11   -.745E-02   -.729E-02
    1   12   -.610E-01   -.605E-01
    1   13   -.399E-01   -.395E-01
    1   14   -.749E-03   -.759E-03
    1   15   -.284E-01   -.281E-01
    1   16   -.143E-02   -.140E-02
    1   17   -.175E-01   -.174E-01
    2    1    .249E+00    .246E+00
    2    2    .173E+00    .192E+00
    2    3    .268E+00    .282E+00
    2    4   -.403E+00   -.400E+00
    2    5   -.169E-01   -.178E-01
    2    6   -.914E-01   -.947E-01
    2    7   -.148E+01   -.150E+01
    2    8   -.286E-01   -.294E-01
    2    9   -.111E-05   -.317E-05
    2   10   -.226E-01   -.234E-01
    2   11   -.385E+00   -.388E+00
    2   12   -.622E-02   -.637E-02
    2   13   -.626E-03   -.653E-03
    2   14   -.104E-01   -.108E-01
    2   15   -.133E-02   -.129E-02
    2   16   -.163E+00   -.164E+00
    2   17   -.178E-02   -.181E-02
    3    1    .466E-01    .495E-01
    3    2    .493E+00    .511E+00
    3    3    .311E-02    .352E-02
    3    4    .440E-02    .457E-02
    3    5   -.119E+01    .000E+00
    3    6   -.328E+00   -.368E+00
    3    7   -.913E-02   -.920E-02
    3    8   -.938E+00   -.922E+00
    3    9   -.289E+00   -.291E+00
    3   10   -.233E-03   -.293E-03
    3   11   -.133E-02   -.125E-02
    3   12   -.129E+00   -.131E+00
    3   13   -.734E-01   -.745E-01
    3   14   -.585E-03   -.535E-03
    3   15   -.459E-01   -.464E-01
    3   16   -.543E-05   -.113E-04
    3   17   -.302E-01   -.305E-01
    4    1    .818E-01    .813E-01
    4    2    .940E-02    .927E-02
    4    3    .261E+00    .264E+00
    4    4    .168E+00    .176E+00
    4    5    .249E+00    .273E+00
    4    6    .315E+00    .000E+00
    4    7   -.583E+00    .000E+00
    4    8   -.479E-01   -.488E-01
    4    9   -.229E-01   -.210E-01
    4   10   -.214E+00   -.215E+00
    4   11   -.142E+01   -.142E+01
    4   12   -.336E-02   -.394E-02
    4   13   -.389E-03   -.269E-03
    4   14   -.454E-01   -.466E-01
    4   15   -.943E-02   -.907E-02
    4   16   -.381E+00   -.389E+00
    4   17   -.736E-03   -.868E-03
    5    1    .995E-02    .108E-01
    5    2    .946E-01    .995E-01
    5    3    .191E-02    .179E-02
    5    4    .467E-02    .500E-02
    5    5    .736E+00    .719E+00
    5    6    .765E-02    .820E-02
    5    7    .324E-02    .245E-02
    5    8   -.146E+01    .000E+00
    5    9   -.111E+01   -.102E+01
    5   10   -.210E+00   -.248E+00
    5   11   -.219E-01   -.216E-01
    5   12   -.314E+00   -.275E+00
    5   13   -.143E+00   -.124E+00
    5   14   -.258E-05   -.214E-05
    5   15   -.727E-01   -.635E-01
    5   16   -.114E-01   -.110E-01
    5   17   -.527E-01   -.468E-01
    6    1    .122E-01    .128E-01
    6    2    .409E-01    .430E-01
    6    3    .103E-02    .112E-02
    6    4    .568E-05    .523E-05
    6    5    .168E+00    .169E+00
    6    6    .111E-01    .115E-01
    6    7    .181E-01    .184E-01
    6    8    .123E+01    .125E+01
    6    9   -.190E+01    .000E+00
    6   10   -.351E-02   -.288E-02
    6   11   -.628E-02   -.568E-02
    6   12   -.112E+01   -.108E+01
    6   13   -.359E+00   -.346E+00
    6   14   -.416E+00   -.462E+00
    6   15   -.124E+00   -.116E+00
    6   16   -.732E-02   -.725E-02
    6   17   -.798E-01   -.763E-01
    7    1    .317E-01    .313E-01
    7    2    .115E-02    .108E-02
    7    3    .748E-01    .756E-01
    7    4    .321E-01    .344E-01
    7    5    .679E-03    .757E-03
    7    6    .286E+00    .283E+00
    7    7    .339E+00    .329E+00
    7    8    .637E-01    .773E-01
    7    9    .679E-01    .666E-01
    7   10    .408E+00    .000E+00
    7   11   -.739E+00    .000E+00
    7   12   -.106E+00   -.104E+00
    7   13   -.217E-03   -.211E-03
    7   14   -.191E+00   -.164E+00
    7   15   -.228E-01   -.220E-01
    7   16   -.139E+01   -.130E+01
    7   17   -.574E-02   -.528E-02
    8    1    .292E-02    .320E-02
    8    2    .192E-01    .202E-01
    8    3    .474E-03    .437E-03
    8    4    .715E-03    .772E-03
    8    5    .644E-01    .662E-01
    8    6    .498E-03    .421E-03
    8    7    .181E-03    .135E-03
    8    8    .211E+00    .211E+00
    8    9    .146E+01    .147E+01
    8   10    .342E-05    .225E-07
    8   11    .222E-01    .219E-01
    8   12   -.209E+01    .000E+00
    8   13   -.127E+01   -.127E+01
    8   14   -.232E-03   -.202E-03
    8   15   -.340E+00   -.339E+00
    8   16   -.587E-01   -.571E-01
    8   17   -.184E+00   -.183E+00
    9    1    .343E-02    .365E-02
    9    2    .121E-01    .127E-01
    9    3    .223E-04    .303E-04
    9    4    .446E-04    .488E-04
    9    5    .347E-01    .362E-01
    9    6    .361E-03    .407E-03
    9    7    .634E-03    .676E-03
    9    8    .898E-01    .907E-01
    9    9    .341E+00    .339E+00
    9   10    .198E-02    .214E-02
    9   11    .356E-02    .364E-02
    9   12    .184E+01    .182E+01
    9   13   -.251E+01    .000E+00
    9   14   -.165E-01   -.162E-01
    9   15   -.130E+01   -.130E+01
    9   16   -.317E-01   -.319E-01
    9   17   -.404E+00   -.406E+00
   10    1    .869E-02    .890E-02
   10    2    .828E-02    .864E-02
   10    3    .518E-02    .530E-02
   10    4    .133E-02    .142E-02
   10    5    .197E-01    .208E-01
   10    6    .149E-01    .151E-01
   10    7    .129E-01    .129E-01
   10    8    .382E-01    .388E-01
   10    9    .240E+00    .245E+00
   10   10    .521E-01    .530E-01
   10   11    .832E-01    .834E-01
   10   12    .309E+00    .302E+00
   10   13    .204E+01    .202E+01
   10   14    .106E+00    .000E+00
   10   15   -.308E+01    .000E+00
   10   16   -.781E-02    .000E+00
   10   17   -.103E+01   -.104E+01
   11    1    .110E-01    .107E-01
   11    2    .577E-04    .779E-04
   11    3    .288E-01    .289E-01
   11    4    .109E-01    .118E-01
   11    5    .101E-02    .104E-02
   11    6    .705E-01    .702E-01
   11    7    .532E-01    .527E-01
   11    8    .821E-02    .809E-02
   11    9    .620E-01    .736E-01
   11   10    .240E+00    .241E+00
   11   11    .362E+00    .362E+00
   11   12    .699E-01    .694E-01
   11   13    .161E+00    .160E+00
   11   14    .304E+00    .000E+00
   11   15    .466E+00    .000E+00
   11   16   -.963E+00    .000E+00
   11   17   -.527E+00   -.526E+00
   12    1    .867E-03    .953E-03
   12    2    .504E-02    .532E-02
   12    3    .153E-03    .141E-03
   12    4    .181E-03    .196E-03
   12    5    .131E-01    .139E-01
   12    6    .165E-03    .145E-03
   12    7    .332E-04    .272E-04
   12    8    .289E-01    .293E-01
   12    9    .515E-01    .486E-01
   12   10    .561E-03    .517E-03
   12   11    .544E-03    .528E-03
   12   12    .161E+00    .156E+00
   12   13    .453E+00    .445E+00
   12   14    .346E-01    .343E-01
   12   15    .227E+01    .225E+01
   12   16    .155E+00    .000E+00
   12   17   -.300E+01    .000E+00
  3  1  0    3  1  1       153
    1    1    .987E+00    .114E+01
    1    2   -.129E-01   -.114E-01
    1    3   -.725E+00   -.746E+00
    1    4   -.260E+01   -.262E+01
    1    5   -.708E-03   -.599E-03
    1    6   -.122E+00   -.126E+00
    1    7   -.536E+00   -.521E+00
    1    8   -.538E-02   -.498E-02
    1    9   -.993E-06   -.309E-05
    1   10   -.439E-01   -.454E-01
    1   11   -.206E+00   -.200E+00
    1   12   -.155E-02   -.142E-02
    1   13   -.963E-04   -.805E-04
    1   14   -.198E-01   -.205E-01
    1   15   -.386E-02   -.387E-02
    1   16   -.101E+00   -.975E-01
    1   17   -.509E-03   -.466E-03
    2    1    .792E+00    .769E+00
    2    2    .388E+00    .447E+00
    2    3    .105E+01    .112E+01
    2    4   -.134E+00   -.128E+00
    2    5   -.214E-02   -.320E-02
    2    6   -.763E+00   -.778E+00
    2    7   -.108E+01   -.106E+01
    2    8   -.424E-02   -.340E-02
    2    9   -.751E-04   -.143E-03
    2   10   -.148E+00   -.151E+00
    2   11   -.272E+00   -.265E+00
    2   12   -.997E-03   -.788E-03
    2   13   -.143E-04   -.229E-05
    2   14   -.536E-01   -.549E-01
    2   15   -.645E-02   -.666E-02
    2   16   -.111E+00   -.107E+00
    2   17   -.302E-03   -.239E-03
    3    1    .229E+00    .221E+00
    3    2    .132E-03    .138E-04
    3    3    .869E+00    .861E+00
    3    4    .201E-01    .184E-01
    3    5    .356E+00    .396E+00
    3    6    .141E+01    .136E+01
    3    7   -.226E+00    .000E+00
    3    8   -.465E-02   -.563E-02
    3    9   -.100E-02   -.124E-02
    3   10   -.110E+01   -.111E+01
    3   11   -.996E+00   -.100E+01
    3   12   -.160E-02   -.144E-02
    3   13   -.137E-06   -.388E-05
    3   14   -.212E+00   -.222E+00
    3   15   -.198E-01   -.208E-01
    3   16   -.263E+00   -.269E+00
    3   17   -.449E-03   -.413E-03
    4    1    .992E-01    .956E-01
    4    2    .174E-04    .402E-06
    4    3    .259E+00    .256E+00
    4    4    .349E-02    .310E-02
    4    5    .221E-05    .142E-04
    4    6    .947E+00    .913E+00
    4    7    .109E+00    .102E+00
    4    8    .328E+00    .372E+00
    4    9    .134E-02    .901E-03
    4   10    .176E+01    .000E+00
    4   11   -.318E+00    .000E+00
    4   12   -.361E-02   -.412E-02
    4   13   -.889E-03   -.104E-02
    4   14   -.139E+01   -.128E+01
    4   15   -.997E-01   -.949E-01
    4   16   -.943E+00   -.895E+00
    4   17   -.665E-03   -.564E-03
    5    1    .525E-01    .503E-01
    5    2    .903E-06    .628E-05
    5    3    .117E+00    .115E+00
    5    4    .130E-02    .114E-02
    5    5    .105E-04    .227E-04
    5    6    .285E+00    .279E+00
    5    7    .175E-01    .164E-01
    5    8    .140E-04    .711E-05
    5    9    .299E+00    .342E+00
    5   10    .114E+01    .114E+01
    5   11    .127E+00    .122E+00
    5   12    .284E-03    .369E-03
    5   13    .697E-05    .212E-06
    5   14    .208E+01    .000E+00
    5   15    .302E-01    .000E+00
    5   16   -.403E+00    .000E+00
    5   17   -.239E-02   -.269E-02
    6    1    .314E-01    .300E-01
    6    2    .220E-06    .964E-05
    6    3    .639E-01    .630E-01
    6    4    .661E-03    .575E-03
    6    5    .718E-05    .146E-04
    6    6    .131E+00    .130E+00
    6    7    .638E-02    .614E-02
    6    8    .121E-05    .211E-07
    6    9    .114E-03    .128E-03
    6   10    .306E+00    .304E+00
    6   11    .491E-01    .490E-01
    6   12    .332E+00    .378E+00
    6   13    .229E-03    .286E-03
    6   14    .116E+01    .115E+01
    6   15    .381E-01    .371E-01
    6   16    .233E+00    .229E+00
    6   17    .252E-03    .290E-03
    7    1    .203E-01    .195E-01
    7    2    .121E-05    .102E-04
    7    3    .394E-01    .387E-01
    7    4    .392E-03    .339E-03
    7    5    .451E-05    .918E-05
    7    6    .730E-01    .730E-01
    7    7    .315E-02    .309E-02
    7    8    .237E-06    .100E-06
    7    9    .104E-03    .118E-03
    7   10    .143E+00    .142E+00
    7   11    .156E-01    .152E-01
    7   12    .164E-04    .145E-04
    7   13    .332E+00    .379E+00
    7   14    .358E+00    .351E+00
    7   15    .803E-02    .745E-02
    7   16    .408E-01    .380E-01
    7   17    .708E-04    .826E-04
    8    1    .140E-01    .133E-01
    8    2    .186E-05    .950E-05
    8    3    .261E-01    .257E-01
    8    4    .255E-03    .220E-03
    8    5    .292E-05    .604E-05
    8    6    .456E-01    .459E-01
    8    7    .183E-02    .181E-02
    8    8    .719E-07    .169E-06
    8    9    .734E-04    .839E-04
    8   10    .808E-01    .801E-01
    8   11    .756E-02    .728E-02
    8   12    .240E-05    .153E-05
    8   13    .208E-04    .205E-04
    8   14    .115E+00    .107E+00
    8   15    .403E+00    .452E+00
    8   16    .103E-02    .358E-03
    8   17    .897E-04    .104E-03
    9    1    .100E-01    .958E-02
    9    2    .210E-05    .837E-05
    9    3    .183E-01    .180E-01
    9    4    .177E-03    .152E-03
    9    5    .198E-05    .415E-05
    9    6    .307E-01    .310E-01
    9    7    .117E-02    .117E-02
    9    8    .291E-07    .167E-06
    9    9    .520E-04    .597E-04
    9   10    .510E-01    .505E-01
    9   11    .436E-02    .417E-02
    9   12    .763E-06    .349E-06
    9   13    .132E-05    .905E-06
    9   14    .838E-01    .796E-01
    9   15    .353E-02    .337E-02
    9   16    .165E-01    .157E-01
    9   17    .335E+00    .383E+00
  3  1  0    3  2  1        72
    1    1   -.838E+01   -.837E+01
    1    2   -.170E+01   -.168E+01
    1    3   -.651E+00   -.642E+00
    1    4   -.324E+00   -.319E+00
    1    5   -.187E+00   -.184E+00
    1    6   -.118E+00   -.117E+00
    1    7   -.802E-01   -.788E-01
    1    8   -.569E-01   -.560E-01
    2    1   -.430E+00    .000E+00
    2    2   -.359E+01   -.357E+01
    2    3   -.872E+00   -.862E+00
    2    4   -.358E+00   -.353E+00
    2    5   -.186E+00   -.184E+00
    2    6   -.111E+00   -.109E+00
    2    7   -.720E-01   -.709E-01
    2    8   -.496E-01   -.489E-01
    3    1    .199E+00    .196E+00
    3    2   -.789E+00    .000E+00
    3    3   -.342E+01   -.344E+01
    3    4   -.908E+00   -.933E+00
    3    5   -.395E+00   -.407E+00
    3    6   -.214E+00   -.220E+00
    3    7   -.131E+00   -.134E+00
    3    8   -.869E-01   -.889E-01
    4    1    .397E-01    .391E-01
    4    2    .470E+00    .443E+00
    4    3   -.110E+01    .000E+00
    4    4   -.342E+01   -.323E+01
    4    5   -.938E+00   -.870E+00
    4    6   -.417E+00   -.389E+00
    4    7   -.230E+00   -.216E+00
    4    8   -.143E+00   -.136E+00
    5    1    .153E-01    .151E-01
    5    2    .941E-01    .909E-01
    5    3    .786E+00    .787E+00
    5    4   -.139E+01    .000E+00
    5    5   -.350E+01   -.344E+01
    5    6   -.973E+00   -.955E+00
    5    7   -.438E+00   -.430E+00
    5    8   -.243E+00   -.240E+00
    6    1    .778E-02    .764E-02
    6    2    .363E-01    .361E-01
    6    3    .161E+00    .160E+00
    6    4    .113E+01    .112E+01
    6    5   -.167E+01    .000E+00
    6    6   -.363E+01   -.364E+01
    6    7   -.101E+01   -.102E+01
    6    8   -.458E+00   -.459E+00
    7    1    .458E-02    .449E-02
    7    2    .184E-01    .186E-01
    7    3    .629E-01    .621E-01
    7    4    .235E+00    .227E+00
    7    5    .149E+01    .147E+01
    7    6   -.195E+01    .000E+00
    7    7   -.379E+01   -.382E+01
    7    8   -.106E+01   -.106E+01
    8    1    .296E-02    .290E-02
    8    2    .109E-01    .111E-01
    8    3    .322E-01    .316E-01
    8    4    .925E-01    .869E-01
    8    5    .313E+00    .301E+00
    8    6    .187E+01    .184E+01
    8    7   -.222E+01    .000E+00
    8    8   -.397E+01   -.399E+01
    9    1    .203E-02    .199E-02
    9    2    .701E-02    .724E-02
    9    3    .191E-01    .186E-01
    9    4    .475E-01    .438E-01
    9    5    .124E+00    .117E+00
    9    6    .395E+00    .383E+00
    9    7    .225E+01    .222E+01
    9    8   -.248E+01    .000E+00
  3  1  1    3  2  0       255
    1    1   -.642E+01   -.641E+01
    1    2   -.763E+00   -.742E+00
    1    3   -.119E+01   -.118E+01
    1    4   -.308E+00   -.303E+00
    1    5   -.614E-03   -.570E-03
    1    6   -.431E+00   -.427E+00
    1    7   -.237E+00   -.234E+00
    1    8   -.125E+00   -.123E+00
    1    9   -.761E-04   -.648E-04
    1   10   -.122E+00   -.120E+00
    1   11   -.812E-01   -.804E-01
    1   12   -.120E+00   -.118E+00
    1   13   -.609E-02   -.615E-02
    1   14   -.188E-06   -.961E-08
    1   15   -.369E-01   -.366E-01
    2    1   -.537E+00    .000E+00
    2    2   -.641E+00   -.716E+00
    2    3   -.465E+01   -.465E+01
    2    4   -.628E-03   -.649E-03
    2    5   -.660E-01   -.671E-01
    2    6   -.114E+01   -.114E+01
    2    7   -.487E+00   -.484E+00
    2    8   -.123E-05   -.459E-06
    2    9   -.155E-01   -.158E-01
    2   10   -.250E+00   -.248E+00
    2   11   -.152E+00   -.151E+00
    2   12   -.265E-01   -.265E-01
    2   13   -.745E-01   -.739E-01
    2   14   -.544E-02   -.562E-02
    2   15   -.680E-01   -.675E-01
    3    1    .227E-01    .226E-01
    3    2   -.104E+01   -.111E+01
    3    3   -.170E-02   -.186E-02
    3    4   -.162E+01   -.162E+01
    3    5   -.125E+00   -.127E+00
    3    6   -.271E-02   -.277E-02
    3    7   -.227E-05   -.164E-05
    3    8   -.449E+00   -.448E+00
    3    9   -.312E-01   -.318E-01
    3   10   -.858E-03   -.857E-03
    3   11   -.185E-03   -.186E-03
    3   12   -.146E+00   -.146E+00
    3   13   -.510E-01   -.508E-01
    3   14   -.132E-01   -.135E-01
    3   15   -.275E-03   -.275E-03
    4    1    .493E+00    .542E+00
    4    2    .137E+00    .136E+00
    4    3   -.842E-01   -.811E-01
    4    4   -.145E+00   -.147E+00
    4    5   -.882E+01   -.871E+01
    4    6   -.314E-01   -.302E-01
    4    7   -.140E-02   -.123E-02
    4    8   -.326E-01   -.330E-01
    4    9   -.143E+01   -.140E+01
    4   10   -.691E-02   -.655E-02
    4   11   -.171E-02   -.159E-02
    4   12   -.983E-02   -.100E-01
    4   13   -.369E-02   -.362E-02
    4   14   -.503E+00   -.493E+00
    4   15   -.147E-02   -.139E-02
    5    1    .240E+00    .242E+00
    5    2    .238E-04    .964E-05
    5    3   -.109E+01    .000E+00
    5    4   -.599E+00   -.690E+00
    5    5   -.107E-01   -.105E-01
    5    6   -.442E+01   -.443E+01
    5    7   -.120E+01   -.123E+01
    5    8   -.662E-03   -.571E-03
    5    9   -.280E-02   -.287E-02
    5   10   -.521E+00   -.534E+00
    5   11   -.284E+00   -.291E+00
    5   12   -.407E-01   -.420E-01
    5   13   -.135E+00   -.137E+00
    5   14   -.948E-03   -.990E-03
    5   15   -.115E+00   -.117E+00
    6    1    .755E-02    .635E-02
    6    2    .670E+00    .696E+00
    6    3    .402E-02    .686E-02
    6    4   -.151E+01    .000E+00
    6    5   -.345E-01   -.365E-01
    6    6   -.256E-02   -.143E-02
    6    7   -.416E-02   -.486E-02
    6    8   -.180E+01   -.178E+01
    6    9   -.637E-01   -.631E-01
    6   10   -.308E-03   -.189E-03
    6   11   -.219E-04   -.586E-04
    6   12   -.390E+00   -.399E+00
    6   13   -.116E+00   -.117E+00
    6   14   -.200E-01   -.201E-01
    6   15   -.734E-04   -.445E-04
    7    1    .993E-02    .995E-02
    7    2    .843E-01    .863E-01
    7    3    .555E+00    .605E+00
    7    4    .116E+00    .000E+00
    7    5   -.269E+00    .000E+00
    7    6   -.114E+00   -.111E+00
    7    7   -.177E-01   -.169E-01
    7    8   -.216E+00   -.220E+00
    7    9   -.740E+01   -.739E+01
    7   10   -.167E-02   -.187E-02
    7   11   -.229E-03   -.190E-03
    7   12   -.440E-01   -.453E-01
    7   13   -.196E-02   -.215E-02
    7   14   -.163E+01   -.165E+01
    7   15   -.916E-04   -.102E-03
    8    1    .420E-01    .429E-01
    8    2    .130E-02    .141E-02
    8    3    .535E+00    .504E+00
    8    4    .454E-03    .265E-03
    8    5    .376E-02    .372E-02
    8    6   -.144E+01    .000E+00
    8    7   -.462E+01   -.436E+01
    8    8   -.353E+00   -.423E+00
    8    9   -.117E+00   -.118E+00
    8   10   -.123E+01   -.113E+01
    8   11   -.547E+00   -.507E+00
    8   12   -.493E-01   -.462E-01
    8   13   -.250E+00   -.235E+00
    8   14   -.125E-01   -.125E-01
    8   15   -.190E+00   -.180E+00
    9    1    .185E-01    .188E-01
    9    2    .821E-03    .827E-03
    9    3    .121E+00    .118E+00
    9    4    .133E-01    .126E-01
    9    5    .389E-02    .375E-02
    9    6    .114E+01    .116E+01
    9    7   -.204E+01    .000E+00
    9    8   -.205E-02   -.234E-02
    9    9   -.107E-02   -.115E-02
    9   10   -.453E+01   -.445E+01
    9   11   -.130E+01   -.128E+01
    9   12   -.119E+01   -.127E+01
    9   13   -.791E-01   -.638E-01
    9   14   -.481E-02   -.415E-02
    9   15   -.305E+00   -.300E+00
   10    1    .204E-02    .166E-02
   10    2    .145E+00    .152E+00
   10    3    .191E-03    .566E-04
   10    4    .114E+01    .111E+01
   10    5    .841E-02    .849E-02
   10    6    .147E-01    .173E-01
   10    7    .929E-02    .000E+00
   10    8   -.194E+01    .000E+00
   10    9   -.573E-01   -.609E-01
   10   10   -.287E-01   -.256E-01
   10   11   -.143E-02   -.111E-02
   10   12   -.137E+01   -.125E+01
   10   13   -.446E+00   -.403E+00
   10   14   -.466E-01   -.432E-01
   10   15   -.131E-02   -.107E-02
   11    1    .225E-02    .226E-02
   11    2    .214E-01    .218E-01
   11    3    .262E-02    .253E-02
   11    4    .943E-01    .923E-01
   11    5    .146E+00    .137E+00
   11    6    .355E+00    .402E+00
   11    7    .829E-01    .775E-01
   11    8    .143E+00    .000E+00
   11    9   -.467E+00    .000E+00
   11   10   -.203E+00   -.194E+00
   11   11   -.242E-02   -.207E-02
   11   12   -.143E+00   -.130E+00
   11   13   -.132E-01   -.110E-01
   11   14   -.690E+01   -.659E+01
   11   15   -.279E-02   -.249E-02
   12    1    .770E-02    .788E-02
   12    2    .279E-03    .297E-03
   12    3    .437E-01    .441E-01
   12    4    .364E-03    .400E-03
   12    5    .384E-05    .187E-05
   12    6    .176E+00    .174E+00
   12    7    .151E+01    .151E+01
   12    8    .262E-02    .294E-02
   12    9    .277E-03    .154E-03
   12   10   -.219E+01    .000E+00
   12   11   -.482E+01   -.483E+01
   12   12   -.221E+00   -.225E+00
   12   13   -.111E+01   -.111E+01
   12   14   -.818E-01   -.785E-01
   12   15   -.620E+00   -.620E+00
   13    1    .497E-02    .507E-02
   13    2    .487E-05    .426E-05
   13    3    .231E-01    .238E-01
   13    4    .227E-03    .198E-03
   13    5    .156E-03    .156E-03
   13    6    .768E-01    .758E-01
   13    7    .341E+00    .332E+00
   13    8    .150E-02    .142E-02
   13    9    .312E-02    .300E-02
   13   10    .202E+01    .199E+01
   13   11   -.274E+01    .000E+00
   13   12   -.111E+01   -.112E+01
   13   13   -.383E+01   -.385E+01
   13   14   -.312E-01   -.302E-01
   13   15   -.140E+01   -.141E+01
   14    1    .167E-02    .145E-02
   14    2    .589E-01    .618E-01
   14    3    .839E-03    .634E-03
   14    4    .246E+00    .246E+00
   14    5    .950E-03    .102E-02
   14    6    .368E-03    .237E-03
   14    7    .290E-02    .209E-02
   14    8    .164E+01    .165E+01
   14    9    .153E-01    .156E-01
   14   10    .156E-02    .106E-02
   14   11    .537E-01    .500E-01
   14   12   -.229E+01    .000E+00
   14   13   -.161E+00    .000E+00
   14   14   -.736E-01    .000E+00
   14   15   -.217E-01   -.234E-01
   15    1    .320E-02    .331E-02
   15    2    .978E-04    .111E-03
   15    3    .138E-01    .144E-01
   15    4    .345E-03    .381E-03
   15    5    .157E-02    .156E-02
   15    6    .402E-01    .396E-01
   15    7    .211E+00    .208E+00
   15    8    .487E-02    .509E-02
   15    9    .217E-01    .216E-01
   15   10    .419E+00    .405E+00
   15   11    .252E+01    .248E+01
   15   12   -.227E+00    .000E+00
   15   13   -.320E+01    .000E+00
   15   14   -.212E-01    .000E+00
   15   15   -.481E+01   -.483E+01
   16    1    .605E-03    .612E-03
   16    2    .910E-02    .924E-02
   16    3    .177E-03    .152E-03
   16    4    .246E-01    .243E-01
   16    5    .238E-01    .234E-01
   16    6    .369E-06    .885E-06
   16    7    .331E+00    .376E+00
   16    8    .803E-01    .796E-01
   16    9    .315E+00    .317E+00
   16   10    .477E-02    .510E-02
   16   11    .578E-02    .610E-02
   16   12    .194E-02    .000E+00
   16   13    .558E+00    .000E+00
   16   14   -.581E+00    .000E+00
   16   15   -.571E+00   -.567E+00
   17    1    .192E-02    .196E-02
   17    2    .759E-04    .801E-04
   17    3    .837E-02    .883E-02
   17    4    .911E-04    .102E-03
   17    5    .848E-06    .743E-06
   17    6    .232E-01    .228E-01
   17    7    .475E-01    .426E-01
   17    8    .409E-03    .427E-03
   17    9    .202E-04    .259E-04
   17   10    .171E+00    .163E+00
   17   11    .527E+00    .513E+00
   17   12    .635E+00    .623E+00
   17   13    .234E+01    .232E+01
   17   14    .544E-03    .000E+00
   17   15   -.325E+01    .000E+00
  3  2  0    3  2  1       120
    1    1   -.776E+00   -.859E+00
    1    2   -.664E-02   -.614E-02
    1    3   -.211E-02   -.194E-02
    1    4   -.904E-03   -.829E-03
    1    5   -.469E-03   -.429E-03
    1    6   -.275E-03   -.251E-03
    1    7   -.175E-03   -.160E-03
    1    8   -.119E-03   -.109E-03
    2    1   -.208E+00   -.214E+00
    2    2   -.108E+01   -.109E+01
    2    3   -.291E+00   -.293E+00
    2    4   -.126E+00   -.126E+00
    2    5   -.674E-01   -.678E-01
    2    6   -.410E-01   -.412E-01
    2    7   -.270E-01   -.272E-01
    2    8   -.188E-01   -.189E-01
    3    1    .255E-03    .136E-03
    3    2   -.652E+00   -.737E+00
    3    3   -.641E-05   -.323E-05
    3    4   -.302E-04   -.267E-04
    3    5   -.220E-04   -.201E-04
    3    6   -.146E-04   -.134E-04
    3    7   -.986E-05   -.910E-05
    3    8   -.693E-05   -.639E-05
    4    1    .704E-01    .742E-01
    4    2   -.392E+00    .000E+00
    4    3   -.987E+00   -.989E+00
    4    4   -.283E+00   -.289E+00
    4    5   -.127E+00   -.129E+00
    4    6   -.695E-01   -.709E-01
    4    7   -.430E-01   -.437E-01
    4    8   -.287E-01   -.291E-01
    5    1    .174E+01    .171E+01
    5    2    .716E-01    .000E+00
    5    3   -.462E-01   -.478E-01
    5    4   -.789E-02   -.870E-02
    5    5   -.288E-02   -.325E-02
    5    6   -.142E-02   -.160E-02
    5    7   -.819E-03   -.915E-03
    5    8   -.523E-03   -.579E-03
    6    1    .117E-02    .991E-03
    6    2    .160E-03    .118E-03
    6    3   -.625E+00   -.709E+00
    6    4   -.441E-03   -.466E-03
    6    5   -.106E-03   -.112E-03
    6    6   -.422E-04   -.445E-04
    6    7   -.215E-04   -.225E-04
    6    8   -.127E-04   -.132E-04
    7    1    .221E-04    .123E-04
    7    2    .145E-05    .474E-05
    7    3   -.183E-02   -.165E-02
    7    4   -.520E+00   -.597E+00
    7    5   -.871E-04   -.678E-04
    7    6   -.870E-04   -.761E-04
    7    7   -.629E-04   -.570E-04
    7    8   -.450E-04   -.417E-04
    8    1    .119E-01    .129E-01
    8    2    .155E+00    .146E+00
    8    3   -.523E+00    .000E+00
    8    4   -.108E+01   -.103E+01
    8    5   -.271E+00   -.249E+00
    8    6   -.127E+00   -.117E+00
    8    7   -.711E-01   -.664E-01
    8    8   -.447E-01   -.422E-01
    9    1    .294E+00    .286E+00
    9    2    .143E+01    .139E+01
    9    3    .124E+00    .000E+00
    9    4   -.868E-01   -.722E-01
    9    5   -.250E-01   -.205E-01
    9    6   -.843E-02   -.670E-02
    9    7   -.411E-02   -.333E-02
    9    8   -.237E-02   -.198E-02
   10    1    .386E-03    .333E-03
   10    2    .754E-03    .717E-03
   10    3    .441E-04    .279E-04
   10    4   -.499E-03   -.446E-03
   10    5   -.581E+00   -.661E+00
   10    6   -.228E-03   -.240E-03
   10    7   -.762E-04   -.785E-04
   10    8   -.380E-04   -.388E-04
   11    1    .761E-04    .612E-04
   11    2    .954E-04    .867E-04
   11    3    .444E-04    .355E-04
   11    4   -.559E-03   -.514E-03
   11    5   -.121E-03   -.142E-03
   11    6   -.561E+00   -.641E+00
   11    7   -.504E-04   -.578E-04
   11    8   -.807E-05   -.929E-05
   12    1    .294E-02    .321E-02
   12    2    .201E-01    .195E-01
   12    3    .180E+00    .179E+00
   12    4   -.507E+00    .000E+00
   12    5   -.783E+00   -.770E+00
   12    6   -.240E+00   -.237E+00
   12    7   -.959E-03   -.337E-02
   12    8   -.515E-01   -.502E-01
   13    1    .125E-02    .139E-02
   13    2    .860E-02    .841E-02
   13    3    .738E-01    .738E-01
   13    4   -.135E+00    .000E+00
   13    5   -.247E+00   -.243E+00
   13    6   -.691E-01   -.677E-01
   13    7   -.708E+00   -.784E+00
   13    8   -.185E-01   -.182E-01
   14    1    .105E+00    .102E+00
   14    2    .324E+00    .318E+00
   14    3    .133E+01    .132E+01
   14    4    .168E+00    .000E+00
   14    5   -.164E+00   -.168E+00
   14    6   -.316E-01   -.324E-01
   14    7   -.700E-02   -.692E-02
   14    8   -.821E-02   -.852E-02
   15    1    .780E-04    .656E-04
   15    2    .109E-03    .103E-03
   15    3    .146E-03    .135E-03
   15    4    .409E-04    .234E-04
   15    5   -.332E-03   -.302E-03
   15    6   -.155E-04   -.107E-04
   15    7   -.139E-04   -.209E-04
   15    8   -.570E+00   -.650E+00
  3  2  0    3  3  1       195
    1    1   -.225E+00   -.288E+00
    1    2   -.146E+02   -.145E+02
    1    3   -.158E-01   -.166E-01
    1    4   -.246E+01   -.245E+01
    1    5   -.870E+00   -.864E+00
    1    6   -.133E-01   -.138E-01
    1    7   -.140E-05   -.521E-05
    1    8   -.421E+00   -.419E+00
    1    9   -.239E+00   -.237E+00
    1   10   -.142E+00   -.141E+00
    1   11   -.156E-01   -.159E-01
    1   12   -.119E-03   -.981E-04
    1   13   -.103E+00   -.102E+00
    2    1   -.885E+00    .000E+00
    2    2   -.262E+00   -.256E+00
    2    3   -.660E+01   -.661E+01
    2    4   -.128E-01   -.122E-01
    2    5   -.106E-01   -.102E-01
    2    6   -.161E+01   -.161E+01
    2    7   -.146E-02   -.139E-02
    2    8   -.289E-02   -.275E-02
    2    9   -.258E-02   -.248E-02
    2   10   -.164E-01   -.162E-01
    2   11   -.653E+00   -.651E+00
    2   12   -.162E-02   -.155E-02
    2   13   -.512E-03   -.484E-03
    3    1    .183E-01    .218E-01
    3    2   -.689E+00    .000E+00
    3    3   -.358E+00   -.418E+00
    3    4   -.125E+02   -.125E+02
    3    5   -.280E+01   -.284E+01
    3    6   -.281E-03   -.133E-03
    3    7   -.344E-02   -.342E-02
    3    8   -.111E+01   -.113E+01
    3    9   -.572E+00   -.576E+00
    3   10   -.331E+00   -.332E+00
    3   11   -.729E-02   -.684E-02
    3   12   -.229E-02   -.231E-02
    3   13   -.220E+00   -.220E+00
    4    1    .320E+00    .339E+00
    4    2    .894E-02    .111E-01
    4    3   -.150E+01    .000E+00
    4    4   -.832E-01   -.887E-01
    4    5   -.759E-02   -.843E-02
    4    6   -.639E+01   -.636E+01
    4    7   -.308E-03   -.331E-03
    4    8   -.121E-03   -.193E-03
    4    9   -.509E-03   -.595E-03
    4   10   -.245E-01   -.252E-01
    4   11   -.166E+01   -.168E+01
    4   12   -.154E-02   -.164E-02
    4   13   -.152E-04   -.984E-05
    5    1    .387E-01    .349E-01
    5    2    .614E+00    .693E+00
    5    3    .137E-02    .000E+00
    5    4   -.157E-01   -.153E-01
    5    5   -.104E-02   -.992E-03
    5    6   -.317E-01   -.316E-01
    5    7   -.203E+02   -.202E+02
    5    8   -.292E-04   -.320E-04
    5    9   -.376E-06   -.307E-06
    5   10   -.742E-03   -.728E-03
    5   11   -.701E-02   -.694E-02
    5   12   -.275E+01   -.274E+01
    5   13   -.104E-03   -.110E-03
    6    1    .103E-02    .152E-02
    6    2    .249E+00    .234E+00
    6    3    .286E-01    .315E-01
    6    4   -.114E+01    .000E+00
    6    5   -.114E+02   -.109E+02
    6    6   -.553E+00   -.637E+00
    6    7   -.269E-01   -.276E-01
    6    8   -.289E+01   -.277E+01
    6    9   -.122E+01   -.119E+01
    6   10   -.645E+00   -.641E+00
    6   11   -.250E-02   -.197E-02
    6   12   -.178E-03   -.164E-03
    6   13   -.392E+00   -.394E+00
    7    1    .154E-02    .198E-02
    7    2    .456E-01    .453E-01
    7    3    .101E-01    .110E-01
    7    4    .704E+00    .715E+00
    7    5   -.159E+01    .000E+00
    7    6   -.725E-01   -.788E-01
    7    7   -.123E-02   -.131E-02
    7    8   -.110E+02   -.110E+02
    7    9   -.286E+01   -.285E+01
    7   10   -.101E+01   -.991E+00
    7   11   -.118E+01   -.130E+01
    7   12   -.340E-02   -.287E-02
    7   13   -.699E+00   -.700E+00
    8    1    .599E-01    .646E-01
    8    2    .288E-03    .451E-03
    8    3    .832E+00    .816E+00
    8    4    .451E-02    .519E-02
    8    5    .584E-01    .584E-01
    8    6   -.204E+01    .000E+00
    8    7   -.168E-02    .000E+00
    8    8   -.141E+00   -.141E+00
    8    9   -.207E-01   -.207E-01
    8   10   -.123E+00   -.117E+00
    8   11   -.600E+01   -.557E+01
    8   12   -.422E-03   -.294E-03
    8   13   -.643E-03   -.740E-03
    9    1    .699E-02    .613E-02
    9    2    .491E-03    .451E-03
    9    3    .206E-01    .196E-01
    9    4    .579E+00    .658E+00
    9    5    .140E-01    .129E-01
    9    6    .431E-02    .000E+00
    9    7    .234E-01    .000E+00
    9    8   -.551E-01   -.533E-01
    9    9   -.247E-02   -.232E-02
    9   10   -.872E-02   -.836E-02
    9   11   -.347E-01   -.323E-01
    9   12   -.178E+02   -.174E+02
    9   13   -.459E-04   -.468E-04
   10    1    .117E-03    .207E-03
   10    2    .157E-01    .164E-01
   10    3    .362E-04    .101E-03
   10    4    .109E+00    .105E+00
   10    5    .113E+01    .110E+01
   10    6    .228E-01    .243E-01
   10    7    .781E-03    .677E-03
   10    8   -.183E+01    .000E+00
   10    9   -.112E+02   -.112E+02
   10   10   -.298E+01   -.298E+01
   10   11   -.305E-02   -.304E-02
   10   12   -.106E-01   -.102E-01
   10   13   -.130E+01   -.130E+01
   11    1    .189E-03    .277E-03
   11    2    .771E-02    .825E-02
   11    3    .327E-03    .447E-03
   11    4    .426E-01    .404E-01
   11    5    .225E+00    .207E+00
   11    6    .738E-02    .792E-02
   11    7    .360E-03    .341E-03
   11    8    .168E+01    .163E+01
   11    9   -.223E+01    .000E+00
   11   10   -.113E+02   -.113E+02
   11   11   -.366E-01   -.358E-01
   11   12   -.119E-02   -.110E-02
   11   13   -.302E+01   -.301E+01
   12    1    .190E-01    .209E-01
   12    2    .181E-02    .214E-02
   12    3    .134E+00    .136E+00
   12    4    .823E-02    .811E-02
   12    5    .383E-01    .366E-01
   12    6    .118E+01    .120E+01
   12    7    .403E-03    .424E-03
   12    8    .115E+00    .111E+00
   12    9    .717E+00    .712E+00
   12   10   -.107E+01    .000E+00
   12   11   -.283E+01    .000E+00
   12   12   -.151E-03    .000E+00
   12   13   -.197E+01   -.196E+01
   13    1    .364E-02    .377E-02
   13    2    .277E-02    .290E-02
   13    3    .324E-01    .321E-01
   13    4    .137E-01    .124E-01
   13    5    .641E-01    .566E-01
   13    6    .272E+00    .277E+00
   13    7    .162E-02    .160E-02
   13    8    .224E+00    .212E+00
   13    9    .156E+01    .154E+01
   13   10   -.122E+01    .000E+00
   13   11   -.981E-01    .000E+00
   13   12   -.253E-01    .000E+00
   13   13   -.956E+01   -.955E+01
   14    1    .257E-02    .222E-02
   14    2    .125E-03    .108E-03
   14    3    .524E-02    .502E-02
   14    4    .330E-03    .314E-03
   14    5    .576E+00    .656E+00
   14    6    .265E-01    .263E-01
   14    7    .134E+00    .130E+00
   14    8    .128E-04    .498E-05
   14    9    .198E-03    .163E-03
   14   10    .524E-01    .000E+00
   14   11    .619E-02    .000E+00
   14   12    .230E-01    .000E+00
   14   13   -.713E-01    .000E+00
   15    1    .302E-04    .549E-04
   15    2    .272E-02    .299E-02
   15    3    .484E-05    .179E-04
   15    4    .121E-01    .111E-01
   15    5    .360E-01    .302E-01
   15    6    .156E-03    .193E-03
   15    7    .189E-04    .180E-04
   15    8    .126E+00    .118E+00
   15    9    .452E+00    .443E+00
   15   10    .275E+01    .274E+01
   15   11    .116E+00    .116E+00
   15   12    .672E-02    .000E+00
   15   13   -.285E+01    .000E+00
  3  2  1    3  3  0        56
    1    1   -.133E+02   -.132E+02
    1    2   -.202E+01   -.201E+01
    1    3   -.686E+00   -.679E+00
    1    4   -.322E+00   -.318E+00
    1    5   -.180E+00   -.178E+00
    1    6   -.112E+00   -.111E+00
    1    7   -.750E-01   -.741E-01
    2    1   -.126E+00    .000E+00
    2    2   -.116E+02   -.117E+02
    2    3   -.246E+01   -.249E+01
    2    4   -.957E+00   -.969E+00
    2    5   -.485E+00   -.489E+00
    2    6   -.285E+00   -.285E+00
    2    7   -.184E+00   -.183E+00
    3    1    .179E+00    .170E+00
    3    2   -.251E+00    .000E+00
    3    3   -.110E+02   -.105E+02
    3    4   -.260E+01   -.249E+01
    3    5   -.107E+01   -.105E+01
    3    6   -.565E+00   -.560E+00
    3    7   -.340E+00   -.343E+00
    4    1    .317E-01    .318E-01
    4    2    .470E+00    .477E+00
    4    3   -.380E+00    .000E+00
    4    4   -.108E+02   -.107E+02
    4    5   -.268E+01   -.267E+01
    4    6   -.114E+01   -.114E+01
    4    7   -.613E+00   -.613E+00
    5    1    .113E-01    .119E-01
    5    2    .892E-01    .874E-01
    5    3    .835E+00    .808E+00
    5    4   -.491E+00    .000E+00
    5    5   -.108E+02   -.108E+02
    5    6   -.275E+01   -.275E+01
    5    7   -.119E+01   -.119E+01
    6    1    .544E-02    .592E-02
    6    2    .328E-01    .312E-01
    6    3    .164E+00    .151E+00
    6    4    .125E+01    .121E+01
    6    5   -.595E+00    .000E+00
    6    6   -.110E+02   -.110E+02
    6    7   -.283E+01   -.283E+01
    7    1    .309E-02    .343E-02
    7    2    .161E-01    .150E-01
    7    3    .618E-01    .540E-01
    7    4    .253E+00    .240E+00
    7    5    .170E+01    .167E+01
    7    6   -.696E+00    .000E+00
    7    7   -.113E+02   -.112E+02
    8    1    .195E-02    .219E-02
    8    2    .927E-02    .850E-02
    8    3    .307E-01    .259E-01
    8    4    .962E-01    .896E-01
    8    5    .350E+00    .343E+00
    8    6    .217E+01    .216E+01
    8    7   -.795E+00    .000E+00
  3  3  0    3  3  1        91
    1    1    .184E+01    .182E+01
    1    2    .714E+00    .825E+00
    1    3    .716E-01    .000E+00
    1    4   -.362E-03   -.300E-03
    1    5   -.196E-03   -.175E-03
    1    6   -.131E-01   -.128E-01
    1    7   -.181E+01   -.178E+01
    1    8   -.746E-05   -.956E-05
    1    9   -.185E-06   -.454E-06
    1   10   -.221E-05   -.202E-05
    1   11   -.171E-02   -.186E-02
    1   12   -.266E+00   -.261E+00
    1   13   -.366E-05   -.297E-05
    2    1    .325E+00    .320E+00
    2    2    .152E-02    .144E-02
    2    3    .147E+01    .145E+01
    2    4    .705E+00    .814E+00
    2    5    .463E-03    .356E-03
    2    6    .119E+00    .000E+00
    2    7   -.360E-01    .000E+00
    2    8   -.658E-04   -.442E-04
    2    9   -.405E-05   -.119E-05
    2   10   -.500E-04   -.156E-04
    2   11   -.363E-01   -.274E-01
    2   12   -.154E+01   -.150E+01
    2   13   -.119E-04   -.104E-04
    3    1    .120E+00    .117E+00
    3    2    .534E-03    .497E-03
    3    3    .332E+00    .330E+00
    3    4    .940E-03    .910E-03
    3    5    .792E+00    .906E+00
    3    6    .125E+01    .125E+01
    3    7    .301E-01    .294E-01
    3    8    .325E-03    .291E-03
    3    9    .211E-03    .186E-03
    3   10    .340E-02    .000E+00
    3   11    .154E+00    .000E+00
    3   12   -.638E-01    .000E+00
    3   13   -.500E-04   -.375E-04
    4    1    .593E-01    .581E-01
    4    2    .256E-03    .236E-03
    4    3    .134E+00    .133E+00
    4    4    .394E-03    .377E-03
    4    5    .216E-04    .202E-04
    4    6    .332E+00    .330E+00
    4    7    .605E-02    .561E-02
    4    8    .775E+00    .887E+00
    4    9    .164E-04    .214E-04
    4   10    .132E-01    .130E-01
    4   11    .119E+01    .116E+01
    4   12    .790E-01    .756E-01
    4   13    .285E-03    .266E-03
    5    1    .344E-01    .337E-01
    5    2    .146E-03    .133E-03
    5    3    .692E-01    .692E-01
    5    4    .214E-03    .204E-03
    5    5    .805E-05    .705E-05
    5    6    .140E+00    .138E+00
    5    7    .205E-02    .182E-02
    5    8    .955E-04    .948E-04
    5    9    .791E+00    .904E+00
    5   10    .387E-02    .379E-02
    5   11    .307E+00    .295E+00
    5   12    .155E-01    .143E-01
    5   13    .285E-04    .240E-04
    6    1    .220E-01    .215E-01
    6    2    .918E-04    .838E-04
    6    3    .412E-01    .412E-01
    6    4    .131E-03    .125E-03
    6    5    .476E-05    .407E-05
    6    6    .749E-01    .739E-01
    6    7    .973E-03    .844E-03
    6    8    .390E-04    .375E-04
    6    9    .133E-04    .140E-04
    6   10    .852E+00    .966E+00
    6   11    .735E-01    .657E-01
    6   12    .741E-02    .686E-02
    6   13    .537E-06    .554E-07
    7    1    .151E-01    .147E-01
    7    2    .621E-04    .565E-04
    7    3    .268E-01    .268E-01
    7    4    .874E-04    .828E-04
    7    5    .322E-05    .273E-05
    7    6    .457E-01    .450E-01
    7    7    .547E-03    .470E-03
    7    8    .220E-04    .209E-04
    7    9    .332E-05    .330E-05
    7   10    .705E-03    .668E-03
    7   11    .810E-01    .778E-01
    7   12    .240E-02    .207E-02
    7   13    .785E+00    .897E+00
  3  3  1    3  4  0       130
    1    1   -.179E+02   -.178E+02
    1    2   -.966E-01   -.955E-01
    1    3   -.103E-01   -.104E-01
    1    4   -.305E+01   -.303E+01
    1    5   -.542E-02   -.527E-02
    1    6   -.168E-03   -.183E-03
    1    7   -.353E-01   -.353E-01
    1    8   -.105E+01   -.104E+01
    1    9   -.127E-01   -.127E-01
    1   10   -.149E-02   -.145E-02
    2    1   -.189E+00   -.252E+00
    2    2   -.289E+02   -.291E+02
    2    3   -.394E+01   -.397E+01
    2    4   -.199E-01   -.198E-01
    2    5   -.128E+01   -.128E+01
    2    6   -.580E+00   -.577E+00
    2    7   -.294E+00   -.291E+00
    2    8   -.286E-01   -.284E-01
    2    9   -.289E-03   -.281E-03
    2   10   -.200E+00   -.197E+00
    3    1   -.102E+01    .000E+00
    3    2   -.553E-01   -.540E-01
    3    3   -.224E+00   -.223E+00
    3    4   -.150E+02   -.151E+02
    3    5   -.262E-02   -.275E-02
    3    6   -.705E-02   -.704E-02
    3    7   -.141E+00   -.144E+00
    3    8   -.326E+01   -.333E+01
    3    9   -.354E-01   -.361E-01
    3   10   -.129E-02   -.135E-02
    4    1    .382E-01    .364E-01
    4    2   -.287E+00    .000E+00
    4    3   -.238E+02   -.233E+02
    4    4   -.147E+01   -.163E+01
    4    5   -.509E+01   -.511E+01
    4    6   -.185E+01   -.190E+01
    4    7   -.842E+00   -.885E+00
    4    8   -.709E-01   -.714E-01
    4    9   -.755E-05   -.705E-05
    4   10   -.529E+00   -.563E+00
    5    1    .228E-03    .260E-03
    5    2    .227E+00    .220E+00
    5    3   -.271E+00    .000E+00
    5    4   -.268E+00   -.267E+00
    5    5   -.226E+02   -.226E+02
    5    6   -.502E+01   -.499E+01
    5    7   -.151E+01   -.147E+01
    5    8   -.150E+01   -.167E+01
    5    9   -.897E-02   -.105E-01
    5   10   -.115E+01   -.115E+01
    6    1    .352E+00    .329E+00
    6    2    .180E-01    .178E-01
    6    3    .188E-01    .166E-01
    6    4   -.180E+01    .000E+00
    6    5   -.233E-01   -.230E-01
    6    6   -.458E-01   -.443E-01
    6    7   -.594E+00   -.569E+00
    6    8   -.138E+02   -.132E+02
    6    9   -.258E-01   -.229E-01
    6   10   -.685E-02   -.642E-02
    7    1    .250E-02    .167E-02
    7    2    .763E+00    .872E+00
    7    3    .743E-04    .598E-04
    7    4    .208E-03    .000E+00
    7    5   -.177E-02   -.172E-02
    7    6   -.480E-08   -.651E-08
    7    7   -.246E-02   -.244E-02
    7    8   -.247E+00   -.249E+00
    7    9   -.351E+02   -.350E+02
    7   10   -.700E-03   -.697E-03
    8    1    .181E-03    .215E-03
    8    2    .350E-01    .303E-01
    8    3    .563E+00    .522E+00
    8    4    .806E-01    .786E-01
    8    5   -.653E+00    .000E+00
    8    6   -.220E+02   -.218E+02
    8    7   -.507E+01   -.499E+01
    8    8   -.154E+00   -.152E+00
    8    9   -.267E-02   -.264E-02
    8   10   -.217E+01   -.213E+01
    9    1    .263E-04    .392E-04
    9    2    .118E-01    .945E-02
    9    3    .958E-01    .831E-01
    9    4    .423E-02    .389E-02
    9    5    .106E+01    .106E+01
    9    6   -.648E+00    .000E+00
    9    7   -.215E+02   -.212E+02
    9    8   -.283E+00   -.280E+00
    9    9   -.307E-02   -.303E-02
    9   10   -.537E+01   -.527E+01
   10    1    .551E-03    .491E-03
   10    2    .481E-02    .366E-02
   10    3    .277E-01    .223E-01
   10    4    .518E-02    .554E-02
   10    5    .178E+00    .178E+00
   10    6    .154E+01    .158E+01
   10    7   -.152E+00    .000E+00
   10    8   -.595E+00    .000E+00
   10    9   -.225E-01    .000E+00
   10   10   -.213E+02   -.211E+02
   11    1    .602E-01    .586E-01
   11    2    .186E-02    .169E-02
   11    3    .362E-02    .374E-02
   11    4    .900E+00    .908E+00
   11    5    .261E-01    .259E-01
   11    6    .466E-01    .468E-01
   11    7    .138E-01    .000E+00
   11    8   -.268E+01    .000E+00
   11    9   -.171E-01    .000E+00
   11   10   -.182E+00   -.179E+00
   12    1    .718E-03    .581E-03
   12    2    .431E-04    .335E-04
   12    3    .758E+00    .867E+00
   12    4    .248E-01    .252E-01
   12    5    .783E-04    .855E-04
   12    6    .248E-03    .249E-03
   12    7    .792E-02    .000E+00
   12    8    .108E-02    .000E+00
   12    9    .652E-01    .000E+00
   12   10   -.109E-01    .000E+00
   13    1    .369E-04    .458E-04
   13    2    .306E-02    .230E-02
   13    3    .168E-01    .137E-01
   13    4    .120E-02    .110E-02
   13    5    .683E-01    .684E-01
   13    6    .299E+00    .312E+00
   13    7    .199E+01    .205E+01
   13    8    .313E+00    .316E+00
   13    9    .908E-02    .000E+00
   13   10   -.118E+01    .000E+00
  0  0  0    0  0  0         0
