   13    2    F
  1  0  0    1  1  1        90
    1    1   -.748E+00   -.748E+00
    1    2   -.152E+00   -.152E+00
    1    3   -.566E-01   -.567E-01
    1    4   -.274E-01   -.275E-01
    1    5   -.154E-01   -.154E-01
    1    6   -.951E-02   -.955E-02
    1    7   -.630E-02   -.633E-02
    1    8   -.439E-02   -.441E-02
    1    9   -.319E-02   -.320E-02
    2    1   -.402E-01    .000E+00
    2    2   -.398E+00   -.399E+00
    2    3   -.974E-01   -.975E-01
    2    4   -.402E-01   -.402E-01
    2    5   -.208E-01   -.209E-01
    2    6   -.123E-01   -.123E-01
    2    7   -.792E-02   -.793E-02
    2    8   -.541E-02   -.542E-02
    2    9   -.387E-02   -.387E-02
    3    1    .502E-01    .501E-01
    3    2   -.699E-01    .000E+00
    3    3   -.438E+00   -.439E+00
    3    4   -.113E+00   -.115E+00
    3    5   -.487E-01   -.493E-01
    3    6   -.261E-01   -.264E-01
    3    7   -.158E-01   -.160E-01
    3    8   -.104E-01   -.105E-01
    3    9   -.726E-02   -.732E-02
    4    1    .110E-01    .110E-01
    4    2    .115E+00    .113E+00
    4    3   -.979E-01    .000E+00
    4    4   -.488E+00    .000E+00
    4    5   -.128E+00   -.122E+00
    4    6   -.561E-01   -.536E-01
    4    7   -.306E-01   -.293E-01
    4    8   -.188E-01   -.181E-01
    4    9   -.126E-01   -.122E-01
    5    1    .438E-02    .436E-02
    5    2    .259E-01    .257E-01
    5    3    .187E+00    .000E+00
    5    4   -.124E+00    .000E+00
    5    5   -.542E+00    .000E+00
    5    6   -.143E+00    .000E+00
    5    7   -.631E-01    .000E+00
    5    8   -.346E-01    .000E+00
    5    9   -.215E-01    .000E+00
    6    1    .222E-02    .222E-02
    6    2    .105E-01    .105E-01
    6    3    .424E-01    .421E-01
    6    4    .261E+00    .000E+00
    6    5   -.150E+00    .000E+00
    6    6   -.598E+00    .000E+00
    6    7   -.158E+00    .000E+00
    6    8   -.698E-01    .000E+00
    6    9   -.385E-01    .000E+00
    7    1    .130E-02    .130E-02
    7    2    .544E-02    .548E-02
    7    3    .173E-01    .171E-01
    7    4    .596E-01    .000E+00
    7    5    .337E+00    .000E+00
    7    6   -.176E+00    .000E+00
    7    7   -.656E+00    .000E+00
    7    8   -.173E+00    .000E+00
    7    9   -.764E-01    .000E+00
    8    1    .830E-03    .827E-03
    8    2    .324E-02    .327E-02
    8    3    .910E-02    .897E-02
    8    4    .245E-01    .000E+00
    8    5    .772E-01    .000E+00
    8    6    .414E+00    .000E+00
    8    7   -.202E+00    .000E+00
    8    8   -.715E+00    .000E+00
    8    9   -.188E+00    .000E+00
    9    1    .564E-03    .562E-03
    9    2    .210E-02    .213E-02
    9    3    .547E-02    .538E-02
    9    4    .129E-01    .000E+00
    9    5    .319E-01    .000E+00
    9    6    .950E-01    .000E+00
    9    7    .492E+00    .000E+00
    9    8   -.228E+00    .000E+00
    9    9   -.774E+00    .000E+00
   10    1    .402E-03    .400E-03
   10    2    .145E-02    .147E-02
   10    3    .359E-02    .353E-02
   10    4    .784E-02    .000E+00
   10    5    .169E-01    .000E+00
   10    6    .393E-01    .000E+00
   10    7    .113E+00    .000E+00
   10    8    .571E+00    .000E+00
   10    9   -.254E+00    .000E+00
  1  2  0    1  1  1        72
    1    1    .210E+01    .210E+01
    1    2   -.223E-01    .000E+00
    1    3   -.521E-01   -.522E-01
    1    4   -.105E-01   -.108E-01
    1    5   -.402E-02   -.412E-02
    1    6   -.201E-02   -.206E-02
    1    7   -.117E-02   -.119E-02
    1    8   -.747E-03   -.761E-03
    1    9   -.510E-03   -.518E-03
    2    1    .361E+00    .361E+00
    2    2    .188E+01    .187E+01
    2    3   -.370E-01    .000E+00
    2    4   -.133E+00    .000E+00
    2    5   -.280E-01   -.245E-01
    2    6   -.109E-01   -.955E-02
    2    7   -.556E-02   -.491E-02
    2    8   -.327E-02   -.292E-02
    2    9   -.211E-02   -.191E-02
    3    1    .131E+00    .131E+00
    3    2    .419E+00    .421E+00
    3    3    .186E+01    .000E+00
    3    4   -.498E-01    .000E+00
    3    5   -.230E+00    .000E+00
    3    6   -.498E-01    .000E+00
    3    7   -.197E-01    .000E+00
    3    8   -.101E-01    .000E+00
    3    9   -.601E-02    .000E+00
    4    1    .635E-01    .635E-01
    4    2    .168E+00    .169E+00
    4    3    .449E+00    .446E+00
    4    4    .191E+01    .000E+00
    4    5   -.614E-01    .000E+00
    4    6   -.338E+00    .000E+00
    4    7   -.744E-01    .000E+00
    4    8   -.297E-01    .000E+00
    4    9   -.154E-01    .000E+00
    5    1    .361E-01    .362E-01
    5    2    .868E-01    .875E-01
    5    3    .188E+00    .187E+00
    5    4    .476E+00    .000E+00
    5    5    .200E+01    .000E+00
    5    6   -.729E-01    .000E+00
    5    7   -.452E+00    .000E+00
    5    8   -.101E+00    .000E+00
    5    9   -.405E-01    .000E+00
    6    1    .227E-01    .227E-01
    6    2    .514E-01    .518E-01
    6    3    .100E+00    .993E-01
    6    4    .204E+00    .000E+00
    6    5    .504E+00    .000E+00
    6    6    .210E+01    .000E+00
    6    7   -.844E-01    .000E+00
    6    8   -.571E+00    .000E+00
    6    9   -.128E+00    .000E+00
    7    1    .153E-01    .153E-01
    7    2    .333E-01    .336E-01
    7    3    .607E-01    .602E-01
    7    4    .110E+00    .000E+00
    7    5    .218E+00    .000E+00
    7    6    .532E+00    .000E+00
    7    7    .221E+01    .000E+00
    7    8   -.958E-01    .000E+00
    7    9   -.693E+00    .000E+00
    8    1    .108E-01    .108E-01
    8    2    .229E-01    .231E-01
    8    3    .400E-01    .397E-01
    8    4    .678E-01    .000E+00
    8    5    .119E+00    .000E+00
    8    6    .232E+00    .000E+00
    8    7    .562E+00    .000E+00
    8    8    .233E+01    .000E+00
    8    9   -.107E+00    .000E+00
  3  0  0    3  1  1        81
    1    1   -.168E+00    .000E+00
    1    2   -.115E+01   -.115E+01
    1    3   -.284E+00   -.284E+00
    1    4   -.118E+00   -.118E+00
    1    5   -.612E-01   -.612E-01
    1    6   -.362E-01   -.362E-01
    1    7   -.233E-01   -.233E-01
    1    8   -.159E-01   -.159E-01
    1    9   -.114E-01   -.114E-01
    2    1    .154E+00    .154E+00
    2    2   -.281E+00    .000E+00
    2    3   -.126E+01   -.126E+01
    2    4   -.330E+00   -.333E+00
    2    5   -.142E+00   -.144E+00
    2    6   -.765E-01   -.772E-01
    2    7   -.465E-01   -.468E-01
    2    8   -.306E-01   -.308E-01
    2    9   -.213E-01   -.214E-01
    3    1    .333E-01    .334E-01
    3    2    .359E+00    .353E+00
    3    3   -.389E+00    .000E+00
    3    4   -.140E+01    .000E+00
    3    5   -.374E+00   -.355E+00
    3    6   -.164E+00   -.157E+00
    3    7   -.896E-01   -.860E-01
    3    8   -.552E-01   -.533E-01
    3    9   -.369E-01   -.357E-01
    4    1    .131E-01    .131E-01
    4    2    .797E-01    .796E-01
    4    3    .583E+00    .000E+00
    4    4   -.490E+00    .000E+00
    4    5   -.156E+01    .000E+00
    4    6   -.417E+00    .000E+00
    4    7   -.184E+00    .000E+00
    4    8   -.101E+00    .000E+00
    4    9   -.631E-01    .000E+00
    5    1    .664E-02    .666E-02
    5    2    .322E-01    .324E-01
    5    3    .131E+00    .130E+00
    5    4    .815E+00    .000E+00
    5    5   -.592E+00    .000E+00
    5    6   -.172E+01    .000E+00
    5    7   -.460E+00    .000E+00
    5    8   -.204E+00    .000E+00
    5    9   -.113E+00    .000E+00
    6    1    .387E-02    .388E-02
    6    2    .167E-01    .169E-01
    6    3    .534E-01    .529E-01
    6    4    .184E+00    .000E+00
    6    5    .105E+01    .000E+00
    6    6   -.695E+00    .000E+00
    6    7   -.189E+01    .000E+00
    6    8   -.502E+00    .000E+00
    6    9   -.223E+00    .000E+00
    7    1    .247E-02    .247E-02
    7    2    .990E-02    .101E-01
    7    3    .280E-01    .276E-01
    7    4    .757E-01    .000E+00
    7    5    .239E+00    .000E+00
    7    6    .129E+01    .000E+00
    7    7   -.796E+00    .000E+00
    7    8   -.206E+01    .000E+00
    7    9   -.545E+00    .000E+00
    8    1    .168E-02    .168E-02
    8    2    .642E-02    .654E-02
    8    3    .168E-01    .166E-01
    8    4    .399E-01    .000E+00
    8    5    .984E-01    .000E+00
    8    6    .294E+00    .000E+00
    8    7    .154E+01    .000E+00
    8    8   -.899E+00    .000E+00
    8    9   -.223E+01    .000E+00
    9    1    .119E-02    .120E-02
    9    2    .443E-02    .451E-02
    9    3    .110E-01    .108E-01
    9    4    .241E-01    .000E+00
    9    5    .520E-01    .000E+00
    9    6    .121E+00    .000E+00
    9    7    .350E+00    .000E+00
    9    8    .178E+01    .000E+00
    9    9   -.100E+01    .000E+00
  3  2  0    3  1  1        72
    1    1    .610E+01    .610E+01
    1    2    .202E+00    .000E+00
    1    3   -.194E+00   -.194E+00
    1    4   -.384E-01   -.391E-01
    1    5   -.146E-01   -.149E-01
    1    6   -.727E-02   -.742E-02
    1    7   -.422E-02   -.430E-02
    1    8   -.270E-02   -.274E-02
    1    9   -.184E-02   -.186E-02
    2    1    .110E+01    .110E+01
    2    2    .530E+01    .527E+01
    2    3    .357E+00    .000E+00
    2    4   -.482E+00    .000E+00
    2    5   -.994E-01   -.881E-01
    2    6   -.386E-01   -.342E-01
    2    7   -.196E-01   -.176E-01
    2    8   -.115E-01   -.105E-01
    2    9   -.743E-02   -.682E-02
    3    1    .406E+00    .407E+00
    3    2    .123E+01    .123E+01
    3    3    .516E+01    .000E+00
    3    4    .488E+00    .000E+00
    3    5   -.823E+00    .000E+00
    3    6   -.174E+00    .000E+00
    3    7   -.685E-01    .000E+00
    3    8   -.351E-01    .000E+00
    3    9   -.208E-01    .000E+00
    4    1    .199E+00    .199E+00
    4    2    .502E+00    .505E+00
    4    3    .130E+01    .129E+01
    4    4    .525E+01    .000E+00
    4    5    .615E+00    .000E+00
    4    6   -.120E+01    .000E+00
    4    7   -.257E+00    .000E+00
    4    8   -.102E+00    .000E+00
    4    9   -.527E-01    .000E+00
    5    1    .114E+00    .114E+00
    5    2    .261E+00    .263E+00
    5    3    .552E+00    .548E+00
    5    4    .136E+01    .000E+00
    5    5    .545E+01    .000E+00
    5    6    .740E+00    .000E+00
    5    7   -.159E+01    .000E+00
    5    8   -.346E+00    .000E+00
    5    9   -.138E+00    .000E+00
    6    1    .718E-01    .718E-01
    6    2    .155E+00    .156E+00
    6    3    .296E+00    .293E+00
    6    4    .592E+00    .000E+00
    6    5    .143E+01    .000E+00
    6    6    .571E+01    .000E+00
    6    7    .857E+00    .000E+00
    6    8   -.200E+01    .000E+00
    6    9   -.439E+00    .000E+00
    7    1    .484E-01    .484E-01
    7    2    .101E+00    .102E+00
    7    3    .180E+00    .178E+00
    7    4    .322E+00    .000E+00
    7    5    .628E+00    .000E+00
    7    6    .150E+01    .000E+00
    7    7    .599E+01    .000E+00
    7    8    .977E+00    .000E+00
    7    9   -.242E+01    .000E+00
    8    1    .343E-01    .343E-01
    8    2    .696E-01    .702E-01
    8    3    .119E+00    .118E+00
    8    4    .199E+00    .000E+00
    8    5    .345E+00    .000E+00
    8    6    .664E+00    .000E+00
    8    7    .158E+01    .000E+00
    8    8    .631E+01    .000E+00
    8    9    .109E+01    .000E+00
  0  0  0    0  0  0         0
