   14    2    F
  1  0  0    1  1  1        90
    1    1   -.755E+00   -.754E+00
    1    2   -.152E+00   -.152E+00
    1    3   -.567E-01   -.568E-01
    1    4   -.274E-01   -.275E-01
    1    5   -.154E-01   -.155E-01
    1    6   -.952E-02   -.956E-02
    1    7   -.631E-02   -.633E-02
    1    8   -.440E-02   -.441E-02
    1    9   -.319E-02   -.320E-02
    2    1   -.372E-01    .000E+00
    2    2   -.401E+00   -.401E+00
    2    3   -.978E-01   -.979E-01
    2    4   -.403E-01   -.404E-01
    2    5   -.209E-01   -.209E-01
    2    6   -.123E-01   -.124E-01
    2    7   -.794E-02   -.795E-02
    2    8   -.542E-02   -.543E-02
    2    9   -.388E-02   -.388E-02
    3    1    .495E-01    .494E-01
    3    2   -.647E-01    .000E+00
    3    3   -.441E+00   -.442E+00
    3    4   -.114E+00   -.115E+00
    3    5   -.489E-01   -.496E-01
    3    6   -.262E-01   -.265E-01
    3    7   -.159E-01   -.161E-01
    3    8   -.105E-01   -.106E-01
    3    9   -.728E-02   -.736E-02
    4    1    .109E-01    .109E-01
    4    2    .114E+00    .111E+00
    4    3   -.907E-01    .000E+00
    4    4   -.492E+00    .000E+00
    4    5   -.129E+00   -.123E+00
    4    6   -.564E-01   -.536E-01
    4    7   -.307E-01   -.293E-01
    4    8   -.189E-01   -.181E-01
    4    9   -.126E-01   -.121E-01
    5    1    .432E-02    .431E-02
    5    2    .256E-01    .254E-01
    5    3    .184E+00    .000E+00
    5    4   -.114E+00    .000E+00
    5    5   -.547E+00    .000E+00
    5    6   -.144E+00    .000E+00
    5    7   -.634E-01    .000E+00
    5    8   -.348E-01    .000E+00
    5    9   -.216E-01    .000E+00
    6    1    .220E-02    .219E-02
    6    2    .104E-01    .104E-01
    6    3    .419E-01    .418E-01
    6    4    .258E+00    .000E+00
    6    5   -.139E+00    .000E+00
    6    6   -.604E+00    .000E+00
    6    7   -.159E+00    .000E+00
    6    8   -.702E-01    .000E+00
    6    9   -.387E-01    .000E+00
    7    1    .128E-02    .128E-02
    7    2    .539E-02    .542E-02
    7    3    .172E-01    .170E-01
    7    4    .590E-01    .000E+00
    7    5    .334E+00    .000E+00
    7    6   -.163E+00    .000E+00
    7    7   -.662E+00    .000E+00
    7    8   -.174E+00    .000E+00
    7    9   -.768E-01    .000E+00
    8    1    .820E-03    .817E-03
    8    2    .321E-02    .324E-02
    8    3    .902E-02    .892E-02
    8    4    .243E-01    .000E+00
    8    5    .765E-01    .000E+00
    8    6    .410E+00    .000E+00
    8    7   -.187E+00    .000E+00
    8    8   -.722E+00    .000E+00
    8    9   -.189E+00    .000E+00
    9    1    .557E-03    .556E-03
    9    2    .208E-02    .211E-02
    9    3    .543E-02    .535E-02
    9    4    .129E-01    .000E+00
    9    5    .316E-01    .000E+00
    9    6    .943E-01    .000E+00
    9    7    .487E+00    .000E+00
    9    8   -.211E+00    .000E+00
    9    9   -.782E+00    .000E+00
   10    1    .397E-03    .396E-03
   10    2    .144E-02    .146E-02
   10    3    .356E-02    .351E-02
   10    4    .778E-02    .000E+00
   10    5    .168E-01    .000E+00
   10    6    .390E-01    .000E+00
   10    7    .112E+00    .000E+00
   10    8    .565E+00    .000E+00
   10    9   -.235E+00    .000E+00
  1  2  0    1  1  1        72
    1    1    .210E+01    .210E+01
    1    2   -.207E-01    .000E+00
    1    3   -.523E-01   -.524E-01
    1    4   -.106E-01   -.108E-01
    1    5   -.403E-02   -.415E-02
    1    6   -.202E-02   -.207E-02
    1    7   -.117E-02   -.120E-02
    1    8   -.750E-03   -.767E-03
    1    9   -.512E-03   -.523E-03
    2    1    .362E+00    .362E+00
    2    2    .188E+01    .187E+01
    2    3   -.343E-01    .000E+00
    2    4   -.133E+00    .000E+00
    2    5   -.281E-01   -.244E-01
    2    6   -.110E-01   -.947E-02
    2    7   -.557E-02   -.484E-02
    2    8   -.328E-02   -.288E-02
    2    9   -.212E-02   -.188E-02
    3    1    .131E+00    .131E+00
    3    2    .419E+00    .420E+00
    3    3    .186E+01    .000E+00
    3    4   -.461E-01    .000E+00
    3    5   -.231E+00    .000E+00
    3    6   -.500E-01    .000E+00
    3    7   -.198E-01    .000E+00
    3    8   -.102E-01    .000E+00
    3    9   -.602E-02    .000E+00
    4    1    .636E-01    .636E-01
    4    2    .168E+00    .169E+00
    4    3    .449E+00    .447E+00
    4    4    .191E+01    .000E+00
    4    5   -.567E-01    .000E+00
    4    6   -.339E+00    .000E+00
    4    7   -.746E-01    .000E+00
    4    8   -.298E-01    .000E+00
    4    9   -.154E-01    .000E+00
    5    1    .362E-01    .362E-01
    5    2    .868E-01    .875E-01
    5    3    .188E+00    .187E+00
    5    4    .476E+00    .000E+00
    5    5    .199E+01    .000E+00
    5    6   -.673E-01    .000E+00
    5    7   -.453E+00    .000E+00
    5    8   -.101E+00    .000E+00
    5    9   -.406E-01    .000E+00
    6    1    .227E-01    .227E-01
    6    2    .514E-01    .519E-01
    6    3    .100E+00    .994E-01
    6    4    .204E+00    .000E+00
    6    5    .503E+00    .000E+00
    6    6    .210E+01    .000E+00
    6    7   -.778E-01    .000E+00
    6    8   -.572E+00    .000E+00
    6    9   -.129E+00    .000E+00
    7    1    .153E-01    .153E-01
    7    2    .333E-01    .336E-01
    7    3    .607E-01    .602E-01
    7    4    .110E+00    .000E+00
    7    5    .218E+00    .000E+00
    7    6    .532E+00    .000E+00
    7    7    .221E+01    .000E+00
    7    8   -.883E-01    .000E+00
    7    9   -.695E+00    .000E+00
    8    1    .108E-01    .108E-01
    8    2    .230E-01    .232E-01
    8    3    .400E-01    .397E-01
    8    4    .677E-01    .000E+00
    8    5    .119E+00    .000E+00
    8    6    .232E+00    .000E+00
    8    7    .561E+00    .000E+00
    8    8    .233E+01    .000E+00
    8    9   -.987E-01    .000E+00
  3  0  0    3  1  1        81
    1    1   -.155E+00    .000E+00
    1    2   -.116E+01   -.116E+01
    1    3   -.286E+00   -.286E+00
    1    4   -.118E+00   -.118E+00
    1    5   -.615E-01   -.615E-01
    1    6   -.364E-01   -.364E-01
    1    7   -.234E-01   -.234E-01
    1    8   -.160E-01   -.160E-01
    1    9   -.114E-01   -.114E-01
    2    1    .152E+00    .152E+00
    2    2   -.260E+00    .000E+00
    2    3   -.127E+01   -.128E+01
    2    4   -.333E+00   -.336E+00
    2    5   -.143E+00   -.145E+00
    2    6   -.769E-01   -.777E-01
    2    7   -.467E-01   -.472E-01
    2    8   -.307E-01   -.310E-01
    2    9   -.214E-01   -.216E-01
    3    1    .328E-01    .329E-01
    3    2    .353E+00    .347E+00
    3    3   -.359E+00    .000E+00
    3    4   -.142E+01    .000E+00
    3    5   -.377E+00   -.358E+00
    3    6   -.165E+00   -.157E+00
    3    7   -.901E-01   -.861E-01
    3    8   -.556E-01   -.533E-01
    3    9   -.371E-01   -.357E-01
    4    1    .129E-01    .130E-01
    4    2    .787E-01    .785E-01
    4    3    .574E+00    .000E+00
    4    4   -.453E+00    .000E+00
    4    5   -.158E+01    .000E+00
    4    6   -.420E+00    .000E+00
    4    7   -.186E+00    .000E+00
    4    8   -.102E+00    .000E+00
    4    9   -.635E-01    .000E+00
    5    1    .656E-02    .657E-02
    5    2    .318E-01    .320E-01
    5    3    .129E+00    .129E+00
    5    4    .804E+00    .000E+00
    5    5   -.548E+00    .000E+00
    5    6   -.174E+01    .000E+00
    5    7   -.464E+00    .000E+00
    5    8   -.206E+00    .000E+00
    5    9   -.113E+00    .000E+00
    6    1    .382E-02    .383E-02
    6    2    .165E-01    .167E-01
    6    3    .529E-01    .525E-01
    6    4    .182E+00    .000E+00
    6    5    .104E+01    .000E+00
    6    6   -.641E+00    .000E+00
    6    7   -.191E+01    .000E+00
    6    8   -.507E+00    .000E+00
    6    9   -.225E+00    .000E+00
    7    1    .244E-02    .244E-02
    7    2    .979E-02    .994E-02
    7    3    .277E-01    .274E-01
    7    4    .749E-01    .000E+00
    7    5    .236E+00    .000E+00
    7    6    .128E+01    .000E+00
    7    7   -.736E+00    .000E+00
    7    8   -.208E+01    .000E+00
    7    9   -.551E+00    .000E+00
    8    1    .166E-02    .166E-02
    8    2    .635E-02    .646E-02
    8    3    .166E-01    .164E-01
    8    4    .395E-01    .000E+00
    8    5    .974E-01    .000E+00
    8    6    .291E+00    .000E+00
    8    7    .152E+01    .000E+00
    8    8   -.831E+00    .000E+00
    8    9   -.226E+01    .000E+00
    9    1    .118E-02    .118E-02
    9    2    .438E-02    .446E-02
    9    3    .109E-01    .108E-01
    9    4    .239E-01    .000E+00
    9    5    .516E-01    .000E+00
    9    6    .120E+00    .000E+00
    9    7    .346E+00    .000E+00
    9    8    .176E+01    .000E+00
    9    9   -.925E+00    .000E+00
  3  2  0    3  1  1        72
    1    1    .611E+01    .611E+01
    1    2    .188E+00    .000E+00
    1    3   -.192E+00   -.192E+00
    1    4   -.380E-01   -.388E-01
    1    5   -.144E-01   -.148E-01
    1    6   -.720E-02   -.738E-02
    1    7   -.418E-02   -.428E-02
    1    8   -.267E-02   -.273E-02
    1    9   -.182E-02   -.185E-02
    2    1    .110E+01    .110E+01
    2    2    .532E+01    .529E+01
    2    3    .333E+00    .000E+00
    2    4   -.477E+00    .000E+00
    2    5   -.985E-01   -.866E-01
    2    6   -.382E-01   -.335E-01
    2    7   -.194E-01   -.171E-01
    2    8   -.114E-01   -.102E-01
    2    9   -.736E-02   -.663E-02
    3    1    .406E+00    .406E+00
    3    2    .123E+01    .124E+01
    3    3    .519E+01    .000E+00
    3    4    .453E+00    .000E+00
    3    5   -.816E+00    .000E+00
    3    6   -.173E+00    .000E+00
    3    7   -.680E-01    .000E+00
    3    8   -.348E-01    .000E+00
    3    9   -.206E-01    .000E+00
    4    1    .199E+00    .199E+00
    4    2    .502E+00    .505E+00
    4    3    .130E+01    .129E+01
    4    4    .528E+01    .000E+00
    4    5    .573E+00    .000E+00
    4    6   -.119E+01    .000E+00
    4    7   -.256E+00    .000E+00
    4    8   -.101E+00    .000E+00
    4    9   -.523E-01    .000E+00
    5    1    .114E+00    .114E+00
    5    2    .261E+00    .263E+00
    5    3    .553E+00    .549E+00
    5    4    .136E+01    .000E+00
    5    5    .548E+01    .000E+00
    5    6    .682E+00    .000E+00
    5    7   -.158E+01    .000E+00
    5    8   -.344E+00    .000E+00
    5    9   -.137E+00    .000E+00
    6    1    .717E-01    .717E-01
    6    2    .155E+00    .156E+00
    6    3    .296E+00    .294E+00
    6    4    .593E+00    .000E+00
    6    5    .143E+01    .000E+00
    6    6    .574E+01    .000E+00
    6    7    .798E+00    .000E+00
    6    8   -.198E+01    .000E+00
    6    9   -.436E+00    .000E+00
    7    1    .483E-01    .483E-01
    7    2    .101E+00    .102E+00
    7    3    .180E+00    .179E+00
    7    4    .323E+00    .000E+00
    7    5    .630E+00    .000E+00
    7    6    .151E+01    .000E+00
    7    7    .603E+01    .000E+00
    7    8    .907E+00    .000E+00
    7    9   -.240E+01    .000E+00
    8    1    .342E-01    .342E-01
    8    2    .696E-01    .702E-01
    8    3    .119E+00    .118E+00
    8    4    .199E+00    .000E+00
    8    5    .346E+00    .000E+00
    8    6    .666E+00    .000E+00
    8    7    .158E+01    .000E+00
    8    8    .634E+01    .000E+00
    8    9    .102E+01    .000E+00
  0  0  0    0  0  0         0
