   16    3    F
  2  0  0    2  1  1        81
    1    1   -.177E+00    .000E+00
    1    2   -.707E+00    .000E+00
    1    3   -.180E+00    .000E+00
    1    4   -.754E-01    .000E+00
    1    5   -.393E-01    .000E+00
    1    6   -.233E-01    .000E+00
    1    7   -.150E-01    .000E+00
    1    8   -.103E-01    .000E+00
    1    9   -.736E-02    .000E+00
    2    1    .118E+00    .000E+00
    2    2   -.298E+00    .000E+00
    2    3   -.769E+00    .000E+00
    2    4   -.207E+00    .000E+00
    2    5   -.904E-01    .000E+00
    2    6   -.488E-01    .000E+00
    2    7   -.297E-01    .000E+00
    2    8   -.196E-01    .000E+00
    2    9   -.137E-01    .000E+00
    3    1    .250E-01    .000E+00
    3    2    .270E+00    .000E+00
    3    3   -.411E+00    .000E+00
    3    4   -.851E+00    .000E+00
    3    5   -.233E+00    .000E+00
    3    6   -.104E+00    .000E+00
    3    7   -.568E-01    .000E+00
    3    8   -.351E-01    .000E+00
    3    9   -.235E-01    .000E+00
    4    1    .980E-02    .000E+00
    4    2    .588E-01    .000E+00
    4    3    .435E+00    .000E+00
    4    4   -.522E+00    .000E+00
    4    5   -.942E+00    .000E+00
    4    6   -.259E+00    .000E+00
    4    7   -.116E+00    .000E+00
    4    8   -.641E-01    .000E+00
    4    9   -.400E-01    .000E+00
    5    1    .496E-02    .000E+00
    5    2    .236E-01    .000E+00
    5    3    .957E-01    .000E+00
    5    4    .607E+00    .000E+00
    5    5   -.632E+00    .000E+00
    5    6   -.104E+01    .000E+00
    5    7   -.285E+00    .000E+00
    5    8   -.128E+00    .000E+00
    5    9   -.710E-01    .000E+00
    6    1    .288E-02    .000E+00
    6    2    .122E-01    .000E+00
    6    3    .389E-01    .000E+00
    6    4    .134E+00    .000E+00
    6    5    .782E+00    .000E+00
    6    6   -.740E+00    .000E+00
    6    7   -.114E+01    .000E+00
    6    8   -.311E+00    .000E+00
    6    9   -.139E+00    .000E+00
    7    1    .184E-02    .000E+00
    7    2    .723E-02    .000E+00
    7    3    .203E-01    .000E+00
    7    4    .548E-01    .000E+00
    7    5    .174E+00    .000E+00
    7    6    .958E+00    .000E+00
    7    7   -.848E+00    .000E+00
    7    8   -.123E+01    .000E+00
    7    9   -.337E+00    .000E+00
    8    1    .125E-02    .000E+00
    8    2    .468E-02    .000E+00
    8    3    .122E-01    .000E+00
    8    4    .288E-01    .000E+00
    8    5    .710E-01    .000E+00
    8    6    .213E+00    .000E+00
    8    7    .114E+01    .000E+00
    8    8   -.956E+00    .000E+00
    8    9   -.133E+01    .000E+00
    9    1    .886E-03    .000E+00
    9    2    .323E-02    .000E+00
    9    3    .797E-02    .000E+00
    9    4    .174E-01    .000E+00
    9    5    .374E-01    .000E+00
    9    6    .874E-01    .000E+00
    9    7    .253E+00    .000E+00
    9    8    .132E+01    .000E+00
    9    9   -.106E+01    .000E+00
  2  1  1    2  2  0        72
    1    1   -.405E+01    .000E+00
    1    2   -.733E+00    .000E+00
    1    3   -.270E+00    .000E+00
    1    4   -.132E+00    .000E+00
    1    5   -.757E-01    .000E+00
    1    6   -.477E-01    .000E+00
    1    7   -.322E-01    .000E+00
    1    8   -.228E-01    .000E+00
    2    1   -.146E+00    .000E+00
    2    2   -.352E+01    .000E+00
    2    3   -.819E+00    .000E+00
    2    4   -.334E+00    .000E+00
    2    5   -.174E+00    .000E+00
    2    6   -.104E+00    .000E+00
    2    7   -.672E-01    .000E+00
    2    8   -.464E-01    .000E+00
    3    1    .131E+00    .000E+00
    3    2   -.259E+00    .000E+00
    3    3   -.342E+01    .000E+00
    3    4   -.862E+00    .000E+00
    3    5   -.367E+00    .000E+00
    3    6   -.197E+00    .000E+00
    3    7   -.120E+00    .000E+00
    3    8   -.794E-01    .000E+00
    4    1    .259E-01    .000E+00
    4    2    .326E+00    .000E+00
    4    3   -.361E+00    .000E+00
    4    4   -.348E+01    .000E+00
    4    5   -.903E+00    .000E+00
    4    6   -.393E+00    .000E+00
    4    7   -.214E+00    .000E+00
    4    8   -.132E+00    .000E+00
    5    1    .985E-02    .000E+00
    5    2    .671E-01    .000E+00
    5    3    .556E+00    .000E+00
    5    4   -.456E+00    .000E+00
    5    5   -.361E+01    .000E+00
    5    6   -.948E+00    .000E+00
    5    7   -.417E+00    .000E+00
    5    8   -.229E+00    .000E+00
    6    1    .492E-02    .000E+00
    6    2    .260E-01    .000E+00
    6    3    .118E+00    .000E+00
    6    4    .808E+00    .000E+00
    6    5   -.544E+00    .000E+00
    6    6   -.378E+01    .000E+00
    6    7   -.996E+00    .000E+00
    6    8   -.441E+00    .000E+00
    7    1    .286E-02    .000E+00
    7    2    .132E-01    .000E+00
    7    3    .461E-01    .000E+00
    7    4    .174E+00    .000E+00
    7    5    .107E+01    .000E+00
    7    6   -.634E+00    .000E+00
    7    7   -.396E+01    .000E+00
    7    8   -.105E+01    .000E+00
    8    1    .183E-02    .000E+00
    8    2    .776E-02    .000E+00
    8    3    .236E-01    .000E+00
    8    4    .688E-01    .000E+00
    8    5    .233E+00    .000E+00
    8    6    .135E+01    .000E+00
    8    7   -.722E+00    .000E+00
    8    8   -.417E+01    .000E+00
    9    1    .124E-02    .000E+00
    9    2    .501E-02    .000E+00
    9    3    .140E-01    .000E+00
    9    4    .355E-01    .000E+00
    9    5    .931E-01    .000E+00
    9    6    .296E+00    .000E+00
    9    7    .163E+01    .000E+00
    9    8   -.811E+00    .000E+00
  0  0  0    0  0  0         0
