   18    2    F
  1  0  0    1  1  1        90
    1    1   -.772E+00   -.772E+00
    1    2   -.154E+00   -.154E+00
    1    3   -.571E-01   -.572E-01
    1    4   -.275E-01   -.276E-01
    1    5   -.155E-01   -.155E-01
    1    6   -.956E-02   -.959E-02
    1    7   -.633E-02   -.635E-02
    1    8   -.441E-02   -.442E-02
    1    9   -.320E-02   -.321E-02
    2    1   -.287E-01    .000E+00
    2    2   -.409E+00   -.409E+00
    2    3   -.990E-01   -.990E-01
    2    4   -.407E-01   -.407E-01
    2    5   -.211E-01   -.211E-01
    2    6   -.124E-01   -.124E-01
    2    7   -.799E-02   -.800E-02
    2    8   -.546E-02   -.547E-02
    2    9   -.390E-02   -.391E-02
    3    1    .475E-01    .474E-01
    3    2   -.499E-01    .000E+00
    3    3   -.451E+00   -.452E+00
    3    4   -.115E+00   -.117E+00
    3    5   -.495E-01   -.500E-01
    3    6   -.265E-01   -.267E-01
    3    7   -.160E-01   -.162E-01
    3    8   -.105E-01   -.106E-01
    3    9   -.735E-02   -.738E-02
    4    1    .105E-01    .105E-01
    4    2    .110E+00    .108E+00
    4    3   -.703E-01    .000E+00
    4    4   -.503E+00    .000E+00
    4    5   -.131E+00   -.125E+00
    4    6   -.571E-01   -.550E-01
    4    7   -.311E-01   -.301E-01
    4    8   -.191E-01   -.186E-01
    4    9   -.127E-01   -.125E-01
    5    1    .417E-02    .416E-02
    5    2    .248E-01    .248E-01
    5    3    .178E+00    .000E+00
    5    4   -.884E-01    .000E+00
    5    5   -.560E+00    .000E+00
    5    6   -.146E+00    .000E+00
    5    7   -.643E-01    .000E+00
    5    8   -.353E-01    .000E+00
    5    9   -.219E-01   -.219E-01
    6    1    .212E-02    .212E-02
    6    2    .101E-01    .102E-01
    6    3    .408E-01    .404E-01
    6    4    .250E+00    .000E+00
    6    5   -.107E+00    .000E+00
    6    6   -.619E+00    .000E+00
    6    7   -.162E+00    .000E+00
    6    8   -.712E-01    .000E+00
    6    9   -.392E-01    .000E+00
    7    1    .124E-02    .124E-02
    7    2    .524E-02    .529E-02
    7    3    .168E-01    .165E-01
    7    4    .575E-01    .000E+00
    7    5    .323E+00    .000E+00
    7    6   -.126E+00    .000E+00
    7    7   -.680E+00    .000E+00
    7    8   -.177E+00    .000E+00
    7    9   -.780E-01    .000E+00
    8    1    .791E-03    .789E-03
    8    2    .312E-02    .316E-02
    8    3    .880E-02    .862E-02
    8    4    .238E-01    .000E+00
    8    5    .746E-01    .000E+00
    8    6    .398E+00    .000E+00
    8    7   -.144E+00    .000E+00
    8    8   -.741E+00    .000E+00
    8    9   -.192E+00    .000E+00
    9    1    .538E-03    .537E-03
    9    2    .203E-02    .206E-02
    9    3    .530E-02    .517E-02
    9    4    .126E-01    .000E+00
    9    5    .309E-01    .000E+00
    9    6    .920E-01    .000E+00
    9    7    .473E+00    .000E+00
    9    8   -.163E+00    .000E+00
    9    9   -.803E+00    .000E+00
   10    1    .383E-03    .382E-03
   10    2    .140E-02    .142E-02
   10    3    .348E-02    .339E-02
   10    4    .760E-02    .719E-02
   10    5    .164E-01    .000E+00
   10    6    .382E-01    .000E+00
   10    7    .109E+00    .000E+00
   10    8    .549E+00    .000E+00
   10    9   -.181E+00    .000E+00
  1  2  0    1  1  1        72
    1    1    .210E+01    .210E+01
    1    2   -.161E-01    .000E+00
    1    3   -.529E-01   -.531E-01
    1    4   -.107E-01   -.109E-01
    1    5   -.407E-02   -.415E-02
    1    6   -.204E-02   -.207E-02
    1    7   -.118E-02   -.120E-02
    1    8   -.757E-03   -.765E-03
    1    9   -.517E-03   -.521E-03
    2    1    .362E+00    .362E+00
    2    2    .188E+01    .187E+01
    2    3   -.264E-01    .000E+00
    2    4   -.135E+00    .000E+00
    2    5   -.284E-01   -.252E-01
    2    6   -.111E-01   -.994E-02
    2    7   -.562E-02   -.514E-02
    2    8   -.331E-02   -.308E-02
    2    9   -.214E-02   -.202E-02
    3    1    .131E+00    .131E+00
    3    2    .419E+00    .420E+00
    3    3    .185E+01    .000E+00
    3    4   -.353E-01    .000E+00
    3    5   -.233E+00    .000E+00
    3    6   -.504E-01    .000E+00
    3    7   -.199E-01    .000E+00
    3    8   -.102E-01    .000E+00
    3    9   -.607E-02   -.618E-02
    4    1    .638E-01    .639E-01
    4    2    .168E+00    .169E+00
    4    3    .448E+00    .444E+00
    4    4    .190E+01    .000E+00
    4    5   -.433E-01    .000E+00
    4    6   -.342E+00    .000E+00
    4    7   -.751E-01    .000E+00
    4    8   -.300E-01    .000E+00
    4    9   -.155E-01    .000E+00
    5    1    .364E-01    .364E-01
    5    2    .869E-01    .875E-01
    5    3    .188E+00    .186E+00
    5    4    .475E+00    .000E+00
    5    5    .198E+01    .000E+00
    5    6   -.514E-01    .000E+00
    5    7   -.457E+00    .000E+00
    5    8   -.102E+00    .000E+00
    5    9   -.409E-01    .000E+00
    6    1    .228E-01    .228E-01
    6    2    .514E-01    .518E-01
    6    3    .100E+00    .990E-01
    6    4    .204E+00    .000E+00
    6    5    .502E+00    .000E+00
    6    6    .209E+01    .000E+00
    6    7   -.596E-01    .000E+00
    6    8   -.577E+00    .000E+00
    6    9   -.130E+00    .000E+00
    7    1    .154E-01    .154E-01
    7    2    .333E-01    .336E-01
    7    3    .607E-01    .600E-01
    7    4    .110E+00    .000E+00
    7    5    .218E+00    .000E+00
    7    6    .530E+00    .000E+00
    7    7    .220E+01    .000E+00
    7    8   -.677E-01    .000E+00
    7    9   -.700E+00    .000E+00
    8    1    .109E-01    .109E-01
    8    2    .230E-01    .231E-01
    8    3    .400E-01    .396E-01
    8    4    .677E-01    .657E-01
    8    5    .119E+00    .000E+00
    8    6    .231E+00    .000E+00
    8    7    .559E+00    .000E+00
    8    8    .232E+01    .000E+00
    8    9   -.759E-01    .000E+00
  3  0  0    3  1  1        81
    1    1   -.119E+00    .000E+00
    1    2   -.119E+01   -.119E+01
    1    3   -.291E+00   -.291E+00
    1    4   -.120E+00   -.120E+00
    1    5   -.623E-01   -.623E-01
    1    6   -.368E-01   -.368E-01
    1    7   -.237E-01   -.237E-01
    1    8   -.162E-01   -.162E-01
    1    9   -.116E-01   -.116E-01
    2    1    .144E+00    .145E+00
    2    2   -.200E+00    .000E+00
    2    3   -.131E+01   -.132E+01
    2    4   -.340E+00   -.343E+00
    2    5   -.146E+00   -.147E+00
    2    6   -.782E-01   -.787E-01
    2    7   -.474E-01   -.477E-01
    2    8   -.312E-01   -.313E-01
    2    9   -.217E-01   -.218E-01
    3    1    .315E-01    .316E-01
    3    2    .338E+00    .333E+00
    3    3   -.277E+00    .000E+00
    3    4   -.147E+01    .000E+00
    3    5   -.386E+00   -.369E+00
    3    6   -.169E+00   -.162E+00
    3    7   -.917E-01   -.890E-01
    3    8   -.565E-01   -.552E-01
    3    9   -.376E-01   -.370E-01
    4    1    .125E-01    .125E-01
    4    2    .759E-01    .760E-01
    4    3    .550E+00    .000E+00
    4    4   -.347E+00    .000E+00
    4    5   -.163E+01    .000E+00
    4    6   -.431E+00    .000E+00
    4    7   -.190E+00    .000E+00
    4    8   -.104E+00    .000E+00
    4    9   -.646E-01   -.646E-01
    5    1    .632E-02    .633E-02
    5    2    .307E-01    .310E-01
    5    3    .125E+00    .124E+00
    5    4    .772E+00    .000E+00
    5    5   -.420E+00    .000E+00
    5    6   -.181E+01    .000E+00
    5    7   -.476E+00    .000E+00
    5    8   -.210E+00    .000E+00
    5    9   -.116E+00    .000E+00
    6    1    .369E-02    .369E-02
    6    2    .159E-01    .162E-01
    6    3    .512E-01    .504E-01
    6    4    .176E+00    .000E+00
    6    5    .998E+00    .000E+00
    6    6   -.492E+00    .000E+00
    6    7   -.198E+01    .000E+00
    6    8   -.520E+00    .000E+00
    6    9   -.230E+00    .000E+00
    7    1    .235E-02    .236E-02
    7    2    .948E-02    .964E-02
    7    3    .269E-01    .263E-01
    7    4    .727E-01    .000E+00
    7    5    .229E+00    .000E+00
    7    6    .123E+01    .000E+00
    7    7   -.565E+00    .000E+00
    7    8   -.216E+01    .000E+00
    7    9   -.565E+00    .000E+00
    8    1    .160E-02    .160E-02
    8    2    .615E-02    .626E-02
    8    3    .162E-01    .158E-01
    8    4    .384E-01    .000E+00
    8    5    .946E-01    .000E+00
    8    6    .282E+00    .000E+00
    8    7    .146E+01    .000E+00
    8    8   -.636E+00    .000E+00
    8    9   -.234E+01    .000E+00
    9    1    .114E-02    .114E-02
    9    2    .425E-02    .433E-02
    9    3    .106E-01    .103E-01
    9    4    .232E-01    .220E-01
    9    5    .501E-01    .000E+00
    9    6    .117E+00    .000E+00
    9    7    .336E+00    .000E+00
    9    8    .169E+01    .000E+00
    9    9   -.709E+00    .000E+00
  3  2  0    3  1  1        72
    1    1    .614E+01    .614E+01
    1    2    .146E+00    .000E+00
    1    3   -.186E+00   -.186E+00
    1    4   -.369E-01   -.375E-01
    1    5   -.140E-01   -.143E-01
    1    6   -.700E-02   -.711E-02
    1    7   -.407E-02   -.411E-02
    1    8   -.260E-02   -.262E-02
    1    9   -.177E-02   -.178E-02
    2    1    .110E+01    .110E+01
    2    2    .537E+01    .535E+01
    2    3    .255E+00    .000E+00
    2    4   -.464E+00    .000E+00
    2    5   -.961E-01   -.862E-01
    2    6   -.373E-01   -.339E-01
    2    7   -.189E-01   -.175E-01
    2    8   -.111E-01   -.105E-01
    2    9   -.719E-02   -.685E-02
    3    1    .405E+00    .405E+00
    3    2    .124E+01    .124E+01
    3    3    .525E+01    .000E+00
    3    4    .352E+00    .000E+00
    3    5   -.794E+00    .000E+00
    3    6   -.169E+00    .000E+00
    3    7   -.664E-01    .000E+00
    3    8   -.340E-01    .000E+00
    3    9   -.202E-01   -.205E-01
    4    1    .198E+00    .198E+00
    4    2    .503E+00    .506E+00
    4    3    .131E+01    .130E+01
    4    4    .535E+01    .000E+00
    4    5    .445E+00    .000E+00
    4    6   -.116E+01    .000E+00
    4    7   -.250E+00    .000E+00
    4    8   -.993E-01    .000E+00
    4    9   -.512E-01    .000E+00
    5    1    .113E+00    .113E+00
    5    2    .261E+00    .263E+00
    5    3    .555E+00    .549E+00
    5    4    .138E+01    .000E+00
    5    5    .556E+01    .000E+00
    5    6    .534E+00    .000E+00
    5    7   -.154E+01    .000E+00
    5    8   -.337E+00    .000E+00
    5    9   -.135E+00    .000E+00
    6    1    .713E-01    .713E-01
    6    2    .155E+00    .156E+00
    6    3    .297E+00    .294E+00
    6    4    .596E+00    .000E+00
    6    5    .145E+01    .000E+00
    6    6    .583E+01    .000E+00
    6    7    .621E+00    .000E+00
    6    8   -.194E+01    .000E+00
    6    9   -.427E+00    .000E+00
    7    1    .480E-01    .480E-01
    7    2    .101E+00    .101E+00
    7    3    .181E+00    .179E+00
    7    4    .324E+00    .000E+00
    7    5    .634E+00    .000E+00
    7    6    .152E+01    .000E+00
    7    7    .613E+01    .000E+00
    7    8    .706E+00    .000E+00
    7    9   -.235E+01    .000E+00
    8    1    .340E-01    .340E-01
    8    2    .695E-01    .700E-01
    8    3    .119E+00    .118E+00
    8    4    .200E+00    .194E+00
    8    5    .348E+00    .000E+00
    8    6    .671E+00    .000E+00
    8    7    .160E+01    .000E+00
    8    8    .645E+01    .000E+00
    8    9    .790E+00    .000E+00
  0  0  0    0  0  0         0
