   20    2    F
  1  0  0    1  1  1        90
    1    1   -.778E+00   -.778E+00
    1    2   -.154E+00   -.155E+00
    1    3   -.572E-01   -.573E-01
    1    4   -.276E-01   -.277E-01
    1    5   -.155E-01   -.155E-01
    1    6   -.956E-02   -.960E-02
    1    7   -.633E-02   -.635E-02
    1    8   -.441E-02   -.443E-02
    1    9   -.320E-02   -.321E-02
    2    1   -.258E-01    .000E+00
    2    2   -.411E+00   -.411E+00
    2    3   -.993E-01   -.994E-01
    2    4   -.408E-01   -.409E-01
    2    5   -.211E-01   -.211E-01
    2    6   -.125E-01   -.125E-01
    2    7   -.801E-02   -.802E-02
    2    8   -.547E-02   -.548E-02
    2    9   -.391E-02   -.392E-02
    3    1    .468E-01    .467E-01
    3    2   -.448E-01    .000E+00
    3    3   -.454E+00   -.456E+00
    3    4   -.116E+00   -.117E+00
    3    5   -.497E-01   -.503E-01
    3    6   -.266E-01   -.268E-01
    3    7   -.161E-01   -.162E-01
    3    8   -.106E-01   -.107E-01
    3    9   -.737E-02   -.742E-02
    4    1    .104E-01    .103E-01
    4    2    .108E+00    .106E+00
    4    3   -.633E-01    .000E+00
    4    4   -.507E+00    .000E+00
    4    5   -.132E+00   -.126E+00
    4    6   -.574E-01   -.549E-01
    4    7   -.312E-01   -.300E-01
    4    8   -.192E-01   -.185E-01
    4    9   -.128E-01   -.124E-01
    5    1    .412E-02    .411E-02
    5    2    .246E-01    .245E-01
    5    3    .176E+00    .000E+00
    5    4   -.792E-01    .000E+00
    5    5   -.565E+00    .000E+00
    5    6   -.147E+00    .000E+00
    5    7   -.646E-01    .000E+00
    5    8   -.354E-01    .000E+00
    5    9   -.220E-01   -.219E-01
    6    1    .209E-02    .209E-02
    6    2    .998E-02    .100E-01
    6    3    .404E-01    .401E-01
    6    4    .247E+00    .000E+00
    6    5   -.959E-01    .000E+00
    6    6   -.625E+00    .000E+00
    6    7   -.163E+00    .000E+00
    6    8   -.716E-01    .000E+00
    6    9   -.394E-01    .000E+00
    7    1    .122E-02    .122E-02
    7    2    .519E-02    .524E-02
    7    3    .166E-01    .164E-01
    7    4    .570E-01    .000E+00
    7    5    .320E+00    .000E+00
    7    6   -.113E+00    .000E+00
    7    7   -.686E+00    .000E+00
    7    8   -.178E+00    .000E+00
    7    9   -.785E-01    .000E+00
    8    1    .781E-03    .779E-03
    8    2    .309E-02    .313E-02
    8    3    .872E-02    .858E-02
    8    4    .236E-01    .000E+00
    8    5    .740E-01    .000E+00
    8    6    .394E+00    .000E+00
    8    7   -.129E+00    .000E+00
    8    8   -.748E+00    .000E+00
    8    9   -.194E+00    .000E+00
    9    1    .531E-03    .530E-03
    9    2    .201E-02    .203E-02
    9    3    .525E-02    .516E-02
    9    4    .124E-01    .000E+00
    9    5    .307E-01    .000E+00
    9    6    .912E-01    .000E+00
    9    7    .468E+00    .000E+00
    9    8   -.146E+00    .000E+00
    9    9   -.810E+00    .000E+00
   10    1    .379E-03    .378E-03
   10    2    .139E-02    .141E-02
   10    3    .345E-02    .338E-02
   10    4    .754E-02    .718E-02
   10    5    .163E-01    .000E+00
   10    6    .379E-01    .000E+00
   10    7    .109E+00    .000E+00
   10    8    .543E+00    .000E+00
   10    9   -.162E+00    .000E+00
  1  2  0    1  1  1        72
    1    1    .209E+01    .209E+01
    1    2   -.144E-01    .000E+00
    1    3   -.531E-01   -.533E-01
    1    4   -.107E-01   -.110E-01
    1    5   -.409E-02   -.419E-02
    1    6   -.204E-02   -.209E-02
    1    7   -.119E-02   -.121E-02
    1    8   -.760E-03   -.772E-03
    1    9   -.519E-03   -.526E-03
    2    1    .363E+00    .363E+00
    2    2    .187E+01    .186E+01
    2    3   -.236E-01    .000E+00
    2    4   -.135E+00    .000E+00
    2    5   -.284E-01   -.250E-01
    2    6   -.111E-01   -.977E-02
    2    7   -.564E-02   -.503E-02
    2    8   -.332E-02   -.300E-02
    2    9   -.214E-02   -.196E-02
    3    1    .132E+00    .132E+00
    3    2    .419E+00    .420E+00
    3    3    .185E+01    .000E+00
    3    4   -.316E-01    .000E+00
    3    5   -.234E+00    .000E+00
    3    6   -.505E-01    .000E+00
    3    7   -.200E-01    .000E+00
    3    8   -.102E-01    .000E+00
    3    9   -.608E-02   -.622E-02
    4    1    .639E-01    .640E-01
    4    2    .168E+00    .169E+00
    4    3    .448E+00    .445E+00
    4    4    .190E+01    .000E+00
    4    5   -.387E-01    .000E+00
    4    6   -.343E+00    .000E+00
    4    7   -.753E-01    .000E+00
    4    8   -.301E-01    .000E+00
    4    9   -.155E-01    .000E+00
    5    1    .364E-01    .364E-01
    5    2    .869E-01    .875E-01
    5    3    .188E+00    .187E+00
    5    4    .474E+00    .000E+00
    5    5    .198E+01    .000E+00
    5    6   -.458E-01    .000E+00
    5    7   -.458E+00    .000E+00
    5    8   -.102E+00    .000E+00
    5    9   -.410E-01    .000E+00
    6    1    .229E-01    .229E-01
    6    2    .515E-01    .519E-01
    6    3    .100E+00    .992E-01
    6    4    .204E+00    .000E+00
    6    5    .501E+00    .000E+00
    6    6    .208E+01    .000E+00
    6    7   -.530E-01    .000E+00
    6    8   -.579E+00    .000E+00
    6    9   -.130E+00    .000E+00
    7    1    .154E-01    .154E-01
    7    2    .334E-01    .336E-01
    7    3    .607E-01    .601E-01
    7    4    .110E+00    .000E+00
    7    5    .218E+00    .000E+00
    7    6    .530E+00    .000E+00
    7    7    .219E+01    .000E+00
    7    8   -.602E-01    .000E+00
    7    9   -.702E+00    .000E+00
    8    1    .109E-01    .109E-01
    8    2    .230E-01    .232E-01
    8    3    .400E-01    .396E-01
    8    4    .677E-01    .657E-01
    8    5    .119E+00    .000E+00
    8    6    .231E+00    .000E+00
    8    7    .559E+00    .000E+00
    8    8    .231E+01    .000E+00
    8    9   -.674E-01    .000E+00
  3  0  0    3  1  1        81
    1    1   -.107E+00    .000E+00
    1    2   -.120E+01   -.120E+01
    1    3   -.293E+00   -.293E+00
    1    4   -.121E+00   -.121E+00
    1    5   -.626E-01   -.626E-01
    1    6   -.370E-01   -.370E-01
    1    7   -.238E-01   -.238E-01
    1    8   -.162E-01   -.162E-01
    1    9   -.116E-01   -.116E-01
    2    1    .142E+00    .142E+00
    2    2   -.179E+00    .000E+00
    2    3   -.133E+01   -.133E+01
    2    4   -.342E+00   -.345E+00
    2    5   -.147E+00   -.148E+00
    2    6   -.786E-01   -.793E-01
    2    7   -.477E-01   -.480E-01
    2    8   -.313E-01   -.315E-01
    2    9   -.218E-01   -.219E-01
    3    1    .311E-01    .311E-01
    3    2    .333E+00    .328E+00
    3    3   -.248E+00    .000E+00
    3    4   -.148E+01    .000E+00
    3    5   -.388E+00   -.370E+00
    3    6   -.170E+00   -.162E+00
    3    7   -.922E-01   -.888E-01
    3    8   -.568E-01   -.550E-01
    3    9   -.378E-01   -.368E-01
    4    1    .123E-01    .123E-01
    4    2    .749E-01    .748E-01
    4    3    .543E+00    .000E+00
    4    4   -.311E+00    .000E+00
    4    5   -.165E+01    .000E+00
    4    6   -.434E+00    .000E+00
    4    7   -.191E+00    .000E+00
    4    8   -.105E+00    .000E+00
    4    9   -.650E-01   -.648E-01
    5    1    .624E-02    .625E-02
    5    2    .304E-01    .306E-01
    5    3    .124E+00    .123E+00
    5    4    .761E+00    .000E+00
    5    5   -.376E+00    .000E+00
    5    6   -.183E+01    .000E+00
    5    7   -.480E+00    .000E+00
    5    8   -.211E+00    .000E+00
    5    9   -.117E+00    .000E+00
    6    1    .364E-02    .365E-02
    6    2    .157E-01    .160E-01
    6    3    .507E-01    .501E-01
    6    4    .174E+00    .000E+00
    6    5    .984E+00    .000E+00
    6    6   -.442E+00    .000E+00
    6    7   -.201E+01    .000E+00
    6    8   -.525E+00    .000E+00
    6    9   -.232E+00    .000E+00
    7    1    .232E-02    .233E-02
    7    2    .937E-02    .952E-02
    7    3    .266E-01    .262E-01
    7    4    .719E-01    .000E+00
    7    5    .226E+00    .000E+00
    7    6    .121E+01    .000E+00
    7    7   -.505E+00    .000E+00
    7    8   -.219E+01    .000E+00
    7    9   -.570E+00    .000E+00
    8    1    .158E-02    .158E-02
    8    2    .609E-02    .619E-02
    8    3    .160E-01    .157E-01
    8    4    .380E-01    .000E+00
    8    5    .937E-01    .000E+00
    8    6    .279E+00    .000E+00
    8    7    .144E+01    .000E+00
    8    8   -.570E+00    .000E+00
    8    9   -.237E+01    .000E+00
    9    1    .112E-02    .112E-02
    9    2    .420E-02    .428E-02
    9    3    .105E-01    .103E-01
    9    4    .230E-01    .219E-01
    9    5    .496E-01    .000E+00
    9    6    .116E+00    .000E+00
    9    7    .332E+00    .000E+00
    9    8    .167E+01    .000E+00
    9    9   -.635E+00    .000E+00
  3  2  0    3  1  1        72
    1    1    .615E+01    .615E+01
    1    2    .132E+00    .000E+00
    1    3   -.183E+00   -.184E+00
    1    4   -.365E-01   -.373E-01
    1    5   -.139E-01   -.142E-01
    1    6   -.693E-02   -.707E-02
    1    7   -.403E-02   -.410E-02
    1    8   -.257E-02   -.261E-02
    1    9   -.176E-02   -.178E-02
    2    1    .110E+01    .110E+01
    2    2    .539E+01    .536E+01
    2    3    .229E+00    .000E+00
    2    4   -.459E+00    .000E+00
    2    5   -.952E-01   -.844E-01
    2    6   -.370E-01   -.329E-01
    2    7   -.188E-01   -.169E-01
    2    8   -.110E-01   -.101E-01
    2    9   -.713E-02   -.659E-02
    3    1    .404E+00    .404E+00
    3    2    .124E+01    .124E+01
    3    3    .527E+01    .000E+00
    3    4    .317E+00    .000E+00
    3    5   -.786E+00    .000E+00
    3    6   -.167E+00    .000E+00
    3    7   -.659E-01    .000E+00
    3    8   -.338E-01    .000E+00
    3    9   -.200E-01   -.204E-01
    4    1    .198E+00    .198E+00
    4    2    .503E+00    .506E+00
    4    3    .131E+01    .130E+01
    4    4    .538E+01    .000E+00
    4    5    .401E+00    .000E+00
    4    6   -.115E+01    .000E+00
    4    7   -.248E+00    .000E+00
    4    8   -.986E-01    .000E+00
    4    9   -.509E-01    .000E+00
    5    1    .113E+00    .113E+00
    5    2    .261E+00    .263E+00
    5    3    .556E+00    .551E+00
    5    4    .138E+01    .000E+00
    5    5    .559E+01    .000E+00
    5    6    .481E+00    .000E+00
    5    7   -.153E+01    .000E+00
    5    8   -.334E+00    .000E+00
    5    9   -.134E+00    .000E+00
    6    1    .711E-01    .712E-01
    6    2    .155E+00    .156E+00
    6    3    .297E+00    .294E+00
    6    4    .598E+00    .000E+00
    6    5    .145E+01    .000E+00
    6    6    .586E+01    .000E+00
    6    7    .559E+00    .000E+00
    6    8   -.192E+01    .000E+00
    6    9   -.424E+00    .000E+00
    7    1    .479E-01    .479E-01
    7    2    .101E+00    .101E+00
    7    3    .181E+00    .179E+00
    7    4    .325E+00    .000E+00
    7    5    .636E+00    .000E+00
    7    6    .153E+01    .000E+00
    7    7    .617E+01    .000E+00
    7    8    .636E+00    .000E+00
    7    9   -.233E+01    .000E+00
    8    1    .339E-01    .339E-01
    8    2    .695E-01    .700E-01
    8    3    .119E+00    .118E+00
    8    4    .200E+00    .194E+00
    8    5    .349E+00    .000E+00
    8    6    .673E+00    .000E+00
    8    7    .161E+01    .000E+00
    8    8    .649E+01    .000E+00
    8    9    .712E+00    .000E+00
  0  0  0    0  0  0         0
