   26    3    F
  2  0  0    2  1  1        81
    1    1   -.104E+00    .000E+00
    1    2   -.772E+00    .000E+00
    1    3   -.191E+00    .000E+00
    1    4   -.789E-01    .000E+00
    1    5   -.410E-01    .000E+00
    1    6   -.242E-01    .000E+00
    1    7   -.156E-01    .000E+00
    1    8   -.107E-01    .000E+00
    1    9   -.763E-02    .000E+00
    2    1    .102E+00    .000E+00
    2    2   -.175E+00    .000E+00
    2    3   -.848E+00    .000E+00
    2    4   -.221E+00    .000E+00
    2    5   -.956E-01    .000E+00
    2    6   -.513E-01    .000E+00
    2    7   -.312E-01    .000E+00
    2    8   -.205E-01    .000E+00
    2    9   -.143E-01    .000E+00
    3    1    .222E-01    .000E+00
    3    2    .237E+00    .000E+00
    3    3   -.242E+00    .000E+00
    3    4   -.945E+00    .000E+00
    3    5   -.251E+00    .000E+00
    3    6   -.110E+00    .000E+00
    3    7   -.600E-01    .000E+00
    3    8   -.370E-01    .000E+00
    3    9   -.247E-01    .000E+00
    4    1    .874E-02    .000E+00
    4    2    .528E-01    .000E+00
    4    3    .385E+00    .000E+00
    4    4   -.308E+00    .000E+00
    4    5   -.105E+01    .000E+00
    4    6   -.280E+00    .000E+00
    4    7   -.123E+00    .000E+00
    4    8   -.680E-01    .000E+00
    4    9   -.423E-01    .000E+00
    5    1    .444E-02    .000E+00
    5    2    .214E-01    .000E+00
    5    3    .866E-01    .000E+00
    5    4    .539E+00    .000E+00
    5    5   -.373E+00    .000E+00
    5    6   -.116E+01    .000E+00
    5    7   -.308E+00    .000E+00
    5    8   -.137E+00    .000E+00
    5    9   -.755E-01    .000E+00
    6    1    .259E-02    .000E+00
    6    2    .111E-01    .000E+00
    6    3    .355E-01    .000E+00
    6    4    .122E+00    .000E+00
    6    5    .697E+00    .000E+00
    6    6   -.437E+00    .000E+00
    6    7   -.127E+01    .000E+00
    6    8   -.337E+00    .000E+00
    6    9   -.149E+00    .000E+00
    7    1    .165E-02    .000E+00
    7    2    .658E-02    .000E+00
    7    3    .186E-01    .000E+00
    7    4    .502E-01    .000E+00
    7    5    .158E+00    .000E+00
    7    6    .854E+00    .000E+00
    7    7   -.501E+00    .000E+00
    7    8   -.138E+01    .000E+00
    7    9   -.366E+00    .000E+00
    8    1    .112E-02    .000E+00
    8    2    .427E-02    .000E+00
    8    3    .112E-01    .000E+00
    8    4    .265E-01    .000E+00
    8    5    .653E-01    .000E+00
    8    6    .195E+00    .000E+00
    8    7    .102E+01    .000E+00
    8    8   -.564E+00    .000E+00
    8    9   -.150E+01    .000E+00
    9    1    .796E-03    .000E+00
    9    2    .295E-02    .000E+00
    9    3    .732E-02    .000E+00
    9    4    .160E-01    .000E+00
    9    5    .345E-01    .000E+00
    9    6    .805E-01    .000E+00
    9    7    .232E+00    .000E+00
    9    8    .118E+01    .000E+00
    9    9   -.628E+00    .000E+00
  2  1  1    2  2  0        72
    1    1   -.410E+01    .000E+00
    1    2   -.732E+00    .000E+00
    1    3   -.268E+00    .000E+00
    1    4   -.131E+00    .000E+00
    1    5   -.751E-01    .000E+00
    1    6   -.473E-01    .000E+00
    1    7   -.319E-01    .000E+00
    1    8   -.226E-01    .000E+00
    2    1   -.908E-01    .000E+00
    2    2   -.359E+01    .000E+00
    2    3   -.825E+00    .000E+00
    2    4   -.335E+00    .000E+00
    2    5   -.174E+00    .000E+00
    2    6   -.103E+00    .000E+00
    2    7   -.671E-01    .000E+00
    2    8   -.463E-01    .000E+00
    3    1    .123E+00    .000E+00
    3    2   -.161E+00    .000E+00
    3    3   -.351E+01    .000E+00
    3    4   -.873E+00    .000E+00
    3    5   -.371E+00    .000E+00
    3    6   -.198E+00    .000E+00
    3    7   -.121E+00    .000E+00
    3    8   -.797E-01    .000E+00
    4    1    .245E-01    .000E+00
    4    2    .308E+00    .000E+00
    4    3   -.234E+00    .000E+00
    4    4   -.358E+01    .000E+00
    4    5   -.918E+00    .000E+00
    4    6   -.398E+00    .000E+00
    4    7   -.216E+00    .000E+00
    4    8   -.133E+00    .000E+00
    5    1    .930E-02    .000E+00
    5    2    .638E-01    .000E+00
    5    3    .526E+00    .000E+00
    5    4   -.281E+00    .000E+00
    5    5   -.372E+01    .000E+00
    5    6   -.966E+00    .000E+00
    5    7   -.423E+00    .000E+00
    5    8   -.232E+00    .000E+00
    6    1    .465E-02    .000E+00
    6    2    .247E-01    .000E+00
    6    3    .112E+00    .000E+00
    6    4    .766E+00    .000E+00
    6    5   -.336E+00    .000E+00
    6    6   -.390E+01    .000E+00
    6    7   -.102E+01    .000E+00
    6    8   -.448E+00    .000E+00
    7    1    .270E-02    .000E+00
    7    2    .126E-01    .000E+00
    7    3    .441E-01    .000E+00
    7    4    .166E+00    .000E+00
    7    5    .102E+01    .000E+00
    7    6   -.392E+00    .000E+00
    7    7   -.410E+01    .000E+00
    7    8   -.107E+01    .000E+00
    8    1    .173E-02    .000E+00
    8    2    .739E-02    .000E+00
    8    3    .226E-01    .000E+00
    8    4    .659E-01    .000E+00
    8    5    .223E+00    .000E+00
    8    6    .129E+01    .000E+00
    8    7   -.447E+00    .000E+00
    8    8   -.432E+01    .000E+00
    9    1    .118E-02    .000E+00
    9    2    .477E-02    .000E+00
    9    3    .134E-01    .000E+00
    9    4    .340E-01    .000E+00
    9    5    .894E-01    .000E+00
    9    6    .284E+00    .000E+00
    9    7    .156E+01    .000E+00
    9    8   -.506E+00    .000E+00
  0  0  0    0  0  0         0
