   26    2    F
  1  0  0    1  1  1        90
    1    1   -.791E+00   -.791E+00
    1    2   -.155E+00   -.155E+00
    1    3   -.574E-01   -.575E-01
    1    4   -.276E-01   -.278E-01
    1    5   -.155E-01   -.156E-01
    1    6   -.958E-02   -.961E-02
    1    7   -.634E-02   -.636E-02
    1    8   -.442E-02   -.443E-02
    1    9   -.320E-02   -.321E-02
    2    1   -.197E-01    .000E+00
    2    2   -.417E+00   -.417E+00
    2    3   -.100E+00   -.100E+00
    2    4   -.411E-01   -.411E-01
    2    5   -.212E-01   -.213E-01
    2    6   -.125E-01   -.125E-01
    2    7   -.805E-02   -.806E-02
    2    8   -.550E-02   -.550E-02
    2    9   -.393E-02   -.393E-02
    3    1    .454E-01    .453E-01
    3    2   -.343E-01    .000E+00
    3    3   -.461E+00   -.463E+00
    3    4   -.117E+00   -.118E+00
    3    5   -.501E-01   -.505E-01
    3    6   -.267E-01   -.270E-01
    3    7   -.162E-01   -.163E-01
    3    8   -.107E-01   -.107E-01
    3    9   -.741E-02   -.744E-02
    4    1    .101E-01    .100E-01
    4    2    .106E+00    .104E+00
    4    3   -.478E-01    .000E+00
    4    4   -.516E+00    .000E+00
    4    5   -.133E+00   -.128E+00
    4    6   -.579E-01   -.560E-01
    4    7   -.314E-01   -.306E-01
    4    8   -.193E-01   -.190E-01
    4    9   -.129E-01   -.127E-01
    5    1    .400E-02    .400E-02
    5    2    .240E-01    .240E-01
    5    3    .172E+00    .000E+00
    5    4   -.606E-01    .000E+00
    5    5   -.575E+00    .000E+00
    5    6   -.149E+00    .000E+00
    5    7   -.653E-01    .000E+00
    5    8   -.357E-01   -.357E-01
    5    9   -.221E-01   -.221E-01
    6    1    .204E-02    .203E-02
    6    2    .978E-02    .984E-02
    6    3    .396E-01    .391E-01
    6    4    .242E+00    .000E+00
    6    5   -.735E-01    .000E+00
    6    6   -.636E+00    .000E+00
    6    7   -.165E+00    .000E+00
    6    8   -.724E-01    .000E+00
    6    9   -.398E-01    .000E+00
    7    1    .119E-02    .119E-02
    7    2    .508E-02    .514E-02
    7    3    .163E-01    .160E-01
    7    4    .559E-01    .000E+00
    7    5    .313E+00    .000E+00
    7    6   -.865E-01    .000E+00
    7    7   -.699E+00    .000E+00
    7    8   -.181E+00    .000E+00
    7    9   -.793E-01    .000E+00
    8    1    .761E-03    .759E-03
    8    2    .303E-02    .307E-02
    8    3    .856E-02    .837E-02
    8    4    .231E-01    .000E+00
    8    5    .727E-01    .000E+00
    8    6    .385E+00    .000E+00
    8    7   -.994E-01    .000E+00
    8    8   -.762E+00    .000E+00
    8    9   -.196E+00    .000E+00
    9    1    .517E-03    .516E-03
    9    2    .197E-02    .200E-02
    9    3    .516E-02    .502E-02
    9    4    .122E-01    .116E-01
    9    5    .302E-01    .000E+00
    9    6    .896E-01    .000E+00
    9    7    .458E+00    .000E+00
    9    8   -.112E+00    .000E+00
    9    9   -.826E+00    .000E+00
   10    1    .369E-03    .368E-03
   10    2    .136E-02    .138E-02
   10    3    .338E-02    .329E-02
   10    4    .742E-02    .700E-02
   10    5    .160E-01    .000E+00
   10    6    .373E-01    .000E+00
   10    7    .107E+00    .000E+00
   10    8    .531E+00    .000E+00
   10    9   -.125E+00    .000E+00
  1  2  0    1  1  1        72
    1    1    .209E+01    .209E+01
    1    2   -.111E-01    .000E+00
    1    3   -.535E-01   -.537E-01
    1    4   -.108E-01   -.110E-01
    1    5   -.412E-02   -.419E-02
    1    6   -.206E-02   -.209E-02
    1    7   -.120E-02   -.121E-02
    1    8   -.765E-03   -.771E-03
    1    9   -.522E-03   -.525E-03
    2    1    .363E+00    .363E+00
    2    2    .187E+01    .186E+01
    2    3   -.181E-01    .000E+00
    2    4   -.136E+00    .000E+00
    2    5   -.286E-01   -.256E-01
    2    6   -.112E-01   -.102E-01
    2    7   -.567E-02   -.526E-02
    2    8   -.334E-02   -.315E-02
    2    9   -.216E-02   -.207E-02
    3    1    .132E+00    .132E+00
    3    2    .418E+00    .420E+00
    3    3    .184E+01    .000E+00
    3    4   -.243E-01    .000E+00
    3    5   -.235E+00    .000E+00
    3    6   -.508E-01    .000E+00
    3    7   -.201E-01    .000E+00
    3    8   -.103E-01   -.105E-01
    3    9   -.612E-02   -.621E-02
    4    1    .641E-01    .641E-01
    4    2    .168E+00    .169E+00
    4    3    .447E+00    .443E+00
    4    4    .189E+01    .000E+00
    4    5   -.294E-01    .000E+00
    4    6   -.345E+00    .000E+00
    4    7   -.757E-01    .000E+00
    4    8   -.302E-01    .000E+00
    4    9   -.156E-01    .000E+00
    5    1    .365E-01    .365E-01
    5    2    .869E-01    .875E-01
    5    3    .188E+00    .186E+00
    5    4    .474E+00    .000E+00
    5    5    .197E+01    .000E+00
    5    6   -.347E-01    .000E+00
    5    7   -.461E+00    .000E+00
    5    8   -.103E+00    .000E+00
    5    9   -.412E-01    .000E+00
    6    1    .230E-01    .230E-01
    6    2    .515E-01    .519E-01
    6    3    .100E+00    .989E-01
    6    4    .203E+00    .000E+00
    6    5    .500E+00    .000E+00
    6    6    .207E+01    .000E+00
    6    7   -.403E-01    .000E+00
    6    8   -.582E+00    .000E+00
    6    9   -.131E+00    .000E+00
    7    1    .155E-01    .155E-01
    7    2    .334E-01    .336E-01
    7    3    .607E-01    .600E-01
    7    4    .110E+00    .107E+00
    7    5    .217E+00    .000E+00
    7    6    .528E+00    .000E+00
    7    7    .219E+01    .000E+00
    7    8   -.459E-01    .000E+00
    7    9   -.706E+00    .000E+00
    8    1    .109E-01    .109E-01
    8    2    .230E-01    .232E-01
    8    3    .400E-01    .396E-01
    8    4    .676E-01    .657E-01
    8    5    .119E+00    .000E+00
    8    6    .231E+00    .000E+00
    8    7    .558E+00    .000E+00
    8    8    .231E+01    .000E+00
    8    9   -.516E-01    .000E+00
  3  0  0    3  1  1        81
    1    1   -.812E-01    .000E+00
    1    2   -.123E+01   -.123E+01
    1    3   -.297E+00   -.297E+00
    1    4   -.122E+00   -.122E+00
    1    5   -.632E-01   -.632E-01
    1    6   -.373E-01   -.373E-01
    1    7   -.240E-01   -.240E-01
    1    8   -.164E-01   -.164E-01
    1    9   -.117E-01   -.117E-01
    2    1    .137E+00    .137E+00
    2    2   -.136E+00    .000E+00
    2    3   -.136E+01   -.136E+01
    2    4   -.347E+00   -.350E+00
    2    5   -.149E+00   -.150E+00
    2    6   -.794E-01   -.799E-01
    2    7   -.481E-01   -.483E-01
    2    8   -.316E-01   -.317E-01
    2    9   -.220E-01   -.221E-01
    3    1    .302E-01    .302E-01
    3    2    .322E+00    .318E+00
    3    3   -.190E+00    .000E+00
    3    4   -.152E+01    .000E+00
    3    5   -.395E+00   -.378E+00
    3    6   -.172E+00   -.166E+00
    3    7   -.933E-01   -.910E-01
    3    8   -.574E-01   -.564E-01
    3    9   -.382E-01   -.377E-01
    4    1    .120E-01    .120E-01
    4    2    .730E-01    .731E-01
    4    3    .526E+00    .000E+00
    4    4   -.237E+00    .000E+00
    4    5   -.169E+01    .000E+00
    4    6   -.442E+00    .000E+00
    4    7   -.194E+00    .000E+00
    4    8   -.106E+00   -.106E+00
    4    9   -.658E-01   -.658E-01
    5    1    .608E-02    .608E-02
    5    2    .296E-01    .299E-01
    5    3    .121E+00    .119E+00
    5    4    .739E+00    .000E+00
    5    5   -.286E+00    .000E+00
    5    6   -.187E+01    .000E+00
    5    7   -.488E+00    .000E+00
    5    8   -.215E+00    .000E+00
    5    9   -.118E+00    .000E+00
    6    1    .355E-02    .355E-02
    6    2    .154E-01    .156E-01
    6    3    .495E-01    .486E-01
    6    4    .170E+00    .000E+00
    6    5    .957E+00    .000E+00
    6    6   -.336E+00    .000E+00
    6    7   -.206E+01    .000E+00
    6    8   -.534E+00    .000E+00
    6    9   -.235E+00    .000E+00
    7    1    .226E-02    .227E-02
    7    2    .916E-02    .931E-02
    7    3    .260E-01    .254E-01
    7    4    .704E-01    .000E+00
    7    5    .221E+00    .000E+00
    7    6    .118E+01    .000E+00
    7    7   -.384E+00    .000E+00
    7    8   -.224E+01    .000E+00
    7    9   -.581E+00    .000E+00
    8    1    .154E-02    .154E-02
    8    2    .595E-02    .605E-02
    8    3    .156E-01    .153E-01
    8    4    .372E-01    .353E-01
    8    5    .917E-01    .000E+00
    8    6    .273E+00    .000E+00
    8    7    .140E+01    .000E+00
    8    8   -.435E+00    .000E+00
    8    9   -.243E+01    .000E+00
    9    1    .110E-02    .110E-02
    9    2    .411E-02    .418E-02
    9    3    .103E-01    .100E-01
    9    4    .225E-01    .213E-01
    9    5    .487E-01    .000E+00
    9    6    .113E+00    .000E+00
    9    7    .325E+00    .000E+00
    9    8    .163E+01    .000E+00
    9    9   -.483E+00    .000E+00
  3  2  0    3  1  1        72
    1    1    .618E+01    .618E+01
    1    2    .101E+00    .000E+00
    1    3   -.179E+00   -.180E+00
    1    4   -.357E-01   -.363E-01
    1    5   -.136E-01   -.138E-01
    1    6   -.679E-02   -.688E-02
    1    7   -.394E-02   -.398E-02
    1    8   -.252E-02   -.254E-02
    1    9   -.172E-02   -.173E-02
    2    1    .110E+01    .110E+01
    2    2    .543E+01    .541E+01
    2    3    .176E+00    .000E+00
    2    4   -.449E+00    .000E+00
    2    5   -.934E-01   -.842E-01
    2    6   -.363E-01   -.333E-01
    2    7   -.184E-01   -.172E-01
    2    8   -.108E-01   -.103E-01
    2    9   -.700E-02   -.676E-02
    3    1    .403E+00    .403E+00
    3    2    .124E+01    .125E+01
    3    3    .532E+01    .000E+00
    3    4    .243E+00    .000E+00
    3    5   -.771E+00    .000E+00
    3    6   -.164E+00    .000E+00
    3    7   -.648E-01    .000E+00
    3    8   -.332E-01   -.338E-01
    3    9   -.197E-01   -.200E-01
    4    1    .197E+00    .197E+00
    4    2    .504E+00    .507E+00
    4    3    .132E+01    .130E+01
    4    4    .544E+01    .000E+00
    4    5    .308E+00    .000E+00
    4    6   -.112E+01    .000E+00
    4    7   -.244E+00    .000E+00
    4    8   -.971E-01    .000E+00
    4    9   -.501E-01    .000E+00
    5    1    .113E+00    .113E+00
    5    2    .261E+00    .263E+00
    5    3    .558E+00    .551E+00
    5    4    .139E+01    .000E+00
    5    5    .565E+01    .000E+00
    5    6    .369E+00    .000E+00
    5    7   -.150E+01    .000E+00
    5    8   -.329E+00    .000E+00
    5    9   -.132E+00    .000E+00
    6    1    .709E-01    .709E-01
    6    2    .155E+00    .156E+00
    6    3    .298E+00    .294E+00
    6    4    .600E+00    .000E+00
    6    5    .146E+01    .000E+00
    6    6    .593E+01    .000E+00
    6    7    .429E+00    .000E+00
    6    8   -.189E+01    .000E+00
    6    9   -.418E+00    .000E+00
    7    1    .477E-01    .477E-01
    7    2    .101E+00    .101E+00
    7    3    .181E+00    .179E+00
    7    4    .326E+00    .317E+00
    7    5    .639E+00    .000E+00
    7    6    .154E+01    .000E+00
    7    7    .624E+01    .000E+00
    7    8    .488E+00    .000E+00
    7    9   -.229E+01    .000E+00
    8    1    .338E-01    .338E-01
    8    2    .694E-01    .699E-01
    8    3    .120E+00    .118E+00
    8    4    .201E+00    .195E+00
    8    5    .350E+00    .000E+00
    8    6    .677E+00    .000E+00
    8    7    .162E+01    .000E+00
    8    8    .657E+01    .000E+00
    8    9    .545E+00    .000E+00
  0  0  0    0  0  0         0
