   12    3    P
    2    0    0    1
     10     80
  2.695461E+01    0.0000
  2.595461E+01 1.420E-01
  2.615460E+01 1.400E-01
  2.635460E+01 1.380E-01
  2.655460E+01 1.360E-01
  2.675450E+01 1.340E-01
  2.695450E+01 1.320E-01
  2.815050E+01 1.220E-01
  2.938721E+01 1.120E-01
  3.066600E+01 1.030E-01
  3.198810E+01 9.480E-02
  3.335510E+01 8.756E-02
  3.788120E+01 6.409E-02
  4.875580E+01 3.857E-02
  5.963040E+01 2.520E-02
  7.050500E+01 1.746E-02
  8.137960E+01 1.264E-02
  9.225420E+01 9.467E-03
  1.031290E+02 7.289E-03
  1.140030E+02 5.740E-03
  1.248780E+02 4.606E-03
  1.248800E+02 8.501E-02
  1.249850E+02 8.483E-02
  1.250890E+02 8.465E-02
  1.251930E+02 8.448E-02
  1.252970E+02 8.430E-02
  1.254010E+02 8.413E-02
  1.255050E+02 8.395E-02
  1.256090E+02 8.378E-02
  1.257130E+02 8.360E-02
  1.258180E+02 8.343E-02
  1.258190E+02 1.104E-01
  1.294120E+02 1.029E-01
  1.331080E+02 9.576E-02
  1.369090E+02 8.914E-02
  1.408190E+02 8.294E-02
  1.448410E+02 7.715E-02
  1.489770E+02 7.175E-02
  1.532320E+02 6.670E-02
  1.576080E+02 6.199E-02
  1.621090E+02 5.760E-02
  1.667390E+02 5.350E-02
  1.715010E+02 4.968E-02
  1.763980E+02 4.611E-02
  1.814360E+02 4.280E-02
  1.866180E+02 3.971E-02
  1.919470E+02 3.683E-02
  1.974290E+02 3.415E-02
  2.030670E+02 3.166E-02
  2.088670E+02 2.935E-02
  2.148320E+02 2.719E-02
  2.209670E+02 2.519E-02
  2.272770E+02 2.333E-02
  2.337680E+02 2.160E-02
  2.404440E+02 2.000E-02
  2.473110E+02 1.851E-02
  2.543740E+02 1.712E-02
  2.616380E+02 1.584E-02
  2.691100E+02 1.465E-02
  2.767960E+02 1.354E-02
  2.847010E+02 1.252E-02
  2.928320E+02 1.157E-02
  3.011940E+02 1.069E-02
  3.097960E+02 9.875E-03
  3.186430E+02 9.120E-03
  3.277430E+02 8.421E-03
  3.371030E+02 7.774E-03
  3.467310E+02 7.175E-03
  3.566330E+02 6.621E-03
  3.668180E+02 6.108E-03
  3.772940E+02 5.634E-03
  3.880690E+02 5.195E-03
  3.991510E+02 4.790E-03
  4.105500E+02 4.415E-03
  4.222750E+02 4.069E-03
  4.343350E+02 3.749E-03
  4.467390E+02 3.454E-03
  4.594970E+02 3.182E-03
  4.726200E+02 2.930E-03
  4.861170E+02 2.697E-03
  5.000000E+02 2.482E-03
    2    0    0    2
     53     79
  1.165740E+01    0.0000
  1.065740E+01 2.620E-01
  1.085740E+01 2.530E-01
  1.105740E+01 2.440E-01
  1.125730E+01 2.360E-01
  1.145730E+01 2.290E-01
  1.165730E+01 2.210E-01
  1.216520E+01 2.040E-01
  1.269270E+01 1.880E-01
  1.324030E+01 1.730E-01
  1.380870E+01 1.600E-01
  1.439880E+01 1.470E-01
  1.501120E+01 1.360E-01
  1.564680E+01 1.250E-01
  1.630620E+01 1.150E-01
  1.699030E+01 1.060E-01
  1.770000E+01 9.780E-02
  1.843610E+01 9.010E-02
  1.919949E+01 8.300E-02
  1.999110E+01 7.650E-02
  2.081200E+01 7.050E-02
  2.166290E+01 6.490E-02
  2.254510E+01 5.980E-02
  2.345950E+01 5.510E-02
  2.440710E+01 5.070E-02
  2.538910E+01 4.670E-02
  2.640669E+01 4.300E-02
  2.746100E+01 3.960E-02
  2.855330E+01 3.650E-02
  2.968460E+01 3.360E-02
  3.085651E+01 3.090E-02
  3.207021E+01 2.850E-02
  3.332700E+01 2.620E-02
  3.462840E+01 2.410E-02
  3.597580E+01 2.220E-02
  3.737080E+01 2.050E-02
  3.881480E+01 1.880E-02
  4.030949E+01 1.730E-02
  4.185651E+01 1.600E-02
  4.345740E+01 1.470E-02
  4.511420E+01 1.350E-02
  4.682840E+01 1.250E-02
  4.860201E+01 1.150E-02
  5.043690E+01 1.050E-02
  5.233501E+01 9.710E-03
  5.429840E+01 8.940E-03
  5.632910E+01 8.230E-03
  5.842931E+01 7.570E-03
  6.060120E+01 6.970E-03
  6.284700E+01 6.410E-03
  6.516910E+01 5.900E-03
  6.756990E+01 5.430E-03
  7.005190E+01 4.990E-03
  7.165730E+01 4.740E-03
  7.545322E+01 4.195E-03
  7.943188E+01 3.719E-03
  8.360135E+01 3.296E-03
  8.796996E+01 2.922E-03
  9.254646E+01 2.590E-03
  9.733980E+01 2.295E-03
  1.023593E+02 2.034E-03
  1.076148E+02 1.802E-03
  1.131164E+02 1.597E-03
  1.188746E+02 1.415E-03
  1.249005E+02 1.254E-03
  1.312053E+02 1.111E-03
  1.378009E+02 9.839E-04
  1.446995E+02 8.716E-04
  1.519138E+02 7.720E-04
  1.594573E+02 6.837E-04
  1.673435E+02 6.055E-04
  1.755868E+02 5.362E-04
  1.842020E+02 4.748E-04
  1.932044E+02 4.205E-04
  2.026102E+02 3.723E-04
  2.124357E+02 3.296E-04
  2.226983E+02 2.918E-04
  2.334158E+02 2.583E-04
  2.446067E+02 2.287E-04
  2.562903E+02 2.024E-04
    2    0    0    3
     67     84
  6.475670E+00    0.0000
  5.475680E+00 4.470E-01
  5.675670E+00 4.170E-01
  5.875670E+00 3.910E-01
  6.075670E+00 3.660E-01
  6.275670E+00 3.440E-01
  6.475670E+00 3.240E-01
  6.751730E+00 2.990E-01
  7.038650E+00 2.750E-01
  7.336840E+00 2.540E-01
  7.646700E+00 2.340E-01
  7.968670E+00 2.160E-01
  8.303180E+00 1.990E-01
  8.650690E+00 1.840E-01
  9.011680E+00 1.690E-01
  9.386630E+00 1.560E-01
  9.776050E+00 1.440E-01
  1.018050E+01 1.330E-01
  1.060040E+01 1.220E-01
  1.103640E+01 1.130E-01
  1.148910E+01 1.040E-01
  1.195910E+01 9.590E-02
  1.244700E+01 8.840E-02
  1.295340E+01 8.150E-02
  1.347890E+01 7.510E-02
  1.402440E+01 6.920E-02
  1.459040E+01 6.380E-02
  1.517770E+01 5.880E-02
  1.578720E+01 5.420E-02
  1.641940E+01 5.000E-02
  1.707530E+01 4.600E-02
  1.775571E+01 4.240E-02
  1.846140E+01 3.910E-02
  1.919330E+01 3.600E-02
  1.995250E+01 3.320E-02
  2.073970E+01 3.060E-02
  2.155600E+01 2.820E-02
  2.240250E+01 2.600E-02
  2.328000E+01 2.390E-02
  2.418990E+01 2.200E-02
  2.513310E+01 2.030E-02
  2.611079E+01 1.870E-02
  2.712421E+01 1.720E-02
  2.817461E+01 1.590E-02
  2.926320E+01 1.460E-02
  3.039140E+01 1.350E-02
  3.156039E+01 1.240E-02
  3.277180E+01 1.140E-02
  3.402699E+01 1.050E-02
  3.532739E+01 9.690E-03
  3.667470E+01 8.930E-03
  3.807040E+01 8.220E-03
  3.951610E+01 7.570E-03
  4.101370E+01 6.970E-03
  4.256480E+01 6.420E-03
  4.417120E+01 5.920E-03
  4.583490E+01 5.450E-03
  4.755780E+01 5.020E-03
  4.934190E+01 4.620E-03
  5.118930E+01 4.250E-03
  5.310210E+01 3.920E-03
  5.508250E+01 3.600E-03
  5.713280E+01 3.320E-03
  5.925529E+01 3.060E-03
  6.145250E+01 2.810E-03
  6.372690E+01 2.590E-03
  6.608099E+01 2.380E-03
  6.647569E+01 2.350E-03
  7.002519E+01 2.084E-03
  7.375291E+01 1.849E-03
  7.766725E+01 1.641E-03
  8.177699E+01 1.456E-03
  8.609131E+01 1.292E-03
  9.061977E+01 1.146E-03
  9.537241E+01 1.017E-03
  1.003597E+02 9.021E-04
  1.055925E+02 8.003E-04
  1.110822E+02 7.099E-04
  1.168408E+02 6.297E-04
  1.228806E+02 5.585E-04
  1.292146E+02 4.953E-04
  1.358562E+02 4.393E-04
  1.428196E+02 3.896E-04
  1.501194E+02 3.454E-04
  1.577711E+02 3.063E-04
    2    0    0    4
     78     88
  4.114310E+00    0.0000
  3.114320E+00 7.560E-01
  3.314310E+00 6.700E-01
  3.514310E+00 5.980E-01
  3.714310E+00 5.370E-01
  3.914310E+00 4.840E-01
  4.114310E+00 4.390E-01
  4.285760E+00 4.050E-01
  4.464050E+00 3.740E-01
  4.649430E+00 3.450E-01
  4.842180E+00 3.180E-01
  5.042560E+00 2.940E-01
  5.250870E+00 2.710E-01
  5.467400E+00 2.500E-01
  5.692470E+00 2.300E-01
  5.926400E+00 2.120E-01
  6.169510E+00 1.960E-01
  6.422160E+00 1.810E-01
  6.684690E+00 1.670E-01
  6.957480E+00 1.540E-01
  7.240910E+00 1.420E-01
  7.535360E+00 1.310E-01
  7.841260E+00 1.210E-01
  8.159020E+00 1.110E-01
  8.489090E+00 1.030E-01
  8.831900E+00 9.450E-02
  9.187950E+00 8.710E-02
  9.557700E+00 8.030E-02
  9.941660E+00 7.410E-02
  1.034040E+01 6.830E-02
  1.075430E+01 6.300E-02
  1.118410E+01 5.800E-02
  1.163030E+01 5.350E-02
  1.209350E+01 4.930E-02
  1.257430E+01 4.550E-02
  1.307330E+01 4.190E-02
  1.359130E+01 3.860E-02
  1.412880E+01 3.560E-02
  1.468670E+01 3.280E-02
  1.526550E+01 3.030E-02
  1.586620E+01 2.790E-02
  1.648940E+01 2.570E-02
  1.713589E+01 2.370E-02
  1.780670E+01 2.180E-02
  1.850250E+01 2.010E-02
  1.922430E+01 1.850E-02
  1.997290E+01 1.710E-02
  2.074930E+01 1.570E-02
  2.155460E+01 1.450E-02
  2.238960E+01 1.340E-02
  2.325549E+01 1.230E-02
  2.415340E+01 1.130E-02
  2.508430E+01 1.050E-02
  2.604950E+01 9.630E-03
  2.705009E+01 8.870E-03
  2.808730E+01 8.170E-03
  2.916251E+01 7.530E-03
  3.027690E+01 6.940E-03
  3.143201E+01 6.390E-03
  3.262900E+01 5.890E-03
  3.386960E+01 5.420E-03
  3.515511E+01 4.990E-03
  3.648720E+01 4.600E-03
  3.786729E+01 4.240E-03
  3.929730E+01 3.900E-03
  4.077870E+01 3.590E-03
  4.231340E+01 3.310E-03
  4.390320E+01 3.050E-03
  4.554990E+01 2.810E-03
  4.725540E+01 2.580E-03
  4.902190E+01 2.380E-03
  5.085130E+01 2.190E-03
  5.274570E+01 2.020E-03
  5.470750E+01 1.860E-03
  5.673869E+01 1.710E-03
  5.884190E+01 1.580E-03
  6.101939E+01 1.450E-03
  6.327361E+01 1.340E-03
  6.411430E+01 1.300E-03
  6.755093E+01 1.153E-03
  7.116357E+01 1.024E-03
  7.496085E+01 9.089E-04
  7.895174E+01 8.069E-04
  8.314571E+01 7.163E-04
  8.755264E+01 6.358E-04
  9.218280E+01 5.644E-04
  9.704713E+01 5.010E-04
  1.021568E+02 4.447E-04
  1.075239E+02 3.947E-04
    2    0    0    5
     85     88
  2.843500E+00    0.0000
  2.243500E+00 9.060E-01
  2.443500E+00 7.660E-01
  2.643500E+00 6.550E-01
  2.843500E+00 5.670E-01
  2.959840E+00 5.230E-01
  3.080820E+00 4.820E-01
  3.206640E+00 4.450E-01
  3.337470E+00 4.110E-01
  3.473510E+00 3.790E-01
  3.614950E+00 3.490E-01
  3.762020E+00 3.220E-01
  3.914920E+00 2.970E-01
  4.073870E+00 2.740E-01
  4.239110E+00 2.530E-01
  4.410880E+00 2.330E-01
  4.589420E+00 2.150E-01
  4.774990E+00 1.990E-01
  4.967870E+00 1.830E-01
  5.168330E+00 1.690E-01
  5.376650E+00 1.560E-01
  5.593130E+00 1.440E-01
  5.818090E+00 1.330E-01
  6.051830E+00 1.220E-01
  6.294690E+00 1.130E-01
  6.547010E+00 1.040E-01
  6.809150E+00 9.590E-02
  7.081480E+00 8.840E-02
  7.364360E+00 8.160E-02
  7.658210E+00 7.520E-02
  7.963420E+00 6.930E-02
  8.280410E+00 6.390E-02
  8.609630E+00 5.890E-02
  8.951530E+00 5.440E-02
  9.306570E+00 5.010E-02
  9.675240E+00 4.620E-02
  1.005810E+01 4.260E-02
  1.045550E+01 3.930E-02
  1.086810E+01 3.620E-02
  1.129650E+01 3.340E-02
  1.174120E+01 3.080E-02
  1.220290E+01 2.840E-02
  1.268200E+01 2.610E-02
  1.317930E+01 2.410E-02
  1.369550E+01 2.220E-02
  1.423110E+01 2.050E-02
  1.478700E+01 1.890E-02
  1.536380E+01 1.740E-02
  1.596230E+01 1.600E-02
  1.658330E+01 1.480E-02
  1.722760E+01 1.360E-02
  1.789600E+01 1.260E-02
  1.858929E+01 1.160E-02
  1.930850E+01 1.070E-02
  2.005460E+01 9.820E-03
  2.082829E+01 9.050E-03
  2.163080E+01 8.340E-03
  2.246310E+01 7.690E-03
  2.332610E+01 7.080E-03
  2.422099E+01 6.520E-03
  2.514890E+01 6.010E-03
  2.611099E+01 5.540E-03
  2.710840E+01 5.100E-03
  2.814240E+01 4.700E-03
  2.921429E+01 4.330E-03
  3.032539E+01 3.990E-03
  3.147701E+01 3.680E-03
  3.267059E+01 3.390E-03
  3.390770E+01 3.120E-03
  3.518961E+01 2.870E-03
  3.651801E+01 2.650E-03
  3.789450E+01 2.440E-03
  3.932069E+01 2.250E-03
  4.079840E+01 2.070E-03
  4.232919E+01 1.900E-03
  4.391499E+01 1.750E-03
  4.555769E+01 1.610E-03
  4.725929E+01 1.490E-03
  4.902161E+01 1.370E-03
  5.084680E+01 1.260E-03
  5.273711E+01 1.160E-03
  5.469450E+01 1.070E-03
  5.672141E+01 9.850E-04
  5.882010E+01 9.070E-04
  6.099310E+01 8.350E-04
  6.284351E+01 7.800E-04
  6.622552E+01 6.969E-04
  6.978333E+01 6.190E-04
  7.352571E+01 5.497E-04
    2    0    0    6
     92     92
  2.082030E+00    0.0000
  1.682030E+00 1.080E+00
  1.882030E+00 8.640E-01
  2.082030E+00 7.050E-01
  2.165910E+00 6.510E-01
  2.253150E+00 6.000E-01
  2.343860E+00 5.540E-01
  2.438190E+00 5.110E-01
  2.536270E+00 4.710E-01
  2.638250E+00 4.350E-01
  2.744290E+00 4.010E-01
  2.854540E+00 3.700E-01
  2.969160E+00 3.410E-01
  3.088330E+00 3.150E-01
  3.212220E+00 2.910E-01
  3.341000E+00 2.680E-01
  3.474880E+00 2.470E-01
  3.614040E+00 2.280E-01
  3.758690E+00 2.110E-01
  3.909050E+00 1.940E-01
  4.065320E+00 1.790E-01
  4.227740E+00 1.650E-01
  4.396530E+00 1.520E-01
  4.571950E+00 1.410E-01
  4.754250E+00 1.300E-01
  4.943690E+00 1.190E-01
  5.140530E+00 1.100E-01
  5.345060E+00 1.020E-01
  5.557580E+00 9.380E-02
  5.778380E+00 8.650E-02
  6.007770E+00 7.980E-02
  6.246080E+00 7.360E-02
  6.493650E+00 6.780E-02
  6.750820E+00 6.260E-02
  7.017950E+00 5.770E-02
  7.295430E+00 5.320E-02
  7.583620E+00 4.900E-02
  7.882930E+00 4.520E-02
  8.193780E+00 4.170E-02
  8.516600E+00 3.840E-02
  8.851830E+00 3.550E-02
  9.199930E+00 3.270E-02
  9.561370E+00 3.010E-02
  9.936650E+00 2.780E-02
  1.032630E+01 2.560E-02
  1.073080E+01 2.360E-02
  1.115070E+01 2.180E-02
  1.158660E+01 2.010E-02
  1.203920E+01 1.850E-02
  1.250880E+01 1.710E-02
  1.299630E+01 1.570E-02
  1.350220E+01 1.450E-02
  1.402730E+01 1.340E-02
  1.457220E+01 1.230E-02
  1.513760E+01 1.130E-02
  1.572430E+01 1.050E-02
  1.633310E+01 9.640E-03
  1.696460E+01 8.880E-03
  1.761990E+01 8.190E-03
  1.829961E+01 7.550E-03
  1.900481E+01 6.950E-03
  1.973621E+01 6.410E-03
  2.049490E+01 5.900E-03
  2.128169E+01 5.440E-03
  2.209779E+01 5.010E-03
  2.294400E+01 4.620E-03
  2.382159E+01 4.260E-03
  2.473160E+01 3.920E-03
  2.567520E+01 3.610E-03
  2.665340E+01 3.330E-03
  2.766769E+01 3.070E-03
  2.871910E+01 2.830E-03
  2.980901E+01 2.600E-03
  3.093880E+01 2.400E-03
  3.210980E+01 2.210E-03
  3.332350E+01 2.030E-03
  3.458130E+01 1.880E-03
  3.588490E+01 1.730E-03
  3.723560E+01 1.590E-03
  3.863519E+01 1.460E-03
  4.008540E+01 1.350E-03
  4.158791E+01 1.240E-03
  4.314450E+01 1.150E-03
  4.475700E+01 1.050E-03
  4.642731E+01 9.710E-04
  4.815739E+01 8.940E-04
  4.994940E+01 8.230E-04
  5.180530E+01 7.580E-04
  5.372720E+01 6.980E-04
  5.571750E+01 6.430E-04
  5.777840E+01 5.920E-04
  5.991229E+01 5.450E-04
  6.208200E+01 5.030E-04
    2    0    0    7
     99     99
  1.590030E+00    0.0000
  1.390030E+00 1.120E+00
  1.590030E+00 8.540E-01
  1.653300E+00 7.880E-01
  1.719090E+00 7.270E-01
  1.787490E+00 6.710E-01
  1.858620E+00 6.190E-01
  1.932570E+00 5.710E-01
  2.009460E+00 5.270E-01
  2.089400E+00 4.860E-01
  2.172510E+00 4.480E-01
  2.258920E+00 4.140E-01
  2.348750E+00 3.820E-01
  2.442130E+00 3.520E-01
  2.539210E+00 3.250E-01
  2.640130E+00 3.000E-01
  2.745030E+00 2.760E-01
  2.854080E+00 2.550E-01
  2.967430E+00 2.350E-01
  3.085250E+00 2.170E-01
  3.207710E+00 2.000E-01
  3.334990E+00 1.850E-01
  3.467280E+00 1.700E-01
  3.604760E+00 1.570E-01
  3.747650E+00 1.450E-01
  3.896140E+00 1.340E-01
  4.050450E+00 1.230E-01
  4.210810E+00 1.140E-01
  4.377440E+00 1.050E-01
  4.550590E+00 9.670E-02
  4.730500E+00 8.920E-02
  4.917430E+00 8.230E-02
  5.111640E+00 7.590E-02
  5.313420E+00 7.000E-02
  5.523050E+00 6.450E-02
  5.740830E+00 5.950E-02
  5.967060E+00 5.490E-02
  6.202070E+00 5.060E-02
  6.446180E+00 4.670E-02
  6.699750E+00 4.300E-02
  6.963110E+00 3.970E-02
  7.236640E+00 3.660E-02
  7.520720E+00 3.380E-02
  7.815750E+00 3.110E-02
  8.122130E+00 2.870E-02
  8.440290E+00 2.650E-02
  8.770660E+00 2.440E-02
  9.113690E+00 2.250E-02
  9.469870E+00 2.070E-02
  9.839670E+00 1.910E-02
  1.022360E+01 1.760E-02
  1.062220E+01 1.620E-02
  1.103590E+01 1.500E-02
  1.146540E+01 1.380E-02
  1.191120E+01 1.270E-02
  1.237400E+01 1.170E-02
  1.285430E+01 1.080E-02
  1.335270E+01 9.970E-03
  1.387000E+01 9.190E-03
  1.440680E+01 8.470E-03
  1.496390E+01 7.810E-03
  1.554190E+01 7.190E-03
  1.614169E+01 6.630E-03
  1.676390E+01 6.110E-03
  1.740950E+01 5.630E-03
  1.807919E+01 5.190E-03
  1.877400E+01 4.780E-03
  1.949460E+01 4.410E-03
  2.024220E+01 4.060E-03
  2.101750E+01 3.740E-03
  2.182159E+01 3.450E-03
  2.265550E+01 3.180E-03
  2.352029E+01 2.930E-03
  2.441701E+01 2.700E-03
  2.534689E+01 2.490E-03
  2.631100E+01 2.290E-03
  2.731059E+01 2.110E-03
  2.834689E+01 1.940E-03
  2.942120E+01 1.790E-03
  3.053481E+01 1.650E-03
  3.168910E+01 1.520E-03
  3.288550E+01 1.400E-03
  3.412550E+01 1.290E-03
  3.541060E+01 1.190E-03
  3.674229E+01 1.090E-03
  3.812230E+01 1.010E-03
  3.955220E+01 9.290E-04
  4.103380E+01 8.560E-04
  4.256870E+01 7.880E-04
  4.415891E+01 7.260E-04
  4.580620E+01 6.680E-04
  4.751260E+01 6.150E-04
  4.928011E+01 5.670E-04
  5.111070E+01 5.220E-04
  5.300670E+01 4.810E-04
  5.497009E+01 4.430E-04
  5.700330E+01 4.080E-04
  5.910860E+01 3.750E-04
  6.128850E+01 3.450E-04
  6.159000E+01 3.420E-04
    2    0    0    8
    105    105
  1.253860E+00    0.0000
  1.053860E+00 1.450E+00
  1.253860E+00 1.010E+00
  1.303220E+00 9.360E-01
  1.354540E+00 8.630E-01
  1.407900E+00 7.960E-01
  1.463370E+00 7.350E-01
  1.521040E+00 6.780E-01
  1.580990E+00 6.250E-01
  1.643310E+00 5.770E-01
  1.708100E+00 5.320E-01
  1.775450E+00 4.910E-01
  1.845470E+00 4.530E-01
  1.918250E+00 4.180E-01
  1.993910E+00 3.860E-01
  2.072560E+00 3.560E-01
  2.154310E+00 3.280E-01
  2.239290E+00 3.030E-01
  2.327620E+00 2.790E-01
  2.419430E+00 2.570E-01
  2.514860E+00 2.380E-01
  2.614050E+00 2.190E-01
  2.717140E+00 2.020E-01
  2.824290E+00 1.870E-01
  2.935650E+00 1.720E-01
  3.051380E+00 1.590E-01
  3.171660E+00 1.460E-01
  3.296650E+00 1.350E-01
  3.426550E+00 1.240E-01
  3.561530E+00 1.150E-01
  3.701800E+00 1.060E-01
  3.847560E+00 9.770E-02
  3.999010E+00 9.010E-02
  4.156380E+00 8.310E-02
  4.319890E+00 7.670E-02
  4.489780E+00 7.070E-02
  4.666290E+00 6.520E-02
  4.849670E+00 6.010E-02
  5.040190E+00 5.540E-02
  5.238110E+00 5.110E-02
  5.443720E+00 4.720E-02
  5.657300E+00 4.350E-02
  5.879160E+00 4.010E-02
  6.109610E+00 3.700E-02
  6.348970E+00 3.410E-02
  6.597590E+00 3.140E-02
  6.855800E+00 2.900E-02
  7.123970E+00 2.670E-02
  7.402470E+00 2.470E-02
  7.691690E+00 2.270E-02
  7.992030E+00 2.100E-02
  8.303900E+00 1.930E-02
  8.627740E+00 1.780E-02
  8.963980E+00 1.640E-02
  9.313090E+00 1.510E-02
  9.675550E+00 1.400E-02
  1.005180E+01 1.290E-02
  1.044250E+01 1.190E-02
  1.084800E+01 1.090E-02
  1.126900E+01 1.010E-02
  1.170590E+01 9.300E-03
  1.215940E+01 8.570E-03
  1.263010E+01 7.900E-03
  1.311870E+01 7.280E-03
  1.362570E+01 6.710E-03
  1.415180E+01 6.190E-03
  1.469780E+01 5.700E-03
  1.526430E+01 5.260E-03
  1.585210E+01 4.850E-03
  1.646201E+01 4.470E-03
  1.709480E+01 4.120E-03
  1.775130E+01 3.790E-03
  1.843230E+01 3.500E-03
  1.913870E+01 3.220E-03
  1.987140E+01 2.970E-03
  2.063139E+01 2.740E-03
  2.141969E+01 2.520E-03
  2.223720E+01 2.320E-03
  2.308510E+01 2.140E-03
  2.396420E+01 1.970E-03
  2.487590E+01 1.820E-03
  2.582120E+01 1.670E-03
  2.680130E+01 1.540E-03
  2.781750E+01 1.420E-03
  2.887090E+01 1.310E-03
  2.996300E+01 1.210E-03
  3.109500E+01 1.110E-03
  3.226840E+01 1.020E-03
  3.348450E+01 9.430E-04
  3.474500E+01 8.690E-04
  3.605130E+01 8.000E-04
  3.740500E+01 7.370E-04
  3.880769E+01 6.790E-04
  4.026120E+01 6.250E-04
  4.176711E+01 5.760E-04
  4.332730E+01 5.300E-04
  4.494370E+01 4.890E-04
  4.661810E+01 4.500E-04
  4.835260E+01 4.140E-04
  5.014909E+01 3.820E-04
  5.200980E+01 3.510E-04
  5.393690E+01 3.240E-04
  5.593260E+01 2.980E-04
  5.799921E+01 2.740E-04
  6.013921E+01 2.530E-04
  6.125391E+01 2.420E-04
    2    1    1    1
     46     73
  2.550500E+01    0.0000
  2.450500E+01 1.610E-01
  2.470500E+01 1.570E-01
  2.490500E+01 1.530E-01
  2.510500E+01 1.500E-01
  2.530499E+01 1.460E-01
  2.550500E+01 1.430E-01
  2.624460E+01 1.310E-01
  2.700490E+01 1.200E-01
  2.778619E+01 1.100E-01
  2.858890E+01 1.010E-01
  2.941370E+01 9.260E-02
  3.026089E+01 8.490E-02
  3.113100E+01 7.790E-02
  3.202451E+01 7.140E-02
  3.294189E+01 6.550E-02
  3.388370E+01 6.000E-02
  3.485030E+01 5.500E-02
  3.584230E+01 5.040E-02
  3.686031E+01 4.620E-02
  3.790460E+01 4.240E-02
  3.897580E+01 3.880E-02
  4.007440E+01 3.560E-02
  4.120100E+01 3.260E-02
  4.235600E+01 2.990E-02
  4.353999E+01 2.740E-02
  4.475349E+01 2.510E-02
  4.599710E+01 2.300E-02
  4.727119E+01 2.100E-02
  4.857640E+01 1.930E-02
  4.991319E+01 1.760E-02
  5.128230E+01 1.620E-02
  5.268401E+01 1.480E-02
  5.411909E+01 1.350E-02
  5.558791E+01 1.240E-02
  5.709120E+01 1.130E-02
  5.862930E+01 1.040E-02
  6.020300E+01 9.500E-03
  6.181261E+01 8.700E-03
  6.345889E+01 7.960E-03
  6.514230E+01 7.280E-03
  6.686340E+01 6.660E-03
  6.862280E+01 6.100E-03
  7.042110E+01 5.580E-03
  7.225880E+01 5.100E-03
  7.413640E+01 4.670E-03
  7.550500E+01 4.380E-03
  7.833463E+01 3.883E-03
  8.125835E+01 3.421E-03
  8.427901E+01 3.015E-03
  8.739935E+01 2.656E-03
  9.062242E+01 2.340E-03
  9.395119E+01 2.062E-03
  9.738875E+01 1.817E-03
  1.009382E+02 1.600E-03
  1.046029E+02 1.410E-03
  1.083862E+02 1.242E-03
  1.122915E+02 1.094E-03
  1.163223E+02 9.635E-04
  1.204822E+02 8.486E-04
  1.247749E+02 7.474E-04
  1.292043E+02 6.583E-04
  1.337742E+02 5.797E-04
  1.384886E+02 5.105E-04
  1.433517E+02 4.495E-04
  1.483675E+02 3.958E-04
  1.535404E+02 3.486E-04
  1.588748E+02 3.069E-04
  1.643753E+02 2.702E-04
  1.700464E+02 2.379E-04
  1.758931E+02 2.094E-04
  1.819201E+02 1.844E-04
  1.881325E+02 1.623E-04
  1.945353E+02 1.429E-04
    2    1    1    2
     61     79
  1.125960E+01    0.0000
  1.025960E+01 3.350E-01
  1.045960E+01 3.200E-01
  1.065960E+01 3.060E-01
  1.085960E+01 2.930E-01
  1.105960E+01 2.810E-01
  1.125960E+01 2.690E-01
  1.166690E+01 2.470E-01
  1.208650E+01 2.270E-01
  1.251880E+01 2.090E-01
  1.296390E+01 1.910E-01
  1.342230E+01 1.760E-01
  1.389420E+01 1.610E-01
  1.438010E+01 1.480E-01
  1.488020E+01 1.360E-01
  1.539490E+01 1.250E-01
  1.592460E+01 1.150E-01
  1.646960E+01 1.050E-01
  1.703030E+01 9.660E-02
  1.760710E+01 8.860E-02
  1.820030E+01 8.130E-02
  1.881039E+01 7.460E-02
  1.943770E+01 6.850E-02
  2.008279E+01 6.290E-02
  2.074590E+01 5.770E-02
  2.142751E+01 5.290E-02
  2.212810E+01 4.850E-02
  2.284810E+01 4.450E-02
  2.358800E+01 4.090E-02
  2.434810E+01 3.750E-02
  2.512910E+01 3.440E-02
  2.593130E+01 3.150E-02
  2.675529E+01 2.890E-02
  2.760159E+01 2.650E-02
  2.847070E+01 2.430E-02
  2.936301E+01 2.230E-02
  3.027921E+01 2.040E-02
  3.121970E+01 1.880E-02
  3.218510E+01 1.720E-02
  3.317610E+01 1.580E-02
  3.419299E+01 1.450E-02
  3.523660E+01 1.330E-02
  3.630750E+01 1.220E-02
  3.740610E+01 1.110E-02
  3.853329E+01 1.020E-02
  3.968950E+01 9.360E-03
  4.087540E+01 8.580E-03
  4.209171E+01 7.860E-03
  4.333900E+01 7.210E-03
  4.461810E+01 6.600E-03
  4.592950E+01 6.050E-03
  4.727409E+01 5.550E-03
  4.865250E+01 5.080E-03
  5.006540E+01 4.660E-03
  5.151360E+01 4.270E-03
  5.299789E+01 3.910E-03
  5.451900E+01 3.580E-03
  5.607770E+01 3.280E-03
  5.767480E+01 3.010E-03
  5.931110E+01 2.760E-03
  6.098750E+01 2.520E-03
  6.125960E+01 2.490E-03
  6.374953E+01 2.197E-03
  6.632697E+01 1.937E-03
  6.899460E+01 1.708E-03
  7.175513E+01 1.506E-03
  7.461140E+01 1.328E-03
  7.756627E+01 1.170E-03
  8.062270E+01 1.032E-03
  8.378383E+01 9.094E-04
  8.705272E+01 8.016E-04
  9.043257E+01 7.065E-04
  9.392673E+01 6.227E-04
  9.753859E+01 5.488E-04
  1.012716E+02 4.836E-04
  1.051293E+02 4.262E-04
  1.091153E+02 3.755E-04
  1.132334E+02 3.309E-04
  1.174875E+02 2.915E-04
  1.218815E+02 2.568E-04
    2    1    1    3
     73     83
  6.312660E+00    0.0000
  5.312670E+00 5.880E-01
  5.512660E+00 5.430E-01
  5.712660E+00 5.020E-01
  5.912660E+00 4.660E-01
  6.112660E+00 4.330E-01
  6.312660E+00 4.040E-01
  6.556220E+00 3.710E-01
  6.807940E+00 3.410E-01
  7.068060E+00 3.140E-01
  7.336800E+00 2.890E-01
  7.614410E+00 2.660E-01
  7.901140E+00 2.440E-01
  8.197240E+00 2.250E-01
  8.502970E+00 2.060E-01
  8.818590E+00 1.900E-01
  9.144370E+00 1.740E-01
  9.480590E+00 1.600E-01
  9.827530E+00 1.470E-01
  1.018550E+01 1.350E-01
  1.055470E+01 1.240E-01
  1.093560E+01 1.140E-01
  1.132830E+01 1.050E-01
  1.173330E+01 9.650E-02
  1.215090E+01 8.870E-02
  1.258130E+01 8.150E-02
  1.302490E+01 7.490E-02
  1.348200E+01 6.880E-02
  1.395310E+01 6.320E-02
  1.443840E+01 5.800E-02
  1.493830E+01 5.330E-02
  1.545330E+01 4.890E-02
  1.598360E+01 4.490E-02
  1.652960E+01 4.130E-02
  1.709190E+01 3.790E-02
  1.767059E+01 3.480E-02
  1.826640E+01 3.190E-02
  1.887950E+01 2.930E-02
  1.951050E+01 2.690E-02
  2.015970E+01 2.470E-02
  2.082761E+01 2.270E-02
  2.151460E+01 2.080E-02
  2.222130E+01 1.910E-02
  2.294810E+01 1.750E-02
  2.369540E+01 1.610E-02
  2.446381E+01 1.480E-02
  2.525380E+01 1.350E-02
  2.606590E+01 1.240E-02
  2.690060E+01 1.140E-02
  2.775841E+01 1.050E-02
  2.863989E+01 9.590E-03
  2.954559E+01 8.800E-03
  3.047620E+01 8.070E-03
  3.143201E+01 7.400E-03
  3.241389E+01 6.790E-03
  3.342230E+01 6.230E-03
  3.445779E+01 5.710E-03
  3.552119E+01 5.240E-03
  3.661290E+01 4.800E-03
  3.773370E+01 4.400E-03
  3.888420E+01 4.040E-03
  4.006509E+01 3.700E-03
  4.127699E+01 3.390E-03
  4.252071E+01 3.110E-03
  4.379680E+01 2.850E-03
  4.510609E+01 2.610E-03
  4.644930E+01 2.400E-03
  4.782710E+01 2.200E-03
  4.924030E+01 2.010E-03
  5.068970E+01 1.850E-03
  5.217610E+01 1.690E-03
  5.370010E+01 1.550E-03
  5.526280E+01 1.420E-03
  5.631270E+01 1.340E-03
  5.867966E+01 1.191E-03
  6.113426E+01 1.051E-03
  6.367934E+01 9.274E-04
  6.631792E+01 8.184E-04
  6.905296E+01 7.221E-04
  7.188766E+01 6.371E-04
  7.482524E+01 5.621E-04
  7.786896E+01 4.959E-04
  8.102226E+01 4.375E-04
  8.428865E+01 3.859E-04
    2    1    1    4
     84     87
  4.032030E+00    0.0000
  3.032040E+00 1.000E+00
  3.232030E+00 8.790E-01
  3.432030E+00 7.750E-01
  3.632030E+00 6.870E-01
  3.832030E+00 6.130E-01
  4.032030E+00 5.500E-01
  4.190080E+00 5.070E-01
  4.353810E+00 4.660E-01
  4.523380E+00 4.290E-01
  4.698980E+00 3.950E-01
  4.880790E+00 3.640E-01
  5.069010E+00 3.350E-01
  5.263820E+00 3.080E-01
  5.465440E+00 2.840E-01
  5.674060E+00 2.610E-01
  5.889900E+00 2.400E-01
  6.113170E+00 2.210E-01
  6.344090E+00 2.030E-01
  6.582890E+00 1.870E-01
  6.829790E+00 1.720E-01
  7.085030E+00 1.580E-01
  7.348860E+00 1.460E-01
  7.621520E+00 1.340E-01
  7.903260E+00 1.230E-01
  8.194350E+00 1.130E-01
  8.495050E+00 1.040E-01
  8.805620E+00 9.580E-02
  9.126350E+00 8.810E-02
  9.457520E+00 8.100E-02
  9.799410E+00 7.450E-02
  1.015230E+01 6.840E-02
  1.051660E+01 6.290E-02
  1.089240E+01 5.780E-02
  1.128030E+01 5.310E-02
  1.168040E+01 4.880E-02
  1.209300E+01 4.490E-02
  1.251870E+01 4.120E-02
  1.295760E+01 3.790E-02
  1.341010E+01 3.480E-02
  1.387660E+01 3.200E-02
  1.435740E+01 2.940E-02
  1.485300E+01 2.700E-02
  1.536370E+01 2.480E-02
  1.588990E+01 2.280E-02
  1.643190E+01 2.090E-02
  1.699030E+01 1.920E-02
  1.756531E+01 1.760E-02
  1.815750E+01 1.620E-02
  1.876720E+01 1.490E-02
  1.939490E+01 1.370E-02
  2.004100E+01 1.250E-02
  2.070599E+01 1.150E-02
  2.139030E+01 1.060E-02
  2.209450E+01 9.690E-03
  2.281900E+01 8.900E-03
  2.356419E+01 8.160E-03
  2.433080E+01 7.490E-03
  2.511909E+01 6.880E-03
  2.592970E+01 6.310E-03
  2.676320E+01 5.790E-03
  2.762010E+01 5.310E-03
  2.850090E+01 4.870E-03
  2.940620E+01 4.470E-03
  3.033650E+01 4.100E-03
  3.129250E+01 3.760E-03
  3.227470E+01 3.450E-03
  3.328371E+01 3.170E-03
  3.432021E+01 2.900E-03
  3.538470E+01 2.660E-03
  3.647791E+01 2.440E-03
  3.760040E+01 2.240E-03
  3.875290E+01 2.050E-03
  3.993610E+01 1.880E-03
  4.115060E+01 1.730E-03
  4.239709E+01 1.580E-03
  4.367630E+01 1.450E-03
  4.498900E+01 1.330E-03
  4.633591E+01 1.220E-03
  4.771761E+01 1.120E-03
  4.913510E+01 1.020E-03
  5.058890E+01 9.390E-04
  5.208000E+01 8.610E-04
  5.360899E+01 7.890E-04
  5.403200E+01 7.700E-04
  5.634810E+01 6.903E-04
  5.875311E+01 6.096E-04
  6.125015E+01 5.382E-04
    2    1    1    5
     91     91
  2.796280E+00    0.0000
  2.196280E+00 1.180E+00
  2.396280E+00 9.820E-01
  2.596280E+00 8.300E-01
  2.796280E+00 7.090E-01
  2.905870E+00 6.540E-01
  3.019540E+00 6.020E-01
  3.137430E+00 5.550E-01
  3.259680E+00 5.110E-01
  3.386450E+00 4.710E-01
  3.517870E+00 4.340E-01
  3.654100E+00 4.000E-01
  3.795300E+00 3.680E-01
  3.941630E+00 3.390E-01
  4.093260E+00 3.120E-01
  4.250340E+00 2.870E-01
  4.413070E+00 2.650E-01
  4.581610E+00 2.440E-01
  4.756150E+00 2.240E-01
  4.936880E+00 2.060E-01
  5.123990E+00 1.900E-01
  5.317680E+00 1.750E-01
  5.518150E+00 1.610E-01
  5.725610E+00 1.480E-01
  5.940270E+00 1.360E-01
  6.162350E+00 1.260E-01
  6.392080E+00 1.150E-01
  6.629670E+00 1.060E-01
  6.875370E+00 9.770E-02
  7.129410E+00 8.990E-02
  7.392040E+00 8.270E-02
  7.663520E+00 7.610E-02
  7.944080E+00 7.000E-02
  8.234010E+00 6.440E-02
  8.533570E+00 5.920E-02
  8.843030E+00 5.440E-02
  9.162670E+00 5.010E-02
  9.492780E+00 4.600E-02
  9.833650E+00 4.230E-02
  1.018560E+01 3.890E-02
  1.054890E+01 3.580E-02
  1.092390E+01 3.290E-02
  1.131090E+01 3.020E-02
  1.171020E+01 2.780E-02
  1.212220E+01 2.550E-02
  1.254710E+01 2.340E-02
  1.298550E+01 2.150E-02
  1.343750E+01 1.980E-02
  1.390360E+01 1.820E-02
  1.438420E+01 1.670E-02
  1.487950E+01 1.530E-02
  1.539010E+01 1.410E-02
  1.591620E+01 1.290E-02
  1.645840E+01 1.190E-02
  1.701691E+01 1.090E-02
  1.759219E+01 1.000E-02
  1.818480E+01 9.220E-03
  1.879510E+01 8.460E-03
  1.942349E+01 7.770E-03
  2.007040E+01 7.130E-03
  2.073640E+01 6.550E-03
  2.142191E+01 6.010E-03
  2.212730E+01 5.520E-03
  2.285320E+01 5.070E-03
  2.360001E+01 4.650E-03
  2.436830E+01 4.270E-03
  2.515849E+01 3.920E-03
  2.597121E+01 3.590E-03
  2.680701E+01 3.300E-03
  2.766620E+01 3.030E-03
  2.854970E+01 2.780E-03
  2.945770E+01 2.550E-03
  3.039101E+01 2.340E-03
  3.135010E+01 2.140E-03
  3.233569E+01 1.970E-03
  3.334821E+01 1.800E-03
  3.438840E+01 1.660E-03
  3.545680E+01 1.520E-03
  3.655409E+01 1.390E-03
  3.768100E+01 1.280E-03
  3.883800E+01 1.170E-03
  4.002589E+01 1.070E-03
  4.124530E+01 9.840E-04
  4.249690E+01 9.020E-04
  4.378140E+01 8.270E-04
  4.509959E+01 7.580E-04
  4.645210E+01 6.950E-04
  4.783971E+01 6.370E-04
  4.926320E+01 5.840E-04
  5.072321E+01 5.350E-04
  5.222070E+01 4.900E-04
  5.279630E+01 4.750E-04
    2    1    1    6
     98     98
  2.052450E+00    0.0000
  1.652460E+00 1.390E+00
  1.852460E+00 1.090E+00
  2.052450E+00 8.810E-01
  2.132430E+00 8.130E-01
  2.215460E+00 7.490E-01
  2.301640E+00 6.900E-01
  2.391090E+00 6.360E-01
  2.483910E+00 5.860E-01
  2.580240E+00 5.400E-01
  2.680180E+00 4.980E-01
  2.783860E+00 4.590E-01
  2.891410E+00 4.230E-01
  3.002970E+00 3.900E-01
  3.118660E+00 3.590E-01
  3.238640E+00 3.310E-01
  3.363030E+00 3.040E-01
  3.491980E+00 2.800E-01
  3.625660E+00 2.580E-01
  3.764210E+00 2.380E-01
  3.907790E+00 2.190E-01
  4.056580E+00 2.020E-01
  4.210720E+00 1.860E-01
  4.370410E+00 1.710E-01
  4.535810E+00 1.580E-01
  4.707110E+00 1.450E-01
  4.884500E+00 1.340E-01
  5.068160E+00 1.230E-01
  5.258290E+00 1.130E-01
  5.455100E+00 1.040E-01
  5.658780E+00 9.590E-02
  5.869560E+00 8.820E-02
  6.087650E+00 8.120E-02
  6.313270E+00 7.470E-02
  6.546650E+00 6.880E-02
  6.788010E+00 6.330E-02
  7.037610E+00 5.820E-02
  7.295680E+00 5.350E-02
  7.562470E+00 4.920E-02
  7.838240E+00 4.530E-02
  8.123250E+00 4.170E-02
  8.417770E+00 3.830E-02
  8.722070E+00 3.530E-02
  9.036430E+00 3.240E-02
  9.361140E+00 2.980E-02
  9.696490E+00 2.740E-02
  1.004280E+01 2.520E-02
  1.040030E+01 2.320E-02
  1.076940E+01 2.130E-02
  1.115040E+01 1.960E-02
  1.154350E+01 1.800E-02
  1.194920E+01 1.650E-02
  1.236780E+01 1.520E-02
  1.279960E+01 1.400E-02
  1.324500E+01 1.280E-02
  1.370430E+01 1.180E-02
  1.417790E+01 1.080E-02
  1.466620E+01 9.950E-03
  1.516950E+01 9.140E-03
  1.568840E+01 8.400E-03
  1.622301E+01 7.720E-03
  1.677400E+01 7.090E-03
  1.734160E+01 6.510E-03
  1.792630E+01 5.980E-03
  1.852859E+01 5.490E-03
  1.914880E+01 5.040E-03
  1.978751E+01 4.630E-03
  2.044501E+01 4.250E-03
  2.112190E+01 3.900E-03
  2.181860E+01 3.580E-03
  2.253560E+01 3.290E-03
  2.327350E+01 3.020E-03
  2.403259E+01 2.770E-03
  2.481351E+01 2.540E-03
  2.561681E+01 2.330E-03
  2.644290E+01 2.140E-03
  2.729250E+01 1.970E-03
  2.816600E+01 1.800E-03
  2.906390E+01 1.650E-03
  2.998700E+01 1.520E-03
  3.093570E+01 1.390E-03
  3.191071E+01 1.280E-03
  3.291251E+01 1.170E-03
  3.394180E+01 1.080E-03
  3.499921E+01 9.860E-04
  3.608521E+01 9.040E-04
  3.720061E+01 8.290E-04
  3.834599E+01 7.600E-04
  3.952209E+01 6.970E-04
  4.072951E+01 6.390E-04
  4.196890E+01 5.860E-04
  4.324100E+01 5.370E-04
  4.454660E+01 4.930E-04
  4.588631E+01 4.520E-04
  4.726089E+01 4.140E-04
  4.867120E+01 3.790E-04
  5.011780E+01 3.480E-04
  5.160150E+01 3.190E-04
  5.205240E+01 3.100E-04
    2    1    1    7
    104    104
  1.570290E+00    0.0000
  1.370290E+00 1.420E+00
  1.570290E+00 1.070E+00
  1.631050E+00 9.830E-01
  1.694160E+00 9.060E-01
  1.759690E+00 8.360E-01
  1.827740E+00 7.700E-01
  1.898400E+00 7.100E-01
  1.971760E+00 6.550E-01
  2.047910E+00 6.030E-01
  2.126970E+00 5.560E-01
  2.209020E+00 5.130E-01
  2.294180E+00 4.720E-01
  2.382560E+00 4.350E-01
  2.474270E+00 4.010E-01
  2.569420E+00 3.700E-01
  2.668140E+00 3.410E-01
  2.770550E+00 3.140E-01
  2.876770E+00 2.890E-01
  2.986930E+00 2.660E-01
  3.101170E+00 2.460E-01
  3.219620E+00 2.260E-01
  3.342440E+00 2.080E-01
  3.469760E+00 1.920E-01
  3.601720E+00 1.770E-01
  3.738500E+00 1.630E-01
  3.880240E+00 1.500E-01
  4.027110E+00 1.380E-01
  4.179280E+00 1.270E-01
  4.336910E+00 1.170E-01
  4.500180E+00 1.080E-01
  4.669270E+00 9.930E-02
  4.844370E+00 9.140E-02
  5.025670E+00 8.410E-02
  5.213360E+00 7.740E-02
  5.407640E+00 7.130E-02
  5.608720E+00 6.560E-02
  5.816810E+00 6.040E-02
  6.032120E+00 5.560E-02
  6.254870E+00 5.110E-02
  6.485290E+00 4.710E-02
  6.723610E+00 4.330E-02
  6.970070E+00 3.980E-02
  7.224910E+00 3.660E-02
  7.488380E+00 3.370E-02
  7.760740E+00 3.100E-02
  8.042240E+00 2.850E-02
  8.333140E+00 2.620E-02
  8.633730E+00 2.410E-02
  8.944290E+00 2.220E-02
  9.265090E+00 2.040E-02
  9.596420E+00 1.880E-02
  9.938590E+00 1.730E-02
  1.029190E+01 1.590E-02
  1.065670E+01 1.460E-02
  1.103320E+01 1.340E-02
  1.142180E+01 1.230E-02
  1.182290E+01 1.130E-02
  1.223670E+01 1.040E-02
  1.266360E+01 9.570E-03
  1.310400E+01 8.790E-03
  1.355830E+01 8.080E-03
  1.402670E+01 7.420E-03
  1.450970E+01 6.820E-03
  1.500760E+01 6.260E-03
  1.552090E+01 5.760E-03
  1.604990E+01 5.290E-03
  1.659509E+01 4.860E-03
  1.715680E+01 4.460E-03
  1.773550E+01 4.100E-03
  1.833170E+01 3.760E-03
  1.894569E+01 3.450E-03
  1.957800E+01 3.170E-03
  2.022910E+01 2.910E-03
  2.089940E+01 2.670E-03
  2.158940E+01 2.460E-03
  2.229961E+01 2.250E-03
  2.303050E+01 2.070E-03
  2.378250E+01 1.900E-03
  2.455630E+01 1.740E-03
  2.535229E+01 1.600E-03
  2.617101E+01 1.470E-03
  2.701300E+01 1.350E-03
  2.787880E+01 1.240E-03
  2.876900E+01 1.130E-03
  2.968420E+01 1.040E-03
  3.062489E+01 9.550E-04
  3.159180E+01 8.760E-04
  3.258530E+01 8.040E-04
  3.360620E+01 7.370E-04
  3.465511E+01 6.760E-04
  3.573250E+01 6.200E-04
  3.683920E+01 5.690E-04
  3.797569E+01 5.220E-04
  3.914281E+01 4.780E-04
  4.034109E+01 4.390E-04
  4.157140E+01 4.020E-04
  4.283420E+01 3.690E-04
  4.413029E+01 3.380E-04
  4.546049E+01 3.100E-04
  4.682539E+01 2.840E-04
  4.822580E+01 2.600E-04
  4.966251E+01 2.390E-04
  5.113620E+01 2.190E-04
  5.157030E+01 2.130E-04
    2    1    1    8
    110    110
  1.240030E+00    0.0000
  1.040040E+00 1.840E+00
  1.240040E+00 1.260E+00
  1.287620E+00 1.160E+00
  1.337050E+00 1.070E+00
  1.388400E+00 9.900E-01
  1.441740E+00 9.130E-01
  1.497140E+00 8.420E-01
  1.554670E+00 7.760E-01
  1.614420E+00 7.160E-01
  1.676470E+00 6.600E-01
  1.740900E+00 6.080E-01
  1.807790E+00 5.610E-01
  1.877240E+00 5.170E-01
  1.949340E+00 4.770E-01
  2.024190E+00 4.390E-01
  2.101870E+00 4.050E-01
  2.182500E+00 3.730E-01
  2.266180E+00 3.440E-01
  2.353010E+00 3.170E-01
  2.443100E+00 2.920E-01
  2.536580E+00 2.690E-01
  2.633560E+00 2.480E-01
  2.734150E+00 2.290E-01
  2.838480E+00 2.110E-01
  2.946680E+00 1.940E-01
  3.058890E+00 1.790E-01
  3.175240E+00 1.650E-01
  3.295860E+00 1.520E-01
  3.420910E+00 1.400E-01
  3.550520E+00 1.290E-01
  3.684860E+00 1.180E-01
  3.824070E+00 1.090E-01
  3.968320E+00 1.000E-01
  4.117770E+00 9.260E-02
  4.272590E+00 8.530E-02
  4.432960E+00 7.850E-02
  4.599050E+00 7.230E-02
  4.771040E+00 6.660E-02
  4.949130E+00 6.130E-02
  5.133510E+00 5.640E-02
  5.324360E+00 5.190E-02
  5.521910E+00 4.780E-02
  5.726340E+00 4.400E-02
  5.937890E+00 4.050E-02
  6.156750E+00 3.730E-02
  6.383170E+00 3.430E-02
  6.617360E+00 3.150E-02
  6.859570E+00 2.900E-02
  7.110020E+00 2.670E-02
  7.368980E+00 2.460E-02
  7.636690E+00 2.260E-02
  7.913400E+00 2.080E-02
  8.199390E+00 1.910E-02
  8.494920E+00 1.760E-02
  8.800260E+00 1.620E-02
  9.115710E+00 1.490E-02
  9.441550E+00 1.370E-02
  9.778070E+00 1.260E-02
  1.012560E+01 1.160E-02
  1.048440E+01 1.060E-02
  1.085480E+01 9.770E-03
  1.123720E+01 8.980E-03
  1.163180E+01 8.250E-03
  1.203900E+01 7.590E-03
  1.245920E+01 6.970E-03
  1.289260E+01 6.410E-03
  1.333970E+01 5.890E-03
  1.380080E+01 5.410E-03
  1.427630E+01 4.970E-03
  1.476660E+01 4.570E-03
  1.527210E+01 4.200E-03
  1.579310E+01 3.860E-03
  1.633000E+01 3.540E-03
  1.688341E+01 3.250E-03
  1.745351E+01 2.990E-03
  1.804089E+01 2.740E-03
  1.864590E+01 2.520E-03
  1.926900E+01 2.310E-03
  1.991071E+01 2.130E-03
  2.057140E+01 1.950E-03
  2.125160E+01 1.790E-03
  2.195180E+01 1.640E-03
  2.267250E+01 1.510E-03
  2.341409E+01 1.390E-03
  2.417720E+01 1.270E-03
  2.496230E+01 1.170E-03
  2.576990E+01 1.070E-03
  2.660060E+01 9.830E-04
  2.745490E+01 9.020E-04
  2.833330E+01 8.280E-04
  2.923650E+01 7.600E-04
  3.016499E+01 6.970E-04
  3.111940E+01 6.400E-04
  3.210020E+01 5.870E-04
  3.310820E+01 5.380E-04
  3.414380E+01 4.940E-04
  3.520790E+01 4.530E-04
  3.630090E+01 4.150E-04
  3.742349E+01 3.810E-04
  3.857640E+01 3.490E-04
  3.976030E+01 3.200E-04
  4.097580E+01 2.940E-04
  4.222369E+01 2.690E-04
  4.350470E+01 2.470E-04
  4.481940E+01 2.260E-04
  4.616859E+01 2.070E-04
  4.755299E+01 1.900E-04
  4.897350E+01 1.740E-04
  5.043069E+01 1.600E-04
  5.124001E+01 1.520E-04
    2    2    0    1
     71     80
  1.111750E+01    0.0000
  1.011750E+01 2.510E-01
  1.031750E+01 2.350E-01
  1.051750E+01 2.200E-01
  1.071750E+01 2.060E-01
  1.091750E+01 1.930E-01
  1.111750E+01 1.820E-01
  1.140560E+01 1.660E-01
  1.170050E+01 1.520E-01
  1.200210E+01 1.400E-01
  1.231070E+01 1.280E-01
  1.262640E+01 1.170E-01
  1.294930E+01 1.070E-01
  1.327960E+01 9.800E-02
  1.361730E+01 8.970E-02
  1.396280E+01 8.210E-02
  1.431600E+01 7.510E-02
  1.467720E+01 6.880E-02
  1.504640E+01 6.290E-02
  1.542400E+01 5.760E-02
  1.580990E+01 5.270E-02
  1.620450E+01 4.820E-02
  1.660770E+01 4.410E-02
  1.701990E+01 4.040E-02
  1.744110E+01 3.690E-02
  1.787160E+01 3.380E-02
  1.831149E+01 3.090E-02
  1.876100E+01 2.830E-02
  1.922020E+01 2.590E-02
  1.968941E+01 2.370E-02
  2.016870E+01 2.170E-02
  2.065829E+01 1.980E-02
  2.115840E+01 1.810E-02
  2.166920E+01 1.660E-02
  2.219090E+01 1.520E-02
  2.272360E+01 1.390E-02
  2.326770E+01 1.270E-02
  2.382320E+01 1.160E-02
  2.439040E+01 1.060E-02
  2.496950E+01 9.710E-03
  2.556070E+01 8.880E-03
  2.616420E+01 8.120E-03
  2.678020E+01 7.430E-03
  2.740900E+01 6.790E-03
  2.805080E+01 6.210E-03
  2.870580E+01 5.680E-03
  2.937421E+01 5.190E-03
  3.005630E+01 4.750E-03
  3.075220E+01 4.340E-03
  3.146230E+01 3.970E-03
  3.218680E+01 3.630E-03
  3.292590E+01 3.320E-03
  3.367990E+01 3.030E-03
  3.444901E+01 2.770E-03
  3.523351E+01 2.530E-03
  3.603360E+01 2.320E-03
  3.684970E+01 2.120E-03
  3.768190E+01 1.940E-03
  3.853050E+01 1.770E-03
  3.939590E+01 1.620E-03
  4.027820E+01 1.480E-03
  4.117790E+01 1.350E-03
  4.209500E+01 1.230E-03
  4.303000E+01 1.130E-03
  4.398320E+01 1.030E-03
  4.495470E+01 9.420E-04
  4.594501E+01 8.610E-04
  4.695441E+01 7.870E-04
  4.798300E+01 7.190E-04
  4.903140E+01 6.570E-04
  5.009959E+01 6.000E-04
  5.111749E+01 5.520E-04
  5.271689E+01 4.873E-04
  5.436075E+01 4.284E-04
  5.605020E+01 3.767E-04
  5.778636E+01 3.311E-04
  5.957040E+01 2.911E-04
  6.140349E+01 2.559E-04
  6.328682E+01 2.250E-04
  6.522163E+01 1.978E-04
  6.720920E+01 1.738E-04
    2    2    0    2
     83     85
  6.253330E+00    0.0000
  5.253340E+00 5.810E-01
  5.453330E+00 5.250E-01
  5.653330E+00 4.760E-01
  5.853330E+00 4.330E-01
  6.053330E+00 3.950E-01
  6.253330E+00 3.600E-01
  6.451260E+00 3.300E-01
  6.654260E+00 3.030E-01
  6.862430E+00 2.770E-01
  7.075890E+00 2.540E-01
  7.294740E+00 2.330E-01
  7.519100E+00 2.140E-01
  7.749070E+00 1.960E-01
  7.984780E+00 1.790E-01
  8.226330E+00 1.640E-01
  8.473860E+00 1.500E-01
  8.727470E+00 1.380E-01
  8.987300E+00 1.260E-01
  9.253470E+00 1.160E-01
  9.526100E+00 1.060E-01
  9.805330E+00 9.700E-02
  1.009130E+01 8.890E-02
  1.038410E+01 8.140E-02
  1.068390E+01 7.450E-02
  1.099080E+01 6.830E-02
  1.130510E+01 6.250E-02
  1.162670E+01 5.720E-02
  1.195590E+01 5.240E-02
  1.229280E+01 4.800E-02
  1.263750E+01 4.390E-02
  1.299030E+01 4.020E-02
  1.335120E+01 3.680E-02
  1.372050E+01 3.370E-02
  1.409820E+01 3.090E-02
  1.448460E+01 2.820E-02
  1.487980E+01 2.590E-02
  1.528400E+01 2.370E-02
  1.569730E+01 2.170E-02
  1.611990E+01 1.980E-02
  1.655200E+01 1.810E-02
  1.699380E+01 1.660E-02
  1.744550E+01 1.520E-02
  1.790710E+01 1.390E-02
  1.837900E+01 1.270E-02
  1.886130E+01 1.160E-02
  1.935429E+01 1.070E-02
  1.985800E+01 9.750E-03
  2.037270E+01 8.920E-03
  2.089861E+01 8.160E-03
  2.143590E+01 7.460E-03
  2.198489E+01 6.830E-03
  2.254570E+01 6.250E-03
  2.311850E+01 5.710E-03
  2.370351E+01 5.230E-03
  2.430099E+01 4.780E-03
  2.491130E+01 4.370E-03
  2.553439E+01 4.000E-03
  2.617081E+01 3.660E-03
  2.682050E+01 3.350E-03
  2.748380E+01 3.060E-03
  2.816110E+01 2.800E-03
  2.885240E+01 2.560E-03
  2.955811E+01 2.340E-03
  3.027840E+01 2.140E-03
  3.101370E+01 1.960E-03
  3.176401E+01 1.790E-03
  3.252980E+01 1.640E-03
  3.331120E+01 1.500E-03
  3.410860E+01 1.370E-03
  3.492220E+01 1.250E-03
  3.575230E+01 1.140E-03
  3.659920E+01 1.050E-03
  3.746310E+01 9.560E-04
  3.834441E+01 8.740E-04
  3.924339E+01 7.990E-04
  4.016029E+01 7.300E-04
  4.109560E+01 6.680E-04
  4.204930E+01 6.100E-04
  4.302200E+01 5.580E-04
  4.401390E+01 5.100E-04
  4.502541E+01 4.660E-04
  4.605670E+01 4.260E-04
  4.625330E+01 4.190E-04
  4.777234E+01 3.689E-04
  4.933414E+01 3.243E-04
    2    2    0    3
     93     93
  4.001860E+00    0.0000
  3.001870E+00 1.090E+00
  3.201860E+00 9.330E-01
  3.401860E+00 8.060E-01
  3.601860E+00 7.010E-01
  3.801860E+00 6.130E-01
  4.001860E+00 5.390E-01
  4.141230E+00 4.950E-01
  4.284590E+00 4.540E-01
  4.432040E+00 4.170E-01
  4.583670E+00 3.830E-01
  4.739570E+00 3.510E-01
  4.899830E+00 3.220E-01
  5.064560E+00 2.950E-01
  5.233840E+00 2.710E-01
  5.407790E+00 2.490E-01
  5.586510E+00 2.280E-01
  5.770090E+00 2.090E-01
  5.958640E+00 1.920E-01
  6.152280E+00 1.760E-01
  6.351100E+00 1.610E-01
  6.555230E+00 1.480E-01
  6.764770E+00 1.360E-01
  6.979840E+00 1.240E-01
  7.200550E+00 1.140E-01
  7.427020E+00 1.040E-01
  7.659380E+00 9.570E-02
  7.897740E+00 8.770E-02
  8.142230E+00 8.040E-02
  8.392980E+00 7.370E-02
  8.650110E+00 6.750E-02
  8.913750E+00 6.190E-02
  9.184040E+00 5.670E-02
  9.461110E+00 5.200E-02
  9.745090E+00 4.760E-02
  1.003610E+01 4.360E-02
  1.033440E+01 4.000E-02
  1.063990E+01 3.660E-02
  1.095300E+01 3.350E-02
  1.127370E+01 3.070E-02
  1.160210E+01 2.810E-02
  1.193850E+01 2.580E-02
  1.228300E+01 2.360E-02
  1.263570E+01 2.160E-02
  1.299690E+01 1.980E-02
  1.336660E+01 1.810E-02
  1.374500E+01 1.660E-02
  1.413230E+01 1.520E-02
  1.452860E+01 1.390E-02
  1.493420E+01 1.270E-02
  1.534920E+01 1.170E-02
  1.577380E+01 1.070E-02
  1.620821E+01 9.770E-03
  1.665250E+01 8.940E-03
  1.710690E+01 8.180E-03
  1.757159E+01 7.490E-03
  1.804680E+01 6.850E-03
  1.853270E+01 6.270E-03
  1.902950E+01 5.740E-03
  1.953740E+01 5.250E-03
  2.005659E+01 4.810E-03
  2.058730E+01 4.400E-03
  2.112959E+01 4.030E-03
  2.168390E+01 3.680E-03
  2.225031E+01 3.370E-03
  2.282899E+01 3.080E-03
  2.342030E+01 2.820E-03
  2.402431E+01 2.580E-03
  2.464140E+01 2.360E-03
  2.527161E+01 2.160E-03
  2.591541E+01 1.970E-03
  2.657280E+01 1.810E-03
  2.724409E+01 1.650E-03
  2.792960E+01 1.510E-03
  2.862950E+01 1.380E-03
  2.934410E+01 1.260E-03
  3.007350E+01 1.150E-03
  3.081810E+01 1.060E-03
  3.157820E+01 9.660E-04
  3.235390E+01 8.840E-04
  3.314560E+01 8.080E-04
  3.395340E+01 7.390E-04
  3.477780E+01 6.750E-04
  3.561890E+01 6.170E-04
  3.647701E+01 5.640E-04
  3.735249E+01 5.160E-04
  3.824550E+01 4.720E-04
  3.915649E+01 4.310E-04
  4.008560E+01 3.940E-04
  4.103320E+01 3.600E-04
  4.199960E+01 3.290E-04
  4.298511E+01 3.010E-04
  4.399001E+01 2.750E-04
  4.400191E+01 2.750E-04
    2    2    0    4
     99     99
  2.778900E+00    0.0000
  2.178900E+00 1.270E+00
  2.378900E+00 1.040E+00
  2.578900E+00 8.630E-01
  2.778900E+00 7.240E-01
  2.880420E+00 6.650E-01
  2.985120E+00 6.110E-01
  3.093070E+00 5.610E-01
  3.204360E+00 5.160E-01
  3.319070E+00 4.740E-01
  3.437280E+00 4.350E-01
  3.559080E+00 4.000E-01
  3.684550E+00 3.670E-01
  3.813790E+00 3.370E-01
  3.946870E+00 3.090E-01
  4.083900E+00 2.840E-01
  4.224970E+00 2.610E-01
  4.370160E+00 2.390E-01
  4.519590E+00 2.200E-01
  4.673330E+00 2.020E-01
  4.831500E+00 1.850E-01
  4.994200E+00 1.700E-01
  5.161520E+00 1.560E-01
  5.333580E+00 1.430E-01
  5.510470E+00 1.310E-01
  5.692310E+00 1.200E-01
  5.879200E+00 1.100E-01
  6.071260E+00 1.010E-01
  6.268590E+00 9.290E-02
  6.471320E+00 8.520E-02
  6.679570E+00 7.810E-02
  6.893440E+00 7.170E-02
  7.113060E+00 6.570E-02
  7.338550E+00 6.020E-02
  7.570040E+00 5.520E-02
  7.807650E+00 5.060E-02
  8.051510E+00 4.640E-02
  8.301740E+00 4.260E-02
  8.558490E+00 3.900E-02
  8.821890E+00 3.580E-02
  9.092070E+00 3.280E-02
  9.369160E+00 3.000E-02
  9.653320E+00 2.750E-02
  9.944680E+00 2.520E-02
  1.024340E+01 2.310E-02
  1.054960E+01 2.120E-02
  1.086340E+01 1.940E-02
  1.118500E+01 1.780E-02
  1.151460E+01 1.630E-02
  1.185230E+01 1.490E-02
  1.219820E+01 1.370E-02
  1.255250E+01 1.250E-02
  1.291550E+01 1.150E-02
  1.328710E+01 1.050E-02
  1.366770E+01 9.610E-03
  1.405730E+01 8.800E-03
  1.445620E+01 8.060E-03
  1.486450E+01 7.380E-03
  1.528240E+01 6.760E-03
  1.571010E+01 6.180E-03
  1.614780E+01 5.660E-03
  1.659550E+01 5.180E-03
  1.705360E+01 4.740E-03
  1.752220E+01 4.340E-03
  1.800160E+01 3.980E-03
  1.849181E+01 3.640E-03
  1.899310E+01 3.330E-03
  1.950571E+01 3.050E-03
  2.002980E+01 2.790E-03
  2.056560E+01 2.550E-03
  2.111330E+01 2.340E-03
  2.167310E+01 2.140E-03
  2.224530E+01 1.950E-03
  2.283000E+01 1.790E-03
  2.342740E+01 1.640E-03
  2.403780E+01 1.500E-03
  2.466141E+01 1.370E-03
  2.529849E+01 1.250E-03
  2.594920E+01 1.150E-03
  2.661380E+01 1.050E-03
  2.729250E+01 9.590E-04
  2.798560E+01 8.770E-04
  2.869330E+01 8.020E-04
  2.941589E+01 7.330E-04
  3.015350E+01 6.710E-04
  3.090649E+01 6.130E-04
  3.167509E+01 5.610E-04
  3.245959E+01 5.130E-04
  3.326010E+01 4.690E-04
  3.407710E+01 4.290E-04
  3.491071E+01 3.920E-04
  3.576120E+01 3.580E-04
  3.662891E+01 3.280E-04
  3.751410E+01 2.990E-04
  3.841701E+01 2.740E-04
  3.933800E+01 2.500E-04
  4.027721E+01 2.290E-04
  4.123511E+01 2.090E-04
  4.221190E+01 1.910E-04
  4.277890E+01 1.810E-04
    2    2    0    5
    106    106
  2.041540E+00    0.0000
  1.641540E+00 1.500E+00
  1.841540E+00 1.160E+00
  2.041540E+00 9.160E-01
  2.117880E+00 8.430E-01
  2.196770E+00 7.750E-01
  2.278270E+00 7.130E-01
  2.362460E+00 6.550E-01
  2.449400E+00 6.030E-01
  2.539180E+00 5.540E-01
  2.631870E+00 5.090E-01
  2.727540E+00 4.680E-01
  2.826270E+00 4.300E-01
  2.928140E+00 3.950E-01
  3.033240E+00 3.630E-01
  3.141640E+00 3.340E-01
  3.253430E+00 3.070E-01
  3.368700E+00 2.820E-01
  3.487520E+00 2.590E-01
  3.610000E+00 2.380E-01
  3.736210E+00 2.180E-01
  3.866250E+00 2.010E-01
  4.000230E+00 1.840E-01
  4.138210E+00 1.690E-01
  4.280320E+00 1.550E-01
  4.426630E+00 1.420E-01
  4.577260E+00 1.310E-01
  4.732300E+00 1.200E-01
  4.891860E+00 1.100E-01
  5.056040E+00 1.010E-01
  5.224940E+00 9.290E-02
  5.398690E+00 8.520E-02
  5.577370E+00 7.820E-02
  5.761110E+00 7.170E-02
  5.950020E+00 6.580E-02
  6.144220E+00 6.040E-02
  6.343810E+00 5.540E-02
  6.548930E+00 5.080E-02
  6.759680E+00 4.660E-02
  6.976200E+00 4.270E-02
  7.198600E+00 3.920E-02
  7.427010E+00 3.600E-02
  7.661560E+00 3.300E-02
  7.902380E+00 3.020E-02
  8.149600E+00 2.770E-02
  8.403350E+00 2.540E-02
  8.663780E+00 2.330E-02
  8.931010E+00 2.140E-02
  9.205190E+00 1.960E-02
  9.486450E+00 1.790E-02
  9.774950E+00 1.640E-02
  1.007080E+01 1.510E-02
  1.037420E+01 1.380E-02
  1.068530E+01 1.270E-02
  1.100420E+01 1.160E-02
  1.133100E+01 1.060E-02
  1.166610E+01 9.730E-03
  1.200940E+01 8.910E-03
  1.236110E+01 8.160E-03
  1.272150E+01 7.480E-03
  1.309060E+01 6.850E-03
  1.346880E+01 6.270E-03
  1.385600E+01 5.740E-03
  1.425250E+01 5.260E-03
  1.465850E+01 4.820E-03
  1.507410E+01 4.410E-03
  1.549950E+01 4.040E-03
  1.593490E+01 3.700E-03
  1.638049E+01 3.380E-03
  1.683650E+01 3.100E-03
  1.730299E+01 2.840E-03
  1.778030E+01 2.600E-03
  1.826849E+01 2.380E-03
  1.876781E+01 2.180E-03
  1.927850E+01 1.990E-03
  1.980070E+01 1.820E-03
  2.033459E+01 1.670E-03
  2.088049E+01 1.530E-03
  2.143851E+01 1.400E-03
  2.200890E+01 1.280E-03
  2.259190E+01 1.170E-03
  2.318761E+01 1.070E-03
  2.379630E+01 9.780E-04
  2.441830E+01 8.950E-04
  2.505370E+01 8.190E-04
  2.570280E+01 7.490E-04
  2.636580E+01 6.850E-04
  2.704289E+01 6.270E-04
  2.773441E+01 5.730E-04
  2.844051E+01 5.240E-04
  2.916150E+01 4.790E-04
  2.989751E+01 4.380E-04
  3.064890E+01 4.010E-04
  3.141589E+01 3.670E-04
  3.219870E+01 3.350E-04
  3.299770E+01 3.060E-04
  3.381290E+01 2.800E-04
  3.464481E+01 2.560E-04
  3.549361E+01 2.340E-04
  3.635950E+01 2.140E-04
  3.724280E+01 1.960E-04
  3.814391E+01 1.790E-04
  3.906290E+01 1.630E-04
  4.000011E+01 1.500E-04
  4.095590E+01 1.370E-04
  4.193040E+01 1.250E-04
  4.204150E+01 1.240E-04
    2    2    0    6
    111    111
  1.562990E+00    0.0000
  1.362990E+00 1.520E+00
  1.562990E+00 1.120E+00
  1.622080E+00 1.030E+00
  1.683220E+00 9.470E-01
  1.746490E+00 8.710E-01
  1.811940E+00 8.020E-01
  1.879640E+00 7.380E-01
  1.949650E+00 6.790E-01
  2.022030E+00 6.240E-01
  2.096870E+00 5.740E-01
  2.174210E+00 5.280E-01
  2.254140E+00 4.860E-01
  2.336730E+00 4.470E-01
  2.422040E+00 4.110E-01
  2.510160E+00 3.780E-01
  2.601160E+00 3.470E-01
  2.695120E+00 3.190E-01
  2.792100E+00 2.930E-01
  2.892210E+00 2.700E-01
  2.995520E+00 2.480E-01
  3.102100E+00 2.280E-01
  3.212050E+00 2.090E-01
  3.325450E+00 1.920E-01
  3.442400E+00 1.770E-01
  3.562970E+00 1.620E-01
  3.687260E+00 1.490E-01
  3.815370E+00 1.370E-01
  3.947380E+00 1.260E-01
  4.083400E+00 1.150E-01
  4.223510E+00 1.060E-01
  4.367830E+00 9.740E-02
  4.516440E+00 8.940E-02
  4.669460E+00 8.210E-02
  4.826980E+00 7.530E-02
  4.989110E+00 6.920E-02
  5.155970E+00 6.350E-02
  5.327650E+00 5.830E-02
  5.504270E+00 5.350E-02
  5.685940E+00 4.910E-02
  5.872780E+00 4.500E-02
  6.064900E+00 4.130E-02
  6.262420E+00 3.790E-02
  6.465460E+00 3.480E-02
  6.674140E+00 3.190E-02
  6.888580E+00 2.930E-02
  7.108920E+00 2.680E-02
  7.335270E+00 2.460E-02
  7.567760E+00 2.260E-02
  7.806530E+00 2.070E-02
  8.051710E+00 1.900E-02
  8.303430E+00 1.740E-02
  8.561830E+00 1.600E-02
  8.827050E+00 1.460E-02
  9.099220E+00 1.340E-02
  9.378500E+00 1.230E-02
  9.665020E+00 1.130E-02
  9.958930E+00 1.030E-02
  1.026040E+01 9.460E-03
  1.056950E+01 8.670E-03
  1.088650E+01 7.950E-03
  1.121150E+01 7.280E-03
  1.154460E+01 6.670E-03
  1.188610E+01 6.110E-03
  1.223600E+01 5.600E-03
  1.259460E+01 5.130E-03
  1.296190E+01 4.700E-03
  1.333820E+01 4.300E-03
  1.372370E+01 3.940E-03
  1.411850E+01 3.610E-03
  1.452270E+01 3.310E-03
  1.493670E+01 3.030E-03
  1.536040E+01 2.770E-03
  1.579420E+01 2.540E-03
  1.623820E+01 2.320E-03
  1.669260E+01 2.130E-03
  1.715750E+01 1.950E-03
  1.763319E+01 1.780E-03
  1.811990E+01 1.630E-03
  1.861771E+01 1.490E-03
  1.912691E+01 1.370E-03
  1.964760E+01 1.250E-03
  2.018010E+01 1.150E-03
  2.072450E+01 1.050E-03
  2.128110E+01 9.590E-04
  2.185001E+01 8.770E-04
  2.243159E+01 8.030E-04
  2.302600E+01 7.340E-04
  2.363330E+01 6.720E-04
  2.425391E+01 6.150E-04
  2.488800E+01 5.620E-04
  2.553571E+01 5.140E-04
  2.619740E+01 4.700E-04
  2.687320E+01 4.300E-04
  2.756340E+01 3.940E-04
  2.826810E+01 3.600E-04
  2.898779E+01 3.290E-04
  2.972250E+01 3.010E-04
  3.047250E+01 2.750E-04
  3.123820E+01 2.520E-04
  3.201961E+01 2.300E-04
  3.281720E+01 2.100E-04
  3.363110E+01 1.920E-04
  3.446150E+01 1.760E-04
  3.530890E+01 1.610E-04
  3.617329E+01 1.470E-04
  3.705510E+01 1.340E-04
  3.795461E+01 1.230E-04
  3.887210E+01 1.120E-04
  3.980769E+01 1.030E-04
  4.076180E+01 9.380E-05
  4.156300E+01 8.710E-05
    2    2    0    7
    117    117
  1.234920E+00    0.0000
  1.034920E+00 1.960E+00
  1.234920E+00 1.330E+00
  1.281730E+00 1.230E+00
  1.330230E+00 1.130E+00
  1.380460E+00 1.040E+00
  1.432490E+00 9.560E-01
  1.486370E+00 8.800E-01
  1.542150E+00 8.100E-01
  1.599900E+00 7.460E-01
  1.659660E+00 6.860E-01
  1.721510E+00 6.310E-01
  1.785510E+00 5.810E-01
  1.851710E+00 5.350E-01
  1.920190E+00 4.920E-01
  1.991000E+00 4.520E-01
  2.064230E+00 4.160E-01
  2.139920E+00 3.830E-01
  2.218170E+00 3.520E-01
  2.299030E+00 3.240E-01
  2.382580E+00 2.980E-01
  2.468900E+00 2.740E-01
  2.558050E+00 2.520E-01
  2.650130E+00 2.320E-01
  2.745210E+00 2.130E-01
  2.843360E+00 1.960E-01
  2.944670E+00 1.800E-01
  3.049230E+00 1.650E-01
  3.157120E+00 1.520E-01
  3.268420E+00 1.400E-01
  3.383230E+00 1.280E-01
  3.501630E+00 1.180E-01
  3.623710E+00 1.080E-01
  3.749570E+00 9.940E-02
  3.879310E+00 9.140E-02
  4.013010E+00 8.390E-02
  4.150780E+00 7.710E-02
  4.292710E+00 7.080E-02
  4.438910E+00 6.500E-02
  4.589480E+00 5.970E-02
  4.744530E+00 5.480E-02
  4.904150E+00 5.030E-02
  5.068460E+00 4.620E-02
  5.237570E+00 4.240E-02
  5.411590E+00 3.890E-02
  5.590620E+00 3.570E-02
  5.774800E+00 3.280E-02
  5.964220E+00 3.010E-02
  6.159010E+00 2.760E-02
  6.359300E+00 2.530E-02
  6.565200E+00 2.320E-02
  6.776830E+00 2.130E-02
  6.994320E+00 1.950E-02
  7.217810E+00 1.790E-02
  7.447410E+00 1.640E-02
  7.683260E+00 1.510E-02
  7.925490E+00 1.380E-02
  8.174240E+00 1.270E-02
  8.429630E+00 1.160E-02
  8.691820E+00 1.070E-02
  8.960950E+00 9.770E-03
  9.237150E+00 8.960E-03
  9.520560E+00 8.210E-03
  9.811340E+00 7.520E-03
  1.010960E+01 6.900E-03
  1.041560E+01 6.320E-03
  1.072940E+01 5.790E-03
  1.105110E+01 5.310E-03
  1.138100E+01 4.860E-03
  1.171920E+01 4.460E-03
  1.206580E+01 4.080E-03
  1.242100E+01 3.740E-03
  1.278500E+01 3.430E-03
  1.315790E+01 3.140E-03
  1.354000E+01 2.870E-03
  1.393130E+01 2.630E-03
  1.433210E+01 2.410E-03
  1.474250E+01 2.210E-03
  1.516270E+01 2.020E-03
  1.559290E+01 1.850E-03
  1.603329E+01 1.700E-03
  1.648399E+01 1.550E-03
  1.694530E+01 1.420E-03
  1.741730E+01 1.300E-03
  1.790030E+01 1.190E-03
  1.839430E+01 1.090E-03
  1.889970E+01 9.970E-04
  1.941660E+01 9.130E-04
  1.994510E+01 8.350E-04
  2.048570E+01 7.650E-04
  2.103830E+01 7.000E-04
  2.160320E+01 6.400E-04
  2.218069E+01 5.860E-04
  2.277100E+01 5.360E-04
  2.337421E+01 4.900E-04
  2.399060E+01 4.490E-04
  2.462041E+01 4.100E-04
  2.526390E+01 3.750E-04
  2.592110E+01 3.430E-04
  2.659250E+01 3.140E-04
  2.727820E+01 2.870E-04
  2.797839E+01 2.630E-04
  2.869350E+01 2.400E-04
  2.942349E+01 2.200E-04
  3.016879E+01 2.010E-04
  3.092960E+01 1.840E-04
  3.170621E+01 1.680E-04
  3.249870E+01 1.540E-04
  3.330750E+01 1.400E-04
  3.413290E+01 1.280E-04
  3.497490E+01 1.170E-04
  3.583411E+01 1.070E-04
  3.671049E+01 9.810E-05
  3.760440E+01 8.970E-05
  3.851620E+01 8.200E-05
  3.944611E+01 7.490E-05
  4.039430E+01 6.850E-05
  4.123489E+01 6.330E-05
    0    0    0    0
