   13    2    P
    1    0    0    1
     25     55
  1.530230E+02    0.0100
  1.518330E+02 8.898E-02
  1.521310E+02 8.856E-02
  1.524280E+02 8.814E-02
  1.527260E+02 8.772E-02
  1.530220E+02 8.731E-02
  1.614520E+02 7.631E-02
  1.696790E+02 6.712E-02
  1.778720E+02 5.931E-02
  1.861410E+02 5.262E-02
  1.945630E+02 4.684E-02
  2.038677E+02 4.127E-02
  2.135084E+02 3.639E-02
  2.234941E+02 3.208E-02
  2.338350E+02 2.828E-02
  2.445409E+02 2.493E-02
  2.556221E+02 2.197E-02
  2.670889E+02 1.936E-02
  2.789524E+02 1.706E-02
  2.912234E+02 1.503E-02
  3.039131E+02 1.325E-02
  3.170327E+02 1.167E-02
  3.305940E+02 1.028E-02
  3.446094E+02 9.056E-03
  3.590906E+02 7.977E-03
  3.740503E+02 7.026E-03
  3.895015E+02 6.211E-03
  4.074340E+02 5.484E-03
  4.268470E+02 4.819E-03
  4.471860E+02 4.231E-03
  4.684940E+02 3.712E-03
  4.908160E+02 3.255E-03
  5.142030E+02 2.852E-03
  5.387040E+02 2.497E-03
  5.643720E+02 2.184E-03
  5.912640E+02 1.910E-03
  6.194360E+02 1.669E-03
  6.489510E+02 1.457E-03
  6.798730E+02 1.271E-03
  7.122680E+02 1.109E-03
  7.462060E+02 9.661E-04
  7.817610E+02 8.414E-04
  8.190110E+02 7.323E-04
  8.580350E+02 6.370E-04
  8.989190E+02 5.537E-04
  9.417510E+02 4.811E-04
  9.866240E+02 4.178E-04
  1.033640E+03 3.625E-04
  1.082890E+03 3.145E-04
  1.134480E+03 2.726E-04
  1.188540E+03 2.362E-04
  1.245170E+03 2.045E-04
  1.304500E+03 1.770E-04
  1.366660E+03 1.531E-04
  1.431780E+03 1.324E-04
  1.500000E+03 1.144E-04
    1    0    0    2
     19     62
  3.644119E+01    0.0100
  3.525110E+01 1.069E-01
  3.554860E+01 1.051E-01
  3.584621E+01 1.034E-01
  3.614371E+01 1.017E-01
  3.643980E+01 1.000E-01
  3.856070E+01 8.904E-02
  4.079150E+01 7.925E-02
  4.313580E+01 7.051E-02
  4.559760E+01 6.271E-02
  4.818060E+01 5.575E-02
  5.088860E+01 4.954E-02
  5.372560E+01 4.401E-02
  5.669530E+01 3.909E-02
  5.980150E+01 3.470E-02
  6.304810E+01 3.079E-02
  6.643880E+01 2.732E-02
  6.997729E+01 2.423E-02
  7.366760E+01 2.148E-02
  7.751331E+01 1.904E-02
  8.161972E+01 1.686E-02
  8.590527E+01 1.492E-02
  9.037642E+01 1.319E-02
  9.503996E+01 1.167E-02
  9.990274E+01 1.032E-02
  1.049720E+02 9.122E-03
  1.102551E+02 8.064E-03
  1.157596E+02 7.129E-03
  1.214935E+02 6.301E-03
  1.274646E+02 5.569E-03
  1.336814E+02 4.922E-03
  1.401525E+02 4.349E-03
  1.468866E+02 3.843E-03
  1.538928E+02 3.395E-03
  1.611805E+02 3.000E-03
  1.687592E+02 2.650E-03
  1.766388E+02 2.341E-03
  1.848298E+02 2.067E-03
  1.933423E+02 1.826E-03
  2.021872E+02 1.612E-03
  2.113759E+02 1.424E-03
  2.209196E+02 1.257E-03
  2.308302E+02 1.110E-03
  2.411196E+02 9.798E-04
  2.518004E+02 8.650E-04
  2.628853E+02 7.635E-04
  2.743875E+02 6.739E-04
  2.863206E+02 5.947E-04
  2.986985E+02 5.249E-04
  3.115356E+02 4.632E-04
  3.248462E+02 4.087E-04
  3.386460E+02 3.606E-04
  3.529504E+02 3.182E-04
  3.677751E+02 2.807E-04
  3.831367E+02 2.476E-04
  3.990522E+02 2.184E-04
  4.155386E+02 1.927E-04
  4.326143E+02 1.699E-04
  4.502971E+02 1.499E-04
  4.686060E+02 1.322E-04
  4.875605E+02 1.165E-04
  5.071799E+02 1.028E-04
  5.274849E+02 9.061E-05
    1    0    0    3
     28     63
  1.613690E+01    0.0100
  1.494680E+01 1.970E-01
  1.524440E+01 1.894E-01
  1.554190E+01 1.823E-01
  1.583940E+01 1.756E-01
  1.613550E+01 1.693E-01
  1.708900E+01 1.510E-01
  1.809351E+01 1.346E-01
  1.915140E+01 1.200E-01
  2.026520E+01 1.070E-01
  2.143750E+01 9.534E-02
  2.267120E+01 8.497E-02
  2.396890E+01 7.571E-02
  2.533380E+01 6.745E-02
  2.676891E+01 6.009E-02
  2.827740E+01 5.352E-02
  2.986270E+01 4.767E-02
  3.152820E+01 4.245E-02
  3.327740E+01 3.780E-02
  3.511430E+01 3.365E-02
  3.704260E+01 2.996E-02
  3.906650E+01 2.666E-02
  4.119009E+01 2.373E-02
  4.341780E+01 2.112E-02
  4.575410E+01 1.879E-02
  4.820380E+01 1.672E-02
  5.077170E+01 1.487E-02
  5.346280E+01 1.323E-02
  5.628259E+01 1.176E-02
  5.931709E+01 1.044E-02
  6.249957E+01 9.255E-03
  6.583669E+01 8.206E-03
  6.933508E+01 7.275E-03
  7.300200E+01 6.449E-03
  7.684473E+01 5.717E-03
  8.087091E+01 5.067E-03
  8.508856E+01 4.491E-03
  8.950595E+01 3.980E-03
  9.413167E+01 3.527E-03
  9.897461E+01 3.126E-03
  1.040442E+02 2.770E-03
  1.093500E+02 2.454E-03
  1.149021E+02 2.174E-03
  1.207109E+02 1.926E-03
  1.267873E+02 1.706E-03
  1.331424E+02 1.511E-03
  1.397880E+02 1.338E-03
  1.467362E+02 1.185E-03
  1.539996E+02 1.050E-03
  1.615911E+02 9.295E-04
  1.695246E+02 8.231E-04
  1.778140E+02 7.287E-04
  1.864739E+02 6.452E-04
  1.955195E+02 5.712E-04
  2.049666E+02 5.057E-04
  2.148314E+02 4.476E-04
  2.251309E+02 3.962E-04
  2.358827E+02 3.507E-04
  2.471049E+02 3.104E-04
  2.588164E+02 2.747E-04
  2.710369E+02 2.431E-04
  2.837869E+02 2.151E-04
  2.970869E+02 1.903E-04
  3.109592E+02 1.684E-04
    1    0    0    4
     37     64
  9.058580E+00    0.0100
  7.868490E+00 3.303E-01
  8.166010E+00 3.068E-01
  8.463540E+00 2.857E-01
  8.761050E+00 2.667E-01
  9.057140E+00 2.495E-01
  9.581710E+00 2.227E-01
  1.013540E+01 1.988E-01
  1.071970E+01 1.774E-01
  1.133620E+01 1.583E-01
  1.198660E+01 1.413E-01
  1.267250E+01 1.261E-01
  1.339580E+01 1.125E-01
  1.415820E+01 1.003E-01
  1.496190E+01 8.948E-02
  1.580880E+01 7.980E-02
  1.670110E+01 7.117E-02
  1.764101E+01 6.346E-02
  1.863080E+01 5.658E-02
  1.967290E+01 5.044E-02
  2.076990E+01 4.496E-02
  2.192450E+01 4.007E-02
  2.313921E+01 3.571E-02
  2.441721E+01 3.182E-02
  2.576120E+01 2.836E-02
  2.717439E+01 2.526E-02
  2.866010E+01 2.250E-02
  3.022150E+01 2.005E-02
  3.186230E+01 1.785E-02
  3.358600E+01 1.590E-02
  3.539650E+01 1.416E-02
  3.729761E+01 1.260E-02
  3.929340E+01 1.122E-02
  4.138820E+01 9.988E-03
  4.358650E+01 8.890E-03
  4.589270E+01 7.911E-03
  4.831171E+01 7.040E-03
  5.084840E+01 6.264E-03
  5.359019E+01 5.577E-03
  5.647076E+01 4.949E-03
  5.949661E+01 4.392E-03
  6.267468E+01 3.898E-03
  6.601213E+01 3.459E-03
  6.951648E+01 3.069E-03
  7.319557E+01 2.723E-03
  7.705759E+01 2.416E-03
  8.111110E+01 2.144E-03
  8.536496E+01 1.902E-03
  8.982857E+01 1.687E-03
  9.451167E+01 1.496E-03
  9.942433E+01 1.327E-03
  1.045772E+02 1.177E-03
  1.099814E+02 1.044E-03
  1.156483E+02 9.261E-04
  1.215900E+02 8.213E-04
  1.278191E+02 7.283E-04
  1.343487E+02 6.458E-04
  1.411925E+02 5.726E-04
  1.483646E+02 5.077E-04
  1.558799E+02 4.502E-04
  1.637539E+02 3.991E-04
  1.720027E+02 3.538E-04
  1.806433E+02 3.136E-04
  1.896930E+02 2.780E-04
  1.991703E+02 2.465E-04
    1    0    0    5
     44     65
  5.790200E+00    0.0100
  4.600110E+00 5.401E-01
  4.897630E+00 4.764E-01
  5.195160E+00 4.232E-01
  5.492680E+00 3.782E-01
  5.788760E+00 3.401E-01
  6.114330E+00 3.038E-01
  6.458420E+00 2.714E-01
  6.822010E+00 2.424E-01
  7.206180E+00 2.165E-01
  7.612040E+00 1.933E-01
  8.040750E+00 1.726E-01
  8.493540E+00 1.541E-01
  8.971680E+00 1.376E-01
  9.476520E+00 1.228E-01
  1.000950E+01 1.097E-01
  1.057190E+01 9.788E-02
  1.116560E+01 8.735E-02
  1.179180E+01 7.795E-02
  1.245250E+01 6.956E-02
  1.314930E+01 6.206E-02
  1.388400E+01 5.536E-02
  1.465850E+01 4.938E-02
  1.547490E+01 4.405E-02
  1.633521E+01 3.928E-02
  1.724150E+01 3.503E-02
  1.819600E+01 3.123E-02
  1.920120E+01 2.784E-02
  2.025940E+01 2.482E-02
  2.137320E+01 2.212E-02
  2.254510E+01 1.971E-02
  2.377789E+01 1.756E-02
  2.507440E+01 1.565E-02
  2.643761E+01 1.394E-02
  2.787041E+01 1.241E-02
  2.937610E+01 1.105E-02
  3.095799E+01 9.843E-03
  3.261929E+01 8.764E-03
  3.436360E+01 7.801E-03
  3.619460E+01 6.944E-03
  3.811600E+01 6.180E-03
  4.013170E+01 5.499E-03
  4.224570E+01 4.892E-03
  4.446220E+01 4.352E-03
  4.678551E+01 3.871E-03
  4.931979E+01 3.474E-03
  5.198558E+01 3.085E-03
  5.478940E+01 2.740E-03
  5.773810E+01 2.433E-03
  6.083888E+01 2.161E-03
  6.409929E+01 1.919E-03
  6.752715E+01 1.703E-03
  7.113072E+01 1.512E-03
  7.491858E+01 1.343E-03
  7.889989E+01 1.192E-03
  8.308405E+01 1.058E-03
  8.748093E+01 9.396E-04
  9.210100E+01 8.341E-04
  9.695509E+01 7.404E-04
  1.020544E+02 6.572E-04
  1.074113E+02 5.834E-04
  1.130378E+02 5.178E-04
  1.189469E+02 4.595E-04
  1.251525E+02 4.079E-04
  1.316688E+02 3.620E-04
  1.385108E+02 3.212E-04
    1    0    0    6
     50     65
  4.017530E+00    0.0100
  3.013147E+00 7.951E-01
  3.124960E+00 7.335E-01
  3.422490E+00 6.100E-01
  3.720010E+00 5.147E-01
  4.016090E+00 4.401E-01
  4.239430E+00 3.931E-01
  4.475400E+00 3.511E-01
  4.724700E+00 3.136E-01
  4.988070E+00 2.801E-01
  5.266270E+00 2.502E-01
  5.560130E+00 2.234E-01
  5.870490E+00 1.995E-01
  6.198240E+00 1.781E-01
  6.544340E+00 1.591E-01
  6.909760E+00 1.420E-01
  7.295540E+00 1.268E-01
  7.702760E+00 1.132E-01
  8.132570E+00 1.010E-01
  8.586160E+00 9.018E-02
  9.064770E+00 8.048E-02
  9.569710E+00 7.183E-02
  1.010240E+01 6.410E-02
  1.066420E+01 5.719E-02
  1.125660E+01 5.103E-02
  1.188120E+01 4.553E-02
  1.253970E+01 4.061E-02
  1.323370E+01 3.623E-02
  1.396500E+01 3.231E-02
  1.473560E+01 2.881E-02
  1.554730E+01 2.569E-02
  1.640230E+01 2.291E-02
  1.730251E+01 2.043E-02
  1.825031E+01 1.821E-02
  1.924789E+01 1.623E-02
  2.029770E+01 1.447E-02
  2.140230E+01 1.289E-02
  2.256410E+01 1.149E-02
  2.378610E+01 1.024E-02
  2.507080E+01 9.119E-03
  2.642140E+01 8.123E-03
  2.784081E+01 7.235E-03
  2.933231E+01 6.443E-03
  3.089900E+01 5.737E-03
  3.254440E+01 5.109E-03
  3.427209E+01 4.548E-03
  3.608569E+01 4.048E-03
  3.798900E+01 3.603E-03
  3.998610E+01 3.207E-03
  4.208099E+01 2.854E-03
  4.427800E+01 2.539E-03
  4.668181E+01 2.286E-03
  4.921205E+01 2.031E-03
  5.187514E+01 1.804E-03
  5.467784E+01 1.603E-03
  5.762730E+01 1.424E-03
  6.073088E+01 1.265E-03
  6.399643E+01 1.123E-03
  6.743214E+01 9.978E-04
  7.104666E+01 8.862E-04
  7.484888E+01 7.872E-04
  7.884837E+01 6.991E-04
  8.305498E+01 6.209E-04
  8.747908E+01 5.514E-04
  9.213162E+01 4.897E-04
  9.702409E+01 4.349E-04
    1    0    0    7
     55     65
  2.949830E+00    0.0100
  2.212372E+00 1.005E+00
  2.354790E+00 8.724E-01
  2.652310E+00 6.833E-01
  2.948390E+00 5.493E-01
  3.110910E+00 4.906E-01
  3.282570E+00 4.382E-01
  3.463880E+00 3.913E-01
  3.655360E+00 3.495E-01
  3.857570E+00 3.121E-01
  4.071130E+00 2.787E-01
  4.296630E+00 2.489E-01
  4.534740E+00 2.222E-01
  4.786150E+00 1.984E-01
  5.051590E+00 1.772E-01
  5.331800E+00 1.582E-01
  5.627600E+00 1.412E-01
  5.939820E+00 1.261E-01
  6.269340E+00 1.126E-01
  6.617090E+00 1.005E-01
  6.984040E+00 8.969E-02
  7.371210E+00 8.005E-02
  7.779670E+00 7.145E-02
  8.210550E+00 6.376E-02
  8.665010E+00 5.690E-02
  9.144290E+00 5.077E-02
  9.649680E+00 4.530E-02
  1.018250E+01 4.042E-02
  1.074430E+01 3.606E-02
  1.133640E+01 3.217E-02
  1.196040E+01 2.869E-02
  1.261790E+01 2.559E-02
  1.331070E+01 2.283E-02
  1.404050E+01 2.036E-02
  1.480910E+01 1.815E-02
  1.561850E+01 1.618E-02
  1.647070E+01 1.443E-02
  1.736790E+01 1.286E-02
  1.831219E+01 1.147E-02
  1.930600E+01 1.022E-02
  2.035150E+01 9.109E-03
  2.145151E+01 8.118E-03
  2.260831E+01 7.234E-03
  2.382491E+01 6.445E-03
  2.510390E+01 5.742E-03
  2.644839E+01 5.115E-03
  2.786140E+01 4.556E-03
  2.934621E+01 4.058E-03
  3.090601E+01 3.614E-03
  3.254440E+01 3.218E-03
  3.426489E+01 2.866E-03
  3.607130E+01 2.551E-03
  3.796750E+01 2.271E-03
  3.995750E+01 2.022E-03
  4.204550E+01 1.799E-03
  4.423599E+01 1.601E-03
  4.663802E+01 1.445E-03
  4.916728E+01 1.284E-03
  5.183040E+01 1.141E-03
  5.463420E+01 1.014E-03
  5.758604E+01 9.010E-04
  6.069348E+01 8.006E-04
  6.396452E+01 7.113E-04
  6.740761E+01 6.319E-04
  7.103146E+01 5.614E-04
  7.484544E+01 4.988E-04
    1    0    0    8
     59     64
  2.257410E+00    0.0100
  1.693057E+00 1.219E+00
  1.959890E+00 8.937E-01
  2.255970E+00 6.671E-01
  2.379380E+00 5.958E-01
  2.509690E+00 5.320E-01
  2.647290E+00 4.751E-01
  2.792570E+00 4.243E-01
  2.945960E+00 3.789E-01
  3.107910E+00 3.383E-01
  3.278890E+00 3.021E-01
  3.459410E+00 2.698E-01
  3.649980E+00 2.409E-01
  3.851150E+00 2.151E-01
  4.063510E+00 1.920E-01
  4.287660E+00 1.714E-01
  4.524250E+00 1.531E-01
  4.773950E+00 1.366E-01
  5.037470E+00 1.220E-01
  5.315550E+00 1.089E-01
  5.608970E+00 9.720E-02
  5.918570E+00 8.676E-02
  6.245200E+00 7.744E-02
  6.589760E+00 6.912E-02
  6.953220E+00 6.168E-02
  7.336580E+00 5.505E-02
  7.740870E+00 4.912E-02
  8.167200E+00 4.383E-02
  8.616720E+00 3.911E-02
  9.090640E+00 3.490E-02
  9.590240E+00 3.113E-02
  1.011680E+01 2.777E-02
  1.067180E+01 2.478E-02
  1.125660E+01 2.210E-02
  1.187280E+01 1.971E-02
  1.252200E+01 1.758E-02
  1.320580E+01 1.568E-02
  1.392600E+01 1.398E-02
  1.468440E+01 1.247E-02
  1.548300E+01 1.112E-02
  1.632370E+01 9.910E-03
  1.720850E+01 8.835E-03
  1.813989E+01 7.875E-03
  1.911990E+01 7.020E-03
  2.015089E+01 6.256E-03
  2.123550E+01 5.576E-03
  2.237630E+01 4.969E-03
  2.357590E+01 4.427E-03
  2.483720E+01 3.945E-03
  2.616319E+01 3.514E-03
  2.755679E+01 3.130E-03
  2.902130E+01 2.788E-03
  3.056010E+01 2.484E-03
  3.217661E+01 2.212E-03
  3.387440E+01 1.970E-03
  3.565739E+01 1.754E-03
  3.752930E+01 1.562E-03
  3.949440E+01 1.390E-03
  4.155690E+01 1.237E-03
  4.372110E+01 1.101E-03
  4.609833E+01 9.968E-04
  4.860236E+01 8.859E-04
  5.123976E+01 7.873E-04
  5.401752E+01 6.997E-04
  5.694299E+01 6.218E-04
    1    0    0    9
     64     64
  1.782990E+00    0.0100
  1.337242E+00 1.502E+00
  1.485470E+00 1.160E+00
  1.781550E+00 7.933E-01
  1.878350E+00 7.084E-01
  1.980540E+00 6.325E-01
  2.088410E+00 5.648E-01
  2.202280E+00 5.044E-01
  2.322480E+00 4.504E-01
  2.449370E+00 4.021E-01
  2.583300E+00 3.591E-01
  2.724680E+00 3.206E-01
  2.873910E+00 2.863E-01
  3.031420E+00 2.556E-01
  3.197660E+00 2.282E-01
  3.373130E+00 2.037E-01
  3.558310E+00 1.819E-01
  3.753740E+00 1.624E-01
  3.959970E+00 1.450E-01
  4.177610E+00 1.294E-01
  4.407250E+00 1.155E-01
  4.649550E+00 1.031E-01
  4.905190E+00 9.205E-02
  5.174900E+00 8.216E-02
  5.459410E+00 7.333E-02
  5.759540E+00 6.545E-02
  6.076100E+00 5.841E-02
  6.409970E+00 5.213E-02
  6.762070E+00 4.652E-02
  7.133360E+00 4.151E-02
  7.524860E+00 3.704E-02
  7.937620E+00 3.305E-02
  8.372760E+00 2.949E-02
  8.831450E+00 2.631E-02
  9.314900E+00 2.347E-02
  9.824410E+00 2.094E-02
  1.036130E+01 1.868E-02
  1.092700E+01 1.666E-02
  1.152300E+01 1.486E-02
  1.215090E+01 1.325E-02
  1.281220E+01 1.182E-02
  1.350860E+01 1.054E-02
  1.424200E+01 9.398E-03
  1.501410E+01 8.379E-03
  1.582700E+01 7.471E-03
  1.668269E+01 6.660E-03
  1.758321E+01 5.937E-03
  1.853081E+01 5.292E-03
  1.952789E+01 4.717E-03
  2.057680E+01 4.204E-03
  2.168021E+01 3.747E-03
  2.284050E+01 3.339E-03
  2.406070E+01 2.975E-03
  2.534360E+01 2.651E-03
  2.669220E+01 2.362E-03
  2.810960E+01 2.104E-03
  2.959920E+01 1.874E-03
  3.116440E+01 1.669E-03
  3.280859E+01 1.487E-03
  3.453571E+01 1.324E-03
  3.634950E+01 1.179E-03
  3.825410E+01 1.050E-03
  4.025360E+01 9.346E-04
  4.235240E+01 8.321E-04
  4.455521E+01 7.407E-04
    1    0    0   10
     64     64
  1.443800E+00    0.0100
  1.082850E+00 1.783E+00
  1.146280E+00 1.504E+00
  1.442360E+00 9.275E-01
  1.520260E+00 8.281E-01
  1.602470E+00 7.394E-01
  1.689240E+00 6.602E-01
  1.780810E+00 5.895E-01
  1.877450E+00 5.263E-01
  1.979450E+00 4.699E-01
  2.087090E+00 4.196E-01
  2.200700E+00 3.746E-01
  2.320600E+00 3.345E-01
  2.447130E+00 2.986E-01
  2.580660E+00 2.666E-01
  2.721580E+00 2.380E-01
  2.870300E+00 2.125E-01
  3.027220E+00 1.897E-01
  3.192820E+00 1.694E-01
  3.367560E+00 1.512E-01
  3.551930E+00 1.350E-01
  3.746470E+00 1.205E-01
  3.951710E+00 1.076E-01
  4.168250E+00 9.600E-02
  4.396690E+00 8.569E-02
  4.637670E+00 7.648E-02
  4.891860E+00 6.827E-02
  5.159990E+00 6.093E-02
  5.442770E+00 5.438E-02
  5.741020E+00 4.853E-02
  6.055530E+00 4.331E-02
  6.387180E+00 3.865E-02
  6.736880E+00 3.448E-02
  7.105570E+00 3.077E-02
  7.494260E+00 2.745E-02
  7.904000E+00 2.450E-02
  8.335870E+00 2.185E-02
  8.791060E+00 1.950E-02
  9.270750E+00 1.739E-02
  9.776230E+00 1.551E-02
  1.030880E+01 1.384E-02
  1.086990E+01 1.234E-02
  1.146100E+01 1.101E-02
  1.208360E+01 9.818E-03
  1.273930E+01 8.756E-03
  1.342980E+01 7.808E-03
  1.415690E+01 6.962E-03
  1.492240E+01 6.208E-03
  1.572820E+01 5.534E-03
  1.657640E+01 4.934E-03
  1.746899E+01 4.398E-03
  1.840829E+01 3.921E-03
  1.939670E+01 3.495E-03
  2.043640E+01 3.115E-03
  2.153011E+01 2.776E-03
  2.268030E+01 2.474E-03
  2.388989E+01 2.204E-03
  2.516170E+01 1.964E-03
  2.649870E+01 1.750E-03
  2.790410E+01 1.559E-03
  2.938120E+01 1.389E-03
  3.093330E+01 1.237E-03
  3.256410E+01 1.102E-03
  3.427730E+01 9.815E-04
  3.607671E+01 8.741E-04
    3    0    0    1
     18     62
  3.745920E+01    0.0100
  3.626910E+01 1.044E-01
  3.656670E+01 1.028E-01
  3.686420E+01 1.011E-01
  3.716170E+01 9.951E-02
  3.745779E+01 9.794E-02
  3.969701E+01 8.714E-02
  4.204311E+01 7.752E-02
  4.450101E+01 6.897E-02
  4.707581E+01 6.136E-02
  4.977299E+01 5.459E-02
  5.259821E+01 4.856E-02
  5.555750E+01 4.320E-02
  5.865700E+01 3.843E-02
  6.190320E+01 3.418E-02
  6.530290E+01 3.041E-02
  6.886340E+01 2.705E-02
  7.259210E+01 2.406E-02
  7.649680E+01 2.141E-02
  8.070177E+01 1.895E-02
  8.510539E+01 1.679E-02
  8.971574E+01 1.488E-02
  9.454126E+01 1.318E-02
  9.959064E+01 1.167E-02
  1.048729E+02 1.033E-02
  1.103974E+02 9.151E-03
  1.161738E+02 8.102E-03
  1.222120E+02 7.173E-03
  1.285226E+02 6.350E-03
  1.351161E+02 5.621E-03
  1.420038E+02 4.975E-03
  1.491969E+02 4.403E-03
  1.567076E+02 3.896E-03
  1.645479E+02 3.448E-03
  1.727306E+02 3.051E-03
  1.812689E+02 2.699E-03
  1.901763E+02 2.388E-03
  1.994668E+02 2.112E-03
  2.091548E+02 1.868E-03
  2.192555E+02 1.652E-03
  2.297842E+02 1.461E-03
  2.407569E+02 1.292E-03
  2.521903E+02 1.143E-03
  2.641013E+02 1.010E-03
  2.765078E+02 8.932E-04
  2.894277E+02 7.897E-04
  3.028799E+02 6.980E-04
  3.168840E+02 6.170E-04
  3.314597E+02 5.454E-04
  3.466282E+02 4.820E-04
  3.624106E+02 4.260E-04
  3.788291E+02 3.764E-04
  3.959060E+02 3.326E-04
  4.136655E+02 2.939E-04
  4.321311E+02 2.597E-04
  4.513286E+02 2.294E-04
  4.712832E+02 2.027E-04
  4.920220E+02 1.790E-04
  5.135720E+02 1.581E-04
  5.359619E+02 1.397E-04
  5.592209E+02 1.234E-04
  5.833792E+02 1.089E-04
  6.084673E+02 9.620E-05
    3    0    0    2
     28     64
  1.640601E+01    0.0100
  1.521590E+01 1.919E-01
  1.551340E+01 1.847E-01
  1.581100E+01 1.780E-01
  1.610851E+01 1.716E-01
  1.640460E+01 1.655E-01
  1.738280E+01 1.476E-01
  1.841310E+01 1.316E-01
  1.949780E+01 1.173E-01
  2.063969E+01 1.046E-01
  2.184151E+01 9.322E-02
  2.310609E+01 8.309E-02
  2.443660E+01 7.405E-02
  2.583600E+01 6.599E-02
  2.730769E+01 5.880E-02
  2.885510E+01 5.239E-02
  3.048180E+01 4.668E-02
  3.219170E+01 4.158E-02
  3.398869E+01 3.704E-02
  3.587680E+01 3.299E-02
  3.786031E+01 2.939E-02
  3.994389E+01 2.617E-02
  4.213210E+01 2.331E-02
  4.442979E+01 2.076E-02
  4.684230E+01 1.848E-02
  4.937480E+01 1.646E-02
  5.203300E+01 1.465E-02
  5.482260E+01 1.304E-02
  5.774980E+01 1.161E-02
  6.090144E+01 1.029E-02
  6.420995E+01 9.131E-03
  6.768251E+01 8.100E-03
  7.132652E+01 7.184E-03
  7.514977E+01 6.372E-03
  7.916026E+01 5.651E-03
  8.336642E+01 5.011E-03
  8.777698E+01 4.443E-03
  9.240106E+01 3.939E-03
  9.724814E+01 3.493E-03
  1.023280E+02 3.096E-03
  1.076510E+02 2.745E-03
  1.132277E+02 2.433E-03
  1.190694E+02 2.156E-03
  1.251875E+02 1.911E-03
  1.315941E+02 1.694E-03
  1.383016E+02 1.501E-03
  1.453232E+02 1.330E-03
  1.526722E+02 1.178E-03
  1.603628E+02 1.044E-03
  1.684095E+02 9.251E-04
  1.768275E+02 8.195E-04
  1.856328E+02 7.260E-04
  1.948415E+02 6.430E-04
  2.044708E+02 5.696E-04
  2.145384E+02 5.045E-04
  2.250625E+02 4.468E-04
  2.360627E+02 3.956E-04
  2.475584E+02 3.504E-04
  2.595703E+02 3.102E-04
  2.721199E+02 2.747E-04
  2.852295E+02 2.432E-04
  2.989221E+02 2.153E-04
  3.132214E+02 1.906E-04
  3.281531E+02 1.687E-04
  3.437422E+02 1.494E-04
    3    0    0    3
     36     64
  9.167590E+00    0.0100
  7.977510E+00 3.215E-01
  8.275030E+00 2.991E-01
  8.572550E+00 2.789E-01
  8.870070E+00 2.607E-01
  9.166150E+00 2.442E-01
  9.700350E+00 2.180E-01
  1.026410E+01 1.946E-01
  1.085910E+01 1.737E-01
  1.148680E+01 1.550E-01
  1.214890E+01 1.383E-01
  1.284720E+01 1.234E-01
  1.358350E+01 1.101E-01
  1.435990E+01 9.822E-02
  1.517820E+01 8.761E-02
  1.604060E+01 7.815E-02
  1.694930E+01 6.970E-02
  1.790669E+01 6.216E-02
  1.891510E+01 5.543E-02
  1.997710E+01 4.942E-02
  2.109540E+01 4.407E-02
  2.227260E+01 3.928E-02
  2.351170E+01 3.502E-02
  2.481570E+01 3.121E-02
  2.618770E+01 2.782E-02
  2.763110E+01 2.479E-02
  2.914920E+01 2.209E-02
  3.074561E+01 1.969E-02
  3.242410E+01 1.754E-02
  3.418871E+01 1.563E-02
  3.604320E+01 1.392E-02
  3.799210E+01 1.240E-02
  4.003960E+01 1.104E-02
  4.219051E+01 9.834E-03
  4.444949E+01 8.758E-03
  4.682159E+01 7.798E-03
  4.931210E+01 6.943E-03
  5.200237E+01 6.173E-03
  5.483089E+01 5.481E-03
  5.780437E+01 4.866E-03
  6.092986E+01 4.319E-03
  6.421468E+01 3.834E-03
  6.766643E+01 3.403E-03
  7.129314E+01 3.021E-03
  7.510320E+01 2.681E-03
  7.910539E+01 2.380E-03
  8.330881E+01 2.112E-03
  8.772301E+01 1.874E-03
  9.235799E+01 1.663E-03
  9.722414E+01 1.476E-03
  1.023324E+02 1.309E-03
  1.076941E+02 1.162E-03
  1.133212E+02 1.031E-03
  1.192260E+02 9.142E-04
  1.254216E+02 8.110E-04
  1.319214E+02 7.194E-04
  1.387397E+02 6.381E-04
  1.458910E+02 5.660E-04
  1.533909E+02 5.020E-04
  1.612555E+02 4.452E-04
  1.695015E+02 3.949E-04
  1.781463E+02 3.502E-04
  1.872083E+02 3.105E-04
  1.967065E+02 2.754E-04
  2.066608E+02 2.442E-04
    3    0    0    4
     44     65
  5.844890E+00    0.0100
  4.654810E+00 5.251E-01
  4.952330E+00 4.641E-01
  5.249850E+00 4.130E-01
  5.547370E+00 3.697E-01
  5.843450E+00 3.330E-01
  6.174290E+00 2.975E-01
  6.523900E+00 2.657E-01
  6.893310E+00 2.373E-01
  7.283600E+00 2.119E-01
  7.695890E+00 1.893E-01
  8.131380E+00 1.690E-01
  8.591290E+00 1.509E-01
  9.076940E+00 1.347E-01
  9.589690E+00 1.203E-01
  1.013100E+01 1.074E-01
  1.070230E+01 9.583E-02
  1.130520E+01 8.553E-02
  1.194130E+01 7.633E-02
  1.261240E+01 6.812E-02
  1.332020E+01 6.078E-02
  1.406660E+01 5.423E-02
  1.485360E+01 4.838E-02
  1.568320E+01 4.315E-02
  1.655750E+01 3.849E-02
  1.747881E+01 3.433E-02
  1.844940E+01 3.061E-02
  1.947169E+01 2.729E-02
  2.054829E+01 2.433E-02
  2.168170E+01 2.169E-02
  2.287469E+01 1.933E-02
  2.413020E+01 1.723E-02
  2.545110E+01 1.536E-02
  2.684050E+01 1.368E-02
  2.830161E+01 1.219E-02
  2.983780E+01 1.086E-02
  3.145250E+01 9.673E-03
  3.314940E+01 8.615E-03
  3.493210E+01 7.672E-03
  3.680460E+01 6.831E-03
  3.877100E+01 6.082E-03
  4.083530E+01 5.414E-03
  4.300191E+01 4.819E-03
  4.527541E+01 4.288E-03
  4.766040E+01 3.816E-03
  5.025810E+01 3.419E-03
  5.299168E+01 3.037E-03
  5.586798E+01 2.697E-03
  5.889418E+01 2.396E-03
  6.207771E+01 2.128E-03
  6.542645E+01 1.890E-03
  6.894868E+01 1.678E-03
  7.265306E+01 1.490E-03
  7.654857E+01 1.323E-03
  8.064464E+01 1.175E-03
  8.495129E+01 1.044E-03
  8.947890E+01 9.266E-04
  9.423828E+01 8.227E-04
  9.924083E+01 7.304E-04
  1.044986E+02 6.485E-04
  1.100242E+02 5.757E-04
  1.158305E+02 5.111E-04
  1.219313E+02 4.537E-04
  1.283410E+02 4.027E-04
  1.350747E+02 3.575E-04
  1.421479E+02 3.173E-04
    3    0    0    5
     50     65
  4.048840E+00    0.0100
  3.036630E+00 7.769E-01
  3.156280E+00 7.138E-01
  3.453800E+00 5.951E-01
  3.751320E+00 5.032E-01
  4.047400E+00 4.311E-01
  4.273880E+00 3.851E-01
  4.513150E+00 3.439E-01
  4.765930E+00 3.072E-01
  5.032950E+00 2.743E-01
  5.314990E+00 2.450E-01
  5.612880E+00 2.188E-01
  5.927480E+00 1.954E-01
  6.259700E+00 1.745E-01
  6.610480E+00 1.558E-01
  6.980840E+00 1.391E-01
  7.371810E+00 1.242E-01
  7.784510E+00 1.108E-01
  8.220090E+00 9.895E-02
  8.679770E+00 8.832E-02
  9.164810E+00 7.883E-02
  9.676550E+00 7.036E-02
  1.021640E+01 6.279E-02
  1.078580E+01 5.603E-02
  1.138630E+01 5.000E-02
  1.201950E+01 4.461E-02
  1.268710E+01 3.980E-02
  1.339080E+01 3.550E-02
  1.413250E+01 3.167E-02
  1.491410E+01 2.825E-02
  1.573760E+01 2.519E-02
  1.660510E+01 2.247E-02
  1.751891E+01 2.003E-02
  1.848109E+01 1.786E-02
  1.949429E+01 1.592E-02
  2.056081E+01 1.420E-02
  2.168330E+01 1.265E-02
  2.286459E+01 1.128E-02
  2.410741E+01 1.005E-02
  2.541479E+01 8.958E-03
  2.678970E+01 7.982E-03
  2.823540E+01 7.111E-03
  2.975529E+01 6.335E-03
  3.135280E+01 5.643E-03
  3.303160E+01 5.026E-03
  3.479539E+01 4.476E-03
  3.664810E+01 3.986E-03
  3.859390E+01 3.549E-03
  4.063690E+01 3.160E-03
  4.278160E+01 2.813E-03
  4.503259E+01 2.504E-03
  4.749054E+01 2.249E-03
  5.007870E+01 1.998E-03
  5.280368E+01 1.776E-03
  5.567253E+01 1.578E-03
  5.869267E+01 1.402E-03
  6.187173E+01 1.245E-03
  6.521794E+01 1.106E-03
  6.873978E+01 9.828E-04
  7.244621E+01 8.731E-04
  7.634657E+01 7.756E-04
  8.045079E+01 6.890E-04
  8.476912E+01 6.120E-04
  8.931250E+01 5.436E-04
  9.409230E+01 4.828E-04
  9.912036E+01 4.289E-04
    3    0    0    6
     55     65
  2.969420E+00    0.0100
  2.227065E+00 9.819E-01
  2.374380E+00 8.504E-01
  2.671900E+00 6.679E-01
  2.967980E+00 5.381E-01
  3.132570E+00 4.806E-01
  3.306400E+00 4.292E-01
  3.489990E+00 3.833E-01
  3.683880E+00 3.423E-01
  3.888620E+00 3.057E-01
  4.104840E+00 2.730E-01
  4.333140E+00 2.438E-01
  4.574190E+00 2.177E-01
  4.828690E+00 1.944E-01
  5.097380E+00 1.735E-01
  5.381010E+00 1.549E-01
  5.680410E+00 1.383E-01
  5.996420E+00 1.235E-01
  6.329930E+00 1.102E-01
  6.681890E+00 9.841E-02
  7.053280E+00 8.785E-02
  7.445130E+00 7.841E-02
  7.858540E+00 6.998E-02
  8.294640E+00 6.246E-02
  8.754630E+00 5.574E-02
  9.239770E+00 4.974E-02
  9.751380E+00 4.439E-02
  1.029080E+01 3.960E-02
  1.085960E+01 3.533E-02
  1.145910E+01 3.152E-02
  1.209110E+01 2.812E-02
  1.275710E+01 2.509E-02
  1.345890E+01 2.238E-02
  1.419830E+01 1.996E-02
  1.497730E+01 1.780E-02
  1.579780E+01 1.587E-02
  1.666190E+01 1.415E-02
  1.757190E+01 1.262E-02
  1.852991E+01 1.125E-02
  1.953841E+01 1.003E-02
  2.059990E+01 8.943E-03
  2.171700E+01 7.971E-03
  2.289240E+01 7.105E-03
  2.412900E+01 6.332E-03
  2.542960E+01 5.643E-03
  2.679750E+01 5.028E-03
  2.823579E+01 4.480E-03
  2.974789E+01 3.991E-03
  3.133740E+01 3.556E-03
  3.300780E+01 3.167E-03
  3.476300E+01 2.821E-03
  3.660710E+01 2.513E-03
  3.854401E+01 2.238E-03
  4.057829E+01 1.993E-03
  4.271420E+01 1.774E-03
  4.495660E+01 1.579E-03
  4.740999E+01 1.422E-03
  4.999408E+01 1.264E-03
  5.271579E+01 1.123E-03
  5.558223E+01 9.981E-04
  5.860094E+01 8.869E-04
  6.177983E+01 7.882E-04
  6.512714E+01 7.003E-04
  6.865166E+01 6.223E-04
  7.236258E+01 5.530E-04
  7.626942E+01 4.913E-04
    3    0    0    7
     59     64
  2.270480E+00    0.0100
  1.702860E+00 1.191E+00
  1.972960E+00 8.733E-01
  2.269040E+00 6.537E-01
  2.393860E+00 5.838E-01
  2.525650E+00 5.213E-01
  2.664790E+00 4.655E-01
  2.811710E+00 4.157E-01
  2.966830E+00 3.712E-01
  3.130590E+00 3.315E-01
  3.303480E+00 2.960E-01
  3.486000E+00 2.643E-01
  3.678680E+00 2.360E-01
  3.882070E+00 2.107E-01
  4.096750E+00 1.881E-01
  4.323350E+00 1.680E-01
  4.562520E+00 1.500E-01
  4.814930E+00 1.339E-01
  5.081300E+00 1.195E-01
  5.362380E+00 1.067E-01
  5.658980E+00 9.523E-02
  5.971910E+00 8.501E-02
  6.302070E+00 7.588E-02
  6.650360E+00 6.772E-02
  7.017760E+00 6.044E-02
  7.405270E+00 5.394E-02
  7.813970E+00 4.814E-02
  8.244980E+00 4.296E-02
  8.699470E+00 3.833E-02
  9.178670E+00 3.420E-02
  9.683870E+00 3.052E-02
  1.021640E+01 2.723E-02
  1.077780E+01 2.429E-02
  1.136940E+01 2.167E-02
  1.199290E+01 1.933E-02
  1.264980E+01 1.724E-02
  1.334200E+01 1.538E-02
  1.407110E+01 1.372E-02
  1.483910E+01 1.223E-02
  1.564800E+01 1.091E-02
  1.649969E+01 9.727E-03
  1.739661E+01 8.673E-03
  1.834070E+01 7.733E-03
  1.933459E+01 6.894E-03
  2.038071E+01 6.146E-03
  2.148151E+01 5.478E-03
  2.263969E+01 4.883E-03
  2.385831E+01 4.352E-03
  2.514011E+01 3.879E-03
  2.648820E+01 3.456E-03
  2.790590E+01 3.080E-03
  2.939650E+01 2.744E-03
  3.096350E+01 2.445E-03
  3.261060E+01 2.178E-03
  3.434160E+01 1.940E-03
  3.616060E+01 1.728E-03
  3.807150E+01 1.539E-03
  4.007890E+01 1.371E-03
  4.218730E+01 1.221E-03
  4.440131E+01 1.087E-03
  4.682703E+01 9.807E-04
  4.938287E+01 8.717E-04
  5.207570E+01 7.748E-04
  5.491269E+01 6.887E-04
  5.790144E+01 6.121E-04
    3    0    0    8
     64     64
  1.792140E+00    0.0100
  1.344105E+00 1.468E+00
  1.494610E+00 1.133E+00
  1.790690E+00 7.773E-01
  1.888570E+00 6.941E-01
  1.991880E+00 6.198E-01
  2.100940E+00 5.534E-01
  2.216060E+00 4.941E-01
  2.337570E+00 4.412E-01
  2.465840E+00 3.940E-01
  2.601230E+00 3.518E-01
  2.744130E+00 3.141E-01
  2.894960E+00 2.804E-01
  3.054160E+00 2.504E-01
  3.222170E+00 2.235E-01
  3.399490E+00 1.996E-01
  3.586630E+00 1.782E-01
  3.784110E+00 1.591E-01
  3.992510E+00 1.420E-01
  4.212410E+00 1.268E-01
  4.444430E+00 1.132E-01
  4.689250E+00 1.010E-01
  4.947530E+00 9.017E-02
  5.220020E+00 8.048E-02
  5.507470E+00 7.184E-02
  5.810680E+00 6.412E-02
  6.130510E+00 5.722E-02
  6.467830E+00 5.107E-02
  6.823570E+00 4.558E-02
  7.198720E+00 4.067E-02
  7.594310E+00 3.629E-02
  8.011400E+00 3.239E-02
  8.451140E+00 2.890E-02
  8.914720E+00 2.578E-02
  9.403370E+00 2.300E-02
  9.918430E+00 2.052E-02
  1.046130E+01 1.831E-02
  1.103330E+01 1.633E-02
  1.163600E+01 1.457E-02
  1.227110E+01 1.300E-02
  1.294010E+01 1.159E-02
  1.364480E+01 1.034E-02
  1.438710E+01 9.219E-03
  1.516890E+01 8.221E-03
  1.599210E+01 7.331E-03
  1.685880E+01 6.537E-03
  1.777130E+01 5.828E-03
  1.873180E+01 5.196E-03
  1.974280E+01 4.633E-03
  2.080679E+01 4.130E-03
  2.192641E+01 3.681E-03
  2.310440E+01 3.281E-03
  2.434370E+01 2.925E-03
  2.564720E+01 2.606E-03
  2.701810E+01 2.323E-03
  2.845979E+01 2.070E-03
  2.997569E+01 1.844E-03
  3.156931E+01 1.643E-03
  3.324440E+01 1.464E-03
  3.500500E+01 1.304E-03
  3.685510E+01 1.162E-03
  3.879900E+01 1.035E-03
  4.084129E+01 9.217E-04
  4.298650E+01 8.209E-04
  4.523940E+01 7.310E-04
    3    0    0    9
     64     64
  1.450450E+00    0.0100
  1.087837E+00 1.745E+00
  1.152930E+00 1.468E+00
  1.449010E+00 9.089E-01
  1.527690E+00 8.115E-01
  1.610720E+00 7.246E-01
  1.698350E+00 6.469E-01
  1.790830E+00 5.776E-01
  1.888430E+00 5.157E-01
  1.991440E+00 4.605E-01
  2.100140E+00 4.111E-01
  2.214860E+00 3.671E-01
  2.335930E+00 3.277E-01
  2.463700E+00 2.926E-01
  2.598530E+00 2.612E-01
  2.740820E+00 2.332E-01
  2.890960E+00 2.082E-01
  3.049400E+00 1.859E-01
  3.216590E+00 1.659E-01
  3.392990E+00 1.481E-01
  3.579120E+00 1.322E-01
  3.775500E+00 1.180E-01
  3.982690E+00 1.054E-01
  4.201270E+00 9.406E-02
  4.431870E+00 8.396E-02
  4.675130E+00 7.494E-02
  4.931720E+00 6.689E-02
  5.202380E+00 5.970E-02
  5.487850E+00 5.328E-02
  5.788920E+00 4.755E-02
  6.106430E+00 4.244E-02
  6.441260E+00 3.787E-02
  6.794320E+00 3.380E-02
  7.166590E+00 3.016E-02
  7.559080E+00 2.691E-02
  7.972850E+00 2.401E-02
  8.409030E+00 2.142E-02
  8.868800E+00 1.911E-02
  9.353390E+00 1.705E-02
  9.864090E+00 1.521E-02
  1.040230E+01 1.357E-02
  1.096940E+01 1.211E-02
  1.156690E+01 1.080E-02
  1.219630E+01 9.632E-03
  1.285940E+01 8.590E-03
  1.355790E+01 7.662E-03
  1.429350E+01 6.833E-03
  1.506820E+01 6.093E-03
  1.588390E+01 5.433E-03
  1.674280E+01 4.845E-03
  1.764700E+01 4.320E-03
  1.859880E+01 3.851E-03
  1.960060E+01 3.434E-03
  2.065491E+01 3.061E-03
  2.176430E+01 2.729E-03
  2.293159E+01 2.432E-03
  2.415970E+01 2.168E-03
  2.545151E+01 1.932E-03
  2.681020E+01 1.722E-03
  2.823920E+01 1.534E-03
  2.974170E+01 1.367E-03
  3.132150E+01 1.218E-03
  3.298219E+01 1.086E-03
  3.472780E+01 9.672E-04
  3.656250E+01 8.616E-04
    1    2    0    1
     43     60
  1.599880E+01    0.0100
  1.480870E+01 1.631E-01
  1.510630E+01 1.524E-01
  1.540380E+01 1.426E-01
  1.570130E+01 1.335E-01
  1.599740E+01 1.252E-01
  1.658160E+01 1.106E-01
  1.718510E+01 9.767E-02
  1.780850E+01 8.626E-02
  1.845219E+01 7.617E-02
  1.911681E+01 6.726E-02
  1.980290E+01 5.939E-02
  2.051120E+01 5.243E-02
  2.124200E+01 4.628E-02
  2.199620E+01 4.085E-02
  2.277420E+01 3.606E-02
  2.357671E+01 3.182E-02
  2.440440E+01 2.808E-02
  2.525780E+01 2.478E-02
  2.613780E+01 2.187E-02
  2.704480E+01 1.929E-02
  2.797971E+01 1.702E-02
  2.894310E+01 1.501E-02
  2.993570E+01 1.324E-02
  3.095830E+01 1.168E-02
  3.201170E+01 1.030E-02
  3.309641E+01 9.083E-03
  3.421339E+01 8.010E-03
  3.536340E+01 7.062E-03
  3.654720E+01 6.226E-03
  3.776559E+01 5.489E-03
  3.901939E+01 4.839E-03
  4.030949E+01 4.265E-03
  4.163670E+01 3.759E-03
  4.300180E+01 3.313E-03
  4.440581E+01 2.919E-03
  4.584959E+01 2.572E-03
  4.733400E+01 2.267E-03
  4.886000E+01 1.997E-03
  5.042850E+01 1.759E-03
  5.204050E+01 1.550E-03
  5.369701E+01 1.365E-03
  5.539880E+01 1.202E-03
  5.714709E+01 1.059E-03
  5.898085E+01 9.350E-04
  6.086662E+01 8.223E-04
  6.280582E+01 7.231E-04
  6.479965E+01 6.358E-04
  6.684955E+01 5.591E-04
  6.895691E+01 4.916E-04
  7.112318E+01 4.323E-04
  7.334981E+01 3.800E-04
  7.563829E+01 3.341E-04
  7.799020E+01 2.938E-04
  8.040703E+01 2.583E-04
  8.289047E+01 2.270E-04
  8.544205E+01 1.996E-04
  8.806352E+01 1.754E-04
  9.075650E+01 1.542E-04
  9.352283E+01 1.356E-04
  9.636420E+01 1.191E-04
    1    2    0    2
     51     61
  8.999320E+00    0.0100
  7.809240E+00 3.662E-01
  8.106760E+00 3.308E-01
  8.404280E+00 2.996E-01
  8.701800E+00 2.722E-01
  8.997880E+00 2.480E-01
  9.400210E+00 2.194E-01
  9.817050E+00 1.940E-01
  1.024880E+01 1.716E-01
  1.069600E+01 1.517E-01
  1.115900E+01 1.342E-01
  1.163830E+01 1.186E-01
  1.213430E+01 1.048E-01
  1.264750E+01 9.267E-02
  1.317850E+01 8.191E-02
  1.372770E+01 7.238E-02
  1.429560E+01 6.396E-02
  1.488270E+01 5.651E-02
  1.548970E+01 4.993E-02
  1.611700E+01 4.411E-02
  1.676520E+01 3.896E-02
  1.743480E+01 3.441E-02
  1.812650E+01 3.039E-02
  1.884090E+01 2.684E-02
  1.957860E+01 2.370E-02
  2.034019E+01 2.093E-02
  2.112630E+01 1.848E-02
  2.193761E+01 1.631E-02
  2.277480E+01 1.440E-02
  2.363860E+01 1.271E-02
  2.452960E+01 1.122E-02
  2.544859E+01 9.899E-03
  2.639630E+01 8.736E-03
  2.737350E+01 7.709E-03
  2.838091E+01 6.802E-03
  2.941940E+01 6.001E-03
  3.048959E+01 5.294E-03
  3.159241E+01 4.670E-03
  3.272881E+01 4.120E-03
  3.389940E+01 3.634E-03
  3.510519E+01 3.205E-03
  3.634711E+01 2.826E-03
  3.762590E+01 2.492E-03
  3.894270E+01 2.198E-03
  4.029829E+01 1.938E-03
  4.169370E+01 1.709E-03
  4.312990E+01 1.506E-03
  4.460789E+01 1.328E-03
  4.612880E+01 1.171E-03
  4.769360E+01 1.032E-03
  4.930321E+01 9.095E-04
  5.095900E+01 8.016E-04
  5.269302E+01 7.059E-04
  5.447722E+01 6.209E-04
  5.631285E+01 5.460E-04
  5.820123E+01 4.802E-04
  6.014365E+01 4.223E-04
  6.214140E+01 3.713E-04
  6.419585E+01 3.265E-04
  6.630840E+01 2.871E-04
  6.848042E+01 2.524E-04
  7.071341E+01 2.219E-04
    1    2    0    3
     57     62
  5.759730E+00    0.0100
  4.569650E+00 6.544E-01
  4.867170E+00 5.618E-01
  5.164690E+00 4.859E-01
  5.462210E+00 4.231E-01
  5.758290E+00 3.709E-01
  6.038960E+00 3.289E-01
  6.331210E+00 2.915E-01
  6.635440E+00 2.584E-01
  6.952020E+00 2.290E-01
  7.281340E+00 2.029E-01
  7.623800E+00 1.797E-01
  7.979810E+00 1.592E-01
  8.349770E+00 1.410E-01
  8.734120E+00 1.249E-01
  9.133280E+00 1.105E-01
  9.547690E+00 9.786E-02
  9.977820E+00 8.661E-02
  1.042410E+01 7.665E-02
  1.088700E+01 6.782E-02
  1.136710E+01 6.000E-02
  1.186470E+01 5.308E-02
  1.238040E+01 4.695E-02
  1.291470E+01 4.152E-02
  1.346820E+01 3.671E-02
  1.404130E+01 3.246E-02
  1.463450E+01 2.869E-02
  1.524850E+01 2.536E-02
  1.588380E+01 2.241E-02
  1.654089E+01 1.981E-02
  1.722040E+01 1.750E-02
  1.792300E+01 1.546E-02
  1.864909E+01 1.366E-02
  1.939951E+01 1.206E-02
  2.017470E+01 1.065E-02
  2.097540E+01 9.406E-03
  2.180220E+01 8.305E-03
  2.265581E+01 7.332E-03
  2.353680E+01 6.472E-03
  2.444591E+01 5.713E-03
  2.538380E+01 5.042E-03
  2.635120E+01 4.449E-03
  2.734880E+01 3.926E-03
  2.837730E+01 3.463E-03
  2.943761E+01 3.055E-03
  3.053020E+01 2.695E-03
  3.165601E+01 2.377E-03
  3.281580E+01 2.096E-03
  3.401041E+01 1.849E-03
  3.524040E+01 1.630E-03
  3.650690E+01 1.437E-03
  3.781050E+01 1.267E-03
  3.915221E+01 1.117E-03
  4.053270E+01 9.843E-04
  4.195300E+01 8.675E-04
  4.341389E+01 7.645E-04
  4.491631E+01 6.737E-04
  4.579170E+01 6.268E-04
  4.741013E+01 5.583E-04
  4.907718E+01 4.913E-04
  5.079407E+01 4.322E-04
  5.256216E+01 3.803E-04
  5.438272E+01 3.346E-04
    1    2    0    4
     62     62
  3.999790E+00    0.0100
  2.999843E+00 9.752E-01
  3.107230E+00 8.929E-01
  3.404750E+00 7.239E-01
  3.702270E+00 5.959E-01
  3.998350E+00 4.972E-01
  4.203120E+00 4.415E-01
  4.417050E+00 3.920E-01
  4.640480E+00 3.480E-01
  4.873730E+00 3.089E-01
  5.117150E+00 2.741E-01
  5.371100E+00 2.432E-01
  5.635920E+00 2.158E-01
  5.911990E+00 1.914E-01
  6.199680E+00 1.697E-01
  6.499370E+00 1.505E-01
  6.811450E+00 1.334E-01
  7.136340E+00 1.182E-01
  7.474420E+00 1.048E-01
  7.826140E+00 9.284E-02
  8.191890E+00 8.225E-02
  8.572140E+00 7.286E-02
  8.967310E+00 6.453E-02
  9.377870E+00 5.714E-02
  9.804270E+00 5.059E-02
  1.024700E+01 4.478E-02
  1.070650E+01 3.964E-02
  1.118330E+01 3.508E-02
  1.167790E+01 3.104E-02
  1.219080E+01 2.746E-02
  1.272260E+01 2.429E-02
  1.327370E+01 2.149E-02
  1.384460E+01 1.900E-02
  1.443610E+01 1.680E-02
  1.504850E+01 1.486E-02
  1.568250E+01 1.313E-02
  1.633870E+01 1.161E-02
  1.701759E+01 1.026E-02
  1.771989E+01 9.065E-03
  1.844620E+01 8.010E-03
  1.919701E+01 7.076E-03
  1.997310E+01 6.251E-03
  2.077510E+01 5.521E-03
  2.160361E+01 4.876E-03
  2.245940E+01 4.305E-03
  2.334300E+01 3.801E-03
  2.425520E+01 3.356E-03
  2.519679E+01 2.962E-03
  2.616830E+01 2.614E-03
  2.717059E+01 2.307E-03
  2.820430E+01 2.036E-03
  2.927040E+01 1.796E-03
  3.036940E+01 1.585E-03
  3.150220E+01 1.398E-03
  3.266960E+01 1.233E-03
  3.387241E+01 1.088E-03
  3.511140E+01 9.592E-04
  3.638741E+01 8.458E-04
  3.770140E+01 7.457E-04
  3.905409E+01 6.574E-04
  4.044640E+01 5.796E-04
  4.187920E+01 5.109E-04
  4.335339E+01 4.503E-04
    1    2    0    5
     61     61
  2.938620E+00    0.0100
  2.203964E+00 1.219E+00
  2.343580E+00 1.047E+00
  2.641100E+00 8.007E-01
  2.937180E+00 6.290E-01
  3.091380E+00 5.593E-01
  3.252890E+00 4.972E-01
  3.422010E+00 4.420E-01
  3.599030E+00 3.928E-01
  3.784260E+00 3.490E-01
  3.977990E+00 3.100E-01
  4.180560E+00 2.754E-01
  4.392270E+00 2.446E-01
  4.613470E+00 2.172E-01
  4.844500E+00 1.928E-01
  5.085700E+00 1.711E-01
  5.337440E+00 1.519E-01
  5.600070E+00 1.347E-01
  5.873980E+00 1.195E-01
  6.159550E+00 1.060E-01
  6.457160E+00 9.403E-02
  6.767220E+00 8.338E-02
  7.090140E+00 7.392E-02
  7.426330E+00 6.552E-02
  7.776220E+00 5.807E-02
  8.140250E+00 5.146E-02
  8.518870E+00 4.559E-02
  8.912520E+00 4.038E-02
  9.321680E+00 3.577E-02
  9.746810E+00 3.168E-02
  1.018840E+01 2.805E-02
  1.064690E+01 2.483E-02
  1.112290E+01 2.198E-02
  1.161690E+01 1.945E-02
  1.212930E+01 1.721E-02
  1.266080E+01 1.523E-02
  1.321180E+01 1.347E-02
  1.378290E+01 1.192E-02
  1.437470E+01 1.054E-02
  1.498780E+01 9.319E-03
  1.562270E+01 8.240E-03
  1.628000E+01 7.284E-03
  1.696030E+01 6.439E-03
  1.766431E+01 5.691E-03
  1.839259E+01 5.029E-03
  1.914571E+01 4.443E-03
  1.992450E+01 3.925E-03
  2.072940E+01 3.468E-03
  2.156129E+01 3.063E-03
  2.242070E+01 2.705E-03
  2.330840E+01 2.388E-03
  2.422501E+01 2.109E-03
  2.517140E+01 1.862E-03
  2.614819E+01 1.643E-03
  2.715610E+01 1.450E-03
  2.819600E+01 1.280E-03
  2.926860E+01 1.130E-03
  3.037460E+01 9.967E-04
  3.151500E+01 8.793E-04
  3.269031E+01 7.757E-04
  3.390160E+01 6.842E-04
  3.514960E+01 6.034E-04
    1    2    0    6
     61     61
  2.249890E+00    0.0100
  1.687417E+00 1.460E+00
  1.952370E+00 1.050E+00
  2.248450E+00 7.670E-01
  2.369010E+00 6.825E-01
  2.495490E+00 6.072E-01
  2.628120E+00 5.402E-01
  2.767170E+00 4.804E-01
  2.912890E+00 4.272E-01
  3.065540E+00 3.798E-01
  3.225410E+00 3.377E-01
  3.392760E+00 3.001E-01
  3.567900E+00 2.667E-01
  3.751130E+00 2.370E-01
  3.942730E+00 2.105E-01
  4.143040E+00 1.870E-01
  4.352380E+00 1.660E-01
  4.571070E+00 1.474E-01
  4.799450E+00 1.309E-01
  5.037880E+00 1.162E-01
  5.286710E+00 1.031E-01
  5.546310E+00 9.148E-02
  5.817040E+00 8.116E-02
  6.099310E+00 7.199E-02
  6.393490E+00 6.385E-02
  6.700000E+00 5.662E-02
  7.019240E+00 5.020E-02
  7.351640E+00 4.450E-02
  7.697630E+00 3.944E-02
  8.057640E+00 3.496E-02
  8.432140E+00 3.097E-02
  8.821590E+00 2.744E-02
  9.226450E+00 2.431E-02
  9.647200E+00 2.153E-02
  1.008430E+01 1.907E-02
  1.053840E+01 1.688E-02
  1.100980E+01 1.495E-02
  1.149920E+01 1.323E-02
  1.200710E+01 1.171E-02
  1.253390E+01 1.036E-02
  1.308040E+01 9.168E-03
  1.364700E+01 8.111E-03
  1.423430E+01 7.175E-03
  1.484290E+01 6.346E-03
  1.547350E+01 5.612E-03
  1.612660E+01 4.963E-03
  1.680280E+01 4.388E-03
  1.750290E+01 3.879E-03
  1.822740E+01 3.429E-03
  1.897710E+01 3.030E-03
  1.975259E+01 2.678E-03
  2.055460E+01 2.366E-03
  2.138380E+01 2.090E-03
  2.224091E+01 1.847E-03
  2.312660E+01 1.631E-03
  2.404179E+01 1.441E-03
  2.498720E+01 1.272E-03
  2.596339E+01 1.123E-03
  2.697141E+01 9.917E-04
  2.801190E+01 8.755E-04
  2.908569E+01 7.728E-04
  3.019370E+01 6.821E-04
    1    2    0    7
     61     61
  1.777700E+00    0.0100
  1.333275E+00 1.782E+00
  1.480180E+00 1.362E+00
  1.776260E+00 9.119E-01
  1.871710E+00 8.121E-01
  1.972000E+00 7.232E-01
  2.077350E+00 6.438E-01
  2.187990E+00 5.731E-01
  2.304130E+00 5.101E-01
  2.426010E+00 4.539E-01
  2.553880E+00 4.039E-01
  2.687980E+00 3.593E-01
  2.828580E+00 3.196E-01
  2.975940E+00 2.842E-01
  3.130320E+00 2.527E-01
  3.292020E+00 2.247E-01
  3.461320E+00 1.997E-01
  3.638520E+00 1.775E-01
  3.823920E+00 1.577E-01
  4.017830E+00 1.401E-01
  4.220580E+00 1.244E-01
  4.432510E+00 1.105E-01
  4.653940E+00 9.814E-02
  4.885220E+00 8.713E-02
  5.126720E+00 7.735E-02
  5.378800E+00 6.865E-02
  5.641830E+00 6.092E-02
  5.916190E+00 5.405E-02
  6.202280E+00 4.795E-02
  6.500510E+00 4.253E-02
  6.811270E+00 3.772E-02
  7.135000E+00 3.344E-02
  7.472130E+00 2.965E-02
  7.823080E+00 2.628E-02
  8.188330E+00 2.329E-02
  8.568310E+00 2.064E-02
  8.963520E+00 1.829E-02
  9.374410E+00 1.620E-02
  9.801500E+00 1.435E-02
  1.024530E+01 1.271E-02
  1.070620E+01 1.125E-02
  1.118490E+01 9.961E-03
  1.168190E+01 8.818E-03
  1.219760E+01 7.805E-03
  1.273270E+01 6.907E-03
  1.328770E+01 6.111E-03
  1.386320E+01 5.407E-03
  1.445980E+01 4.783E-03
  1.507810E+01 4.230E-03
  1.571870E+01 3.741E-03
  1.638210E+01 3.308E-03
  1.706920E+01 2.925E-03
  1.778040E+01 2.585E-03
  1.851649E+01 2.285E-03
  1.927811E+01 2.020E-03
  2.006590E+01 1.785E-03
  2.088060E+01 1.577E-03
  2.172301E+01 1.393E-03
  2.259360E+01 1.231E-03
  2.349339E+01 1.087E-03
  2.442290E+01 9.600E-04
  2.538300E+01 8.477E-04
    1    2    0    8
     61     61
  1.439940E+00    0.0100
  1.079955E+00 2.095E+00
  1.142420E+00 1.759E+00
  1.438500E+00 1.064E+00
  1.515670E+00 9.482E-01
  1.596850E+00 8.448E-01
  1.682220E+00 7.527E-01
  1.771990E+00 6.705E-01
  1.866350E+00 5.971E-01
  1.965510E+00 5.318E-01
  2.069680E+00 4.735E-01
  2.179080E+00 4.215E-01
  2.293950E+00 3.752E-01
  2.414510E+00 3.339E-01
  2.541010E+00 2.971E-01
  2.673700E+00 2.643E-01
  2.812840E+00 2.351E-01
  2.958690E+00 2.091E-01
  3.111530E+00 1.860E-01
  3.271650E+00 1.653E-01
  3.439320E+00 1.470E-01
  3.614860E+00 1.306E-01
  3.798560E+00 1.161E-01
  3.990740E+00 1.032E-01
  4.191730E+00 9.164E-02
  4.401850E+00 8.140E-02
  4.621460E+00 7.229E-02
  4.850890E+00 6.419E-02
  5.090500E+00 5.699E-02
  5.340670E+00 5.058E-02
  5.601780E+00 4.489E-02
  5.874190E+00 3.983E-02
  6.158320E+00 3.534E-02
  6.454570E+00 3.135E-02
  6.763340E+00 2.780E-02
  7.085060E+00 2.466E-02
  7.420170E+00 2.186E-02
  7.769100E+00 1.938E-02
  8.132310E+00 1.718E-02
  8.510260E+00 1.522E-02
  8.903420E+00 1.349E-02
  9.312280E+00 1.195E-02
  9.737320E+00 1.059E-02
  1.017910E+01 9.375E-03
  1.063800E+01 8.302E-03
  1.111460E+01 7.351E-03
  1.160960E+01 6.507E-03
  1.212330E+01 5.760E-03
  1.265630E+01 5.098E-03
  1.320930E+01 4.511E-03
  1.378280E+01 3.991E-03
  1.437740E+01 3.531E-03
  1.499370E+01 3.123E-03
  1.563230E+01 2.762E-03
  1.629370E+01 2.442E-03
  1.697881E+01 2.159E-03
  1.768800E+01 1.909E-03
  1.842210E+01 1.687E-03
  1.918170E+01 1.491E-03
  1.996761E+01 1.318E-03
  2.078030E+01 1.165E-03
  2.162061E+01 1.029E-03
    3    2    0    1
     43     60
  1.600690E+01    0.0100
  1.481680E+01 1.642E-01
  1.511440E+01 1.535E-01
  1.541190E+01 1.436E-01
  1.570940E+01 1.346E-01
  1.600549E+01 1.262E-01
  1.659261E+01 1.115E-01
  1.719890E+01 9.844E-02
  1.782510E+01 8.693E-02
  1.847160E+01 7.676E-02
  1.913901E+01 6.778E-02
  1.982790E+01 5.984E-02
  2.053889E+01 5.283E-02
  2.127260E+01 4.664E-02
  2.202960E+01 4.117E-02
  2.281059E+01 3.634E-02
  2.361610E+01 3.207E-02
  2.444690E+01 2.831E-02
  2.530360E+01 2.498E-02
  2.618700E+01 2.204E-02
  2.709770E+01 1.945E-02
  2.803641E+01 1.716E-02
  2.900391E+01 1.514E-02
  3.000101E+01 1.336E-02
  3.102831E+01 1.178E-02
  3.208681E+01 1.039E-02
  3.317709E+01 9.166E-03
  3.430009E+01 8.084E-03
  3.545670E+01 7.130E-03
  3.664771E+01 6.287E-03
  3.787390E+01 5.544E-03
  3.913620E+01 4.888E-03
  4.043559E+01 4.310E-03
  4.177299E+01 3.800E-03
  4.314931E+01 3.350E-03
  4.456540E+01 2.953E-03
  4.602240E+01 2.603E-03
  4.752130E+01 2.294E-03
  4.906300E+01 2.022E-03
  5.064861E+01 1.782E-03
  5.227910E+01 1.570E-03
  5.395570E+01 1.384E-03
  5.567950E+01 1.219E-03
  5.745151E+01 1.074E-03
  5.930750E+01 9.470E-04
  6.121680E+01 8.330E-04
  6.318082E+01 7.326E-04
  6.520088E+01 6.443E-04
  6.727847E+01 5.666E-04
  6.941504E+01 4.983E-04
  7.161209E+01 4.382E-04
  7.387114E+01 3.854E-04
  7.619374E+01 3.389E-04
  7.858151E+01 2.980E-04
  8.103607E+01 2.620E-04
  8.355910E+01 2.304E-04
  8.615228E+01 2.025E-04
  8.881740E+01 1.781E-04
  9.155623E+01 1.566E-04
  9.437061E+01 1.376E-04
  9.726239E+01 1.210E-04
    3    2    0    2
     51     61
  9.003700E+00    0.0100
  7.813610E+00 3.688E-01
  8.111130E+00 3.332E-01
  8.408660E+00 3.019E-01
  8.706180E+00 2.743E-01
  9.002260E+00 2.499E-01
  9.406600E+00 2.210E-01
  9.825430E+00 1.955E-01
  1.025920E+01 1.729E-01
  1.070830E+01 1.528E-01
  1.117320E+01 1.351E-01
  1.165440E+01 1.195E-01
  1.215230E+01 1.056E-01
  1.266750E+01 9.334E-02
  1.320030E+01 8.250E-02
  1.375150E+01 7.290E-02
  1.432130E+01 6.442E-02
  1.491050E+01 5.692E-02
  1.551950E+01 5.029E-02
  1.614900E+01 4.443E-02
  1.679939E+01 3.925E-02
  1.747130E+01 3.467E-02
  1.816550E+01 3.062E-02
  1.888240E+01 2.704E-02
  1.962280E+01 2.388E-02
  2.038730E+01 2.109E-02
  2.117641E+01 1.862E-02
  2.199100E+01 1.644E-02
  2.283180E+01 1.451E-02
  2.369930E+01 1.281E-02
  2.459441E+01 1.131E-02
  2.551781E+01 9.983E-03
  2.647020E+01 8.811E-03
  2.745261E+01 7.776E-03
  2.846550E+01 6.862E-03
  2.950999E+01 6.055E-03
  3.058670E+01 5.343E-03
  3.169659E+01 4.714E-03
  3.284050E+01 4.159E-03
  3.401939E+01 3.669E-03
  3.523421E+01 3.237E-03
  3.648570E+01 2.855E-03
  3.777499E+01 2.519E-03
  3.910310E+01 2.221E-03
  4.047090E+01 1.959E-03
  4.187950E+01 1.728E-03
  4.332990E+01 1.524E-03
  4.482320E+01 1.344E-03
  4.636050E+01 1.185E-03
  4.794299E+01 1.045E-03
  4.957179E+01 9.210E-04
  5.124800E+01 8.120E-04
  5.300032E+01 7.136E-04
  5.480380E+01 6.277E-04
  5.665967E+01 5.521E-04
  5.856929E+01 4.856E-04
  6.053392E+01 4.271E-04
  6.255502E+01 3.756E-04
  6.463393E+01 3.303E-04
  6.677205E+01 2.904E-04
  6.897090E+01 2.554E-04
  7.123196E+01 2.246E-04
    3    2    0    3
     58     62
  5.762190E+00    0.0100
  4.572100E+00 6.593E-01
  4.869620E+00 5.662E-01
  5.167140E+00 4.898E-01
  5.464660E+00 4.266E-01
  5.760750E+00 3.740E-01
  6.041970E+00 3.316E-01
  6.334800E+00 2.940E-01
  6.639630E+00 2.606E-01
  6.956830E+00 2.309E-01
  7.286800E+00 2.046E-01
  7.629950E+00 1.813E-01
  7.986670E+00 1.606E-01
  8.357390E+00 1.422E-01
  8.742540E+00 1.259E-01
  9.142560E+00 1.115E-01
  9.557880E+00 9.870E-02
  9.988980E+00 8.736E-02
  1.043630E+01 7.732E-02
  1.090030E+01 6.842E-02
  1.138160E+01 6.053E-02
  1.188050E+01 5.355E-02
  1.239760E+01 4.737E-02
  1.293340E+01 4.189E-02
  1.348840E+01 3.705E-02
  1.406320E+01 3.276E-02
  1.465830E+01 2.896E-02
  1.527430E+01 2.560E-02
  1.591180E+01 2.262E-02
  1.657120E+01 1.999E-02
  1.725330E+01 1.767E-02
  1.795850E+01 1.561E-02
  1.868761E+01 1.379E-02
  1.944110E+01 1.218E-02
  2.021970E+01 1.076E-02
  2.102400E+01 9.501E-03
  2.185471E+01 8.390E-03
  2.271249E+01 7.407E-03
  2.359801E+01 6.540E-03
  2.451190E+01 5.773E-03
  2.545500E+01 5.095E-03
  2.642790E+01 4.497E-03
  2.743140E+01 3.968E-03
  2.846629E+01 3.501E-03
  2.953329E+01 3.089E-03
  3.063319E+01 2.725E-03
  3.176669E+01 2.404E-03
  3.293469E+01 2.120E-03
  3.413800E+01 1.870E-03
  3.537730E+01 1.649E-03
  3.665370E+01 1.454E-03
  3.796780E+01 1.282E-03
  3.932060E+01 1.130E-03
  4.071300E+01 9.965E-04
  4.214590E+01 8.783E-04
  4.362010E+01 7.741E-04
  4.513660E+01 6.823E-04
  4.579420E+01 6.466E-04
  4.799300E+01 5.452E-04
  4.968462E+01 4.838E-04
  5.142708E+01 4.257E-04
  5.322166E+01 3.746E-04
  5.506975E+01 3.296E-04
    3    2    0    4
     62     62
  4.001280E+00    0.0100
  3.000959E+00 9.835E-01
  3.108720E+00 9.003E-01
  3.406230E+00 7.301E-01
  3.703760E+00 6.011E-01
  3.999840E+00 5.017E-01
  4.204950E+00 4.455E-01
  4.419230E+00 3.956E-01
  4.643020E+00 3.512E-01
  4.876650E+00 3.117E-01
  5.120460E+00 2.766E-01
  5.374800E+00 2.454E-01
  5.640050E+00 2.177E-01
  5.916550E+00 1.931E-01
  6.204700E+00 1.712E-01
  6.504870E+00 1.518E-01
  6.817470E+00 1.346E-01
  7.142890E+00 1.193E-01
  7.481550E+00 1.057E-01
  7.833880E+00 9.370E-02
  8.200300E+00 8.301E-02
  8.581250E+00 7.354E-02
  8.977180E+00 6.513E-02
  9.388560E+00 5.768E-02
  9.815840E+00 5.107E-02
  1.025950E+01 4.521E-02
  1.072010E+01 4.002E-02
  1.119800E+01 3.542E-02
  1.169380E+01 3.134E-02
  1.220800E+01 2.773E-02
  1.274120E+01 2.453E-02
  1.329380E+01 2.170E-02
  1.386650E+01 1.919E-02
  1.445970E+01 1.697E-02
  1.507410E+01 1.501E-02
  1.571030E+01 1.327E-02
  1.636870E+01 1.173E-02
  1.705020E+01 1.037E-02
  1.775510E+01 9.161E-03
  1.848430E+01 8.095E-03
  1.923830E+01 7.152E-03
  2.001770E+01 6.318E-03
  2.082339E+01 5.581E-03
  2.165581E+01 4.929E-03
  2.251570E+01 4.353E-03
  2.340379E+01 3.844E-03
  2.432091E+01 3.394E-03
  2.526759E+01 2.996E-03
  2.624460E+01 2.645E-03
  2.725281E+01 2.334E-03
  2.829289E+01 2.060E-03
  2.936571E+01 1.818E-03
  3.047200E+01 1.604E-03
  3.161250E+01 1.415E-03
  3.278810E+01 1.248E-03
  3.399960E+01 1.101E-03
  3.524789E+01 9.712E-04
  3.653380E+01 8.565E-04
  3.785820E+01 7.553E-04
  3.922200E+01 6.660E-04
  4.062610E+01 5.872E-04
  4.207140E+01 5.176E-04
  4.355881E+01 4.563E-04
    3    2    0    5
     61     61
  2.939580E+00    0.0100
  2.204684E+00 1.230E+00
  2.344540E+00 1.056E+00
  2.642060E+00 8.083E-01
  2.938140E+00 6.350E-01
  3.092620E+00 5.646E-01
  3.254440E+00 5.019E-01
  3.423860E+00 4.462E-01
  3.601190E+00 3.965E-01
  3.786730E+00 3.523E-01
  3.980790E+00 3.130E-01
  4.183680E+00 2.780E-01
  4.395730E+00 2.469E-01
  4.617280E+00 2.192E-01
  4.848660E+00 1.946E-01
  5.090230E+00 1.727E-01
  5.342350E+00 1.533E-01
  5.605390E+00 1.360E-01
  5.879710E+00 1.207E-01
  6.165720E+00 1.070E-01
  6.463800E+00 9.493E-02
  6.774350E+00 8.417E-02
  7.097790E+00 7.463E-02
  7.434540E+00 6.615E-02
  7.785040E+00 5.863E-02
  8.149710E+00 5.196E-02
  8.529020E+00 4.603E-02
  8.923420E+00 4.078E-02
  9.333370E+00 3.612E-02
  9.759370E+00 3.199E-02
  1.020190E+01 2.833E-02
  1.066150E+01 2.508E-02
  1.113850E+01 2.220E-02
  1.163370E+01 1.965E-02
  1.214750E+01 1.739E-02
  1.268030E+01 1.539E-02
  1.323290E+01 1.361E-02
  1.380570E+01 1.204E-02
  1.439930E+01 1.065E-02
  1.501430E+01 9.418E-03
  1.565130E+01 8.328E-03
  1.631090E+01 7.363E-03
  1.699370E+01 6.509E-03
  1.770030E+01 5.753E-03
  1.843150E+01 5.084E-03
  1.918781E+01 4.493E-03
  1.996989E+01 3.970E-03
  2.077850E+01 3.507E-03
  2.161420E+01 3.098E-03
  2.247780E+01 2.736E-03
  2.337000E+01 2.416E-03
  2.429150E+01 2.134E-03
  2.524300E+01 1.884E-03
  2.622530E+01 1.663E-03
  2.723920E+01 1.468E-03
  2.828540E+01 1.296E-03
  2.936481E+01 1.144E-03
  3.047810E+01 1.009E-03
  3.162610E+01 8.904E-04
  3.280969E+01 7.855E-04
  3.402969E+01 6.930E-04
  3.528700E+01 6.112E-04
    3    2    0    6
     61     61
  2.250540E+00    0.0100
  1.687904E+00 1.474E+00
  1.953020E+00 1.061E+00
  2.249100E+00 7.748E-01
  2.370040E+00 6.894E-01
  2.496890E+00 6.133E-01
  2.629900E+00 5.456E-01
  2.769320E+00 4.852E-01
  2.915410E+00 4.314E-01
  3.068440E+00 3.836E-01
  3.228670E+00 3.410E-01
  3.396400E+00 3.030E-01
  3.571910E+00 2.693E-01
  3.755490E+00 2.393E-01
  3.947470E+00 2.125E-01
  4.148140E+00 1.888E-01
  4.357830E+00 1.676E-01
  4.576890E+00 1.488E-01
  4.805630E+00 1.321E-01
  5.044430E+00 1.173E-01
  5.293620E+00 1.041E-01
  5.553590E+00 9.235E-02
  5.824710E+00 8.193E-02
  6.107370E+00 7.268E-02
  6.401960E+00 6.446E-02
  6.708880E+00 5.716E-02
  7.028560E+00 5.068E-02
  7.361420E+00 4.493E-02
  7.707890E+00 3.983E-02
  8.068430E+00 3.530E-02
  8.443490E+00 3.128E-02
  8.833530E+00 2.771E-02
  9.239030E+00 2.455E-02
  9.660490E+00 2.174E-02
  1.009840E+01 1.926E-02
  1.055330E+01 1.705E-02
  1.102560E+01 1.510E-02
  1.151600E+01 1.336E-02
  1.202500E+01 1.183E-02
  1.255300E+01 1.047E-02
  1.310080E+01 9.264E-03
  1.366880E+01 8.196E-03
  1.425770E+01 7.251E-03
  1.486810E+01 6.414E-03
  1.550060E+01 5.673E-03
  1.615570E+01 5.017E-03
  1.683430E+01 4.436E-03
  1.753680E+01 3.922E-03
  1.826410E+01 3.467E-03
  1.901669E+01 3.064E-03
  1.979539E+01 2.708E-03
  2.060091E+01 2.393E-03
  2.143390E+01 2.115E-03
  2.229520E+01 1.868E-03
  2.318539E+01 1.651E-03
  2.410550E+01 1.458E-03
  2.505600E+01 1.288E-03
  2.603799E+01 1.137E-03
  2.705209E+01 1.004E-03
  2.809911E+01 8.866E-04
  2.918010E+01 7.827E-04
  3.029570E+01 6.909E-04
    3    2    0    7
     61     61
  1.778160E+00    0.0100
  1.333620E+00 1.801E+00
  1.480640E+00 1.376E+00
  1.776720E+00 9.217E-01
  1.872460E+00 8.208E-01
  1.973040E+00 7.309E-01
  2.078680E+00 6.507E-01
  2.189610E+00 5.792E-01
  2.306040E+00 5.155E-01
  2.428220E+00 4.587E-01
  2.556380E+00 4.081E-01
  2.690780E+00 3.630E-01
  2.831660E+00 3.229E-01
  2.979310E+00 2.871E-01
  3.133980E+00 2.553E-01
  3.295960E+00 2.269E-01
  3.465540E+00 2.017E-01
  3.643020E+00 1.793E-01
  3.828700E+00 1.593E-01
  4.022890E+00 1.415E-01
  4.225920E+00 1.257E-01
  4.438120E+00 1.116E-01
  4.659830E+00 9.913E-02
  4.891400E+00 8.801E-02
  5.133180E+00 7.812E-02
  5.385550E+00 6.934E-02
  5.648880E+00 6.153E-02
  5.923550E+00 5.459E-02
  6.209970E+00 4.843E-02
  6.508530E+00 4.296E-02
  6.819650E+00 3.810E-02
  7.143760E+00 3.378E-02
  7.481290E+00 2.995E-02
  7.832690E+00 2.655E-02
  8.198410E+00 2.353E-02
  8.578920E+00 2.085E-02
  8.974690E+00 1.848E-02
  9.386210E+00 1.637E-02
  9.813980E+00 1.450E-02
  1.025850E+01 1.284E-02
  1.072030E+01 1.137E-02
  1.119990E+01 1.007E-02
  1.169790E+01 8.913E-03
  1.221470E+01 7.889E-03
  1.275100E+01 6.982E-03
  1.330740E+01 6.179E-03
  1.388440E+01 5.467E-03
  1.448260E+01 4.836E-03
  1.510270E+01 4.278E-03
  1.574520E+01 3.784E-03
  1.641090E+01 3.346E-03
  1.710030E+01 2.959E-03
  1.781410E+01 2.616E-03
  1.855299E+01 2.312E-03
  1.931770E+01 2.044E-03
  2.010880E+01 1.806E-03
  2.092720E+01 1.596E-03
  2.177350E+01 1.410E-03
  2.264841E+01 1.246E-03
  2.355280E+01 1.101E-03
  2.448740E+01 9.722E-04
  2.545290E+01 8.586E-04
    3    2    0    8
     61     61
  1.440280E+00    0.0100
  1.080210E+00 2.118E+00
  1.142760E+00 1.778E+00
  1.438840E+00 1.076E+00
  1.516230E+00 9.588E-01
  1.597630E+00 8.543E-01
  1.683230E+00 7.610E-01
  1.773230E+00 6.779E-01
  1.867810E+00 6.037E-01
  1.967200E+00 5.376E-01
  2.071590E+00 4.786E-01
  2.181220E+00 4.261E-01
  2.296310E+00 3.792E-01
  2.417090E+00 3.375E-01
  2.543810E+00 3.003E-01
  2.676710E+00 2.672E-01
  2.816060E+00 2.376E-01
  2.962120E+00 2.113E-01
  3.115170E+00 1.879E-01
  3.275480E+00 1.671E-01
  3.443350E+00 1.485E-01
  3.619070E+00 1.320E-01
  3.802960E+00 1.173E-01
  3.995330E+00 1.042E-01
  4.196500E+00 9.260E-02
  4.406800E+00 8.225E-02
  4.626590E+00 7.305E-02
  4.856200E+00 6.486E-02
  5.096000E+00 5.758E-02
  5.346360E+00 5.111E-02
  5.607660E+00 4.536E-02
  5.880290E+00 4.025E-02
  6.164640E+00 3.571E-02
  6.461110E+00 3.168E-02
  6.770140E+00 2.810E-02
  7.092140E+00 2.492E-02
  7.427560E+00 2.209E-02
  7.776830E+00 1.959E-02
  8.140420E+00 1.736E-02
  8.518790E+00 1.539E-02
  8.912420E+00 1.364E-02
  9.321810E+00 1.208E-02
  9.747440E+00 1.070E-02
  1.018980E+01 9.479E-03
  1.064950E+01 8.395E-03
  1.112700E+01 7.433E-03
  1.162280E+01 6.581E-03
  1.213760E+01 5.826E-03
  1.267180E+01 5.156E-03
  1.322610E+01 4.563E-03
  1.380100E+01 4.038E-03
  1.439710E+01 3.572E-03
  1.501510E+01 3.160E-03
  1.565560E+01 2.795E-03
  1.631920E+01 2.472E-03
  1.700661E+01 2.186E-03
  1.771831E+01 1.933E-03
  1.845520E+01 1.708E-03
  1.921790E+01 1.510E-03
  2.000700E+01 1.335E-03
  2.082330E+01 1.179E-03
  2.166760E+01 1.042E-03
    1    1    1    1
     25     60
  3.580040E+01    0.0100
  3.461031E+01 1.022E-01
  3.490781E+01 9.955E-02
  3.520540E+01 9.698E-02
  3.550290E+01 9.449E-02
  3.579900E+01 9.209E-02
  3.721181E+01 8.157E-02
  3.868111E+01 7.224E-02
  4.020869E+01 6.395E-02
  4.179581E+01 5.660E-02
  4.344389E+01 5.008E-02
  4.515450E+01 4.430E-02
  4.692880E+01 3.917E-02
  4.876820E+01 3.462E-02
  5.067390E+01 3.060E-02
  5.264700E+01 2.703E-02
  5.468871E+01 2.387E-02
  5.680000E+01 2.107E-02
  5.898190E+01 1.860E-02
  6.123540E+01 1.641E-02
  6.356120E+01 1.447E-02
  6.596030E+01 1.276E-02
  6.843330E+01 1.125E-02
  7.098090E+01 9.911E-03
  7.360381E+01 8.731E-03
  7.630251E+01 7.689E-03
  7.914200E+01 6.804E-03
  8.207245E+01 5.992E-03
  8.509642E+01 5.277E-03
  8.821646E+01 4.646E-03
  9.143520E+01 4.091E-03
  9.475540E+01 3.602E-03
  9.817978E+01 3.172E-03
  1.017112E+02 2.792E-03
  1.053526E+02 2.458E-03
  1.091069E+02 2.164E-03
  1.129772E+02 1.905E-03
  1.169667E+02 1.677E-03
  1.210785E+02 1.476E-03
  1.253158E+02 1.299E-03
  1.296821E+02 1.143E-03
  1.341809E+02 1.006E-03
  1.388155E+02 8.854E-04
  1.435896E+02 7.792E-04
  1.485067E+02 6.856E-04
  1.535709E+02 6.033E-04
  1.587858E+02 5.308E-04
  1.641554E+02 4.670E-04
  1.696838E+02 4.109E-04
  1.753749E+02 3.615E-04
  1.812331E+02 3.180E-04
  1.872627E+02 2.798E-04
  1.934681E+02 2.461E-04
  1.998539E+02 2.165E-04
  2.064245E+02 1.904E-04
  2.131849E+02 1.675E-04
  2.201395E+02 1.473E-04
  2.272936E+02 1.296E-04
  2.346521E+02 1.139E-04
  2.422202E+02 1.002E-04
  2.500030E+02 8.812E-05
    1    1    1    2
     34     61
  1.595110E+01    0.0100
  1.476100E+01 2.185E-01
  1.505850E+01 2.082E-01
  1.535600E+01 1.985E-01
  1.565350E+01 1.894E-01
  1.594960E+01 1.809E-01
  1.674001E+01 1.605E-01
  1.756419E+01 1.424E-01
  1.842320E+01 1.263E-01
  1.931830E+01 1.120E-01
  2.025060E+01 9.927E-02
  2.122130E+01 8.800E-02
  2.223180E+01 7.800E-02
  2.328320E+01 6.912E-02
  2.437691E+01 6.125E-02
  2.551421E+01 5.426E-02
  2.669650E+01 4.806E-02
  2.792509E+01 4.257E-02
  2.920151E+01 3.769E-02
  3.052721E+01 3.337E-02
  3.190350E+01 2.954E-02
  3.333211E+01 2.615E-02
  3.481441E+01 2.314E-02
  3.635210E+01 2.048E-02
  3.794670E+01 1.812E-02
  3.959979E+01 1.603E-02
  4.131320E+01 1.418E-02
  4.308859E+01 1.254E-02
  4.492760E+01 1.109E-02
  4.683200E+01 9.803E-03
  4.880370E+01 8.667E-03
  5.084450E+01 7.661E-03
  5.295630E+01 6.771E-03
  5.514090E+01 5.984E-03
  5.740041E+01 5.287E-03
  5.979466E+01 4.677E-03
  6.227393E+01 4.124E-03
  6.484085E+01 3.637E-03
  6.749805E+01 3.207E-03
  7.024828E+01 2.827E-03
  7.309431E+01 2.493E-03
  7.603906E+01 2.198E-03
  7.908545E+01 1.937E-03
  8.223656E+01 1.708E-03
  8.549544E+01 1.505E-03
  8.886525E+01 1.327E-03
  9.234940E+01 1.169E-03
  9.595110E+01 1.030E-03
  9.967387E+01 9.080E-04
  1.035211E+02 8.001E-04
  1.074966E+02 7.050E-04
  1.116040E+02 6.212E-04
  1.158471E+02 5.473E-04
  1.202298E+02 4.821E-04
  1.247561E+02 4.247E-04
  1.294301E+02 3.741E-04
  1.342560E+02 3.296E-04
  1.392381E+02 2.903E-04
  1.443809E+02 2.557E-04
  1.496887E+02 2.252E-04
  1.551664E+02 1.983E-04
  1.608186E+02 1.746E-04
    1    1    1    3
     42     62
  8.980780E+00    0.0100
  7.790700E+00 3.790E-01
  8.088220E+00 3.487E-01
  8.385740E+00 3.217E-01
  8.683260E+00 2.975E-01
  8.979340E+00 2.758E-01
  9.454890E+00 2.452E-01
  9.952950E+00 2.180E-01
  1.047440E+01 1.938E-01
  1.102020E+01 1.722E-01
  1.159130E+01 1.530E-01
  1.218850E+01 1.359E-01
  1.281300E+01 1.208E-01
  1.346560E+01 1.072E-01
  1.414750E+01 9.523E-02
  1.485970E+01 8.454E-02
  1.560340E+01 7.505E-02
  1.637959E+01 6.661E-02
  1.718941E+01 5.911E-02
  1.803419E+01 5.244E-02
  1.891499E+01 4.652E-02
  1.983321E+01 4.127E-02
  2.078999E+01 3.660E-02
  2.178670E+01 3.245E-02
  2.282460E+01 2.877E-02
  2.390520E+01 2.550E-02
  2.502980E+01 2.260E-02
  2.619980E+01 2.003E-02
  2.741679E+01 1.775E-02
  2.868221E+01 1.572E-02
  2.999750E+01 1.393E-02
  3.136440E+01 1.234E-02
  3.278439E+01 1.092E-02
  3.425929E+01 9.672E-03
  3.579050E+01 8.562E-03
  3.738000E+01 7.579E-03
  3.902930E+01 6.708E-03
  4.074040E+01 5.936E-03
  4.251511E+01 5.253E-03
  4.435510E+01 4.647E-03
  4.626250E+01 4.111E-03
  4.823920E+01 3.636E-03
  5.028709E+01 3.216E-03
  5.247298E+01 2.858E-03
  5.474188E+01 2.523E-03
  5.709659E+01 2.227E-03
  5.953992E+01 1.966E-03
  6.207478E+01 1.735E-03
  6.470422E+01 1.532E-03
  6.743135E+01 1.352E-03
  7.025935E+01 1.193E-03
  7.319157E+01 1.053E-03
  7.623134E+01 9.289E-04
  7.938214E+01 8.196E-04
  8.264754E+01 7.231E-04
  8.603128E+01 6.380E-04
  8.953716E+01 5.628E-04
  9.316902E+01 4.965E-04
  9.693091E+01 4.379E-04
  1.008269E+02 3.863E-04
  1.048613E+02 3.407E-04
  1.090384E+02 3.005E-04
  1.133627E+02 2.650E-04
    1    1    1    4
     50     64
  5.750620E+00    0.0100
  4.560530E+00 6.258E-01
  4.858060E+00 5.466E-01
  5.155580E+00 4.808E-01
  5.453100E+00 4.257E-01
  5.749180E+00 3.793E-01
  6.056170E+00 3.379E-01
  6.378970E+00 3.010E-01
  6.718310E+00 2.681E-01
  7.074900E+00 2.387E-01
  7.449510E+00 2.125E-01
  7.842900E+00 1.892E-01
  8.255890E+00 1.683E-01
  8.689280E+00 1.498E-01
  9.143930E+00 1.333E-01
  9.620710E+00 1.185E-01
  1.012050E+01 1.054E-01
  1.064420E+01 9.373E-02
  1.119290E+01 8.333E-02
  1.176730E+01 7.406E-02
  1.236860E+01 6.582E-02
  1.299770E+01 5.848E-02
  1.365570E+01 5.195E-02
  1.434370E+01 4.614E-02
  1.506260E+01 4.097E-02
  1.581370E+01 3.637E-02
  1.659810E+01 3.229E-02
  1.741679E+01 2.866E-02
  1.827119E+01 2.543E-02
  1.916240E+01 2.256E-02
  2.009160E+01 2.001E-02
  2.106010E+01 1.774E-02
  2.206911E+01 1.573E-02
  2.312000E+01 1.395E-02
  2.421410E+01 1.236E-02
  2.535280E+01 1.095E-02
  2.653729E+01 9.706E-03
  2.776920E+01 8.599E-03
  2.904990E+01 7.616E-03
  3.038071E+01 6.744E-03
  3.176320E+01 5.972E-03
  3.319890E+01 5.286E-03
  3.468930E+01 4.679E-03
  3.623590E+01 4.141E-03
  3.784039E+01 3.664E-03
  3.950430E+01 3.241E-03
  4.122929E+01 2.867E-03
  4.301700E+01 2.536E-03
  4.486909E+01 2.242E-03
  4.578259E+01 2.113E-03
  4.673151E+01 1.982E-03
  4.880458E+01 1.787E-03
  5.095961E+01 1.579E-03
  5.319949E+01 1.395E-03
  5.552718E+01 1.232E-03
  5.794577E+01 1.088E-03
  6.045847E+01 9.612E-04
  6.306857E+01 8.489E-04
  6.577937E+01 7.497E-04
  6.859445E+01 6.621E-04
  7.151732E+01 5.846E-04
  7.455180E+01 5.162E-04
  7.770161E+01 4.558E-04
  8.097076E+01 4.024E-04
  8.436320E+01 3.553E-04
    1    1    1    5
     55     64
  3.994670E+00    0.0100
  2.996002E+00 9.152E-01
  3.102110E+00 8.438E-01
  3.399630E+00 6.947E-01
  3.697150E+00 5.806E-01
  3.993230E+00 4.919E-01
  4.207950E+00 4.386E-01
  4.434050E+00 3.909E-01
  4.672070E+00 3.485E-01
  4.922570E+00 3.105E-01
  5.186140E+00 2.767E-01
  5.463390E+00 2.465E-01
  5.754950E+00 2.196E-01
  6.061460E+00 1.956E-01
  6.383600E+00 1.742E-01
  6.722070E+00 1.551E-01
  7.077580E+00 1.381E-01
  7.450860E+00 1.229E-01
  7.842700E+00 1.094E-01
  8.253870E+00 9.734E-02
  8.685190E+00 8.661E-02
  9.137480E+00 7.704E-02
  9.611620E+00 6.852E-02
  1.010850E+01 6.093E-02
  1.062900E+01 5.417E-02
  1.117410E+01 4.815E-02
  1.174460E+01 4.280E-02
  1.234180E+01 3.803E-02
  1.296640E+01 3.379E-02
  1.361960E+01 3.001E-02
  1.430240E+01 2.666E-02
  1.501600E+01 2.367E-02
  1.576140E+01 2.102E-02
  1.653970E+01 1.866E-02
  1.735220E+01 1.656E-02
  1.820010E+01 1.469E-02
  1.908450E+01 1.304E-02
  2.000670E+01 1.156E-02
  2.096800E+01 1.026E-02
  2.196970E+01 9.095E-03
  2.301320E+01 8.064E-03
  2.409979E+01 7.149E-03
  2.523080E+01 6.336E-03
  2.640781E+01 5.615E-03
  2.763220E+01 4.975E-03
  2.890530E+01 4.408E-03
  3.022890E+01 3.904E-03
  3.160429E+01 3.458E-03
  3.303329E+01 3.062E-03
  3.451720E+01 2.711E-03
  3.605791E+01 2.399E-03
  3.765691E+01 2.124E-03
  3.931599E+01 1.879E-03
  4.103680E+01 1.663E-03
  4.282111E+01 1.471E-03
  4.402670E+01 1.357E-03
  4.601892E+01 1.230E-03
  4.809297E+01 1.088E-03
  5.025189E+01 9.616E-04
  5.249884E+01 8.500E-04
  5.483708E+01 7.514E-04
  5.726999E+01 6.641E-04
  5.980110E+01 5.870E-04
  6.243394E+01 5.187E-04
  6.517233E+01 4.584E-04
    1    1    1    6
     60     64
  2.935450E+00    0.0100
  2.201587E+00 1.147E+00
  2.340410E+00 9.936E-01
  2.637930E+00 7.704E-01
  2.934010E+00 6.135E-01
  3.091900E+00 5.472E-01
  3.258280E+00 4.880E-01
  3.433580E+00 4.352E-01
  3.618240E+00 3.881E-01
  3.812720E+00 3.460E-01
  4.017490E+00 3.085E-01
  4.233060E+00 2.749E-01
  4.459930E+00 2.450E-01
  4.698660E+00 2.184E-01
  4.949780E+00 1.946E-01
  5.213890E+00 1.733E-01
  5.491580E+00 1.544E-01
  5.783480E+00 1.375E-01
  6.090210E+00 1.225E-01
  6.412450E+00 1.090E-01
  6.750890E+00 9.708E-02
  7.106230E+00 8.642E-02
  7.479220E+00 7.691E-02
  7.870590E+00 6.844E-02
  8.281150E+00 6.090E-02
  8.711700E+00 5.417E-02
  9.163060E+00 4.818E-02
  9.636110E+00 4.285E-02
  1.013170E+01 3.810E-02
  1.065080E+01 3.387E-02
  1.119420E+01 3.011E-02
  1.176310E+01 2.676E-02
  1.235830E+01 2.378E-02
  1.298080E+01 2.113E-02
  1.363180E+01 1.877E-02
  1.431230E+01 1.667E-02
  1.502330E+01 1.480E-02
  1.576610E+01 1.314E-02
  1.654179E+01 1.167E-02
  1.735150E+01 1.036E-02
  1.819650E+01 9.191E-03
  1.907809E+01 8.155E-03
  1.999750E+01 7.235E-03
  2.095590E+01 6.418E-03
  2.195490E+01 5.692E-03
  2.299570E+01 5.048E-03
  2.407970E+01 4.475E-03
  2.520840E+01 3.967E-03
  2.638330E+01 3.516E-03
  2.760580E+01 3.116E-03
  2.887750E+01 2.761E-03
  3.019991E+01 2.446E-03
  3.157460E+01 2.167E-03
  3.300340E+01 1.919E-03
  3.448779E+01 1.700E-03
  3.602960E+01 1.505E-03
  3.763049E+01 1.332E-03
  3.929221E+01 1.179E-03
  4.101660E+01 1.044E-03
  4.280560E+01 9.236E-04
  4.296741E+01 9.137E-04
  4.493471E+01 8.323E-04
  4.698480E+01 7.362E-04
  4.912097E+01 6.511E-04
  5.134642E+01 5.758E-04
    1    1    1    7
     62     62
  2.247780E+00    0.0100
  1.685835E+00 1.383E+00
  1.950260E+00 1.007E+00
  2.246340E+00 7.442E-01
  2.367620E+00 6.639E-01
  2.495460E+00 5.922E-01
  2.630180E+00 5.282E-01
  2.772140E+00 4.711E-01
  2.921690E+00 4.201E-01
  3.079230E+00 3.746E-01
  3.245130E+00 3.340E-01
  3.419830E+00 2.978E-01
  3.603730E+00 2.655E-01
  3.797310E+00 2.366E-01
  4.001000E+00 2.109E-01
  4.215310E+00 1.879E-01
  4.440740E+00 1.675E-01
  4.677800E+00 1.492E-01
  4.927040E+00 1.329E-01
  5.189030E+00 1.184E-01
  5.464340E+00 1.054E-01
  5.753590E+00 9.389E-02
  6.057410E+00 8.359E-02
  6.376440E+00 7.442E-02
  6.711360E+00 6.624E-02
  7.062860E+00 5.896E-02
  7.431680E+00 5.247E-02
  7.818560E+00 4.668E-02
  8.224260E+00 4.153E-02
  8.649600E+00 3.695E-02
  9.095400E+00 3.286E-02
  9.562500E+00 2.922E-02
  1.005180E+01 2.598E-02
  1.056420E+01 2.310E-02
  1.110060E+01 2.053E-02
  1.166200E+01 1.825E-02
  1.224940E+01 1.622E-02
  1.286380E+01 1.441E-02
  1.350630E+01 1.280E-02
  1.417800E+01 1.137E-02
  1.487990E+01 1.010E-02
  1.561320E+01 8.969E-03
  1.637920E+01 7.964E-03
  1.717900E+01 7.070E-03
  1.801379E+01 6.276E-03
  1.888510E+01 5.570E-03
  1.979401E+01 4.942E-03
  2.074190E+01 4.385E-03
  2.173030E+01 3.890E-03
  2.276050E+01 3.451E-03
  2.383411E+01 3.061E-03
  2.495250E+01 2.714E-03
  2.611729E+01 2.406E-03
  2.733000E+01 2.133E-03
  2.859230E+01 1.891E-03
  2.990581E+01 1.676E-03
  3.127220E+01 1.485E-03
  3.269341E+01 1.316E-03
  3.417101E+01 1.166E-03
  3.570689E+01 1.033E-03
  3.730299E+01 9.147E-04
  3.896111E+01 8.101E-04
  4.068330E+01 7.173E-04
    1    1    1    8
     62     62
  1.776220E+00    0.0100
  1.332165E+00 1.698E+00
  1.478700E+00 1.305E+00
  1.774780E+00 8.836E-01
  1.869980E+00 7.885E-01
  1.970350E+00 7.035E-01
  2.076180E+00 6.277E-01
  2.187740E+00 5.600E-01
  2.305330E+00 4.996E-01
  2.429270E+00 4.456E-01
  2.559870E+00 3.975E-01
  2.697480E+00 3.545E-01
  2.842440E+00 3.161E-01
  2.995120E+00 2.819E-01
  3.155920E+00 2.513E-01
  3.325220E+00 2.241E-01
  3.503460E+00 1.997E-01
  3.691050E+00 1.780E-01
  3.888460E+00 1.587E-01
  4.096150E+00 1.414E-01
  4.314620E+00 1.260E-01
  4.544370E+00 1.123E-01
  4.785940E+00 1.000E-01
  5.039870E+00 8.909E-02
  5.306730E+00 7.934E-02
  5.587120E+00 7.066E-02
  5.881640E+00 6.292E-02
  6.190940E+00 5.601E-02
  6.515680E+00 4.986E-02
  6.856530E+00 4.438E-02
  7.214210E+00 3.950E-02
  7.589440E+00 3.515E-02
  7.982990E+00 3.127E-02
  8.395630E+00 2.782E-02
  8.828170E+00 2.474E-02
  9.281460E+00 2.201E-02
  9.756350E+00 1.957E-02
  1.025370E+01 1.740E-02
  1.077450E+01 1.547E-02
  1.131970E+01 1.375E-02
  1.189020E+01 1.222E-02
  1.248700E+01 1.086E-02
  1.311120E+01 9.648E-03
  1.376390E+01 8.571E-03
  1.444610E+01 7.613E-03
  1.515910E+01 6.761E-03
  1.590380E+01 6.004E-03
  1.668170E+01 5.331E-03
  1.749380E+01 4.732E-03
  1.834151E+01 4.200E-03
  1.922600E+01 3.728E-03
  2.014870E+01 3.308E-03
  2.111099E+01 2.935E-03
  2.211430E+01 2.604E-03
  2.316010E+01 2.310E-03
  2.424969E+01 2.048E-03
  2.538480E+01 1.816E-03
  2.656689E+01 1.610E-03
  2.779770E+01 1.428E-03
  2.907860E+01 1.266E-03
  3.041161E+01 1.122E-03
  3.179820E+01 9.939E-04
  3.324030E+01 8.807E-04
    1    1    1    9
     63     63
  1.438870E+00    0.0100
  1.079152E+00 2.007E+00
  1.141350E+00 1.690E+00
  1.437430E+00 1.032E+00
  1.514050E+00 9.210E-01
  1.594850E+00 8.219E-01
  1.680060E+00 7.334E-01
  1.769920E+00 6.545E-01
  1.864660E+00 5.840E-01
  1.964540E+00 5.210E-01
  2.069840E+00 4.648E-01
  2.180820E+00 4.147E-01
  2.297790E+00 3.699E-01
  2.421050E+00 3.299E-01
  2.550910E+00 2.943E-01
  2.687730E+00 2.624E-01
  2.831840E+00 2.340E-01
  2.983610E+00 2.087E-01
  3.143410E+00 1.860E-01
  3.311660E+00 1.658E-01
  3.488760E+00 1.478E-01
  3.675130E+00 1.318E-01
  3.871240E+00 1.174E-01
  4.077540E+00 1.046E-01
  4.294520E+00 9.324E-02
  4.522690E+00 8.307E-02
  4.762570E+00 7.400E-02
  5.014700E+00 6.592E-02
  5.279660E+00 5.871E-02
  5.558020E+00 5.228E-02
  5.850390E+00 4.655E-02
  6.157420E+00 4.144E-02
  6.479750E+00 3.689E-02
  6.818060E+00 3.284E-02
  7.173050E+00 2.922E-02
  7.545450E+00 2.600E-02
  7.936010E+00 2.314E-02
  8.345520E+00 2.058E-02
  8.774760E+00 1.831E-02
  9.224590E+00 1.628E-02
  9.695840E+00 1.448E-02
  1.018940E+01 1.287E-02
  1.070620E+01 1.144E-02
  1.124720E+01 1.017E-02
  1.181340E+01 9.041E-03
  1.240570E+01 8.034E-03
  1.302520E+01 7.138E-03
  1.367290E+01 6.342E-03
  1.435010E+01 5.633E-03
  1.505770E+01 5.003E-03
  1.579700E+01 4.443E-03
  1.656911E+01 3.945E-03
  1.737531E+01 3.502E-03
  1.821690E+01 3.109E-03
  1.909509E+01 2.759E-03
  2.001131E+01 2.448E-03
  2.096690E+01 2.173E-03
  2.196330E+01 1.927E-03
  2.300191E+01 1.710E-03
  2.408430E+01 1.516E-03
  2.521190E+01 1.345E-03
  2.638640E+01 1.192E-03
  2.760930E+01 1.057E-03
  2.888229E+01 9.371E-04
    3    1    1    1
     24     61
  3.652870E+01    0.0100
  3.533859E+01 1.080E-01
  3.563609E+01 1.053E-01
  3.593370E+01 1.027E-01
  3.623120E+01 1.002E-01
  3.652730E+01 9.779E-02
  3.803560E+01 8.656E-02
  3.959979E+01 7.661E-02
  4.122180E+01 6.780E-02
  4.290340E+01 6.001E-02
  4.464690E+01 5.310E-02
  4.645410E+01 4.699E-02
  4.832739E+01 4.159E-02
  5.026900E+01 3.680E-02
  5.228120E+01 3.256E-02
  5.436630E+01 2.881E-02
  5.652690E+01 2.549E-02
  5.876540E+01 2.255E-02
  6.108459E+01 1.995E-02
  6.348720E+01 1.765E-02
  6.597591E+01 1.561E-02
  6.855360E+01 1.381E-02
  7.122340E+01 1.222E-02
  7.398820E+01 1.081E-02
  7.685139E+01 9.558E-03
  7.987395E+01 8.432E-03
  8.300484E+01 7.439E-03
  8.624750E+01 6.562E-03
  8.960564E+01 5.789E-03
  9.308302E+01 5.106E-03
  9.668352E+01 4.504E-03
  1.004110E+02 3.973E-03
  1.042697E+02 3.504E-03
  1.082637E+02 3.090E-03
  1.123974E+02 2.725E-03
  1.166754E+02 2.404E-03
  1.211022E+02 2.120E-03
  1.256826E+02 1.869E-03
  1.304212E+02 1.648E-03
  1.353234E+02 1.453E-03
  1.403941E+02 1.281E-03
  1.456388E+02 1.130E-03
  1.510630E+02 9.960E-04
  1.566720E+02 8.781E-04
  1.624718E+02 7.741E-04
  1.684684E+02 6.824E-04
  1.746679E+02 6.016E-04
  1.810766E+02 5.303E-04
  1.877010E+02 4.674E-04
  1.945476E+02 4.120E-04
  2.016234E+02 3.631E-04
  2.089354E+02 3.200E-04
  2.164909E+02 2.821E-04
  2.242974E+02 2.486E-04
  2.323623E+02 2.191E-04
  2.406938E+02 1.930E-04
  2.492997E+02 1.701E-04
  2.581885E+02 1.499E-04
  2.673687E+02 1.321E-04
  2.768491E+02 1.164E-04
  2.866392E+02 1.025E-04
  2.967473E+02 9.035E-05
    3    1    1    2
     33     61
  1.615010E+01    0.0100
  1.496000E+01 2.213E-01
  1.525760E+01 2.112E-01
  1.555510E+01 2.017E-01
  1.585260E+01 1.928E-01
  1.614870E+01 1.845E-01
  1.697099E+01 1.637E-01
  1.782790E+01 1.452E-01
  1.872079E+01 1.288E-01
  1.965080E+01 1.142E-01
  2.061929E+01 1.013E-01
  2.162770E+01 8.978E-02
  2.267731E+01 7.960E-02
  2.376970E+01 7.056E-02
  2.490630E+01 6.254E-02
  2.608859E+01 5.543E-02
  2.731821E+01 4.912E-02
  2.859680E+01 4.353E-02
  2.992610E+01 3.857E-02
  3.130769E+01 3.417E-02
  3.274350E+01 3.027E-02
  3.423540E+01 2.681E-02
  3.578510E+01 2.375E-02
  3.739461E+01 2.103E-02
  3.906610E+01 1.862E-02
  4.080150E+01 1.649E-02
  4.260291E+01 1.460E-02
  4.447260E+01 1.293E-02
  4.641290E+01 1.144E-02
  4.842590E+01 1.013E-02
  5.051430E+01 8.967E-03
  5.268030E+01 7.936E-03
  5.492661E+01 7.023E-03
  5.725571E+01 6.215E-03
  5.972047E+01 5.482E-03
  6.227657E+01 4.838E-03
  6.492686E+01 4.269E-03
  6.767448E+01 3.767E-03
  7.052243E+01 3.323E-03
  7.347397E+01 2.932E-03
  7.653232E+01 2.586E-03
  7.970087E+01 2.281E-03
  8.298303E+01 2.012E-03
  8.638240E+01 1.775E-03
  8.990260E+01 1.565E-03
  9.354739E+01 1.380E-03
  9.732066E+01 1.217E-03
  1.012263E+02 1.073E-03
  1.052685E+02 9.465E-04
  1.094512E+02 8.345E-04
  1.137790E+02 7.357E-04
  1.182560E+02 6.486E-04
  1.228868E+02 5.718E-04
  1.276762E+02 5.040E-04
  1.326288E+02 4.443E-04
  1.377495E+02 3.916E-04
  1.430434E+02 3.451E-04
  1.485157E+02 3.042E-04
  1.541714E+02 2.680E-04
  1.600163E+02 2.362E-04
  1.660556E+02 2.081E-04
  1.722953E+02 1.834E-04
    3    1    1    3
     41     62
  9.062420E+00    0.0100
  7.872340E+00 3.773E-01
  8.169860E+00 3.480E-01
  8.467380E+00 3.218E-01
  8.764900E+00 2.982E-01
  9.060980E+00 2.771E-01
  9.551840E+00 2.464E-01
  1.006590E+01 2.190E-01
  1.060400E+01 1.947E-01
  1.116720E+01 1.730E-01
  1.175650E+01 1.538E-01
  1.237290E+01 1.366E-01
  1.301730E+01 1.214E-01
  1.369100E+01 1.078E-01
  1.439500E+01 9.576E-02
  1.513040E+01 8.504E-02
  1.589860E+01 7.551E-02
  1.670061E+01 6.703E-02
  1.753780E+01 5.950E-02
  1.841141E+01 5.281E-02
  1.932280E+01 4.687E-02
  2.027341E+01 4.159E-02
  2.126460E+01 3.690E-02
  2.229781E+01 3.273E-02
  2.337469E+01 2.904E-02
  2.449660E+01 2.575E-02
  2.566530E+01 2.284E-02
  2.688229E+01 2.025E-02
  2.814940E+01 1.795E-02
  2.946831E+01 1.591E-02
  3.084070E+01 1.411E-02
  3.226860E+01 1.250E-02
  3.375369E+01 1.108E-02
  3.529810E+01 9.817E-03
  3.690379E+01 8.698E-03
  3.857280E+01 7.706E-03
  4.030721E+01 6.826E-03
  4.210921E+01 6.045E-03
  4.398100E+01 5.354E-03
  4.592480E+01 4.741E-03
  4.794321E+01 4.198E-03
  5.003830E+01 3.717E-03
  5.226920E+01 3.292E-03
  5.458745E+01 2.908E-03
  5.699609E+01 2.569E-03
  5.949823E+01 2.268E-03
  6.209714E+01 2.003E-03
  6.479602E+01 1.769E-03
  6.759834E+01 1.562E-03
  7.050761E+01 1.379E-03
  7.352744E+01 1.218E-03
  7.666151E+01 1.075E-03
  7.991373E+01 9.489E-04
  8.328802E+01 8.376E-04
  8.678848E+01 7.393E-04
  9.041925E+01 6.525E-04
  9.418465E+01 5.759E-04
  9.808917E+01 5.082E-04
  1.021374E+02 4.485E-04
  1.063340E+02 3.958E-04
  1.106837E+02 3.492E-04
  1.151917E+02 3.081E-04
  1.198631E+02 2.719E-04
    3    1    1    4
     49     64
  5.791870E+00    0.0100
  4.601790E+00 6.163E-01
  4.899310E+00 5.401E-01
  5.196830E+00 4.766E-01
  5.494350E+00 4.232E-01
  5.790430E+00 3.780E-01
  6.104550E+00 3.368E-01
  6.434990E+00 3.001E-01
  6.782480E+00 2.673E-01
  7.147790E+00 2.381E-01
  7.531710E+00 2.120E-01
  7.935060E+00 1.887E-01
  8.358670E+00 1.680E-01
  8.803410E+00 1.495E-01
  9.270170E+00 1.331E-01
  9.759880E+00 1.184E-01
  1.027350E+01 1.053E-01
  1.081190E+01 9.368E-02
  1.137630E+01 8.330E-02
  1.196750E+01 7.406E-02
  1.258670E+01 6.584E-02
  1.323490E+01 5.851E-02
  1.391330E+01 5.200E-02
  1.462290E+01 4.620E-02
  1.536510E+01 4.104E-02
  1.614090E+01 3.645E-02
  1.695151E+01 3.236E-02
  1.779840E+01 2.873E-02
  1.868269E+01 2.551E-02
  1.960570E+01 2.264E-02
  2.056889E+01 2.009E-02
  2.157350E+01 1.782E-02
  2.262109E+01 1.581E-02
  2.371300E+01 1.402E-02
  2.485069E+01 1.243E-02
  2.603571E+01 1.102E-02
  2.726961E+01 9.771E-03
  2.855389E+01 8.660E-03
  2.989030E+01 7.674E-03
  3.128030E+01 6.799E-03
  3.272569E+01 6.023E-03
  3.422810E+01 5.335E-03
  3.578920E+01 4.724E-03
  3.741090E+01 4.183E-03
  3.909480E+01 3.703E-03
  4.084300E+01 3.278E-03
  4.265720E+01 2.901E-03
  4.453931E+01 2.567E-03
  4.582390E+01 2.367E-03
  4.671590E+01 2.233E-03
  4.883357E+01 2.008E-03
  5.103717E+01 1.775E-03
  5.332977E+01 1.569E-03
  5.571461E+01 1.386E-03
  5.819507E+01 1.225E-03
  6.077460E+01 1.083E-03
  6.345673E+01 9.565E-04
  6.624509E+01 8.451E-04
  6.914349E+01 7.466E-04
  7.215587E+01 6.596E-04
  7.528625E+01 5.826E-04
  7.853882E+01 5.146E-04
  8.191785E+01 4.546E-04
  8.542783E+01 4.015E-04
  8.907324E+01 3.546E-04
    3    1    1    5
     55     64
  4.018370E+00    0.0100
  3.013777E+00 8.997E-01
  3.125810E+00 8.276E-01
  3.423330E+00 6.841E-01
  3.720850E+00 5.739E-01
  4.016930E+00 4.878E-01
  4.235950E+00 4.350E-01
  4.466650E+00 3.878E-01
  4.709610E+00 3.457E-01
  4.965400E+00 3.082E-01
  5.234630E+00 2.747E-01
  5.517940E+00 2.448E-01
  5.815990E+00 2.181E-01
  6.129450E+00 1.943E-01
  6.459010E+00 1.731E-01
  6.805430E+00 1.541E-01
  7.169430E+00 1.372E-01
  7.551800E+00 1.222E-01
  7.953350E+00 1.088E-01
  8.374910E+00 9.682E-02
  8.817330E+00 8.616E-02
  9.281500E+00 7.666E-02
  9.768320E+00 6.820E-02
  1.027880E+01 6.066E-02
  1.081370E+01 5.395E-02
  1.137430E+01 4.797E-02
  1.196140E+01 4.265E-02
  1.257620E+01 3.791E-02
  1.321980E+01 3.370E-02
  1.389310E+01 2.994E-02
  1.459750E+01 2.660E-02
  1.533410E+01 2.363E-02
  1.610400E+01 2.099E-02
  1.690860E+01 1.864E-02
  1.774899E+01 1.655E-02
  1.862669E+01 1.469E-02
  1.954289E+01 1.304E-02
  2.049899E+01 1.157E-02
  2.149651E+01 1.027E-02
  2.253670E+01 9.110E-03
  2.362120E+01 8.081E-03
  2.475140E+01 7.166E-03
  2.592889E+01 6.355E-03
  2.715530E+01 5.634E-03
  2.843221E+01 4.995E-03
  2.976120E+01 4.427E-03
  3.114410E+01 3.923E-03
  3.258260E+01 3.476E-03
  3.407829E+01 3.080E-03
  3.563330E+01 2.728E-03
  3.724921E+01 2.416E-03
  3.892799E+01 2.139E-03
  4.067149E+01 1.894E-03
  4.248180E+01 1.677E-03
  4.405040E+01 1.514E-03
  4.494240E+01 1.425E-03
  4.700995E+01 1.292E-03
  4.916411E+01 1.142E-03
  5.140816E+01 1.010E-03
  5.374556E+01 8.933E-04
  5.617979E+01 7.899E-04
  5.871461E+01 6.984E-04
  6.135373E+01 6.175E-04
  6.410112E+01 5.459E-04
  6.696085E+01 4.826E-04
    3    1    1    6
     60     64
  2.950300E+00    0.0100
  2.212725E+00 1.125E+00
  2.355260E+00 9.736E-01
  2.652780E+00 7.584E-01
  2.948860E+00 6.063E-01
  3.109500E+00 5.409E-01
  3.278840E+00 4.825E-01
  3.457310E+00 4.303E-01
  3.645380E+00 3.838E-01
  3.843510E+00 3.422E-01
  4.052220E+00 3.052E-01
  4.272000E+00 2.721E-01
  4.503400E+00 2.425E-01
  4.746980E+00 2.162E-01
  5.003310E+00 1.926E-01
  5.273000E+00 1.717E-01
  5.556670E+00 1.529E-01
  5.854960E+00 1.363E-01
  6.168560E+00 1.214E-01
  6.498160E+00 1.081E-01
  6.844470E+00 9.625E-02
  7.208250E+00 8.570E-02
  7.590270E+00 7.629E-02
  7.991320E+00 6.791E-02
  8.412240E+00 6.044E-02
  8.853870E+00 5.378E-02
  9.317100E+00 4.785E-02
  9.802830E+00 4.256E-02
  1.031200E+01 3.786E-02
  1.084560E+01 3.367E-02
  1.140460E+01 2.994E-02
  1.199010E+01 2.662E-02
  1.260300E+01 2.366E-02
  1.324460E+01 2.103E-02
  1.391580E+01 1.868E-02
  1.461800E+01 1.660E-02
  1.535220E+01 1.475E-02
  1.611971E+01 1.310E-02
  1.692171E+01 1.163E-02
  1.775960E+01 1.033E-02
  1.863460E+01 9.171E-03
  1.954810E+01 8.141E-03
  2.050160E+01 7.225E-03
  2.149640E+01 6.412E-03
  2.253400E+01 5.689E-03
  2.361600E+01 5.047E-03
  2.474390E+01 4.477E-03
  2.591920E+01 3.970E-03
  2.714360E+01 3.521E-03
  2.841870E+01 3.121E-03
  2.974631E+01 2.767E-03
  3.112810E+01 2.453E-03
  3.256590E+01 2.174E-03
  3.406149E+01 1.926E-03
  3.561681E+01 1.706E-03
  3.723370E+01 1.512E-03
  3.891420E+01 1.339E-03
  4.066010E+01 1.186E-03
  4.247369E+01 1.050E-03
  4.298230E+01 1.016E-03
  4.387440E+01 9.550E-04
  4.591510E+01 8.702E-04
  4.804338E+01 7.699E-04
  5.026263E+01 6.812E-04
  5.257642E+01 6.026E-04
    3    1    1    7
     62     62
  2.257700E+00    0.0100
  1.693274E+00 1.353E+00
  1.960180E+00 9.876E-01
  2.256260E+00 7.335E-01
  2.378810E+00 6.545E-01
  2.508060E+00 5.840E-01
  2.644340E+00 5.211E-01
  2.788010E+00 4.649E-01
  2.939460E+00 4.147E-01
  3.099090E+00 3.699E-01
  3.267290E+00 3.299E-01
  3.444510E+00 2.942E-01
  3.631190E+00 2.623E-01
  3.827790E+00 2.339E-01
  4.034810E+00 2.085E-01
  4.252740E+00 1.859E-01
  4.482130E+00 1.657E-01
  4.723500E+00 1.477E-01
  4.977440E+00 1.316E-01
  5.244540E+00 1.172E-01
  5.525400E+00 1.044E-01
  5.820670E+00 9.303E-02
  6.131010E+00 8.286E-02
  6.457100E+00 7.379E-02
  6.799660E+00 6.570E-02
  7.159430E+00 5.850E-02
  7.537160E+00 5.207E-02
  7.933640E+00 4.635E-02
  8.349700E+00 4.125E-02
  8.786180E+00 3.670E-02
  9.243960E+00 3.265E-02
  9.723930E+00 2.905E-02
  1.022700E+01 2.584E-02
  1.075420E+01 2.298E-02
  1.130650E+01 2.043E-02
  1.188490E+01 1.816E-02
  1.249050E+01 1.615E-02
  1.312430E+01 1.435E-02
  1.378750E+01 1.275E-02
  1.448130E+01 1.133E-02
  1.520680E+01 1.007E-02
  1.596530E+01 8.943E-03
  1.675800E+01 7.943E-03
  1.758620E+01 7.054E-03
  1.845129E+01 6.263E-03
  1.935460E+01 5.560E-03
  2.029761E+01 4.936E-03
  2.128169E+01 4.381E-03
  2.230830E+01 3.887E-03
  2.337920E+01 3.449E-03
  2.449561E+01 3.060E-03
  2.565950E+01 2.714E-03
  2.687219E+01 2.407E-03
  2.813570E+01 2.135E-03
  2.945151E+01 1.893E-03
  3.082150E+01 1.678E-03
  3.224760E+01 1.487E-03
  3.373151E+01 1.318E-03
  3.527521E+01 1.168E-03
  3.688071E+01 1.035E-03
  3.855000E+01 9.170E-04
  4.028520E+01 8.123E-04
  4.208830E+01 7.195E-04
    3    1    1    8
     63     63
  1.783180E+00    0.0100
  1.337385E+00 1.658E+00
  1.485660E+00 1.277E+00
  1.781740E+00 8.691E-01
  1.878570E+00 7.756E-01
  1.980700E+00 6.921E-01
  2.088390E+00 6.176E-01
  2.201950E+00 5.510E-01
  2.321660E+00 4.916E-01
  2.447860E+00 4.385E-01
  2.580870E+00 3.912E-01
  2.721040E+00 3.489E-01
  2.868730E+00 3.112E-01
  3.024330E+00 2.775E-01
  3.188220E+00 2.475E-01
  3.360810E+00 2.207E-01
  3.542550E+00 1.967E-01
  3.733880E+00 1.754E-01
  3.935260E+00 1.563E-01
  4.147180E+00 1.393E-01
  4.370150E+00 1.242E-01
  4.604710E+00 1.106E-01
  4.851390E+00 9.859E-02
  5.110760E+00 8.783E-02
  5.383440E+00 7.824E-02
  5.670020E+00 6.969E-02
  5.971150E+00 6.207E-02
  6.287500E+00 5.527E-02
  6.619770E+00 4.921E-02
  6.968650E+00 4.381E-02
  7.334910E+00 3.900E-02
  7.719310E+00 3.471E-02
  8.122660E+00 3.089E-02
  8.545770E+00 2.749E-02
  8.989510E+00 2.446E-02
  9.454760E+00 2.176E-02
  9.942450E+00 1.935E-02
  1.045350E+01 1.721E-02
  1.098890E+01 1.531E-02
  1.154980E+01 1.361E-02
  1.213700E+01 1.210E-02
  1.275180E+01 1.076E-02
  1.339520E+01 9.562E-03
  1.406840E+01 8.497E-03
  1.477260E+01 7.551E-03
  1.550900E+01 6.709E-03
  1.627890E+01 5.960E-03
  1.708360E+01 5.294E-03
  1.792439E+01 4.702E-03
  1.880280E+01 4.175E-03
  1.972020E+01 3.707E-03
  2.067799E+01 3.291E-03
  2.167780E+01 2.921E-03
  2.272110E+01 2.593E-03
  2.380949E+01 2.301E-03
  2.494470E+01 2.042E-03
  2.612849E+01 1.812E-03
  2.736250E+01 1.607E-03
  2.864850E+01 1.425E-03
  2.998840E+01 1.264E-03
  3.138420E+01 1.121E-03
  3.283771E+01 9.940E-04
  3.435091E+01 8.813E-04
  3.592599E+01 7.812E-04
    3    1    1    9
     63     63
  1.443930E+00    0.0100
  1.082947E+00 1.960E+00
  1.146410E+00 1.650E+00
  1.442490E+00 1.013E+00
  1.520320E+00 9.041E-01
  1.602420E+00 8.069E-01
  1.689020E+00 7.202E-01
  1.780350E+00 6.427E-01
  1.876680E+00 5.735E-01
  1.978240E+00 5.117E-01
  2.085340E+00 4.566E-01
  2.198240E+00 4.073E-01
  2.317250E+00 3.634E-01
  2.442690E+00 3.242E-01
  2.574880E+00 2.892E-01
  2.714180E+00 2.579E-01
  2.860930E+00 2.300E-01
  3.015510E+00 2.051E-01
  3.178320E+00 1.829E-01
  3.349760E+00 1.631E-01
  3.530270E+00 1.454E-01
  3.720280E+00 1.296E-01
  3.920260E+00 1.155E-01
  4.130690E+00 1.030E-01
  4.352090E+00 9.175E-02
  4.584960E+00 8.176E-02
  4.829860E+00 7.285E-02
  5.087360E+00 6.490E-02
  5.358040E+00 5.781E-02
  5.642520E+00 5.149E-02
  5.941430E+00 4.586E-02
  6.255450E+00 4.084E-02
  6.585240E+00 3.636E-02
  6.931540E+00 3.237E-02
  7.295070E+00 2.882E-02
  7.676610E+00 2.565E-02
  8.076950E+00 2.283E-02
  8.496910E+00 2.031E-02
  8.937350E+00 1.807E-02
  9.399150E+00 1.608E-02
  9.883230E+00 1.430E-02
  1.039050E+01 1.272E-02
  1.092200E+01 1.131E-02
  1.147880E+01 1.006E-02
  1.206170E+01 8.943E-03
  1.267210E+01 7.950E-03
  1.331080E+01 7.066E-03
  1.397920E+01 6.280E-03
  1.467840E+01 5.581E-03
  1.540960E+01 4.958E-03
  1.617419E+01 4.405E-03
  1.697330E+01 3.913E-03
  1.780840E+01 3.475E-03
  1.868080E+01 3.086E-03
  1.959200E+01 2.740E-03
  2.054340E+01 2.433E-03
  2.153661E+01 2.160E-03
  2.257320E+01 1.917E-03
  2.365469E+01 1.701E-03
  2.478270E+01 1.510E-03
  2.595911E+01 1.340E-03
  2.718550E+01 1.188E-03
  2.846381E+01 1.054E-03
  2.979570E+01 9.350E-04
    0    0    0    0
