   14    3    P
    2    0    0    1
      8     78
  3.836240E+01    0.0000
  3.649144E+01 1.026E-01
  3.741524E+01 9.790E-02
  3.836240E+01 9.345E-02
  3.933356E+01 8.920E-02
  4.032928E+01 8.506E-02
  4.135022E+01 8.089E-02
  4.239700E+01 7.695E-02
  4.347029E+01 7.320E-02
  4.457076E+01 7.005E-02
  5.350060E+01 4.608E-02
  6.853050E+01 2.778E-02
  8.356040E+01 1.818E-02
  9.859030E+01 1.260E-02
  1.136200E+02 9.127E-03
  1.286500E+02 6.839E-03
  1.436800E+02 5.267E-03
  1.587100E+02 4.147E-03
  1.737400E+02 3.327E-03
  1.737430E+02 6.056E-02
  1.738670E+02 6.045E-02
  1.739920E+02 6.034E-02
  1.741160E+02 6.024E-02
  1.742400E+02 6.013E-02
  1.743640E+02 6.002E-02
  1.744880E+02 5.991E-02
  1.746120E+02 5.980E-02
  1.747360E+02 5.969E-02
  1.748600E+02 5.959E-02
  1.748620E+02 7.879E-02
  1.803730E+02 7.279E-02
  1.860590E+02 6.723E-02
  1.919230E+02 6.207E-02
  1.979720E+02 5.729E-02
  2.042120E+02 5.285E-02
  2.106490E+02 4.875E-02
  2.172890E+02 4.494E-02
  2.241370E+02 4.142E-02
  2.312020E+02 3.816E-02
  2.384900E+02 3.515E-02
  2.460070E+02 3.236E-02
  2.537610E+02 2.978E-02
  2.617590E+02 2.740E-02
  2.700100E+02 2.521E-02
  2.785200E+02 2.318E-02
  2.872990E+02 2.131E-02
  2.963540E+02 1.958E-02
  3.056950E+02 1.799E-02
  3.153310E+02 1.652E-02
  3.252700E+02 1.517E-02
  3.355220E+02 1.392E-02
  3.460980E+02 1.277E-02
  3.570070E+02 1.172E-02
  3.682590E+02 1.075E-02
  3.798670E+02 9.852E-03
  3.918400E+02 9.031E-03
  4.041900E+02 8.275E-03
  4.169300E+02 7.580E-03
  4.300720E+02 6.942E-03
  4.436270E+02 6.356E-03
  4.576100E+02 5.818E-03
  4.720340E+02 5.324E-03
  4.869120E+02 4.870E-03
  5.022600E+02 4.455E-03
  5.180910E+02 4.073E-03
  5.344210E+02 3.723E-03
  5.512650E+02 3.403E-03
  5.686410E+02 3.109E-03
  5.865640E+02 2.840E-03
  6.050520E+02 2.593E-03
  6.241230E+02 2.367E-03
  6.437950E+02 2.161E-03
  6.640870E+02 1.972E-03
  6.850190E+02 1.799E-03
  7.066110E+02 1.641E-03
  7.288830E+02 1.497E-03
  7.518570E+02 1.365E-03
  7.755550E+02 1.244E-03
  8.000000E+02 1.133E-03
    2    0    0    2
     78    103
  1.666190E+01    0.0000
  1.507630E+01 1.899E-01
  1.545796E+01 1.811E-01
  1.584928E+01 1.726E-01
  1.625050E+01 1.646E-01
  1.666190E+01 1.569E-01
  1.708369E+01 1.496E-01
  1.751617E+01 1.426E-01
  1.795959E+01 1.359E-01
  1.841425E+01 1.293E-01
  1.888042E+01 1.231E-01
  1.935837E+01 1.174E-01
  1.984843E+01 1.119E-01
  2.035089E+01 1.063E-01
  2.086607E+01 1.012E-01
  2.139432E+01 9.651E-02
  2.193591E+01 9.175E-02
  2.249121E+01 8.718E-02
  2.306059E+01 8.286E-02
  2.364436E+01 7.879E-02
  2.424292E+01 7.493E-02
  2.485664E+01 7.130E-02
  2.548589E+01 6.781E-02
  2.613106E+01 6.445E-02
  2.679257E+01 6.125E-02
  2.747083E+01 5.820E-02
  2.816626E+01 5.531E-02
  2.887930E+01 5.255E-02
  2.961037E+01 4.993E-02
  3.035997E+01 4.741E-02
  3.112852E+01 4.500E-02
  3.191656E+01 4.274E-02
  3.272453E+01 4.058E-02
  3.355295E+01 3.852E-02
  3.440234E+01 3.654E-02
  3.527324E+01 3.466E-02
  3.616618E+01 3.289E-02
  3.708174E+01 3.119E-02
  3.802048E+01 2.958E-02
  3.898297E+01 2.806E-02
  3.996982E+01 2.661E-02
  4.098167E+01 2.524E-02
  4.201912E+01 2.392E-02
  4.308284E+01 2.266E-02
  4.417349E+01 2.146E-02
  4.529173E+01 2.036E-02
  4.643831E+01 1.929E-02
  4.761391E+01 1.825E-02
  4.881926E+01 1.728E-02
  5.005511E+01 1.636E-02
  5.132227E+01 1.550E-02
  5.262151E+01 1.470E-02
  5.395361E+01 1.391E-02
  5.531947E+01 1.314E-02
  5.671988E+01 1.243E-02
  5.815576E+01 1.177E-02
  5.962798E+01 1.117E-02
  6.113747E+01 1.056E-02
  6.268517E+01 9.974E-03
  6.427206E+01 9.421E-03
  6.589911E+01 8.933E-03
  6.756734E+01 8.461E-03
  6.927783E+01 7.998E-03
  7.103159E+01 7.529E-03
  7.282977E+01 7.104E-03
  7.467345E+01 6.731E-03
  7.656383E+01 6.362E-03
  7.850204E+01 6.011E-03
  8.048935E+01 5.679E-03
  8.252693E+01 5.362E-03
  8.461613E+01 5.064E-03
  8.675819E+01 4.782E-03
  8.895448E+01 4.513E-03
  9.120638E+01 4.260E-03
  9.351527E+01 4.021E-03
  9.588261E+01 3.795E-03
  9.830991E+01 3.579E-03
  1.007986E+02 3.376E-03
  1.033504E+02 3.188E-03
  1.087867E+02 2.821E-03
  1.144834E+02 2.501E-03
  1.204518E+02 2.216E-03
  1.267040E+02 1.965E-03
  1.332521E+02 1.741E-03
  1.401090E+02 1.543E-03
  1.472879E+02 1.367E-03
  1.548028E+02 1.212E-03
  1.626681E+02 1.073E-03
  1.708985E+02 9.510E-04
  1.795099E+02 8.425E-04
  1.885180E+02 7.463E-04
  1.979399E+02 6.611E-04
  2.077929E+02 5.856E-04
  2.180949E+02 5.186E-04
  2.288649E+02 4.593E-04
  2.401226E+02 4.068E-04
  2.518878E+02 3.602E-04
  2.641819E+02 3.189E-04
  2.770266E+02 2.824E-04
  2.904446E+02 2.500E-04
  3.044592E+02 2.213E-04
  3.190955E+02 1.959E-04
  3.343777E+02 1.735E-04
  3.503330E+02 1.535E-04
    2    0    0    3
    102    118
  9.273770E+00    0.0000
  7.784929E+00 3.239E-01
  7.982006E+00 3.085E-01
  8.184072E+00 2.939E-01
  8.391253E+00 2.799E-01
  8.603679E+00 2.667E-01
  8.821483E+00 2.540E-01
  9.044800E+00 2.420E-01
  9.273770E+00 2.305E-01
  9.508537E+00 2.196E-01
  9.749247E+00 2.090E-01
  9.996051E+00 1.987E-01
  1.024910E+01 1.892E-01
  1.050856E+01 1.803E-01
  1.077458E+01 1.715E-01
  1.104734E+01 1.632E-01
  1.132701E+01 1.554E-01
  1.161375E+01 1.478E-01
  1.190776E+01 1.406E-01
  1.220920E+01 1.339E-01
  1.251828E+01 1.274E-01
  1.283518E+01 1.210E-01
  1.316011E+01 1.150E-01
  1.349326E+01 1.095E-01
  1.383484E+01 1.042E-01
  1.418507E+01 9.910E-02
  1.454417E+01 9.431E-02
  1.491236E+01 8.945E-02
  1.528987E+01 8.492E-02
  1.567693E+01 8.091E-02
  1.607379E+01 7.691E-02
  1.648071E+01 7.303E-02
  1.689790E+01 6.939E-02
  1.732568E+01 6.594E-02
  1.776430E+01 6.264E-02
  1.821400E+01 5.951E-02
  1.867506E+01 5.652E-02
  1.914784E+01 5.367E-02
  1.963257E+01 5.096E-02
  2.012956E+01 4.838E-02
  2.063914E+01 4.594E-02
  2.116165E+01 4.362E-02
  2.169734E+01 4.141E-02
  2.224661E+01 3.930E-02
  2.280980E+01 3.731E-02
  2.338724E+01 3.543E-02
  2.397926E+01 3.360E-02
  2.458632E+01 3.186E-02
  2.520872E+01 3.023E-02
  2.584689E+01 2.868E-02
  2.650121E+01 2.721E-02
  2.717209E+01 2.580E-02
  2.785995E+01 2.447E-02
  2.856523E+01 2.321E-02
  2.928836E+01 2.201E-02
  3.002980E+01 2.087E-02
  3.078999E+01 1.979E-02
  3.156946E+01 1.877E-02
  3.236864E+01 1.778E-02
  3.318805E+01 1.683E-02
  3.402821E+01 1.594E-02
  3.488963E+01 1.511E-02
  3.577287E+01 1.432E-02
  3.667847E+01 1.357E-02
  3.760699E+01 1.285E-02
  3.855901E+01 1.217E-02
  3.953516E+01 1.154E-02
  4.053600E+01 1.094E-02
  4.156216E+01 1.034E-02
  4.261430E+01 9.798E-03
  4.369310E+01 9.291E-03
  4.479919E+01 8.781E-03
  4.593327E+01 8.303E-03
  4.709608E+01 7.852E-03
  4.828833E+01 7.430E-03
  4.951076E+01 7.036E-03
  5.076413E+01 6.665E-03
  5.204924E+01 6.308E-03
  5.336687E+01 5.967E-03
  5.471786E+01 5.643E-03
  5.610304E+01 5.338E-03
  5.752330E+01 5.048E-03
  5.897951E+01 4.774E-03
  6.047258E+01 4.514E-03
  6.200345E+01 4.271E-03
  6.357307E+01 4.040E-03
  6.518243E+01 3.819E-03
  6.683253E+01 3.610E-03
  6.852441E+01 3.412E-03
  7.025912E+01 3.224E-03
  7.203773E+01 3.045E-03
  7.386137E+01 2.877E-03
  7.573119E+01 2.721E-03
  7.764832E+01 2.568E-03
  7.961401E+01 2.424E-03
  8.162946E+01 2.292E-03
  8.369591E+01 2.166E-03
  8.581467E+01 2.045E-03
  8.798708E+01 1.928E-03
  9.021449E+01 1.822E-03
  9.249828E+01 1.719E-03
  9.483989E+01 1.622E-03
  9.724078E+01 1.536E-03
  1.023945E+02 1.360E-03
  1.078051E+02 1.207E-03
  1.134845E+02 1.071E-03
  1.194456E+02 9.499E-04
  1.257012E+02 8.427E-04
  1.322654E+02 7.476E-04
  1.391523E+02 6.632E-04
  1.463768E+02 5.882E-04
  1.539547E+02 5.218E-04
  1.619020E+02 4.628E-04
  1.702360E+02 4.104E-04
  1.789743E+02 3.640E-04
  1.881353E+02 3.228E-04
  1.977385E+02 2.862E-04
  2.078038E+02 2.538E-04
  2.183524E+02 2.250E-04
    2    0    0    4
    107    124
  5.898800E+00    0.0000
  4.369930E+00 5.682E-01
  4.480556E+00 5.407E-01
  4.593983E+00 5.144E-01
  4.710281E+00 4.895E-01
  4.829523E+00 4.657E-01
  4.951784E+00 4.431E-01
  5.077139E+00 4.216E-01
  5.205668E+00 4.012E-01
  5.337451E+00 3.817E-01
  5.472570E+00 3.632E-01
  5.611110E+00 3.455E-01
  5.753157E+00 3.288E-01
  5.898800E+00 3.128E-01
  6.048130E+00 2.976E-01
  6.201237E+00 2.832E-01
  6.358224E+00 2.696E-01
  6.519182E+00 2.565E-01
  6.684216E+00 2.440E-01
  6.853428E+00 2.320E-01
  7.026923E+00 2.207E-01
  7.204811E+00 2.102E-01
  7.387202E+00 1.999E-01
  7.574210E+00 1.900E-01
  7.765951E+00 1.807E-01
  7.962547E+00 1.717E-01
  8.164121E+00 1.630E-01
  8.370795E+00 1.549E-01
  8.582704E+00 1.473E-01
  8.799975E+00 1.402E-01
  9.022748E+00 1.334E-01
  9.251161E+00 1.269E-01
  9.485354E+00 1.206E-01
  9.725477E+00 1.146E-01
  9.971678E+00 1.089E-01
  1.022411E+01 1.035E-01
  1.048294E+01 9.833E-02
  1.074831E+01 9.345E-02
  1.102041E+01 8.884E-02
  1.129939E+01 8.442E-02
  1.158544E+01 7.997E-02
  1.187873E+01 7.604E-02
  1.217944E+01 7.245E-02
  1.248776E+01 6.863E-02
  1.280389E+01 6.508E-02
  1.312802E+01 6.178E-02
  1.346036E+01 5.866E-02
  1.380111E+01 5.570E-02
  1.415049E+01 5.291E-02
  1.450871E+01 5.023E-02
  1.487599E+01 4.768E-02
  1.525259E+01 4.528E-02
  1.563871E+01 4.296E-02
  1.603461E+01 4.075E-02
  1.644052E+01 3.868E-02
  1.685670E+01 3.671E-02
  1.728345E+01 3.483E-02
  1.772096E+01 3.307E-02
  1.816959E+01 3.138E-02
  1.862955E+01 2.976E-02
  1.910117E+01 2.822E-02
  1.958472E+01 2.676E-02
  2.008049E+01 2.539E-02
  2.058884E+01 2.409E-02
  2.111005E+01 2.284E-02
  2.164445E+01 2.169E-02
  2.219238E+01 2.057E-02
  2.275418E+01 1.950E-02
  2.333022E+01 1.848E-02
  2.392081E+01 1.752E-02
  2.452637E+01 1.661E-02
  2.514726E+01 1.573E-02
  2.578386E+01 1.491E-02
  2.643658E+01 1.413E-02
  2.710583E+01 1.339E-02
  2.779202E+01 1.269E-02
  2.849557E+01 1.204E-02
  2.921695E+01 1.140E-02
  2.995657E+01 1.079E-02
  3.071494E+01 1.023E-02
  3.149248E+01 9.706E-03
  3.228972E+01 9.201E-03
  3.310715E+01 8.698E-03
  3.394525E+01 8.223E-03
  3.480457E+01 7.785E-03
  3.568565E+01 7.407E-03
  3.658905E+01 7.011E-03
  3.751530E+01 6.625E-03
  3.846501E+01 6.271E-03
  3.943877E+01 5.936E-03
  4.043716E+01 5.619E-03
  4.146082E+01 5.320E-03
  4.251041E+01 5.036E-03
  4.358656E+01 4.767E-03
  4.468999E+01 4.510E-03
  4.582129E+01 4.268E-03
  4.698128E+01 4.039E-03
  4.817061E+01 3.819E-03
  4.939005E+01 3.612E-03
  5.064035E+01 3.416E-03
  5.192233E+01 3.233E-03
  5.323676E+01 3.059E-03
  5.458444E+01 2.893E-03
  5.596626E+01 2.734E-03
  5.738306E+01 2.584E-03
  5.883569E+01 2.443E-03
  6.032513E+01 2.311E-03
  6.185226E+01 2.185E-03
  6.520966E+01 1.943E-03
  6.874112E+01 1.726E-03
  7.245535E+01 1.532E-03
  7.636130E+01 1.361E-03
  8.046852E+01 1.208E-03
  8.478688E+01 1.073E-03
  8.932675E+01 9.526E-04
  9.409903E+01 8.458E-04
  9.911507E+01 7.509E-04
  1.043867E+02 6.666E-04
  1.099264E+02 5.918E-04
  1.157473E+02 5.253E-04
  1.218631E+02 4.663E-04
  1.282880E+02 4.139E-04
  1.350369E+02 3.674E-04
  1.421255E+02 3.261E-04
  1.495703E+02 2.894E-04
    2    0    0    5
    107    124
  4.079840E+00    0.0000
  3.022418E+00 7.422E-01
  3.098931E+00 7.056E-01
  3.177381E+00 6.708E-01
  3.257817E+00 6.377E-01
  3.340290E+00 6.062E-01
  3.424849E+00 5.763E-01
  3.511550E+00 5.478E-01
  3.600446E+00 5.208E-01
  3.691591E+00 4.951E-01
  3.785045E+00 4.707E-01
  3.880864E+00 4.474E-01
  3.979108E+00 4.253E-01
  4.079840E+00 4.043E-01
  4.183122E+00 3.844E-01
  4.289017E+00 3.653E-01
  4.397595E+00 3.471E-01
  4.508920E+00 3.301E-01
  4.623065E+00 3.139E-01
  4.740097E+00 2.985E-01
  4.860094E+00 2.838E-01
  4.983127E+00 2.697E-01
  5.109275E+00 2.561E-01
  5.238618E+00 2.433E-01
  5.371235E+00 2.312E-01
  5.507208E+00 2.197E-01
  5.646624E+00 2.088E-01
  5.789568E+00 1.984E-01
  5.936132E+00 1.886E-01
  6.086407E+00 1.793E-01
  6.240484E+00 1.702E-01
  6.398463E+00 1.617E-01
  6.560441E+00 1.536E-01
  6.726518E+00 1.462E-01
  6.896801E+00 1.390E-01
  7.071395E+00 1.318E-01
  7.250408E+00 1.252E-01
  7.433953E+00 1.190E-01
  7.622144E+00 1.131E-01
  7.815100E+00 1.075E-01
  8.012939E+00 1.021E-01
  8.215789E+00 9.704E-02
  8.423772E+00 9.211E-02
  8.637021E+00 8.722E-02
  8.855669E+00 8.292E-02
  9.079851E+00 7.886E-02
  9.309710E+00 7.480E-02
  9.545385E+00 7.098E-02
  9.787026E+00 6.739E-02
  1.003479E+01 6.396E-02
  1.028882E+01 6.073E-02
  1.054928E+01 5.768E-02
  1.081634E+01 5.474E-02
  1.109015E+01 5.194E-02
  1.137090E+01 4.929E-02
  1.165876E+01 4.677E-02
  1.195390E+01 4.439E-02
  1.225652E+01 4.212E-02
  1.256679E+01 3.999E-02
  1.288492E+01 3.798E-02
  1.321110E+01 3.601E-02
  1.354555E+01 3.416E-02
  1.388845E+01 3.241E-02
  1.424004E+01 3.075E-02
  1.460053E+01 2.918E-02
  1.497014E+01 2.769E-02
  1.534912E+01 2.626E-02
  1.573768E+01 2.490E-02
  1.613606E+01 2.363E-02
  1.654456E+01 2.242E-02
  1.696339E+01 2.126E-02
  1.739284E+01 2.017E-02
  1.783313E+01 1.910E-02
  1.828458E+01 1.809E-02
  1.874745E+01 1.717E-02
  1.922205E+01 1.628E-02
  1.970866E+01 1.543E-02
  2.020757E+01 1.464E-02
  2.071915E+01 1.389E-02
  2.124364E+01 1.317E-02
  2.178143E+01 1.247E-02
  2.233282E+01 1.181E-02
  2.289819E+01 1.118E-02
  2.347786E+01 1.062E-02
  2.407220E+01 1.006E-02
  2.468159E+01 9.520E-03
  2.530643E+01 9.043E-03
  2.594705E+01 8.581E-03
  2.660390E+01 8.125E-03
  2.727737E+01 7.701E-03
  2.796791E+01 7.291E-03
  2.867592E+01 6.890E-03
  2.940186E+01 6.524E-03
  3.014616E+01 6.180E-03
  3.090933E+01 5.853E-03
  3.169179E+01 5.544E-03
  3.249408E+01 5.251E-03
  3.331667E+01 4.969E-03
  3.416008E+01 4.704E-03
  3.502486E+01 4.453E-03
  3.591150E+01 4.216E-03
  3.682060E+01 3.992E-03
  3.775273E+01 3.779E-03
  3.870845E+01 3.575E-03
  3.968835E+01 3.384E-03
  4.069307E+01 3.203E-03
  4.172322E+01 3.031E-03
  4.277945E+01 2.868E-03
  4.513858E+01 2.558E-03
  4.762363E+01 2.273E-03
  5.024113E+01 2.020E-03
  5.299789E+01 1.795E-03
  5.590112E+01 1.595E-03
  5.895834E+01 1.417E-03
  6.217747E+01 1.259E-03
  6.556679E+01 1.119E-03
  6.913503E+01 9.941E-04
  7.289127E+01 8.832E-04
  7.684529E+01 7.846E-04
  8.100700E+01 6.971E-04
  8.538702E+01 6.192E-04
  8.999646E+01 5.501E-04
  9.484692E+01 4.886E-04
  9.995065E+01 4.341E-04
  1.053204E+02 3.855E-04
    2    0    0    6
    107    124
  2.988860E+00    0.0000
  2.214195E+00 9.254E-01
  2.270248E+00 8.796E-01
  2.327720E+00 8.360E-01
  2.386647E+00 7.947E-01
  2.447066E+00 7.553E-01
  2.509015E+00 7.180E-01
  2.572531E+00 6.824E-01
  2.637656E+00 6.486E-01
  2.704429E+00 6.165E-01
  2.772893E+00 5.860E-01
  2.843090E+00 5.570E-01
  2.915064E+00 5.294E-01
  2.988860E+00 5.032E-01
  3.064524E+00 4.783E-01
  3.142102E+00 4.545E-01
  3.221646E+00 4.315E-01
  3.303202E+00 4.101E-01
  3.386823E+00 3.897E-01
  3.472560E+00 3.702E-01
  3.560469E+00 3.515E-01
  3.650603E+00 3.338E-01
  3.743018E+00 3.172E-01
  3.837773E+00 3.014E-01
  3.934926E+00 2.862E-01
  4.034540E+00 2.718E-01
  4.136674E+00 2.582E-01
  4.241395E+00 2.451E-01
  4.348766E+00 2.329E-01
  4.458856E+00 2.213E-01
  4.571732E+00 2.104E-01
  4.687467E+00 1.997E-01
  4.806130E+00 1.895E-01
  4.927797E+00 1.799E-01
  5.052546E+00 1.708E-01
  5.180451E+00 1.623E-01
  5.311595E+00 1.544E-01
  5.446059E+00 1.466E-01
  5.583927E+00 1.390E-01
  5.725285E+00 1.320E-01
  5.870221E+00 1.253E-01
  6.018826E+00 1.189E-01
  6.171194E+00 1.128E-01
  6.327417E+00 1.071E-01
  6.487597E+00 1.020E-01
  6.651831E+00 9.696E-02
  6.820224E+00 9.203E-02
  6.992877E+00 8.703E-02
  7.169904E+00 8.245E-02
  7.351410E+00 7.836E-02
  7.537512E+00 7.457E-02
  7.728324E+00 7.090E-02
  7.923970E+00 6.719E-02
  8.124565E+00 6.374E-02
  8.330237E+00 6.050E-02
  8.541121E+00 5.743E-02
  8.757340E+00 5.450E-02
  8.979033E+00 5.173E-02
  9.206339E+00 4.906E-02
  9.439397E+00 4.655E-02
  9.678357E+00 4.420E-02
  9.923366E+00 4.194E-02
  1.017458E+01 3.978E-02
  1.043215E+01 3.774E-02
  1.069624E+01 3.579E-02
  1.096702E+01 3.394E-02
  1.124465E+01 3.221E-02
  1.152931E+01 3.056E-02
  1.182117E+01 2.899E-02
  1.212043E+01 2.748E-02
  1.242726E+01 2.609E-02
  1.274185E+01 2.477E-02
  1.306442E+01 2.349E-02
  1.339514E+01 2.226E-02
  1.373424E+01 2.109E-02
  1.408193E+01 2.002E-02
  1.443841E+01 1.899E-02
  1.480392E+01 1.800E-02
  1.517869E+01 1.706E-02
  1.556294E+01 1.619E-02
  1.595691E+01 1.536E-02
  1.636086E+01 1.457E-02
  1.677504E+01 1.381E-02
  1.719971E+01 1.308E-02
  1.763512E+01 1.241E-02
  1.808154E+01 1.177E-02
  1.853931E+01 1.113E-02
  1.900861E+01 1.056E-02
  1.948981E+01 1.002E-02
  1.998320E+01 9.505E-03
  2.048907E+01 8.998E-03
  2.100777E+01 8.508E-03
  2.153960E+01 8.049E-03
  2.208485E+01 7.644E-03
  2.264394E+01 7.268E-03
  2.321716E+01 6.873E-03
  2.380493E+01 6.504E-03
  2.440755E+01 6.160E-03
  2.502541E+01 5.838E-03
  2.565895E+01 5.532E-03
  2.630850E+01 5.240E-03
  2.697452E+01 4.960E-03
  2.765738E+01 4.698E-03
  2.835753E+01 4.451E-03
  2.907539E+01 4.212E-03
  2.981143E+01 3.988E-03
  3.056612E+01 3.777E-03
  3.133990E+01 3.575E-03
  3.308449E+01 3.193E-03
  3.492397E+01 2.838E-03
  3.686339E+01 2.524E-03
  3.890808E+01 2.244E-03
  4.106358E+01 1.994E-03
  4.333577E+01 1.773E-03
  4.573082E+01 1.576E-03
  4.825525E+01 1.401E-03
  5.091583E+01 1.246E-03
  5.371985E+01 1.107E-03
  5.667473E+01 9.841E-04
  5.978850E+01 8.748E-04
  6.306947E+01 7.775E-04
  6.652649E+01 6.911E-04
  7.016866E+01 6.142E-04
  7.400571E+01 5.459E-04
  7.804793E+01 4.852E-04
    2    0    0    7
    107    124
  2.283450E+00    0.0000
  1.691620E+00 1.135E+00
  1.734444E+00 1.078E+00
  1.778352E+00 1.024E+00
  1.823371E+00 9.721E-01
  1.869530E+00 9.231E-01
  1.916857E+00 8.765E-01
  1.965383E+00 8.323E-01
  2.015137E+00 7.903E-01
  2.066150E+00 7.504E-01
  2.118455E+00 7.125E-01
  2.172085E+00 6.766E-01
  2.227071E+00 6.425E-01
  2.283450E+00 6.100E-01
  2.341256E+00 5.793E-01
  2.400525E+00 5.501E-01
  2.461295E+00 5.223E-01
  2.523603E+00 4.960E-01
  2.587487E+00 4.710E-01
  2.652990E+00 4.472E-01
  2.720151E+00 4.246E-01
  2.789012E+00 4.031E-01
  2.859616E+00 3.828E-01
  2.932008E+00 3.634E-01
  3.006232E+00 3.450E-01
  3.082336E+00 3.274E-01
  3.160365E+00 3.109E-01
  3.240370E+00 2.955E-01
  3.322400E+00 2.805E-01
  3.406507E+00 2.663E-01
  3.492743E+00 2.527E-01
  3.581162E+00 2.399E-01
  3.671820E+00 2.279E-01
  3.764773E+00 2.164E-01
  3.860078E+00 2.052E-01
  3.957797E+00 1.946E-01
  4.057988E+00 1.849E-01
  4.160717E+00 1.755E-01
  4.266046E+00 1.665E-01
  4.374043E+00 1.582E-01
  4.484772E+00 1.501E-01
  4.598304E+00 1.425E-01
  4.714709E+00 1.354E-01
  4.834064E+00 1.285E-01
  4.956438E+00 1.218E-01
  5.081912E+00 1.156E-01
  5.210561E+00 1.098E-01
  5.342466E+00 1.043E-01
  5.477712E+00 9.903E-02
  5.616381E+00 9.404E-02
  5.758560E+00 8.901E-02
  5.904338E+00 8.452E-02
  6.053808E+00 8.041E-02
  6.207059E+00 7.625E-02
  6.364192E+00 7.230E-02
  6.525303E+00 6.856E-02
  6.690493E+00 6.506E-02
  6.859863E+00 6.174E-02
  7.033521E+00 5.860E-02
  7.211574E+00 5.560E-02
  7.394138E+00 5.275E-02
  7.581321E+00 5.005E-02
  7.773243E+00 4.747E-02
  7.970023E+00 4.503E-02
  8.171785E+00 4.272E-02
  8.378657E+00 4.054E-02
  8.590762E+00 3.847E-02
  8.808239E+00 3.648E-02
  9.031219E+00 3.461E-02
  9.259847E+00 3.285E-02
  9.494261E+00 3.114E-02
  9.734610E+00 2.953E-02
  9.981042E+00 2.803E-02
  1.023371E+01 2.658E-02
  1.049278E+01 2.522E-02
  1.075841E+01 2.394E-02
  1.103076E+01 2.269E-02
  1.131000E+01 2.150E-02
  1.159632E+01 2.040E-02
  1.188988E+01 1.936E-02
  1.219087E+01 1.836E-02
  1.249949E+01 1.740E-02
  1.281591E+01 1.650E-02
  1.314035E+01 1.564E-02
  1.347300E+01 1.481E-02
  1.381407E+01 1.404E-02
  1.416377E+01 1.332E-02
  1.452233E+01 1.262E-02
  1.488996E+01 1.196E-02
  1.526690E+01 1.133E-02
  1.565339E+01 1.076E-02
  1.604965E+01 1.021E-02
  1.645595E+01 9.666E-03
  1.687254E+01 9.153E-03
  1.729967E+01 8.669E-03
  1.773763E+01 8.214E-03
  1.818663E+01 7.790E-03
  1.864703E+01 7.388E-03
  1.911909E+01 7.007E-03
  1.960309E+01 6.640E-03
  2.009933E+01 6.291E-03
  2.060815E+01 5.961E-03
  2.112987E+01 5.649E-03
  2.166476E+01 5.351E-03
  2.221321E+01 5.066E-03
  2.277554E+01 4.800E-03
  2.335211E+01 4.548E-03
  2.394327E+01 4.308E-03
  2.528337E+01 3.844E-03
  2.669731E+01 3.418E-03
  2.818906E+01 3.040E-03
  2.976282E+01 2.704E-03
  3.142303E+01 2.404E-03
  3.317436E+01 2.138E-03
  3.502174E+01 1.901E-03
  3.697038E+01 1.691E-03
  3.902568E+01 1.504E-03
  4.119342E+01 1.337E-03
  4.347969E+01 1.189E-03
  4.589084E+01 1.057E-03
  4.843355E+01 9.400E-04
  5.111491E+01 8.358E-04
  5.394235E+01 7.432E-04
  5.692374E+01 6.608E-04
  6.006732E+01 5.875E-04
    2    0    0    8
    107    124
  1.801230E+00    0.0000
  1.334387E+00 1.316E+00
  1.368167E+00 1.251E+00
  1.402802E+00 1.190E+00
  1.438314E+00 1.132E+00
  1.474725E+00 1.077E+00
  1.512057E+00 1.025E+00
  1.550335E+00 9.748E-01
  1.589581E+00 9.273E-01
  1.629821E+00 8.821E-01
  1.671080E+00 8.391E-01
  1.713384E+00 7.982E-01
  1.756758E+00 7.593E-01
  1.801230E+00 7.223E-01
  1.846828E+00 6.871E-01
  1.893581E+00 6.529E-01
  1.941517E+00 6.193E-01
  1.990667E+00 5.877E-01
  2.041061E+00 5.578E-01
  2.092730E+00 5.296E-01
  2.145708E+00 5.027E-01
  2.200028E+00 4.770E-01
  2.255720E+00 4.525E-01
  2.312825E+00 4.295E-01
  2.371375E+00 4.077E-01
  2.431405E+00 3.868E-01
  2.492958E+00 3.671E-01
  2.556066E+00 3.484E-01
  2.620775E+00 3.307E-01
  2.687119E+00 3.138E-01
  2.755144E+00 2.979E-01
  2.824891E+00 2.828E-01
  2.896403E+00 2.685E-01
  2.969725E+00 2.547E-01
  3.044904E+00 2.416E-01
  3.121988E+00 2.292E-01
  3.201020E+00 2.177E-01
  3.282054E+00 2.065E-01
  3.365141E+00 1.957E-01
  3.450329E+00 1.856E-01
  3.537675E+00 1.763E-01
  3.627231E+00 1.676E-01
  3.719056E+00 1.588E-01
  3.813203E+00 1.506E-01
  3.909736E+00 1.429E-01
  4.008710E+00 1.359E-01
  4.110192E+00 1.290E-01
  4.214242E+00 1.222E-01
  4.320925E+00 1.161E-01
  4.430310E+00 1.101E-01
  4.542465E+00 1.042E-01
  4.657457E+00 9.897E-02
  4.775362E+00 9.392E-02
  4.896250E+00 8.891E-02
  5.020199E+00 8.450E-02
  5.147287E+00 8.035E-02
  5.277591E+00 7.621E-02
  5.411193E+00 7.228E-02
  5.548178E+00 6.855E-02
  5.688632E+00 6.503E-02
  5.832641E+00 6.170E-02
  5.980294E+00 5.853E-02
  6.131684E+00 5.555E-02
  6.286910E+00 5.270E-02
  6.446064E+00 4.998E-02
  6.609246E+00 4.741E-02
  6.776561E+00 4.497E-02
  6.948111E+00 4.265E-02
  7.124002E+00 4.044E-02
  7.304347E+00 3.836E-02
  7.489259E+00 3.639E-02
  7.678850E+00 3.454E-02
  7.873241E+00 3.278E-02
  8.072552E+00 3.108E-02
  8.276908E+00 2.947E-02
  8.486440E+00 2.795E-02
  8.701277E+00 2.651E-02
  8.921550E+00 2.514E-02
  9.147401E+00 2.384E-02
  9.378967E+00 2.259E-02
  9.616399E+00 2.143E-02
  9.859838E+00 2.033E-02
  1.010944E+01 1.927E-02
  1.036536E+01 1.828E-02
  1.062776E+01 1.736E-02
  1.089681E+01 1.644E-02
  1.117266E+01 1.558E-02
  1.145550E+01 1.480E-02
  1.174549E+01 1.401E-02
  1.204283E+01 1.327E-02
  1.234770E+01 1.258E-02
  1.266028E+01 1.193E-02
  1.298078E+01 1.130E-02
  1.330939E+01 1.071E-02
  1.364632E+01 1.017E-02
  1.399178E+01 9.662E-03
  1.434598E+01 9.155E-03
  1.470915E+01 8.680E-03
  1.508151E+01 8.223E-03
  1.546330E+01 7.766E-03
  1.585477E+01 7.366E-03
  1.625612E+01 6.997E-03
  1.666763E+01 6.627E-03
  1.708958E+01 6.278E-03
  1.752222E+01 5.948E-03
  1.796581E+01 5.636E-03
  1.842059E+01 5.340E-03
  1.888692E+01 5.059E-03
  1.994716E+01 4.514E-03
  2.106625E+01 4.015E-03
  2.224741E+01 3.572E-03
  2.349405E+01 3.177E-03
  2.480974E+01 2.826E-03
  2.619826E+01 2.514E-03
  2.766359E+01 2.236E-03
  2.920996E+01 1.989E-03
  3.084178E+01 1.769E-03
  3.256372E+01 1.573E-03
  3.438069E+01 1.399E-03
  3.629788E+01 1.245E-03
  3.832074E+01 1.107E-03
  4.045509E+01 9.845E-04
  4.270699E+01 8.756E-04
  4.508275E+01 7.788E-04
  4.758919E+01 6.926E-04
    2    1    1    1
     47     74
  3.662920E+01    0.0000
  3.484277E+01 1.147E-01
  3.572482E+01 1.063E-01
  3.662920E+01 9.843E-02
  3.755647E+01 9.116E-02
  3.850722E+01 8.443E-02
  3.948203E+01 7.821E-02
  4.048154E+01 7.250E-02
  4.150632E+01 6.720E-02
  4.255705E+01 6.225E-02
  4.363440E+01 5.766E-02
  4.473901E+01 5.343E-02
  4.587158E+01 4.946E-02
  4.703284E+01 4.580E-02
  4.822346E+01 4.238E-02
  4.944424E+01 3.921E-02
  5.069594E+01 3.628E-02
  5.197931E+01 3.355E-02
  5.329518E+01 3.104E-02
  5.464435E+01 2.872E-02
  5.602766E+01 2.653E-02
  5.744601E+01 2.454E-02
  5.890028E+01 2.267E-02
  6.039134E+01 2.095E-02
  6.192015E+01 1.936E-02
  6.348769E+01 1.787E-02
  6.509486E+01 1.650E-02
  6.674275E+01 1.521E-02
  6.843236E+01 1.402E-02
  7.016473E+01 1.295E-02
  7.194096E+01 1.191E-02
  7.376215E+01 1.102E-02
  7.562946E+01 1.014E-02
  7.754402E+01 9.311E-03
  7.950706E+01 8.592E-03
  8.151978E+01 7.890E-03
  8.358347E+01 7.278E-03
  8.569939E+01 6.697E-03
  8.786888E+01 6.157E-03
  9.009331E+01 5.661E-03
  9.237402E+01 5.201E-03
  9.471246E+01 4.777E-03
  9.711012E+01 4.388E-03
  9.956847E+01 4.030E-03
  1.020891E+02 3.697E-03
  1.046735E+02 3.391E-03
  1.073233E+02 3.111E-03
  1.100402E+02 2.851E-03
  1.141578E+02 2.526E-03
  1.184128E+02 2.226E-03
  1.228092E+02 1.962E-03
  1.273514E+02 1.729E-03
  1.320435E+02 1.523E-03
  1.368900E+02 1.342E-03
  1.418953E+02 1.183E-03
  1.470644E+02 1.042E-03
  1.524019E+02 9.178E-04
  1.579127E+02 8.086E-04
  1.636019E+02 7.123E-04
  1.694747E+02 6.274E-04
  1.755365E+02 5.526E-04
  1.817925E+02 4.868E-04
  1.882485E+02 4.287E-04
  1.949101E+02 3.776E-04
  2.017834E+02 3.325E-04
  2.088742E+02 2.929E-04
  2.161891E+02 2.579E-04
  2.237340E+02 2.271E-04
  2.315158E+02 2.000E-04
  2.395408E+02 1.761E-04
  2.478161E+02 1.550E-04
  2.563489E+02 1.365E-04
  2.651462E+02 1.202E-04
  2.742153E+02 1.058E-04
  2.835640E+02 9.315E-05
    2    1    1    2
     73     91
  1.618449E+01    0.0000
  1.464433E+01 2.364E-01
  1.501506E+01 2.226E-01
  1.539517E+01 2.096E-01
  1.578490E+01 1.973E-01
  1.618449E+01 1.858E-01
  1.659422E+01 1.749E-01
  1.701430E+01 1.647E-01
  1.744502E+01 1.552E-01
  1.788664E+01 1.462E-01
  1.833945E+01 1.373E-01
  1.880371E+01 1.290E-01
  1.927972E+01 1.215E-01
  1.976779E+01 1.140E-01
  2.026822E+01 1.071E-01
  2.078131E+01 1.007E-01
  2.130739E+01 9.459E-02
  2.184679E+01 8.888E-02
  2.239986E+01 8.351E-02
  2.296690E+01 7.843E-02
  2.354831E+01 7.333E-02
  2.414444E+01 6.881E-02
  2.475566E+01 6.456E-02
  2.538235E+01 6.049E-02
  2.602490E+01 5.668E-02
  2.668372E+01 5.309E-02
  2.735924E+01 4.973E-02
  2.805183E+01 4.659E-02
  2.876196E+01 4.363E-02
  2.949010E+01 4.082E-02
  3.023663E+01 3.818E-02
  3.100208E+01 3.569E-02
  3.178690E+01 3.336E-02
  3.259158E+01 3.118E-02
  3.341666E+01 2.916E-02
  3.426259E+01 2.726E-02
  3.512994E+01 2.545E-02
  3.601926E+01 2.377E-02
  3.693111E+01 2.216E-02
  3.786601E+01 2.068E-02
  3.882460E+01 1.929E-02
  3.980746E+01 1.799E-02
  4.081519E+01 1.677E-02
  4.184842E+01 1.564E-02
  4.290784E+01 1.456E-02
  4.399403E+01 1.357E-02
  4.510776E+01 1.267E-02
  4.624966E+01 1.178E-02
  4.742049E+01 1.098E-02
  4.862093E+01 1.022E-02
  4.985178E+01 9.513E-03
  5.111378E+01 8.851E-03
  5.240773E+01 8.225E-03
  5.373445E+01 7.604E-03
  5.509473E+01 7.077E-03
  5.648947E+01 6.580E-03
  5.791951E+01 6.113E-03
  5.938576E+01 5.675E-03
  6.088910E+01 5.266E-03
  6.243053E+01 4.889E-03
  6.401096E+01 4.531E-03
  6.563139E+01 4.203E-03
  6.729288E+01 3.898E-03
  6.899638E+01 3.612E-03
  7.074304E+01 3.347E-03
  7.253391E+01 3.102E-03
  7.437010E+01 2.872E-03
  7.625279E+01 2.658E-03
  7.818317E+01 2.458E-03
  8.016235E+01 2.275E-03
  8.219170E+01 2.106E-03
  8.427238E+01 1.949E-03
  8.640575E+01 1.800E-03
  8.859312E+01 1.659E-03
  9.218344E+01 1.467E-03
  9.589969E+01 1.294E-03
  9.974568E+01 1.141E-03
  1.037254E+02 1.006E-03
  1.078429E+02 8.867E-04
  1.121023E+02 7.817E-04
  1.165079E+02 6.890E-04
  1.210640E+02 6.074E-04
  1.257753E+02 5.353E-04
  1.306463E+02 4.718E-04
  1.356817E+02 4.158E-04
  1.408864E+02 3.665E-04
  1.462654E+02 3.229E-04
  1.518239E+02 2.846E-04
  1.575670E+02 2.507E-04
  1.635002E+02 2.209E-04
  1.696290E+02 1.947E-04
  1.759589E+02 1.715E-04
    2    1    1    3
     96    106
  9.077820E+00    0.0000
  7.620437E+00 4.143E-01
  7.813350E+00 3.917E-01
  8.011147E+00 3.702E-01
  8.213949E+00 3.500E-01
  8.421887E+00 3.308E-01
  8.635089E+00 3.127E-01
  8.853687E+00 2.956E-01
  9.077820E+00 2.794E-01
  9.307627E+00 2.641E-01
  9.543249E+00 2.497E-01
  9.784839E+00 2.361E-01
  1.003254E+01 2.234E-01
  1.028652E+01 2.113E-01
  1.054692E+01 1.998E-01
  1.081392E+01 1.889E-01
  1.108767E+01 1.784E-01
  1.136836E+01 1.683E-01
  1.165615E+01 1.592E-01
  1.195123E+01 1.502E-01
  1.225378E+01 1.415E-01
  1.256398E+01 1.338E-01
  1.288204E+01 1.262E-01
  1.320815E+01 1.188E-01
  1.354252E+01 1.121E-01
  1.388535E+01 1.057E-01
  1.423686E+01 9.961E-02
  1.459726E+01 9.385E-02
  1.496680E+01 8.841E-02
  1.534568E+01 8.329E-02
  1.573416E+01 7.847E-02
  1.613248E+01 7.399E-02
  1.654086E+01 6.971E-02
  1.695959E+01 6.563E-02
  1.738895E+01 6.177E-02
  1.782915E+01 5.812E-02
  1.828049E+01 5.468E-02
  1.874326E+01 5.144E-02
  1.921774E+01 4.836E-02
  1.970424E+01 4.545E-02
  2.020306E+01 4.271E-02
  2.071451E+01 4.011E-02
  2.123889E+01 3.768E-02
  2.177657E+01 3.538E-02
  2.232784E+01 3.320E-02
  2.289307E+01 3.116E-02
  2.347260E+01 2.927E-02
  2.406683E+01 2.747E-02
  2.467607E+01 2.576E-02
  2.530077E+01 2.415E-02
  2.594124E+01 2.262E-02
  2.659795E+01 2.120E-02
  2.727129E+01 1.987E-02
  2.796165E+01 1.861E-02
  2.866951E+01 1.744E-02
  2.939529E+01 1.634E-02
  3.013942E+01 1.530E-02
  3.090240E+01 1.430E-02
  3.168469E+01 1.338E-02
  3.248680E+01 1.251E-02
  3.330922E+01 1.170E-02
  3.415244E+01 1.096E-02
  3.501701E+01 1.025E-02
  3.590347E+01 9.553E-03
  3.681236E+01 8.912E-03
  3.774428E+01 8.332E-03
  3.869978E+01 7.791E-03
  3.967949E+01 7.291E-03
  4.068398E+01 6.794E-03
  4.171388E+01 6.330E-03
  4.276988E+01 5.905E-03
  4.385262E+01 5.506E-03
  4.496272E+01 5.132E-03
  4.610098E+01 4.784E-03
  4.726802E+01 4.459E-03
  4.846461E+01 4.154E-03
  4.969151E+01 3.867E-03
  5.094946E+01 3.602E-03
  5.223924E+01 3.351E-03
  5.356171E+01 3.117E-03
  5.491760E+01 2.901E-03
  5.630786E+01 2.699E-03
  5.773331E+01 2.508E-03
  5.919482E+01 2.330E-03
  6.069334E+01 2.166E-03
  6.222981E+01 2.012E-03
  6.380516E+01 1.868E-03
  6.542039E+01 1.735E-03
  6.707652E+01 1.614E-03
  6.877457E+01 1.498E-03
  7.051559E+01 1.386E-03
  7.230072E+01 1.289E-03
  7.413103E+01 1.194E-03
  7.600764E+01 1.106E-03
  7.793179E+01 1.025E-03
  7.990466E+01 9.498E-04
  8.192744E+01 8.793E-04
  8.535808E+01 7.818E-04
  8.891534E+01 6.899E-04
  9.260338E+01 6.088E-04
  9.642644E+01 5.372E-04
  1.003889E+02 4.740E-04
  1.044952E+02 4.182E-04
  1.087501E+02 3.689E-04
  1.131582E+02 3.255E-04
  1.177245E+02 2.871E-04
  1.224541E+02 2.533E-04
    2    1    1    4
    101    114
  5.799750E+00    0.0000
  4.296552E+00 7.211E-01
  4.405321E+00 6.837E-01
  4.516842E+00 6.483E-01
  4.631188E+00 6.147E-01
  4.748427E+00 5.828E-01
  4.868635E+00 5.526E-01
  4.991886E+00 5.240E-01
  5.118257E+00 4.969E-01
  5.247827E+00 4.711E-01
  5.380677E+00 4.467E-01
  5.516891E+00 4.236E-01
  5.656552E+00 4.016E-01
  5.799750E+00 3.808E-01
  5.946572E+00 3.611E-01
  6.097109E+00 3.421E-01
  6.251460E+00 3.238E-01
  6.409715E+00 3.067E-01
  6.571978E+00 2.905E-01
  6.738348E+00 2.751E-01
  6.908930E+00 2.606E-01
  7.083830E+00 2.468E-01
  7.263159E+00 2.336E-01
  7.447027E+00 2.209E-01
  7.635549E+00 2.091E-01
  7.828843E+00 1.980E-01
  8.027033E+00 1.872E-01
  8.230237E+00 1.770E-01
  8.438586E+00 1.673E-01
  8.652210E+00 1.582E-01
  8.871243E+00 1.496E-01
  9.095819E+00 1.412E-01
  9.326081E+00 1.335E-01
  9.562171E+00 1.262E-01
  9.804238E+00 1.192E-01
  1.005243E+01 1.126E-01
  1.030691E+01 1.064E-01
  1.056783E+01 1.007E-01
  1.083536E+01 9.497E-02
  1.110966E+01 8.954E-02
  1.139090E+01 8.443E-02
  1.167926E+01 7.961E-02
  1.197492E+01 7.512E-02
  1.227807E+01 7.090E-02
  1.258889E+01 6.694E-02
  1.290758E+01 6.314E-02
  1.323434E+01 5.953E-02
  1.356937E+01 5.611E-02
  1.391288E+01 5.289E-02
  1.426508E+01 4.983E-02
  1.462620E+01 4.691E-02
  1.499647E+01 4.419E-02
  1.537611E+01 4.162E-02
  1.576536E+01 3.917E-02
  1.616444E+01 3.687E-02
  1.657365E+01 3.470E-02
  1.699323E+01 3.266E-02
  1.742340E+01 3.074E-02
  1.786449E+01 2.889E-02
  1.831673E+01 2.717E-02
  1.878043E+01 2.556E-02
  1.925584E+01 2.402E-02
  1.974332E+01 2.258E-02
  2.024310E+01 2.122E-02
  2.075557E+01 1.994E-02
  2.128101E+01 1.872E-02
  2.181973E+01 1.758E-02
  2.237210E+01 1.651E-02
  2.293846E+01 1.550E-02
  2.351915E+01 1.453E-02
  2.411453E+01 1.363E-02
  2.472501E+01 1.278E-02
  2.535091E+01 1.197E-02
  2.599268E+01 1.124E-02
  2.665068E+01 1.055E-02
  2.732535E+01 9.896E-03
  2.801711E+01 9.273E-03
  2.872635E+01 8.652E-03
  2.945357E+01 8.107E-03
  3.019917E+01 7.606E-03
  3.096367E+01 7.129E-03
  3.174753E+01 6.654E-03
  3.255122E+01 6.227E-03
  3.337526E+01 5.822E-03
  3.422015E+01 5.443E-03
  3.508644E+01 5.090E-03
  3.597466E+01 4.760E-03
  3.688538E+01 4.447E-03
  3.781912E+01 4.154E-03
  3.877652E+01 3.880E-03
  3.975816E+01 3.622E-03
  4.076463E+01 3.380E-03
  4.179659E+01 3.155E-03
  4.285468E+01 2.944E-03
  4.393956E+01 2.746E-03
  4.505188E+01 2.561E-03
  4.619238E+01 2.388E-03
  4.736176E+01 2.228E-03
  4.856071E+01 2.075E-03
  4.979002E+01 1.931E-03
  5.105048E+01 1.799E-03
  5.234282E+01 1.675E-03
  5.469374E+01 1.497E-03
  5.713933E+01 1.323E-03
  5.968292E+01 1.169E-03
  6.232816E+01 1.033E-03
  6.507866E+01 9.130E-04
  6.793816E+01 8.067E-04
  7.091058E+01 7.127E-04
  7.399992E+01 6.296E-04
  7.721040E+01 5.561E-04
  8.054625E+01 4.913E-04
  8.401187E+01 4.339E-04
  8.761183E+01 3.832E-04
  9.135080E+01 3.385E-04
    2    1    1    5
    101    115
  4.022960E+00    0.0000
  2.980281E+00 9.247E-01
  3.055727E+00 8.772E-01
  3.133083E+00 8.322E-01
  3.212398E+00 7.894E-01
  3.293720E+00 7.489E-01
  3.377101E+00 7.104E-01
  3.462593E+00 6.739E-01
  3.550249E+00 6.393E-01
  3.640124E+00 6.065E-01
  3.732275E+00 5.753E-01
  3.826758E+00 5.458E-01
  3.923633E+00 5.177E-01
  4.022960E+00 4.912E-01
  4.124802E+00 4.659E-01
  4.229221E+00 4.417E-01
  4.336285E+00 4.185E-01
  4.446058E+00 3.968E-01
  4.558611E+00 3.761E-01
  4.674012E+00 3.563E-01
  4.792336E+00 3.377E-01
  4.913654E+00 3.200E-01
  5.038043E+00 3.033E-01
  5.165583E+00 2.873E-01
  5.296350E+00 2.722E-01
  5.430428E+00 2.576E-01
  5.567900E+00 2.439E-01
  5.708852E+00 2.310E-01
  5.853372E+00 2.186E-01
  6.001552E+00 2.068E-01
  6.153481E+00 1.958E-01
  6.309258E+00 1.856E-01
  6.468976E+00 1.757E-01
  6.632739E+00 1.662E-01
  6.800648E+00 1.570E-01
  6.972808E+00 1.484E-01
  7.149325E+00 1.403E-01
  7.330311E+00 1.328E-01
  7.515878E+00 1.257E-01
  7.706144E+00 1.189E-01
  7.901226E+00 1.123E-01
  8.101247E+00 1.061E-01
  8.306330E+00 1.002E-01
  8.516606E+00 9.463E-02
  8.732205E+00 8.969E-02
  8.953262E+00 8.479E-02
  9.179915E+00 7.971E-02
  9.412306E+00 7.534E-02
  9.650578E+00 7.121E-02
  9.894884E+00 6.731E-02
  1.014538E+01 6.355E-02
  1.040221E+01 5.999E-02
  1.066554E+01 5.661E-02
  1.093554E+01 5.343E-02
  1.121237E+01 5.042E-02
  1.149622E+01 4.756E-02
  1.178725E+01 4.487E-02
  1.208564E+01 4.230E-02
  1.239159E+01 3.987E-02
  1.270528E+01 3.757E-02
  1.302692E+01 3.544E-02
  1.335670E+01 3.340E-02
  1.369482E+01 3.145E-02
  1.404151E+01 2.963E-02
  1.439697E+01 2.791E-02
  1.476143E+01 2.629E-02
  1.513513E+01 2.477E-02
  1.551827E+01 2.332E-02
  1.591111E+01 2.194E-02
  1.631390E+01 2.064E-02
  1.672690E+01 1.943E-02
  1.715034E+01 1.827E-02
  1.758450E+01 1.717E-02
  1.802966E+01 1.613E-02
  1.848608E+01 1.516E-02
  1.895406E+01 1.426E-02
  1.943388E+01 1.342E-02
  1.992584E+01 1.261E-02
  2.043028E+01 1.184E-02
  2.094746E+01 1.111E-02
  2.147775E+01 1.042E-02
  2.202147E+01 9.803E-03
  2.257895E+01 9.187E-03
  2.315054E+01 8.620E-03
  2.373659E+01 8.107E-03
  2.433749E+01 7.593E-03
  2.495360E+01 7.115E-03
  2.558531E+01 6.676E-03
  2.623300E+01 6.273E-03
  2.689709E+01 5.877E-03
  2.757799E+01 5.507E-03
  2.827612E+01 5.159E-03
  2.899194E+01 4.831E-03
  2.972589E+01 4.526E-03
  3.047839E+01 4.237E-03
  3.124995E+01 3.966E-03
  3.204105E+01 3.713E-03
  3.285217E+01 3.475E-03
  3.368382E+01 3.249E-03
  3.453654E+01 3.038E-03
  3.541083E+01 2.842E-03
  3.630727E+01 2.656E-03
  3.802467E+01 2.378E-03
  3.981628E+01 2.104E-03
  4.168503E+01 1.862E-03
  4.363394E+01 1.647E-03
  4.566614E+01 1.457E-03
  4.778491E+01 1.289E-03
  4.999365E+01 1.140E-03
  5.229585E+01 1.009E-03
  5.469510E+01 8.921E-04
  5.719521E+01 7.891E-04
  5.980000E+01 6.978E-04
  6.251360E+01 6.171E-04
  6.534012E+01 5.457E-04
  6.828380E+01 4.826E-04
    2    1    1    6
    101    117
  2.953220E+00    0.0000
  2.187792E+00 1.149E+00
  2.243177E+00 1.090E+00
  2.299964E+00 1.034E+00
  2.358188E+00 9.809E-01
  2.417886E+00 9.306E-01
  2.479096E+00 8.828E-01
  2.541856E+00 8.375E-01
  2.606204E+00 7.945E-01
  2.672181E+00 7.537E-01
  2.739828E+00 7.151E-01
  2.809188E+00 6.784E-01
  2.880304E+00 6.435E-01
  2.953220E+00 6.105E-01
  3.027982E+00 5.792E-01
  3.104635E+00 5.492E-01
  3.183230E+00 5.205E-01
  3.263813E+00 4.933E-01
  3.346437E+00 4.675E-01
  3.431152E+00 4.431E-01
  3.518013E+00 4.199E-01
  3.607072E+00 3.979E-01
  3.698386E+00 3.771E-01
  3.792010E+00 3.574E-01
  3.888005E+00 3.388E-01
  3.986431E+00 3.210E-01
  4.087347E+00 3.042E-01
  4.190819E+00 2.882E-01
  4.296910E+00 2.731E-01
  4.405687E+00 2.586E-01
  4.517218E+00 2.449E-01
  4.631572E+00 2.320E-01
  4.748821E+00 2.194E-01
  4.869037E+00 2.075E-01
  4.992298E+00 1.964E-01
  5.118678E+00 1.860E-01
  5.248258E+00 1.761E-01
  5.381119E+00 1.669E-01
  5.517343E+00 1.579E-01
  5.657015E+00 1.494E-01
  5.800223E+00 1.415E-01
  5.947055E+00 1.339E-01
  6.097607E+00 1.266E-01
  6.251967E+00 1.197E-01
  6.410237E+00 1.134E-01
  6.572513E+00 1.073E-01
  6.738898E+00 1.013E-01
  6.909492E+00 9.592E-02
  7.084408E+00 9.077E-02
  7.263750E+00 8.567E-02
  7.447633E+00 8.088E-02
  7.636169E+00 7.639E-02
  7.829483E+00 7.218E-02
  8.027686E+00 6.827E-02
  8.230906E+00 6.453E-02
  8.439274E+00 6.094E-02
  8.652915E+00 5.757E-02
  8.871964E+00 5.437E-02
  9.096560E+00 5.134E-02
  9.326838E+00 4.850E-02
  9.562949E+00 4.579E-02
  9.805037E+00 4.322E-02
  1.005325E+01 4.078E-02
  1.030775E+01 3.847E-02
  1.056869E+01 3.628E-02
  1.083624E+01 3.422E-02
  1.111056E+01 3.229E-02
  1.139183E+01 3.047E-02
  1.168021E+01 2.875E-02
  1.197590E+01 2.709E-02
  1.227907E+01 2.554E-02
  1.258992E+01 2.410E-02
  1.290863E+01 2.269E-02
  1.323542E+01 2.137E-02
  1.357047E+01 2.014E-02
  1.391401E+01 1.897E-02
  1.426625E+01 1.787E-02
  1.462740E+01 1.683E-02
  1.499769E+01 1.586E-02
  1.537736E+01 1.492E-02
  1.576664E+01 1.404E-02
  1.616577E+01 1.322E-02
  1.657501E+01 1.243E-02
  1.699461E+01 1.167E-02
  1.742484E+01 1.098E-02
  1.786594E+01 1.034E-02
  1.831824E+01 9.733E-03
  1.878194E+01 9.130E-03
  1.925742E+01 8.573E-03
  1.974492E+01 8.069E-03
  2.024477E+01 7.562E-03
  2.075726E+01 7.106E-03
  2.128275E+01 6.681E-03
  2.182152E+01 6.273E-03
  2.237392E+01 5.890E-03
  2.294032E+01 5.530E-03
  2.352107E+01 5.190E-03
  2.411650E+01 4.869E-03
  2.472701E+01 4.566E-03
  2.535298E+01 4.282E-03
  2.599480E+01 4.014E-03
  2.665286E+01 3.762E-03
  2.796280E+01 3.377E-03
  2.933255E+01 2.992E-03
  3.076469E+01 2.650E-03
  3.226178E+01 2.347E-03
  3.382663E+01 2.078E-03
  3.546205E+01 1.841E-03
  3.717104E+01 1.630E-03
  3.895662E+01 1.443E-03
  4.082205E+01 1.278E-03
  4.277063E+01 1.132E-03
  4.480583E+01 1.002E-03
  4.693123E+01 8.870E-04
  4.915054E+01 7.852E-04
  5.146762E+01 6.951E-04
  5.388658E+01 6.153E-04
  5.641148E+01 5.446E-04
    2    1    1    7
    101    117
  2.259660E+00    0.0000
  1.673996E+00 1.441E+00
  1.716374E+00 1.363E+00
  1.759824E+00 1.290E+00
  1.804374E+00 1.220E+00
  1.850052E+00 1.154E+00
  1.896887E+00 1.092E+00
  1.944907E+00 1.033E+00
  1.994143E+00 9.776E-01
  2.044625E+00 9.249E-01
  2.096385E+00 8.751E-01
  2.149455E+00 8.279E-01
  2.203869E+00 7.833E-01
  2.259660E+00 7.411E-01
  2.316864E+00 7.011E-01
  2.375515E+00 6.639E-01
  2.435652E+00 6.292E-01
  2.497311E+00 5.966E-01
  2.560530E+00 5.655E-01
  2.625350E+00 5.357E-01
  2.691811E+00 5.078E-01
  2.759955E+00 4.813E-01
  2.829823E+00 4.564E-01
  2.901461E+00 4.322E-01
  2.974911E+00 4.094E-01
  3.050223E+00 3.880E-01
  3.127439E+00 3.679E-01
  3.206610E+00 3.485E-01
  3.287786E+00 3.299E-01
  3.371017E+00 3.125E-01
  3.456354E+00 2.961E-01
  3.543853E+00 2.805E-01
  3.633565E+00 2.658E-01
  3.725550E+00 2.519E-01
  3.819862E+00 2.386E-01
  3.916563E+00 2.259E-01
  4.015710E+00 2.139E-01
  4.117370E+00 2.024E-01
  4.221600E+00 1.915E-01
  4.328472E+00 1.814E-01
  4.438047E+00 1.721E-01
  4.550397E+00 1.628E-01
  4.665590E+00 1.539E-01
  4.783701E+00 1.456E-01
  4.904800E+00 1.379E-01
  5.028966E+00 1.307E-01
  5.156275E+00 1.237E-01
  5.286806E+00 1.170E-01
  5.420643E+00 1.107E-01
  5.557867E+00 1.047E-01
  5.698565E+00 9.900E-02
  5.842824E+00 9.360E-02
  5.990737E+00 8.850E-02
  6.142392E+00 8.371E-02
  6.297887E+00 7.921E-02
  6.457320E+00 7.500E-02
  6.620789E+00 7.087E-02
  6.788394E+00 6.696E-02
  6.960243E+00 6.329E-02
  7.136441E+00 5.980E-02
  7.317103E+00 5.651E-02
  7.502336E+00 5.339E-02
  7.692259E+00 5.047E-02
  7.886988E+00 4.768E-02
  8.086648E+00 4.503E-02
  8.291365E+00 4.255E-02
  8.501260E+00 4.019E-02
  8.716472E+00 3.795E-02
  8.937127E+00 3.580E-02
  9.163374E+00 3.382E-02
  9.395347E+00 3.194E-02
  9.633190E+00 3.013E-02
  9.877055E+00 2.842E-02
  1.012709E+01 2.680E-02
  1.038346E+01 2.528E-02
  1.064632E+01 2.386E-02
  1.091583E+01 2.251E-02
  1.119217E+01 2.123E-02
  1.147550E+01 2.001E-02
  1.176600E+01 1.886E-02
  1.206386E+01 1.778E-02
  1.236926E+01 1.676E-02
  1.268239E+01 1.580E-02
  1.300345E+01 1.490E-02
  1.333263E+01 1.403E-02
  1.367015E+01 1.323E-02
  1.401621E+01 1.247E-02
  1.437103E+01 1.175E-02
  1.473483E+01 1.106E-02
  1.510785E+01 1.040E-02
  1.549031E+01 9.783E-03
  1.588244E+01 9.198E-03
  1.628452E+01 8.646E-03
  1.669675E+01 8.129E-03
  1.711943E+01 7.646E-03
  1.755283E+01 7.196E-03
  1.799716E+01 6.771E-03
  1.845277E+01 6.366E-03
  1.891991E+01 5.982E-03
  1.939886E+01 5.623E-03
  1.988994E+01 5.281E-03
  2.039346E+01 4.961E-03
  2.142603E+01 4.464E-03
  2.250800E+01 3.958E-03
  2.364157E+01 3.509E-03
  2.482909E+01 3.111E-03
  2.607297E+01 2.758E-03
  2.737576E+01 2.444E-03
  2.874007E+01 2.167E-03
  3.016867E+01 1.921E-03
  3.166441E+01 1.702E-03
  3.323032E+01 1.509E-03
  3.486948E+01 1.337E-03
  3.658513E+01 1.185E-03
  3.838066E+01 1.050E-03
  4.025952E+01 9.306E-04
  4.222549E+01 8.246E-04
  4.428230E+01 7.307E-04
    2    1    1    8
    101    118
  1.784550E+00    0.0000
  1.322030E+00 1.683E+00
  1.355497E+00 1.594E+00
  1.389812E+00 1.509E+00
  1.424994E+00 1.429E+00
  1.461068E+00 1.353E+00
  1.498055E+00 1.281E+00
  1.535978E+00 1.213E+00
  1.574861E+00 1.148E+00
  1.614729E+00 1.087E+00
  1.655606E+00 1.029E+00
  1.697517E+00 9.746E-01
  1.740490E+00 9.228E-01
  1.784550E+00 8.737E-01
  1.829726E+00 8.273E-01
  1.876046E+00 7.836E-01
  1.923538E+00 7.427E-01
  1.972233E+00 7.052E-01
  2.022160E+00 6.689E-01
  2.073351E+00 6.339E-01
  2.125838E+00 6.008E-01
  2.179655E+00 5.693E-01
  2.234832E+00 5.393E-01
  2.291408E+00 5.112E-01
  2.349415E+00 4.845E-01
  2.408890E+00 4.590E-01
  2.469872E+00 4.347E-01
  2.532396E+00 4.119E-01
  2.596505E+00 3.904E-01
  2.662235E+00 3.698E-01
  2.729630E+00 3.504E-01
  2.798731E+00 3.321E-01
  2.869582E+00 3.144E-01
  2.942225E+00 2.977E-01
  3.016708E+00 2.822E-01
  3.093077E+00 2.672E-01
  3.171377E+00 2.530E-01
  3.251661E+00 2.397E-01
  3.333979E+00 2.271E-01
  3.418378E+00 2.150E-01
  3.504915E+00 2.036E-01
  3.593642E+00 1.927E-01
  3.684616E+00 1.825E-01
  3.777892E+00 1.728E-01
  3.873531E+00 1.638E-01
  3.971588E+00 1.552E-01
  4.072130E+00 1.469E-01
  4.175217E+00 1.389E-01
  4.280912E+00 1.315E-01
  4.389284E+00 1.245E-01
  4.500400E+00 1.179E-01
  4.614327E+00 1.116E-01
  4.731140E+00 1.056E-01
  4.850909E+00 9.994E-02
  4.973710E+00 9.457E-02
  5.099621E+00 8.950E-02
  5.228719E+00 8.436E-02
  5.361084E+00 7.968E-02
  5.496800E+00 7.550E-02
  5.635953E+00 7.127E-02
  5.778628E+00 6.742E-02
  5.924915E+00 6.396E-02
  6.074903E+00 6.049E-02
  6.228691E+00 5.719E-02
  6.386371E+00 5.405E-02
  6.548042E+00 5.110E-02
  6.713808E+00 4.831E-02
  6.883769E+00 4.567E-02
  7.058032E+00 4.316E-02
  7.236706E+00 4.077E-02
  7.419906E+00 3.851E-02
  7.607741E+00 3.637E-02
  7.800332E+00 3.437E-02
  7.997797E+00 3.247E-02
  8.200261E+00 3.067E-02
  8.407852E+00 2.896E-02
  8.620700E+00 2.735E-02
  8.838933E+00 2.583E-02
  9.062693E+00 2.438E-02
  9.292114E+00 2.299E-02
  9.527348E+00 2.168E-02
  9.768532E+00 2.046E-02
  1.001582E+01 1.931E-02
  1.026938E+01 1.823E-02
  1.052935E+01 1.721E-02
  1.079590E+01 1.622E-02
  1.106920E+01 1.529E-02
  1.134942E+01 1.442E-02
  1.163673E+01 1.359E-02
  1.193131E+01 1.281E-02
  1.223336E+01 1.208E-02
  1.254305E+01 1.139E-02
  1.286057E+01 1.074E-02
  1.318614E+01 1.011E-02
  1.351995E+01 9.527E-03
  1.386221E+01 8.973E-03
  1.421313E+01 8.452E-03
  1.457294E+01 7.964E-03
  1.494185E+01 7.469E-03
  1.532011E+01 7.027E-03
  1.570795E+01 6.620E-03
  1.610559E+01 6.229E-03
  1.693777E+01 5.603E-03
  1.781102E+01 4.971E-03
  1.872723E+01 4.410E-03
  1.968843E+01 3.912E-03
  2.069675E+01 3.471E-03
  2.175433E+01 3.079E-03
  2.286354E+01 2.731E-03
  2.402676E+01 2.422E-03
  2.524651E+01 2.148E-03
  2.652541E+01 1.905E-03
  2.786621E+01 1.690E-03
  2.927174E+01 1.499E-03
  3.074503E+01 1.329E-03
  3.228915E+01 1.178E-03
  3.390744E+01 1.045E-03
  3.560323E+01 9.266E-04
  3.738010E+01 8.216E-04
    2    2    0    1
     67     75
  1.600810E+01    0.0000
  1.448472E+01 1.804E-01
  1.485140E+01 1.650E-01
  1.522737E+01 1.509E-01
  1.561286E+01 1.380E-01
  1.600810E+01 1.263E-01
  1.641335E+01 1.155E-01
  1.682886E+01 1.059E-01
  1.725488E+01 9.759E-02
  1.769170E+01 8.940E-02
  1.813956E+01 8.183E-02
  1.859875E+01 7.492E-02
  1.906960E+01 6.865E-02
  1.955234E+01 6.287E-02
  2.004732E+01 5.755E-02
  2.055481E+01 5.265E-02
  2.107516E+01 4.821E-02
  2.160867E+01 4.407E-02
  2.215572E+01 4.031E-02
  2.271658E+01 3.685E-02
  2.329166E+01 3.367E-02
  2.388129E+01 3.076E-02
  2.448584E+01 2.812E-02
  2.510570E+01 2.564E-02
  2.574126E+01 2.343E-02
  2.639288E+01 2.137E-02
  2.706104E+01 1.951E-02
  2.774609E+01 1.780E-02
  2.844849E+01 1.624E-02
  2.916867E+01 1.481E-02
  2.990707E+01 1.347E-02
  3.066418E+01 1.227E-02
  3.144044E+01 1.120E-02
  3.223636E+01 1.020E-02
  3.305243E+01 9.280E-03
  3.388914E+01 8.435E-03
  3.474706E+01 7.666E-03
  3.562668E+01 6.974E-03
  3.652858E+01 6.344E-03
  3.745331E+01 5.765E-03
  3.840144E+01 5.239E-03
  3.937360E+01 4.757E-03
  4.037033E+01 4.320E-03
  4.139230E+01 3.921E-03
  4.244017E+01 3.557E-03
  4.351453E+01 3.228E-03
  4.461610E+01 2.926E-03
  4.574557E+01 2.654E-03
  4.690363E+01 2.405E-03
  4.809099E+01 2.177E-03
  4.930843E+01 1.971E-03
  5.055667E+01 1.783E-03
  5.183652E+01 1.618E-03
  5.314877E+01 1.464E-03
  5.449425E+01 1.324E-03
  5.587378E+01 1.196E-03
  5.728822E+01 1.082E-03
  5.873849E+01 9.765E-04
  6.022545E+01 8.797E-04
  6.175008E+01 7.967E-04
  6.331328E+01 7.180E-04
  6.491606E+01 6.482E-04
  6.655943E+01 5.848E-04
  6.824437E+01 5.273E-04
  6.997198E+01 4.753E-04
  7.174332E+01 4.281E-04
  7.355952E+01 3.859E-04
  7.542169E+01 3.479E-04
  7.777896E+01 3.067E-04
  8.020181E+01 2.696E-04
  8.269191E+01 2.371E-04
  8.525087E+01 2.084E-04
  8.788048E+01 1.832E-04
  9.058246E+01 1.611E-04
  9.335854E+01 1.416E-04
  9.621060E+01 1.245E-04
    2    2    0    2
     89     90
  9.004260E+00    0.0000
  7.558687E+00 4.071E-01
  7.750037E+00 3.796E-01
  7.946230E+00 3.540E-01
  8.147390E+00 3.302E-01
  8.353642E+00 3.079E-01
  8.565116E+00 2.871E-01
  8.781943E+00 2.678E-01
  9.004260E+00 2.497E-01
  9.232204E+00 2.329E-01
  9.465919E+00 2.173E-01
  9.705549E+00 2.024E-01
  9.951248E+00 1.884E-01
  1.020316E+01 1.755E-01
  1.046146E+01 1.634E-01
  1.072629E+01 1.523E-01
  1.099783E+01 1.417E-01
  1.127624E+01 1.316E-01
  1.156170E+01 1.221E-01
  1.185438E+01 1.135E-01
  1.215448E+01 1.053E-01
  1.246217E+01 9.799E-02
  1.277765E+01 9.089E-02
  1.310112E+01 8.438E-02
  1.343278E+01 7.841E-02
  1.377283E+01 7.258E-02
  1.412149E+01 6.722E-02
  1.447898E+01 6.231E-02
  1.484552E+01 5.770E-02
  1.522133E+01 5.340E-02
  1.560666E+01 4.943E-02
  1.600175E+01 4.573E-02
  1.640683E+01 4.227E-02
  1.682217E+01 3.907E-02
  1.724803E+01 3.612E-02
  1.768468E+01 3.337E-02
  1.813235E+01 3.079E-02
  1.859138E+01 2.842E-02
  1.906203E+01 2.623E-02
  1.954457E+01 2.419E-02
  2.003935E+01 2.232E-02
  2.054666E+01 2.057E-02
  2.106677E+01 1.894E-02
  2.160010E+01 1.748E-02
  2.214691E+01 1.609E-02
  2.270757E+01 1.480E-02
  2.328239E+01 1.359E-02
  2.387181E+01 1.249E-02
  2.447610E+01 1.150E-02
  2.509573E+01 1.057E-02
  2.573103E+01 9.707E-03
  2.638243E+01 8.902E-03
  2.705029E+01 8.160E-03
  2.773508E+01 7.528E-03
  2.843719E+01 6.894E-03
  2.915709E+01 6.317E-03
  2.989520E+01 5.789E-03
  3.065199E+01 5.302E-03
  3.142795E+01 4.857E-03
  3.222356E+01 4.448E-03
  3.303931E+01 4.068E-03
  3.387570E+01 3.724E-03
  3.473326E+01 3.405E-03
  3.561253E+01 3.111E-03
  3.651408E+01 2.844E-03
  3.743843E+01 2.599E-03
  3.838620E+01 2.375E-03
  3.935796E+01 2.166E-03
  4.035429E+01 1.977E-03
  4.137587E+01 1.803E-03
  4.242331E+01 1.643E-03
  4.349725E+01 1.498E-03
  4.459839E+01 1.366E-03
  4.572742E+01 1.243E-03
  4.688499E+01 1.134E-03
  4.807190E+01 1.032E-03
  4.928883E+01 9.377E-04
  5.053661E+01 8.511E-04
  5.181593E+01 7.738E-04
  5.312767E+01 7.054E-04
  5.447260E+01 6.394E-04
  5.585159E+01 5.806E-04
  5.726547E+01 5.268E-04
  5.871515E+01 4.782E-04
  6.020152E+01 4.336E-04
  6.172556E+01 3.933E-04
  6.328815E+01 3.564E-04
  6.489027E+01 3.228E-04
  6.653297E+01 2.925E-04
  6.821729E+01 2.653E-04
  7.045219E+01 2.330E-04
    2    2    0    3
    109    109
  5.762360E+00    0.0000
  4.268853E+00 7.892E-01
  4.376920E+00 7.416E-01
  4.487723E+00 6.968E-01
  4.601331E+00 6.547E-01
  4.717815E+00 6.152E-01
  4.837248E+00 5.780E-01
  4.959704E+00 5.431E-01
  5.085261E+00 5.104E-01
  5.213995E+00 4.795E-01
  5.345989E+00 4.506E-01
  5.481325E+00 4.234E-01
  5.620086E+00 3.978E-01
  5.762360E+00 3.738E-01
  5.908236E+00 3.512E-01
  6.057802E+00 3.298E-01
  6.211158E+00 3.095E-01
  6.368393E+00 2.906E-01
  6.529609E+00 2.728E-01
  6.694907E+00 2.558E-01
  6.864390E+00 2.397E-01
  7.038163E+00 2.246E-01
  7.216335E+00 2.103E-01
  7.399018E+00 1.970E-01
  7.586324E+00 1.847E-01
  7.778372E+00 1.730E-01
  7.975284E+00 1.618E-01
  8.177178E+00 1.512E-01
  8.384185E+00 1.414E-01
  8.596432E+00 1.324E-01
  8.814052E+00 1.237E-01
  9.037180E+00 1.154E-01
  9.265958E+00 1.078E-01
  9.500526E+00 1.008E-01
  9.741033E+00 9.421E-02
  9.987628E+00 8.757E-02
  1.024047E+01 8.171E-02
  1.049971E+01 7.613E-02
  1.076551E+01 7.084E-02
  1.103804E+01 6.618E-02
  1.131747E+01 6.163E-02
  1.160397E+01 5.739E-02
  1.189772E+01 5.343E-02
  1.219892E+01 4.971E-02
  1.250773E+01 4.623E-02
  1.282437E+01 4.301E-02
  1.314902E+01 3.997E-02
  1.348189E+01 3.715E-02
  1.382318E+01 3.451E-02
  1.417312E+01 3.203E-02
  1.453191E+01 2.973E-02
  1.489979E+01 2.761E-02
  1.527698E+01 2.559E-02
  1.566372E+01 2.371E-02
  1.606026E+01 2.198E-02
  1.646681E+01 2.036E-02
  1.688367E+01 1.887E-02
  1.731108E+01 1.749E-02
  1.774931E+01 1.618E-02
  1.819864E+01 1.496E-02
  1.865935E+01 1.385E-02
  1.913171E+01 1.279E-02
  1.961601E+01 1.183E-02
  2.011261E+01 1.093E-02
  2.062177E+01 1.009E-02
  2.114381E+01 9.305E-03
  2.167906E+01 8.592E-03
  2.222787E+01 7.955E-03
  2.279057E+01 7.329E-03
  2.336752E+01 6.743E-03
  2.395908E+01 6.212E-03
  2.456560E+01 5.721E-03
  2.518748E+01 5.269E-03
  2.582510E+01 4.848E-03
  2.647887E+01 4.460E-03
  2.714919E+01 4.103E-03
  2.783649E+01 3.772E-03
  2.854115E+01 3.468E-03
  2.926369E+01 3.187E-03
  3.000450E+01 2.927E-03
  3.076405E+01 2.687E-03
  3.154286E+01 2.464E-03
  3.234137E+01 2.260E-03
  3.316010E+01 2.072E-03
  3.399954E+01 1.900E-03
  3.486024E+01 1.741E-03
  3.574274E+01 1.594E-03
  3.664758E+01 1.459E-03
  3.757532E+01 1.334E-03
  3.852654E+01 1.223E-03
  3.950185E+01 1.116E-03
  4.050183E+01 1.021E-03
  4.152715E+01 9.317E-04
  4.257840E+01 8.497E-04
  4.365630E+01 7.766E-04
  4.476144E+01 7.111E-04
  4.589461E+01 6.477E-04
  4.705643E+01 5.908E-04
  4.824765E+01 5.385E-04
  4.946904E+01 4.905E-04
  5.072136E+01 4.465E-04
  5.200539E+01 4.065E-04
  5.332190E+01 3.700E-04
  5.467175E+01 3.368E-04
  5.605577E+01 3.061E-04
  5.747482E+01 2.782E-04
  5.892982E+01 2.527E-04
  6.042162E+01 2.294E-04
  6.195120E+01 2.084E-04
  6.351952E+01 1.891E-04
    2    2    0    4
    109    109
  4.001420E+00    0.0000
  2.964323E+00 1.022E+00
  3.039366E+00 9.631E-01
  3.116308E+00 9.077E-01
  3.195198E+00 8.555E-01
  3.276084E+00 8.063E-01
  3.359019E+00 7.599E-01
  3.444053E+00 7.162E-01
  3.531240E+00 6.750E-01
  3.620634E+00 6.362E-01
  3.712291E+00 5.996E-01
  3.806268E+00 5.651E-01
  3.902624E+00 5.326E-01
  4.001420E+00 5.019E-01
  4.102716E+00 4.731E-01
  4.206576E+00 4.458E-01
  4.313067E+00 4.201E-01
  4.422252E+00 3.956E-01
  4.534203E+00 3.727E-01
  4.648986E+00 3.512E-01
  4.766676E+00 3.306E-01
  4.887344E+00 3.110E-01
  5.011068E+00 2.926E-01
  5.137925E+00 2.754E-01
  5.267992E+00 2.588E-01
  5.401352E+00 2.433E-01
  5.538088E+00 2.286E-01
  5.678285E+00 2.146E-01
  5.822031E+00 2.017E-01
  5.969418E+00 1.896E-01
  6.120533E+00 1.780E-01
  6.275476E+00 1.668E-01
  6.434340E+00 1.568E-01
  6.597225E+00 1.472E-01
  6.764235E+00 1.380E-01
  6.935473E+00 1.292E-01
  7.111045E+00 1.212E-01
  7.291062E+00 1.136E-01
  7.475636E+00 1.064E-01
  7.664883E+00 9.960E-02
  7.858920E+00 9.316E-02
  8.057870E+00 8.711E-02
  8.261855E+00 8.144E-02
  8.471005E+00 7.614E-02
  8.685451E+00 7.124E-02
  8.905324E+00 6.670E-02
  9.130764E+00 6.239E-02
  9.361910E+00 5.829E-02
  9.598907E+00 5.442E-02
  9.841904E+00 5.084E-02
  1.009105E+01 4.745E-02
  1.034651E+01 4.426E-02
  1.060843E+01 4.127E-02
  1.087699E+01 3.849E-02
  1.115234E+01 3.587E-02
  1.143466E+01 3.343E-02
  1.172413E+01 3.117E-02
  1.202093E+01 2.904E-02
  1.232524E+01 2.702E-02
  1.263725E+01 2.517E-02
  1.295717E+01 2.342E-02
  1.328518E+01 2.176E-02
  1.362150E+01 2.022E-02
  1.396633E+01 1.880E-02
  1.431989E+01 1.746E-02
  1.468239E+01 1.623E-02
  1.505409E+01 1.508E-02
  1.543518E+01 1.400E-02
  1.582592E+01 1.299E-02
  1.622655E+01 1.206E-02
  1.663734E+01 1.117E-02
  1.705852E+01 1.034E-02
  1.749036E+01 9.608E-03
  1.793312E+01 8.882E-03
  1.838710E+01 8.237E-03
  1.885258E+01 7.626E-03
  1.932983E+01 7.045E-03
  1.981915E+01 6.515E-03
  2.032089E+01 6.023E-03
  2.083531E+01 5.568E-03
  2.136276E+01 5.145E-03
  2.190356E+01 4.753E-03
  2.245805E+01 4.385E-03
  2.302658E+01 4.046E-03
  2.360950E+01 3.733E-03
  2.420718E+01 3.442E-03
  2.481999E+01 3.173E-03
  2.544832E+01 2.926E-03
  2.609254E+01 2.697E-03
  2.675307E+01 2.483E-03
  2.743033E+01 2.285E-03
  2.812473E+01 2.103E-03
  2.883672E+01 1.934E-03
  2.956673E+01 1.777E-03
  3.031522E+01 1.636E-03
  3.108263E+01 1.503E-03
  3.186951E+01 1.376E-03
  3.267628E+01 1.265E-03
  3.350348E+01 1.163E-03
  3.435162E+01 1.067E-03
  3.522124E+01 9.772E-04
  3.611287E+01 8.940E-04
  3.702707E+01 8.210E-04
  3.796442E+01 7.524E-04
  3.892549E+01 6.879E-04
  3.991089E+01 6.291E-04
  4.092125E+01 5.754E-04
  4.195717E+01 5.259E-04
  4.301932E+01 4.808E-04
  4.410835E+01 4.392E-04
    2    2    0    5
    109    112
  2.939690E+00    0.0000
  2.177769E+00 1.254E+00
  2.232900E+00 1.185E+00
  2.289427E+00 1.119E+00
  2.347384E+00 1.058E+00
  2.406809E+00 9.994E-01
  2.467739E+00 9.443E-01
  2.530210E+00 8.923E-01
  2.594264E+00 8.431E-01
  2.659939E+00 7.966E-01
  2.727276E+00 7.527E-01
  2.796318E+00 7.112E-01
  2.867108E+00 6.721E-01
  2.939690E+00 6.350E-01
  3.014110E+00 6.000E-01
  3.090412E+00 5.667E-01
  3.168647E+00 5.351E-01
  3.248861E+00 5.052E-01
  3.331106E+00 4.768E-01
  3.415433E+00 4.498E-01
  3.501896E+00 4.247E-01
  3.590547E+00 4.006E-01
  3.681442E+00 3.777E-01
  3.774637E+00 3.561E-01
  3.870193E+00 3.357E-01
  3.968168E+00 3.164E-01
  4.068621E+00 2.981E-01
  4.171619E+00 2.808E-01
  4.277225E+00 2.645E-01
  4.385503E+00 2.491E-01
  4.496522E+00 2.347E-01
  4.610353E+00 2.210E-01
  4.727065E+00 2.080E-01
  4.846730E+00 1.957E-01
  4.969426E+00 1.841E-01
  5.095228E+00 1.731E-01
  5.224214E+00 1.628E-01
  5.356466E+00 1.527E-01
  5.492065E+00 1.438E-01
  5.631098E+00 1.351E-01
  5.773650E+00 1.267E-01
  5.919810E+00 1.190E-01
  6.069671E+00 1.117E-01
  6.223325E+00 1.047E-01
  6.380869E+00 9.818E-02
  6.542402E+00 9.238E-02
  6.708025E+00 8.665E-02
  6.877837E+00 8.115E-02
  7.051952E+00 7.602E-02
  7.230472E+00 7.126E-02
  7.413513E+00 6.683E-02
  7.601186E+00 6.264E-02
  7.793612E+00 5.864E-02
  7.990908E+00 5.490E-02
  8.193196E+00 5.136E-02
  8.400611E+00 4.805E-02
  8.613274E+00 4.495E-02
  8.831318E+00 4.205E-02
  9.054885E+00 3.931E-02
  9.284109E+00 3.673E-02
  9.519138E+00 3.431E-02
  9.760117E+00 3.205E-02
  1.000720E+01 2.991E-02
  1.026053E+01 2.793E-02
  1.052028E+01 2.609E-02
  1.078660E+01 2.435E-02
  1.105966E+01 2.270E-02
  1.133964E+01 2.114E-02
  1.162670E+01 1.970E-02
  1.192103E+01 1.836E-02
  1.222282E+01 1.711E-02
  1.253224E+01 1.594E-02
  1.284949E+01 1.486E-02
  1.317478E+01 1.382E-02
  1.350830E+01 1.283E-02
  1.385027E+01 1.192E-02
  1.420089E+01 1.109E-02
  1.456038E+01 1.033E-02
  1.492898E+01 9.581E-03
  1.530691E+01 8.925E-03
  1.569441E+01 8.276E-03
  1.609171E+01 7.665E-03
  1.649907E+01 7.109E-03
  1.691676E+01 6.600E-03
  1.734500E+01 6.118E-03
  1.778409E+01 5.669E-03
  1.823431E+01 5.255E-03
  1.869591E+01 4.867E-03
  1.916919E+01 4.505E-03
  1.965446E+01 4.168E-03
  2.015202E+01 3.856E-03
  2.066217E+01 3.568E-03
  2.118524E+01 3.300E-03
  2.172156E+01 3.049E-03
  2.227142E+01 2.817E-03
  2.283524E+01 2.603E-03
  2.341331E+01 2.399E-03
  2.400601E+01 2.216E-03
  2.461372E+01 2.046E-03
  2.523683E+01 1.887E-03
  2.587570E+01 1.740E-03
  2.653076E+01 1.603E-03
  2.720238E+01 1.477E-03
  2.789102E+01 1.357E-03
  2.859708E+01 1.249E-03
  2.932100E+01 1.151E-03
  3.006328E+01 1.060E-03
  3.082433E+01 9.743E-04
  3.160464E+01 8.948E-04
  3.240472E+01 8.214E-04
  3.366327E+01 7.395E-04
  3.496440E+01 6.517E-04
  3.630934E+01 5.743E-04
    2    2    0    6
    109    114
  2.250630E+00    0.0000
  1.667307E+00 1.526E+00
  1.709515E+00 1.442E+00
  1.752792E+00 1.363E+00
  1.797164E+00 1.288E+00
  1.842659E+00 1.218E+00
  1.889306E+00 1.151E+00
  1.937135E+00 1.088E+00
  1.986174E+00 1.029E+00
  2.036454E+00 9.722E-01
  2.088007E+00 9.189E-01
  2.140865E+00 8.686E-01
  2.195061E+00 8.210E-01
  2.250630E+00 7.760E-01
  2.307605E+00 7.335E-01
  2.366022E+00 6.932E-01
  2.425918E+00 6.550E-01
  2.487331E+00 6.189E-01
  2.550297E+00 5.850E-01
  2.614859E+00 5.530E-01
  2.681054E+00 5.225E-01
  2.748926E+00 4.936E-01
  2.818515E+00 4.662E-01
  2.889866E+00 4.400E-01
  2.963023E+00 4.153E-01
  3.038033E+00 3.921E-01
  3.114941E+00 3.701E-01
  3.193796E+00 3.494E-01
  3.274647E+00 3.298E-01
  3.357545E+00 3.112E-01
  3.442542E+00 2.935E-01
  3.529691E+00 2.768E-01
  3.619045E+00 2.610E-01
  3.710662E+00 2.458E-01
  3.804597E+00 2.316E-01
  3.900911E+00 2.183E-01
  3.999662E+00 2.056E-01
  4.100915E+00 1.938E-01
  4.204730E+00 1.827E-01
  4.311174E+00 1.720E-01
  4.420312E+00 1.619E-01
  4.532213E+00 1.523E-01
  4.646945E+00 1.431E-01
  4.764584E+00 1.347E-01
  4.885200E+00 1.269E-01
  5.008869E+00 1.193E-01
  5.135669E+00 1.120E-01
  5.265679E+00 1.053E-01
  5.398981E+00 9.905E-02
  5.535657E+00 9.313E-02
  5.675792E+00 8.756E-02
  5.819475E+00 8.195E-02
  5.966796E+00 7.692E-02
  6.117846E+00 7.234E-02
  6.272719E+00 6.793E-02
  6.431515E+00 6.372E-02
  6.594330E+00 5.977E-02
  6.761267E+00 5.606E-02
  6.932428E+00 5.253E-02
  7.107922E+00 4.927E-02
  7.287862E+00 4.618E-02
  7.472354E+00 4.326E-02
  7.661519E+00 4.053E-02
  7.855470E+00 3.795E-02
  8.054332E+00 3.552E-02
  8.258230E+00 3.324E-02
  8.467287E+00 3.108E-02
  8.681639E+00 2.907E-02
  8.901413E+00 2.719E-02
  9.126755E+00 2.543E-02
  9.357800E+00 2.377E-02
  9.594694E+00 2.220E-02
  9.837584E+00 2.076E-02
  1.008662E+01 1.936E-02
  1.034197E+01 1.806E-02
  1.060378E+01 1.687E-02
  1.087221E+01 1.576E-02
  1.114744E+01 1.469E-02
  1.142964E+01 1.370E-02
  1.171898E+01 1.277E-02
  1.201565E+01 1.189E-02
  1.231983E+01 1.110E-02
  1.263171E+01 1.031E-02
  1.295148E+01 9.596E-03
  1.327935E+01 8.939E-03
  1.361552E+01 8.327E-03
  1.396020E+01 7.753E-03
  1.431360E+01 7.182E-03
  1.467595E+01 6.682E-03
  1.504747E+01 6.212E-03
  1.542840E+01 5.772E-03
  1.581897E+01 5.361E-03
  1.621944E+01 4.975E-03
  1.663004E+01 4.616E-03
  1.705103E+01 4.282E-03
  1.748268E+01 3.972E-03
  1.792525E+01 3.682E-03
  1.837901E+01 3.413E-03
  1.884428E+01 3.161E-03
  1.932133E+01 2.925E-03
  1.981046E+01 2.709E-03
  2.031197E+01 2.508E-03
  2.082617E+01 2.322E-03
  2.135339E+01 2.147E-03
  2.189394E+01 1.983E-03
  2.244820E+01 1.832E-03
  2.301646E+01 1.692E-03
  2.359914E+01 1.562E-03
  2.419656E+01 1.444E-03
  2.480910E+01 1.332E-03
  2.582530E+01 1.203E-03
  2.687825E+01 1.062E-03
  2.796909E+01 9.365E-04
  2.909901E+01 8.261E-04
  3.026929E+01 7.287E-04
    2    2    0    7
    109    116
  1.778220E+00    0.0000
  1.317341E+00 1.742E+00
  1.350689E+00 1.652E+00
  1.384882E+00 1.566E+00
  1.419940E+00 1.485E+00
  1.455886E+00 1.409E+00
  1.492741E+00 1.336E+00
  1.530530E+00 1.267E+00
  1.569275E+00 1.202E+00
  1.609001E+00 1.140E+00
  1.649733E+00 1.081E+00
  1.691496E+00 1.025E+00
  1.734316E+00 9.719E-01
  1.778220E+00 9.218E-01
  1.823236E+00 8.742E-01
  1.869392E+00 8.274E-01
  1.916715E+00 7.817E-01
  1.965238E+00 7.392E-01
  2.014988E+00 6.986E-01
  2.065996E+00 6.601E-01
  2.118297E+00 6.241E-01
  2.171923E+00 5.900E-01
  2.226904E+00 5.577E-01
  2.283280E+00 5.273E-01
  2.341082E+00 4.983E-01
  2.400345E+00 4.706E-01
  2.461111E+00 4.445E-01
  2.523414E+00 4.200E-01
  2.587295E+00 3.969E-01
  2.652792E+00 3.750E-01
  2.719948E+00 3.540E-01
  2.788804E+00 3.341E-01
  2.859403E+00 3.151E-01
  2.931788E+00 2.975E-01
  3.006007E+00 2.809E-01
  3.082106E+00 2.652E-01
  3.160128E+00 2.501E-01
  3.240128E+00 2.359E-01
  3.322153E+00 2.226E-01
  3.406252E+00 2.099E-01
  3.492482E+00 1.979E-01
  3.580895E+00 1.866E-01
  3.671546E+00 1.759E-01
  3.764491E+00 1.659E-01
  3.859791E+00 1.563E-01
  3.957501E+00 1.471E-01
  4.057686E+00 1.387E-01
  4.160407E+00 1.306E-01
  4.265727E+00 1.228E-01
  4.373715E+00 1.154E-01
  4.484437E+00 1.087E-01
  4.597960E+00 1.025E-01
  4.714359E+00 9.651E-02
  4.833702E+00 9.050E-02
  4.956068E+00 8.514E-02
  5.081533E+00 8.011E-02
  5.210173E+00 7.514E-02
  5.342068E+00 7.067E-02
  5.477303E+00 6.646E-02
  5.615962E+00 6.246E-02
  5.758131E+00 5.864E-02
  5.903899E+00 5.508E-02
  6.053355E+00 5.172E-02
  6.206597E+00 4.854E-02
  6.363719E+00 4.554E-02
  6.524816E+00 4.273E-02
  6.689994E+00 4.007E-02
  6.859352E+00 3.757E-02
  7.032997E+00 3.522E-02
  7.211037E+00 3.302E-02
  7.393587E+00 3.094E-02
  7.580757E+00 2.898E-02
  7.772664E+00 2.713E-02
  7.969429E+00 2.540E-02
  8.171174E+00 2.379E-02
  8.378029E+00 2.227E-02
  8.590122E+00 2.084E-02
  8.807581E+00 1.948E-02
  9.030547E+00 1.821E-02
  9.259155E+00 1.701E-02
  9.493553E+00 1.590E-02
  9.733883E+00 1.486E-02
  9.980298E+00 1.386E-02
  1.023295E+01 1.294E-02
  1.049200E+01 1.208E-02
  1.075760E+01 1.127E-02
  1.102994E+01 1.055E-02
  1.130916E+01 9.819E-03
  1.159545E+01 9.162E-03
  1.188899E+01 8.543E-03
  1.218996E+01 7.949E-03
  1.249855E+01 7.437E-03
  1.281495E+01 6.909E-03
  1.313937E+01 6.429E-03
  1.347199E+01 5.983E-03
  1.381304E+01 5.565E-03
  1.416272E+01 5.174E-03
  1.452125E+01 4.815E-03
  1.488885E+01 4.474E-03
  1.526577E+01 4.156E-03
  1.565223E+01 3.862E-03
  1.604846E+01 3.586E-03
  1.645473E+01 3.328E-03
  1.687128E+01 3.092E-03
  1.729839E+01 2.865E-03
  1.773630E+01 2.657E-03
  1.818529E+01 2.465E-03
  1.864565E+01 2.285E-03
  1.911768E+01 2.115E-03
  1.960162E+01 1.956E-03
  2.044078E+01 1.774E-03
  2.131204E+01 1.567E-03
  2.221648E+01 1.383E-03
  2.315524E+01 1.221E-03
  2.412950E+01 1.078E-03
  2.514046E+01 9.519E-04
  2.618935E+01 8.403E-04
    0    0    0    0
