   20    2    P
    1    0    0    1
     19     56
  3.752720E+02    0.0100
  3.722891E+02 3.562E-02
  3.730349E+02 3.544E-02
  3.737800E+02 3.527E-02
  3.745259E+02 3.510E-02
  3.752690E+02 3.493E-02
  3.956279E+02 3.052E-02
  4.154780E+02 2.684E-02
  4.352371E+02 2.371E-02
  4.551660E+02 2.103E-02
  4.769028E+02 1.850E-02
  4.993298E+02 1.628E-02
  5.224644E+02 1.432E-02
  5.463228E+02 1.260E-02
  5.709233E+02 1.108E-02
  5.962832E+02 9.750E-03
  6.224211E+02 8.576E-03
  6.493547E+02 7.543E-03
  6.771033E+02 6.634E-03
  7.056853E+02 5.834E-03
  7.351206E+02 5.137E-03
  7.405430E+02 5.027E-03
  7.771040E+02 4.402E-03
  8.154700E+02 3.851E-03
  8.557300E+02 3.366E-03
  8.979780E+02 2.940E-03
  9.423120E+02 2.566E-03
  9.888340E+02 2.237E-03
  1.037650E+03 1.949E-03
  1.088880E+03 1.697E-03
  1.142640E+03 1.476E-03
  1.199050E+03 1.283E-03
  1.258250E+03 1.115E-03
  1.320370E+03 9.674E-04
  1.385560E+03 8.390E-04
  1.453970E+03 7.271E-04
  1.525750E+03 6.297E-04
  1.601080E+03 5.450E-04
  1.680120E+03 4.713E-04
  1.763070E+03 4.073E-04
  1.850110E+03 3.518E-04
  1.941450E+03 3.035E-04
  2.037310E+03 2.618E-04
  2.137890E+03 2.256E-04
  2.243440E+03 1.943E-04
  2.354200E+03 1.672E-04
  2.470420E+03 1.438E-04
  2.592390E+03 1.235E-04
  2.720380E+03 1.061E-04
  2.854680E+03 9.104E-05
  2.995620E+03 7.801E-05
  3.143520E+03 6.684E-05
  3.298710E+03 5.718E-05
  3.461570E+03 4.894E-05
  3.632470E+03 4.180E-05
  3.811810E+03 3.574E-05
  4.000000E+03 3.051E-05
    1    0    0    2
     18     62
  9.094550E+01    0.0100
  8.796210E+01 4.311E-02
  8.870790E+01 4.238E-02
  8.945380E+01 4.166E-02
  9.019971E+01 4.096E-02
  9.094189E+01 4.028E-02
  9.616710E+01 3.587E-02
  1.016660E+02 3.194E-02
  1.074480E+02 2.842E-02
  1.135240E+02 2.529E-02
  1.199030E+02 2.249E-02
  1.265950E+02 1.999E-02
  1.336110E+02 1.776E-02
  1.409590E+02 1.578E-02
  1.486490E+02 1.401E-02
  1.566910E+02 1.244E-02
  1.650950E+02 1.104E-02
  1.738710E+02 9.789E-03
  1.830270E+02 8.680E-03
  1.928086E+02 7.692E-03
  2.030281E+02 6.807E-03
  2.137022E+02 6.024E-03
  2.248479E+02 5.330E-03
  2.364830E+02 4.715E-03
  2.486257E+02 4.171E-03
  2.612947E+02 3.690E-03
  2.745098E+02 3.264E-03
  2.882915E+02 2.886E-03
  3.026597E+02 2.552E-03
  3.176362E+02 2.257E-03
  3.332434E+02 1.995E-03
  3.495037E+02 1.764E-03
  3.664404E+02 1.559E-03
  3.840779E+02 1.378E-03
  4.024417E+02 1.218E-03
  4.215564E+02 1.077E-03
  4.414497E+02 9.515E-04
  4.621484E+02 8.407E-04
  4.836807E+02 7.428E-04
  5.060757E+02 6.563E-04
  5.293633E+02 5.798E-04
  5.535747E+02 5.122E-04
  5.787410E+02 4.524E-04
  6.048958E+02 3.996E-04
  6.320720E+02 3.529E-04
  6.603049E+02 3.116E-04
  6.896296E+02 2.752E-04
  7.200840E+02 2.430E-04
  7.517051E+02 2.145E-04
  7.845322E+02 1.894E-04
  8.186057E+02 1.672E-04
  8.539668E+02 1.476E-04
  8.906582E+02 1.303E-04
  9.287234E+02 1.150E-04
  9.682075E+02 1.015E-04
  1.009157E+03 8.957E-05
  1.051619E+03 7.904E-05
  1.095643E+03 6.975E-05
  1.141281E+03 6.154E-05
  1.188583E+03 5.430E-05
  1.237603E+03 4.791E-05
  1.288397E+03 4.226E-05
  1.341020E+03 3.728E-05
    1    0    0    3
     28     63
  4.032980E+01    0.0100
  3.734630E+01 7.967E-02
  3.809219E+01 7.661E-02
  3.883800E+01 7.370E-02
  3.958389E+01 7.096E-02
  4.032610E+01 6.837E-02
  4.268950E+01 6.097E-02
  4.517909E+01 5.436E-02
  4.780090E+01 4.846E-02
  5.056110E+01 4.320E-02
  5.346629E+01 3.850E-02
  5.652330E+01 3.431E-02
  5.973911E+01 3.057E-02
  6.312120E+01 2.724E-02
  6.667720E+01 2.426E-02
  7.041499E+01 2.161E-02
  7.434300E+01 1.925E-02
  7.846980E+01 1.714E-02
  8.280431E+01 1.526E-02
  8.735590E+01 1.359E-02
  9.213420E+01 1.210E-02
  9.714931E+01 1.077E-02
  1.024120E+02 9.583E-03
  1.079320E+02 8.528E-03
  1.137220E+02 7.588E-03
  1.197930E+02 6.751E-03
  1.261570E+02 6.006E-03
  1.328270E+02 5.342E-03
  1.398150E+02 4.751E-03
  1.473370E+02 4.216E-03
  1.552267E+02 3.739E-03
  1.635005E+02 3.315E-03
  1.721754E+02 2.939E-03
  1.812691E+02 2.606E-03
  1.908002E+02 2.310E-03
  2.007875E+02 2.048E-03
  2.112513E+02 1.815E-03
  2.222123E+02 1.609E-03
  2.336919E+02 1.426E-03
  2.457127E+02 1.264E-03
  2.582979E+02 1.120E-03
  2.714717E+02 9.921E-04
  2.852595E+02 8.791E-04
  2.996873E+02 7.788E-04
  3.147822E+02 6.900E-04
  3.305730E+02 6.112E-04
  3.470889E+02 5.414E-04
  3.643599E+02 4.795E-04
  3.824180E+02 4.247E-04
  4.012964E+02 3.761E-04
  4.210291E+02 3.331E-04
  4.416514E+02 2.950E-04
  4.632004E+02 2.612E-04
  4.857141E+02 2.312E-04
  5.092324E+02 2.047E-04
  5.337961E+02 1.813E-04
  5.594487E+02 1.605E-04
  5.862341E+02 1.420E-04
  6.141982E+02 1.257E-04
  6.433894E+02 1.113E-04
  6.738567E+02 9.849E-05
  7.056519E+02 8.716E-05
  7.388284E+02 7.714E-05
  7.734407E+02 6.826E-05
    1    0    0    4
     36     64
  2.265630E+01    0.0100
  1.967290E+01 1.340E-01
  2.041870E+01 1.244E-01
  2.116460E+01 1.158E-01
  2.191051E+01 1.080E-01
  2.265269E+01 1.010E-01
  2.395660E+01 9.015E-02
  2.533260E+01 8.046E-02
  2.678450E+01 7.180E-02
  2.831599E+01 6.407E-02
  2.993130E+01 5.717E-02
  3.163460E+01 5.101E-02
  3.343040E+01 4.550E-02
  3.532330E+01 4.059E-02
  3.731810E+01 3.620E-02
  3.941991E+01 3.228E-02
  4.163400E+01 2.879E-02
  4.396600E+01 2.567E-02
  4.642140E+01 2.288E-02
  4.900639E+01 2.040E-02
  5.172720E+01 1.818E-02
  5.459039E+01 1.621E-02
  5.760271E+01 1.444E-02
  6.077119E+01 1.287E-02
  6.410330E+01 1.147E-02
  6.760660E+01 1.022E-02
  7.128931E+01 9.099E-03
  7.515950E+01 8.105E-03
  7.922600E+01 7.218E-03
  8.349780E+01 6.428E-03
  8.798421E+01 5.723E-03
  9.269501E+01 5.096E-03
  9.764030E+01 4.536E-03
  1.028310E+02 4.038E-03
  1.082770E+02 3.594E-03
  1.139910E+02 3.198E-03
  1.199830E+02 2.846E-03
  1.264592E+02 2.533E-03
  1.332641E+02 2.248E-03
  1.404134E+02 1.996E-03
  1.479236E+02 1.771E-03
  1.558117E+02 1.572E-03
  1.640957E+02 1.395E-03
  1.727945E+02 1.238E-03
  1.819273E+02 1.098E-03
  1.915146E+02 9.744E-04
  2.015779E+02 8.645E-04
  2.121393E+02 7.670E-04
  2.232221E+02 6.804E-04
  2.348506E+02 6.036E-04
  2.470502E+02 5.354E-04
  2.598469E+02 4.749E-04
  2.732690E+02 4.212E-04
  2.873447E+02 3.736E-04
  3.021047E+02 3.313E-04
  3.175798E+02 2.938E-04
  3.338030E+02 2.606E-04
  3.508083E+02 2.311E-04
  3.686311E+02 2.049E-04
  3.873093E+02 1.817E-04
  4.068811E+02 1.611E-04
  4.273870E+02 1.428E-04
  4.488689E+02 1.266E-04
  4.713706E+02 1.122E-04
  4.949385E+02 9.948E-05
    1    0    0    5
     43     65
  1.448840E+01    0.0100
  1.150500E+01 2.196E-01
  1.225080E+01 1.935E-01
  1.299670E+01 1.717E-01
  1.374260E+01 1.533E-01
  1.448480E+01 1.378E-01
  1.529770E+01 1.231E-01
  1.615640E+01 1.099E-01
  1.706351E+01 9.816E-02
  1.802161E+01 8.765E-02
  1.903349E+01 7.826E-02
  2.010190E+01 6.988E-02
  2.123010E+01 6.238E-02
  2.242090E+01 5.569E-02
  2.367790E+01 4.971E-02
  2.500439E+01 4.437E-02
  2.640410E+01 3.959E-02
  2.788071E+01 3.533E-02
  2.943810E+01 3.153E-02
  3.108060E+01 2.813E-02
  3.281239E+01 2.509E-02
  3.463800E+01 2.238E-02
  3.656210E+01 1.996E-02
  3.858960E+01 1.780E-02
  4.072560E+01 1.588E-02
  4.297540E+01 1.416E-02
  4.534470E+01 1.262E-02
  4.783900E+01 1.125E-02
  5.046460E+01 1.003E-02
  5.322749E+01 8.937E-03
  5.613429E+01 7.964E-03
  5.919180E+01 7.096E-03
  6.240691E+01 6.322E-03
  6.578709E+01 5.631E-03
  6.933980E+01 5.016E-03
  7.307291E+01 4.467E-03
  7.699471E+01 3.977E-03
  8.111340E+01 3.541E-03
  8.543800E+01 3.153E-03
  8.997749E+01 2.806E-03
  9.474130E+01 2.497E-03
  9.973930E+01 2.222E-03
  1.049810E+02 1.977E-03
  1.104780E+02 1.759E-03
  1.164639E+02 1.576E-03
  1.227608E+02 1.400E-03
  1.293845E+02 1.243E-03
  1.363511E+02 1.104E-03
  1.436776E+02 9.804E-04
  1.513818E+02 8.706E-04
  1.594826E+02 7.731E-04
  1.679995E+02 6.864E-04
  1.769529E+02 6.095E-04
  1.863645E+02 5.411E-04
  1.962566E+02 4.804E-04
  2.066529E+02 4.265E-04
  2.175782E+02 3.786E-04
  2.290581E+02 3.361E-04
  2.411197E+02 2.984E-04
  2.537917E+02 2.649E-04
  2.671033E+02 2.351E-04
  2.810854E+02 2.087E-04
  2.957710E+02 1.852E-04
  3.111936E+02 1.644E-04
  3.273894E+02 1.459E-04
  3.443950E+02 1.295E-04
    1    0    0    6
     50     65
  1.005590E+01    0.0100
  7.541924E+00 3.233E-01
  7.818310E+00 2.984E-01
  8.564180E+00 2.479E-01
  9.310050E+00 2.089E-01
  1.005230E+01 1.785E-01
  1.061030E+01 1.594E-01
  1.119960E+01 1.424E-01
  1.182210E+01 1.271E-01
  1.247960E+01 1.135E-01
  1.317380E+01 1.014E-01
  1.390700E+01 9.054E-02
  1.468100E+01 8.084E-02
  1.549830E+01 7.217E-02
  1.636099E+01 6.443E-02
  1.727161E+01 5.752E-02
  1.823270E+01 5.135E-02
  1.924690E+01 4.583E-02
  2.031720E+01 4.091E-02
  2.144630E+01 3.651E-02
  2.263741E+01 3.258E-02
  2.389371E+01 2.908E-02
  2.521860E+01 2.594E-02
  2.661571E+01 2.315E-02
  2.808859E+01 2.065E-02
  2.964120E+01 1.842E-02
  3.127750E+01 1.643E-02
  3.300191E+01 1.466E-02
  3.481870E+01 1.307E-02
  3.673250E+01 1.166E-02
  3.874820E+01 1.039E-02
  4.087080E+01 9.266E-03
  4.310550E+01 8.261E-03
  4.545779E+01 7.364E-03
  4.793350E+01 6.564E-03
  5.053850E+01 5.850E-03
  5.327890E+01 5.213E-03
  5.616130E+01 4.645E-03
  5.919240E+01 4.139E-03
  6.237920E+01 3.687E-03
  6.572890E+01 3.284E-03
  6.924921E+01 2.925E-03
  7.294791E+01 2.605E-03
  7.683321E+01 2.320E-03
  8.091370E+01 2.066E-03
  8.519810E+01 1.839E-03
  8.969580E+01 1.637E-03
  9.441611E+01 1.457E-03
  9.936909E+01 1.297E-03
  1.045650E+02 1.154E-03
  1.100140E+02 1.027E-03
  1.159691E+02 9.235E-04
  1.222365E+02 8.204E-04
  1.288322E+02 7.288E-04
  1.357729E+02 6.474E-04
  1.430758E+02 5.751E-04
  1.507594E+02 5.108E-04
  1.588430E+02 4.537E-04
  1.673466E+02 4.030E-04
  1.762918E+02 3.579E-04
  1.857002E+02 3.179E-04
  1.955956E+02 2.823E-04
  2.060021E+02 2.507E-04
  2.169454E+02 2.227E-04
  2.284524E+02 1.977E-04
  2.405513E+02 1.756E-04
    1    0    0    7
     54     65
  7.385100E+00    0.0100
  5.538825E+00 4.089E-01
  5.893360E+00 3.549E-01
  6.639230E+00 2.776E-01
  7.381490E+00 2.229E-01
  7.787960E+00 1.991E-01
  8.217180E+00 1.778E-01
  8.670390E+00 1.587E-01
  9.148930E+00 1.417E-01
  9.654180E+00 1.266E-01
  1.018760E+01 1.130E-01
  1.075070E+01 1.009E-01
  1.134520E+01 9.010E-02
  1.197270E+01 8.044E-02
  1.263500E+01 7.181E-02
  1.333410E+01 6.411E-02
  1.407170E+01 5.723E-02
  1.485020E+01 5.109E-02
  1.567160E+01 4.560E-02
  1.653819E+01 4.070E-02
  1.745239E+01 3.632E-02
  1.841679E+01 3.242E-02
  1.943390E+01 2.893E-02
  2.050661E+01 2.582E-02
  2.163780E+01 2.304E-02
  2.283040E+01 2.055E-02
  2.408771E+01 1.834E-02
  2.541299E+01 1.636E-02
  2.680991E+01 1.459E-02
  2.828200E+01 1.302E-02
  2.983310E+01 1.161E-02
  3.146719E+01 1.035E-02
  3.318851E+01 9.234E-03
  3.500150E+01 8.235E-03
  3.691071E+01 7.342E-03
  3.892090E+01 6.547E-03
  4.103700E+01 5.836E-03
  4.326450E+01 5.203E-03
  4.560860E+01 4.638E-03
  4.807520E+01 4.133E-03
  5.067010E+01 3.684E-03
  5.339960E+01 3.283E-03
  5.627010E+01 2.925E-03
  5.928850E+01 2.606E-03
  6.246170E+01 2.322E-03
  6.579720E+01 2.069E-03
  6.930251E+01 1.843E-03
  7.298550E+01 1.641E-03
  7.685480E+01 1.461E-03
  8.091870E+01 1.301E-03
  8.518640E+01 1.159E-03
  8.966721E+01 1.032E-03
  9.437080E+01 9.185E-04
  9.930730E+01 8.176E-04
  1.044870E+02 7.277E-04
  1.101564E+02 6.556E-04
  1.161261E+02 5.826E-04
  1.224116E+02 5.177E-04
  1.290292E+02 4.600E-04
  1.359961E+02 4.087E-04
  1.433302E+02 3.631E-04
  1.510503E+02 3.226E-04
  1.591765E+02 2.866E-04
  1.677296E+02 2.547E-04
  1.767314E+02 2.262E-04
  1.862049E+02 2.010E-04
    1    0    0    8
     58     64
  5.652530E+00    0.0100
  4.239397E+00 4.960E-01
  4.906660E+00 3.634E-01
  5.648920E+00 2.709E-01
  5.957580E+00 2.419E-01
  6.283430E+00 2.160E-01
  6.627420E+00 1.929E-01
  6.990540E+00 1.722E-01
  7.373860E+00 1.538E-01
  7.778470E+00 1.373E-01
  8.205570E+00 1.226E-01
  8.656360E+00 1.095E-01
  9.132160E+00 9.772E-02
  9.634310E+00 8.724E-02
  1.016430E+01 7.789E-02
  1.072350E+01 6.953E-02
  1.131370E+01 6.207E-02
  1.193640E+01 5.541E-02
  1.259340E+01 4.946E-02
  1.328660E+01 4.414E-02
  1.401780E+01 3.940E-02
  1.478920E+01 3.517E-02
  1.560290E+01 3.138E-02
  1.646100E+01 2.801E-02
  1.736600E+01 2.499E-02
  1.832040E+01 2.230E-02
  1.932660E+01 1.990E-02
  2.038750E+01 1.776E-02
  2.150580E+01 1.584E-02
  2.268469E+01 1.413E-02
  2.392720E+01 1.261E-02
  2.523650E+01 1.125E-02
  2.661620E+01 1.003E-02
  2.806979E+01 8.949E-03
  2.960120E+01 7.981E-03
  3.121420E+01 7.118E-03
  3.291299E+01 6.347E-03
  3.470200E+01 5.660E-03
  3.658560E+01 5.046E-03
  3.856860E+01 4.499E-03
  4.065590E+01 4.011E-03
  4.285280E+01 3.576E-03
  4.516470E+01 3.187E-03
  4.759711E+01 2.841E-03
  5.015610E+01 2.532E-03
  5.284760E+01 2.256E-03
  5.567841E+01 2.011E-03
  5.865491E+01 1.792E-03
  6.178430E+01 1.596E-03
  6.507390E+01 1.422E-03
  6.853130E+01 1.267E-03
  7.216440E+01 1.128E-03
  7.598160E+01 1.005E-03
  7.999150E+01 8.950E-04
  8.420309E+01 7.970E-04
  8.862590E+01 7.097E-04
  9.326950E+01 6.319E-04
  9.814420E+01 5.626E-04
  1.032610E+02 5.008E-04
  1.088707E+02 4.523E-04
  1.147794E+02 4.019E-04
  1.210027E+02 3.572E-04
  1.275571E+02 3.175E-04
  1.344599E+02 2.821E-04
  1.417294E+02 2.507E-04
    1    0    0    9
     62     64
  4.465160E+00    0.0100
  3.348870E+00 6.116E-01
  3.719290E+00 4.721E-01
  4.461550E+00 3.222E-01
  4.703740E+00 2.877E-01
  4.959360E+00 2.569E-01
  5.229150E+00 2.293E-01
  5.513900E+00 2.048E-01
  5.814410E+00 1.828E-01
  6.131580E+00 1.632E-01
  6.466310E+00 1.457E-01
  6.819560E+00 1.301E-01
  7.192360E+00 1.162E-01
  7.585770E+00 1.037E-01
  8.000930E+00 9.259E-02
  8.439010E+00 8.265E-02
  8.901260E+00 7.379E-02
  9.389000E+00 6.587E-02
  9.903610E+00 5.880E-02
  1.044650E+01 5.248E-02
  1.101930E+01 4.685E-02
  1.162360E+01 4.181E-02
  1.226090E+01 3.732E-02
  1.293320E+01 3.331E-02
  1.364230E+01 2.973E-02
  1.439010E+01 2.653E-02
  1.517880E+01 2.367E-02
  1.601030E+01 2.113E-02
  1.688721E+01 1.885E-02
  1.781160E+01 1.682E-02
  1.878619E+01 1.501E-02
  1.981351E+01 1.339E-02
  2.089630E+01 1.195E-02
  2.203751E+01 1.066E-02
  2.324010E+01 9.507E-03
  2.450740E+01 8.480E-03
  2.584250E+01 7.564E-03
  2.724899E+01 6.746E-03
  2.873061E+01 6.017E-03
  3.029111E+01 5.366E-03
  3.193449E+01 4.785E-03
  3.366499E+01 4.267E-03
  3.548700E+01 3.804E-03
  3.740511E+01 3.392E-03
  3.942410E+01 3.024E-03
  4.154900E+01 2.696E-03
  4.378520E+01 2.403E-03
  4.613800E+01 2.142E-03
  4.861330E+01 1.909E-03
  5.121719E+01 1.701E-03
  5.395570E+01 1.516E-03
  5.683560E+01 1.351E-03
  5.986369E+01 1.204E-03
  6.304720E+01 1.073E-03
  6.639340E+01 9.556E-04
  6.991029E+01 8.513E-04
  7.360600E+01 7.583E-04
  7.748900E+01 6.754E-04
  8.156799E+01 6.015E-04
  8.585240E+01 5.357E-04
  9.035181E+01 4.770E-04
  9.507620E+01 4.248E-04
  1.000360E+02 3.782E-04
  1.054814E+02 3.422E-04
  1.112190E+02 3.041E-04
    1    0    0   10
     64     64
  3.616100E+00    0.0100
  2.712075E+00 7.264E-01
  2.870240E+00 6.124E-01
  3.612490E+00 3.769E-01
  3.807440E+00 3.365E-01
  4.013150E+00 3.004E-01
  4.230210E+00 2.682E-01
  4.459260E+00 2.395E-01
  4.700950E+00 2.138E-01
  4.955980E+00 1.909E-01
  5.225090E+00 1.704E-01
  5.509060E+00 1.521E-01
  5.808690E+00 1.358E-01
  6.124860E+00 1.212E-01
  6.458450E+00 1.082E-01
  6.810430E+00 9.662E-02
  7.181810E+00 8.626E-02
  7.573630E+00 7.700E-02
  7.987010E+00 6.873E-02
  8.423130E+00 6.135E-02
  8.883210E+00 5.477E-02
  9.368560E+00 4.888E-02
  9.880530E+00 4.363E-02
  1.042060E+01 3.894E-02
  1.099020E+01 3.476E-02
  1.159090E+01 3.102E-02
  1.222450E+01 2.769E-02
  1.289270E+01 2.471E-02
  1.359730E+01 2.205E-02
  1.434030E+01 1.968E-02
  1.512360E+01 1.756E-02
  1.594950E+01 1.567E-02
  1.682010E+01 1.398E-02
  1.773790E+01 1.247E-02
  1.870531E+01 1.113E-02
  1.972490E+01 9.927E-03
  2.079950E+01 8.856E-03
  2.193179E+01 7.900E-03
  2.312489E+01 7.047E-03
  2.438190E+01 6.286E-03
  2.570610E+01 5.606E-03
  2.710110E+01 5.000E-03
  2.857030E+01 4.459E-03
  3.011760E+01 3.977E-03
  3.174699E+01 3.546E-03
  3.346260E+01 3.162E-03
  3.526891E+01 2.819E-03
  3.717030E+01 2.514E-03
  3.917160E+01 2.241E-03
  4.127789E+01 1.998E-03
  4.349440E+01 1.781E-03
  4.582660E+01 1.587E-03
  4.828011E+01 1.415E-03
  5.086099E+01 1.261E-03
  5.357561E+01 1.124E-03
  5.643040E+01 1.001E-03
  5.943221E+01 8.924E-04
  6.258820E+01 7.951E-04
  6.590581E+01 7.084E-04
  6.939290E+01 6.311E-04
  7.305750E+01 5.622E-04
  7.690820E+01 5.008E-04
  8.095390E+01 4.461E-04
  8.520380E+01 3.973E-04
  8.966760E+01 3.538E-04
    3    0    0    1
     18     62
  9.257790E+01    0.0100
  8.959441E+01 4.251E-02
  9.034030E+01 4.181E-02
  9.108620E+01 4.112E-02
  9.183200E+01 4.045E-02
  9.257430E+01 3.979E-02
  9.803400E+01 3.540E-02
  1.037540E+02 3.149E-02
  1.097450E+02 2.801E-02
  1.160200E+02 2.492E-02
  1.225930E+02 2.216E-02
  1.294760E+02 1.971E-02
  1.366840E+02 1.754E-02
  1.442320E+02 1.560E-02
  1.521350E+02 1.387E-02
  1.604090E+02 1.234E-02
  1.690720E+02 1.097E-02
  1.781410E+02 9.759E-03
  1.876350E+02 8.680E-03
  1.978514E+02 7.685E-03
  2.085474E+02 6.808E-03
  2.197423E+02 6.030E-03
  2.314564E+02 5.341E-03
  2.437108E+02 4.730E-03
  2.565269E+02 4.188E-03
  2.699272E+02 3.708E-03
  2.839353E+02 3.283E-03
  2.985750E+02 2.906E-03
  3.138713E+02 2.573E-03
  3.298499E+02 2.277E-03
  3.465371E+02 2.015E-03
  3.639609E+02 1.783E-03
  3.821504E+02 1.578E-03
  4.011343E+02 1.396E-03
  4.209431E+02 1.235E-03
  4.416084E+02 1.093E-03
  4.631628E+02 9.668E-04
  4.856406E+02 8.551E-04
  5.090759E+02 7.563E-04
  5.335051E+02 6.689E-04
  5.589651E+02 5.915E-04
  5.854944E+02 5.231E-04
  6.131331E+02 4.625E-04
  6.419221E+02 4.089E-04
  6.719033E+02 3.615E-04
  7.031213E+02 3.196E-04
  7.356208E+02 2.825E-04
  7.694482E+02 2.497E-04
  8.046519E+02 2.207E-04
  8.412822E+02 1.950E-04
  8.793899E+02 1.723E-04
  9.190281E+02 1.523E-04
  9.602515E+02 1.346E-04
  1.003116E+03 1.189E-04
  1.047681E+03 1.050E-04
  1.094006E+03 9.280E-05
  1.142153E+03 8.198E-05
  1.192186E+03 7.241E-05
  1.244171E+03 6.396E-05
  1.298176E+03 5.649E-05
  1.354271E+03 4.989E-05
  1.412529E+03 4.406E-05
  1.473024E+03 3.891E-05
    3    0    0    2
     27     64
  4.076050E+01    0.0100
  3.777699E+01 7.841E-02
  3.852290E+01 7.544E-02
  3.926871E+01 7.262E-02
  4.001460E+01 6.996E-02
  4.075690E+01 6.744E-02
  4.316270E+01 6.013E-02
  4.569591E+01 5.361E-02
  4.836279E+01 4.779E-02
  5.116960E+01 4.260E-02
  5.412320E+01 3.797E-02
  5.723061E+01 3.384E-02
  6.049910E+01 3.015E-02
  6.393649E+01 2.687E-02
  6.755070E+01 2.394E-02
  7.135020E+01 2.133E-02
  7.534360E+01 1.900E-02
  7.954010E+01 1.692E-02
  8.394930E+01 1.507E-02
  8.858110E+01 1.343E-02
  9.344591E+01 1.196E-02
  9.855460E+01 1.065E-02
  1.039190E+02 9.480E-03
  1.095490E+02 8.440E-03
  1.154600E+02 7.514E-03
  1.216620E+02 6.689E-03
  1.281710E+02 5.954E-03
  1.349990E+02 5.300E-03
  1.423515E+02 4.700E-03
  1.500697E+02 4.169E-03
  1.581699E+02 3.698E-03
  1.666697E+02 3.280E-03
  1.755873E+02 2.909E-03
  1.849412E+02 2.580E-03
  1.947511E+02 2.288E-03
  2.050374E+02 2.029E-03
  2.158210E+02 1.799E-03
  2.271243E+02 1.595E-03
  2.389702E+02 1.414E-03
  2.513826E+02 1.253E-03
  2.643865E+02 1.111E-03
  2.780076E+02 9.845E-04
  2.922732E+02 8.726E-04
  3.072109E+02 7.733E-04
  3.228499E+02 6.853E-04
  3.392207E+02 6.072E-04
  3.563545E+02 5.380E-04
  3.742847E+02 4.767E-04
  3.930447E+02 4.223E-04
  4.126699E+02 3.741E-04
  4.331975E+02 3.314E-04
  4.546658E+02 2.936E-04
  4.771140E+02 2.600E-04
  5.005837E+02 2.303E-04
  5.251179E+02 2.040E-04
  5.507610E+02 1.806E-04
  5.775591E+02 1.600E-04
  6.055608E+02 1.416E-04
  6.348162E+02 1.254E-04
  6.653767E+02 1.110E-04
  6.972964E+02 9.831E-05
  7.306301E+02 8.703E-05
  7.654380E+02 7.704E-05
  8.017781E+02 6.820E-05
  8.397141E+02 6.036E-05
    3    0    0    3
     36     64
  2.283090E+01    0.0100
  1.984740E+01 1.318E-01
  2.059331E+01 1.225E-01
  2.133920E+01 1.141E-01
  2.208501E+01 1.065E-01
  2.282730E+01 9.966E-02
  2.414830E+01 8.895E-02
  2.554210E+01 7.939E-02
  2.701241E+01 7.084E-02
  2.856329E+01 6.321E-02
  3.019881E+01 5.640E-02
  3.192329E+01 5.032E-02
  3.374120E+01 4.489E-02
  3.565720E+01 4.004E-02
  3.767641E+01 3.571E-02
  3.980380E+01 3.185E-02
  4.204500E+01 2.841E-02
  4.440540E+01 2.533E-02
  4.689110E+01 2.258E-02
  4.950819E+01 2.013E-02
  5.226320E+01 1.795E-02
  5.516270E+01 1.600E-02
  5.821390E+01 1.426E-02
  6.142400E+01 1.271E-02
  6.480080E+01 1.133E-02
  6.835220E+01 1.009E-02
  7.208650E+01 8.993E-03
  7.601260E+01 8.012E-03
  8.013950E+01 7.138E-03
  8.447659E+01 6.358E-03
  8.903400E+01 5.663E-03
  9.382170E+01 5.044E-03
  9.885069E+01 4.492E-03
  1.041320E+02 4.000E-03
  1.096770E+02 3.561E-03
  1.154990E+02 3.171E-03
  1.216100E+02 2.822E-03
  1.282096E+02 2.510E-03
  1.351468E+02 2.228E-03
  1.424379E+02 1.978E-03
  1.501000E+02 1.756E-03
  1.581509E+02 1.558E-03
  1.666092E+02 1.383E-03
  1.754944E+02 1.228E-03
  1.848268E+02 1.089E-03
  1.946277E+02 9.668E-04
  2.049193E+02 8.579E-04
  2.157247E+02 7.613E-04
  2.270683E+02 6.755E-04
  2.389753E+02 5.993E-04
  2.514724E+02 5.317E-04
  2.645867E+02 4.717E-04
  2.783479E+02 4.185E-04
  2.927854E+02 3.712E-04
  3.079312E+02 3.293E-04
  3.238176E+02 2.921E-04
  3.404792E+02 2.591E-04
  3.579517E+02 2.298E-04
  3.762725E+02 2.038E-04
  3.954807E+02 1.807E-04
  4.156169E+02 1.603E-04
  4.367231E+02 1.421E-04
  4.588445E+02 1.260E-04
  4.820266E+02 1.117E-04
  5.063179E+02 9.906E-05
    3    0    0    4
     43     65
  1.457610E+01    0.0100
  1.159260E+01 2.158E-01
  1.233850E+01 1.905E-01
  1.308430E+01 1.692E-01
  1.383020E+01 1.513E-01
  1.457250E+01 1.360E-01
  1.539440E+01 1.215E-01
  1.626260E+01 1.085E-01
  1.717960E+01 9.686E-02
  1.814819E+01 8.649E-02
  1.917090E+01 7.723E-02
  2.025079E+01 6.895E-02
  2.139090E+01 6.155E-02
  2.259430E+01 5.495E-02
  2.386440E+01 4.905E-02
  2.520470E+01 4.378E-02
  2.661890E+01 3.907E-02
  2.811070E+01 3.486E-02
  2.968420E+01 3.111E-02
  3.134360E+01 2.776E-02
  3.309331E+01 2.476E-02
  3.493781E+01 2.209E-02
  3.688190E+01 1.970E-02
  3.893060E+01 1.757E-02
  4.108920E+01 1.567E-02
  4.336301E+01 1.398E-02
  4.575790E+01 1.246E-02
  4.827960E+01 1.111E-02
  5.093430E+01 9.904E-03
  5.372861E+01 8.828E-03
  5.666901E+01 7.868E-03
  5.976270E+01 7.011E-03
  6.301680E+01 6.248E-03
  6.643890E+01 5.566E-03
  7.003700E+01 4.959E-03
  7.381911E+01 4.417E-03
  7.779379E+01 3.934E-03
  8.197000E+01 3.504E-03
  8.635680E+01 3.120E-03
  9.096381E+01 2.778E-03
  9.580090E+01 2.473E-03
  1.008780E+02 2.201E-03
  1.062070E+02 1.959E-03
  1.117980E+02 1.744E-03
  1.178791E+02 1.560E-03
  1.242779E+02 1.386E-03
  1.310102E+02 1.231E-03
  1.380929E+02 1.093E-03
  1.455435E+02 9.710E-04
  1.533803E+02 8.623E-04
  1.616226E+02 7.658E-04
  1.702906E+02 6.800E-04
  1.794053E+02 6.039E-04
  1.889890E+02 5.362E-04
  1.990646E+02 4.761E-04
  2.096567E+02 4.227E-04
  2.207904E+02 3.753E-04
  2.324928E+02 3.332E-04
  2.447914E+02 2.959E-04
  2.577156E+02 2.626E-04
  2.712961E+02 2.332E-04
  2.855647E+02 2.070E-04
  3.005552E+02 1.837E-04
  3.163030E+02 1.631E-04
  3.328440E+02 1.448E-04
  3.502175E+02 1.285E-04
    3    0    0    5
     49     65
  1.010610E+01    0.0100
  7.579575E+00 3.189E-01
  7.868500E+00 2.935E-01
  8.614370E+00 2.442E-01
  9.360240E+00 2.061E-01
  1.010250E+01 1.763E-01
  1.066580E+01 1.575E-01
  1.126070E+01 1.406E-01
  1.188910E+01 1.256E-01
  1.255260E+01 1.121E-01
  1.325330E+01 1.001E-01
  1.399310E+01 8.940E-02
  1.477410E+01 7.982E-02
  1.559870E+01 7.127E-02
  1.646899E+01 6.362E-02
  1.738770E+01 5.680E-02
  1.835719E+01 5.070E-02
  1.938029E+01 4.526E-02
  2.045979E+01 4.039E-02
  2.159860E+01 3.605E-02
  2.279990E+01 3.217E-02
  2.406700E+01 2.871E-02
  2.540331E+01 2.562E-02
  2.681230E+01 2.286E-02
  2.829790E+01 2.039E-02
  2.986391E+01 1.819E-02
  3.151450E+01 1.623E-02
  3.325391E+01 1.448E-02
  3.508681E+01 1.291E-02
  3.701770E+01 1.151E-02
  3.905161E+01 1.027E-02
  4.119370E+01 9.156E-03
  4.344930E+01 8.163E-03
  4.582410E+01 7.278E-03
  4.832381E+01 6.488E-03
  5.095470E+01 5.783E-03
  5.372310E+01 5.154E-03
  5.663560E+01 4.594E-03
  5.969920E+01 4.094E-03
  6.292110E+01 3.648E-03
  6.630901E+01 3.250E-03
  6.987050E+01 2.895E-03
  7.361400E+01 2.579E-03
  7.754790E+01 2.297E-03
  8.168120E+01 2.046E-03
  8.602290E+01 1.822E-03
  9.058290E+01 1.622E-03
  9.537109E+01 1.444E-03
  1.003980E+02 1.286E-03
  1.056740E+02 1.145E-03
  1.114281E+02 1.027E-03
  1.174863E+02 9.125E-04
  1.238642E+02 8.107E-04
  1.305781E+02 7.203E-04
  1.376453E+02 6.399E-04
  1.450838E+02 5.685E-04
  1.529126E+02 5.050E-04
  1.611516E+02 4.487E-04
  1.698216E+02 3.985E-04
  1.789443E+02 3.540E-04
  1.885429E+02 3.145E-04
  1.986412E+02 2.793E-04
  2.092651E+02 2.481E-04
  2.204406E+02 2.204E-04
  2.321958E+02 1.957E-04
  2.445598E+02 1.738E-04
    3    0    0    6
     54     65
  7.416510E+00    0.0100
  5.562382E+00 4.033E-01
  5.924780E+00 3.495E-01
  6.670640E+00 2.738E-01
  7.412900E+00 2.202E-01
  7.822530E+00 1.966E-01
  8.255060E+00 1.756E-01
  8.711760E+00 1.568E-01
  9.193950E+00 1.400E-01
  9.703040E+00 1.250E-01
  1.024050E+01 1.116E-01
  1.080790E+01 9.968E-02
  1.140680E+01 8.899E-02
  1.203890E+01 7.945E-02
  1.270620E+01 7.093E-02
  1.341030E+01 6.332E-02
  1.415350E+01 5.653E-02
  1.493760E+01 5.046E-02
  1.576500E+01 4.504E-02
  1.663800E+01 4.020E-02
  1.755890E+01 3.588E-02
  1.853030E+01 3.202E-02
  1.955490E+01 2.858E-02
  2.063541E+01 2.550E-02
  2.177490E+01 2.276E-02
  2.297639E+01 2.031E-02
  2.424310E+01 1.812E-02
  2.557840E+01 1.616E-02
  2.698599E+01 1.442E-02
  2.846930E+01 1.286E-02
  3.003250E+01 1.147E-02
  3.167960E+01 1.023E-02
  3.341470E+01 9.128E-03
  3.524249E+01 8.140E-03
  3.716760E+01 7.259E-03
  3.919490E+01 6.473E-03
  4.132950E+01 5.771E-03
  4.357671E+01 5.145E-03
  4.594220E+01 4.587E-03
  4.843179E+01 4.089E-03
  5.105161E+01 3.645E-03
  5.380791E+01 3.249E-03
  5.670760E+01 2.895E-03
  5.975751E+01 2.580E-03
  6.296480E+01 2.299E-03
  6.633730E+01 2.048E-03
  6.988271E+01 1.825E-03
  7.360930E+01 1.626E-03
  7.752570E+01 1.448E-03
  8.164101E+01 1.290E-03
  8.596440E+01 1.149E-03
  9.050560E+01 1.023E-03
  9.527490E+01 9.110E-04
  1.002830E+02 8.112E-04
  1.055400E+02 7.222E-04
  1.112861E+02 6.496E-04
  1.173378E+02 5.772E-04
  1.237110E+02 5.130E-04
  1.304226E+02 4.558E-04
  1.374900E+02 4.051E-04
  1.449315E+02 3.599E-04
  1.527666E+02 3.198E-04
  1.610159E+02 2.842E-04
  1.697004E+02 2.525E-04
  1.788427E+02 2.243E-04
  1.884663E+02 1.993E-04
    3    0    0    7
     58     64
  5.673490E+00    0.0100
  4.255116E+00 4.892E-01
  4.927620E+00 3.584E-01
  5.669880E+00 2.676E-01
  5.980870E+00 2.390E-01
  6.309160E+00 2.134E-01
  6.655710E+00 1.905E-01
  7.021530E+00 1.701E-01
  7.407670E+00 1.519E-01
  7.815270E+00 1.356E-01
  8.245480E+00 1.211E-01
  8.699550E+00 1.081E-01
  9.178780E+00 9.652E-02
  9.684550E+00 8.617E-02
  1.021830E+01 7.692E-02
  1.078150E+01 6.867E-02
  1.137580E+01 6.130E-02
  1.200290E+01 5.472E-02
  1.266460E+01 4.885E-02
  1.336260E+01 4.360E-02
  1.409900E+01 3.891E-02
  1.487570E+01 3.473E-02
  1.569500E+01 3.100E-02
  1.655920E+01 2.766E-02
  1.747050E+01 2.469E-02
  1.843140E+01 2.203E-02
  1.944470E+01 1.966E-02
  2.051311E+01 1.754E-02
  2.163930E+01 1.565E-02
  2.282660E+01 1.396E-02
  2.407790E+01 1.246E-02
  2.539670E+01 1.111E-02
  2.678650E+01 9.913E-03
  2.825090E+01 8.842E-03
  2.979379E+01 7.886E-03
  3.141910E+01 7.034E-03
  3.313110E+01 6.273E-03
  3.493420E+01 5.594E-03
  3.683299E+01 4.988E-03
  3.883231E+01 4.448E-03
  4.093719E+01 3.966E-03
  4.315300E+01 3.536E-03
  4.548520E+01 3.152E-03
  4.793961E+01 2.810E-03
  5.052220E+01 2.505E-03
  5.323950E+01 2.232E-03
  5.609801E+01 1.990E-03
  5.910460E+01 1.773E-03
  6.226649E+01 1.580E-03
  6.559140E+01 1.408E-03
  6.908701E+01 1.254E-03
  7.276160E+01 1.118E-03
  7.662379E+01 9.957E-04
  8.068250E+01 8.869E-04
  8.494720E+01 7.900E-04
  8.942751E+01 7.036E-04
  9.413350E+01 6.266E-04
  9.907610E+01 5.580E-04
  1.042660E+02 4.969E-04
  1.099463E+02 4.478E-04
  1.159305E+02 3.980E-04
  1.222345E+02 3.537E-04
  1.288750E+02 3.144E-04
  1.358696E+02 2.794E-04
  1.432371E+02 2.483E-04
    3    0    0    8
     62     64
  4.479840E+00    0.0100
  3.359879E+00 6.033E-01
  3.733970E+00 4.655E-01
  4.476230E+00 3.184E-01
  4.720100E+00 2.843E-01
  4.977480E+00 2.538E-01
  5.249110E+00 2.266E-01
  5.535790E+00 2.023E-01
  5.838340E+00 1.807E-01
  6.157640E+00 1.613E-01
  6.494610E+00 1.440E-01
  6.850210E+00 1.286E-01
  7.225460E+00 1.148E-01
  7.621450E+00 1.025E-01
  8.039300E+00 9.148E-02
  8.480210E+00 8.166E-02
  8.945430E+00 7.290E-02
  9.436280E+00 6.507E-02
  9.954150E+00 5.809E-02
  1.050050E+01 5.185E-02
  1.107690E+01 4.628E-02
  1.168490E+01 4.131E-02
  1.232620E+01 3.687E-02
  1.300270E+01 3.291E-02
  1.371610E+01 2.937E-02
  1.446860E+01 2.621E-02
  1.526210E+01 2.339E-02
  1.609880E+01 2.087E-02
  1.698109E+01 1.863E-02
  1.791130E+01 1.662E-02
  1.889191E+01 1.483E-02
  1.992570E+01 1.323E-02
  2.101540E+01 1.180E-02
  2.216389E+01 1.053E-02
  2.337430E+01 9.395E-03
  2.464980E+01 8.381E-03
  2.599380E+01 7.476E-03
  2.740981E+01 6.669E-03
  2.890150E+01 5.948E-03
  3.047290E+01 5.305E-03
  3.212801E+01 4.731E-03
  3.387100E+01 4.219E-03
  3.570650E+01 3.762E-03
  3.763921E+01 3.355E-03
  3.967390E+01 2.991E-03
  4.181580E+01 2.667E-03
  4.407040E+01 2.378E-03
  4.644310E+01 2.120E-03
  4.893990E+01 1.889E-03
  5.156709E+01 1.684E-03
  5.433099E+01 1.501E-03
  5.723830E+01 1.338E-03
  6.029620E+01 1.192E-03
  6.351210E+01 1.062E-03
  6.689349E+01 9.467E-04
  7.044859E+01 8.436E-04
  7.418590E+01 7.516E-04
  7.811400E+01 6.696E-04
  8.224220E+01 5.965E-04
  8.658009E+01 5.313E-04
  9.113760E+01 4.732E-04
  9.592520E+01 4.215E-04
  1.009540E+02 3.754E-04
  1.064643E+02 3.388E-04
  1.122712E+02 3.012E-04
    3    0    0    9
     64     64
  3.626780E+00    0.0100
  2.720084E+00 7.170E-01
  2.880910E+00 6.037E-01
  3.623170E+00 3.724E-01
  3.819400E+00 3.325E-01
  4.026440E+00 2.968E-01
  4.244920E+00 2.650E-01
  4.475450E+00 2.366E-01
  4.718700E+00 2.112E-01
  4.975370E+00 1.886E-01
  5.246210E+00 1.683E-01
  5.531970E+00 1.503E-01
  5.833500E+00 1.342E-01
  6.151650E+00 1.198E-01
  6.487320E+00 1.069E-01
  6.841480E+00 9.545E-02
  7.215150E+00 8.521E-02
  7.609360E+00 7.606E-02
  8.025260E+00 6.790E-02
  8.464020E+00 6.061E-02
  8.926870E+00 5.410E-02
  9.415110E+00 4.829E-02
  9.930130E+00 4.310E-02
  1.047340E+01 3.847E-02
  1.104630E+01 3.433E-02
  1.165070E+01 3.064E-02
  1.228800E+01 2.735E-02
  1.296010E+01 2.441E-02
  1.366880E+01 2.178E-02
  1.441610E+01 1.944E-02
  1.520410E+01 1.734E-02
  1.603490E+01 1.548E-02
  1.691071E+01 1.381E-02
  1.783400E+01 1.232E-02
  1.880721E+01 1.099E-02
  1.983299E+01 9.808E-03
  2.091409E+01 8.750E-03
  2.205341E+01 7.806E-03
  2.325400E+01 6.964E-03
  2.451900E+01 6.212E-03
  2.585181E+01 5.541E-03
  2.725591E+01 4.942E-03
  2.873489E+01 4.408E-03
  3.029280E+01 3.931E-03
  3.193350E+01 3.506E-03
  3.366141E+01 3.127E-03
  3.548080E+01 2.788E-03
  3.739639E+01 2.486E-03
  3.941299E+01 2.217E-03
  4.153590E+01 1.976E-03
  4.377029E+01 1.762E-03
  4.612180E+01 1.571E-03
  4.859630E+01 1.400E-03
  5.120000E+01 1.248E-03
  5.393919E+01 1.112E-03
  5.682080E+01 9.915E-04
  5.985159E+01 8.837E-04
  6.303909E+01 7.875E-04
  6.639101E+01 7.018E-04
  6.991530E+01 6.253E-04
  7.362030E+01 5.572E-04
  7.751500E+01 4.964E-04
  8.160840E+01 4.422E-04
  8.591020E+01 3.940E-04
  9.043030E+01 3.509E-04
    1    2    0    1
     42     60
  4.010800E+01    0.0100
  3.712450E+01 6.511E-02
  3.787041E+01 6.085E-02
  3.861620E+01 5.692E-02
  3.936211E+01 5.331E-02
  4.010440E+01 5.000E-02
  4.157021E+01 4.416E-02
  4.308440E+01 3.901E-02
  4.464810E+01 3.445E-02
  4.626289E+01 3.042E-02
  4.792999E+01 2.686E-02
  4.965100E+01 2.371E-02
  5.142731E+01 2.094E-02
  5.326041E+01 1.848E-02
  5.515179E+01 1.631E-02
  5.710310E+01 1.440E-02
  5.911591E+01 1.271E-02
  6.119170E+01 1.122E-02
  6.333231E+01 9.897E-03
  6.553940E+01 8.733E-03
  6.781461E+01 7.705E-03
  7.015970E+01 6.798E-03
  7.257651E+01 5.997E-03
  7.506680E+01 5.290E-03
  7.763251E+01 4.666E-03
  8.027541E+01 4.115E-03
  8.299760E+01 3.629E-03
  8.580099E+01 3.201E-03
  8.868750E+01 2.822E-03
  9.165919E+01 2.488E-03
  9.471831E+01 2.194E-03
  9.786670E+01 1.934E-03
  1.011070E+02 1.705E-03
  1.044410E+02 1.503E-03
  1.078700E+02 1.325E-03
  1.113980E+02 1.167E-03
  1.150270E+02 1.029E-03
  1.187590E+02 9.067E-04
  1.225960E+02 7.989E-04
  1.265410E+02 7.039E-04
  1.305960E+02 6.202E-04
  1.347640E+02 5.464E-04
  1.390470E+02 4.813E-04
  1.435370E+02 4.247E-04
  1.481556E+02 3.735E-04
  1.529061E+02 3.285E-04
  1.577917E+02 2.889E-04
  1.628161E+02 2.540E-04
  1.679825E+02 2.234E-04
  1.732947E+02 1.965E-04
  1.787563E+02 1.727E-04
  1.843708E+02 1.519E-04
  1.901423E+02 1.336E-04
  1.960748E+02 1.174E-04
  2.021722E+02 1.032E-04
  2.084385E+02 9.077E-05
  2.148779E+02 7.980E-05
  2.214948E+02 7.015E-05
  2.282933E+02 6.167E-05
  2.352782E+02 5.421E-05
  2.424538E+02 4.765E-05
    1    2    0    2
     49     61
  2.256081E+01    0.0100
  1.957739E+01 1.462E-01
  2.032320E+01 1.320E-01
  2.106911E+01 1.196E-01
  2.181500E+01 1.086E-01
  2.255721E+01 9.898E-02
  2.356770E+01 8.755E-02
  2.461440E+01 7.743E-02
  2.569850E+01 6.847E-02
  2.682111E+01 6.054E-02
  2.798320E+01 5.353E-02
  2.918600E+01 4.732E-02
  3.043069E+01 4.183E-02
  3.171851E+01 3.697E-02
  3.305060E+01 3.268E-02
  3.442830E+01 2.888E-02
  3.585291E+01 2.552E-02
  3.732570E+01 2.255E-02
  3.884801E+01 1.992E-02
  4.042140E+01 1.760E-02
  4.204700E+01 1.554E-02
  4.372650E+01 1.373E-02
  4.546130E+01 1.212E-02
  4.725301E+01 1.071E-02
  4.910300E+01 9.455E-03
  5.101300E+01 8.349E-03
  5.298460E+01 7.371E-03
  5.501961E+01 6.508E-03
  5.711951E+01 5.745E-03
  5.928610E+01 5.071E-03
  6.152130E+01 4.476E-03
  6.382680E+01 3.950E-03
  6.620450E+01 3.486E-03
  6.865640E+01 3.077E-03
  7.118440E+01 2.715E-03
  7.379041E+01 2.395E-03
  7.647659E+01 2.113E-03
  7.924500E+01 1.864E-03
  8.209779E+01 1.645E-03
  8.503709E+01 1.451E-03
  8.806520E+01 1.280E-03
  9.118430E+01 1.129E-03
  9.439680E+01 9.955E-04
  9.770509E+01 8.779E-04
  1.011120E+02 7.742E-04
  1.046190E+02 6.826E-04
  1.082290E+02 6.019E-04
  1.119460E+02 5.307E-04
  1.157700E+02 4.679E-04
  1.197060E+02 4.125E-04
  1.238255E+02 3.629E-04
  1.280655E+02 3.192E-04
  1.324290E+02 2.807E-04
  1.369191E+02 2.469E-04
  1.415390E+02 2.172E-04
  1.462919E+02 1.910E-04
  1.511812E+02 1.680E-04
  1.562102E+02 1.477E-04
  1.613822E+02 1.299E-04
  1.667008E+02 1.142E-04
  1.721697E+02 1.004E-04
  1.777924E+02 8.829E-05
    1    2    0    3
     56     61
  1.443940E+01    0.0100
  1.145590E+01 2.612E-01
  1.220180E+01 2.242E-01
  1.294760E+01 1.940E-01
  1.369350E+01 1.689E-01
  1.443580E+01 1.480E-01
  1.514030E+01 1.312E-01
  1.587390E+01 1.163E-01
  1.663741E+01 1.031E-01
  1.743190E+01 9.136E-02
  1.825830E+01 8.094E-02
  1.911749E+01 7.171E-02
  2.001070E+01 6.351E-02
  2.093880E+01 5.625E-02
  2.190300E+01 4.981E-02
  2.290421E+01 4.410E-02
  2.394370E+01 3.903E-02
  2.502240E+01 3.455E-02
  2.614169E+01 3.057E-02
  2.730270E+01 2.705E-02
  2.850650E+01 2.393E-02
  2.975450E+01 2.117E-02
  3.104781E+01 1.873E-02
  3.238770E+01 1.656E-02
  3.377550E+01 1.464E-02
  3.521271E+01 1.295E-02
  3.670039E+01 1.145E-02
  3.824010E+01 1.012E-02
  3.983321E+01 8.941E-03
  4.148120E+01 7.901E-03
  4.318550E+01 6.981E-03
  4.494749E+01 6.168E-03
  4.676880E+01 5.449E-03
  4.865100E+01 4.813E-03
  5.059560E+01 4.250E-03
  5.260420E+01 3.753E-03
  5.467850E+01 3.314E-03
  5.682010E+01 2.926E-03
  5.903059E+01 2.583E-03
  6.131190E+01 2.280E-03
  6.366570E+01 2.012E-03
  6.609370E+01 1.776E-03
  6.859779E+01 1.567E-03
  7.117990E+01 1.383E-03
  7.384171E+01 1.220E-03
  7.658521E+01 1.076E-03
  7.941240E+01 9.491E-04
  8.232520E+01 8.371E-04
  8.532570E+01 7.382E-04
  8.841589E+01 6.510E-04
  9.159779E+01 5.740E-04
  9.487370E+01 5.060E-04
  9.824561E+01 4.461E-04
  1.017160E+02 3.932E-04
  1.052860E+02 3.466E-04
  1.089600E+02 3.055E-04
  1.127380E+02 2.692E-04
  1.167412E+02 2.397E-04
  1.208653E+02 2.109E-04
  1.251136E+02 1.856E-04
  1.294890E+02 1.633E-04
  1.339950E+02 1.437E-04
    1    2    0    4
     62     62
  1.002730E+01    0.0100
  7.520474E+00 3.893E-01
  7.789690E+00 3.564E-01
  8.535560E+00 2.890E-01
  9.281430E+00 2.378E-01
  1.002370E+01 1.985E-01
  1.053730E+01 1.763E-01
  1.107390E+01 1.565E-01
  1.163430E+01 1.389E-01
  1.221920E+01 1.233E-01
  1.282970E+01 1.094E-01
  1.346650E+01 9.708E-02
  1.413050E+01 8.612E-02
  1.482270E+01 7.639E-02
  1.554400E+01 6.774E-02
  1.629539E+01 6.006E-02
  1.707780E+01 5.324E-02
  1.789220E+01 4.719E-02
  1.873981E+01 4.182E-02
  1.962151E+01 3.706E-02
  2.053830E+01 3.283E-02
  2.149150E+01 2.908E-02
  2.248210E+01 2.576E-02
  2.351131E+01 2.281E-02
  2.458009E+01 2.019E-02
  2.568990E+01 1.788E-02
  2.684180E+01 1.582E-02
  2.803709E+01 1.400E-02
  2.927699E+01 1.239E-02
  3.056270E+01 1.096E-02
  3.189580E+01 9.698E-03
  3.327730E+01 8.578E-03
  3.470880E+01 7.586E-03
  3.619160E+01 6.708E-03
  3.772720E+01 5.931E-03
  3.931689E+01 5.243E-03
  4.096230E+01 4.635E-03
  4.266479E+01 4.096E-03
  4.442590E+01 3.620E-03
  4.624741E+01 3.198E-03
  4.813060E+01 2.826E-03
  5.007719E+01 2.496E-03
  5.208890E+01 2.205E-03
  5.416740E+01 1.947E-03
  5.631419E+01 1.719E-03
  5.853130E+01 1.518E-03
  6.082021E+01 1.340E-03
  6.318291E+01 1.183E-03
  6.562109E+01 1.044E-03
  6.813670E+01 9.217E-04
  7.073151E+01 8.134E-04
  7.340759E+01 7.177E-04
  7.616679E+01 6.332E-04
  7.901109E+01 5.586E-04
  8.194260E+01 4.928E-04
  8.496320E+01 4.346E-04
  8.807520E+01 3.833E-04
  9.128050E+01 3.380E-04
  9.458141E+01 2.981E-04
  9.798000E+01 2.628E-04
  1.014790E+02 2.317E-04
  1.050790E+02 2.042E-04
  1.087850E+02 1.800E-04
    1    2    0    5
     61     61
  7.366990E+00    0.0100
  5.525242E+00 4.865E-01
  5.875250E+00 4.179E-01
  6.621120E+00 3.197E-01
  7.363380E+00 2.511E-01
  7.750290E+00 2.233E-01
  8.155550E+00 1.985E-01
  8.579860E+00 1.764E-01
  9.023980E+00 1.568E-01
  9.488630E+00 1.393E-01
  9.974610E+00 1.238E-01
  1.048270E+01 1.099E-01
  1.101370E+01 9.761E-02
  1.156850E+01 8.667E-02
  1.214790E+01 7.694E-02
  1.275280E+01 6.829E-02
  1.338410E+01 6.060E-02
  1.404260E+01 5.377E-02
  1.472940E+01 4.770E-02
  1.544540E+01 4.231E-02
  1.619160E+01 3.752E-02
  1.696899E+01 3.327E-02
  1.777859E+01 2.950E-02
  1.862151E+01 2.615E-02
  1.949870E+01 2.317E-02
  2.041141E+01 2.053E-02
  2.136050E+01 1.819E-02
  2.234740E+01 1.612E-02
  2.337320E+01 1.427E-02
  2.443900E+01 1.264E-02
  2.554610E+01 1.119E-02
  2.669560E+01 9.909E-03
  2.788901E+01 8.771E-03
  2.912740E+01 7.763E-03
  3.041220E+01 6.870E-03
  3.174471E+01 6.078E-03
  3.312630E+01 5.377E-03
  3.455830E+01 4.756E-03
  3.604230E+01 4.207E-03
  3.757961E+01 3.720E-03
  3.917171E+01 3.289E-03
  4.082010E+01 2.908E-03
  4.252640E+01 2.570E-03
  4.429210E+01 2.272E-03
  4.611880E+01 2.008E-03
  4.800800E+01 1.774E-03
  4.996150E+01 1.567E-03
  5.198090E+01 1.384E-03
  5.406799E+01 1.223E-03
  5.622430E+01 1.080E-03
  5.845180E+01 9.537E-04
  6.075211E+01 8.421E-04
  6.312720E+01 7.435E-04
  6.557880E+01 6.563E-04
  6.810890E+01 5.793E-04
  7.071941E+01 5.113E-04
  7.341209E+01 4.512E-04
  7.618919E+01 3.981E-04
  7.905260E+01 3.513E-04
  8.200430E+01 3.099E-04
  8.504640E+01 2.733E-04
  8.818111E+01 2.411E-04
    1    2    0    6
     61     61
  5.640370E+00    0.0100
  4.230277E+00 5.826E-01
  4.894500E+00 4.193E-01
  5.636760E+00 3.062E-01
  5.939310E+00 2.725E-01
  6.256680E+00 2.424E-01
  6.589480E+00 2.156E-01
  6.938350E+00 1.918E-01
  7.303930E+00 1.705E-01
  7.686890E+00 1.516E-01
  8.087910E+00 1.348E-01
  8.507710E+00 1.198E-01
  8.947010E+00 1.064E-01
  9.406540E+00 9.457E-02
  9.887090E+00 8.401E-02
  1.038940E+01 7.462E-02
  1.091440E+01 6.626E-02
  1.146280E+01 5.884E-02
  1.203550E+01 5.223E-02
  1.263330E+01 4.636E-02
  1.325720E+01 4.114E-02
  1.390810E+01 3.651E-02
  1.458680E+01 3.239E-02
  1.529450E+01 2.873E-02
  1.603200E+01 2.548E-02
  1.680040E+01 2.259E-02
  1.760080E+01 2.003E-02
  1.843410E+01 1.776E-02
  1.930141E+01 1.574E-02
  2.020390E+01 1.395E-02
  2.114281E+01 1.236E-02
  2.211909E+01 1.095E-02
  2.313400E+01 9.701E-03
  2.418880E+01 8.592E-03
  2.528470E+01 7.609E-03
  2.642300E+01 6.737E-03
  2.760490E+01 5.965E-03
  2.883189E+01 5.280E-03
  3.010519E+01 4.673E-03
  3.142610E+01 4.136E-03
  3.279620E+01 3.659E-03
  3.421690E+01 3.238E-03
  3.568961E+01 2.864E-03
  3.721581E+01 2.533E-03
  3.879710E+01 2.240E-03
  4.043500E+01 1.981E-03
  4.213100E+01 1.752E-03
  4.388690E+01 1.548E-03
  4.570419E+01 1.369E-03
  4.758470E+01 1.210E-03
  4.953011E+01 1.069E-03
  5.154201E+01 9.447E-04
  5.362241E+01 8.347E-04
  5.577299E+01 7.374E-04
  5.799561E+01 6.513E-04
  6.029221E+01 5.753E-04
  6.266460E+01 5.080E-04
  6.511490E+01 4.486E-04
  6.764500E+01 3.961E-04
  7.025690E+01 3.497E-04
  7.295270E+01 3.087E-04
  7.573450E+01 2.725E-04
    1    2    0    7
     61     61
  4.456610E+00    0.0100
  3.342457E+00 7.114E-01
  3.710740E+00 5.436E-01
  4.453000E+00 3.641E-01
  4.692400E+00 3.243E-01
  4.943950E+00 2.887E-01
  5.208180E+00 2.571E-01
  5.485630E+00 2.288E-01
  5.776900E+00 2.037E-01
  6.082550E+00 1.812E-01
  6.403200E+00 1.612E-01
  6.739480E+00 1.434E-01
  7.092030E+00 1.276E-01
  7.461510E+00 1.135E-01
  7.848600E+00 1.009E-01
  8.254020E+00 8.969E-02
  8.678480E+00 7.972E-02
  9.122730E+00 7.085E-02
  9.587540E+00 6.295E-02
  1.007370E+01 5.593E-02
  1.058200E+01 4.968E-02
  1.111320E+01 4.412E-02
  1.166830E+01 3.918E-02
  1.224810E+01 3.478E-02
  1.285350E+01 3.088E-02
  1.348540E+01 2.740E-02
  1.414480E+01 2.432E-02
  1.483250E+01 2.158E-02
  1.554970E+01 1.914E-02
  1.629720E+01 1.698E-02
  1.707620E+01 1.506E-02
  1.788780E+01 1.335E-02
  1.873280E+01 1.184E-02
  1.961259E+01 1.049E-02
  2.052820E+01 9.298E-03
  2.148080E+01 8.239E-03
  2.247150E+01 7.300E-03
  2.350160E+01 6.467E-03
  2.457230E+01 5.728E-03
  2.568491E+01 5.073E-03
  2.684061E+01 4.492E-03
  2.804080E+01 3.977E-03
  2.928670E+01 3.521E-03
  3.057990E+01 3.116E-03
  3.192160E+01 2.758E-03
  3.331329E+01 2.440E-03
  3.475639E+01 2.159E-03
  3.625250E+01 1.910E-03
  3.780299E+01 1.689E-03
  3.940950E+01 1.494E-03
  4.107359E+01 1.321E-03
  4.279680E+01 1.168E-03
  4.458070E+01 1.033E-03
  4.642709E+01 9.127E-04
  4.833771E+01 8.066E-04
  5.031410E+01 7.128E-04
  5.235809E+01 6.299E-04
  5.447150E+01 5.565E-04
  5.665610E+01 4.916E-04
  5.891380E+01 4.342E-04
  6.124640E+01 3.835E-04
  6.365601E+01 3.386E-04
    1    2    0    8
     61     61
  3.609870E+00    0.0100
  2.707402E+00 8.363E-01
  2.864000E+00 7.022E-01
  3.606260E+00 4.247E-01
  3.799890E+00 3.785E-01
  4.003590E+00 3.372E-01
  4.217820E+00 3.004E-01
  4.443060E+00 2.676E-01
  4.679810E+00 2.383E-01
  4.928580E+00 2.122E-01
  5.189920E+00 1.890E-01
  5.464370E+00 1.682E-01
  5.752510E+00 1.497E-01
  6.054930E+00 1.332E-01
  6.372230E+00 1.186E-01
  6.705050E+00 1.055E-01
  7.054020E+00 9.383E-02
  7.419820E+00 8.345E-02
  7.803130E+00 7.421E-02
  8.204670E+00 6.598E-02
  8.625140E+00 5.865E-02
  9.065320E+00 5.213E-02
  9.525960E+00 4.633E-02
  1.000780E+01 4.116E-02
  1.051180E+01 3.657E-02
  1.103860E+01 3.248E-02
  1.158920E+01 2.884E-02
  1.216450E+01 2.561E-02
  1.276520E+01 2.274E-02
  1.339250E+01 2.018E-02
  1.404710E+01 1.791E-02
  1.473000E+01 1.589E-02
  1.544240E+01 1.410E-02
  1.618500E+01 1.251E-02
  1.695911E+01 1.109E-02
  1.776570E+01 9.838E-03
  1.860580E+01 8.723E-03
  1.948061E+01 7.733E-03
  2.039120E+01 6.854E-03
  2.133881E+01 6.074E-03
  2.232449E+01 5.382E-03
  2.334959E+01 4.768E-03
  2.441530E+01 4.224E-03
  2.552280E+01 3.741E-03
  2.667349E+01 3.313E-03
  2.786870E+01 2.933E-03
  2.910980E+01 2.597E-03
  3.039790E+01 2.299E-03
  3.173470E+01 2.034E-03
  3.312151E+01 1.800E-03
  3.455980E+01 1.593E-03
  3.605099E+01 1.409E-03
  3.759669E+01 1.246E-03
  3.919839E+01 1.102E-03
  4.085770E+01 9.749E-04
  4.257610E+01 8.620E-04
  4.435530E+01 7.620E-04
  4.619701E+01 6.736E-04
  4.810280E+01 5.954E-04
  5.007449E+01 5.262E-04
  5.211380E+01 4.649E-04
  5.422250E+01 4.108E-04
    3    2    0    1
     42     60
  4.012270E+01    0.0100
  3.713921E+01 6.543E-02
  3.788510E+01 6.115E-02
  3.863100E+01 5.721E-02
  3.937680E+01 5.359E-02
  4.011909E+01 5.027E-02
  4.158940E+01 4.440E-02
  4.310800E+01 3.921E-02
  4.467619E+01 3.463E-02
  4.629530E+01 3.058E-02
  4.796680E+01 2.700E-02
  4.969220E+01 2.384E-02
  5.147290E+01 2.105E-02
  5.331050E+01 1.858E-02
  5.520660E+01 1.640E-02
  5.716260E+01 1.448E-02
  5.918030E+01 1.278E-02
  6.126131E+01 1.128E-02
  6.340739E+01 9.952E-03
  6.562019E+01 8.782E-03
  6.790160E+01 7.749E-03
  7.025330E+01 6.837E-03
  7.267720E+01 6.032E-03
  7.517520E+01 5.322E-03
  7.774921E+01 4.695E-03
  8.040131E+01 4.141E-03
  8.313341E+01 3.653E-03
  8.594749E+01 3.222E-03
  8.884590E+01 2.841E-03
  9.183070E+01 2.506E-03
  9.490401E+01 2.209E-03
  9.806799E+01 1.948E-03
  1.013250E+02 1.718E-03
  1.046780E+02 1.514E-03
  1.081280E+02 1.335E-03
  1.116780E+02 1.177E-03
  1.153320E+02 1.038E-03
  1.190900E+02 9.145E-04
  1.229560E+02 8.061E-04
  1.269330E+02 7.104E-04
  1.310220E+02 6.261E-04
  1.352280E+02 5.517E-04
  1.395520E+02 4.862E-04
  1.440806E+02 4.285E-04
  1.487401E+02 3.769E-04
  1.535340E+02 3.315E-04
  1.584655E+02 2.916E-04
  1.635384E+02 2.565E-04
  1.687560E+02 2.256E-04
  1.741222E+02 1.984E-04
  1.796407E+02 1.745E-04
  1.853155E+02 1.534E-04
  1.911505E+02 1.349E-04
  1.971496E+02 1.186E-04
  2.033172E+02 1.043E-04
  2.096574E+02 9.172E-05
  2.161745E+02 8.065E-05
  2.228729E+02 7.091E-05
  2.297574E+02 6.234E-05
  2.368324E+02 5.481E-05
  2.441027E+02 4.819E-05
    3    2    0    2
     49     61
  2.256880E+01    0.0100
  1.958530E+01 1.468E-01
  2.033121E+01 1.327E-01
  2.107700E+01 1.202E-01
  2.182291E+01 1.092E-01
  2.256520E+01 9.951E-02
  2.357880E+01 8.801E-02
  2.462860E+01 7.783E-02
  2.571570E+01 6.883E-02
  2.684129E+01 6.086E-02
  2.800639E+01 5.380E-02
  2.921220E+01 4.756E-02
  3.045990E+01 4.204E-02
  3.175070E+01 3.716E-02
  3.308580E+01 3.284E-02
  3.446660E+01 2.902E-02
  3.589430E+01 2.565E-02
  3.737041E+01 2.266E-02
  3.889610E+01 2.002E-02
  4.047290E+01 1.769E-02
  4.210220E+01 1.562E-02
  4.378551E+01 1.380E-02
  4.552431E+01 1.219E-02
  4.732021E+01 1.077E-02
  4.917480E+01 9.507E-03
  5.108960E+01 8.395E-03
  5.306650E+01 7.413E-03
  5.510699E+01 6.545E-03
  5.721291E+01 5.778E-03
  5.938609E+01 5.101E-03
  6.162830E+01 4.503E-03
  6.394141E+01 3.974E-03
  6.632739E+01 3.508E-03
  6.878819E+01 3.096E-03
  7.132590E+01 2.732E-03
  7.394250E+01 2.411E-03
  7.664011E+01 2.127E-03
  7.942090E+01 1.877E-03
  8.228709E+01 1.656E-03
  8.524100E+01 1.461E-03
  8.828481E+01 1.289E-03
  9.142101E+01 1.137E-03
  9.465210E+01 1.003E-03
  9.798030E+01 8.847E-04
  1.014090E+02 7.803E-04
  1.049390E+02 6.882E-04
  1.085750E+02 6.069E-04
  1.123180E+02 5.352E-04
  1.161720E+02 4.719E-04
  1.201400E+02 4.161E-04
  1.242879E+02 3.656E-04
  1.285579E+02 3.216E-04
  1.329529E+02 2.829E-04
  1.374762E+02 2.489E-04
  1.421310E+02 2.189E-04
  1.469206E+02 1.925E-04
  1.518483E+02 1.693E-04
  1.569175E+02 1.489E-04
  1.621317E+02 1.309E-04
  1.674946E+02 1.152E-04
  1.730097E+02 1.013E-04
  1.786808E+02 8.903E-05
    3    2    0    3
     56     61
  1.444380E+01    0.0100
  1.146030E+01 2.625E-01
  1.220620E+01 2.254E-01
  1.295210E+01 1.950E-01
  1.369790E+01 1.698E-01
  1.444020E+01 1.489E-01
  1.514590E+01 1.320E-01
  1.588060E+01 1.170E-01
  1.664529E+01 1.037E-01
  1.744099E+01 9.191E-02
  1.826849E+01 8.143E-02
  1.912900E+01 7.214E-02
  2.002350E+01 6.390E-02
  2.095290E+01 5.659E-02
  2.191850E+01 5.011E-02
  2.292110E+01 4.437E-02
  2.396210E+01 3.927E-02
  2.504250E+01 3.476E-02
  2.616341E+01 3.076E-02
  2.732620E+01 2.722E-02
  2.853191E+01 2.408E-02
  2.978191E+01 2.131E-02
  3.107730E+01 1.885E-02
  3.241960E+01 1.667E-02
  3.380991E+01 1.474E-02
  3.524969E+01 1.303E-02
  3.674040E+01 1.152E-02
  3.828320E+01 1.018E-02
  3.987970E+01 9.000E-03
  4.153130E+01 7.954E-03
  4.323950E+01 7.029E-03
  4.500580E+01 6.210E-03
  4.683180E+01 5.486E-03
  4.871890E+01 4.846E-03
  5.066890E+01 4.280E-03
  5.268330E+01 3.780E-03
  5.476390E+01 3.338E-03
  5.691220E+01 2.947E-03
  5.913010E+01 2.602E-03
  6.141930E+01 2.297E-03
  6.378149E+01 2.027E-03
  6.621870E+01 1.789E-03
  6.873260E+01 1.579E-03
  7.132520E+01 1.393E-03
  7.399831E+01 1.229E-03
  7.675400E+01 1.085E-03
  7.959419E+01 9.568E-04
  8.252090E+01 8.439E-04
  8.553630E+01 7.443E-04
  8.864240E+01 6.564E-04
  9.184140E+01 5.788E-04
  9.513541E+01 5.104E-04
  9.852660E+01 4.500E-04
  1.020170E+02 3.967E-04
  1.056100E+02 3.497E-04
  1.093070E+02 3.082E-04
  1.131100E+02 2.717E-04
  1.171369E+02 2.417E-04
  1.212860E+02 2.127E-04
  1.255604E+02 1.871E-04
  1.299634E+02 1.647E-04
  1.344982E+02 1.449E-04
    3    2    0    4
     62     62
  1.003000E+01    0.0100
  7.522499E+00 3.914E-01
  7.792360E+00 3.583E-01
  8.538230E+00 2.906E-01
  9.284100E+00 2.392E-01
  1.002640E+01 1.996E-01
  1.054090E+01 1.772E-01
  1.107850E+01 1.574E-01
  1.163990E+01 1.397E-01
  1.222590E+01 1.240E-01
  1.283740E+01 1.100E-01
  1.347520E+01 9.762E-02
  1.414040E+01 8.659E-02
  1.483370E+01 7.680E-02
  1.555620E+01 6.811E-02
  1.630870E+01 6.039E-02
  1.709241E+01 5.353E-02
  1.790820E+01 4.745E-02
  1.875710E+01 4.205E-02
  1.964020E+01 3.726E-02
  2.055859E+01 3.301E-02
  2.151340E+01 2.924E-02
  2.250560E+01 2.590E-02
  2.353661E+01 2.294E-02
  2.460730E+01 2.031E-02
  2.571910E+01 1.798E-02
  2.687309E+01 1.591E-02
  2.807060E+01 1.408E-02
  2.931300E+01 1.246E-02
  3.060139E+01 1.103E-02
  3.193719E+01 9.755E-03
  3.332170E+01 8.629E-03
  3.475650E+01 7.632E-03
  3.624271E+01 6.749E-03
  3.778200E+01 5.967E-03
  3.937570E+01 5.275E-03
  4.102541E+01 4.663E-03
  4.273250E+01 4.122E-03
  4.449870E+01 3.643E-03
  4.632550E+01 3.219E-03
  4.821440E+01 2.844E-03
  5.016730E+01 2.512E-03
  5.218559E+01 2.219E-03
  5.427119E+01 1.960E-03
  5.642570E+01 1.731E-03
  5.865089E+01 1.529E-03
  6.094870E+01 1.350E-03
  6.332080E+01 1.191E-03
  6.576900E+01 1.052E-03
  6.829539E+01 9.283E-04
  7.090179E+01 8.193E-04
  7.359019E+01 7.230E-04
  7.636250E+01 6.379E-04
  7.922079E+01 5.628E-04
  8.216721E+01 4.965E-04
  8.520380E+01 4.380E-04
  8.833270E+01 3.863E-04
  9.155600E+01 3.407E-04
  9.487601E+01 3.004E-04
  9.829491E+01 2.649E-04
  1.018150E+02 2.336E-04
  1.054390E+02 2.059E-04
  1.091680E+02 1.815E-04
    3    2    0    5
     61     61
  7.368710E+00    0.0100
  5.526532E+00 4.894E-01
  5.876980E+00 4.204E-01
  6.622840E+00 3.216E-01
  7.365100E+00 2.526E-01
  7.752730E+00 2.246E-01
  8.158720E+00 1.997E-01
  8.583770E+00 1.775E-01
  9.028630E+00 1.577E-01
  9.494050E+00 1.401E-01
  9.980790E+00 1.245E-01
  1.048970E+01 1.106E-01
  1.102150E+01 9.818E-02
  1.157710E+01 8.717E-02
  1.215730E+01 7.739E-02
  1.276300E+01 6.869E-02
  1.339520E+01 6.096E-02
  1.405460E+01 5.409E-02
  1.474230E+01 4.798E-02
  1.545930E+01 4.256E-02
  1.620650E+01 3.774E-02
  1.698489E+01 3.347E-02
  1.779559E+01 2.967E-02
  1.863969E+01 2.630E-02
  1.951810E+01 2.331E-02
  2.043201E+01 2.066E-02
  2.138260E+01 1.830E-02
  2.237090E+01 1.621E-02
  2.339819E+01 1.436E-02
  2.446570E+01 1.272E-02
  2.557449E+01 1.126E-02
  2.672600E+01 9.970E-03
  2.792149E+01 8.825E-03
  2.916209E+01 7.811E-03
  3.044930E+01 6.913E-03
  3.178450E+01 6.117E-03
  3.316890E+01 5.411E-03
  3.460400E+01 4.787E-03
  3.609129E+01 4.234E-03
  3.763210E+01 3.744E-03
  3.922810E+01 3.311E-03
  4.088080E+01 2.927E-03
  4.259160E+01 2.588E-03
  4.436211E+01 2.287E-03
  4.619411E+01 2.021E-03
  4.808910E+01 1.786E-03
  5.004871E+01 1.578E-03
  5.207480E+01 1.394E-03
  5.416901E+01 1.232E-03
  5.633299E+01 1.088E-03
  5.856880E+01 9.607E-04
  6.087801E+01 8.484E-04
  6.326260E+01 7.491E-04
  6.572450E+01 6.613E-04
  6.826550E+01 5.838E-04
  7.088770E+01 5.153E-04
  7.359309E+01 4.547E-04
  7.638350E+01 4.013E-04
  7.926120E+01 3.541E-04
  8.222820E+01 3.124E-04
  8.528670E+01 2.756E-04
  8.843880E+01 2.431E-04
    3    2    0    6
     61     61
  5.641540E+00    0.0100
  4.231154E+00 5.864E-01
  4.895670E+00 4.220E-01
  5.637930E+00 3.082E-01
  5.941310E+00 2.742E-01
  6.259510E+00 2.440E-01
  6.593140E+00 2.170E-01
  6.942850E+00 1.930E-01
  7.309260E+00 1.716E-01
  7.693060E+00 1.526E-01
  8.094910E+00 1.356E-01
  8.515530E+00 1.205E-01
  8.955650E+00 1.071E-01
  9.416010E+00 9.515E-02
  9.897370E+00 8.452E-02
  1.040050E+01 7.507E-02
  1.092630E+01 6.666E-02
  1.147550E+01 5.919E-02
  1.204890E+01 5.254E-02
  1.264760E+01 4.664E-02
  1.327230E+01 4.139E-02
  1.392390E+01 3.672E-02
  1.460350E+01 3.258E-02
  1.531200E+01 2.890E-02
  1.605040E+01 2.563E-02
  1.681960E+01 2.273E-02
  1.762080E+01 2.015E-02
  1.845509E+01 1.786E-02
  1.932339E+01 1.583E-02
  2.022690E+01 1.403E-02
  2.116679E+01 1.243E-02
  2.214420E+01 1.102E-02
  2.316040E+01 9.760E-03
  2.421651E+01 8.644E-03
  2.531380E+01 7.656E-03
  2.645360E+01 6.779E-03
  2.763721E+01 6.002E-03
  2.886591E+01 5.313E-03
  3.014110E+01 4.703E-03
  3.146420E+01 4.162E-03
  3.283670E+01 3.683E-03
  3.425990E+01 3.259E-03
  3.573540E+01 2.883E-03
  3.726469E+01 2.550E-03
  3.884930E+01 2.255E-03
  4.049091E+01 1.994E-03
  4.219099E+01 1.764E-03
  4.395129E+01 1.559E-03
  4.577341E+01 1.378E-03
  4.765919E+01 1.218E-03
  4.961031E+01 1.077E-03
  5.162849E+01 9.516E-04
  5.371561E+01 8.408E-04
  5.587360E+01 7.429E-04
  5.810429E+01 6.563E-04
  6.040950E+01 5.797E-04
  6.279140E+01 5.120E-04
  6.525180E+01 4.521E-04
  6.779289E+01 3.993E-04
  7.041670E+01 3.525E-04
  7.312531E+01 3.112E-04
  7.592090E+01 2.747E-04
    3    2    0    7
     61     61
  4.457440E+00    0.0100
  3.343080E+00 7.164E-01
  3.711570E+00 5.473E-01
  4.453830E+00 3.666E-01
  4.693750E+00 3.265E-01
  4.945830E+00 2.907E-01
  5.210580E+00 2.588E-01
  5.488570E+00 2.304E-01
  5.780370E+00 2.050E-01
  6.086560E+00 1.824E-01
  6.407740E+00 1.623E-01
  6.744550E+00 1.444E-01
  7.097620E+00 1.284E-01
  7.467630E+00 1.142E-01
  7.855250E+00 1.015E-01
  8.261180E+00 9.026E-02
  8.686160E+00 8.023E-02
  9.130930E+00 7.130E-02
  9.596240E+00 6.335E-02
  1.008290E+01 5.628E-02
  1.059170E+01 4.999E-02
  1.112350E+01 4.440E-02
  1.167910E+01 3.943E-02
  1.225940E+01 3.500E-02
  1.286530E+01 3.107E-02
  1.349780E+01 2.758E-02
  1.415760E+01 2.447E-02
  1.484600E+01 2.171E-02
  1.556370E+01 1.926E-02
  1.631190E+01 1.709E-02
  1.709160E+01 1.515E-02
  1.790379E+01 1.344E-02
  1.874969E+01 1.191E-02
  1.963029E+01 1.056E-02
  2.054680E+01 9.359E-03
  2.150031E+01 8.294E-03
  2.249210E+01 7.348E-03
  2.352341E+01 6.510E-03
  2.459531E+01 5.766E-03
  2.570930E+01 5.107E-03
  2.686659E+01 4.523E-03
  2.806841E+01 4.004E-03
  2.931630E+01 3.545E-03
  3.061150E+01 3.138E-03
  3.195551E+01 2.777E-03
  3.334970E+01 2.457E-03
  3.479559E+01 2.174E-03
  3.629469E+01 1.924E-03
  3.784860E+01 1.702E-03
  3.945869E+01 1.505E-03
  4.112680E+01 1.331E-03
  4.285429E+01 1.177E-03
  4.464310E+01 1.040E-03
  4.649471E+01 9.197E-04
  4.841100E+01 8.129E-04
  5.039360E+01 7.184E-04
  5.244431E+01 6.349E-04
  5.456500E+01 5.609E-04
  5.675751E+01 4.956E-04
  5.902380E+01 4.378E-04
  6.136571E+01 3.867E-04
  6.378520E+01 3.415E-04
    3    2    0    8
     61     61
  3.610480E+00    0.0100
  2.707860E+00 8.426E-01
  2.864610E+00 7.073E-01
  3.606870E+00 4.278E-01
  3.800920E+00 3.812E-01
  4.005050E+00 3.396E-01
  4.219700E+00 3.026E-01
  4.445370E+00 2.695E-01
  4.682560E+00 2.400E-01
  4.931770E+00 2.137E-01
  5.193550E+00 1.903E-01
  5.468440E+00 1.694E-01
  5.757010E+00 1.508E-01
  6.059860E+00 1.342E-01
  6.377590E+00 1.194E-01
  6.710830E+00 1.062E-01
  7.060230E+00 9.447E-02
  7.426440E+00 8.402E-02
  7.810170E+00 7.471E-02
  8.212110E+00 6.643E-02
  8.632990E+00 5.905E-02
  9.073550E+00 5.248E-02
  9.534580E+00 4.664E-02
  1.001690E+01 4.144E-02
  1.052120E+01 3.681E-02
  1.104840E+01 3.270E-02
  1.159940E+01 2.904E-02
  1.217510E+01 2.578E-02
  1.277620E+01 2.289E-02
  1.340380E+01 2.032E-02
  1.405890E+01 1.803E-02
  1.474230E+01 1.600E-02
  1.545510E+01 1.420E-02
  1.619830E+01 1.259E-02
  1.697290E+01 1.117E-02
  1.778011E+01 9.905E-03
  1.862080E+01 8.783E-03
  1.949631E+01 7.786E-03
  2.040770E+01 6.901E-03
  2.135609E+01 6.116E-03
  2.234280E+01 5.420E-03
  2.336890E+01 4.802E-03
  2.443570E+01 4.254E-03
  2.554449E+01 3.768E-03
  2.669670E+01 3.337E-03
  2.789340E+01 2.955E-03
  2.913620E+01 2.616E-03
  3.042630E+01 2.316E-03
  3.176530E+01 2.050E-03
  3.315440E+01 1.814E-03
  3.459531E+01 1.605E-03
  3.608949E+01 1.420E-03
  3.763831E+01 1.256E-03
  3.924350E+01 1.111E-03
  4.090669E+01 9.825E-04
  4.262930E+01 8.688E-04
  4.441319E+01 7.681E-04
  4.625990E+01 6.791E-04
  4.817130E+01 6.002E-04
  5.014900E+01 5.305E-04
  5.219479E+01 4.688E-04
  5.431059E+01 4.142E-04
    1    1    1    1
     24     60
  8.991330E+01    0.0100
  8.692990E+01 4.102E-02
  8.767570E+01 3.996E-02
  8.842160E+01 3.893E-02
  8.916750E+01 3.794E-02
  8.990970E+01 3.698E-02
  9.347549E+01 3.276E-02
  9.718359E+01 2.901E-02
  1.010380E+02 2.568E-02
  1.050430E+02 2.273E-02
  1.092020E+02 2.012E-02
  1.135190E+02 1.780E-02
  1.179970E+02 1.574E-02
  1.226400E+02 1.392E-02
  1.274510E+02 1.230E-02
  1.324350E+02 1.087E-02
  1.375930E+02 9.602E-03
  1.429290E+02 8.479E-03
  1.484470E+02 7.486E-03
  1.541480E+02 6.607E-03
  1.600360E+02 5.830E-03
  1.661130E+02 5.143E-03
  1.723830E+02 4.535E-03
  1.788460E+02 3.998E-03
  1.855050E+02 3.524E-03
  1.925112E+02 3.116E-03
  1.997485E+02 2.745E-03
  2.072237E+02 2.419E-03
  2.149435E+02 2.131E-03
  2.229149E+02 1.877E-03
  2.311452E+02 1.653E-03
  2.396418E+02 1.456E-03
  2.484123E+02 1.283E-03
  2.574644E+02 1.130E-03
  2.668059E+02 9.950E-04
  2.764453E+02 8.763E-04
  2.863911E+02 7.717E-04
  2.966514E+02 6.795E-04
  3.072354E+02 5.984E-04
  3.181519E+02 5.269E-04
  3.294102E+02 4.639E-04
  3.410198E+02 4.084E-04
  3.529902E+02 3.596E-04
  3.653315E+02 3.165E-04
  3.780540E+02 2.787E-04
  3.911677E+02 2.453E-04
  4.046841E+02 2.159E-04
  4.186133E+02 1.901E-04
  4.329673E+02 1.673E-04
  4.477568E+02 1.472E-04
  4.629939E+02 1.296E-04
  4.786904E+02 1.140E-04
  4.948594E+02 1.004E-04
  5.115129E+02 8.832E-05
  5.286641E+02 7.772E-05
  5.463254E+02 6.839E-05
  5.645110E+02 6.017E-05
  5.832354E+02 5.294E-05
  6.025120E+02 4.658E-05
  6.223555E+02 4.098E-05
  6.427808E+02 3.606E-05
    1    1    1    2
     33     61
  4.003059E+01    0.0100
  3.704720E+01 8.709E-02
  3.779300E+01 8.300E-02
  3.853889E+01 7.915E-02
  3.928481E+01 7.555E-02
  4.002699E+01 7.217E-02
  4.201540E+01 6.403E-02
  4.408839E+01 5.680E-02
  4.624910E+01 5.037E-02
  4.850031E+01 4.467E-02
  5.084509E+01 3.961E-02
  5.328661E+01 3.511E-02
  5.582800E+01 3.112E-02
  5.847260E+01 2.758E-02
  6.122369E+01 2.444E-02
  6.408470E+01 2.166E-02
  6.705910E+01 1.918E-02
  7.015060E+01 1.699E-02
  7.336270E+01 1.505E-02
  7.669930E+01 1.333E-02
  8.016409E+01 1.180E-02
  8.376109E+01 1.044E-02
  8.749429E+01 9.244E-03
  9.136780E+01 8.181E-03
  9.538580E+01 7.240E-03
  9.955260E+01 6.406E-03
  1.038720E+02 5.667E-03
  1.083500E+02 5.013E-03
  1.129900E+02 4.434E-03
  1.177960E+02 3.921E-03
  1.227740E+02 3.467E-03
  1.279290E+02 3.066E-03
  1.332640E+02 2.710E-03
  1.387870E+02 2.396E-03
  1.446380E+02 2.118E-03
  1.506998E+02 1.868E-03
  1.569789E+02 1.648E-03
  1.634819E+02 1.453E-03
  1.702157E+02 1.281E-03
  1.771875E+02 1.130E-03
  1.844046E+02 9.964E-04
  1.918743E+02 8.786E-04
  1.996043E+02 7.746E-04
  2.076023E+02 6.829E-04
  2.158766E+02 6.020E-04
  2.244355E+02 5.307E-04
  2.332872E+02 4.678E-04
  2.424406E+02 4.123E-04
  2.519049E+02 3.634E-04
  2.616887E+02 3.203E-04
  2.718020E+02 2.822E-04
  2.822544E+02 2.487E-04
  2.930552E+02 2.191E-04
  3.042151E+02 1.931E-04
  3.157444E+02 1.701E-04
  3.276538E+02 1.499E-04
  3.399539E+02 1.321E-04
  3.526565E+02 1.163E-04
  3.657727E+02 1.025E-04
  3.793145E+02 9.026E-05
  3.932939E+02 7.950E-05
  4.077234E+02 7.002E-05
    1    1    1    3
     41     62
  2.253120E+01    0.0100
  1.954770E+01 1.507E-01
  2.029359E+01 1.387E-01
  2.103940E+01 1.280E-01
  2.178529E+01 1.184E-01
  2.252760E+01 1.098E-01
  2.372369E+01 9.762E-02
  2.497639E+01 8.679E-02
  2.628770E+01 7.714E-02
  2.766000E+01 6.855E-02
  2.909579E+01 6.091E-02
  3.059720E+01 5.411E-02
  3.216701E+01 4.806E-02
  3.380750E+01 4.269E-02
  3.552161E+01 3.791E-02
  3.731180E+01 3.365E-02
  3.918089E+01 2.987E-02
  4.113181E+01 2.652E-02
  4.316750E+01 2.353E-02
  4.529089E+01 2.088E-02
  4.750510E+01 1.852E-02
  4.981340E+01 1.643E-02
  5.221890E+01 1.457E-02
  5.472501E+01 1.292E-02
  5.733510E+01 1.146E-02
  6.005270E+01 1.016E-02
  6.288150E+01 9.004E-03
  6.582500E+01 7.980E-03
  6.888721E+01 7.071E-03
  7.207179E+01 6.265E-03
  7.538280E+01 5.551E-03
  7.882430E+01 4.917E-03
  8.240041E+01 4.355E-03
  8.611540E+01 3.856E-03
  8.997369E+01 3.415E-03
  9.397971E+01 3.023E-03
  9.813789E+01 2.676E-03
  1.024530E+02 2.369E-03
  1.069300E+02 2.096E-03
  1.115730E+02 1.855E-03
  1.163880E+02 1.641E-03
  1.213800E+02 1.452E-03
  1.267038E+02 1.289E-03
  1.322320E+02 1.138E-03
  1.379713E+02 1.005E-03
  1.439290E+02 8.872E-04
  1.501124E+02 7.832E-04
  1.565289E+02 6.914E-04
  1.631865E+02 6.103E-04
  1.700929E+02 5.387E-04
  1.772565E+02 4.754E-04
  1.846857E+02 4.196E-04
  1.923892E+02 3.703E-04
  2.003760E+02 3.268E-04
  2.086554E+02 2.883E-04
  2.172368E+02 2.544E-04
  2.261300E+02 2.245E-04
  2.353451E+02 1.980E-04
  2.448922E+02 1.747E-04
  2.547822E+02 1.541E-04
  2.650256E+02 1.359E-04
  2.756343E+02 1.199E-04
  2.866196E+02 1.058E-04
    1    1    1    4
     48     63
  1.442490E+01    0.0100
  1.144140E+01 2.484E-01
  1.218730E+01 2.170E-01
  1.293320E+01 1.910E-01
  1.367900E+01 1.691E-01
  1.442130E+01 1.507E-01
  1.519260E+01 1.343E-01
  1.600369E+01 1.196E-01
  1.685629E+01 1.065E-01
  1.775240E+01 9.484E-02
  1.869380E+01 8.444E-02
  1.968250E+01 7.517E-02
  2.072050E+01 6.690E-02
  2.180980E+01 5.953E-02
  2.295270E+01 5.296E-02
  2.415120E+01 4.711E-02
  2.540770E+01 4.190E-02
  2.672450E+01 3.726E-02
  2.810390E+01 3.312E-02
  2.954829E+01 2.944E-02
  3.106030E+01 2.616E-02
  3.264250E+01 2.325E-02
  3.429739E+01 2.065E-02
  3.602760E+01 1.834E-02
  3.783611E+01 1.629E-02
  3.972540E+01 1.446E-02
  4.169859E+01 1.284E-02
  4.375850E+01 1.139E-02
  4.590810E+01 1.011E-02
  4.815050E+01 8.969E-03
  5.048880E+01 7.956E-03
  5.292599E+01 7.056E-03
  5.546561E+01 6.256E-03
  5.811070E+01 5.547E-03
  6.086470E+01 4.916E-03
  6.373109E+01 4.357E-03
  6.671330E+01 3.861E-03
  6.981480E+01 3.420E-03
  7.303940E+01 3.029E-03
  7.639059E+01 2.683E-03
  7.987219E+01 2.375E-03
  8.348801E+01 2.103E-03
  8.724190E+01 1.861E-03
  9.113780E+01 1.647E-03
  9.517970E+01 1.458E-03
  9.937170E+01 1.290E-03
  1.037180E+02 1.141E-03
  1.082230E+02 1.009E-03
  1.128900E+02 8.923E-04
  1.179432E+02 8.030E-04
  1.231982E+02 7.096E-04
  1.286625E+02 6.269E-04
  1.343433E+02 5.539E-04
  1.402485E+02 4.893E-04
  1.463861E+02 4.323E-04
  1.527641E+02 3.819E-04
  1.593909E+02 3.373E-04
  1.662755E+02 2.979E-04
  1.734267E+02 2.631E-04
  1.808540E+02 2.324E-04
  1.885669E+02 2.052E-04
  1.965750E+02 1.812E-04
  2.048889E+02 1.600E-04
  2.135190E+02 1.413E-04
    1    1    1    5
     54     64
  1.001920E+01    0.0100
  7.514400E+00 3.630E-01
  7.781600E+00 3.347E-01
  8.527470E+00 2.756E-01
  9.273340E+00 2.305E-01
  1.001560E+01 1.953E-01
  1.055480E+01 1.741E-01
  1.112250E+01 1.552E-01
  1.172020E+01 1.384E-01
  1.234930E+01 1.233E-01
  1.301120E+01 1.099E-01
  1.370760E+01 9.790E-02
  1.443990E+01 8.722E-02
  1.520980E+01 7.768E-02
  1.601900E+01 6.918E-02
  1.686929E+01 6.160E-02
  1.776250E+01 5.485E-02
  1.870039E+01 4.882E-02
  1.968491E+01 4.345E-02
  2.071809E+01 3.867E-02
  2.180200E+01 3.440E-02
  2.293871E+01 3.060E-02
  2.413040E+01 2.722E-02
  2.537930E+01 2.420E-02
  2.668770E+01 2.152E-02
  2.805791E+01 1.913E-02
  2.949249E+01 1.700E-02
  3.099380E+01 1.511E-02
  3.256441E+01 1.343E-02
  3.420700E+01 1.193E-02
  3.592430E+01 1.059E-02
  3.771890E+01 9.407E-03
  3.959370E+01 8.352E-03
  4.155170E+01 7.414E-03
  4.359570E+01 6.581E-03
  4.572881E+01 5.840E-03
  4.795410E+01 5.182E-03
  5.027470E+01 4.597E-03
  5.269389E+01 4.077E-03
  5.521510E+01 3.616E-03
  5.784151E+01 3.206E-03
  6.057660E+01 2.842E-03
  6.342410E+01 2.519E-03
  6.638741E+01 2.233E-03
  6.947020E+01 1.978E-03
  7.267630E+01 1.753E-03
  7.600951E+01 1.552E-03
  7.947380E+01 1.375E-03
  8.307300E+01 1.218E-03
  8.681129E+01 1.078E-03
  9.069279E+01 9.543E-04
  9.472160E+01 8.447E-04
  9.890210E+01 7.475E-04
  1.032390E+02 6.614E-04
  1.077360E+02 5.852E-04
  1.126399E+02 5.306E-04
  1.177468E+02 4.691E-04
  1.230641E+02 4.148E-04
  1.285997E+02 3.667E-04
  1.343620E+02 3.242E-04
  1.403591E+02 2.866E-04
  1.466000E+02 2.533E-04
  1.530938E+02 2.239E-04
  1.598495E+02 1.979E-04
  1.668772E+02 1.749E-04
    1    1    1    6
     58     63
  7.361990E+00    0.0100
  5.521492E+00 4.549E-01
  5.870250E+00 3.939E-01
  6.616120E+00 3.056E-01
  7.358380E+00 2.435E-01
  7.755090E+00 2.172E-01
  8.173150E+00 1.937E-01
  8.613630E+00 1.727E-01
  9.077620E+00 1.540E-01
  9.566290E+00 1.373E-01
  1.008080E+01 1.224E-01
  1.062250E+01 1.091E-01
  1.119260E+01 9.726E-02
  1.179250E+01 8.668E-02
  1.242360E+01 7.723E-02
  1.308730E+01 6.881E-02
  1.378510E+01 6.129E-02
  1.451870E+01 5.459E-02
  1.528950E+01 4.862E-02
  1.609940E+01 4.329E-02
  1.694991E+01 3.854E-02
  1.784300E+01 3.431E-02
  1.878050E+01 3.053E-02
  1.976421E+01 2.717E-02
  2.079610E+01 2.418E-02
  2.187830E+01 2.151E-02
  2.301289E+01 1.913E-02
  2.420200E+01 1.701E-02
  2.544780E+01 1.513E-02
  2.675270E+01 1.345E-02
  2.811909E+01 1.196E-02
  2.954919E+01 1.063E-02
  3.104570E+01 9.442E-03
  3.261110E+01 8.389E-03
  3.424809E+01 7.453E-03
  3.595930E+01 6.620E-03
  3.774760E+01 5.879E-03
  3.961571E+01 5.220E-03
  4.156670E+01 4.634E-03
  4.360350E+01 4.113E-03
  4.572929E+01 3.651E-03
  4.794710E+01 3.239E-03
  5.026019E+01 2.874E-03
  5.267200E+01 2.550E-03
  5.518581E+01 2.261E-03
  5.780521E+01 2.005E-03
  6.053360E+01 1.778E-03
  6.337469E+01 1.576E-03
  6.633231E+01 1.397E-03
  6.941010E+01 1.238E-03
  7.261211E+01 1.097E-03
  7.594231E+01 9.722E-04
  7.940460E+01 8.613E-04
  8.300330E+01 7.629E-04
  8.674260E+01 6.756E-04
  9.062680E+01 5.982E-04
  9.466040E+01 5.296E-04
  9.884801E+01 4.689E-04
  1.031940E+02 4.150E-04
  1.079582E+02 3.785E-04
  1.129249E+02 3.348E-04
  1.181021E+02 2.962E-04
  1.234980E+02 2.620E-04
  1.291210E+02 2.317E-04
    1    1    1    7
     62     62
  5.637050E+00    0.0100
  4.227787E+00 5.481E-01
  4.891180E+00 3.991E-01
  5.633440E+00 2.952E-01
  5.936310E+00 2.634E-01
  6.255630E+00 2.350E-01
  6.592250E+00 2.096E-01
  6.947030E+00 1.870E-01
  7.320910E+00 1.668E-01
  7.714850E+00 1.487E-01
  8.129860E+00 1.326E-01
  8.566970E+00 1.183E-01
  9.027290E+00 1.054E-01
  9.511930E+00 9.400E-02
  1.002210E+01 8.379E-02
  1.055900E+01 7.467E-02
  1.112390E+01 6.655E-02
  1.171820E+01 5.930E-02
  1.234320E+01 5.283E-02
  1.300030E+01 4.706E-02
  1.369110E+01 4.192E-02
  1.441700E+01 3.733E-02
  1.517970E+01 3.324E-02
  1.598080E+01 2.960E-02
  1.682210E+01 2.635E-02
  1.770520E+01 2.345E-02
  1.863200E+01 2.087E-02
  1.960451E+01 1.857E-02
  2.062440E+01 1.653E-02
  2.169400E+01 1.470E-02
  2.281520E+01 1.308E-02
  2.399020E+01 1.163E-02
  2.522121E+01 1.034E-02
  2.651050E+01 9.194E-03
  2.786040E+01 8.173E-03
  2.927341E+01 7.264E-03
  3.075191E+01 6.455E-03
  3.229860E+01 5.736E-03
  3.391600E+01 5.096E-03
  3.560690E+01 4.526E-03
  3.737399E+01 4.020E-03
  3.922031E+01 3.570E-03
  4.114870E+01 3.169E-03
  4.316220E+01 2.814E-03
  4.526390E+01 2.497E-03
  4.745700E+01 2.216E-03
  4.974480E+01 1.967E-03
  5.213060E+01 1.745E-03
  5.461790E+01 1.548E-03
  5.721021E+01 1.373E-03
  5.991119E+01 1.217E-03
  6.272440E+01 1.079E-03
  6.565370E+01 9.569E-04
  6.870309E+01 8.482E-04
  7.187640E+01 7.518E-04
  7.517780E+01 6.662E-04
  7.861130E+01 5.903E-04
  8.218140E+01 5.229E-04
  8.589220E+01 4.632E-04
  8.974840E+01 4.102E-04
  9.375430E+01 3.633E-04
  9.791479E+01 3.217E-04
  1.022340E+02 2.848E-04
    1    1    1    8
     62     62
  4.454280E+00    0.0100
  3.340710E+00 6.725E-01
  3.708420E+00 5.173E-01
  4.450670E+00 3.504E-01
  4.690330E+00 3.127E-01
  4.943030E+00 2.790E-01
  5.209440E+00 2.489E-01
  5.490260E+00 2.220E-01
  5.786250E+00 1.981E-01
  6.098190E+00 1.767E-01
  6.426870E+00 1.576E-01
  6.773150E+00 1.405E-01
  7.137920E+00 1.253E-01
  7.522090E+00 1.117E-01
  7.926630E+00 9.963E-02
  8.352540E+00 8.882E-02
  8.800870E+00 7.917E-02
  9.272720E+00 7.057E-02
  9.769200E+00 6.289E-02
  1.029150E+01 5.605E-02
  1.084090E+01 4.994E-02
  1.141860E+01 4.449E-02
  1.202590E+01 3.964E-02
  1.266430E+01 3.530E-02
  1.333520E+01 3.144E-02
  1.404000E+01 2.800E-02
  1.478040E+01 2.493E-02
  1.555780E+01 2.220E-02
  1.637399E+01 1.976E-02
  1.723061E+01 1.759E-02
  1.812959E+01 1.565E-02
  1.907260E+01 1.393E-02
  2.006160E+01 1.239E-02
  2.109860E+01 1.102E-02
  2.218570E+01 9.806E-03
  2.332480E+01 8.721E-03
  2.451830E+01 7.756E-03
  2.576840E+01 6.896E-03
  2.707730E+01 6.131E-03
  2.844749E+01 5.449E-03
  2.988150E+01 4.843E-03
  3.138181E+01 4.304E-03
  3.295100E+01 3.824E-03
  3.459190E+01 3.398E-03
  3.630730E+01 3.018E-03
  3.810001E+01 2.681E-03
  3.997310E+01 2.381E-03
  4.192940E+01 2.114E-03
  4.397231E+01 1.877E-03
  4.610490E+01 1.666E-03
  4.833060E+01 1.479E-03
  5.065280E+01 1.312E-03
  5.307491E+01 1.164E-03
  5.560069E+01 1.033E-03
  5.823380E+01 9.164E-04
  6.097800E+01 8.129E-04
  6.383720E+01 7.209E-04
  6.681551E+01 6.393E-04
  6.991701E+01 5.668E-04
  7.314590E+01 5.025E-04
  7.650650E+01 4.454E-04
  8.000330E+01 3.947E-04
  8.364090E+01 3.498E-04
    1    1    1    9
     63     63
  3.608180E+00    0.0100
  2.706135E+00 7.950E-01
  2.862310E+00 6.695E-01
  3.604570E+00 4.089E-01
  3.797370E+00 3.649E-01
  4.000710E+00 3.257E-01
  4.215140E+00 2.906E-01
  4.441250E+00 2.593E-01
  4.679640E+00 2.314E-01
  4.930960E+00 2.064E-01
  5.195880E+00 1.841E-01
  5.475110E+00 1.643E-01
  5.769390E+00 1.465E-01
  6.079470E+00 1.307E-01
  6.406170E+00 1.166E-01
  6.750320E+00 1.040E-01
  7.112810E+00 9.269E-02
  7.494540E+00 8.265E-02
  7.896470E+00 7.369E-02
  8.319600E+00 6.569E-02
  8.764970E+00 5.855E-02
  9.233650E+00 5.219E-02
  9.726780E+00 4.651E-02
  1.024550E+01 4.145E-02
  1.079110E+01 3.693E-02
  1.136480E+01 3.290E-02
  1.196780E+01 2.931E-02
  1.260170E+01 2.611E-02
  1.326780E+01 2.325E-02
  1.396760E+01 2.070E-02
  1.470260E+01 1.844E-02
  1.547440E+01 1.641E-02
  1.628470E+01 1.461E-02
  1.713510E+01 1.300E-02
  1.802750E+01 1.157E-02
  1.896359E+01 1.030E-02
  1.994540E+01 9.163E-03
  2.097479E+01 8.152E-03
  2.205389E+01 7.251E-03
  2.318480E+01 6.449E-03
  2.436960E+01 5.735E-03
  2.561050E+01 5.099E-03
  2.690990E+01 4.533E-03
  2.827029E+01 4.030E-03
  2.969389E+01 3.582E-03
  3.118350E+01 3.183E-03
  3.274150E+01 2.828E-03
  3.437080E+01 2.513E-03
  3.607410E+01 2.232E-03
  3.785420E+01 1.983E-03
  3.971420E+01 1.761E-03
  4.165720E+01 1.564E-03
  4.368610E+01 1.388E-03
  4.580431E+01 1.232E-03
  4.801500E+01 1.094E-03
  5.032179E+01 9.708E-04
  5.272800E+01 8.614E-04
  5.523740E+01 7.643E-04
  5.785350E+01 6.781E-04
  6.058040E+01 6.014E-04
  6.342171E+01 5.334E-04
  6.638161E+01 4.730E-04
  6.946420E+01 4.194E-04
  7.267371E+01 3.719E-04
    3    1    1    1
     24     61
  9.111749E+01    0.0100
  8.813400E+01 4.257E-02
  8.887990E+01 4.150E-02
  8.962570E+01 4.047E-02
  9.037160E+01 3.947E-02
  9.111391E+01 3.851E-02
  9.485410E+01 3.408E-02
  9.873230E+01 3.016E-02
  1.027530E+02 2.670E-02
  1.069210E+02 2.362E-02
  1.112420E+02 2.090E-02
  1.157200E+02 1.850E-02
  1.203610E+02 1.637E-02
  1.251710E+02 1.448E-02
  1.301540E+02 1.281E-02
  1.353180E+02 1.133E-02
  1.406670E+02 1.003E-02
  1.462080E+02 8.871E-03
  1.519480E+02 7.847E-03
  1.578930E+02 6.941E-03
  1.640500E+02 6.140E-03
  1.704260E+02 5.431E-03
  1.770290E+02 4.803E-03
  1.838650E+02 4.248E-03
  1.909430E+02 3.757E-03
  1.984121E+02 3.314E-03
  2.061476E+02 2.923E-03
  2.141578E+02 2.579E-03
  2.224516E+02 2.275E-03
  2.310384E+02 2.006E-03
  2.399274E+02 1.769E-03
  2.491283E+02 1.561E-03
  2.586511E+02 1.376E-03
  2.685063E+02 1.214E-03
  2.787048E+02 1.070E-03
  2.892568E+02 9.439E-04
  3.001741E+02 8.323E-04
  3.114678E+02 7.339E-04
  3.231504E+02 6.471E-04
  3.352334E+02 5.705E-04
  3.477300E+02 5.030E-04
  3.606528E+02 4.435E-04
  3.740154E+02 3.909E-04
  3.878313E+02 3.446E-04
  4.021150E+02 3.038E-04
  4.168804E+02 2.678E-04
  4.321426E+02 2.360E-04
  4.479170E+02 2.081E-04
  4.642200E+02 1.834E-04
  4.810671E+02 1.616E-04
  4.984753E+02 1.424E-04
  5.164617E+02 1.255E-04
  5.350435E+02 1.106E-04
  5.542395E+02 9.749E-05
  5.740684E+02 8.591E-05
  5.945486E+02 7.570E-05
  6.157004E+02 6.670E-05
  6.375439E+02 5.877E-05
  6.600999E+02 5.178E-05
  6.833901E+02 4.562E-05
  7.074358E+02 4.020E-05
  7.322607E+02 3.541E-05
    3    1    1    2
     32     61
  4.035651E+01    0.0100
  3.737300E+01 8.783E-02
  3.811890E+01 8.380E-02
  3.886470E+01 8.001E-02
  3.961060E+01 7.644E-02
  4.035291E+01 7.311E-02
  4.239560E+01 6.486E-02
  4.452440E+01 5.753E-02
  4.674210E+01 5.102E-02
  4.905200E+01 4.524E-02
  5.145731E+01 4.012E-02
  5.396140E+01 3.557E-02
  5.656779E+01 3.153E-02
  5.927991E+01 2.795E-02
  6.210150E+01 2.477E-02
  6.503630E+01 2.195E-02
  6.808830E+01 1.945E-02
  7.126140E+01 1.724E-02
  7.455969E+01 1.527E-02
  7.798750E+01 1.353E-02
  8.154930E+01 1.198E-02
  8.524940E+01 1.061E-02
  8.909250E+01 9.399E-03
  9.308340E+01 8.323E-03
  9.722701E+01 7.370E-03
  1.015280E+02 6.525E-03
  1.059930E+02 5.777E-03
  1.106250E+02 5.114E-03
  1.154320E+02 4.527E-03
  1.204180E+02 4.007E-03
  1.255890E+02 3.546E-03
  1.309510E+02 3.138E-03
  1.365110E+02 2.777E-03
  1.423967E+02 2.450E-03
  1.485007E+02 2.162E-03
  1.548299E+02 1.908E-03
  1.613914E+02 1.683E-03
  1.681929E+02 1.485E-03
  1.752417E+02 1.310E-03
  1.825457E+02 1.156E-03
  1.901130E+02 1.020E-03
  1.979519E+02 8.994E-04
  2.060708E+02 7.932E-04
  2.144784E+02 6.996E-04
  2.231837E+02 6.170E-04
  2.321959E+02 5.441E-04
  2.415245E+02 4.798E-04
  2.511791E+02 4.230E-04
  2.611697E+02 3.730E-04
  2.715066E+02 3.288E-04
  2.822002E+02 2.899E-04
  2.932615E+02 2.556E-04
  3.047012E+02 2.253E-04
  3.165310E+02 1.986E-04
  3.287625E+02 1.750E-04
  3.414077E+02 1.543E-04
  3.544790E+02 1.359E-04
  3.679888E+02 1.198E-04
  3.819502E+02 1.056E-04
  3.963765E+02 9.303E-05
  4.112812E+02 8.197E-05
  4.266785E+02 7.222E-05
    3    1    1    3
     40     62
  2.266451E+01    0.0100
  1.968100E+01 1.503E-01
  2.042680E+01 1.385E-01
  2.117270E+01 1.280E-01
  2.191859E+01 1.186E-01
  2.266080E+01 1.101E-01
  2.388361E+01 9.789E-02
  2.516380E+01 8.702E-02
  2.650380E+01 7.734E-02
  2.790601E+01 6.873E-02
  2.937280E+01 6.107E-02
  3.090669E+01 5.426E-02
  3.251030E+01 4.820E-02
  3.418629E+01 4.281E-02
  3.593739E+01 3.802E-02
  3.776649E+01 3.376E-02
  3.967641E+01 2.997E-02
  4.167030E+01 2.661E-02
  4.375130E+01 2.362E-02
  4.592239E+01 2.096E-02
  4.818710E+01 1.860E-02
  5.054880E+01 1.650E-02
  5.301089E+01 1.464E-02
  5.557700E+01 1.299E-02
  5.825090E+01 1.152E-02
  6.103641E+01 1.021E-02
  6.393730E+01 9.057E-03
  6.695790E+01 8.030E-03
  7.010210E+01 7.119E-03
  7.337430E+01 6.310E-03
  7.677890E+01 5.593E-03
  8.032040E+01 4.957E-03
  8.400340E+01 4.392E-03
  8.783279E+01 3.892E-03
  9.181329E+01 3.448E-03
  9.595020E+01 3.054E-03
  1.002480E+02 2.705E-03
  1.047140E+02 2.396E-03
  1.093510E+02 2.121E-03
  1.141660E+02 1.878E-03
  1.191650E+02 1.663E-03
  1.244863E+02 1.473E-03
  1.300162E+02 1.301E-03
  1.357619E+02 1.149E-03
  1.417308E+02 1.015E-03
  1.479305E+02 8.961E-04
  1.543690E+02 7.913E-04
  1.610545E+02 6.987E-04
  1.679952E+02 6.169E-04
  1.751998E+02 5.447E-04
  1.826773E+02 4.808E-04
  1.904366E+02 4.245E-04
  1.984875E+02 3.747E-04
  2.068395E+02 3.307E-04
  2.155024E+02 2.919E-04
  2.244868E+02 2.576E-04
  2.338032E+02 2.274E-04
  2.434626E+02 2.006E-04
  2.534760E+02 1.771E-04
  2.638552E+02 1.562E-04
  2.746121E+02 1.378E-04
  2.857585E+02 1.216E-04
  2.973079E+02 1.073E-04
    3    1    1    4
     47     63
  1.449220E+01    0.0100
  1.150870E+01 2.460E-01
  1.225450E+01 2.154E-01
  1.300040E+01 1.899E-01
  1.374630E+01 1.685E-01
  1.448850E+01 1.504E-01
  1.527170E+01 1.340E-01
  1.609550E+01 1.194E-01
  1.696170E+01 1.063E-01
  1.787219E+01 9.470E-02
  1.882899E+01 8.432E-02
  1.983400E+01 7.507E-02
  2.088950E+01 6.682E-02
  2.199741E+01 5.947E-02
  2.316010E+01 5.292E-02
  2.437981E+01 4.708E-02
  2.565880E+01 4.188E-02
  2.699950E+01 3.724E-02
  2.840450E+01 3.312E-02
  2.987621E+01 2.944E-02
  3.141721E+01 2.617E-02
  3.303030E+01 2.326E-02
  3.471809E+01 2.066E-02
  3.648351E+01 1.836E-02
  3.832941E+01 1.631E-02
  4.025870E+01 1.448E-02
  4.227440E+01 1.286E-02
  4.437959E+01 1.141E-02
  4.657750E+01 1.013E-02
  4.887140E+01 8.990E-03
  5.126440E+01 7.977E-03
  5.376010E+01 7.076E-03
  5.636180E+01 6.276E-03
  5.907310E+01 5.566E-03
  6.189760E+01 4.935E-03
  6.483890E+01 4.375E-03
  6.790089E+01 3.877E-03
  7.108730E+01 3.436E-03
  7.440199E+01 3.045E-03
  7.784911E+01 2.697E-03
  8.143260E+01 2.389E-03
  8.515649E+01 2.116E-03
  8.902521E+01 1.873E-03
  9.304300E+01 1.659E-03
  9.721410E+01 1.468E-03
  1.015430E+02 1.299E-03
  1.060350E+02 1.150E-03
  1.106930E+02 1.017E-03
  1.157291E+02 9.135E-04
  1.209704E+02 8.074E-04
  1.264243E+02 7.136E-04
  1.320986E+02 6.307E-04
  1.380013E+02 5.574E-04
  1.441407E+02 4.925E-04
  1.505254E+02 4.352E-04
  1.571640E+02 3.846E-04
  1.640659E+02 3.398E-04
  1.712404E+02 3.002E-04
  1.786971E+02 2.652E-04
  1.864460E+02 2.342E-04
  1.944975E+02 2.069E-04
  2.028624E+02 1.828E-04
  2.115515E+02 1.614E-04
  2.205762E+02 1.426E-04
    3    1    1    5
     53     64
  1.005780E+01    0.0100
  7.543350E+00 3.591E-01
  7.820220E+00 3.306E-01
  8.566090E+00 2.730E-01
  9.311960E+00 2.288E-01
  1.005420E+01 1.943E-01
  1.060020E+01 1.733E-01
  1.117530E+01 1.545E-01
  1.178100E+01 1.377E-01
  1.241850E+01 1.227E-01
  1.308960E+01 1.094E-01
  1.379560E+01 9.747E-02
  1.453840E+01 8.685E-02
  1.531940E+01 7.737E-02
  1.614059E+01 6.891E-02
  1.700369E+01 6.137E-02
  1.791051E+01 5.464E-02
  1.886310E+01 4.865E-02
  1.986330E+01 4.331E-02
  2.091319E+01 3.854E-02
  2.201500E+01 3.430E-02
  2.317090E+01 3.052E-02
  2.438300E+01 2.715E-02
  2.565379E+01 2.414E-02
  2.698560E+01 2.147E-02
  2.838091E+01 1.909E-02
  2.984219E+01 1.697E-02
  3.137210E+01 1.509E-02
  3.297330E+01 1.341E-02
  3.464861E+01 1.191E-02
  3.640070E+01 1.058E-02
  3.823250E+01 9.400E-03
  4.014709E+01 8.348E-03
  4.214751E+01 7.413E-03
  4.423680E+01 6.581E-03
  4.641820E+01 5.842E-03
  4.869501E+01 5.184E-03
  5.107060E+01 4.600E-03
  5.354840E+01 4.082E-03
  5.613190E+01 3.621E-03
  5.882471E+01 3.211E-03
  6.163060E+01 2.848E-03
  6.455330E+01 2.525E-03
  6.759660E+01 2.238E-03
  7.076450E+01 1.984E-03
  7.406110E+01 1.758E-03
  7.749040E+01 1.558E-03
  8.105670E+01 1.380E-03
  8.476421E+01 1.223E-03
  8.861729E+01 1.083E-03
  9.262061E+01 9.589E-04
  9.677850E+01 8.490E-04
  1.010960E+02 7.516E-04
  1.055770E+02 6.653E-04
  1.104566E+02 6.017E-04
  1.155418E+02 5.322E-04
  1.208403E+02 4.707E-04
  1.263605E+02 4.162E-04
  1.321108E+02 3.681E-04
  1.380998E+02 3.255E-04
  1.443368E+02 2.878E-04
  1.508311E+02 2.544E-04
  1.575923E+02 2.250E-04
  1.646306E+02 1.989E-04
  1.719562E+02 1.758E-04
    3    1    1    6
     58     63
  7.386190E+00    0.0100
  5.539642E+00 4.492E-01
  5.894450E+00 3.888E-01
  6.640320E+00 3.026E-01
  7.382580E+00 2.417E-01
  7.783630E+00 2.156E-01
  8.206350E+00 1.923E-01
  8.651840E+00 1.715E-01
  9.121220E+00 1.530E-01
  9.615680E+00 1.364E-01
  1.013640E+01 1.216E-01
  1.068480E+01 1.084E-01
  1.126210E+01 9.664E-02
  1.186970E+01 8.613E-02
  1.250900E+01 7.675E-02
  1.318150E+01 6.839E-02
  1.388890E+01 6.093E-02
  1.463260E+01 5.428E-02
  1.541440E+01 4.834E-02
  1.623590E+01 4.305E-02
  1.709911E+01 3.834E-02
  1.800560E+01 3.413E-02
  1.895750E+01 3.038E-02
  1.995660E+01 2.704E-02
  2.100510E+01 2.406E-02
  2.210500E+01 2.141E-02
  2.325861E+01 1.905E-02
  2.446809E+01 1.694E-02
  2.573570E+01 1.507E-02
  2.706400E+01 1.340E-02
  2.845531E+01 1.191E-02
  2.991220E+01 1.059E-02
  3.143730E+01 9.414E-03
  3.303320E+01 8.366E-03
  3.470290E+01 7.434E-03
  3.644910E+01 6.605E-03
  3.827470E+01 5.867E-03
  4.018280E+01 5.210E-03
  4.217641E+01 4.627E-03
  4.425870E+01 4.108E-03
  4.643300E+01 3.647E-03
  4.870261E+01 3.237E-03
  5.107100E+01 2.873E-03
  5.354170E+01 2.549E-03
  5.611830E+01 2.261E-03
  5.880450E+01 2.006E-03
  6.160400E+01 1.779E-03
  6.452090E+01 1.578E-03
  6.755901E+01 1.399E-03
  7.072240E+01 1.240E-03
  7.401540E+01 1.099E-03
  7.744209E+01 9.743E-04
  8.100700E+01 8.634E-04
  8.471449E+01 7.650E-04
  8.856920E+01 6.777E-04
  9.257581E+01 6.003E-04
  9.673911E+01 5.316E-04
  1.010640E+02 4.708E-04
  1.055550E+02 4.168E-04
  1.104746E+02 3.797E-04
  1.156058E+02 3.359E-04
  1.209570E+02 2.972E-04
  1.265368E+02 2.630E-04
  1.323544E+02 2.326E-04
    3    1    1    7
     62     62
  5.653210E+00    0.0100
  4.239907E+00 5.405E-01
  4.907340E+00 3.943E-01
  5.649600E+00 2.925E-01
  5.955710E+00 2.610E-01
  6.278510E+00 2.329E-01
  6.618850E+00 2.078E-01
  6.977630E+00 1.853E-01
  7.355790E+00 1.653E-01
  7.754320E+00 1.475E-01
  8.174230E+00 1.315E-01
  8.616600E+00 1.173E-01
  9.082550E+00 1.046E-01
  9.573210E+00 9.323E-02
  1.008980E+01 8.311E-02
  1.063360E+01 7.408E-02
  1.120590E+01 6.602E-02
  1.180810E+01 5.884E-02
  1.244150E+01 5.243E-02
  1.310770E+01 4.671E-02
  1.380810E+01 4.161E-02
  1.454440E+01 3.706E-02
  1.531810E+01 3.301E-02
  1.613110E+01 2.939E-02
  1.698500E+01 2.617E-02
  1.788161E+01 2.330E-02
  1.882300E+01 2.074E-02
  1.981090E+01 1.846E-02
  2.084750E+01 1.643E-02
  2.193480E+01 1.461E-02
  2.307491E+01 1.300E-02
  2.427029E+01 1.157E-02
  2.552299E+01 1.029E-02
  2.683549E+01 9.147E-03
  2.821030E+01 8.132E-03
  2.964990E+01 7.230E-03
  3.115680E+01 6.426E-03
  3.273390E+01 5.711E-03
  3.438380E+01 5.075E-03
  3.610941E+01 4.509E-03
  3.791360E+01 4.006E-03
  3.979950E+01 3.558E-03
  4.177020E+01 3.160E-03
  4.382890E+01 2.806E-03
  4.597881E+01 2.491E-03
  4.822330E+01 2.211E-03
  5.056599E+01 1.963E-03
  5.301030E+01 1.742E-03
  5.555991E+01 1.545E-03
  5.821860E+01 1.371E-03
  6.099030E+01 1.216E-03
  6.387880E+01 1.079E-03
  6.688831E+01 9.566E-04
  7.002290E+01 8.482E-04
  7.328690E+01 7.520E-04
  7.668460E+01 6.666E-04
  8.022050E+01 5.908E-04
  8.389920E+01 5.236E-04
  8.772549E+01 4.640E-04
  9.170399E+01 4.111E-04
  9.583971E+01 3.641E-04
  1.001380E+02 3.225E-04
  1.046030E+02 2.856E-04
    3    1    1    8
     63     63
  4.465610E+00    0.0100
  3.349207E+00 6.625E-01
  3.719740E+00 5.101E-01
  4.462000E+00 3.467E-01
  4.702610E+00 3.094E-01
  4.956400E+00 2.761E-01
  5.224060E+00 2.464E-01
  5.506320E+00 2.199E-01
  5.803940E+00 1.962E-01
  6.117710E+00 1.750E-01
  6.448470E+00 1.561E-01
  6.797090E+00 1.393E-01
  7.164480E+00 1.242E-01
  7.551580E+00 1.108E-01
  7.959390E+00 9.880E-02
  8.388940E+00 8.810E-02
  8.841300E+00 7.855E-02
  9.317610E+00 7.003E-02
  9.819020E+00 6.243E-02
  1.034680E+01 5.564E-02
  1.090210E+01 4.959E-02
  1.148640E+01 4.419E-02
  1.210090E+01 3.938E-02
  1.274720E+01 3.508E-02
  1.342660E+01 3.125E-02
  1.414080E+01 2.784E-02
  1.489130E+01 2.479E-02
  1.567980E+01 2.208E-02
  1.650800E+01 1.966E-02
  1.737770E+01 1.750E-02
  1.829070E+01 1.558E-02
  1.924890E+01 1.386E-02
  2.025439E+01 1.234E-02
  2.130910E+01 1.098E-02
  2.241521E+01 9.768E-03
  2.357480E+01 8.689E-03
  2.479030E+01 7.728E-03
  2.606390E+01 6.873E-03
  2.739810E+01 6.111E-03
  2.879539E+01 5.433E-03
  3.025819E+01 4.830E-03
  3.178940E+01 4.293E-03
  3.339160E+01 3.815E-03
  3.506760E+01 3.390E-03
  3.682030E+01 3.012E-03
  3.865280E+01 2.676E-03
  4.056799E+01 2.377E-03
  4.256920E+01 2.111E-03
  4.465970E+01 1.874E-03
  4.684270E+01 1.664E-03
  4.912170E+01 1.477E-03
  5.150040E+01 1.311E-03
  5.398219E+01 1.163E-03
  5.657111E+01 1.032E-03
  5.927071E+01 9.160E-04
  6.208510E+01 8.126E-04
  6.501840E+01 7.207E-04
  6.807460E+01 6.392E-04
  7.125810E+01 5.668E-04
  7.457320E+01 5.025E-04
  7.802451E+01 4.455E-04
  8.161650E+01 3.949E-04
  8.535400E+01 3.500E-04
  8.924190E+01 3.101E-04
    3    1    1    9
     63     63
  3.616420E+00    0.0100
  2.712315E+00 7.828E-01
  2.870550E+00 6.592E-01
  3.612810E+00 4.042E-01
  3.807580E+00 3.607E-01
  4.013020E+00 3.219E-01
  4.229680E+00 2.873E-01
  4.458170E+00 2.564E-01
  4.699110E+00 2.288E-01
  4.953140E+00 2.041E-01
  5.220950E+00 1.821E-01
  5.503260E+00 1.625E-01
  5.800810E+00 1.449E-01
  6.114390E+00 1.293E-01
  6.444800E+00 1.153E-01
  6.792910E+00 1.028E-01
  7.159610E+00 9.170E-02
  7.545830E+00 8.177E-02
  7.952540E+00 7.291E-02
  8.380760E+00 6.500E-02
  8.831550E+00 5.795E-02
  9.306010E+00 5.165E-02
  9.805290E+00 4.604E-02
  1.033060E+01 4.103E-02
  1.088320E+01 3.656E-02
  1.146430E+01 3.258E-02
  1.207540E+01 2.902E-02
  1.271770E+01 2.585E-02
  1.339290E+01 2.303E-02
  1.410240E+01 2.051E-02
  1.484780E+01 1.826E-02
  1.563070E+01 1.626E-02
  1.645280E+01 1.448E-02
  1.731590E+01 1.289E-02
  1.822180E+01 1.147E-02
  1.917250E+01 1.021E-02
  2.016980E+01 9.087E-03
  2.121590E+01 8.086E-03
  2.231281E+01 7.194E-03
  2.346271E+01 6.399E-03
  2.466789E+01 5.692E-03
  2.593069E+01 5.062E-03
  2.725360E+01 4.501E-03
  2.863901E+01 4.002E-03
  3.008960E+01 3.558E-03
  3.160789E+01 3.163E-03
  3.319679E+01 2.811E-03
  3.485921E+01 2.498E-03
  3.659779E+01 2.220E-03
  3.841589E+01 1.972E-03
  4.031641E+01 1.752E-03
  4.230270E+01 1.556E-03
  4.437810E+01 1.382E-03
  4.654601E+01 1.227E-03
  4.880991E+01 1.090E-03
  5.117340E+01 9.673E-04
  5.364040E+01 8.586E-04
  5.621460E+01 7.621E-04
  5.890010E+01 6.763E-04
  6.170090E+01 6.001E-04
  6.462120E+01 5.324E-04
  6.766530E+01 4.723E-04
  7.083780E+01 4.189E-04
  7.414310E+01 3.715E-04
    0    0    0    0
