   26    3    P
    2    0    0    1
      5     75
  1.488110E+02    0.0000
  1.415534E+02 2.704E-02
  1.451368E+02 2.574E-02
  1.488110E+02 2.450E-02
  1.525782E+02 2.332E-02
  1.564407E+02 2.218E-02
  1.604010E+02 2.121E-02
  2.046990E+02 1.247E-02
  2.589710E+02 7.563E-03
  3.132420E+02 4.963E-03
  3.675130E+02 3.447E-03
  4.217840E+02 2.498E-03
  4.760560E+02 1.872E-03
  5.303270E+02 1.440E-03
  5.845980E+02 1.133E-03
  6.388690E+02 9.079E-04
  6.388820E+02 1.595E-02
  6.391300E+02 1.593E-02
  6.393770E+02 1.592E-02
  6.396250E+02 1.590E-02
  6.398730E+02 1.588E-02
  6.401200E+02 1.587E-02
  6.403680E+02 1.585E-02
  6.406150E+02 1.584E-02
  6.408630E+02 1.582E-02
  6.411100E+02 1.580E-02
  6.411170E+02 2.084E-02
  6.616290E+02 1.918E-02
  6.827980E+02 1.765E-02
  7.046430E+02 1.624E-02
  7.271880E+02 1.493E-02
  7.504530E+02 1.373E-02
  7.744630E+02 1.262E-02
  7.992420E+02 1.159E-02
  8.248130E+02 1.064E-02
  8.512020E+02 9.771E-03
  8.784350E+02 8.966E-03
  9.065400E+02 8.225E-03
  9.355440E+02 7.543E-03
  9.654760E+02 6.915E-03
  9.963650E+02 6.337E-03
  1.028240E+03 5.805E-03
  1.061140E+03 5.317E-03
  1.095090E+03 4.867E-03
  1.130130E+03 4.455E-03
  1.166290E+03 4.076E-03
  1.203600E+03 3.727E-03
  1.242110E+03 3.408E-03
  1.281850E+03 3.115E-03
  1.322860E+03 2.846E-03
  1.365180E+03 2.600E-03
  1.408860E+03 2.374E-03
  1.453940E+03 2.167E-03
  1.500450E+03 1.978E-03
  1.548460E+03 1.804E-03
  1.598000E+03 1.645E-03
  1.649130E+03 1.500E-03
  1.701890E+03 1.367E-03
  1.756340E+03 1.246E-03
  1.812530E+03 1.135E-03
  1.870520E+03 1.033E-03
  1.930370E+03 9.405E-04
  1.992130E+03 8.559E-04
  2.055870E+03 7.786E-04
  2.121640E+03 7.081E-04
  2.189520E+03 6.438E-04
  2.259570E+03 5.852E-04
  2.331870E+03 5.318E-04
  2.406470E+03 4.830E-04
  2.483460E+03 4.386E-04
  2.562920E+03 3.981E-04
  2.644920E+03 3.613E-04
  2.729540E+03 3.278E-04
  2.816870E+03 2.973E-04
  2.906990E+03 2.696E-04
  3.000000E+03 2.444E-04
    2    0    0    2
     78    103
  6.535680E+01    0.0000
  5.913724E+01 5.048E-02
  6.063431E+01 4.805E-02
  6.216928E+01 4.574E-02
  6.374312E+01 4.354E-02
  6.535680E+01 4.144E-02
  6.701132E+01 3.945E-02
  6.870772E+01 3.754E-02
  7.044707E+01 3.572E-02
  7.223045E+01 3.397E-02
  7.405898E+01 3.229E-02
  7.593378E+01 3.073E-02
  7.785605E+01 2.924E-02
  7.982697E+01 2.777E-02
  8.184782E+01 2.641E-02
  8.391982E+01 2.512E-02
  8.604424E+01 2.386E-02
  8.822244E+01 2.266E-02
  9.045583E+01 2.152E-02
  9.274574E+01 2.044E-02
  9.509358E+01 1.941E-02
  9.750089E+01 1.845E-02
  9.996915E+01 1.752E-02
  1.024999E+02 1.663E-02
  1.050946E+02 1.579E-02
  1.077551E+02 1.498E-02
  1.104830E+02 1.422E-02
  1.132799E+02 1.350E-02
  1.161475E+02 1.281E-02
  1.190879E+02 1.215E-02
  1.221026E+02 1.152E-02
  1.251936E+02 1.093E-02
  1.283629E+02 1.036E-02
  1.316124E+02 9.824E-03
  1.349442E+02 9.311E-03
  1.383604E+02 8.825E-03
  1.418630E+02 8.364E-03
  1.454542E+02 7.925E-03
  1.491364E+02 7.508E-03
  1.529119E+02 7.113E-03
  1.567828E+02 6.738E-03
  1.607518E+02 6.383E-03
  1.648213E+02 6.044E-03
  1.689937E+02 5.722E-03
  1.732719E+02 5.415E-03
  1.776582E+02 5.128E-03
  1.821557E+02 4.852E-03
  1.867670E+02 4.591E-03
  1.914950E+02 4.342E-03
  1.963427E+02 4.108E-03
  2.013131E+02 3.886E-03
  2.064094E+02 3.678E-03
  2.116347E+02 3.479E-03
  2.169923E+02 3.285E-03
  2.224854E+02 3.105E-03
  2.281177E+02 2.936E-03
  2.338925E+02 2.779E-03
  2.398135E+02 2.625E-03
  2.458844E+02 2.478E-03
  2.521091E+02 2.341E-03
  2.584912E+02 2.214E-03
  2.650349E+02 2.092E-03
  2.717444E+02 1.976E-03
  2.786235E+02 1.862E-03
  2.856770E+02 1.756E-03
  2.929087E+02 1.660E-03
  3.003240E+02 1.567E-03
  3.079265E+02 1.479E-03
  3.157219E+02 1.395E-03
  3.237144E+02 1.316E-03
  3.319092E+02 1.241E-03
  3.403115E+02 1.171E-03
  3.489265E+02 1.104E-03
  3.577598E+02 1.041E-03
  3.668164E+02 9.813E-04
  3.761023E+02 9.249E-04
  3.856235E+02 8.714E-04
  3.953857E+02 8.209E-04
  4.053950E+02 7.739E-04
  4.263948E+02 6.861E-04
  4.483896E+02 6.081E-04
  4.714226E+02 5.389E-04
  4.955393E+02 4.776E-04
  5.207859E+02 4.232E-04
  5.472104E+02 3.750E-04
  5.748643E+02 3.322E-04
  6.037996E+02 2.943E-04
  6.340710E+02 2.607E-04
  6.657351E+02 2.310E-04
  6.988503E+02 2.046E-04
  7.334788E+02 1.812E-04
  7.696833E+02 1.605E-04
  8.075303E+02 1.421E-04
  8.470879E+02 1.259E-04
  8.884272E+02 1.115E-04
  9.316233E+02 9.870E-05
  9.767520E+02 8.739E-05
  1.023893E+03 7.737E-05
  1.073128E+03 6.850E-05
  1.124546E+03 6.064E-05
  1.178235E+03 5.368E-05
  1.234286E+03 4.751E-05
  1.292795E+03 4.206E-05
  1.353862E+03 3.722E-05
    2    0    0    3
    102    117
  3.656310E+01    0.0000
  3.069315E+01 8.661E-02
  3.147014E+01 8.241E-02
  3.226682E+01 7.841E-02
  3.308365E+01 7.460E-02
  3.392117E+01 7.098E-02
  3.477989E+01 6.754E-02
  3.566035E+01 6.426E-02
  3.656310E+01 6.114E-02
  3.748869E+01 5.817E-02
  3.843773E+01 5.532E-02
  3.941080E+01 5.258E-02
  4.040848E+01 5.000E-02
  4.143143E+01 4.757E-02
  4.248026E+01 4.522E-02
  4.355566E+01 4.298E-02
  4.465826E+01 4.087E-02
  4.578880E+01 3.884E-02
  4.694795E+01 3.692E-02
  4.813644E+01 3.511E-02
  4.935503E+01 3.336E-02
  5.060445E+01 3.166E-02
  5.188551E+01 3.008E-02
  5.319901E+01 2.859E-02
  5.454573E+01 2.717E-02
  5.592657E+01 2.581E-02
  5.734235E+01 2.453E-02
  5.879399E+01 2.327E-02
  6.028236E+01 2.208E-02
  6.180843E+01 2.099E-02
  6.337309E+01 1.994E-02
  6.497742E+01 1.892E-02
  6.662228E+01 1.796E-02
  6.830888E+01 1.705E-02
  7.003812E+01 1.618E-02
  7.181116E+01 1.536E-02
  7.362901E+01 1.457E-02
  7.549297E+01 1.382E-02
  7.740408E+01 1.312E-02
  7.936357E+01 1.244E-02
  8.137267E+01 1.180E-02
  8.343266E+01 1.120E-02
  8.554472E+01 1.062E-02
  8.771031E+01 1.007E-02
  8.993073E+01 9.549E-03
  9.220734E+01 9.057E-03
  9.454153E+01 8.583E-03
  9.693492E+01 8.134E-03
  9.938879E+01 7.711E-03
  1.019049E+02 7.309E-03
  1.044846E+02 6.928E-03
  1.071296E+02 6.564E-03
  1.098416E+02 6.220E-03
  1.126223E+02 5.894E-03
  1.154733E+02 5.584E-03
  1.183966E+02 5.290E-03
  1.213938E+02 5.011E-03
  1.244669E+02 4.747E-03
  1.276177E+02 4.495E-03
  1.308484E+02 4.254E-03
  1.341609E+02 4.026E-03
  1.375572E+02 3.811E-03
  1.410394E+02 3.609E-03
  1.446099E+02 3.416E-03
  1.482707E+02 3.233E-03
  1.520242E+02 3.058E-03
  1.558727E+02 2.896E-03
  1.598187E+02 2.741E-03
  1.638645E+02 2.591E-03
  1.680127E+02 2.452E-03
  1.722660E+02 2.321E-03
  1.766269E+02 2.193E-03
  1.810982E+02 2.073E-03
  1.856827E+02 1.960E-03
  1.903833E+02 1.852E-03
  1.952029E+02 1.752E-03
  2.001445E+02 1.657E-03
  2.052112E+02 1.566E-03
  2.104061E+02 1.480E-03
  2.157326E+02 1.399E-03
  2.211939E+02 1.322E-03
  2.267934E+02 1.248E-03
  2.325347E+02 1.179E-03
  2.384214E+02 1.114E-03
  2.444570E+02 1.052E-03
  2.506455E+02 9.942E-04
  2.569905E+02 9.387E-04
  2.634963E+02 8.863E-04
  2.701667E+02 8.367E-04
  2.770061E+02 7.897E-04
  2.840186E+02 7.451E-04
  2.912085E+02 7.032E-04
  2.985806E+02 6.639E-04
  3.061392E+02 6.260E-04
  3.138889E+02 5.904E-04
  3.218352E+02 5.572E-04
  3.299824E+02 5.257E-04
  3.383359E+02 4.957E-04
  3.469009E+02 4.670E-04
  3.556829E+02 4.405E-04
  3.646870E+02 4.152E-04
  3.739192E+02 3.913E-04
  3.833850E+02 3.694E-04
  4.033850E+02 3.285E-04
  4.243667E+02 2.914E-04
  4.463752E+02 2.585E-04
  4.694585E+02 2.292E-04
  4.936653E+02 2.033E-04
  5.190474E+02 1.803E-04
  5.456587E+02 1.599E-04
  5.735547E+02 1.418E-04
  6.027949E+02 1.257E-04
  6.334397E+02 1.115E-04
  6.655535E+02 9.884E-05
  6.992017E+02 8.763E-05
  7.344536E+02 7.769E-05
  7.713816E+02 6.887E-05
  8.100603E+02 6.105E-05
    2    0    0    4
    107    123
  2.332610E+01    0.0000
  1.728036E+01 1.530E-01
  1.771782E+01 1.454E-01
  1.816637E+01 1.382E-01
  1.862624E+01 1.314E-01
  1.909776E+01 1.249E-01
  1.958124E+01 1.187E-01
  2.007693E+01 1.129E-01
  2.058519E+01 1.073E-01
  2.110631E+01 1.020E-01
  2.164063E+01 9.696E-02
  2.218848E+01 9.217E-02
  2.275017E+01 8.762E-02
  2.332610E+01 8.329E-02
  2.391661E+01 7.918E-02
  2.452205E+01 7.528E-02
  2.514284E+01 7.157E-02
  2.577933E+01 6.803E-02
  2.643193E+01 6.466E-02
  2.710106E+01 6.143E-02
  2.778712E+01 5.839E-02
  2.849055E+01 5.551E-02
  2.921181E+01 5.274E-02
  2.995131E+01 5.011E-02
  3.070953E+01 4.761E-02
  3.148694E+01 4.521E-02
  3.228404E+01 4.292E-02
  3.310130E+01 4.075E-02
  3.393927E+01 3.872E-02
  3.479845E+01 3.679E-02
  3.567938E+01 3.496E-02
  3.658261E+01 3.321E-02
  3.750870E+01 3.153E-02
  3.845824E+01 2.995E-02
  3.943181E+01 2.844E-02
  4.043002E+01 2.700E-02
  4.145354E+01 2.562E-02
  4.250293E+01 2.433E-02
  4.357889E+01 2.310E-02
  4.468210E+01 2.193E-02
  4.581323E+01 2.079E-02
  4.697301E+01 1.974E-02
  4.816212E+01 1.876E-02
  4.938136E+01 1.778E-02
  5.063145E+01 1.686E-02
  5.191319E+01 1.599E-02
  5.322739E+01 1.517E-02
  5.457483E+01 1.440E-02
  5.595641E+01 1.366E-02
  5.737296E+01 1.296E-02
  5.882533E+01 1.229E-02
  6.031453E+01 1.166E-02
  6.184140E+01 1.106E-02
  6.340694E+01 1.048E-02
  6.501205E+01 9.941E-03
  6.665784E+01 9.427E-03
  6.834529E+01 8.937E-03
  7.007545E+01 8.476E-03
  7.184946E+01 8.036E-03
  7.366830E+01 7.616E-03
  7.553323E+01 7.218E-03
  7.744540E+01 6.841E-03
  7.940588E+01 6.485E-03
  8.141608E+01 6.146E-03
  8.347713E+01 5.824E-03
  8.559039E+01 5.522E-03
  8.775710E+01 5.233E-03
  8.997868E+01 4.956E-03
  9.225652E+01 4.696E-03
  9.459200E+01 4.448E-03
  9.698662E+01 4.215E-03
  9.944183E+01 3.990E-03
  1.019592E+02 3.778E-03
  1.045403E+02 3.578E-03
  1.071868E+02 3.388E-03
  1.099002E+02 3.208E-03
  1.126824E+02 3.040E-03
  1.155349E+02 2.877E-03
  1.184597E+02 2.721E-03
  1.214585E+02 2.578E-03
  1.245333E+02 2.442E-03
  1.276858E+02 2.312E-03
  1.309182E+02 2.186E-03
  1.342324E+02 2.067E-03
  1.376305E+02 1.955E-03
  1.411147E+02 1.855E-03
  1.446870E+02 1.754E-03
  1.483498E+02 1.658E-03
  1.521053E+02 1.568E-03
  1.559559E+02 1.483E-03
  1.599039E+02 1.402E-03
  1.639519E+02 1.326E-03
  1.681023E+02 1.254E-03
  1.723578E+02 1.186E-03
  1.767212E+02 1.121E-03
  1.811948E+02 1.060E-03
  1.857818E+02 1.002E-03
  1.904849E+02 9.469E-04
  1.953070E+02 8.948E-04
  2.002512E+02 8.455E-04
  2.053206E+02 7.991E-04
  2.105184E+02 7.551E-04
  2.158476E+02 7.134E-04
  2.213119E+02 6.737E-04
  2.269144E+02 6.362E-04
  2.326588E+02 6.008E-04
  2.385486E+02 5.675E-04
  2.445874E+02 5.361E-04
  2.576953E+02 4.777E-04
  2.714749E+02 4.242E-04
  2.859592E+02 3.766E-04
  3.011829E+02 3.343E-04
  3.171819E+02 2.968E-04
  3.339941E+02 2.635E-04
  3.516592E+02 2.339E-04
  3.702180E+02 2.076E-04
  3.897144E+02 1.843E-04
  4.101936E+02 1.636E-04
  4.317029E+02 1.452E-04
  4.542920E+02 1.288E-04
  4.780129E+02 1.143E-04
  5.029202E+02 1.015E-04
  5.290701E+02 9.005E-05
  5.565227E+02 7.991E-05
    2    0    0    5
    107    123
  1.616470E+01    0.0000
  1.197510E+01 1.995E-01
  1.227825E+01 1.895E-01
  1.258908E+01 1.800E-01
  1.290777E+01 1.710E-01
  1.323453E+01 1.625E-01
  1.356957E+01 1.544E-01
  1.391308E+01 1.467E-01
  1.426529E+01 1.394E-01
  1.462642E+01 1.324E-01
  1.499669E+01 1.258E-01
  1.537634E+01 1.195E-01
  1.576559E+01 1.135E-01
  1.616470E+01 1.079E-01
  1.657391E+01 1.025E-01
  1.699348E+01 9.734E-02
  1.742368E+01 9.245E-02
  1.786475E+01 8.783E-02
  1.831700E+01 8.345E-02
  1.878070E+01 7.929E-02
  1.925613E+01 7.531E-02
  1.974361E+01 7.152E-02
  2.024342E+01 6.790E-02
  2.075587E+01 6.446E-02
  2.128133E+01 6.122E-02
  2.182005E+01 5.814E-02
  2.237244E+01 5.521E-02
  2.293880E+01 5.242E-02
  2.351950E+01 4.978E-02
  2.411490E+01 4.728E-02
  2.472537E+01 4.487E-02
  2.535130E+01 4.258E-02
  2.599306E+01 4.044E-02
  2.665108E+01 3.841E-02
  2.732576E+01 3.648E-02
  2.801752E+01 3.460E-02
  2.872678E+01 3.284E-02
  2.945399E+01 3.118E-02
  3.019963E+01 2.960E-02
  3.096414E+01 2.810E-02
  3.174800E+01 2.667E-02
  3.255171E+01 2.531E-02
  3.337576E+01 2.402E-02
  3.422066E+01 2.276E-02
  3.508698E+01 2.161E-02
  3.597520E+01 2.052E-02
  3.688593E+01 1.945E-02
  3.781969E+01 1.845E-02
  3.877708E+01 1.751E-02
  3.975874E+01 1.660E-02
  4.076524E+01 1.575E-02
  4.179723E+01 1.495E-02
  4.285532E+01 1.418E-02
  4.394020E+01 1.344E-02
  4.505257E+01 1.275E-02
  4.619307E+01 1.209E-02
  4.736246E+01 1.146E-02
  4.856145E+01 1.087E-02
  4.979077E+01 1.031E-02
  5.105122E+01 9.780E-03
  5.234361E+01 9.270E-03
  5.366869E+01 8.788E-03
  5.502731E+01 8.332E-03
  5.642035E+01 7.899E-03
  5.784863E+01 7.489E-03
  5.931306E+01 7.101E-03
  6.081462E+01 6.729E-03
  6.235413E+01 6.378E-03
  6.393259E+01 6.046E-03
  6.555106E+01 5.731E-03
  6.721056E+01 5.432E-03
  6.891199E+01 5.147E-03
  7.065649E+01 4.875E-03
  7.244518E+01 4.616E-03
  7.427911E+01 4.376E-03
  7.615952E+01 4.146E-03
  7.808749E+01 3.928E-03
  8.006425E+01 3.723E-03
  8.209113E+01 3.527E-03
  8.416924E+01 3.341E-03
  8.630003E+01 3.164E-03
  8.848471E+01 2.995E-03
  9.072472E+01 2.835E-03
  9.302144E+01 2.687E-03
  9.537627E+01 2.545E-03
  9.779076E+01 2.408E-03
  1.002663E+02 2.282E-03
  1.028046E+02 2.163E-03
  1.054071E+02 2.047E-03
  1.080755E+02 1.938E-03
  1.108114E+02 1.834E-03
  1.136166E+02 1.734E-03
  1.164928E+02 1.641E-03
  1.194419E+02 1.553E-03
  1.224656E+02 1.469E-03
  1.255658E+02 1.391E-03
  1.287445E+02 1.316E-03
  1.320037E+02 1.245E-03
  1.353454E+02 1.177E-03
  1.387716E+02 1.114E-03
  1.422846E+02 1.053E-03
  1.458866E+02 9.965E-04
  1.495798E+02 9.424E-04
  1.533664E+02 8.911E-04
  1.572489E+02 8.426E-04
  1.612297E+02 7.968E-04
  1.653112E+02 7.533E-04
  1.694961E+02 7.121E-04
  1.787324E+02 6.355E-04
  1.884564E+02 5.647E-04
  1.986927E+02 5.017E-04
  2.094676E+02 4.457E-04
  2.208085E+02 3.959E-04
  2.327443E+02 3.517E-04
  2.453052E+02 3.125E-04
  2.585227E+02 2.776E-04
  2.724304E+02 2.465E-04
  2.870632E+02 2.190E-04
  3.024575E+02 1.945E-04
  3.186519E+02 1.728E-04
  3.356868E+02 1.534E-04
  3.536040E+02 1.363E-04
  3.724480E+02 1.210E-04
  3.922659E+02 1.075E-04
    2    0    0    6
    107    124
  1.185850E+01    0.0000
  8.784964E+00 2.497E-01
  9.007359E+00 2.372E-01
  9.235383E+00 2.253E-01
  9.469181E+00 2.139E-01
  9.708897E+00 2.032E-01
  9.954681E+00 1.930E-01
  1.020669E+01 1.833E-01
  1.046507E+01 1.741E-01
  1.073000E+01 1.654E-01
  1.100164E+01 1.570E-01
  1.128015E+01 1.492E-01
  1.156571E+01 1.417E-01
  1.185850E+01 1.346E-01
  1.215870E+01 1.278E-01
  1.246650E+01 1.214E-01
  1.278209E+01 1.152E-01
  1.310567E+01 1.094E-01
  1.343744E+01 1.039E-01
  1.377761E+01 9.861E-02
  1.412640E+01 9.361E-02
  1.448401E+01 8.884E-02
  1.485067E+01 8.436E-02
  1.522662E+01 8.009E-02
  1.561208E+01 7.601E-02
  1.600729E+01 7.215E-02
  1.641254E+01 6.849E-02
  1.682800E+01 6.499E-02
  1.725401E+01 6.170E-02
  1.769081E+01 5.858E-02
  1.813866E+01 5.562E-02
  1.859782E+01 5.277E-02
  1.906863E+01 5.007E-02
  1.955136E+01 4.751E-02
  2.004631E+01 4.508E-02
  2.055379E+01 4.278E-02
  2.107410E+01 4.063E-02
  2.160760E+01 3.857E-02
  2.215460E+01 3.656E-02
  2.271544E+01 3.469E-02
  2.329050E+01 3.292E-02
  2.388010E+01 3.122E-02
  2.448462E+01 2.961E-02
  2.510445E+01 2.810E-02
  2.573997E+01 2.669E-02
  2.639159E+01 2.534E-02
  2.705969E+01 2.404E-02
  2.774471E+01 2.276E-02
  2.844707E+01 2.156E-02
  2.916721E+01 2.047E-02
  2.990558E+01 1.943E-02
  3.066264E+01 1.846E-02
  3.143887E+01 1.749E-02
  3.223476E+01 1.658E-02
  3.305077E+01 1.573E-02
  3.388747E+01 1.492E-02
  3.474533E+01 1.415E-02
  3.562489E+01 1.342E-02
  3.652676E+01 1.272E-02
  3.745143E+01 1.206E-02
  3.839952E+01 1.144E-02
  3.937161E+01 1.085E-02
  4.036832E+01 1.028E-02
  4.139024E+01 9.748E-03
  4.243803E+01 9.240E-03
  4.351236E+01 8.759E-03
  4.461389E+01 8.304E-03
  4.574329E+01 7.873E-03
  4.690128E+01 7.464E-03
  4.808859E+01 7.073E-03
  4.930597E+01 6.707E-03
  5.055415E+01 6.360E-03
  5.183394E+01 6.027E-03
  5.314612E+01 5.710E-03
  5.449152E+01 5.409E-03
  5.587099E+01 5.129E-03
  5.728535E+01 4.861E-03
  5.873555E+01 4.605E-03
  6.022244E+01 4.363E-03
  6.174698E+01 4.135E-03
  6.331010E+01 3.920E-03
  6.491283E+01 3.714E-03
  6.655608E+01 3.518E-03
  6.824098E+01 3.332E-03
  6.996851E+01 3.158E-03
  7.173976E+01 2.992E-03
  7.355589E+01 2.832E-03
  7.541791E+01 2.682E-03
  7.732712E+01 2.542E-03
  7.928468E+01 2.409E-03
  8.129179E+01 2.280E-03
  8.334970E+01 2.156E-03
  8.545973E+01 2.041E-03
  8.762315E+01 1.935E-03
  8.984132E+01 1.835E-03
  9.211568E+01 1.736E-03
  9.444762E+01 1.642E-03
  9.683855E+01 1.554E-03
  9.928998E+01 1.472E-03
  1.018036E+02 1.393E-03
  1.043807E+02 1.319E-03
  1.070232E+02 1.248E-03
  1.097325E+02 1.181E-03
  1.125104E+02 1.118E-03
  1.153586E+02 1.057E-03
  1.182788E+02 1.000E-03
  1.212731E+02 9.467E-04
  1.243431E+02 8.955E-04
  1.311853E+02 7.992E-04
  1.383956E+02 7.104E-04
  1.459931E+02 6.314E-04
  1.539981E+02 5.612E-04
  1.624319E+02 4.988E-04
  1.713172E+02 4.433E-04
  1.806774E+02 3.940E-04
  1.905372E+02 3.502E-04
  2.009232E+02 3.112E-04
  2.118623E+02 2.766E-04
  2.233835E+02 2.458E-04
  2.355170E+02 2.184E-04
  2.482946E+02 1.941E-04
  2.617495E+02 1.725E-04
  2.759175E+02 1.533E-04
  2.908352E+02 1.362E-04
  3.065410E+02 1.210E-04
    2    0    0    7
    107    124
  9.069120E+00    0.0000
  6.718566E+00 3.062E-01
  6.888648E+00 2.906E-01
  7.063035E+00 2.758E-01
  7.241837E+00 2.617E-01
  7.425165E+00 2.484E-01
  7.613134E+00 2.357E-01
  7.805862E+00 2.237E-01
  8.003469E+00 2.123E-01
  8.206078E+00 2.014E-01
  8.413816E+00 1.912E-01
  8.626813E+00 1.814E-01
  8.845202E+00 1.722E-01
  9.069120E+00 1.634E-01
  9.298707E+00 1.551E-01
  9.534104E+00 1.472E-01
  9.775461E+00 1.397E-01
  1.002293E+01 1.326E-01
  1.027666E+01 1.258E-01
  1.053681E+01 1.194E-01
  1.080355E+01 1.133E-01
  1.107705E+01 1.075E-01
  1.135746E+01 1.021E-01
  1.164498E+01 9.684E-02
  1.193977E+01 9.188E-02
  1.224204E+01 8.717E-02
  1.255194E+01 8.272E-02
  1.286969E+01 7.852E-02
  1.319549E+01 7.451E-02
  1.352954E+01 7.069E-02
  1.387204E+01 6.705E-02
  1.422321E+01 6.363E-02
  1.458327E+01 6.038E-02
  1.495245E+01 5.729E-02
  1.533098E+01 5.433E-02
  1.571908E+01 5.151E-02
  1.611700E+01 4.889E-02
  1.652502E+01 4.638E-02
  1.694334E+01 4.399E-02
  1.737227E+01 4.174E-02
  1.781206E+01 3.959E-02
  1.826297E+01 3.755E-02
  1.872530E+01 3.563E-02
  1.919933E+01 3.381E-02
  1.968536E+01 3.204E-02
  2.018370E+01 3.038E-02
  2.069466E+01 2.883E-02
  2.121854E+01 2.736E-02
  2.175569E+01 2.595E-02
  2.230644E+01 2.462E-02
  2.287112E+01 2.332E-02
  2.345010E+01 2.213E-02
  2.404376E+01 2.100E-02
  2.465242E+01 1.991E-02
  2.527650E+01 1.887E-02
  2.591638E+01 1.789E-02
  2.657246E+01 1.697E-02
  2.724515E+01 1.609E-02
  2.793486E+01 1.526E-02
  2.864203E+01 1.447E-02
  2.936711E+01 1.372E-02
  3.011053E+01 1.301E-02
  3.087280E+01 1.233E-02
  3.165434E+01 1.169E-02
  3.245567E+01 1.108E-02
  3.327730E+01 1.051E-02
  3.411971E+01 9.964E-03
  3.498346E+01 9.444E-03
  3.586906E+01 8.954E-03
  3.677710E+01 8.489E-03
  3.770811E+01 8.044E-03
  3.866270E+01 7.625E-03
  3.964145E+01 7.230E-03
  4.064497E+01 6.853E-03
  4.167390E+01 6.496E-03
  4.272890E+01 6.160E-03
  4.381058E+01 5.835E-03
  4.491965E+01 5.528E-03
  4.605679E+01 5.241E-03
  4.722272E+01 4.968E-03
  4.841818E+01 4.709E-03
  4.964389E+01 4.461E-03
  5.090063E+01 4.226E-03
  5.218919E+01 4.005E-03
  5.351036E+01 3.792E-03
  5.486497E+01 3.593E-03
  5.625391E+01 3.405E-03
  5.767798E+01 3.225E-03
  5.913811E+01 3.054E-03
  6.063518E+01 2.893E-03
  6.217017E+01 2.744E-03
  6.374399E+01 2.600E-03
  6.535770E+01 2.461E-03
  6.701224E+01 2.330E-03
  6.870863E+01 2.206E-03
  7.044806E+01 2.089E-03
  7.223140E+01 1.980E-03
  7.405997E+01 1.876E-03
  7.593478E+01 1.777E-03
  7.785710E+01 1.682E-03
  7.982805E+01 1.593E-03
  8.184892E+01 1.508E-03
  8.392096E+01 1.428E-03
  8.604543E+01 1.352E-03
  8.822366E+01 1.280E-03
  9.045706E+01 1.212E-03
  9.274699E+01 1.147E-03
  9.509489E+01 1.086E-03
  1.003579E+02 9.682E-04
  1.059073E+02 8.608E-04
  1.117585E+02 7.654E-04
  1.179275E+02 6.805E-04
  1.244315E+02 6.050E-04
  1.312882E+02 5.379E-04
  1.385165E+02 4.782E-04
  1.461360E+02 4.251E-04
  1.541678E+02 3.780E-04
  1.626339E+02 3.360E-04
  1.715570E+02 2.987E-04
  1.809617E+02 2.655E-04
  1.908735E+02 2.361E-04
  2.013192E+02 2.098E-04
  2.123272E+02 1.865E-04
  2.239272E+02 1.658E-04
  2.361504E+02 1.474E-04
    2    0    0    8
    107    124
  7.159600E+00    0.0000
  5.303974E+00 3.604E-01
  5.438244E+00 3.423E-01
  5.575912E+00 3.250E-01
  5.717066E+00 3.087E-01
  5.861793E+00 2.931E-01
  6.010184E+00 2.784E-01
  6.162332E+00 2.644E-01
  6.318331E+00 2.511E-01
  6.478279E+00 2.384E-01
  6.642276E+00 2.264E-01
  6.810425E+00 2.150E-01
  6.982830E+00 2.042E-01
  7.159600E+00 1.940E-01
  7.340845E+00 1.842E-01
  7.526682E+00 1.749E-01
  7.717218E+00 1.659E-01
  7.912583E+00 1.574E-01
  8.112891E+00 1.493E-01
  8.318266E+00 1.416E-01
  8.528843E+00 1.344E-01
  8.744757E+00 1.275E-01
  8.966125E+00 1.209E-01
  9.193110E+00 1.147E-01
  9.425835E+00 1.088E-01
  9.664446E+00 1.032E-01
  9.909106E+00 9.788E-02
  1.015995E+01 9.285E-02
  1.041716E+01 8.807E-02
  1.068087E+01 8.354E-02
  1.095125E+01 7.924E-02
  1.122849E+01 7.518E-02
  1.151274E+01 7.132E-02
  1.180418E+01 6.763E-02
  1.210301E+01 6.413E-02
  1.240940E+01 6.081E-02
  1.272354E+01 5.770E-02
  1.304564E+01 5.471E-02
  1.337590E+01 5.186E-02
  1.371450E+01 4.917E-02
  1.406169E+01 4.666E-02
  1.441766E+01 4.428E-02
  1.478265E+01 4.197E-02
  1.515687E+01 3.979E-02
  1.554057E+01 3.773E-02
  1.593398E+01 3.582E-02
  1.633736E+01 3.396E-02
  1.675093E+01 3.218E-02
  1.717497E+01 3.053E-02
  1.760977E+01 2.895E-02
  1.805557E+01 2.742E-02
  1.851263E+01 2.601E-02
  1.898129E+01 2.467E-02
  1.946181E+01 2.337E-02
  1.995448E+01 2.217E-02
  2.045964E+01 2.104E-02
  2.097758E+01 1.995E-02
  2.150862E+01 1.891E-02
  2.205312E+01 1.793E-02
  2.261140E+01 1.699E-02
  2.318381E+01 1.611E-02
  2.377071E+01 1.528E-02
  2.437247E+01 1.449E-02
  2.498946E+01 1.373E-02
  2.562207E+01 1.302E-02
  2.627069E+01 1.234E-02
  2.693575E+01 1.170E-02
  2.761761E+01 1.109E-02
  2.831677E+01 1.051E-02
  2.903362E+01 9.961E-03
  2.976860E+01 9.443E-03
  3.052220E+01 8.954E-03
  3.129488E+01 8.490E-03
  3.208710E+01 8.046E-03
  3.289938E+01 7.625E-03
  3.373222E+01 7.227E-03
  3.458618E+01 6.851E-03
  3.546173E+01 6.493E-03
  3.635945E+01 6.153E-03
  3.727989E+01 5.828E-03
  3.822363E+01 5.524E-03
  3.919127E+01 5.238E-03
  4.018341E+01 4.961E-03
  4.120065E+01 4.702E-03
  4.224365E+01 4.460E-03
  4.331305E+01 4.223E-03
  4.440953E+01 4.001E-03
  4.553375E+01 3.795E-03
  4.668645E+01 3.593E-03
  4.786833E+01 3.402E-03
  4.908012E+01 3.223E-03
  5.032259E+01 3.054E-03
  5.159651E+01 2.892E-03
  5.290269E+01 2.740E-03
  5.424193E+01 2.598E-03
  5.561507E+01 2.464E-03
  5.702296E+01 2.333E-03
  5.846651E+01 2.211E-03
  5.994658E+01 2.094E-03
  6.146414E+01 1.979E-03
  6.302016E+01 1.876E-03
  6.461546E+01 1.778E-03
  6.625121E+01 1.684E-03
  6.792836E+01 1.594E-03
  6.964803E+01 1.510E-03
  7.141116E+01 1.430E-03
  7.321892E+01 1.354E-03
  7.507249E+01 1.282E-03
  7.924043E+01 1.143E-03
  8.363689E+01 1.016E-03
  8.827425E+01 9.036E-04
  9.316562E+01 8.035E-04
  9.832465E+01 7.146E-04
  1.037658E+02 6.354E-04
  1.095044E+02 5.650E-04
  1.155565E+02 5.024E-04
  1.219389E+02 4.468E-04
  1.286695E+02 3.973E-04
  1.357672E+02 3.533E-04
  1.432514E+02 3.141E-04
  1.511433E+02 2.793E-04
  1.594646E+02 2.483E-04
  1.682385E+02 2.208E-04
  1.774891E+02 1.963E-04
  1.872421E+02 1.746E-04
    2    1    1    1
     47     74
  1.453910E+02    0.0000
  1.383002E+02 2.805E-02
  1.418013E+02 2.598E-02
  1.453910E+02 2.406E-02
  1.490716E+02 2.229E-02
  1.528454E+02 2.064E-02
  1.567146E+02 1.911E-02
  1.606819E+02 1.770E-02
  1.647496E+02 1.640E-02
  1.689203E+02 1.518E-02
  1.731965E+02 1.405E-02
  1.775810E+02 1.301E-02
  1.820765E+02 1.204E-02
  1.866858E+02 1.114E-02
  1.914117E+02 1.030E-02
  1.962573E+02 9.524E-03
  2.012256E+02 8.806E-03
  2.063197E+02 8.140E-03
  2.115427E+02 7.524E-03
  2.168979E+02 6.955E-03
  2.223887E+02 6.422E-03
  2.280185E+02 5.935E-03
  2.337908E+02 5.479E-03
  2.397092E+02 5.060E-03
  2.457775E+02 4.671E-03
  2.519994E+02 4.310E-03
  2.583789E+02 3.977E-03
  2.649197E+02 3.666E-03
  2.716262E+02 3.379E-03
  2.785024E+02 3.118E-03
  2.855527E+02 2.870E-03
  2.927815E+02 2.649E-03
  3.001934E+02 2.438E-03
  3.077927E+02 2.242E-03
  3.155847E+02 2.067E-03
  3.235735E+02 1.901E-03
  3.317649E+02 1.751E-03
  3.401636E+02 1.611E-03
  3.487749E+02 1.481E-03
  3.576042E+02 1.362E-03
  3.666570E+02 1.252E-03
  3.759390E+02 1.150E-03
  3.854558E+02 1.057E-03
  3.952136E+02 9.710E-04
  4.052185E+02 8.914E-04
  4.154768E+02 8.182E-04
  4.259946E+02 7.510E-04
  4.367788E+02 6.890E-04
  4.531301E+02 6.089E-04
  4.700332E+02 5.367E-04
  4.875046E+02 4.730E-04
  5.055613E+02 4.169E-04
  5.242209E+02 3.674E-04
  5.435027E+02 3.238E-04
  5.634243E+02 2.853E-04
  5.840054E+02 2.514E-04
  6.052656E+02 2.216E-04
  6.272256E+02 1.952E-04
  6.499060E+02 1.720E-04
  6.733281E+02 1.516E-04
  6.975139E+02 1.335E-04
  7.224861E+02 1.176E-04
  7.482676E+02 1.036E-04
  7.748831E+02 9.129E-05
  8.023555E+02 8.042E-05
  8.307107E+02 7.084E-05
  8.599746E+02 6.239E-05
  8.901743E+02 5.496E-05
  9.213362E+02 4.840E-05
  9.534878E+02 4.263E-05
  9.866582E+02 3.754E-05
  1.020876E+03 3.306E-05
  1.056173E+03 2.912E-05
  1.092579E+03 2.564E-05
  1.130125E+03 2.258E-05
    2    1    1    2
     73     91
  6.440480E+01    0.0000
  5.827583E+01 5.845E-02
  5.975110E+01 5.500E-02
  6.126372E+01 5.175E-02
  6.281464E+01 4.870E-02
  6.440480E+01 4.583E-02
  6.603522E+01 4.312E-02
  6.770691E+01 4.059E-02
  6.942091E+01 3.819E-02
  7.117834E+01 3.595E-02
  7.298022E+01 3.377E-02
  7.482771E+01 3.172E-02
  7.672198E+01 2.984E-02
  7.866420E+01 2.801E-02
  8.065562E+01 2.629E-02
  8.269742E+01 2.470E-02
  8.479091E+01 2.318E-02
  8.693739E+01 2.177E-02
  8.913824E+01 2.043E-02
  9.139479E+01 1.917E-02
  9.370844E+01 1.794E-02
  9.608067E+01 1.682E-02
  9.851299E+01 1.577E-02
  1.010069E+02 1.477E-02
  1.035638E+02 1.383E-02
  1.061855E+02 1.295E-02
  1.088737E+02 1.212E-02
  1.116298E+02 1.134E-02
  1.144557E+02 1.062E-02
  1.173532E+02 9.927E-03
  1.203240E+02 9.280E-03
  1.233701E+02 8.672E-03
  1.264932E+02 8.103E-03
  1.296954E+02 7.569E-03
  1.329786E+02 7.072E-03
  1.363450E+02 6.606E-03
  1.397966E+02 6.164E-03
  1.433355E+02 5.753E-03
  1.469641E+02 5.364E-03
  1.506845E+02 5.002E-03
  1.544991E+02 4.664E-03
  1.584103E+02 4.347E-03
  1.624205E+02 4.051E-03
  1.665321E+02 3.774E-03
  1.707480E+02 3.513E-03
  1.750704E+02 3.273E-03
  1.795024E+02 3.050E-03
  1.840465E+02 2.836E-03
  1.887056E+02 2.639E-03
  1.934827E+02 2.456E-03
  1.983808E+02 2.284E-03
  2.034028E+02 2.124E-03
  2.085520E+02 1.973E-03
  2.138315E+02 1.827E-03
  2.192447E+02 1.699E-03
  2.247949E+02 1.578E-03
  2.304856E+02 1.465E-03
  2.363204E+02 1.360E-03
  2.423028E+02 1.261E-03
  2.484368E+02 1.170E-03
  2.547260E+02 1.084E-03
  2.611743E+02 1.005E-03
  2.677861E+02 9.318E-04
  2.745652E+02 8.632E-04
  2.815156E+02 7.994E-04
  2.886423E+02 7.405E-04
  2.959492E+02 6.854E-04
  3.034414E+02 6.341E-04
  3.111230E+02 5.865E-04
  3.189990E+02 5.424E-04
  3.270747E+02 5.018E-04
  3.353545E+02 4.641E-04
  3.438440E+02 4.286E-04
  3.525486E+02 3.956E-04
  3.667612E+02 3.491E-04
  3.814712E+02 3.078E-04
  3.966934E+02 2.714E-04
  4.124436E+02 2.393E-04
  4.287378E+02 2.109E-04
  4.455918E+02 1.859E-04
  4.630234E+02 1.639E-04
  4.810491E+02 1.445E-04
  4.996870E+02 1.273E-04
  5.189553E+02 1.122E-04
  5.388733E+02 9.891E-05
  5.594590E+02 8.717E-05
  5.807332E+02 7.681E-05
  6.027156E+02 6.768E-05
  6.254270E+02 5.964E-05
  6.488884E+02 5.255E-05
  6.731221E+02 4.630E-05
  6.981504E+02 4.079E-05
    2    1    1    3
     96    105
  3.617059E+01    0.0000
  3.036366E+01 1.026E-01
  3.113232E+01 9.694E-02
  3.192044E+01 9.163E-02
  3.272852E+01 8.661E-02
  3.355704E+01 8.187E-02
  3.440654E+01 7.739E-02
  3.527754E+01 7.315E-02
  3.617059E+01 6.914E-02
  3.708627E+01 6.536E-02
  3.802512E+01 6.177E-02
  3.898772E+01 5.839E-02
  3.997470E+01 5.520E-02
  4.098666E+01 5.217E-02
  4.202425E+01 4.931E-02
  4.308809E+01 4.658E-02
  4.417886E+01 4.397E-02
  4.529726E+01 4.150E-02
  4.644397E+01 3.919E-02
  4.761971E+01 3.698E-02
  4.882521E+01 3.486E-02
  5.006122E+01 3.292E-02
  5.132854E+01 3.103E-02
  5.262791E+01 2.924E-02
  5.396021E+01 2.756E-02
  5.532620E+01 2.598E-02
  5.672681E+01 2.447E-02
  5.816286E+01 2.305E-02
  5.963525E+01 2.171E-02
  6.114493E+01 2.044E-02
  6.269279E+01 1.924E-02
  6.427991E+01 1.813E-02
  6.590712E+01 1.706E-02
  6.757561E+01 1.606E-02
  6.928625E+01 1.510E-02
  7.104028E+01 1.420E-02
  7.283862E+01 1.336E-02
  7.468256E+01 1.256E-02
  7.657317E+01 1.180E-02
  7.851163E+01 1.109E-02
  8.049915E+01 1.041E-02
  8.253703E+01 9.775E-03
  8.462640E+01 9.178E-03
  8.676875E+01 8.615E-03
  8.896533E+01 8.082E-03
  9.121751E+01 7.582E-03
  9.352664E+01 7.114E-03
  9.589433E+01 6.672E-03
  9.832188E+01 6.255E-03
  1.008109E+02 5.862E-03
  1.033630E+02 5.491E-03
  1.059796E+02 5.142E-03
  1.086625E+02 4.818E-03
  1.114133E+02 4.511E-03
  1.142338E+02 4.223E-03
  1.171256E+02 3.953E-03
  1.200906E+02 3.699E-03
  1.231307E+02 3.459E-03
  1.262478E+02 3.235E-03
  1.294438E+02 3.023E-03
  1.327207E+02 2.825E-03
  1.360805E+02 2.643E-03
  1.395254E+02 2.470E-03
  1.430575E+02 2.304E-03
  1.466790E+02 2.150E-03
  1.503922E+02 2.008E-03
  1.541994E+02 1.875E-03
  1.581030E+02 1.752E-03
  1.621054E+02 1.632E-03
  1.662091E+02 1.521E-03
  1.704167E+02 1.418E-03
  1.747309E+02 1.322E-03
  1.791541E+02 1.232E-03
  1.836895E+02 1.147E-03
  1.883396E+02 1.069E-03
  1.931074E+02 9.950E-04
  1.979960E+02 9.259E-04
  2.030083E+02 8.619E-04
  2.081475E+02 8.016E-04
  2.134167E+02 7.453E-04
  2.188194E+02 6.932E-04
  2.243588E+02 6.444E-04
  2.300385E+02 5.987E-04
  2.358620E+02 5.561E-04
  2.418328E+02 5.166E-04
  2.479549E+02 4.797E-04
  2.542319E+02 4.452E-04
  2.606677E+02 4.132E-04
  2.672666E+02 3.838E-04
  2.740325E+02 3.559E-04
  2.809695E+02 3.297E-04
  2.880825E+02 3.059E-04
  2.953752E+02 2.835E-04
  3.028528E+02 2.626E-04
  3.105195E+02 2.432E-04
  3.183804E+02 2.252E-04
  3.264402E+02 2.085E-04
  3.400195E+02 1.852E-04
  3.540972E+02 1.634E-04
  3.686892E+02 1.442E-04
  3.838118E+02 1.272E-04
  3.994822E+02 1.122E-04
  4.157185E+02 9.901E-05
  4.325381E+02 8.734E-05
  4.499602E+02 7.705E-05
  4.680039E+02 6.796E-05
    2    1    1    4
    101    113
  2.312700E+01    0.0000
  1.713287E+01 1.804E-01
  1.756659E+01 1.709E-01
  1.801131E+01 1.620E-01
  1.846725E+01 1.535E-01
  1.893475E+01 1.454E-01
  1.941409E+01 1.378E-01
  1.990556E+01 1.306E-01
  2.040948E+01 1.237E-01
  2.092616E+01 1.172E-01
  2.145592E+01 1.111E-01
  2.199908E+01 1.052E-01
  2.255598E+01 9.971E-02
  2.312700E+01 9.448E-02
  2.371246E+01 8.952E-02
  2.431274E+01 8.479E-02
  2.492822E+01 8.026E-02
  2.555930E+01 7.599E-02
  2.620633E+01 7.195E-02
  2.686974E+01 6.811E-02
  2.754996E+01 6.448E-02
  2.824738E+01 6.103E-02
  2.896246E+01 5.774E-02
  2.969566E+01 5.461E-02
  3.044740E+01 5.165E-02
  3.121819E+01 4.888E-02
  3.200848E+01 4.620E-02
  3.281879E+01 4.367E-02
  3.364960E+01 4.127E-02
  3.450143E+01 3.902E-02
  3.537485E+01 3.687E-02
  3.627036E+01 3.482E-02
  3.718855E+01 3.290E-02
  3.812997E+01 3.108E-02
  3.909525E+01 2.935E-02
  4.008495E+01 2.771E-02
  4.109970E+01 2.616E-02
  4.214014E+01 2.473E-02
  4.320692E+01 2.332E-02
  4.430072E+01 2.199E-02
  4.542220E+01 2.074E-02
  4.657207E+01 1.955E-02
  4.775104E+01 1.844E-02
  4.895985E+01 1.740E-02
  5.019930E+01 1.641E-02
  5.147009E+01 1.547E-02
  5.277306E+01 1.458E-02
  5.410901E+01 1.373E-02
  5.547879E+01 1.294E-02
  5.688326E+01 1.219E-02
  5.832323E+01 1.147E-02
  5.979971E+01 1.080E-02
  6.131355E+01 1.017E-02
  6.286572E+01 9.567E-03
  6.445715E+01 9.001E-03
  6.608887E+01 8.468E-03
  6.776193E+01 7.965E-03
  6.947733E+01 7.493E-03
  7.123621E+01 7.042E-03
  7.303952E+01 6.619E-03
  7.488853E+01 6.222E-03
  7.678436E+01 5.846E-03
  7.872813E+01 5.492E-03
  8.072115E+01 5.159E-03
  8.276460E+01 4.844E-03
  8.485985E+01 4.548E-03
  8.700806E+01 4.267E-03
  8.921068E+01 4.005E-03
  9.146907E+01 3.759E-03
  9.378461E+01 3.523E-03
  9.615878E+01 3.303E-03
  9.859306E+01 3.096E-03
  1.010889E+02 2.901E-03
  1.036480E+02 2.721E-03
  1.062719E+02 2.551E-03
  1.089622E+02 2.391E-03
  1.117206E+02 2.239E-03
  1.145488E+02 2.092E-03
  1.174486E+02 1.959E-03
  1.204218E+02 1.835E-03
  1.234703E+02 1.718E-03
  1.265960E+02 1.605E-03
  1.298008E+02 1.501E-03
  1.330867E+02 1.403E-03
  1.364558E+02 1.311E-03
  1.399102E+02 1.225E-03
  1.434521E+02 1.145E-03
  1.470836E+02 1.069E-03
  1.508070E+02 9.981E-04
  1.546247E+02 9.318E-04
  1.585391E+02 8.695E-04
  1.625525E+02 8.111E-04
  1.666675E+02 7.568E-04
  1.708867E+02 7.058E-04
  1.752128E+02 6.579E-04
  1.796483E+02 6.132E-04
  1.841961E+02 5.715E-04
  1.888590E+02 5.327E-04
  1.936400E+02 4.960E-04
  1.985420E+02 4.616E-04
  2.035681E+02 4.297E-04
  2.087215E+02 3.999E-04
  2.180346E+02 3.574E-04
  2.277202E+02 3.158E-04
  2.377916E+02 2.791E-04
  2.482626E+02 2.466E-04
  2.591475E+02 2.178E-04
  2.704609E+02 1.924E-04
  2.822183E+02 1.700E-04
  2.944351E+02 1.502E-04
  3.071272E+02 1.326E-04
  3.203120E+02 1.171E-04
  3.340063E+02 1.035E-04
  3.482280E+02 9.137E-05
    2    1    1    5
    101    115
  1.605020E+01    0.0000
  1.189027E+01 2.313E-01
  1.219128E+01 2.193E-01
  1.249990E+01 2.079E-01
  1.281634E+01 1.971E-01
  1.314079E+01 1.869E-01
  1.347345E+01 1.772E-01
  1.381453E+01 1.680E-01
  1.416425E+01 1.593E-01
  1.452282E+01 1.510E-01
  1.489047E+01 1.432E-01
  1.526742E+01 1.358E-01
  1.565392E+01 1.287E-01
  1.605020E+01 1.220E-01
  1.645651E+01 1.157E-01
  1.687311E+01 1.097E-01
  1.730026E+01 1.039E-01
  1.773820E+01 9.847E-02
  1.818726E+01 9.331E-02
  1.864767E+01 8.838E-02
  1.911974E+01 8.373E-02
  1.960374E+01 7.932E-02
  2.010004E+01 7.513E-02
  2.060886E+01 7.115E-02
  2.113058E+01 6.737E-02
  2.166550E+01 6.376E-02
  2.221397E+01 6.036E-02
  2.277631E+01 5.714E-02
  2.335291E+01 5.407E-02
  2.394409E+01 5.115E-02
  2.455023E+01 4.840E-02
  2.517172E+01 4.583E-02
  2.580894E+01 4.337E-02
  2.646230E+01 4.100E-02
  2.713220E+01 3.875E-02
  2.781906E+01 3.663E-02
  2.852330E+01 3.463E-02
  2.924538E+01 3.276E-02
  2.998572E+01 3.098E-02
  3.074481E+01 2.928E-02
  3.152312E+01 2.767E-02
  3.232114E+01 2.614E-02
  3.313934E+01 2.468E-02
  3.397827E+01 2.330E-02
  3.483844E+01 2.204E-02
  3.572038E+01 2.083E-02
  3.662463E+01 1.962E-02
  3.755180E+01 1.853E-02
  3.850243E+01 1.750E-02
  3.947713E+01 1.653E-02
  4.047649E+01 1.560E-02
  4.150116E+01 1.472E-02
  4.255177E+01 1.388E-02
  4.362897E+01 1.310E-02
  4.473343E+01 1.235E-02
  4.586588E+01 1.165E-02
  4.702698E+01 1.098E-02
  4.821745E+01 1.035E-02
  4.943810E+01 9.755E-03
  5.068962E+01 9.191E-03
  5.197284E+01 8.664E-03
  5.328854E+01 8.161E-03
  5.463754E+01 7.684E-03
  5.602071E+01 7.237E-03
  5.743887E+01 6.813E-03
  5.889293E+01 6.415E-03
  6.038385E+01 6.040E-03
  6.191245E+01 5.684E-03
  6.347974E+01 5.347E-03
  6.508675E+01 5.028E-03
  6.673447E+01 4.731E-03
  6.842386E+01 4.447E-03
  7.015601E+01 4.179E-03
  7.193201E+01 3.927E-03
  7.375298E+01 3.690E-03
  7.562006E+01 3.469E-03
  7.753438E+01 3.260E-03
  7.949713E+01 3.062E-03
  8.150964E+01 2.875E-03
  8.357304E+01 2.697E-03
  8.568874E+01 2.530E-03
  8.785794E+01 2.378E-03
  9.008209E+01 2.229E-03
  9.236253E+01 2.090E-03
  9.470068E+01 1.962E-03
  9.709807E+01 1.839E-03
  9.955611E+01 1.723E-03
  1.020764E+02 1.616E-03
  1.046605E+02 1.516E-03
  1.073099E+02 1.420E-03
  1.100265E+02 1.330E-03
  1.128118E+02 1.245E-03
  1.156677E+02 1.166E-03
  1.185958E+02 1.091E-03
  1.215981E+02 1.021E-03
  1.246763E+02 9.553E-04
  1.278326E+02 8.937E-04
  1.310687E+02 8.360E-04
  1.343867E+02 7.813E-04
  1.377887E+02 7.303E-04
  1.412768E+02 6.826E-04
  1.448533E+02 6.378E-04
  1.516613E+02 5.712E-04
  1.587614E+02 5.054E-04
  1.661651E+02 4.471E-04
  1.738839E+02 3.955E-04
  1.819305E+02 3.499E-04
  1.903172E+02 3.095E-04
  1.990576E+02 2.737E-04
  2.081650E+02 2.421E-04
  2.176536E+02 2.141E-04
  2.275383E+02 1.893E-04
  2.378339E+02 1.674E-04
  2.485561E+02 1.480E-04
  2.597212E+02 1.309E-04
  2.713464E+02 1.157E-04
    2    1    1    6
    101    116
  1.178660E+01    0.0000
  8.731699E+00 2.871E-01
  8.952745E+00 2.722E-01
  9.179388E+00 2.581E-01
  9.411768E+00 2.448E-01
  9.650030E+00 2.321E-01
  9.894325E+00 2.201E-01
  1.014480E+01 2.088E-01
  1.040162E+01 1.980E-01
  1.066494E+01 1.877E-01
  1.093493E+01 1.780E-01
  1.121175E+01 1.688E-01
  1.149559E+01 1.601E-01
  1.178660E+01 1.518E-01
  1.208498E+01 1.440E-01
  1.239091E+01 1.365E-01
  1.270459E+01 1.293E-01
  1.302621E+01 1.226E-01
  1.335597E+01 1.162E-01
  1.369408E+01 1.101E-01
  1.404075E+01 1.043E-01
  1.439619E+01 9.883E-02
  1.476063E+01 9.363E-02
  1.513430E+01 8.872E-02
  1.551742E+01 8.406E-02
  1.591025E+01 7.963E-02
  1.631302E+01 7.542E-02
  1.672598E+01 7.143E-02
  1.714940E+01 6.766E-02
  1.758354E+01 6.406E-02
  1.802867E+01 6.064E-02
  1.848508E+01 5.743E-02
  1.895303E+01 5.433E-02
  1.943282E+01 5.140E-02
  1.992477E+01 4.864E-02
  2.042915E+01 4.603E-02
  2.094633E+01 4.358E-02
  2.147659E+01 4.125E-02
  2.202026E+01 3.902E-02
  2.257771E+01 3.691E-02
  2.314928E+01 3.493E-02
  2.373531E+01 3.305E-02
  2.433617E+01 3.125E-02
  2.495224E+01 2.954E-02
  2.558391E+01 2.795E-02
  2.623157E+01 2.643E-02
  2.689563E+01 2.497E-02
  2.757648E+01 2.362E-02
  2.827460E+01 2.233E-02
  2.899036E+01 2.109E-02
  2.972426E+01 1.991E-02
  3.047673E+01 1.881E-02
  3.124826E+01 1.776E-02
  3.203931E+01 1.679E-02
  3.285039E+01 1.586E-02
  3.368201E+01 1.497E-02
  3.453465E+01 1.414E-02
  3.540891E+01 1.335E-02
  3.630528E+01 1.260E-02
  3.722437E+01 1.190E-02
  3.816670E+01 1.123E-02
  3.913290E+01 1.060E-02
  4.012355E+01 9.994E-03
  4.113930E+01 9.426E-03
  4.218073E+01 8.889E-03
  4.324854E+01 8.382E-03
  4.434338E+01 7.906E-03
  4.546594E+01 7.455E-03
  4.661691E+01 7.030E-03
  4.779703E+01 6.623E-03
  4.900703E+01 6.242E-03
  5.024763E+01 5.884E-03
  5.151965E+01 5.540E-03
  5.282388E+01 5.217E-03
  5.416112E+01 4.914E-03
  5.553223E+01 4.627E-03
  5.693803E+01 4.357E-03
  5.837943E+01 4.102E-03
  5.985730E+01 3.862E-03
  6.137260E+01 3.632E-03
  6.292625E+01 3.418E-03
  6.451924E+01 3.216E-03
  6.615253E+01 3.024E-03
  6.782722E+01 2.841E-03
  6.954427E+01 2.670E-03
  7.130479E+01 2.512E-03
  7.310991E+01 2.362E-03
  7.496065E+01 2.217E-03
  7.685828E+01 2.082E-03
  7.880397E+01 1.957E-03
  8.079890E+01 1.835E-03
  8.284435E+01 1.724E-03
  8.494157E+01 1.619E-03
  8.709189E+01 1.520E-03
  8.929660E+01 1.426E-03
  9.155716E+01 1.338E-03
  9.387497E+01 1.255E-03
  9.625140E+01 1.177E-03
  9.868797E+01 1.103E-03
  1.011863E+02 1.034E-03
  1.037479E+02 9.692E-04
  1.063743E+02 9.080E-04
  1.115700E+02 8.149E-04
  1.170013E+02 7.217E-04
  1.226778E+02 6.391E-04
  1.286101E+02 5.660E-04
  1.348087E+02 5.012E-04
  1.412849E+02 4.438E-04
  1.480502E+02 3.930E-04
  1.551165E+02 3.479E-04
  1.624964E+02 3.080E-04
  1.702027E+02 2.727E-04
  1.782490E+02 2.414E-04
  1.866491E+02 2.137E-04
  1.954177E+02 1.891E-04
  2.045697E+02 1.674E-04
  2.141208E+02 1.482E-04
    2    1    1    7
    101    117
  9.021090E+00    0.0000
  6.682984E+00 3.530E-01
  6.852165E+00 3.343E-01
  7.025629E+00 3.167E-01
  7.203484E+00 3.000E-01
  7.385841E+00 2.841E-01
  7.572814E+00 2.691E-01
  7.764522E+00 2.549E-01
  7.961082E+00 2.414E-01
  8.162618E+00 2.287E-01
  8.369256E+00 2.166E-01
  8.581125E+00 2.051E-01
  8.798358E+00 1.943E-01
  9.021090E+00 1.840E-01
  9.249460E+00 1.743E-01
  9.483610E+00 1.651E-01
  9.723690E+00 1.565E-01
  9.969849E+00 1.484E-01
  1.022223E+01 1.406E-01
  1.048101E+01 1.332E-01
  1.074634E+01 1.263E-01
  1.101838E+01 1.197E-01
  1.129731E+01 1.134E-01
  1.158331E+01 1.074E-01
  1.187654E+01 1.018E-01
  1.217720E+01 9.642E-02
  1.248547E+01 9.137E-02
  1.280153E+01 8.655E-02
  1.312561E+01 8.195E-02
  1.345788E+01 7.761E-02
  1.379857E+01 7.351E-02
  1.414789E+01 6.962E-02
  1.450604E+01 6.595E-02
  1.487326E+01 6.246E-02
  1.524978E+01 5.915E-02
  1.563583E+01 5.599E-02
  1.603165E+01 5.300E-02
  1.643750E+01 5.016E-02
  1.685361E+01 4.746E-02
  1.728027E+01 4.493E-02
  1.771771E+01 4.257E-02
  1.816624E+01 4.028E-02
  1.862611E+01 3.809E-02
  1.909766E+01 3.603E-02
  1.958112E+01 3.411E-02
  2.007681E+01 3.229E-02
  2.058505E+01 3.055E-02
  2.110616E+01 2.889E-02
  2.164047E+01 2.733E-02
  2.218829E+01 2.584E-02
  2.275000E+01 2.443E-02
  2.332591E+01 2.310E-02
  2.391643E+01 2.183E-02
  2.452187E+01 2.064E-02
  2.514262E+01 1.952E-02
  2.577913E+01 1.846E-02
  2.643173E+01 1.744E-02
  2.710085E+01 1.648E-02
  2.778691E+01 1.557E-02
  2.849034E+01 1.471E-02
  2.921158E+01 1.390E-02
  2.995107E+01 1.313E-02
  3.070929E+01 1.240E-02
  3.148669E+01 1.171E-02
  3.228378E+01 1.106E-02
  3.310106E+01 1.044E-02
  3.393901E+01 9.860E-03
  3.479819E+01 9.307E-03
  3.567909E+01 8.781E-03
  3.658232E+01 8.290E-03
  3.750841E+01 7.824E-03
  3.845795E+01 7.380E-03
  3.943150E+01 6.960E-03
  4.042972E+01 6.564E-03
  4.145319E+01 6.190E-03
  4.250259E+01 5.839E-03
  4.357857E+01 5.506E-03
  4.468175E+01 5.190E-03
  4.581287E+01 4.891E-03
  4.697263E+01 4.610E-03
  4.816174E+01 4.343E-03
  4.938097E+01 4.092E-03
  5.063106E+01 3.857E-03
  5.191280E+01 3.633E-03
  5.322696E+01 3.421E-03
  5.457442E+01 3.224E-03
  5.595596E+01 3.036E-03
  5.737251E+01 2.859E-03
  5.882489E+01 2.690E-03
  6.031406E+01 2.530E-03
  6.184093E+01 2.380E-03
  6.340639E+01 2.238E-03
  6.501155E+01 2.104E-03
  6.665733E+01 1.978E-03
  6.834476E+01 1.859E-03
  7.007497E+01 1.748E-03
  7.184885E+01 1.644E-03
  7.366774E+01 1.545E-03
  7.553264E+01 1.451E-03
  7.744476E+01 1.363E-03
  7.940527E+01 1.280E-03
  8.141544E+01 1.202E-03
  8.550870E+01 1.080E-03
  8.979576E+01 9.572E-04
  9.428534E+01 8.485E-04
  9.898639E+01 7.521E-04
  1.039083E+02 6.666E-04
  1.090610E+02 5.908E-04
  1.144545E+02 5.236E-04
  1.200995E+02 4.640E-04
  1.260071E+02 4.111E-04
  1.321887E+02 3.643E-04
  1.386565E+02 3.228E-04
  1.454228E+02 2.860E-04
  1.525005E+02 2.534E-04
  1.599037E+02 2.245E-04
  1.676460E+02 1.989E-04
  1.757423E+02 1.762E-04
    2    1    1    8
    101    118
  7.125890E+00    0.0000
  5.279001E+00 4.163E-01
  5.412639E+00 3.944E-01
  5.549659E+00 3.736E-01
  5.690148E+00 3.540E-01
  5.834194E+00 3.354E-01
  5.981886E+00 3.177E-01
  6.133317E+00 3.010E-01
  6.288581E+00 2.852E-01
  6.447776E+00 2.702E-01
  6.611001E+00 2.559E-01
  6.778359E+00 2.425E-01
  6.949952E+00 2.297E-01
  7.125890E+00 2.176E-01
  7.306281E+00 2.062E-01
  7.491243E+00 1.953E-01
  7.680882E+00 1.851E-01
  7.875328E+00 1.756E-01
  8.074693E+00 1.665E-01
  8.279100E+00 1.578E-01
  8.488687E+00 1.496E-01
  8.703583E+00 1.417E-01
  8.923910E+00 1.343E-01
  9.149825E+00 1.272E-01
  9.381454E+00 1.205E-01
  9.618942E+00 1.142E-01
  9.862451E+00 1.082E-01
  1.011212E+01 1.025E-01
  1.036811E+01 9.710E-02
  1.063058E+01 9.198E-02
  1.089969E+01 8.713E-02
  1.117562E+01 8.254E-02
  1.145853E+01 7.814E-02
  1.174860E+01 7.400E-02
  1.204602E+01 7.010E-02
  1.235097E+01 6.637E-02
  1.266363E+01 6.284E-02
  1.298421E+01 5.952E-02
  1.331292E+01 5.636E-02
  1.364993E+01 5.335E-02
  1.399548E+01 5.050E-02
  1.434978E+01 4.780E-02
  1.471305E+01 4.526E-02
  1.508551E+01 4.285E-02
  1.546740E+01 4.057E-02
  1.585896E+01 3.842E-02
  1.626044E+01 3.636E-02
  1.667207E+01 3.439E-02
  1.709412E+01 3.254E-02
  1.752686E+01 3.079E-02
  1.797057E+01 2.914E-02
  1.842548E+01 2.757E-02
  1.889194E+01 2.608E-02
  1.937016E+01 2.467E-02
  1.986053E+01 2.334E-02
  2.036331E+01 2.208E-02
  2.087881E+01 2.084E-02
  2.140735E+01 1.969E-02
  2.194928E+01 1.864E-02
  2.250493E+01 1.761E-02
  2.307465E+01 1.664E-02
  2.365878E+01 1.576E-02
  2.425771E+01 1.490E-02
  2.487180E+01 1.408E-02
  2.550143E+01 1.330E-02
  2.614700E+01 1.257E-02
  2.680891E+01 1.188E-02
  2.748759E+01 1.123E-02
  2.818344E+01 1.061E-02
  2.889691E+01 1.002E-02
  2.962843E+01 9.460E-03
  3.037849E+01 8.932E-03
  3.114752E+01 8.436E-03
  3.193602E+01 7.966E-03
  3.274448E+01 7.521E-03
  3.357341E+01 7.100E-03
  3.442334E+01 6.702E-03
  3.529475E+01 6.327E-03
  3.618826E+01 5.969E-03
  3.710435E+01 5.630E-03
  3.804367E+01 5.309E-03
  3.900674E+01 5.008E-03
  3.999422E+01 4.725E-03
  4.100665E+01 4.457E-03
  4.204475E+01 4.204E-03
  4.310912E+01 3.963E-03
  4.420044E+01 3.736E-03
  4.531937E+01 3.521E-03
  4.646663E+01 3.318E-03
  4.764294E+01 3.125E-03
  4.884904E+01 2.947E-03
  5.008566E+01 2.776E-03
  5.135358E+01 2.615E-03
  5.265359E+01 2.463E-03
  5.398654E+01 2.319E-03
  5.535321E+01 2.184E-03
  5.675449E+01 2.055E-03
  5.819122E+01 1.935E-03
  5.966434E+01 1.818E-03
  6.117474E+01 1.710E-03
  6.272343E+01 1.610E-03
  6.431123E+01 1.514E-03
  6.761217E+01 1.359E-03
  7.107446E+01 1.206E-03
  7.470557E+01 1.070E-03
  7.851335E+01 9.487E-04
  8.250601E+01 8.414E-04
  8.669212E+01 7.462E-04
  9.108055E+01 6.618E-04
  9.568063E+01 5.869E-04
  1.005022E+02 5.204E-04
  1.055553E+02 4.615E-04
  1.108506E+02 4.092E-04
  1.163991E+02 3.628E-04
  1.222123E+02 3.217E-04
  1.283025E+02 2.852E-04
  1.346822E+02 2.529E-04
  1.413643E+02 2.242E-04
  1.483628E+02 1.987E-04
    2    2    0    1
     67     75
  6.401860E+01    0.0000
  5.792639E+01 4.470E-02
  5.939281E+01 4.095E-02
  6.089635E+01 3.752E-02
  6.243797E+01 3.437E-02
  6.401860E+01 3.149E-02
  6.563925E+01 2.884E-02
  6.730090E+01 2.646E-02
  6.900464E+01 2.432E-02
  7.075153E+01 2.229E-02
  7.254259E+01 2.041E-02
  7.437901E+01 1.870E-02
  7.626192E+01 1.713E-02
  7.819250E+01 1.569E-02
  8.017197E+01 1.436E-02
  8.220152E+01 1.314E-02
  8.428247E+01 1.203E-02
  8.641608E+01 1.100E-02
  8.860373E+01 1.006E-02
  9.084676E+01 9.197E-03
  9.314651E+01 8.404E-03
  9.550455E+01 7.678E-03
  9.792226E+01 7.017E-03
  1.004012E+02 6.402E-03
  1.029428E+02 5.847E-03
  1.055488E+02 5.335E-03
  1.082208E+02 4.870E-03
  1.109605E+02 4.443E-03
  1.137694E+02 4.052E-03
  1.166495E+02 3.694E-03
  1.196025E+02 3.363E-03
  1.226303E+02 3.064E-03
  1.257347E+02 2.793E-03
  1.289176E+02 2.544E-03
  1.321812E+02 2.315E-03
  1.355274E+02 2.106E-03
  1.389583E+02 1.915E-03
  1.424760E+02 1.742E-03
  1.460828E+02 1.584E-03
  1.497810E+02 1.440E-03
  1.535726E+02 1.308E-03
  1.574604E+02 1.188E-03
  1.614465E+02 1.079E-03
  1.655335E+02 9.797E-04
  1.697241E+02 8.890E-04
  1.740206E+02 8.067E-04
  1.784260E+02 7.316E-04
  1.829429E+02 6.635E-04
  1.875741E+02 6.015E-04
  1.923225E+02 5.449E-04
  1.971912E+02 4.935E-04
  2.021831E+02 4.468E-04
  2.073014E+02 4.050E-04
  2.125493E+02 3.665E-04
  2.179300E+02 3.318E-04
  2.234469E+02 3.000E-04
  2.291035E+02 2.713E-04
  2.349033E+02 2.451E-04
  2.408499E+02 2.212E-04
  2.469471E+02 2.002E-04
  2.531985E+02 1.806E-04
  2.596084E+02 1.632E-04
  2.661804E+02 1.473E-04
  2.729187E+02 1.329E-04
  2.798276E+02 1.199E-04
  2.869116E+02 1.081E-04
  2.941748E+02 9.747E-05
  3.016218E+02 8.790E-05
  3.110845E+02 7.736E-05
  3.208125E+02 6.803E-05
  3.308125E+02 5.981E-05
  3.410911E+02 5.259E-05
  3.516555E+02 4.624E-05
  3.625125E+02 4.065E-05
  3.736699E+02 3.574E-05
  3.851345E+02 3.142E-05
    2    2    0    2
     89     90
  3.601010E+01    0.0000
  3.022893E+01 1.015E-01
  3.099417E+01 9.463E-02
  3.177879E+01 8.825E-02
  3.258328E+01 8.230E-02
  3.340813E+01 7.676E-02
  3.425386E+01 7.158E-02
  3.512102E+01 6.676E-02
  3.601010E+01 6.226E-02
  3.692171E+01 5.806E-02
  3.785638E+01 5.414E-02
  3.881471E+01 5.044E-02
  3.979732E+01 4.697E-02
  4.080479E+01 4.374E-02
  4.183777E+01 4.073E-02
  4.289690E+01 3.793E-02
  4.398283E+01 3.528E-02
  4.509627E+01 3.278E-02
  4.623788E+01 3.045E-02
  4.740842E+01 2.829E-02
  4.860855E+01 2.626E-02
  4.983908E+01 2.441E-02
  5.110077E+01 2.265E-02
  5.239439E+01 2.102E-02
  5.372076E+01 1.951E-02
  5.508070E+01 1.807E-02
  5.647508E+01 1.675E-02
  5.790475E+01 1.552E-02
  5.937064E+01 1.437E-02
  6.087361E+01 1.330E-02
  6.241461E+01 1.231E-02
  6.399467E+01 1.139E-02
  6.561467E+01 1.053E-02
  6.727574E+01 9.731E-03
  6.897882E+01 8.994E-03
  7.072505E+01 8.309E-03
  7.251541E+01 7.669E-03
  7.435117E+01 7.079E-03
  7.623338E+01 6.532E-03
  7.816324E+01 6.025E-03
  8.014195E+01 5.557E-03
  8.217078E+01 5.120E-03
  8.425090E+01 4.717E-03
  8.638374E+01 4.349E-03
  8.857056E+01 4.003E-03
  9.081274E+01 3.684E-03
  9.311163E+01 3.385E-03
  9.546883E+01 3.112E-03
  9.788559E+01 2.864E-03
  1.003636E+02 2.631E-03
  1.029043E+02 2.417E-03
  1.055094E+02 2.218E-03
  1.081803E+02 2.035E-03
  1.109189E+02 1.872E-03
  1.137269E+02 1.716E-03
  1.166059E+02 1.573E-03
  1.195577E+02 1.442E-03
  1.225844E+02 1.321E-03
  1.256876E+02 1.210E-03
  1.288694E+02 1.108E-03
  1.321318E+02 1.014E-03
  1.354767E+02 9.275E-04
  1.389063E+02 8.482E-04
  1.424227E+02 7.753E-04
  1.460282E+02 7.087E-04
  1.497249E+02 6.476E-04
  1.535152E+02 5.916E-04
  1.574015E+02 5.399E-04
  1.613861E+02 4.927E-04
  1.654716E+02 4.495E-04
  1.696605E+02 4.098E-04
  1.739555E+02 3.736E-04
  1.783592E+02 3.407E-04
  1.828744E+02 3.102E-04
  1.875038E+02 2.827E-04
  1.922505E+02 2.574E-04
  1.971174E+02 2.341E-04
  2.021075E+02 2.127E-04
  2.072238E+02 1.934E-04
  2.124697E+02 1.761E-04
  2.178484E+02 1.598E-04
  2.233633E+02 1.452E-04
  2.290178E+02 1.318E-04
  2.348154E+02 1.197E-04
  2.407597E+02 1.086E-04
  2.468546E+02 9.850E-05
  2.531038E+02 8.931E-05
  2.595110E+02 8.094E-05
  2.660808E+02 7.335E-05
  2.728167E+02 6.651E-05
  2.817729E+02 5.838E-05
    2    2    0    3
    109    109
  2.304550E+01    0.0000
  1.707249E+01 1.972E-01
  1.750468E+01 1.852E-01
  1.794781E+01 1.740E-01
  1.840218E+01 1.634E-01
  1.886803E+01 1.535E-01
  1.934567E+01 1.442E-01
  1.983543E+01 1.355E-01
  2.033757E+01 1.273E-01
  2.085242E+01 1.196E-01
  2.138029E+01 1.123E-01
  2.192155E+01 1.055E-01
  2.247650E+01 9.914E-02
  2.304550E+01 9.313E-02
  2.362891E+01 8.749E-02
  2.422707E+01 8.214E-02
  2.484038E+01 7.709E-02
  2.546922E+01 7.236E-02
  2.611397E+01 6.789E-02
  2.677505E+01 6.367E-02
  2.745287E+01 5.967E-02
  2.814784E+01 5.592E-02
  2.886040E+01 5.237E-02
  2.959100E+01 4.905E-02
  3.034010E+01 4.596E-02
  3.110817E+01 4.304E-02
  3.189568E+01 4.025E-02
  3.270313E+01 3.764E-02
  3.353101E+01 3.520E-02
  3.437985E+01 3.293E-02
  3.525018E+01 3.076E-02
  3.614255E+01 2.872E-02
  3.705750E+01 2.682E-02
  3.799561E+01 2.506E-02
  3.895747E+01 2.341E-02
  3.994368E+01 2.180E-02
  4.095486E+01 2.034E-02
  4.199164E+01 1.895E-02
  4.305466E+01 1.765E-02
  4.414461E+01 1.647E-02
  4.526212E+01 1.534E-02
  4.640794E+01 1.428E-02
  4.758276E+01 1.329E-02
  4.878732E+01 1.237E-02
  5.002238E+01 1.151E-02
  5.128870E+01 1.070E-02
  5.258710E+01 9.944E-03
  5.391833E+01 9.243E-03
  5.528328E+01 8.585E-03
  5.668279E+01 7.969E-03
  5.811771E+01 7.398E-03
  5.958897E+01 6.867E-03
  6.109747E+01 6.367E-03
  6.264418E+01 5.902E-03
  6.423000E+01 5.471E-03
  6.585597E+01 5.068E-03
  6.752315E+01 4.696E-03
  6.923248E+01 4.350E-03
  7.098515E+01 4.025E-03
  7.278212E+01 3.723E-03
  7.462462E+01 3.445E-03
  7.651378E+01 3.183E-03
  7.845068E+01 2.942E-03
  8.043669E+01 2.719E-03
  8.247295E+01 2.511E-03
  8.456079E+01 2.316E-03
  8.670142E+01 2.138E-03
  8.889629E+01 1.976E-03
  9.114673E+01 1.821E-03
  9.345412E+01 1.677E-03
  9.581992E+01 1.545E-03
  9.824561E+01 1.423E-03
  1.007327E+02 1.311E-03
  1.032828E+02 1.206E-03
  1.058974E+02 1.110E-03
  1.085782E+02 1.021E-03
  1.113269E+02 9.386E-04
  1.141451E+02 8.627E-04
  1.170347E+02 7.927E-04
  1.199975E+02 7.282E-04
  1.230352E+02 6.684E-04
  1.261499E+02 6.131E-04
  1.293433E+02 5.625E-04
  1.326177E+02 5.157E-04
  1.359749E+02 4.728E-04
  1.394172E+02 4.332E-04
  1.429465E+02 3.969E-04
  1.465652E+02 3.633E-04
  1.502755E+02 3.323E-04
  1.540798E+02 3.044E-04
  1.579804E+02 2.781E-04
  1.619796E+02 2.543E-04
  1.660802E+02 2.323E-04
  1.702845E+02 2.120E-04
  1.745953E+02 1.937E-04
  1.790152E+02 1.771E-04
  1.835470E+02 1.615E-04
  1.881935E+02 1.473E-04
  1.929576E+02 1.343E-04
  1.978423E+02 1.224E-04
  2.028508E+02 1.115E-04
  2.079860E+02 1.015E-04
  2.132511E+02 9.243E-05
  2.186496E+02 8.414E-05
  2.241848E+02 7.653E-05
  2.298600E+02 6.958E-05
  2.356790E+02 6.323E-05
  2.416452E+02 5.745E-05
  2.477625E+02 5.220E-05
  2.540346E+02 4.739E-05
    2    2    0    4
    109    109
  1.600330E+01    0.0000
  1.185553E+01 2.546E-01
  1.215565E+01 2.399E-01
  1.246338E+01 2.261E-01
  1.277889E+01 2.131E-01
  1.310239E+01 2.008E-01
  1.343408E+01 1.893E-01
  1.377416E+01 1.784E-01
  1.412286E+01 1.681E-01
  1.448038E+01 1.584E-01
  1.484696E+01 1.493E-01
  1.522281E+01 1.407E-01
  1.560818E+01 1.326E-01
  1.600330E+01 1.250E-01
  1.640843E+01 1.178E-01
  1.682381E+01 1.110E-01
  1.724969E+01 1.046E-01
  1.768639E+01 9.848E-02
  1.813411E+01 9.276E-02
  1.859319E+01 8.735E-02
  1.906387E+01 8.223E-02
  1.954646E+01 7.735E-02
  2.004129E+01 7.277E-02
  2.054865E+01 6.847E-02
  2.106883E+01 6.437E-02
  2.160219E+01 6.051E-02
  2.214906E+01 5.686E-02
  2.270976E+01 5.340E-02
  2.328465E+01 5.017E-02
  2.387411E+01 4.713E-02
  2.447849E+01 4.426E-02
  2.509818E+01 4.151E-02
  2.573354E+01 3.897E-02
  2.638498E+01 3.658E-02
  2.705292E+01 3.430E-02
  2.773776E+01 3.214E-02
  2.843996E+01 3.013E-02
  2.915991E+01 2.824E-02
  2.989810E+01 2.645E-02
  3.065497E+01 2.476E-02
  3.143102E+01 2.317E-02
  3.222668E+01 2.168E-02
  3.304251E+01 2.027E-02
  3.387898E+01 1.896E-02
  3.473663E+01 1.773E-02
  3.561600E+01 1.659E-02
  3.651762E+01 1.551E-02
  3.744206E+01 1.449E-02
  3.838992E+01 1.354E-02
  3.936176E+01 1.264E-02
  4.035822E+01 1.180E-02
  4.137988E+01 1.101E-02
  4.242743E+01 1.027E-02
  4.350146E+01 9.574E-03
  4.460272E+01 8.924E-03
  4.573186E+01 8.317E-03
  4.688956E+01 7.751E-03
  4.807655E+01 7.221E-03
  4.929362E+01 6.720E-03
  5.054150E+01 6.257E-03
  5.182097E+01 5.822E-03
  5.313281E+01 5.413E-03
  5.447789E+01 5.031E-03
  5.585699E+01 4.676E-03
  5.727103E+01 4.344E-03
  5.872084E+01 4.036E-03
  6.020741E+01 3.750E-03
  6.173154E+01 3.481E-03
  6.329425E+01 3.229E-03
  6.489655E+01 2.997E-03
  6.653947E+01 2.778E-03
  6.822392E+01 2.573E-03
  6.995100E+01 2.387E-03
  7.172182E+01 2.208E-03
  7.353746E+01 2.047E-03
  7.539909E+01 1.895E-03
  7.730782E+01 1.751E-03
  7.926483E+01 1.620E-03
  8.127145E+01 1.498E-03
  8.332883E+01 1.384E-03
  8.543835E+01 1.279E-03
  8.760121E+01 1.182E-03
  8.981886E+01 1.090E-03
  9.209264E+01 1.006E-03
  9.442397E+01 9.283E-04
  9.681435E+01 8.560E-04
  9.926521E+01 7.891E-04
  1.017781E+02 7.274E-04
  1.043546E+02 6.703E-04
  1.069964E+02 6.171E-04
  1.097050E+02 5.680E-04
  1.124822E+02 5.227E-04
  1.153297E+02 4.807E-04
  1.182493E+02 4.419E-04
  1.212428E+02 4.065E-04
  1.243120E+02 3.735E-04
  1.274590E+02 3.424E-04
  1.306857E+02 3.147E-04
  1.339940E+02 2.889E-04
  1.373860E+02 2.651E-04
  1.408640E+02 2.430E-04
  1.444300E+02 2.225E-04
  1.480862E+02 2.041E-04
  1.518351E+02 1.870E-04
  1.556788E+02 1.711E-04
  1.596198E+02 1.566E-04
  1.636606E+02 1.432E-04
  1.678037E+02 1.309E-04
  1.720517E+02 1.197E-04
  1.764072E+02 1.094E-04
    2    2    0    5
    109    112
  1.175730E+01    0.0000
  8.709993E+00 3.133E-01
  8.930490E+00 2.959E-01
  9.156569E+00 2.795E-01
  9.388371E+00 2.640E-01
  9.626041E+00 2.494E-01
  9.869730E+00 2.356E-01
  1.011959E+01 2.225E-01
  1.037577E+01 2.102E-01
  1.063843E+01 1.986E-01
  1.090775E+01 1.876E-01
  1.118388E+01 1.772E-01
  1.146701E+01 1.673E-01
  1.175730E+01 1.581E-01
  1.205494E+01 1.493E-01
  1.236011E+01 1.410E-01
  1.267301E+01 1.331E-01
  1.299383E+01 1.257E-01
  1.332277E+01 1.186E-01
  1.366004E+01 1.119E-01
  1.400584E+01 1.056E-01
  1.436040E+01 9.960E-02
  1.472394E+01 9.391E-02
  1.509668E+01 8.853E-02
  1.547885E+01 8.346E-02
  1.587070E+01 7.866E-02
  1.627246E+01 7.411E-02
  1.668440E+01 6.981E-02
  1.710677E+01 6.575E-02
  1.753983E+01 6.192E-02
  1.798386E+01 5.832E-02
  1.843912E+01 5.491E-02
  1.890591E+01 5.167E-02
  1.938451E+01 4.861E-02
  1.987524E+01 4.573E-02
  2.037839E+01 4.300E-02
  2.089426E+01 4.043E-02
  2.142320E+01 3.797E-02
  2.196553E+01 3.572E-02
  2.252161E+01 3.356E-02
  2.309174E+01 3.150E-02
  2.367630E+01 2.958E-02
  2.427567E+01 2.777E-02
  2.489021E+01 2.605E-02
  2.552031E+01 2.443E-02
  2.616637E+01 2.295E-02
  2.682877E+01 2.153E-02
  2.750793E+01 2.018E-02
  2.820432E+01 1.891E-02
  2.891830E+01 1.773E-02
  2.965038E+01 1.661E-02
  3.040097E+01 1.557E-02
  3.117058E+01 1.458E-02
  3.195966E+01 1.365E-02
  3.276871E+01 1.277E-02
  3.359827E+01 1.195E-02
  3.444881E+01 1.118E-02
  3.532088E+01 1.045E-02
  3.621504E+01 9.772E-03
  3.713182E+01 9.132E-03
  3.807182E+01 8.532E-03
  3.903561E+01 7.969E-03
  4.002380E+01 7.439E-03
  4.103702E+01 6.946E-03
  4.207588E+01 6.485E-03
  4.314104E+01 6.051E-03
  4.423315E+01 5.643E-03
  4.535292E+01 5.258E-03
  4.650104E+01 4.900E-03
  4.767821E+01 4.567E-03
  4.888519E+01 4.254E-03
  5.012273E+01 3.963E-03
  5.139159E+01 3.691E-03
  5.269257E+01 3.434E-03
  5.402649E+01 3.191E-03
  5.539420E+01 2.966E-03
  5.679649E+01 2.759E-03
  5.823431E+01 2.567E-03
  5.970851E+01 2.382E-03
  6.122005E+01 2.216E-03
  6.276984E+01 2.056E-03
  6.435886E+01 1.906E-03
  6.598808E+01 1.768E-03
  6.765862E+01 1.641E-03
  6.937138E+01 1.521E-03
  7.112753E+01 1.410E-03
  7.292818E+01 1.306E-03
  7.477431E+01 1.210E-03
  7.666722E+01 1.120E-03
  7.860808E+01 1.036E-03
  8.059805E+01 9.588E-04
  8.263840E+01 8.869E-04
  8.473042E+01 8.202E-04
  8.687540E+01 7.578E-04
  8.907462E+01 7.002E-04
  9.132956E+01 6.467E-04
  9.364162E+01 5.965E-04
  9.601212E+01 5.507E-04
  9.844264E+01 5.082E-04
  1.009348E+02 4.687E-04
  1.034900E+02 4.321E-04
  1.061099E+02 3.981E-04
  1.087960E+02 3.667E-04
  1.115502E+02 3.374E-04
  1.143741E+02 3.104E-04
  1.172695E+02 2.859E-04
  1.202382E+02 2.631E-04
  1.232820E+02 2.418E-04
  1.264029E+02 2.222E-04
  1.296028E+02 2.041E-04
  1.346371E+02 1.838E-04
  1.398417E+02 1.620E-04
  1.452218E+02 1.428E-04
    2    2    0    6
    109    114
  9.001480E+00    0.0000
  6.668457E+00 3.781E-01
  6.837270E+00 3.575E-01
  7.010356E+00 3.380E-01
  7.187825E+00 3.196E-01
  7.369786E+00 3.022E-01
  7.556353E+00 2.857E-01
  7.747644E+00 2.701E-01
  7.943777E+00 2.554E-01
  8.144875E+00 2.414E-01
  8.351064E+00 2.283E-01
  8.562472E+00 2.158E-01
  8.779232E+00 2.041E-01
  9.001480E+00 1.929E-01
  9.229354E+00 1.824E-01
  9.462996E+00 1.724E-01
  9.702553E+00 1.629E-01
  9.948176E+00 1.540E-01
  1.020001E+01 1.455E-01
  1.045823E+01 1.375E-01
  1.072298E+01 1.299E-01
  1.099443E+01 1.227E-01
  1.127276E+01 1.159E-01
  1.155813E+01 1.094E-01
  1.185072E+01 1.033E-01
  1.215073E+01 9.749E-02
  1.245832E+01 9.200E-02
  1.277371E+01 8.684E-02
  1.309708E+01 8.195E-02
  1.342863E+01 7.731E-02
  1.376858E+01 7.291E-02
  1.411713E+01 6.876E-02
  1.447451E+01 6.483E-02
  1.484093E+01 6.109E-02
  1.521663E+01 5.757E-02
  1.560184E+01 5.424E-02
  1.599680E+01 5.109E-02
  1.640176E+01 4.815E-02
  1.681699E+01 4.536E-02
  1.724271E+01 4.270E-02
  1.767921E+01 4.021E-02
  1.812675E+01 3.783E-02
  1.858563E+01 3.558E-02
  1.905614E+01 3.347E-02
  1.953854E+01 3.151E-02
  2.003316E+01 2.964E-02
  2.054030E+01 2.783E-02
  2.106029E+01 2.618E-02
  2.159343E+01 2.460E-02
  2.214008E+01 2.313E-02
  2.270055E+01 2.174E-02
  2.327521E+01 2.038E-02
  2.386443E+01 1.913E-02
  2.446857E+01 1.797E-02
  2.508798E+01 1.688E-02
  2.572308E+01 1.583E-02
  2.637428E+01 1.485E-02
  2.704195E+01 1.393E-02
  2.772652E+01 1.306E-02
  2.842841E+01 1.224E-02
  2.914809E+01 1.147E-02
  2.988597E+01 1.075E-02
  3.064255E+01 1.007E-02
  3.141824E+01 9.430E-03
  3.221361E+01 8.828E-03
  3.302911E+01 8.261E-03
  3.386523E+01 7.727E-03
  3.472255E+01 7.229E-03
  3.560155E+01 6.760E-03
  3.650281E+01 6.321E-03
  3.742688E+01 5.909E-03
  3.837434E+01 5.520E-03
  3.934579E+01 5.159E-03
  4.034184E+01 4.814E-03
  4.136308E+01 4.493E-03
  4.241022E+01 4.194E-03
  4.348383E+01 3.916E-03
  4.458463E+01 3.651E-03
  4.571329E+01 3.405E-03
  4.687053E+01 3.174E-03
  4.805705E+01 2.957E-03
  4.927364E+01 2.758E-03
  5.052100E+01 2.565E-03
  5.179994E+01 2.387E-03
  5.311127E+01 2.222E-03
  5.445578E+01 2.070E-03
  5.583434E+01 1.926E-03
  5.724780E+01 1.787E-03
  5.869704E+01 1.662E-03
  6.018295E+01 1.545E-03
  6.170650E+01 1.435E-03
  6.326857E+01 1.333E-03
  6.487022E+01 1.237E-03
  6.651244E+01 1.148E-03
  6.819618E+01 1.065E-03
  6.992264E+01 9.873E-04
  7.169267E+01 9.152E-04
  7.350761E+01 8.481E-04
  7.536845E+01 7.856E-04
  7.727641E+01 7.273E-04
  7.923267E+01 6.733E-04
  8.123846E+01 6.232E-04
  8.329504E+01 5.767E-04
  8.540369E+01 5.333E-04
  8.756566E+01 4.927E-04
  8.978239E+01 4.553E-04
  9.205527E+01 4.205E-04
  9.438564E+01 3.882E-04
  9.677505E+01 3.585E-04
  9.922488E+01 3.308E-04
  1.032897E+02 2.991E-04
  1.075014E+02 2.639E-04
  1.118647E+02 2.328E-04
  1.163845E+02 2.054E-04
  1.210656E+02 1.811E-04
    2    2    0    7
    109    116
  7.112140E+00    0.0000
  5.268815E+00 4.398E-01
  5.402194E+00 4.166E-01
  5.538950E+00 3.946E-01
  5.679169E+00 3.737E-01
  5.822937E+00 3.540E-01
  5.970344E+00 3.353E-01
  6.121483E+00 3.176E-01
  6.276448E+00 3.008E-01
  6.435335E+00 2.849E-01
  6.598246E+00 2.698E-01
  6.765280E+00 2.556E-01
  6.936542E+00 2.421E-01
  7.112140E+00 2.293E-01
  7.292183E+00 2.172E-01
  7.476789E+00 2.055E-01
  7.666062E+00 1.942E-01
  7.860133E+00 1.837E-01
  8.059113E+00 1.737E-01
  8.263125E+00 1.642E-01
  8.472307E+00 1.552E-01
  8.686790E+00 1.467E-01
  8.906691E+00 1.387E-01
  9.132171E+00 1.311E-01
  9.363353E+00 1.239E-01
  9.600382E+00 1.170E-01
  9.843420E+00 1.105E-01
  1.009260E+01 1.044E-01
  1.034810E+01 9.865E-02
  1.061007E+01 9.318E-02
  1.087866E+01 8.798E-02
  1.115406E+01 8.305E-02
  1.143642E+01 7.836E-02
  1.172593E+01 7.397E-02
  1.202278E+01 6.981E-02
  1.232714E+01 6.589E-02
  1.263920E+01 6.215E-02
  1.295916E+01 5.863E-02
  1.328723E+01 5.531E-02
  1.362359E+01 5.215E-02
  1.396848E+01 4.917E-02
  1.432209E+01 4.635E-02
  1.468466E+01 4.369E-02
  1.505640E+01 4.118E-02
  1.543756E+01 3.881E-02
  1.582835E+01 3.654E-02
  1.622906E+01 3.442E-02
  1.663989E+01 3.242E-02
  1.706113E+01 3.051E-02
  1.749304E+01 2.870E-02
  1.793588E+01 2.702E-02
  1.838992E+01 2.545E-02
  1.885547E+01 2.395E-02
  1.933279E+01 2.249E-02
  1.982220E+01 2.115E-02
  2.032402E+01 1.990E-02
  2.083852E+01 1.869E-02
  2.136604E+01 1.757E-02
  2.190694E+01 1.652E-02
  2.246152E+01 1.552E-02
  2.303014E+01 1.457E-02
  2.361314E+01 1.369E-02
  2.421091E+01 1.285E-02
  2.482381E+01 1.206E-02
  2.545222E+01 1.132E-02
  2.609656E+01 1.062E-02
  2.675719E+01 9.958E-03
  2.743456E+01 9.337E-03
  2.812906E+01 8.753E-03
  2.884116E+01 8.205E-03
  2.957127E+01 7.689E-03
  3.031987E+01 7.202E-03
  3.108742E+01 6.744E-03
  3.187440E+01 6.315E-03
  3.268130E+01 5.913E-03
  3.350864E+01 5.534E-03
  3.435690E+01 5.178E-03
  3.522665E+01 4.842E-03
  3.611842E+01 4.527E-03
  3.703278E+01 4.231E-03
  3.797026E+01 3.953E-03
  3.893147E+01 3.695E-03
  3.991704E+01 3.449E-03
  4.092754E+01 3.220E-03
  4.196362E+01 3.006E-03
  4.302594E+01 2.805E-03
  4.411514E+01 2.621E-03
  4.523193E+01 2.443E-03
  4.637697E+01 2.278E-03
  4.755103E+01 2.123E-03
  4.875478E+01 1.977E-03
  4.998901E+01 1.846E-03
  5.125449E+01 1.717E-03
  5.255200E+01 1.598E-03
  5.388237E+01 1.487E-03
  5.524640E+01 1.384E-03
  5.664497E+01 1.287E-03
  5.807893E+01 1.197E-03
  5.954921E+01 1.112E-03
  6.105672E+01 1.033E-03
  6.260240E+01 9.600E-04
  6.418715E+01 8.914E-04
  6.581206E+01 8.272E-04
  6.747807E+01 7.681E-04
  6.918636E+01 7.121E-04
  7.093781E+01 6.604E-04
  7.273357E+01 6.124E-04
  7.457484E+01 5.675E-04
  7.646272E+01 5.255E-04
  7.839838E+01 4.864E-04
  8.175595E+01 4.412E-04
  8.524208E+01 3.896E-04
  8.886110E+01 3.440E-04
  9.261760E+01 3.037E-04
  9.651625E+01 2.681E-04
  1.005618E+02 2.367E-04
  1.047594E+02 2.090E-04
    0    0    0    0
